0.00030422
0.00030749
0.00030933
0.00030966
0.00030845
0.0003064
0.0003066
0.00031484
0.00033749
0.00037674
0.00043321
0.00050217
0.00056622
0.00059087
0.00054423
0.00042362
0.00026921
0.00015207
0.00011872
0.00015774
0.0002059
0.00020844
0.00019578
0.00025933
0.00045746
0.00073748
0.00097321
0.0010459
0.0009252
0.00068817
0.00046721
0.00037419
0.00040532
0.00047928
0.00059491
0.00084456
0.0012985
0.0018947
0.0022705
0.0020079
0.0010495
-0.00017577
-0.0011686
-0.001791
-0.0021597
-0.0023638
-0.0022984
-0.0016487
-0.0004004
0.0008525
0.001614
0.0019768
0.0020902
0.0018872
0.0014918
0.0013927
0.0019447
0.0025935
0.0021356
-0.00013246
-0.0034257
-0.0058436
-0.0060767
-0.0045046
-0.0024373
-0.00081197
0.00011267
0.00026135
-0.0006643
-0.0025913
-0.0044133
-0.0046102
-0.0024455
0.0015929
0.005843
0.0086172
0.0093586
0.0083896
0.0064933
0.0049043
0.0045659
0.0054507
0.0069156
0.0079763
0.0079093
0.0065603
0.0044082
0.0022934
0.00088492
0.00015687
-0.00047726
-0.0011289
-0.001656
-0.0020805
-0.0017874
0.00016986
0.0035454
0.0069476
0.009196
0.0092583
0.0063569
0.0012379
-0.0049359
-0.011458
-0.017218
-0.020886
-0.022089
-0.021831
-0.021339
-0.021205
-0.020573
-0.018124
-0.013798
-0.0084194
-0.0029251
0.0021808
0.0066524
0.010048
0.012216
0.013822
0.015977
0.018895
0.022172
0.0258
0.029163
0.030618
0.028846
0.023947
0.017534
0.011518
0.0068265
0.0030375
-0.0013122
-0.0072267
-0.013621
-0.017264
-0.015147
-0.0071834
0.0036418
0.01318
0.018442
0.018105
0.012321
0.0022247
-0.010211
-0.022212
-0.030807
-0.03505
-0.037037
-0.038759
-0.040176
-0.039281
-0.032948
-0.018906
0.00062457
0.019563
0.032344
0.036565
0.032895
0.024543
0.015885
0.010461
0.0091817
0.0099826
0.010005
0.0079643
0.0046765
0.0016518
-0.00016583
-0.00089413
-0.0020984
-0.0050041
-0.0093444
-0.013677
-0.015899
-0.015114
-0.011945
-0.0066215
0.00088647
0.0093848
0.016383
0.019498
0.018105
0.013591
0.0087064
0.0061476
0.0074398
0.012833
0.021457
0.030314
0.035121
0.032618
0.022486
0.0072762
-0.0085825
-0.019857
-0.023379
-0.02003
-0.013682
-0.0096404
-0.011289
-0.018005
-0.026042
-0.029285
-0.023975
-0.012647
-0.0019962
0.0022926
-0.00086698
-0.0080039
-0.01285
-0.011402
-0.0056924
-0.00047233
0.0022445
0.003142
0.0025605
0.0015008
0.0022245
0.0045581
0.0070245
0.010055
0.014189
0.018369
0.022119
0.027164
0.033829
0.039893
0.043456
0.043425
0.038726
0.029777
0.019164
0.008635
-0.0010744
-0.0093192
-0.015676
-0.019239
-0.019478
-0.017259
-0.01487
-0.014548
-0.016347
-0.017833
-0.016712
-0.013167
-0.0096144
-0.008238
-0.0092478
-0.011251
-0.012885
-0.014355
-0.016873
-0.020636
-0.023516
-0.022161
-0.014959
-0.003378
0.0081112
0.014895
0.014923
0.0099926
0.003369
-0.0027046
-0.0060743
-0.0046456
0.0030133
0.016311
0.031559
0.042851
0.04525
0.038824
0.028114
0.018912
0.01534
0.016617
0.017485
0.013025
0.0019843
-0.014647
-0.033739
-0.048299
-0.052049
-0.044734
-0.031118
-0.018168
-0.011923
-0.014344
-0.021962
-0.027999
-0.025169
-0.0085558
0.019144
0.047344
0.065102
0.069211
0.064061
0.055606
0.046832
0.037388
0.024844
0.0069649
-0.014447
-0.03152
-0.035133
-0.024573
-0.010737
-0.0087462
-0.02648
-0.056821
-0.082338
-0.088053
-0.070912
-0.039951
-0.0090633
0.011391
0.01872
0.018193
0.018935
0.027731
0.044881
0.064095
0.074354
0.067537
0.043794
0.010455
-0.018901
-0.030425
-0.020235
0.0026414
0.023376
0.031682
0.027071
0.017633
0.011579
0.010821
0.011314
0.0079569
-0.0012173
-0.014017
-0.024832
-0.029224
-0.02755
-0.022857
-0.017581
-0.012555
-0.0084512
-0.0057461
-0.0042958
-0.0042874
-0.0068206
-0.013433
-0.024774
-0.040402
-0.058697
-0.075898
-0.087308
-0.089428
-0.082601
-0.069756
-0.05526
-0.044482
-0.040907
-0.044838
-0.05424
-0.065386
-0.075277
-0.082565
-0.085693
-0.083326
-0.075839
-0.063554
-0.0462
-0.024525
-0.0012705
0.019903
0.03726
0.051155
0.062029
0.071129
0.081135
0.09321
0.10699
0.12106
0.1336
0.14392
0.15262
0.1607
0.16895
0.17659
0.18178
0.18313
0.1795
0.17009
0.15519
0.13379
0.10473
0.070581
0.033566
-0.0065328
-0.048577
-0.0903
-0.13077
-0.17042
-0.20823
-0.24246
-0.27259
-0.29675
-0.31157
-0.31613
-0.3125
-0.3037
-0.29319
-0.28233
-0.26939
-0.25093
-0.22347
-0.18582
-0.14047
-0.092937
-0.049291
-0.013966
0.012256
0.030447
0.0404
0.044122
0.046368
0.049436
0.05657
0.072072
0.097323
0.1327
0.17639
0.22266
0.26625
0.30077
0.32063
0.32721
0.32403
0.31386
0.30129
0.29329
0.29504
0.30743
0.32719
0.34677
0.35537
0.34054
0.29631
0.22905
0.15303
0.084486
0.041245
0.032549
0.057101
0.11014
0.18179
0.25048
0.29098
0.29498
0.26791
0.21483
0.13586
0.037381
-0.062619
-0.14563
-0.20584
-0.24827
-0.28028
-0.30814
-0.3358
-0.36347
-0.39123
-0.41892
-0.44464
-0.4635
-0.46853
-0.45541
-0.42471
-0.37887
-0.3204
-0.25315
-0.18277
-0.1159
-0.056177
-0.0027019
0.043245
0.078758
0.10214
0.10852
0.092032
0.057211
0.015383
-0.028121
-0.068396
-0.099936
-0.12062
-0.13013
-0.13053
-0.12632
-0.12369
-0.12827
-0.14233
-0.16549
-0.19637
-0.23274
-0.27157
-0.30947
-0.34361
-0.37273
-0.39599
-0.41158
-0.42032
-0.42516
-0.42799
-0.42866
-0.42592
-0.41794
-0.40215
-0.37525
-0.33612
-0.2865
-0.2286
-0.16138
-0.079946
0.01798
0.13168
0.25405
0.36996
0.46301
0.52087
0.54004
0.52514
0.48541
0.43246
0.37922
0.33908
0.32248
0.3297
0.35077
0.37046
0.37447
0.35303
0.30017
0.21541
0.11008
0.0024339
-0.09382
-0.16922
-0.21558
-0.22979
-0.21689
-0.18341
-0.13172
-0.067661
-0.0057516
0.040088
0.068466
0.085889
0.092286
0.078214
0.041038
-0.0037164
-0.040467
-0.069048
-0.091934
-0.10456
-0.096885
-0.056781
0.019373
0.11814
0.22422
0.33122
0.43125
0.50972
0.5611
0.58536
0.57875
0.54582
0.5019
0.4608
0.43129
0.41973
0.42799
0.45587
0.49893
0.53735
0.545
0.51615
0.45565
0.36494
0.25269
0.13371
0.019619
-0.081655
-0.16208
-0.21195
-0.22408
-0.20448
-0.16176
-0.099411
-0.033806
0.013582
0.040524
0.051805
0.039273
0.00018544
-0.056492
-0.12942
-0.22308
-0.33319
-0.44414
-0.53521
-0.5924
-0.61386
-0.60816
-0.58486
-0.54379
-0.47794
-0.38766
-0.27426
-0.12366
0.068179
0.2594
0.41181
0.51502
0.56019
0.5521
0.51698
0.47359
0.42624
0.37346
0.30183
0.20394
0.10049
0.011952
-0.055061
-0.10101
-0.12918
-0.14539
-0.15165
-0.14103
-0.11126
-0.07689
-0.059348
-0.070304
-0.10713
-0.16053
-0.2165
-0.26015
-0.2887
-0.30784
-0.32061
-0.32986
-0.33852
-0.34405
-0.3401
-0.32787
-0.31409
-0.30067
-0.2876
-0.27808
-0.2723
-0.26271
-0.23995
-0.202
-0.15482
-0.10711
-0.06653
-0.033541
-0.0037764
0.027288
0.059418
0.090043
0.11584
0.13203
0.13788
0.13596
0.12727
0.11321
0.09504
0.072121
0.045537
0.019854
-0.00045878
-0.012079
-0.013654
-0.0069758
0.0045589
0.018151
0.030073
0.036743
0.037351
0.032911
0.024829
0.015048
0.0062324
0.0006809
-0.00068631
0.0020498
0.0077384
0.015106
0.024375
0.034799
0.043993
0.050427
0.055394
0.060053
0.063964
0.066139
0.066028
0.063858
0.060558
0.057101
0.055402
0.056767
0.059806
0.061747
0.060943
0.056236
0.046607
0.031832
0.013439
-0.0056965
-0.022705
-0.035807
-0.044189
-0.047059
-0.043883
-0.035511
-0.023359
-0.0089852
0.0057396
0.019498
0.032332
0.04466
0.057863
0.072129
0.085609
0.096738
0.1042
0.10597
0.099884
0.086267
0.06698
0.044347
0.021768
0.0017112
-0.01451
-0.025648
-0.031154
-0.031627
-0.029211
-0.026398
-0.025414
-0.02844
-0.036885
-0.051034
-0.070465
-0.094991
-0.12443
-0.15701
-0.18838
-0.21459
-0.23379
-0.24484
-0.24759
-0.24062
-0.22224
-0.1936
-0.15809
-0.12005
-0.083254
-0.04981
-0.020328
0.0045906
0.023669
0.035984
0.042307
0.044044
0.04265
0.039547
0.035463
0.031502
0.028203
0.025945
0.024726
0.023573
0.022239
0.021071
0.020315
0.020309
0.020525
0.020403
0.019715
0.018265
0.015998
0.013504
0.011469
0.010717
0.011913
0.015296
0.020819
0.028203
0.036774
0.046004
0.055164
0.063037
0.06811
0.068589
0.064116
0.056923
0.049596
0.043014
0.037881
0.035918
0.037672
0.041972
0.046439
0.048382
0.046437
0.040359
0.030532
0.018325
0.0057483
-0.0059337
-0.01581
-0.022951
-0.026979
-0.028416
-0.027453
-0.023357
-0.015463
-0.0036179
0.011212
0.027513
0.043664
0.057722
0.067956
0.073321
0.073338
0.06918
0.06375
0.059749
0.058983
0.062773
0.070885
0.080765
0.089721
0.097353
0.1039
0.10761
0.10707
0.10268
0.094576
0.083084
0.069566
0.055385
0.041198
0.027427
0.014178
0.0017764
-0.0090106
-0.018093
-0.025644
-0.029878
-0.029688
-0.026827
-0.021825
-0.014163
-0.0049824
0.0039012
0.01126
0.016596
0.020113
0.022499
0.024811
0.027332
0.029349
0.0302
0.029277
0.025302
0.017449
0.0061294
-0.0073525
-0.021178
-0.033257
-0.042654
-0.049333
-0.053492
-0.055237
-0.054802
-0.053379
-0.052692
-0.053645
-0.056712
-0.061677
-0.067945
-0.074676
-0.08098
-0.08533
-0.0864
-0.084011
-0.078302
-0.069862
-0.059564
-0.048275
-0.036879
-0.026182
-0.017096
-0.0096665
-0.0032417
0.0023541
0.0065723
0.0087087
0.0090048
0.0079516
0.0055507
0.0020201
-0.0016795
-0.0049214
-0.0077518
-0.010503
-0.013541
-0.017454
-0.023241
-0.031569
-0.042508
-0.055437
-0.069328
-0.082792
-0.093553
-0.099202
-0.098923
-0.093484
-0.084256
-0.073677
-0.06453
-0.058703
-0.056548
-0.056906
-0.057962
-0.057685
-0.054184
-0.04679
-0.036316
-0.024438
-0.012842
-0.0030798
0.0040508
0.0093246
0.013559
0.017351
0.020989
0.024705
0.028515
0.031559
0.032575
0.031034
0.027229
0.022441
0.018749
0.017928
0.020885
0.027354
0.036051
0.045471
0.054425
0.061775
0.066471
0.068142
0.067401
0.064813
0.061399
0.058441
0.056622
0.055933
0.055271
0.053993
0.052643
0.051626
0.050811
0.050461
0.051024
0.051913
0.051369
0.047571
0.04066
0.031437
0.020526
0.00862
-0.0032467
-0.013926
-0.022246
-0.027528
-0.028586
-0.025321
-0.018785
-0.010129
-0.0011002
0.0068861
0.012803
0.015075
0.012591
0.0056068
-0.0047614
-0.016797
-0.028074
-0.035489
-0.036881
-0.032104
-0.022001
-0.0081429
0.007223
0.021201
0.030695
0.034269
0.033062
0.028887
0.023758
0.019818
0.018485
0.020194
0.02451
0.029361
0.032398
0.032324
0.028684
0.022736
0.017033
0.01424
0.015842
0.021347
0.028807
0.035984
0.04066
0.040593
0.035699
0.028422
0.021658
0.017797
0.017819
0.021473
0.026678
0.029456
0.027035
0.019188
0.0071785
-0.006898
-0.020396
-0.030663
-0.036188
-0.036565
-0.032235
-0.025111
-0.017296
-0.010397
-0.0061365
-0.0057736
-0.0087246
-0.0136
-0.019232
-0.024114
-0.026724
-0.025774
-0.021314
-0.014268
-0.006018
0.0016928
0.0065047
0.0065935
0.0020013
-0.0057881
-0.014477
-0.021646
-0.025519
-0.025387
-0.02128
-0.014425
-0.0066001
0.00047621
0.0054728
0.007213
0.0045284
-0.0026222
-0.013218
-0.026206
-0.039522
-0.050603
-0.05703
-0.057098
-0.050267
-0.037728
-0.022726
-0.0093401
-0.0011497
-0.0006743
-0.008396
-0.022433
-0.038872
-0.053057
-0.060337
-0.058423
-0.047771
-0.030533
-0.010113
0.0099867
0.026449
0.037178
0.04192
0.041321
0.037025
0.031678
0.027544
0.025552
0.02522
0.024689
0.02234
0.017493
0.010386
0.0023591
-0.0045447
-0.0085363
-0.0087414
-0.0056241
-0.00068748
0.0036859
0.0051858
0.0032475
-0.002013
-0.0094786
-0.016732
-0.021205
-0.021333
-0.016826
-0.0085755
0.0018075
0.012417
0.021626
0.028425
0.032666
0.034498
0.03533
0.03662
0.038791
0.041769
0.045037
0.047338
0.046827
0.042393
0.034461
0.024024
0.012219
0.00015988
-0.011809
-0.023468
-0.034514
-0.04453
-0.053298
-0.060866
-0.066872
-0.070922
-0.073451
-0.074761
-0.074967
-0.074535
-0.073375
-0.07111
-0.067412
-0.062181
-0.055371
-0.046882
-0.036895
-0.026322
-0.016072
-0.0060396
0.0036236
0.012115
0.018321
0.021841
0.023012
0.022706
0.022525
0.024163
0.028634
0.03593
0.045555
0.055995
0.06441
0.06819
0.066437
0.059479
0.048309
0.035431
0.024272
0.016588
0.012452
0.01133
0.011298
0.0086358
-0.00038534
-0.017308
-0.040887
-0.06772
-0.093908
-0.1147
-0.12363
-0.11674
-0.094351
-0.05918
-0.016522
0.025679
0.059876
0.081346
0.088041
0.080619
0.062217
0.037212
0.010298
-0.012839
-0.027216
-0.030204
-0.022014
-0.0053567
0.015541
0.036511
0.05366
0.06422
0.0665
0.059625
0.046422
0.03166
0.018822
0.01018
0.0063546
0.0075315
0.012668
0.018142
0.019574
0.014989
0.0052542
-0.0072329
-0.018855
-0.025829
-0.025929
-0.01868
-0.0046658
0.013913
0.033135
0.048873
0.058651
0.061471
0.057433
0.048096
0.036024
0.023682
0.01252
0.0034571
-0.0031778
-0.0076342
-0.010566
-0.012999
-0.015798
-0.018958
-0.022027
-0.02468
-0.026941
-0.029106
-0.031293
-0.033024
-0.033847
-0.033877
-0.033073
-0.031708
-0.030375
-0.029595
-0.029702
-0.030891
-0.032131
-0.032266
-0.030238
-0.025426
-0.018257
-0.0097168
-0.00098121
0.007047
0.013488
0.01695
0.016731
0.013905
0.0090107
0.0027074
-0.0036784
-0.0090107
-0.01226
-0.013073
-0.011608
-0.0082387
-0.0039626
0.00031615
0.0040685
0.0070888
0.0092546
0.010205
0.009784
0.0077619
0.0042352
0.00029193
-0.0026144
-0.0030392
-0.00032332
0.0055993
0.014507
0.025158
0.03583
0.044964
0.052075
0.056783
0.058023
0.055117
0.047706
0.03584
0.020562
0.0037505
-0.013126
-0.02881
-0.041883
-0.050496
-0.053755
-0.052049
-0.045649
-0.035889
-0.025283
-0.015682
-0.0083515
-0.0040246
-0.0028027
-0.003456
-0.0037285
-0.0017584
0.0032614
0.011341
0.021531
0.032165
0.041356
0.047889
0.051375
0.051631
0.049025
0.044341
0.038208
0.030965
0.022965
0.014478
0.0053603
-0.0045153
-0.014752
-0.024631
-0.03296
-0.038645
-0.041375
-0.041559
-0.040247
-0.039042
-0.039468
-0.042047
-0.046625
-0.052557
-0.058696
-0.063363
-0.064669
-0.061536
-0.053827
-0.041473
-0.025141
-0.0064252
0.012523
0.029771
0.043793
0.052948
0.056048
0.052631
0.043785
0.031887
0.020361
0.011905
0.0078676
0.008509
0.01265
0.018034
0.021849
0.021759
0.017179
0.0085086
-0.0032804
-0.01617
-0.02754
-0.035699
-0.03992
-0.039825
-0.035994
-0.029468
-0.02186
-0.01503
-0.010196
-0.0078219
-0.0078638
-0.0093556
-0.010152
-0.0085885
-0.0041563
0.0027673
0.010614
0.017915
0.023539
0.026063
0.024863
0.020373
0.01402
0.0076945
0.003431
0.0024784
0.0044179
0.0071983
0.0084154
0.0062776
-2.6844e-05
-0.0096983
-0.020008
-0.027952
-0.030978
-0.028001
-0.020019
-0.0096104
9.6715e-05
0.0062082
0.0075165
0.004762
0.00019749
-0.0032929
-0.0029494
0.0025834
0.012473
0.024368
0.03483
0.040618
0.040467
0.03488
0.025831
0.016469
0.009806
0.0074698
0.0099311
0.016553
0.025526
0.03466
0.041004
0.042017
0.037327
0.028148
0.016273
0.0044016
-0.0044588
-0.0080585
-0.0061161
0.00015229
0.0090111
0.018057
0.025302
0.029525
0.030401
0.028712
0.02563
0.02177
0.017461
0.013246
0.0090621
0.005057
0.0016724
-0.00080146
-0.0020172
-0.0019185
-0.00115
-0.0010213
-0.0024612
-0.0067575
-0.014664
-0.025194
-0.036716
-0.047828
-0.057589
-0.064911
-0.068896
-0.070082
-0.068578
-0.063949
-0.056528
-0.046843
-0.035802
-0.024706
-0.014533
-0.0060523
0.00010145
0.003706
0.0051383
0.0047134
0.0029536
0.00055567
-0.0019793
-0.0043313
-0.0059255
-0.0061727
-0.0052257
-0.0035801
-0.0014947
0.00082423
0.0029602
0.004524
0.0055328
0.0063194
0.0073593
0.0088087
0.010664
0.012784
0.014863
0.016212
0.016273
0.015394
0.014216
0.013481
0.013843
0.015878
0.019528
0.023824
0.027376
0.0291
0.028003
0.023683
0.017496
0.011362
0.0066952
0.0047633
0.0060356
0.0095992
0.013337
0.014875
0.012385
0.0058922
-0.00265
-0.010809
-0.016272
-0.017431
-0.014527
-0.0089025
-0.0026191
0.0020804
0.0043672
0.0045166
0.0031956
0.0013797
0.00025235
0.00027054
0.001072
0.001813
0.0013647
-0.00052288
-0.0036731
-0.0079265
-0.012012
-0.014003
-0.013375
-0.010161
-0.0049087
0.0012205
0.0068794
0.010468
0.011168
0.0092636
0.0056224
0.0012018
-0.0031283
-0.0065765
-0.0089733
-0.0105
-0.011529
-0.012253
-0.012928
-0.013442
-0.012957
-0.01141
-0.0095034
-0.008376
-0.0087259
-0.010548
-0.013298
-0.015619
-0.016185
-0.014284
-0.0093419
-0.0022151
0.0047282
0.0091358
0.0098974
0.0072978
0.0022263
-0.0028627
-0.0049335
-0.0024347
0.0045549
0.014668
0.025202
0.032197
0.033174
0.028055
0.017964
0.0053168
-0.0064568
-0.014202
-0.016417
-0.013421
-0.0070115
-0.00028584
0.0041389
0.0046965
0.0010369
-0.0053666
-0.012214
-0.017455
-0.019646
-0.018439
-0.014608
-0.0096211
-0.0050051
-0.001755
-0.00022996
-6.8532e-05
-0.00026107
2.9474e-05
0.00081793
0.0025626
0.0049677
0.0073015
0.0091978
0.010093
0.0094982
0.0074457
0.0042878
0.00024509
-0.0043396
-0.0089451
-0.01333
-0.017054
-0.019917
-0.021433
-0.021144
-0.019464
-0.01668
-0.013176
-0.0099355
-0.0079037
-0.0072811
-0.0078824
-0.0092152
-0.010499
-0.010646
-0.0086437
-0.0045117
0.0010416
0.0074407
0.013485
0.018098
0.021163
0.022411
0.021488
0.018239
0.012995
0.0062522
-0.001172
-0.0078457
-0.012376
-0.014467
-0.014382
-0.012401
-0.0087958
-0.0043638
0.00013996
0.0041738
0.007489
0.0095717
0.0095464
0.0074795
0.0041237
0.00040734
-0.0032187
-0.0063207
-0.0087117
-0.010891
-0.013022
-0.014615
-0.014758
-0.012639
-0.0085133
-0.0034035
0.001497
0.0054957
0.0081158
0.0089544
0.0085912
0.0080853
0.0080671
0.0088423
0.01088
0.014117
0.017682
0.020752
0.023079
0.024425
0.024772
0.02436
0.023434
0.022503
0.021912
0.021642
0.021432
0.02123
0.020823
0.01982
0.018184
0.015643
0.011783
0.0069254
0.0019104
-0.0027259
-0.0065058
-0.0087894
-0.0096025
-0.0094178
-0.0092003
-0.010164
-0.012707
-0.016492
-0.020678
-0.023916
-0.024761
-0.022414
-0.017229
-0.010032
-0.0023014
0.0040006
0.0079267
0.0097299
0.0099935
0.0094548
0.0088592
0.008349
0.0078097
0.0069861
0.0051653
0.0017752
-0.0025953
-0.0073888
-0.012111
-0.015588
-0.017078
-0.016409
-0.014194
-0.011564
-0.0097755
-0.0098939
-0.011903
-0.014858
-0.017576
-0.01877
-0.017907
-0.015364
-0.01158
-0.0075696
-0.0047223
-0.0037329
-0.0045872
-0.0070004
-0.010404
-0.014282
-0.017423
-0.018552
-0.017213
-0.013762
-0.0088062
-0.0027346
0.0037842
0.0097692
0.014834
0.018881
0.02182
0.023544
0.024153
0.02415
0.024601
0.026036
0.027642
0.028964
0.030065
0.03001
0.02754
0.022914
0.017351
0.011336
0.0050377
-0.00063467
-0.0042131
-0.0049634
-0.0037287
-0.0013846
0.0010193
0.0018121
0.00010129
-0.0035897
-0.0080495
-0.012095
-0.014459
-0.014171
-0.011244
-0.0068402
-0.0025209
0.00053636
0.001834
0.0020003
0.0021968
0.0032051
0.0053014
0.0084476
0.012249
0.015732
0.017502
0.016994
0.014795
0.011953
0.009043
0.0065105
0.0049495
0.0043673
0.0047165
0.0057157
0.0068032
0.0077401
0.0082386
0.0082683
0.0076559
0.0058597
0.0027008
-0.0011981
-0.0054029
-0.0090689
-0.011246
-0.012009
-0.011415
-0.0094535
-0.0067999
-0.0043532
-0.0030211
-0.0035466
-0.0058039
-0.0093985
-0.013491
-0.016483
-0.016807
-0.01398
-0.0084461
-0.00099877
0.0067342
0.012557
0.014551
0.011635
0.004422
-0.0051273
-0.014254
-0.020358
-0.021665
-0.018365
-0.012128
-0.0053935
-0.00088882
-3.7196e-05
-0.0025241
-0.0070673
-0.011236
-0.012793
-0.01124
-0.0072778
-0.0022463
0.0019017
0.003499
0.0018703
-0.0020487
-0.0065711
-0.0095256
-0.0091255
-0.0046896
0.0029587
0.011287
0.016978
0.018128
0.014497
0.0067714
-0.0026916
-0.010675
-0.014316
-0.012341
-0.0059104
0.0023529
0.009757
0.013982
0.014251
0.011281
0.0069337
0.0036243
0.002607
0.0039078
0.0065085
0.0087543
0.0088418
0.0053924
-0.0014971
-0.0099439
-0.017323
-0.021279
-0.020973
-0.016774
-0.010238
-0.0037982
0.00031994
0.0012725
-0.00059645
-0.0040895
-0.0070935
-0.0077965
-0.006285
-0.0033336
-0.00030448
0.0012968
0.0011993
-0.00011714
-0.0019169
-0.0032143
-0.0031227
-0.001591
0.00070351
0.0030346
0.0050196
0.0066804
0.0081291
0.0097386
0.011762
0.013693
0.014662
0.013666
0.0099468
0.0036324
-0.0040229
-0.011005
-0.015496
-0.016382
-0.013532
-0.0083254
-0.00351
-0.0013711
-0.0028671
-0.0077129
-0.014168
-0.019644
-0.022251
-0.021156
-0.016844
-0.010982
-0.0059645
-0.0037891
-0.0049993
-0.0079962
-0.010628
-0.011281
-0.0087645
-0.003101
0.0036907
0.0087439
0.010396
0.0085797
0.0040728
-0.0013508
-0.005342
-0.0062935
-0.0034021
0.0034871
0.012529
0.020484
0.025283
0.026079
0.02291
0.017341
0.011909
0.0083108
0.007116
0.0081445
0.01021
0.011591
0.011049
0.0084158
0.0044946
0.00082339
-0.00094265
0.00011419
0.0036287
0.0082638
0.012421
0.014573
0.013873
0.010441
0.0056083
0.0015367
-0.00028867
0.00027388
0.0026658
0.0054209
0.0065496
0.005196
0.0016331
-0.0029118
-0.0070177
-0.0094986
-0.0094305
-0.0068651
-0.0030136
0.00033979
0.0015269
-0.00025493
-0.0044368
-0.0089499
-0.011996
-0.01216
-0.0086048
-0.001993
0.0057697
0.012234
0.015529
0.015023
0.011023
0.0048874
-0.0007636
-0.0038908
-0.0038914
-0.0011061
0.0031407
0.0071139
0.0093917
0.0095166
0.0079223
0.0052734
0.002424
0.00053192
0.00066224
0.0023948
0.0043623
0.0055976
0.0054119
0.0033241
-0.00012329
-0.0034401
-0.0052004
-0.0047735
-0.0025195
-0.00043748
-0.00051253
-0.0029284
-0.007072
-0.012415
-0.017691
-0.021186
-0.02194
-0.020227
-0.017435
-0.014905
-0.013122
-0.012201
-0.011741
-0.010642
-0.0077481
-0.0026866
0.003627
0.0095805
0.01347
0.014026
0.011139
0.0057177
-0.00095197
-0.0068633
-0.010628
-0.011873
-0.011439
-0.010466
-0.0093597
-0.0086643
-0.0084354
-0.0077643
-0.0062474
-0.004212
-0.0022651
-0.0010107
-0.0010225
-0.0024454
-0.0047151
-0.0067301
-0.0077889
-0.0072618
-0.0045401
5.4288e-05
0.0053932
0.010322
0.013683
0.014836
0.013845
0.01159
0.0091058
0.0074291
0.0071342
0.007543
0.0079306
0.0076893
0.0059082
0.0027867
-0.00024482
-0.002431
-0.0032444
-0.0023994
-6.5496e-05
0.0026275
0.004414
0.0044945
0.002843
0.00024903
-0.0021076
-0.002504
-5.1015e-05
0.004473
0.0094888
0.013838
0.016268
0.015572
0.011874
0.0063737
0.00059303
-0.004
-0.0065001
-0.0064324
-0.0045682
-0.002596
-0.0015165
-0.0018589
-0.0037559
-0.0059932
-0.0069774
-0.0054508
-0.0014469
0.0037936
0.0089975
0.012374
0.012974
0.01112
0.0076851
0.0038022
0.00039155
-0.001697
-0.002291
-0.0018862
-0.001143
-0.00076331
-0.0010256
-0.0018443
-0.0028742
-0.0033344
-0.0031794
-0.002952
-0.0030874
-0.0036975
-0.0047435
-0.0061613
-0.0075284
-0.0082707
-0.0078967
-0.0066194
-0.0049968
-0.0031622
-0.0013172
-2.9818e-06
0.00077916
0.0016565
0.0028291
0.0043626
0.0063106
0.0083003
0.0094136
0.0090257
0.0074121
0.0050767
0.0025286
0.00046138
-0.00076361
-0.0012182
-0.0013464
-0.001496
-0.0017459
-0.0022114
-0.0024612
-0.0017567
-0.00016302
0.0015047
0.0023733
0.0021258
0.00070607
-0.0018674
-0.0050552
-0.0077427
-0.0088405
-0.0079928
-0.0056148
-0.0023321
0.00087096
0.0033481
0.0049288
0.00585
0.0059891
0.0051623
0.0037623
0.0021039
0.00065526
-0.00016705
-0.00013659
0.00063779
0.0017139
0.0024778
0.0020778
-0.00019011
-0.0039854
-0.0083884
-0.012333
-0.014827
-0.014969
-0.012399
-0.0079695
-0.0034456
-0.00084643
-0.0013717
-0.0050127
-0.010753
-0.016121
-0.018737
-0.017835
-0.013697
-0.0072102
-0.00044176
0.0043592
0.0059603
0.0040749
-0.00027042
-0.0046017
-0.0066454
-0.005414
-0.0012347
0.004753
0.010787
0.014657
0.015326
0.013331
0.009558
0.0050024
0.0012326
-0.00073458
-0.0006549
0.00067691
0.0019401
0.0022915
0.0016838
0.00056674
-0.00076535
-0.0018758
-0.0027599
-0.0043967
-0.0069327
-0.009756
-0.012092
-0.012928
-0.011785
-0.0089944
-0.005474
-0.0025133
-0.001029
-0.0011089
-0.0027716
-0.0050708
-0.0065196
-0.0064107
-0.0046983
-0.0013161
0.0030735
0.00682
0.0089943
0.009467
0.0082627
0.0062291
0.0046865
0.0045407
0.0063086
0.0095853
0.013122
0.016255
0.018175
0.018127
0.016291
0.012952
0.0090504
0.0057978
0.003763
0.0030715
0.0035287
0.0043123
0.0045245
0.0035046
0.0011253
-0.0020392
-0.0049051
-0.0066907
-0.0072612
-0.006799
-0.0058063
-0.0048731
-0.0041985
-0.0035799
-0.0027497
-0.001386
0.00048523
0.0024537
0.0036337
0.0029657
0.00010216
-0.0041055
-0.007944
-0.010321
-0.010686
-0.0083612
-0.0041468
0.00029196
0.0034464
0.0041397
0.0021522
-0.0018047
-0.0067349
-0.011541
-0.015421
-0.017548
-0.017454
-0.015862
-0.013724
-0.011375
-0.0090046
-0.0067164
-0.0043522
-0.001558
0.0017651
0.0049081
0.0075482
0.0094494
0.0099303
0.0087445
0.0065968
0.0045412
0.0035282
0.0039833
0.0052949
0.0067552
0.0080352
0.0091866
0.010155
0.011246
0.01266
0.01391
0.014128
0.012869
0.010359
0.0067689
0.0025538
-0.001332
-0.0040726
-0.0054552
-0.0059022
-0.0059481
-0.0063846
-0.0077872
-0.010071
-0.012664
-0.014698
-0.015297
-0.014129
-0.012008
-0.010096
-0.0086392
-0.0073978
-0.0062774
-0.004767
-0.0020064
0.0019817
0.0064723
0.010943
0.014791
0.016815
0.016229
0.013348
0.0095118
0.0060931
0.0039163
0.0036653
0.005657
0.0090547
0.011932
0.012638
0.010443
0.00553
-0.0011959
-0.0083371
-0.014391
-0.01793
-0.017796
-0.014458
-0.0097564
-0.0052276
-0.0016622
-0.00031119
-0.0012947
-0.0032887
-0.0048744
-0.0048421
-0.0026186
0.0012688
0.0055236
0.0091842
0.01143
0.011992
0.01156
0.010907
0.010427
0.0097775
0.0089515
0.0083722
0.008108
0.0083109
0.0094139
0.011284
0.01285
0.013237
0.012252
0.0099444
0.0067634
0.0036168
0.0016889
0.0015863
0.0027534
0.004275
0.0053129
0.0051573
0.0035008
0.00063074
-0.0030036
-0.0062718
-0.0082478
-0.0083559
-0.0063309
-0.0027336
0.0013861
0.0051381
0.0082503
0.010546
0.011581
0.010967
0.0087047
0.0053603
0.0016256
-0.0018081
-0.0044287
-0.0059574
-0.0060277
-0.0046269
-0.0020461
0.00093984
0.003321
0.0044656
0.0041206
0.0025141
0.0005372
-0.0010811
-0.0022311
-0.0025701
-0.0026442
-0.0032993
-0.0045079
-0.0058721
-0.0067764
-0.0065192
-0.0047268
-0.0016498
0.0019399
0.0049927
0.006079
0.0045332
0.00059466
-0.0047785
-0.0097647
-0.01247
-0.011775
-0.0080562
-0.0031314
0.00099724
0.003233
0.0031674
0.0011913
-0.0012522
-0.0023786
-0.0020242
-0.001105
-0.00035041
-0.00033222
-0.0015829
-0.0039293
-0.0064329
-0.0081283
-0.0084288
-0.0072119
-0.0053491
-0.0040074
-0.0043151
-0.0063995
-0.0091277
-0.011239
-0.01174
-0.0099705
-0.0064592
-0.0025896
0.0001712
0.00091138
-0.00024027
-0.0023477
-0.0043158
-0.0051022
-0.0043137
-0.0025805
-0.00097625
-0.00014496
-0.00040297
-0.0014706
-0.0023976
-0.0026996
-0.002193
-0.00081098
0.00064949
0.0014315
0.0015669
0.0012232
0.00064387
0.00020013
0.00034191
0.0013262
0.0029391
0.0044969
0.0052502
0.0051782
0.0046972
0.0040642
0.0033556
0.0031428
0.0037921
0.0046355
0.005033
0.0048348
0.0039533
0.00238
0.00088395
4.2221e-05
-0.00025113
-0.00037945
-0.00035532
-0.00027654
-0.00085905
-0.0016831
-0.0021146
-0.0021521
-0.001979
-0.0017965
-0.0016638
-0.0017434
-0.0020336
-0.0024233
-0.0027298
-0.002625
-0.0021334
-0.0014076
-0.00061816
-0.0001429
0.00014117
0.00029812
0.00033753
0.00010292
-0.0003429
-0.00012486
0.0010623
0.0027899
0.0045133
0.0056112
0.0058436
0.0053206
0.0041314
0.0028832
0.0021148
0.0014682
0.00038468
-0.0012129
-0.0029219
-0.0043735
-0.0051949
-0.0054057
-0.0050569
-0.0039165
-0.0023753
-0.0013314
-0.0013005
-0.0023519
-0.0044363
-0.0073244
-0.010176
-0.011812
-0.011634
-0.0096192
-0.0062562
-0.0027852
-0.00058906
-0.00030258
-0.0018482
-0.0042943
-0.0066711
-0.0081502
-0.0079635
-0.0063221
-0.0037751
-0.0012107
0.00060148
0.0017738
0.0025685
0.0035523
0.0049709
0.0060849
0.0064207
0.0057354
0.0039567
0.0013184
-0.0012027
-0.0021947
-0.0010302
0.0017811
0.0053236
0.0086126
0.010877
0.011628
0.010635
0.0085806
0.0069651
0.0064702
0.007191
0.0089894
0.010601
0.010465
0.0087516
0.0059589
0.0026491
0.00019746
0.00010276
0.0021936
0.0053549
0.0086549
0.011034
0.011584
0.010135
0.0074991
0.0047454
0.0024166
0.00072266
-0.00030802
-0.0010555
-0.0019297
-0.0029481
-0.0040517
-0.0051727
-0.0060612
-0.0063387
-0.005606
-0.0041236
-0.0024188
-0.0011356
-0.00058099
-0.00088758
-0.0016846
-0.0022856
-0.0025003
-0.0024051
-0.0022561
-0.0022781
-0.0021993
-0.0016869
-0.0010899
-0.00061597
-0.00057344
-0.0015438
-0.0033087
-0.0055131
-0.0079191
-0.010025
-0.010748
-0.0094608
-0.0070285
-0.0043733
-0.0018687
0.00025975
0.0019263
0.0030927
0.0037404
0.0038247
0.0033137
0.0021684
0.00028492
-0.0020928
-0.0045609
-0.0068287
-0.0083714
-0.0085647
-0.0071351
-0.004277
-0.00065063
0.0030032
0.0059244
0.00734
0.0070601
0.0056867
0.0041605
0.0029951
0.002224
0.0022454
0.00317
0.0040038
0.003917
0.0030552
0.0017402
0.00057964
-2.6418e-05
-0.00024033
-0.00023519
-0.00067751
-0.0021112
-0.0042928
-0.0067962
-0.0089814
-0.010067
-0.0094688
-0.0069926
-0.0033948
0.00019547
0.0026848
0.0036872
0.003647
0.0030696
0.0028371
0.0032817
0.0040542
0.0047099
0.0047592
0.0037866
0.0016185
-0.0014544
-0.0045117
-0.006379
-0.0067139
-0.0058033
-0.0041416
-0.0024334
-0.0013378
-0.001049
-0.0011965
-0.001338
-0.0013625
-0.0013864
-0.0016881
-0.0022135
-0.0027572
-0.0031267
-0.0029631
-0.0019747
-0.00014
0.0021641
0.0042911
0.0056838
0.0059515
0.0053797
0.0043492
0.0034986
0.0032864
0.0036217
0.0043597
0.005159
0.0055431
0.0053131
0.004213
0.0026876
0.0012936
0.00027043
-0.00039871
-0.0010444
-0.001945
-0.0032956
-0.0047361
-0.0054842
-0.00545
-0.004635
-0.003049
-0.0014236
-0.00015772
0.00038376
-0.00059416
-0.0029836
-0.0056609
-0.0078828
-0.0090496
-0.0086853
-0.0072331
-0.005525
-0.004426
-0.0048325
-0.0068719
-0.0092874
-0.010382
-0.0098968
-0.0081479
-0.0051361
-0.0014847
0.001458
0.0025907
0.0018995
0.00017723
-0.001495
-0.0023247
-0.0018403
-0.00031989
0.0015616
0.003337
0.0042263
0.003947
0.0029783
0.0016843
0.00074542
0.00069515
0.0015207
0.0025932
0.0033355
0.0035788
0.0029642
0.0013696
-0.00041343
-0.0014886
-0.0011129
0.001032
0.0042913
0.0075037
0.0098758
0.010981
0.01076
0.0096025
0.0082708
0.007255
0.0065612
0.0060061
0.005347
0.0047611
0.0043738
0.0042144
0.0046439
0.0055618
0.0062702
0.0063954
0.0059175
0.0045187
0.0022768
-1.729e-05
-0.0015539
-0.0018714
-0.00094175
0.00089155
0.0028908
0.0044088
0.0052163
0.0051228
0.0043871
0.0035878
0.0030879
0.0030743
0.0030416
0.0025389
0.0015732
0.00011217
-0.0014642
-0.0025946
-0.0032545
-0.0036203
-0.003882
-0.0045324
-0.0056904
-0.0068313
-0.0075985
-0.0081094
-0.008083
-0.0074748
-0.0064859
-0.0055476
-0.0047668
-0.0037179
-0.0026437
-0.0017805
-0.0011483
-0.00087985
-0.00097147
-0.0012051
-0.0014708
-0.001643
-0.0013048
-0.00032835
0.00096852
0.0021643
0.00301
0.0036183
0.0037913
0.0034304
0.0032919
0.0037119
0.0042303
0.0049063
0.0059159
0.0069938
0.0075698
0.0076401
0.0074976
0.0071792
0.0070443
0.0071054
0.0067712
0.0058233
0.0042221
0.0020701
-0.00045395
-0.0025597
-0.003566
-0.0033659
-0.0022754
-0.0011247
-0.00073832
-0.0014255
-0.0028132
-0.0041008
-0.0046757
-0.0041861
-0.0029905
-0.0014792
0.0001066
0.00077015
-5.576e-06
-0.0019655
-0.0043878
-0.0060628
-0.0062209
-0.0050391
-0.002879
-0.00053751
0.00056723
0.00016061
-0.0013133
-0.0028963
-0.0038943
-0.004078
-0.0034237
-0.0023576
-0.0017258
-0.0022121
-0.0037718
-0.00588
-0.0077576
-0.0089453
-0.0094172
-0.0092557
-0.0084863
-0.0072677
-0.0061294
-0.0054722
-0.0051819
-0.0046182
-0.0036738
-0.0025868
-0.0014765
-0.00059788
-0.00027941
-0.00038983
-0.00030803
7.0223e-05
0.00073857
0.0017122
0.0029403
0.003966
0.0044396
0.0042099
0.0032648
0.0018779
0.00064794
-0.00024896
-0.00075224
-0.00077743
-0.0011088
-0.002094
-0.0033342
-0.004681
-0.0057724
-0.0061351
-0.0055746
-0.0040019
-0.0017546
0.0005872
0.0022297
0.0029003
0.0026751
0.0019447
0.0012758
0.00087645
0.00093256
0.0015232
0.002491
0.0035861
0.0041625
0.0039436
0.003387
0.0029827
0.0028238
0.0027991
0.0027843
0.0027553
0.0026526
0.002229
0.0013817
0.00095374
0.0014172
0.0020848
0.0024418
0.0028273
0.0032456
0.0029913
0.0021178
0.00092332
-0.00022321
-0.00082843
-0.0010987
-0.0015235
-0.0020636
-0.00286
-0.0037294
-0.0043571
-0.0044048
-0.003664
-0.0023715
-0.00084548
0.00070209
0.0021588
0.0032307
0.0036577
0.0036197
0.0035364
0.0036525
0.0040281
0.0045997
0.0050939
0.0053455
0.0053721
0.0050117
0.0043437
0.0035313
0.0028958
0.0026033
0.0025045
0.0026721
0.0029026
0.0028853
0.0024794
0.0016319
0.00038761
-0.0012488
-0.0030011
-0.004429
-0.0054278
-0.0061447
-0.0064328
-0.0063594
-0.0061058
-0.0056894
-0.0051175
-0.0044996
-0.0037259
-0.0031091
-0.0030149
-0.0031537
-0.0033066
-0.0035168
-0.0036878
-0.003599
-0.0030622
-0.0021587
-0.00107
-7.8748e-05
0.00072511
0.0013136
0.0012124
0.00048426
-8.8607e-06
0.00021032
0.0011528
0.0024006
0.0036613
0.004646
0.0051714
0.0046593
0.0027738
0.00032376
-0.0020951
-0.0040057
-0.0046534
-0.0037654
-0.0015593
0.0012044
0.0037918
0.0057039
0.00696
0.007594
0.007484
0.0072582
0.0070973
0.0069141
0.0068907
0.0071832
0.0078357
0.0083844
0.0083531
0.0078459
0.0068765
0.0057041
0.0046304
0.0037292
0.0029875
0.0026353
0.0029884
0.0037896
0.0044478
0.0048511
0.0048619
0.0042705
0.0031911
0.0016488
-0.0005071
-0.0030548
-0.0053247
-0.0065128
-0.0061857
-0.0044075
-0.0019038
0.00078829
0.0029477
0.0036227
0.0029823
0.0018346
0.00099564
0.00094707
0.0016784
0.0027505
0.0033726
0.0028196
0.0010344
-0.0016936
-0.0047226
-0.0070659
-0.0079677
-0.007237
-0.0053417
-0.0031013
-0.001208
-0.00064591
-0.0016314
-0.0031093
-0.0047035
-0.0063848
-0.0076751
-0.0083321
-0.0083057
-0.0077525
-0.0071626
-0.0065423
-0.0057223
-0.0048076
-0.0039295
-0.0031351
-0.0029782
-0.0037615
-0.0052737
-0.0071693
-0.0084945
-0.0083117
-0.0065261
-0.0037272
-0.00097591
0.00083536
0.001495
0.0011006
-0.00013067
-0.0013186
-0.0016058
-0.0010746
-0.00026655
0.00038651
0.00053461
0.00018915
-0.00035143
-0.00083937
-0.0012641
-0.00159
-0.0013847
-0.00071417
0.00020016
0.0012091
0.001966
0.0022876
0.0023362
0.0024834
0.0027304
0.0031423
0.004262
0.0058219
0.0071356
0.0080567
0.008487
0.0082703
0.0073615
0.0058432
0.0042523
0.0030024
0.0022172
0.0022591
0.0027632
0.0033494
0.0039298
0.0042113
0.0037438
0.0022774
0.00022116
-0.0019589
-0.0034189
-0.0033513
-0.0019993
0.00030655
0.0035547
0.0067015
0.008243
0.0076041
0.0051965
0.001743
-0.0019898
-0.0048268
-0.005774
-0.0047946
-0.0023697
0.00088149
0.003662
0.0048783
0.0045236
0.0029017
0.00060167
-0.0015354
-0.0028484
-0.0027236
-0.0013771
0.00026132
0.0016623
0.0025003
0.0022803
0.00090263
-0.0010442
-0.0026382
-0.0031838
-0.0028627
-0.0021654
-0.0014568
-0.0010121
-0.001022
-0.0012006
-0.00098255
-0.00026319
0.00095412
0.0025171
0.0037842
0.0043086
0.0040956
0.0032887
0.0024217
0.0017382
0.0012258
0.00084697
0.0005763
0.00029195
-0.00016117
-0.00028753
5.6108e-05
0.0005736
0.0010752
0.0015566
0.0019114
0.0022043
0.0026787
0.0032913
0.0037204
0.0036449
0.003057
0.0020752
0.00054277
-0.0013296
-0.0031456
-0.0043567
-0.0045766
-0.0039055
-0.0026628
-0.0012279
0.0001614
0.0011187
0.0014743
0.0012565
0.00070236
0.00036363
0.00026949
0.00026802
0.00034819
0.00018416
-0.00049009
-0.0014121
-0.0022662
-0.0025943
-0.0018627
-0.00021792
0.0016065
0.0028708
0.0028796
0.0015968
-0.00042797
-0.0026299
-0.0044651
-0.0053307
-0.0049686
-0.0037473
-0.0022909
-0.00086874
0.00038161
0.0010261
0.0010074
0.00027558
-0.0011631
-0.002661
-0.0036783
-0.0041727
-0.0041551
-0.003825
-0.0034332
-0.0033993
-0.0040236
-0.0052502
-0.0065087
-0.0071561
-0.0070199
-0.0061876
-0.004706
-0.0026745
-0.00075272
0.00042604
0.00082187
0.00068635
0.0004688
0.00028668
0.00019644
0.00065952
0.0012762
0.0016257
0.0016539
0.0014999
0.0015624
0.0016589
0.0015071
0.0012337
0.0011368
0.0010382
0.00056259
-0.00053697
-0.0017652
-0.0023277
-0.0023362
-0.0021602
-0.0020492
-0.0022596
-0.0029081
-0.0039353
-0.0052795
-0.0066843
-0.0078791
-0.0084385
-0.0081874
-0.0075738
-0.0068
-0.0057565
-0.0047418
-0.0040582
-0.0033254
-0.0025367
-0.0020477
-0.0020338
-0.0027228
-0.0039716
-0.0052337
-0.0059909
-0.006095
-0.0055561
-0.0043659
-0.0028418
-0.001153
0.00053543
0.0015025
0.0015336
0.0013393
0.0014281
0.0017813
0.0022382
0.0024271
0.0021032
0.0015245
0.00091734
0.00036908
-0.00013049
-0.00051887
-0.00088182
-0.00095994
-0.00090436
-0.00069603
-3.9354e-05
0.00073779
0.0015436
0.0023426
0.0026986
0.0024468
0.0020198
0.0017543
0.0016479
0.0015476
0.0013086
0.0012291
0.0015927
0.0019394
0.0022279
0.0027707
0.0035961
0.004189
0.0045226
0.0048795
0.0051156
0.0051249
0.0048447
0.0041297
0.0033135
0.0029739
0.0034743
0.0046447
0.0058462
0.0062179
0.0054241
0.004001
0.0024743
0.00111
9.7465e-05
-0.00014965
0.00028665
0.000669
0.00075643
0.00066247
0.0002016
-0.00036097
-0.00059284
-0.00049
-9.7535e-05
0.00042731
0.00078591
0.0006706
0.00019296
-0.00025609
-0.0005699
-0.00097075
-0.0016845
-0.0027894
-0.0041825
-0.0055188
-0.0065355
-0.007057
-0.00663
-0.005233
-0.0032574
-0.0011538
0.00042313
0.0012446
0.0014966
0.0014883
0.0015679
0.0018481
0.0020128
0.0019357
0.001947
0.0021554
0.0024831
0.002923
0.0034333
0.0044158
0.0060637
0.0076882
0.0090383
0.0098329
0.0097041
0.0085081
0.0068182
0.0052037
0.0035997
0.0021648
0.0011858
0.00092121
0.0010144
0.0011699
0.0014384
0.0013664
0.00096694
0.0005481
0.00012868
-4.7352e-05
-0.00012195
-6.6792e-05
0.00010808
2.2197e-05
-0.00044186
-0.0012989
-0.0020849
-0.0025191
-0.0030137
-0.0033933
-0.0034671
-0.0033676
-0.0033928
-0.0036152
-0.0038232
-0.0042677
-0.0049193
-0.0055465
-0.0060715
-0.0065608
-0.0070501
-0.0069216
-0.0060255
-0.0048455
-0.0038742
-0.0033845
-0.0032061
-0.002824
-0.0020073
-0.001125
-0.00040521
0.00031118
0.00096136
0.0017794
0.0028494
0.0038447
0.0044692
0.0045165
0.0039136
0.0027868
0.00154
0.0003597
-0.00072949
-0.0013454
-0.0013942
-0.0010179
-0.00041013
0.00026352
0.00075247
0.00071804
0.00018296
-0.00029819
-0.00039446
-8.2178e-05
0.00058059
0.0013275
0.0020012
0.0023101
0.0018275
0.00088481
6.6214e-05
-0.00032295
-4.1519e-05
0.00093475
0.0023036
0.0035597
0.0041128
0.0039315
0.0034786
0.0030179
0.002842
0.0030448
0.0035873
0.0042274
0.0044812
0.004053
0.0031229
0.0023331
0.0019944
0.0018428
0.001863
0.0022362
0.0027456
0.0032267
0.0036105
0.0038429
0.0036606
0.0028716
0.0020004
0.0010037
-0.0003072
-0.0015913
-0.0026588
-0.0035289
-0.0040521
-0.0040456
-0.0035273
-0.0026193
-0.0015983
-0.00062299
6.3876e-06
-9.6742e-05
-0.00073413
-0.0015431
-0.0023555
-0.0029738
-0.0035651
-0.0041968
-0.0048756
-0.005553
-0.0058194
-0.0055654
-0.0049782
-0.0044126
-0.0040698
-0.0039638
-0.0041811
-0.0045849
-0.0049622
-0.0052341
-0.005352
-0.0049408
-0.0040318
-0.0031003
-0.0021495
-0.0012899
-0.00096913
-0.00095719
-0.00078638
-0.00044534
0.00013731
0.0009705
0.0017145
0.001565
0.00066881
-0.00043941
-0.0013041
-0.0016887
-0.0013378
-0.00010474
0.0016157
0.0031023
0.0039173
0.0044495
0.0051181
0.0058475
0.0067469
0.0079252
0.0091515
0.00992
0.01015
0.0099272
0.009276
0.0083783
0.0077996
0.0076469
0.0077697
0.0079107
0.0077553
0.007108
0.0061432
0.0051256
0.0041608
0.0033218
0.0027424
0.0022969
0.0019074
0.0016256
0.0014269
0.0010836
0.00095346
0.0016456
0.002278
0.0022137
0.0017085
0.0010332
0.00027466
-0.00030612
-0.00051265
-0.00034708
0.00035681
0.0013097
0.0019071
0.0020426
0.0019866
0.0020189
0.0021046
0.0022239
0.0022141
0.0019081
0.00095392
-0.00032994
-0.0015871
-0.0024283
-0.0029421
-0.0033336
-0.003553
-0.003815
-0.0040741
-0.0043489
-0.0050194
-0.0061062
-0.0071403
-0.0077328
-0.007816
-0.0073999
-0.0066563
-0.005753
-0.0051086
-0.0047284
-0.0043424
-0.0039366
-0.0035503
-0.0030572
-0.0024868
-0.0016652
-0.00066195
0.00034732
0.001194
0.0017947
0.0023092
0.0022855
0.0015806
0.0005398
-0.00053076
-0.0014083
-0.0021445
-0.0027928
-0.0030918
-0.0030209
-0.0028599
-0.0027693
-0.0025708
-0.0021729
-0.0017421
-0.0012611
-0.00086785
-0.0009445
-0.0014899
-0.0022729
-0.003165
-0.0040136
-0.0043661
-0.0039092
-0.0029499
-0.0021793
-0.0017905
-0.001575
-0.0014027
-0.001189
-0.00086048
-0.00024804
0.00082569
0.0019258
0.0024697
0.0021182
0.00063209
-0.001621
-0.0038386
-0.0053439
-0.0058878
-0.0054347
-0.0042365
-0.0028424
-0.0017021
-0.0012989
-0.0016809
-0.002264
-0.0025157
-0.0022301
-0.0015482
-0.0005411
0.00057203
0.0014067
0.0015879
0.00093392
-1.0434e-05
-0.00065188
-0.0010081
-0.0011393
-0.0012171
-0.001403
-0.0017165
-0.0022697
-0.0029117
-0.0031603
-0.0029828
-0.0026216
-0.002145
-0.0016017
-0.0012482
-0.0010041
-0.00071616
-0.00035093
0.00016823
0.00099577
0.00199
0.0028157
0.003327
0.003515
0.0033248
0.0028399
0.0023801
0.002183
0.0023623
0.0027405
0.0028803
0.0026619
0.0021279
0.001425
0.00069824
0.00042989
0.00086679
0.0017451
0.0025682
0.0030435
0.0031002
0.0026824
0.0019085
0.00106
0.00047752
0.00029264
0.00041418
0.00062706
0.00057326
8.616e-05
-0.00037106
-0.00068361
-0.00076172
-0.00027432
0.00034389
0.00069381
0.00088373
0.00078957
0.00057246
0.00035371
0.00011103
9.1877e-05
0.00041075
0.00069707
0.00082407
0.0010138
0.0011763
0.00115
0.0010123
0.00084625
0.00061181
0.00033591
4.7503e-05
-0.00021455
-0.00036321
-0.00040715
-0.00036143
-0.00021707
-0.00013413
-0.00017705
-0.00029543
-0.00046899
-0.00051549
-0.00029604
0.00017891
0.00087578
0.001545
0.001917
0.0018793
0.0015513
0.0011018
0.00077233
0.00066435
0.00064933
0.00074646
0.0010638
0.0013355
0.0013227
0.001017
0.00058008
0.00024548
0.00010683
0.00012406
0.00018587
0.00024346
0.00026625
0.00019829
-6.3617e-05
-0.00048828
-0.00083983
-0.00094703
-0.00079293
-0.00047677
-0.00016399
-1.0736e-05
-3.8731e-05
-0.00013271
-0.00015102
-1.623e-05
0.00021903
0.00043388
0.0006253
0.00075953
0.00075666
0.00063341
0.00043783
0.00024163
4.3084e-05
-0.00018678
-0.00041048
-0.0006487
-0.00089653
-0.0011143
-0.0012055
-0.0011402
-0.00094859
-0.00065752
-0.00033713
-4.7351e-05
0.00017658
0.00029652
0.00031878
0.00029862
0.00027809
0.00025352
0.00022859
0.00020653
0.00017248
0.00012716
9.0329e-05
5.5126e-05
5.0079e-05
0.00010286
0.00016949
0.00022271
0.00023956
0.0002133
0.00015356
7.5601e-05
4.4119e-06
-3.3997e-05
-3.7116e-05
-4.1583e-05
-7.0558e-05
-0.00010702
-0.0001281
-0.00011537
-7.6827e-05
-2.59e-05
2.3375e-05
5.5656e-05
7.1436e-05
8.2381e-05
7.9888e-05
5.2924e-05
2.0462e-05
-7.6201e-06
-3.3587e-05
-4.8154e-05
-5.3383e-05
-6.1812e-05
-7.9402e-05
-9.4263e-05
-0.00010435
-0.0001148
-0.00011905
-0.00010981
-8.4294e-05
-5.6438e-05
-4.3667e-05
-4.2801e-05
-4.5328e-05
-4.7879e-05
-4.4892e-05
-3.8063e-05
-3.2411e-05
-3.4694e-05
-4.3248e-05
-5.2201e-05
-6.2271e-05
-6.9627e-05
-7.0859e-05
-6.8006e-05
-6.4268e-05
-6.0224e-05
-5.7611e-05
-5.8979e-05
-6.1719e-05
-6.4862e-05
-6.9742e-05
-7.3532e-05
-7.6378e-05
-8.0947e-05
-8.4689e-05
-8.2286e-05
-7.4758e-05
-6.5401e-05
-5.5296e-05
-4.5902e-05
-3.7826e-05
-3.22e-05
-2.923e-05
-2.7406e-05
-2.605e-05
-2.4981e-05
-2.3681e-05
-2.1458e-05
-1.8804e-05
-1.6489e-05
-1.4046e-05
-1.1368e-05
-8.8533e-06
-6.582e-06
-4.6337e-06
-3.1325e-06
-1.8689e-06
-4.5837e-07
1.1121e-06
2.7599e-06
4.4345e-06
6.0954e-06
7.8143e-06
9.4362e-06
1.0767e-05
1.1935e-05
1.3109e-05
1.4351e-05
1.568e-05
1.7074e-05
1.85e-05
1.9922e-05
2.1332e-05
2.2744e-05
2.4157e-05
2.5571e-05
2.6977e-05
2.8371e-05
2.9753e-05
3.1119e-05
3.2472e-05
3.3811e-05
3.5137e-05
3.645e-05
3.7749e-05
3.9035e-05
