0.00013954
0.00013437
0.00012899
0.00012344
0.00011769
0.0001118
0.00010564
9.8415e-05
8.946e-05
7.8178e-05
6.3411e-05
5.0048e-05
4.8028e-05
5.1416e-05
6.1439e-05
7.2831e-05
6.4712e-05
5.6335e-05
5.1089e-05
2.8261e-05
-2.7731e-05
-9.7484e-05
-0.00018374
-0.00026631
-0.00031521
-0.00037863
-0.00045557
-0.00046897
-0.00040032
-0.00033101
-0.00024531
-0.00026825
-0.00046765
-0.00065096
-0.00084033
-0.00090538
-0.00081207
-0.00075195
-0.00068251
-0.00064171
-0.00066292
-0.0006616
-0.00065865
-0.00079627
-0.001023
-0.0012203
-0.0014184
-0.0013651
-0.001123
-0.00094507
-0.00080368
-0.0012277
-0.0019434
-0.0025185
-0.0031559
-0.0038625
-0.0040019
-0.0030655
-0.0022488
-0.0015585
-0.0012228
-0.001941
-0.0025741
-0.0030254
-0.0022294
0.00016052
9.2675e-05
-0.00086644
-0.00089011
-0.0010174
-0.0010632
-0.00082369
-0.00063281
-0.00055628
-0.0010454
-0.0016908
-0.0021826
-0.0028673
-0.0045296
-0.0063716
-0.0067442
-0.005432
-0.0024562
-0.00027163
-0.00080108
-0.0022154
-0.0028993
-0.0038083
-0.0046586
-0.0050841
-0.0055737
-0.0061941
-0.0073623
-0.0062382
-0.0040584
-0.0028932
-0.0043041
-0.0071943
-0.0077586
-0.0047779
-0.0028194
-0.0013412
-0.00095301
-0.0025436
0.00011585
0.0043334
0.004271
0.0010485
-0.00034042
8.2096e-05
-7.9171e-05
-0.0005732
-0.00083614
-0.0017603
-0.0028437
-0.0037566
-0.0052011
-0.0073288
-0.0055525
-0.0016912
-0.00030593
-0.0022457
-0.0034045
-0.0021758
-0.0019334
-0.0050403
-0.007648
-0.0085667
-0.0065007
-0.0046387
-0.0053667
-0.0069508
-0.0063866
-0.0022085
0.00095205
0.00065769
0.00023194
0.0007318
0.00067548
-5.7573e-05
-0.00068279
-0.0011618
-0.001872
-0.0031799
-0.0045265
-0.0057349
-0.0062767
-0.0033579
-0.00033039
-0.000848
-0.0025647
-0.0031625
-0.0039314
-0.0039131
-0.003017
-0.0024202
-0.0018479
-0.0010177
-0.00064386
-0.0020939
-0.0035709
-0.0046482
-0.0057247
-0.0062613
-0.0067327
-0.0073133
-0.0077444
-0.0079344
-0.0081637
-0.0084364
-0.0092424
-0.011034
-0.011248
-0.010477
-0.010354
-0.010191
-0.0095252
-0.0088307
-0.0082756
-0.0076616
-0.0069311
-0.0061954
-0.0054892
-0.0047122
-0.0033722
-0.0015091
0.00136
0.0054901
0.011175
0.019316
0.030367
0.046553
0.061666
0.072777
0.085499
0.09864
0.10788
0.11236
0.11544
0.11719
0.11667
0.1157
0.11516
0.1145
0.11301
0.10953
0.10146
0.086802
0.072325
0.058747
0.044153
0.029354
0.016788
0.0071424
-0.00043053
-0.0035594
-0.00036562
0.0044318
0.011163
0.018902
0.026383
0.033228
0.034326
0.02947
0.020331
0.0036562
-0.013107
-0.028783
-0.045421
-0.060636
-0.069966
-0.071788
-0.070401
-0.069647
-0.070157
-0.073605
-0.08098
-0.093345
-0.10468
-0.11961
-0.12672
-0.12394
-0.11945
-0.11804
-0.12215
-0.1262
-0.12614
-0.12275
-0.11676
-0.10646
-0.087831
-0.063079
-0.033252
-0.0022536
0.027111
0.056212
0.079301
0.098914
0.11143
0.11193
0.1099
0.10533
0.098525
0.092025
0.085019
0.076661
0.070987
0.0656
0.059411
0.053576
0.052618
0.055406
0.055668
0.052415
0.046031
0.03173
0.012813
-0.013849
-0.043311
-0.059805
-0.070013
-0.07912
-0.085433
-0.088986
-0.08861
-0.086452
-0.0834
-0.079801
-0.076213
-0.071984
-0.061826
-0.049152
-0.043678
-0.044901
-0.049537
-0.057117
-0.067361
-0.080784
-0.095189
-0.10738
-0.10898
-0.097365
-0.084686
-0.074873
-0.068261
-0.066351
-0.069566
-0.073379
-0.075033
-0.071581
-0.063139
-0.052181
-0.03814
-0.021033
-0.0045801
0.011082
0.031717
0.063825
0.10204
0.13573
0.1653
0.18499
0.19591
0.20243
0.1987
0.17871
0.15236
0.12421
0.090728
0.056378
0.022959
-0.011249
-0.046349
-0.071607
-0.077306
-0.072342
-0.064995
-0.056657
-0.048842
-0.044692
-0.047189
-0.051154
-0.052643
-0.046978
-0.031155
-0.01709
-0.011166
-0.0065523
0.0037159
0.01582
0.025518
0.031744
0.030024
0.022947
0.01295
0.00088808
-0.012255
-0.01945
-0.020523
-0.016963
-0.010965
-0.0055403
0.0023096
0.0062171
0.0036845
0.0017137
0.00080632
-0.0013757
-0.0051073
-0.0058522
0.0028633
0.013058
0.020977
0.028641
0.034612
0.039022
0.043865
0.05037
0.059967
0.069466
0.078433
0.087047
0.089333
0.081837
0.07237
0.061294
0.040994
0.022598
0.016785
0.018754
0.019335
0.018801
0.01697
0.009748
-0.0027022
-0.014457
-0.022949
-0.027914
-0.026037
-0.0177
-0.010945
-0.005669
0.0098705
0.019164
0.018647
0.01585
0.010868
0.0053026
-0.00035285
-0.0055852
-0.0087498
-0.0085626
-0.0080055
-0.0080955
-0.0081162
-0.010444
-0.013524
-0.013597
-0.012024
-0.01154
-0.010976
-0.010187
-0.0085755
-0.0037805
0.0013018
0.0045537
0.0054991
0.0027533
-0.0031401
-0.0085125
-0.013729
-0.018574
-0.02159
-0.024701
-0.028107
-0.029262
-0.025659
-0.021275
-0.017878
-0.01398
-0.010932
-0.009084
-0.0068675
-0.0045822
-0.00343
-0.0042786
-0.0074027
-0.012645
-0.017692
-0.022565
-0.025554
-0.02288
-0.018489
-0.013953
-0.0078366
5.2779e-05
0.0076242
0.014972
0.021323
0.024402
0.027564
0.031349
0.03421
0.034539
0.030696
0.025362
0.020934
0.015967
0.0087076
0.00089034
-0.006278
-0.012978
-0.015664
-0.01503
-0.015454
-0.018192
-0.023549
-0.030322
-0.036752
-0.043262
-0.047977
-0.048401
-0.045619
-0.039093
-0.028802
-0.018991
-0.009447
-0.00094203
-0.00025548
-0.003271
-0.0044431
-0.0059176
-0.0080231
-0.0086143
-0.0054741
0.0025013
0.010143
0.017116
0.020801
0.020214
0.017032
0.0093029
-0.00090929
-0.0093095
-0.013953
-0.015967
-0.017788
-0.019811
-0.021191
-0.020694
-0.01777
-0.01358
-0.0098035
-0.0059267
-0.0027578
-0.0015658
-2.5992e-05
0.0035885
0.010059
0.01628
0.022075
0.028667
0.035933
0.039492
0.038672
0.037608
0.037219
0.036274
0.036069
0.03606
0.033574
0.030872
0.027155
0.02217
0.017531
0.012932
0.0078361
0.0019406
-0.0051081
-0.014179
-0.024056
-0.033447
-0.04322
-0.053966
-0.063014
-0.072859
-0.084318
-0.089446
-0.091553
-0.089377
-0.080746
-0.066202
-0.043456
-0.019589
0.0061199
0.028679
0.040631
0.051172
0.06242
0.070673
0.075634
0.079153
0.079131
0.076528
0.068646
0.05047
0.029389
0.010435
-0.00064961
-0.0066526
-0.0096201
-0.0085858
-0.001749
0.0054609
0.010678
0.013807
0.012665
0.0069769
0.00032733
-0.005787
-0.012337
-0.017101
-0.016974
-0.012677
-0.0086272
-0.0036622
0.0034358
0.010189
0.016612
0.023466
0.029709
0.03314
0.032139
0.028117
0.020583
0.00055029
-0.020644
-0.03651
-0.055087
-0.074575
-0.080851
-0.079817
-0.077094
-0.071545
-0.06527
-0.059215
-0.052658
-0.044864
-0.037058
-0.027801
-0.017015
-0.0067571
0.0034116
0.013289
0.019883
0.022184
0.023942
0.026417
0.028453
0.031774
0.036207
0.040171
0.04408
0.046631
0.046571
0.044972
0.042212
0.037426
0.032689
0.02823
0.023825
0.021596
0.020567
0.018865
0.017213
0.015539
0.014343
0.016901
0.022261
0.026387
0.028661
0.028015
0.023927
0.015212
0.0051806
-0.0046054
-0.011702
-0.015902
-0.018173
-0.018006
-0.017147
-0.016685
-0.015967
-0.014931
-0.013961
-0.013061
-0.012047
-0.010598
-0.0090602
-0.0076375
-0.0064565
-0.0065908
-0.0069385
-0.0069622
-0.0066915
-0.004427
-0.0017972
0.00033462
0.0017437
0.0015224
0.0014657
0.0016485
0.0012044
4.1175e-05
-0.00092905
-0.0018
-0.0022746
-0.0019865
-0.0018345
-0.0017838
-0.0022075
-0.0034918
-0.004615
-0.0056488
-0.0074884
-0.010029
-0.011609
-0.011363
-0.010078
-0.008088
-0.0056531
-0.0016915
0.0023226
0.0060357
0.0097912
0.013221
0.015718
0.016917
0.016341
0.015519
0.015013
0.014262
0.013336
0.012493
0.011679
0.010173
0.0062922
0.0023578
-0.0010676
-0.0044354
-0.0063322
-0.0059596
-0.0030571
0.00011367
0.002903
0.0058704
0.0072639
0.0069416
0.0053965
0.0040271
0.0026899
0.00084641
-0.0015059
-0.0037136
-0.0058654
-0.0082669
-0.010825
-0.013077
-0.013438
-0.011757
-0.010548
-0.0095302
-0.0087596
-0.0090622
-0.010752
-0.012898
-0.014748
-0.016708
-0.018667
-0.020528
-0.0224
-0.024368
-0.026374
-0.026571
-0.025137
-0.022822
-0.020003
-0.017272
-0.014634
-0.013558
-0.013165
-0.012298
-0.01155
-0.01112
-0.010651
-0.010103
-0.0094834
-0.0079052
-0.0043721
0.00093146
0.0058642
0.010684
0.015623
0.020121
0.02458
0.029129
0.032903
0.03481
0.036839
0.03921
0.040244
0.038548
0.036816
0.033615
0.029462
0.025729
0.021777
0.016745
0.011637
0.0067952
0.0016614
-0.0038175
-0.0071606
-0.0092377
-0.012062
-0.014714
-0.015851
-0.016602
-0.017793
-0.018485
-0.016513
-0.013967
-0.012141
-0.01011
-0.0082834
-0.0074916
-0.0081064
-0.0084946
-0.0087059
-0.0090738
-0.0093328
-0.0095417
-0.009783
-0.010625
-0.012321
-0.013816
-0.015154
-0.013998
-0.010039
-0.0069437
-0.0040341
0.00014141
0.0050174
0.0094859
0.01395
0.01854
0.022885
0.025656
0.026408
0.025533
0.023077
0.019672
0.016552
0.013522
0.011871
0.010886
0.009479
0.0082137
0.0075146
0.0068528
0.0060432
0.0051519
0.0033109
0.0011842
-0.00067664
-0.0026245
-0.0046012
-0.0057865
-0.0066552
-0.0077668
-0.0086305
-0.0080651
-0.0071915
-0.0067054
-0.0061191
-0.0057033
-0.0054392
-0.0051162
-0.0049638
-0.0059778
-0.0072784
-0.0082591
-0.0092385
-0.0097891
-0.010205
-0.010731
-0.011113
-0.011079
-0.011056
-0.011122
-0.010783
-0.0091724
-0.0075508
-0.0061998
-0.0045375
-0.0023317
-0.00018433
0.0018548
0.0031716
0.0024522
0.0018147
0.0015571
0.0011976
0.0012747
0.0014373
0.0015048
0.0017606
0.0023177
0.0028139
0.0032638
0.0032586
0.0022906
0.0014478
0.00075745
0.0003839
0.00066882
0.00084784
0.00094492
0.0011253
0.0012713
0.0013903
0.0015116
0.0012926
0.00077991
0.0014885
0.0045827
0.007527
0.010041
0.012758
0.01489
0.015982
0.016017
0.014516
0.012564
0.01093
0.0092767
0.0088347
0.0090051
0.0093907
0.010695
0.011969
0.013084
0.01298
0.010991
0.0094079
0.0080489
0.0066548
0.0055754
0.0044988
0.0033859
0.0025046
0.0017825
0.0009789
0.00015867
-0.0010845
-0.0026972
-0.0041589
-0.0056275
-0.0073925
-0.0092677
-0.011051
-0.012755
-0.01355
-0.013958
-0.014641
-0.015076
-0.013547
-0.011328
-0.0096888
-0.0080817
-0.007464
-0.0072515
-0.0067543
-0.0065149
-0.0075916
-0.0089298
-0.0099135
-0.011013
-0.012139
-0.013183
-0.01423
-0.014792
-0.013008
-0.010891
-0.0093484
-0.0076107
-0.0060726
-0.0047132
-0.0032885
-0.0020024
-0.0013932
-0.00086781
-0.00017615
0.00016712
-0.00051527
-0.0011889
-0.0016448
-0.0021481
-0.0024528
-0.0027142
-0.0030175
-0.0025563
-0.00019174
0.0020588
0.0039584
0.0058575
0.0070827
0.0082411
0.0095377
0.0099807
0.0084277
0.0070175
0.0059739
0.0054085
0.0062676
0.0070176
0.0075524
0.0093539
0.012693
0.015603
0.018336
0.020241
0.020526
0.021099
0.021866
0.021499
0.01976
0.017091
0.013334
0.0083901
0.003545
-0.00118
-0.0051624
-0.0078303
-0.010751
-0.013818
-0.016296
-0.018119
-0.018451
-0.018534
-0.018945
-0.019004
-0.018336
-0.017729
-0.017272
-0.016493
-0.014921
-0.013371
-0.011986
-0.010754
-0.010174
-0.0096009
-0.0089023
-0.0082012
-0.0072892
-0.0063548
-0.0054635
-0.0046487
-0.004017
-0.0033672
-0.0026892
-0.001783
-0.0003903
0.00093999
0.0022008
0.0040006
0.0064684
0.0087542
0.010966
0.013035
0.014714
0.016445
0.018229
0.020064
0.022053
0.024026
0.025972
0.027403
0.027758
0.026221
0.024239
0.022677
0.020756
0.017974
0.015189
0.012603
0.0097891
0.0065253
0.0032983
0.00016263
-0.0026133
-0.0043168
-0.0060545
-0.0079924
-0.0091261
-0.0089865
-0.0090876
-0.0093721
-0.0092828
-0.0089597
-0.0087611
-0.008584
-0.0086484
-0.0090381
-0.009341
-0.0096179
-0.010033
-0.010527
-0.010976
-0.011395
-0.010948
-0.0098041
-0.0089638
-0.0081616
-0.0080638
-0.0086713
-0.00902
-0.0093281
-0.00956
-0.0096435
-0.0097579
-0.0098251
-0.0090933
-0.0079195
-0.0070028
-0.0061209
-0.0057511
-0.005662
-0.0054132
-0.0051579
-0.0046307
-0.0039442
-0.0033438
-0.002691
-0.001736
-0.00072499
0.0002043
0.0013561
0.0038252
0.0066115
0.0090388
0.011416
0.012699
0.013599
0.014811
0.01566
0.014564
0.012222
0.009211
0.0062805
0.0033461
0.0025371
0.0041391
0.0049981
0.0056927
0.0074881
0.0099014
0.01196
0.013975
0.014475
0.013165
0.01239
0.011729
0.0095835
0.0062662
0.0034435
0.00067266
-0.0023762
-0.0053987
-0.0083428
-0.011325
-0.014437
-0.017094
-0.018431
-0.018537
-0.017857
-0.017434
-0.016985
-0.016716
-0.016687
-0.016588
-0.016466
-0.016202
-0.015826
-0.015497
-0.015061
-0.013105
-0.010297
-0.0079784
-0.0055867
-0.0027212
0.00022597
0.0030373
0.0058614
0.0083467
0.010257
0.01104
0.010326
0.0082681
0.0065539
0.0049294
0.0043836
0.0049125
0.0050477
0.0051292
0.0048555
0.0040931
0.0034711
0.0028424
0.0016239
0.0001281
-0.0011804
-0.0023494
-0.0019733
-0.00092965
-0.00035406
0.0003274
0.0012283
0.0019954
0.0028314
0.0034721
0.002619
0.0013685
0.00053209
-0.00034764
-0.00074379
-0.00090023
-0.0011944
-0.0012591
-0.00036138
0.00063055
0.0013762
0.0018985
0.00096102
-0.00022302
-0.0010251
-0.0016544
-0.0012547
-0.00075653
-0.00048704
-5.8296e-05
0.0005522
0.0010978
0.0015929
0.0017426
0.00097418
0.00027012
-0.00024082
-0.00095063
-0.0018298
-0.0025955
-0.0032894
-0.0033082
-0.0023568
-0.0016441
-0.0010624
-0.00050911
-0.00010044
0.001516
0.0035679
0.0051234
0.0065835
0.0073348
0.0071706
0.0059259
0.0047783
0.0038252
0.0027387
0.0017697
0.0021169
0.0029075
0.003272
0.0037019
0.0043741
0.0049859
0.0054634
0.0058607
0.0057004
0.0053111
0.0050742
0.0048217
0.004646
0.0045128
0.004338
0.0040713
0.0034439
0.0027907
0.0022503
0.0017065
0.001212
0.00076978
0.00035055
1.8292e-05
-9.2216e-05
-0.00020646
-0.00036773
-0.00056437
-0.00094754
-0.0012973
-0.00156
-0.0018093
-0.0020347
-0.0022073
-0.0023374
-0.0024379
-0.002509
-0.002545
-0.0025507
-0.0024995
-0.0023797
-0.0022734
-0.0021774
-0.002057
-0.0019227
-0.0018141
-0.0017213
-0.0016615
-0.0016345
-0.0015882
-0.0015313
-0.0014757
-0.0014162
-0.0013511
-0.0012842
-0.0012178
-0.0011519
-0.0010861
-0.0010218
-0.00095859
-0.00089778
-0.00084083
-0.00078689
-0.00073457
-0.00068539
-0.00063973
-0.00059621
-0.0005541
-0.00051335
-0.00047359
-0.00043436
-0.00039545
-0.00035667
-0.00031793
-0.00027923
-0.00024057
-0.00020196
-0.00016343
-0.000125
-8.6704e-05
-4.8578e-05
