0.00020956
0.00020968
0.00020985
0.00021003
0.00021025
0.0002105
0.00021076
0.00021106
0.0002114
0.0002118
0.00021221
0.00021262
0.00021307
0.00021363
0.00021425
0.0002148
0.00021526
0.00021579
0.0002164
0.00021693
0.0002172
0.00021727
0.00021755
0.00021819
0.00021911
0.00021981
0.00022033
0.00022258
0.00022628
0.00022902
0.00022958
0.00022849
0.00022856
0.00023034
0.00023213
0.00023333
0.00023478
0.00023642
0.00023747
0.00023686
0.00023668
0.00023949
0.00023962
0.00023545
0.00024228
0.00025862
0.00026534
0.00026368
0.00026776
0.00028651
0.0003105
0.00031701
0.00030387
0.00027976
0.00025596
0.00023516
0.00021817
0.00020794
0.00020945
0.00021265
0.00020863
0.00019549
0.0001804
0.00017085
0.0001741
0.00019209
0.00022154
0.00025761
0.000294
0.0003229
0.00033765
0.00034703
0.00036174
0.00039229
0.00041251
0.00038644
0.00032053
0.00024547
0.00024084
0.00029583
0.00035103
0.00035772
0.00031949
0.00030303
0.00031676
0.00029421
0.00024738
0.00023969
0.00029473
0.00038206
0.00046575
0.00054288
0.00062955
0.00071019
0.00075255
0.00067692
0.00050669
0.00037805
0.0002981
0.00019895
0.00011268
8.7353e-05
0.00012485
0.00021048
0.0003416
0.00038378
0.00031011
0.00027394
0.00032107
0.0003758
0.00038756
0.00036821
0.0003406
0.00034561
0.00044134
0.00055092
0.00058552
0.00054355
0.00046998
0.00039253
0.00031069
0.00021712
0.00017272
0.00021247
0.00039182
0.0005608
0.00051648
0.0002933
1.2587e-05
-0.00018662
-0.00025798
-0.00021646
-0.00014051
-5.3068e-05
7.1306e-05
0.00019537
0.00021332
0.0001903
0.00023152
0.00033219
0.00039726
0.00031385
0.00010657
-0.00015493
-0.00030152
-0.00029756
-0.00018644
-4.4887e-05
9.1627e-05
0.00020754
0.00031014
0.00043114
0.0005425
0.00055104
0.00046843
0.00034774
0.00015297
-4.6667e-05
-7.5667e-05
1.5046e-05
9.6206e-05
0.00019723
0.00030561
0.00023955
8.6272e-05
3.4114e-05
6.9111e-05
0.00014349
0.00051997
0.00091145
0.00078672
0.00039482
0.00013902
7.2469e-05
0.00014615
0.00053016
0.0010104
0.0013327
0.0016425
0.001927
0.0017445
0.001116
0.00030916
-0.00014443
-0.00011555
0.00016782
0.00039365
0.00047684
0.00036492
0.00014231
1.43e-05
0.00014399
0.00058693
0.0011004
0.0015058
0.0016921
0.0017597
0.0017945
0.0017231
0.0014528
0.00093323
0.00035915
0.00017941
0.00063956
0.0015923
0.0024332
0.0027968
0.0025226
0.0018953
0.0010977
0.00035242
-9.8514e-05
8.713e-05
0.00049928
0.00065119
0.00059356
0.00056468
0.00049419
0.0002059
-0.00036642
-0.00087564
-0.0011064
-0.00095302
-0.00027384
0.0010795
0.0024192
0.0032144
0.0029455
0.0020956
0.0013976
0.0011694
0.0012506
0.0014005
0.0015042
0.0016075
0.0019142
0.0024369
0.0025583
0.0022431
0.0018981
0.001327
0.00030024
-0.00030402
-0.00052355
-0.0011413
-0.0020327
-0.0026775
-0.0028802
-0.0027218
-0.0020377
-0.0010814
-0.0001872
0.00056182
0.001185
0.0015228
0.0018491
0.0024443
0.0031372
0.0036601
0.0038795
0.0038091
0.0035542
0.0034081
0.0033412
0.0029889
0.0021572
0.00097858
-0.00014131
-0.00082447
-0.00065747
-0.00020161
-0.00011939
-0.00052693
-0.0010194
-0.0011322
-0.00092296
-0.00065474
-0.00053422
-0.00050103
-0.00035381
-0.00011047
0.00011322
0.00049875
0.0011997
0.0024988
0.0038911
0.0046158
0.0046084
0.0043479
0.004165
0.0040062
0.0036764
0.0027626
0.0011746
-0.00032804
-0.00092563
-0.00031871
0.00071028
0.0015312
0.0015945
0.001324
0.0014034
0.0019565
0.0025855
0.0023795
0.0013356
8.6821e-06
-0.0011611
-0.0021553
-0.0028002
-0.0030061
-0.0027444
-0.0019045
-0.00044561
0.0010008
0.0018411
0.0015563
0.00054134
-0.00045243
-0.00025239
0.0009687
0.0026252
0.0036819
0.0038427
0.0044475
0.0059047
0.0070975
0.0073087
0.0067565
0.0057395
0.0046897
0.0043876
0.0047063
0.0049951
0.0042432
0.0023006
-0.00038518
-0.0025723
-0.0036331
-0.0037696
-0.0031375
-0.0013462
0.00048118
0.0012963
0.0014889
0.0018175
0.0025681
0.0033022
0.0036442
0.0038085
0.0042632
0.0054346
0.0067117
0.0072801
0.0067989
0.0059081
0.0057158
0.0065083
0.0080426
0.0094097
0.010099
0.0094595
0.0074268
0.0042178
0.0011543
-0.00080787
-0.0013109
-0.0013922
-0.0018632
-0.0027813
-0.0036824
-0.0041498
-0.0042662
-0.0041802
-0.0033694
-0.0018818
-0.00059555
0.00022965
0.00088915
0.0014937
0.0020461
0.0027227
0.0032804
0.0032272
0.0021252
0.00035492
-0.0011017
-0.0016999
-0.0014819
-0.0014902
-0.0021906
-0.0033215
-0.0042527
-0.0045584
-0.0038764
-0.0024103
-0.00019986
0.0020023
0.0033081
0.0032956
0.0021282
0.00085874
0.00035554
0.00076763
0.0011882
0.0010736
0.00052438
0.00018344
0.00051148
0.0013117
0.0021632
0.0023192
0.0017434
0.0008186
-0.00012075
-0.0011953
-0.0029358
-0.004463
-0.0044226
-0.0032689
-0.0019001
-0.00084296
-0.00052996
-0.0013085
-0.0023287
-0.0029455
-0.0030798
-0.0028639
-0.0022578
-0.0012689
6.9778e-05
0.001347
0.0020808
0.0020248
0.0015348
0.00085166
-5.3246e-05
-0.00080453
-0.00091013
-0.00086938
-0.0012034
-0.0019156
-0.0025965
-0.0028861
-0.0015499
0.0019546
0.006071
0.0093547
0.01133
0.011744
0.010755
0.0099071
0.009744
0.0096385
0.0086029
0.0063219
0.002839
-0.0010433
-0.0046171
-0.0074016
-0.0091346
-0.0088281
-0.0072367
-0.0056958
-0.0037437
-0.00044938
0.0036187
0.0072854
0.0096208
0.0099467
0.0084574
0.0070591
0.0065717
0.0065272
0.0059058
0.0043991
0.0025468
0.00094567
-0.00021075
-0.00086623
-0.00088831
0.00038806
0.0024745
0.0045271
0.0063526
0.008118
0.0094852
0.010636
0.012076
0.012866
0.012162
0.010646
0.0088248
0.0062082
0.0025032
-0.0020279
-0.0067006
-0.010365
-0.012084
-0.011273
-0.0078023
-0.0027342
0.0015105
0.003163
0.0025472
0.00050546
-0.0017657
-0.0029211
-0.002164
-0.00020177
0.0022861
0.0046041
0.0060017
0.005937
0.0046338
0.0024276
0.00028245
-0.00091068
-0.00081445
-0.00047617
-0.00073618
-0.0020063
-0.0034933
-0.004118
-0.0026549
0.00040175
0.0033315
0.0047907
0.0043337
0.0022995
-0.00010211
-0.0011696
-0.00024521
0.0020757
0.0043621
0.0056257
0.0049245
0.0025178
-0.0005814
-0.0022846
-0.0020945
4.7433e-05
0.0031709
0.0062385
0.0072869
0.0062947
0.0048368
0.0037333
0.0026406
0.0012339
-0.0003655
-0.0018518
-0.0030163
-0.0040424
-0.0061582
-0.0092462
-0.012172
-0.013359
-0.012838
-0.011771
-0.010776
-0.0093847
-0.0069816
-0.0039211
-0.0012891
0.00070217
0.0024429
0.0043511
0.0064632
0.008677
0.010224
0.01028
0.009321
0.0081225
0.0064432
0.004001
0.00086284
-0.0025621
-0.0056405
-0.0074993
-0.0078013
-0.0068698
-0.0054057
-0.0036846
-0.0017353
0.00041241
0.002668
0.0048164
0.0066455
0.007889
0.0080958
0.0069529
0.0033663
-0.0012294
-0.0034204
-0.0022154
0.0013988
0.0059408
0.0092259
0.0097368
0.0083512
0.0061186
0.0037944
0.0020033
0.0011639
0.00078611
0.00026447
-0.00071801
-0.0017308
-0.0021114
-0.00085647
0.0021943
0.0066817
0.011923
0.017591
0.021169
0.021973
0.020532
0.018439
0.016704
0.014912
0.012275
0.0084231
0.0039194
-0.00040192
-0.0031887
-0.0045928
-0.0050605
-0.0050914
-0.0049432
-0.0049694
-0.0051954
-0.0054499
-0.0051086
-0.0037045
-0.00060276
0.0036763
0.0083191
0.012785
0.017047
0.020684
0.02372
0.026169
0.028239
0.029898
0.029465
0.026028
0.019768
0.012563
0.0057024
8.7125e-05
-0.0038318
-0.0071994
-0.010327
-0.011833
-0.01117
-0.0084574
-0.0055012
-0.0035033
-0.0025107
-0.0014719
0.0001682
0.001454
0.0016206
0.0007732
0.00052861
0.0023019
0.0055185
0.0083212
0.0087838
0.0074979
0.0056457
0.0045001
0.0041317
0.0038805
0.0034223
0.0031638
0.0044844
0.0070576
0.0096545
0.0096381
0.0057546
-0.00094587
-0.0080325
-0.014035
-0.017902
-0.019859
-0.020594
-0.021924
-0.025091
-0.029545
-0.033826
-0.03658
-0.037163
-0.035929
-0.03425
-0.032955
-0.031883
-0.030134
-0.027167
-0.022605
-0.015999
-0.0067618
0.0039108
0.014525
0.023737
0.029899
0.030235
0.026744
0.022369
0.019129
0.017737
0.018426
0.021507
0.027006
0.032491
0.035422
0.035589
0.034142
0.033807
0.035181
0.037453
0.039258
0.0402
0.040965
0.041944
0.042632
0.041833
0.0388
0.032753
0.024242
0.014271
0.0056421
-0.00062333
-0.0052795
-0.0088606
-0.010643
-0.0088876
-0.0039928
0.0026824
0.0094871
0.016265
0.022031
0.025992
0.028186
0.029533
0.031461
0.034855
0.039977
0.045308
0.049733
0.052615
0.053508
0.051607
0.046256
0.037449
0.025079
0.01206
0.001087
-0.0073875
-0.015701
-0.025802
-0.039206
-0.054833
-0.069333
-0.078814
-0.084326
-0.087967
-0.090776
-0.092031
-0.091156
-0.087676
-0.080906
-0.071052
-0.055584
-0.035461
-0.016079
-0.00056347
0.011941
0.021142
0.028704
0.037257
0.050914
0.0693
0.086755
0.096531
0.095691
0.091859
0.085048
0.069035
0.047089
0.022288
-0.0025082
-0.026083
-0.043991
-0.055202
-0.060929
-0.065639
-0.07033
-0.073927
-0.075611
-0.074268
-0.070752
-0.065916
-0.062089
-0.060701
-0.061692
-0.0637
-0.064837
-0.063318
-0.05883
-0.052277
-0.044377
-0.033684
-0.020576
-0.0068895
0.002882
0.0072137
0.0083418
0.0075393
0.005117
0.0023202
0.00051646
0.0002216
0.0019585
0.0051196
0.0096028
0.014776
0.019908
0.023979
0.025512
0.021909
0.013641
0.0028841
-0.0073971
-0.015944
-0.023145
-0.028606
-0.033095
-0.037472
-0.041841
-0.045988
-0.050153
-0.055023
-0.06126
-0.068804
-0.076878
-0.084491
-0.090632
-0.094563
-0.094081
-0.089449
-0.081929
-0.072652
-0.062414
-0.052006
-0.041715
-0.032355
-0.0242
-0.018969
-0.017043
-0.016173
-0.014637
-0.010863
-0.003156
0.0060461
0.013736
0.018819
0.022023
0.024789
0.028105
0.032112
0.035187
0.036317
0.036348
0.036721
0.038695
0.042632
0.048036
0.053788
0.058313
0.059144
0.057614
0.055855
0.055629
0.057024
0.059573
0.06311
0.06835
0.07504
0.081486
0.085193
0.086279
0.085544
0.082797
0.076903
0.068549
0.059289
0.049776
0.040245
0.032293
0.026552
0.019724
0.0090186
-0.0056212
-0.018738
-0.026383
-0.024791
-0.016914
-0.0079227
0.0015715
0.0093617
0.01134
0.0090269
0.005698
0.0040819
0.005295
0.0080613
0.010523
0.011496
0.011957
0.013235
0.015863
0.019758
0.025184
0.030698
0.034435
0.033383
0.028293
0.021555
0.016241
0.013634
0.014273
0.016563
0.018622
0.01774
0.012764
0.0032866
-0.009529
-0.023844
-0.038239
-0.050185
-0.05959
-0.068351
-0.077042
-0.084646
-0.091004
-0.097013
-0.10374
-0.11066
-0.11707
-0.12324
-0.12935
-0.1354
-0.14209
-0.14952
-0.15729
-0.16548
-0.17216
-0.17396
-0.16832
-0.1547
-0.13425
-0.1059
-0.071107
-0.036242
-0.0058496
0.018233
0.033205
0.040958
0.046785
0.054133
0.061851
0.068003
0.071271
0.069722
0.062905
0.051725
0.039527
0.030439
0.024963
0.021298
0.018043
0.015544
0.01547
0.018626
0.025128
0.034661
0.045506
0.054886
0.062328
0.067837
0.073306
0.079904
0.084938
0.087286
0.089117
0.090656
0.088926
0.082454
0.067896
0.045636
0.021246
-0.0035026
-0.028524
-0.056666
-0.080543
-0.09326
-0.098117
-0.097342
-0.091016
-0.080346
-0.070621
-0.063722
-0.058441
-0.051091
-0.039308
-0.020508
0.00090213
0.018989
0.033904
0.047959
0.058173
0.062855
0.065098
0.066527
0.067853
0.068988
0.069615
0.068805
0.065852
0.061204
0.05612
0.051585
0.048374
0.045351
0.041025
0.033809
0.023793
0.012038
-0.00056613
-0.014039
-0.027945
-0.041004
-0.051882
-0.062718
-0.074906
-0.085319
-0.094053
-0.10265
-0.10997
-0.11573
-0.12085
-0.12611
-0.13108
-0.13507
-0.13786
-0.14011
-0.14231
-0.14346
-0.14229
-0.13856
-0.13291
-0.12562
-0.11437
-0.09475
-0.072317
-0.0566
-0.04754
-0.043048
-0.039497
-0.035187
-0.030329
-0.025016
-0.018338
-0.0088907
0.0055174
0.025023
0.046161
0.064869
0.078294
0.082703
0.078378
0.068584
0.056969
0.043883
0.032919
0.028228
0.027363
0.028183
0.03024
0.033561
0.03752
0.043136
0.051474
0.063745
0.080591
0.093834
0.097536
0.093308
0.084674
0.076334
0.069877
0.063687
0.058589
0.056145
0.055593
0.054884
0.051761
0.045507
0.036331
0.02177
0.0039511
-0.012432
-0.026386
-0.041296
-0.057611
-0.072038
-0.081273
-0.083653
-0.082824
-0.083065
-0.086195
-0.092318
-0.099859
-0.10582
-0.10766
-0.10607
-0.1023
-0.096719
-0.088635
-0.076779
-0.061132
-0.047633
-0.041047
-0.041781
-0.045624
-0.049593
-0.053127
-0.056569
-0.060028
-0.062905
-0.064011
-0.063159
-0.061005
-0.058634
-0.057082
-0.057587
-0.061466
-0.068726
-0.076445
-0.083927
-0.091992
-0.099576
-0.10459
-0.10624
-0.10415
-0.099157
-0.091523
-0.082293
-0.072052
-0.060343
-0.046607
-0.030135
-0.01108
0.0085021
0.025817
0.038174
0.041978
0.041162
0.041379
0.043473
0.046316
0.0496
0.05373
0.057977
0.061041
0.062118
0.061708
0.060628
0.061133
0.064209
0.07168
0.084894
0.10379
0.13016
0.15637
0.174
0.18285
0.18667
0.1868
0.18372
0.17771
0.1689
0.15827
0.14529
0.12761
0.11038
0.092736
0.074416
0.05852
0.045662
0.034641
0.025045
0.017487
0.013974
0.015282
0.020926
0.0293
0.040169
0.050182
0.053823
0.049845
0.040415
0.023801
0.0021389
-0.022505
-0.051088
-0.080438
-0.10307
-0.11818
-0.13112
-0.1456
-0.15861
-0.16267
-0.15789
-0.14914
-0.13616
-0.11536
-0.082927
-0.047507
-0.016258
0.012721
0.04163
0.064711
0.07797
0.088266
0.10174
0.11778
0.1306
0.13773
0.14047
0.1411
0.1389
0.1332
0.12379
0.10919
0.092141
0.075431
0.056488
0.037305
0.021689
0.010869
0.0023629
-0.0072689
-0.018295
-0.029249
-0.039799
-0.051001
-0.06419
-0.07753
-0.089653
-0.10175
-0.11416
-0.12576
-0.13407
-0.13939
-0.14235
-0.14249
-0.13932
-0.13249
-0.12297
-0.11314
-0.10611
-0.1051
-0.11088
-0.12192
-0.13479
-0.14935
-0.16373
-0.17689
-0.18895
-0.19705
-0.1973
-0.18904
-0.17537
-0.15406
-0.11869
-0.081872
-0.055026
-0.034805
-0.015001
0.0023831
0.017209
0.031087
0.043967
0.052253
0.051615
0.043743
0.033541
0.02384
0.015985
0.010915
0.0088548
0.0099153
0.014393
0.024271
0.041443
0.065279
0.092242
0.11496
0.13522
0.15455
0.1726
0.18961
0.20655
0.22313
0.23791
0.25021
0.2587
0.26482
0.27059
0.27568
0.27699
0.27199
0.25966
0.24369
0.22589
0.2024
0.17642
0.15224
0.13172
0.11426
0.099962
0.088122
0.076808
0.066065
0.05519
0.044015
0.033585
0.025387
0.019808
0.016285
0.012976
0.0083515
0.0027078
-0.0030619
-0.0085247
-0.013144
-0.016442
-0.02012
-0.025771
-0.034876
-0.046649
-0.060037
-0.078166
-0.102
-0.13208
-0.16055
-0.18488
-0.20682
-0.22383
-0.23296
-0.23233
-0.22443
-0.21099
-0.19443
-0.17711
-0.15835
-0.1364
-0.11257
-0.088967
-0.066501
-0.045429
-0.031016
-0.023055
-0.018951
-0.017619
-0.017738
-0.019643
-0.023476
-0.027562
-0.030014
-0.029101
-0.020877
-0.0066292
0.011731
0.028961
0.039499
0.044381
0.044248
0.041067
0.036131
0.029229
0.021592
0.014413
0.0080757
0.0023543
-0.0033379
-0.0096736
-0.015428
-0.019526
-0.022996
-0.026687
-0.030231
-0.033954
-0.038546
-0.042634
-0.045026
-0.044078
-0.039212
-0.030282
-0.016835
-0.0014651
0.010333
0.016095
0.019115
0.019302
0.017195
0.013991
0.012471
0.014104
0.018545
0.02627
0.035884
0.046705
0.057257
0.065929
0.072906
0.078319
0.083029
0.086381
0.087547
0.086833
0.084605
0.080344
0.074758
0.066487
0.055691
0.04386
0.032558
0.024792
0.021194
0.020596
0.021336
0.022554
0.023078
0.02319
0.023686
0.023916
0.022963
0.020813
0.017418
0.012065
0.0068632
0.0041305
0.0061616
0.012376
0.023069
0.034995
0.043957
0.049892
0.053912
0.057077
0.060105
0.062685
0.063626
0.062518
0.05957
0.054062
0.043917
0.028225
0.0091056
-0.013228
-0.035221
-0.055607
-0.072491
-0.084798
-0.091774
-0.093854
-0.09193
-0.086947
-0.077399
-0.063496
-0.049026
-0.035437
-0.019339
0.00049624
0.022148
0.040618
0.054972
0.066546
0.077063
0.086724
0.093352
0.097053
0.099685
0.1025
0.10549
0.10769
0.10868
0.10869
0.10715
0.10089
0.084178
0.061112
0.042261
0.02648
0.00049236
-0.037139
-0.043151
-0.024773
-0.010337
-0.006898
-0.0035886
0.00629
0.019932
0.032451
0.041331
0.048431
0.055753
0.063665
0.071366
0.077599
0.080801
0.082289
0.083287
0.084053
0.08403
0.081606
0.075886
0.067371
0.05768
0.047842
0.03902
0.031183
0.023859
0.016482
0.0087667
-2.1354e-05
-0.0098412
-0.017091
-0.017878
-0.014972
-0.0094045
-0.0029338
0.0023673
0.005487
0.0058617
0.0052112
0.0046404
0.0044348
0.0037683
0.00016051
-0.0069191
-0.016642
-0.027425
-0.038916
-0.052111
-0.067028
-0.083435
-0.099261
-0.10911
-0.114
-0.11677
-0.11816
-0.11764
-0.11448
-0.10896
-0.10078
-0.090152
-0.077199
-0.065644
-0.057519
-0.050648
-0.043637
-0.035834
-0.026186
-0.014134
-0.00075227
0.013024
0.0238
0.029934
0.034159
0.036449
0.036591
0.034487
0.031573
0.028876
0.027082
0.025644
0.023794
0.020997
0.017022
0.01237
0.0071852
0.00063374
-0.0077014
-0.017803
-0.029128
-0.041037
-0.052979
-0.063418
-0.071447
-0.076857
-0.080394
-0.082154
-0.082387
-0.080667
-0.076847
-0.071495
-0.06627
-0.061784
-0.05808
-0.054239
-0.04917
-0.042318
-0.033543
-0.025747
-0.020188
-0.016168
-0.012727
-0.010502
-0.010202
-0.013002
-0.017877
-0.023035
-0.026777
-0.029369
-0.031468
-0.033875
-0.037212
-0.041361
-0.04603
-0.050459
-0.054652
-0.06006
-0.066659
-0.0734
-0.080205
-0.087083
-0.093253
-0.097152
-0.097307
-0.093691
-0.083754
-0.071138
-0.059067
-0.040845
-0.02162
-0.0030693
0.017638
0.037248
0.053087
0.06817
0.084851
0.10245
0.11795
0.12723
0.13032
0.13045
0.12761
0.12167
0.11331
0.10423
0.095574
0.087366
0.080841
0.075424
0.069876
0.063496
0.053774
0.041647
0.029824
0.01881
0.0094934
0.004094
0.0036625
0.0074663
0.013213
0.019294
0.024563
0.029064
0.032588
0.035351
0.034977
0.031318
0.025074
0.019618
0.017374
0.01876
0.021658
0.025088
0.029285
0.034835
0.040274
0.044621
0.047623
0.04951
0.049209
0.046206
0.040538
0.033023
0.024597
0.015996
0.0084764
0.0028867
-0.00011164
-0.00094434
-8.4917e-05
0.0018979
0.0048035
0.007348
0.0084238
0.0066507
0.0011063
-0.010718
-0.026187
-0.041803
-0.056936
-0.068781
-0.075258
-0.077459
-0.075299
-0.06957
-0.062815
-0.056002
-0.0497
-0.044133
-0.040926
-0.03978
-0.039939
-0.040508
-0.041145
-0.042192
-0.04345
-0.043728
-0.042306
-0.039248
-0.033751
-0.025762
-0.016382
-0.0084537
-0.0041045
-0.003332
-0.0052457
-0.007311
-0.0078831
-0.0057315
-0.0014205
0.0038981
0.0091095
0.013788
0.017341
0.020319
0.02322
0.024769
0.023581
0.019057
0.013011
0.0076621
0.0060129
0.008477
0.013877
0.021449
0.032673
0.04682
0.062538
0.078382
0.093868
0.109
0.12169
0.13268
0.14338
0.14986
0.14989
0.14627
0.14113
0.1356
0.12928
0.12119
0.11068
0.098709
0.086409
0.072399
0.056049
0.040347
0.026772
0.014778
0.0075632
0.0075869
0.013673
0.020975
0.027464
0.032357
0.03568
0.037369
0.037545
0.035532
0.031728
0.027049
0.022246
0.017098
0.010749
0.0034963
-0.0038667
-0.011018
-0.01834
-0.026358
-0.035261
-0.044416
-0.05319
-0.061587
-0.070066
-0.079029
-0.087319
-0.093816
-0.097784
-0.098813
-0.096061
-0.091192
-0.085947
-0.079715
-0.072161
-0.064842
-0.059126
-0.055523
-0.054028
-0.054649
-0.056582
-0.058013
-0.056876
-0.052696
-0.045949
-0.036293
-0.025803
-0.017007
-0.010933
-0.0081624
-0.008204
-0.010543
-0.01274
-0.013644
-0.013774
-0.014639
-0.01667
-0.019096
-0.021512
-0.02432
-0.027914
-0.031846
-0.035047
-0.036824
-0.036902
-0.036513
-0.036742
-0.037881
-0.038138
-0.0355
-0.026257
-0.007419
0.017754
0.045642
0.070324
0.084194
0.093454
0.10039
0.10503
0.10898
0.11309
0.11685
0.11948
0.12031
0.11923
0.11797
0.11637
0.11209
0.10471
0.096745
0.089856
0.083467
0.076382
0.069572
0.065999
0.065385
0.065536
0.064161
0.06065
0.054587
0.044948
0.03166
0.018165
0.0079596
0.0012183
-0.0042834
-0.010005
-0.016243
-0.022673
-0.02932
-0.036771
-0.045157
-0.05402
-0.062474
-0.069761
-0.074045
-0.075433
-0.073786
-0.068927
-0.059942
-0.049275
-0.039206
-0.030925
-0.025145
-0.02077
-0.017614
-0.015113
-0.012975
-0.010765
-0.0081435
-0.0049306
-0.0012909
0.0026462
0.0065938
0.011111
0.017651
0.024792
0.030377
0.032322
0.030683
0.026522
0.02041
0.011314
-0.00037382
-0.013584
-0.026401
-0.037815
-0.047406
-0.056146
-0.064429
-0.070827
-0.074739
-0.075326
-0.073403
-0.067193
-0.055521
-0.041052
-0.025904
-0.010738
0.0015541
0.010723
0.018343
0.024751
0.031397
0.038582
0.045377
0.051398
0.056978
0.062411
0.068196
0.076463
0.086515
0.097383
0.10927
0.12122
0.13164
0.13843
0.14115
0.14109
0.13783
0.13109
0.12162
0.11038
0.098833
0.087409
0.075221
0.062158
0.048377
0.035206
0.02395
0.012998
0.00054659
-0.014463
-0.031302
-0.049549
-0.065323
-0.07577
-0.081604
-0.083253
-0.08262
-0.080517
-0.077729
-0.074979
-0.073509
-0.073036
-0.073068
-0.074219
-0.076128
-0.076825
-0.075501
-0.072218
-0.067885
-0.063912
-0.062031
-0.062525
-0.065583
-0.071449
-0.079469
-0.088407
-0.09686
-0.10162
-0.10278
-0.10097
-0.096354
-0.089052
-0.080438
-0.07181
-0.06354
-0.055224
-0.047869
-0.04242
-0.038868
-0.037411
-0.038917
-0.042151
-0.045591
-0.048089
-0.048994
-0.046341
-0.04057
-0.033152
-0.024382
-0.013909
-0.0041932
0.0039182
0.010149
0.014738
0.016633
0.014981
0.0099436
0.0021699
-0.007166
-0.017429
-0.028113
-0.039357
-0.050153
-0.05538
-0.05585
-0.054236
-0.051922
-0.047957
-0.041438
-0.033178
-0.024964
-0.017463
-0.010295
-0.0034261
4.6187e-06
0.00033137
-0.00024966
0.00084602
0.0047078
0.013714
0.027315
0.04431
0.065339
0.085356
0.1046
0.12472
0.14263
0.15552
0.16364
0.16872
0.17288
0.17608
0.17862
0.18087
0.18305
0.18543
0.18797
0.18934
0.18826
0.18343
0.1744
0.15955
0.13352
0.094704
0.046108
0.0039097
-0.026817
-0.05435
-0.087599
-0.11453
-0.12983
-0.14067
-0.15216
-0.16322
-0.17133
-0.17475
-0.17568
-0.17685
-0.1795
-0.18308
-0.18692
-0.18919
-0.18871
-0.18513
-0.17937
-0.17054
-0.15836
-0.14432
-0.12875
-0.11382
-0.10229
-0.094616
-0.089771
-0.085026
-0.07986
-0.075176
-0.070844
-0.065344
-0.058599
-0.051494
-0.044648
-0.037875
-0.030687
-0.023269
-0.015991
-0.0085104
-0.00026437
0.0092119
0.018757
0.027418
0.036187
0.04495
0.051408
0.056578
0.062639
0.068878
0.074129
0.078568
0.082148
0.084313
0.086086
0.08833
0.090865
0.093697
0.09759
0.10064
0.10017
0.096575
0.091573
0.084579
0.074956
0.065931
0.059768
0.057029
0.055688
0.054521
0.054516
0.056611
0.059867
0.063024
0.065296
0.066479
0.066346
0.065443
0.064598
0.065076
0.067839
0.073418
0.080147
0.086682
0.09364
0.10166
0.11001
0.11626
0.11754
0.11516
0.11053
0.10386
0.096744
0.090578
0.085235
0.08015
0.075214
0.069571
0.062649
0.054246
0.044342
0.033573
0.022948
0.011177
-0.0026775
-0.016305
-0.027482
-0.036418
-0.045464
-0.054859
-0.062378
-0.068037
-0.073126
-0.078339
-0.083418
-0.087739
-0.08914
-0.086272
-0.077786
-0.065008
-0.051753
-0.038777
-0.02957
-0.027185
-0.03074
-0.036512
-0.043621
-0.052586
-0.06265
-0.071183
-0.0768
-0.080151
-0.083087
-0.086181
-0.088942
-0.090077
-0.089172
-0.087207
-0.084553
-0.08032
-0.073867
-0.065522
-0.056628
-0.048766
-0.04508
-0.047256
-0.052411
-0.058319
-0.063638
-0.067978
-0.070642
-0.071891
-0.071429
-0.069871
-0.068027
-0.066258
-0.064106
-0.060747
-0.055869
-0.049525
-0.040926
-0.029838
-0.016505
-0.0034805
0.0078196
0.017654
0.026924
0.033228
0.033822
0.0302
0.024029
0.014419
0.00094762
-0.01148
-0.021641
-0.030794
-0.038901
-0.046879
-0.0548
-0.061898
-0.068926
-0.076768
-0.08505
-0.091744
-0.094879
-0.09396
-0.08693
-0.075232
-0.061502
-0.047523
-0.035197
-0.024281
-0.014007
-0.0039414
0.0015887
4.2745e-05
-0.0059466
-0.015158
-0.025662
-0.035191
-0.0409
-0.042249
-0.041123
-0.038239
-0.033167
-0.026126
-0.018771
-0.012306
-0.0074539
-0.0041404
-0.0027201
-0.0045291
-0.010844
-0.01839
-0.024251
-0.027591
-0.029105
-0.027758
-0.023547
-0.017424
-0.010553
-0.0027994
0.0074765
0.019243
0.03062
0.04098
0.050555
0.058617
0.064338
0.067444
0.068517
0.067189
0.063935
0.059633
0.055118
0.050524
0.045491
0.038334
0.027723
0.012297
-0.0041815
-0.01762
-0.027235
-0.032352
-0.035179
-0.038497
-0.041764
-0.042477
-0.03979
-0.031599
-0.018974
-0.0053108
0.0073959
0.017922
0.02475
0.026309
0.025677
0.024504
0.023523
0.023004
0.023534
0.023962
0.022974
0.020846
0.018674
0.017267
0.017412
0.019087
0.020619
0.021112
0.020654
0.019012
0.015712
0.010081
0.001296
-0.011426
-0.02542
-0.03739
-0.045844
-0.049351
-0.048092
-0.045341
-0.04214
-0.038112
-0.033172
-0.028098
-0.022145
-0.013912
-0.0044358
0.0049399
0.014163
0.02341
0.032312
0.038977
0.042936
0.043533
0.042687
0.042847
0.045474
0.050664
0.058469
0.066967
0.07416
0.079327
0.082688
0.083569
0.081661
0.077453
0.07185
0.065209
0.05718
0.048769
0.041399
0.034419
0.026949
0.019179
0.011273
0.003263
-0.004124
-0.010646
-0.016585
-0.022684
-0.02944
-0.036936
-0.043031
-0.047129
-0.051225
-0.056424
-0.062121
-0.066871
-0.070496
-0.073448
-0.075382
-0.075668
-0.073703
-0.069527
-0.063036
-0.053958
-0.043445
-0.034658
-0.027594
-0.0204
-0.013012
-0.0067176
-0.00305
-0.0014217
-0.0011706
-0.0014542
-0.0018796
-0.0027315
-0.0037194
-0.0040428
-0.0029971
-0.00037423
0.0041029
0.0097129
0.015991
0.02433
0.034583
0.045399
0.055369
0.063964
0.068885
0.070059
0.067007
0.059429
0.04875
0.039985
0.034348
0.029983
0.026678
0.023742
0.019977
0.014651
0.0074582
-0.0024941
-0.013984
-0.024928
-0.034269
-0.0424
-0.046991
-0.048221
-0.046689
-0.04277
-0.0368
-0.030037
-0.023992
-0.019526
-0.017042
-0.016697
-0.017926
-0.020212
-0.023606
-0.027272
-0.0306
-0.033598
-0.036121
-0.037941
-0.039022
-0.039552
-0.039632
-0.039576
-0.03889
-0.036
-0.03024
-0.021975
-0.011273
0.00079647
0.013167
0.025842
0.039188
0.050143
0.057188
0.058898
0.057102
0.052988
0.04864
0.045685
0.044535
0.044883
0.04651
0.049297
0.053861
0.060956
0.068447
0.074966
0.081106
0.087696
0.094831
0.10059
0.10211
0.098223
0.089816
0.077375
0.0635
0.051999
0.04373
0.037855
0.034625
0.033095
0.032079
0.031485
0.031758
0.033122
0.035525
0.038374
0.040161
0.04013
0.038539
0.035577
0.031652
0.02706
0.02253
0.018527
0.015123
0.01234
0.010034
0.0079282
0.0055905
0.0030365
0.0010215
0.00055367
0.0021792
0.0070509
0.01428
0.022246
0.028849
0.033445
0.036204
0.038712
0.041821
0.044502
0.045843
0.045641
0.043631
0.039982
0.034706
0.028036
0.021112
0.015603
0.012602
0.011555
0.011418
0.011969
0.013402
0.014901
0.015716
0.015597
0.01464
0.012734
0.0098057
0.0063532
0.0025526
-0.0020995
-0.0078381
-0.014278
-0.021097
-0.028546
-0.036484
-0.043537
-0.049909
-0.056558
-0.063454
-0.06984
-0.075303
-0.079789
-0.08351
-0.086493
-0.088814
-0.09041
-0.090803
-0.089455
-0.086441
-0.08169
-0.074525
-0.06438
-0.050569
-0.035315
-0.021199
-0.0076867
0.0050171
0.015556
0.022671
0.027086
0.029897
0.031598
0.031979
0.031161
0.029073
0.024909
0.018226
0.0095964
0.0012656
-0.0045862
-0.0077693
-0.0097292
-0.011431
-0.012458
-0.011771
-0.0090674
-0.0044835
0.0019972
0.010502
0.021267
0.031997
0.040141
0.04665
0.049766
0.047547
0.04169
0.0336
0.025198
0.017981
0.012571
0.009661
0.0088381
0.010276
0.013738
0.018726
0.023598
0.027534
0.030436
0.031599
0.030433
0.027091
0.023083
0.019778
0.01811
0.018124
0.019875
0.023286
0.027928
0.031951
0.033405
0.031093
0.025676
0.017954
0.0073488
-0.005138
-0.017313
-0.027806
-0.036152
-0.043233
-0.049851
-0.05468
-0.055647
-0.053456
-0.050112
-0.04685
-0.044093
-0.041651
-0.038858
-0.035615
-0.032154
-0.027571
-0.021455
-0.014327
-0.0079797
-0.003532
-0.0020229
-0.0036089
-0.0081964
-0.014055
-0.019308
-0.023144
-0.02505
-0.024897
-0.023264
-0.020884
-0.017928
-0.014607
-0.011239
-0.0082333
-0.0062195
-0.0059721
-0.0076079
-0.010361
-0.013256
-0.015552
-0.016972
-0.017942
-0.018922
-0.020067
-0.021202
-0.022117
-0.022522
-0.022133
-0.020508
-0.017451
-0.0127
-0.0076435
-0.0038179
-0.0022561
-0.0019061
-0.0016204
0.00026109
0.0037305
0.007445
0.01032
0.012186
0.012925
0.01242
0.0085011
0.0029958
-0.00055316
-0.0024553
-0.0045561
-0.0072362
-0.0094249
-0.010429
-0.010847
-0.011054
-0.010575
-0.0096183
-0.0086769
-0.007607
-0.006367
-0.0054636
-0.0050584
-0.005032
-0.0049737
-0.0044386
-0.0029078
-0.00041051
0.0026801
0.0058685
0.0090792
0.012426
0.014764
0.014633
0.013082
0.011557
0.010328
0.0091273
0.0077447
0.0057681
0.00299
-0.00073717
-0.005297
-0.010479
-0.01599
-0.020958
-0.024608
-0.027989
-0.032138
-0.037462
-0.043321
-0.048833
-0.052038
-0.052749
-0.051043
-0.04717
-0.041198
-0.035198
-0.030377
-0.027065
-0.02501
-0.024155
-0.023323
-0.02206
-0.021582
-0.023054
-0.026878
-0.032519
-0.038542
-0.043117
-0.045907
-0.046935
-0.045469
-0.041969
-0.037638
-0.032886
-0.02741
-0.021779
-0.016289
-0.0099783
-0.0027812
0.0044916
0.010726
0.015862
0.019948
0.023172
0.025061
0.025126
0.022841
0.019413
0.015682
0.011149
0.0066125
0.0030151
-0.00028761
-0.0038601
-0.0073123
-0.0095747
-0.010162
-0.0088846
-0.0060231
-0.0020951
0.0017866
0.0049753
0.0071178
0.007986
0.0070578
0.0047092
0.0012516
-0.0020438
-0.0041137
-0.0042707
-0.0029824
-0.00042426
0.0029451
0.0064215
0.0091567
0.011828
0.01545
0.019717
0.024006
0.028697
0.033299
0.036778
0.039152
0.040938
0.042851
0.044976
0.046928
0.048393
0.049389
0.050052
0.050167
0.048806
0.0458
0.041724
0.03755
0.034193
0.032116
0.030945
0.030336
0.029793
0.028791
0.026628
0.023151
0.018535
0.012609
0.0058015
-0.0011951
-0.0070843
-0.011745
-0.015615
-0.019034
-0.021958
-0.024777
-0.027724
-0.030645
-0.032705
-0.033004
-0.031431
-0.02875
-0.025099
-0.020953
-0.017001
-0.014367
-0.013682
-0.015163
-0.018191
-0.023201
-0.030455
-0.039165
-0.047024
-0.053991
-0.061409
-0.06968
-0.077297
-0.0817
-0.083413
-0.083698
-0.082992
-0.081157
-0.078118
-0.073943
-0.068447
-0.062135
-0.056209
-0.052209
-0.04995
-0.048959
-0.048962
-0.04951
-0.049572
-0.048261
-0.044963
-0.03959
-0.032302
-0.02282
-0.011749
6.6371e-05
0.013088
0.028787
0.045422
0.060777
0.075133
0.088258
0.098218
0.10451
0.10752
0.10802
0.10524
0.098056
0.089504
0.081657
0.071906
0.062352
0.056572
0.05532
0.056119
0.057573
0.059394
0.061437
0.063221
0.064155
0.063545
0.06123
0.057979
0.054944
0.052183
0.049124
0.045771
0.042329
0.038629
0.033715
0.027252
0.02073
0.014621
0.0082703
0.002509
-0.0020564
-0.0051683
-0.0071738
-0.0083772
-0.0089983
-0.0091818
-0.010155
-0.011749
-0.012961
-0.014124
-0.015753
-0.017599
-0.019457
-0.021424
-0.023342
-0.025102
-0.026819
-0.028688
-0.030839
-0.033381
-0.036306
-0.039562
-0.04261
-0.045007
-0.046244
-0.045912
-0.043383
-0.038827
-0.03302
-0.027621
-0.022973
-0.01851
-0.013762
-0.0088389
-0.004373
-0.0010145
0.00058948
0.0010211
0.0006609
-0.0011911
-0.0049131
-0.010295
-0.016963
-0.024901
-0.034833
-0.045561
-0.055419
-0.064427
-0.072916
-0.080567
-0.086799
-0.090871
-0.090982
-0.087191
-0.080221
-0.0708
-0.059427
-0.046415
-0.034359
-0.025727
-0.019467
-0.014964
-0.012564
-0.011847
-0.01152
-0.010641
-0.0089163
-0.0066883
-0.0042435
-0.0014892
0.0020992
0.0071565
0.013504
0.020684
0.028594
0.035865
0.041468
0.045443
0.048345
0.049344
0.047913
0.043975
0.037902
0.029847
0.019295
0.0077487
-0.0032254
-0.013583
-0.02237
-0.028646
-0.031877
-0.032062
-0.029158
-0.023691
-0.016231
-0.0072226
0.0021203
0.010663
0.018189
0.024783
0.029397
0.031783
0.031575
0.028927
0.023756
0.015171
0.0039058
-0.0075404
-0.018535
-0.029582
-0.040323
-0.04885
-0.054175
-0.05711
-0.05862
-0.059109
-0.059673
-0.061065
-0.063112
-0.065243
-0.067383
-0.068631
-0.068255
-0.066315
-0.063617
-0.060603
-0.056815
-0.051738
-0.045738
-0.039609
-0.03378
-0.028398
-0.02332
-0.018665
-0.014868
-0.012336
-0.010694
-0.0094354
-0.0074828
-0.0045546
-0.0010035
0.0023344
0.0052725
0.0083475
0.011519
0.014214
0.016279
0.0182
0.021111
0.025335
0.030554
0.035686
0.039996
0.043162
0.045567
0.047307
0.048294
0.048624
0.048155
0.047141
0.045937
0.044332
0.042052
0.03904
0.035982
0.033535
0.032653
0.033407
0.035269
0.037896
0.041338
0.045659
0.05037
0.054937
0.059328
0.063658
0.067371
0.070011
0.071432
0.071911
0.071382
0.070033
0.068457
0.067465
0.067034
0.066758
0.066703
0.067006
0.067493
0.068042
0.068531
0.068196
0.066806
0.06409
0.060007
0.054798
0.049082
0.042901
0.035838
0.028336
0.02095
0.013817
0.0070405
0.00097602
-0.0029229
-0.0048183
-0.0050393
-0.0039378
-0.0016043
0.0024735
0.0073429
0.01161
0.015504
0.019547
0.022515
0.024223
0.025443
0.025782
0.024507
0.022055
0.018812
0.01447
0.009122
0.0032176
-0.0028412
-0.0083559
-0.012979
-0.01678
-0.019812
-0.021869
-0.023566
-0.025483
-0.027399
-0.0291
-0.030744
-0.033033
-0.036184
-0.038948
-0.040393
-0.040391
-0.039251
-0.037456
-0.034889
-0.03087
-0.024836
-0.018144
-0.011845
-0.005705
0.00051976
0.0064731
0.011132
0.014343
0.015887
0.016273
0.016087
0.015671
0.0152
0.015344
0.015727
0.015441
0.014051
0.011727
0.0085402
0.0050062
0.0016851
-0.00053195
-0.0014674
-0.00069308
0.00064452
0.0013288
0.0010395
9.8836e-05
-0.001819
-0.0040457
-0.0057872
-0.006906
-0.0073194
-0.0066343
-0.0048994
-0.002454
0.0012459
0.0060756
0.011348
0.015953
0.019722
0.022874
0.025254
0.026241
0.025302
0.022956
0.01977
0.015819
0.010874
0.0054737
0.00029294
-0.0042196
-0.0076703
-0.0099597
-0.011361
-0.012238
-0.012302
-0.011579
-0.0102
-0.0073927
-0.0033869
0.0010065
0.0054993
0.0099779
0.012469
0.012812
0.011472
0.008287
0.0031415
-0.0026838
-0.0076819
-0.011025
-0.01217
-0.011694
-0.0098644
-0.006543
-0.0015285
0.0036343
0.0078028
0.01094
0.013573
0.015721
0.017641
0.019344
0.020434
0.021063
0.021546
0.021785
0.021828
0.022115
0.022444
0.022336
0.021181
0.019098
0.016745
0.014646
0.012944
0.012135
0.012006
0.012293
0.013168
0.014749
0.016403
0.017615
0.018329
0.018783
0.01903
0.018911
0.018487
0.01794
0.017426
0.016908
0.016104
0.014929
0.013494
0.012151
0.011352
0.011699
0.013028
0.01485
0.016941
0.019288
0.021668
0.023475
0.024358
0.024033
0.022352
0.019053
0.013808
0.0064639
-0.0032369
-0.013662
-0.023147
-0.032175
-0.040634
-0.047367
-0.05246
-0.056256
-0.058417
-0.058837
-0.056691
-0.052832
-0.048414
-0.043093
-0.0378
-0.034151
-0.031055
-0.027305
-0.023832
-0.021414
-0.019851
-0.018615
-0.017568
-0.016708
-0.016131
-0.015927
-0.01582
-0.015602
-0.015319
-0.014919
-0.014223
-0.013297
-0.012183
-0.010226
-0.0072186
-0.003371
0.0007694
0.0047846
0.0084069
0.011595
0.014128
0.015234
0.014948
0.014099
0.013199
0.012053
0.010735
0.0095859
0.008974
0.0083741
0.007369
0.0067882
0.0069346
0.0075219
0.0083825
0.0094814
0.010338
0.010664
0.010173
0.0086014
0.0058897
0.0021251
-0.0025143
-0.007956
-0.013251
-0.017691
-0.021068
-0.023704
-0.025524
-0.026188
-0.025608
-0.023831
-0.021428
-0.018805
-0.01561
-0.011822
-0.0081801
-0.0048357
-0.00142
0.0024291
0.0065846
0.010637
0.014455
0.018078
0.021069
0.023344
0.024957
0.026033
0.026452
0.025368
0.022616
0.018751
0.01442
0.0096122
0.0046037
-0.0004611
-0.0057769
-0.01106
-0.015908
-0.020159
-0.024064
-0.027688
-0.030666
-0.032664
-0.033315
-0.032927
-0.031904
-0.030222
-0.027558
-0.0238
-0.019644
-0.015781
-0.01203
-0.0081026
-0.0046575
-0.0017633
0.0010007
0.0035623
0.0055352
0.006407
0.0065891
0.0066059
0.0064559
0.006032
0.0059167
0.0060399
0.00572
0.0047652
0.0034038
0.0016139
-0.00034182
-0.0021134
-0.0037064
-0.0051654
-0.0059368
-0.0056961
-0.0044442
-0.0024231
0.00027431
0.0032293
0.0056366
0.0068847
0.0071552
0.006666
0.0053784
0.0035532
0.0015029
-0.00065297
-0.0029898
-0.0055493
-0.0080892
-0.010233
-0.011352
-0.011582
-0.01146
-0.011547
-0.01214
-0.013256
-0.014581
-0.015656
-0.016614
-0.017816
-0.018965
-0.019636
-0.01963
-0.019248
-0.018738
-0.018514
-0.018627
-0.018804
-0.018298
-0.016509
-0.014143
-0.011965
-0.01002
-0.0083563
-0.0072641
-0.0066968
-0.0065551
-0.006777
-0.0073599
-0.0083513
-0.0095594
-0.010738
-0.01127
-0.011057
-0.010343
-0.0092963
-0.0079309
-0.0068325
-0.0060023
-0.0049237
-0.003223
-0.0010431
0.00088906
0.0022891
0.0032065
0.0038484
0.0043673
0.0050425
0.0059462
0.0070016
0.0077929
0.0080516
0.0076096
0.0063568
0.0040751
0.0016659
-0.00018157
-0.0023634
-0.0053038
-0.0081745
-0.010248
-0.011585
-0.012623
-0.013309
-0.013047
-0.011728
-0.0093352
-0.0059464
-0.0021343
0.0011333
0.0040386
0.0072222
0.01059
0.013851
0.017184
0.020407
0.023091
0.025287
0.027188
0.028776
0.029881
0.030343
0.030378
0.030131
0.029499
0.028524
0.027199
0.025193
0.022383
0.019337
0.016287
0.012977
0.0093912
0.0056908
0.002107
-0.0011516
-0.0039459
-0.0060917
-0.0074609
-0.0081782
-0.0082411
-0.007413
-0.0055729
-0.0028006
6.3586e-05
0.00276
0.0057729
0.0088825
0.011671
0.014683
0.017984
0.020678
0.022802
0.024859
0.026414
0.027207
0.027379
0.027031
0.02601
0.02441
0.022414
0.019607
0.015876
0.011453
0.0070726
0.0028669
-0.002193
-0.0076194
-0.011982
-0.015025
-0.017506
-0.019738
-0.021722
-0.023413
-0.024641
-0.025254
-0.02513
-0.024251
-0.022564
-0.020146
-0.017118
-0.014252
-0.011939
-0.010271
-0.0089575
-0.0077242
-0.0063353
-0.0048209
-0.0033042
-0.0022732
-0.0022107
-0.002831
-0.0035409
-0.0038857
-0.003788
-0.0032809
-0.0022992
-0.00071455
0.001328
0.0034957
0.0056086
0.0077727
0.010033
0.011907
0.013353
0.014619
0.016025
0.017699
0.019825
0.022367
0.025101
0.027924
0.030876
0.033372
0.035203
0.036461
0.037314
0.037741
0.037295
0.035621
0.032853
0.029747
0.026857
0.02413
0.021308
0.018304
0.015662
0.014003
0.013157
0.012824
0.013009
0.013516
0.014143
0.014782
0.015421
0.016119
0.0169
0.017746
0.018244
0.017936
0.017117
0.016271
0.015577
0.014959
0.014362
0.013899
0.013556
0.013012
0.011914
0.010048
0.0072615
0.0034989
-0.00077672
-0.0052395
-0.0099234
-0.014456
-0.018649
-0.022506
-0.025735
-0.027891
-0.029121
-0.029685
-0.029982
-0.030101
-0.029702
-0.029205
-0.02914
-0.02935
-0.029668
-0.030345
-0.031011
-0.031134
-0.031131
-0.031347
-0.031199
-0.030654
-0.030229
-0.030356
-0.031085
-0.032328
-0.033609
-0.034407
-0.034495
-0.033896
-0.03215
-0.029187
-0.0255
-0.021548
-0.017452
-0.013504
-0.0098174
-0.0066529
-0.0044606
-0.0036203
-0.0032842
-0.0028565
-0.0025545
-0.0024837
-0.0023673
-0.0024859
-0.0031261
-0.0037723
-0.0041003
-0.0043157
-0.0044404
-0.0042038
-0.0035449
-0.0025826
-0.0010252
0.00091624
0.0027655
0.0044371
0.0059884
0.0068601
0.0071825
0.0074256
0.0075034
0.0073904
0.0073943
0.0074048
0.0072026
0.0073709
0.0082379
0.008657
0.0084773
0.0085054
0.0087192
0.0086951
0.0086321
0.0086645
0.0084886
0.0082436
0.0082042
0.0081483
0.0078409
0.0072885
0.0065482
0.005567
0.004531
0.0034118
0.001286
-0.0018316
-0.0052788
-0.0086201
-0.011806
-0.014488
-0.016314
-0.017052
-0.017159
-0.017244
-0.017931
-0.019029
-0.020078
-0.020963
-0.021926
-0.023329
-0.025209
-0.027589
-0.029623
-0.030654
-0.030829
-0.030387
-0.028653
-0.026175
-0.023793
-0.021178
-0.018267
-0.016062
-0.01434
-0.012272
-0.0097273
-0.0071345
-0.0051715
-0.0040063
-0.0038342
-0.0045047
-0.0057743
-0.0078032
-0.010444
-0.012917
-0.014854
-0.016477
-0.01829
-0.020373
-0.022428
-0.023517
-0.023255
-0.022446
-0.02154
-0.020189
-0.018084
-0.015077
-0.011387
-0.0075563
-0.004614
-0.0024824
-0.00068459
0.00090294
0.0019328
0.0023996
0.0026131
0.0028236
0.0032836
0.0042356
0.0057072
0.0074773
0.009449
0.011501
0.013475
0.015034
0.015999
0.016331
0.016085
0.015308
0.014274
0.013214
0.012829
0.013351
0.014512
0.015809
0.017115
0.018315
0.01926
0.019495
0.018866
0.016943
0.013702
0.0094359
0.0044185
-0.00086241
-0.0059407
-0.01013
-0.013433
-0.015855
-0.017515
-0.01841
-0.018446
-0.017901
-0.017372
-0.016866
-0.016027
-0.014758
-0.013179
-0.01139
-0.0095257
-0.0076474
-0.0056142
-0.0033131
-0.0013528
6.3076e-05
0.0014302
0.0030141
0.0046745
0.0064134
0.0082955
0.010022
0.011402
0.012457
0.013404
0.014324
0.01495
0.015049
0.014636
0.014032
0.013406
0.012389
0.010732
0.0087998
0.0068284
0.0046596
0.0019649
-0.001538
-0.0055983
-0.0094304
-0.011993
-0.013506
-0.014421
-0.014717
-0.01444
-0.013825
-0.012836
-0.010982
-0.0088384
-0.0071257
-0.0056463
-0.004026
-0.0023853
-0.0009965
3.2817e-05
0.00089096
0.0017584
0.0029394
0.0044749
0.006203
0.0081081
0.010392
0.013237
0.016542
0.019325
0.021457
0.023453
0.025131
0.025785
0.025312
0.023892
0.021721
0.018997
0.015446
0.011402
0.0074246
0.0039227
0.0005634
-0.0031958
-0.0070975
-0.010547
-0.012863
-0.014345
-0.015328
-0.015602
-0.014985
-0.013994
-0.012981
-0.011765
-0.010226
-0.0084714
-0.0066714
-0.0048305
-0.0026221
6.3423e-06
0.0027517
0.0055374
0.0085466
0.011612
0.014546
0.017479
0.020087
0.021353
0.02154
0.021275
0.020631
0.019341
0.017775
0.016029
0.013541
0.010374
0.0070732
0.0043727
0.0019268
-0.0011773
-0.0044845
-0.0072457
-0.010012
-0.013065
-0.015685
-0.017788
-0.019714
-0.021244
-0.022282
-0.023068
-0.023759
-0.024193
-0.024215
-0.023738
-0.022954
-0.022107
-0.021308
-0.020355
-0.018857
-0.01676
-0.014135
-0.011411
-0.0088072
-0.0063701
-0.0039882
-0.0015505
0.0008323
0.0028769
0.0048439
0.0070485
0.0092309
0.011164
0.012893
0.014417
0.015426
0.016067
0.016592
0.016903
0.016841
0.01677
0.016909
0.017135
0.017414
0.017874
0.018361
0.018692
0.018689
0.018381
0.017919
0.017302
0.016369
0.015267
0.014117
0.012594
0.01076
0.0092691
0.0081806
0.0071626
0.0060334
0.0049941
0.0047853
0.0052667
0.0059053
0.0063859
0.0067433
0.0069003
0.0067787
0.0066534
0.0067466
0.0071397
0.0074134
0.0071597
0.0065045
0.005702
0.0049252
0.0042681
0.0038575
0.0037782
0.0041357
0.0047247
0.0054848
0.0068565
0.0088568
0.011376
0.014215
0.017296
0.019568
0.020307
0.019341
0.017404
0.015736
0.014417
0.012806
0.010587
0.0081706
0.0071471
0.0077412
0.0096515
0.011546
0.012533
0.013139
0.014022
0.015109
0.01589
0.015928
0.015412
0.014619
0.013935
0.013428
0.012899
0.012006
0.010283
0.0076729
0.0045908
0.0022335
0.0005386
-0.0013444
-0.0030676
-0.0039657
-0.0044547
-0.0049353
-0.0052144
-0.0050025
-0.0041218
-0.0027017
-0.0011709
-0.00035988
-0.00014165
3.7378e-05
0.0007607
0.0021312
0.0039139
0.0059036
0.0083162
0.010972
0.013443
0.015502
0.017232
0.019021
0.020648
0.021225
0.020964
0.020403
0.019425
0.017851
0.015461
0.012312
0.0085376
0.0045253
0.00048674
-0.0037217
-0.0076053
-0.010419
-0.012614
-0.01463
-0.015832
-0.01626
-0.016419
-0.016428
-0.016136
-0.015529
-0.014841
-0.014469
-0.014303
-0.014018
-0.01322
-0.011917
-0.010026
-0.0074348
-0.0035804
0.00082814
0.0048732
0.0083638
0.011546
0.013884
0.015338
0.01593
0.015726
0.014834
0.013333
0.011406
0.009453
0.0075357
0.0055066
0.0036552
0.0021296
0.00079086
-0.00027942
-0.00081444
-0.00087799
-0.00052472
0.00057981
0.0022641
0.0042602
0.0067475
0.010131
0.013728
0.016891
0.019283
0.02105
0.021955
0.02165
0.02015
0.017867
0.015083
0.011917
0.0082623
0.0041125
-3.3709e-05
-0.0036157
-0.0063842
-0.0087066
-0.010766
-0.012187
-0.013001
-0.013516
-0.013852
-0.014075
-0.014525
-0.015249
-0.016143
-0.017509
-0.019415
-0.021519
-0.023492
-0.025274
-0.026939
-0.028697
-0.030835
-0.032774
-0.033947
-0.034402
-0.034421
-0.034097
-0.033609
-0.033064
-0.032269
-0.030912
-0.028649
-0.025694
-0.022291
-0.019224
-0.016716
-0.014464
-0.012334
-0.010486
-0.0084746
-0.0060111
-0.0036646
-0.0017195
-1.3066e-05
0.0013525
0.0021226
0.0020294
0.001426
0.00063696
-0.00027423
-0.0013271
-0.0022978
-0.0031457
-0.0039795
-0.0048673
-0.0057599
-0.0064663
-0.0068233
-0.0067537
-0.0062439
-0.0052863
-0.0040566
-0.0025895
-0.00052267
0.0022243
0.0053083
0.0077884
0.0097135
0.011713
0.01363
0.015006
0.015827
0.016256
0.016302
0.016161
0.015949
0.01547
0.014641
0.013609
0.012346
0.010635
0.0086731
0.0066097
0.0042825
0.0022078
0.0007906
-0.00067882
-0.0024524
-0.0038291
-0.0045749
-0.0049425
-0.0048863
-0.0045766
-0.0042428
-0.0037095
-0.002754
-0.0014229
0.00013035
0.0019888
0.0035917
0.0045409
0.0055546
0.0069653
0.0082485
0.0090956
0.0095473
0.0095015
0.0089327
0.0079223
0.00638
0.0040399
0.0016002
-0.00045153
-0.0022889
-0.0036333
-0.0041908
-0.0044508
-0.0046414
-0.004403
-0.0036287
-0.0025692
-0.0017132
-0.0012141
-0.00097855
-0.00083372
-0.00077292
-0.00073642
-0.00065338
-0.00046753
-0.00020731
9.1467e-05
0.00027559
0.0002698
-9.5716e-05
-0.00082912
-0.0018827
-0.0032148
-0.0048069
-0.0066714
-0.008609
-0.010414
-0.011929
-0.013161
-0.014165
-0.014793
-0.014716
-0.013929
-0.012772
-0.011612
-0.010407
-0.0088972
-0.0071244
-0.0052269
-0.0029655
-0.00058264
0.0014321
0.0030428
0.0043931
0.0053343
0.0058206
0.005692
0.0051928
0.0044979
0.0029428
0.00075282
-0.0013285
-0.0037917
-0.0072187
-0.010704
-0.013491
-0.015598
-0.017357
-0.018933
-0.019826
-0.019958
-0.019538
-0.018209
-0.015999
-0.013278
-0.010323
-0.0071462
-0.0037461
-0.00014831
0.0035146
0.0070387
0.01017
0.012894
0.015215
0.017303
0.019262
0.020813
0.021932
0.022742
0.022835
0.022182
0.021099
0.020074
0.019382
0.018583
0.017221
0.014978
0.012186
0.0092278
0.0059986
0.0023988
-0.001373
-0.0051114
-0.0087374
-0.011966
-0.014461
-0.015803
-0.016485
-0.01705
-0.01702
-0.016088
-0.014673
-0.012964
-0.010718
-0.0085418
-0.0068001
-0.0052022
-0.0040513
-0.0040297
-0.0042932
-0.0041151
-0.0041025
-0.0044346
-0.0044795
-0.0045025
-0.0049597
-0.0051636
-0.0049864
-0.0050481
-0.0050569
-0.0044883
-0.0037466
-0.0030696
-0.0020234
-0.00079067
0.0001453
0.00096995
0.0018688
0.002562
0.0032076
0.0041406
0.0049101
0.0052512
0.0055194
0.0059121
0.0063084
0.0069132
0.0078611
0.0085829
0.0088925
0.0089833
0.0086356
0.0076081
0.0062249
0.0046571
0.0025038
0.00021831
-0.0015531
-0.0027207
-0.0036357
-0.0043656
-0.0049755
-0.0054573
-0.0053801
-0.0050351
-0.0052007
-0.0057075
-0.006016
-0.0060815
-0.00601
-0.0056244
-0.0049414
-0.0040516
-0.0025505
-0.00052974
0.0011906
0.0025582
0.0039627
0.0049311
0.0053147
0.0058894
0.0066886
0.007134
0.0074875
0.0081122
0.0083476
0.008217
0.0084808
0.0089187
0.0089463
0.0086458
0.0084223
0.0085173
0.0088537
0.0091939
0.0088854
0.0078906
0.0067784
0.0059211
0.0052641
0.0048117
0.0044469
0.0038636
0.0032372
0.0028224
0.002283
0.0015222
0.00097708
0.00024116
-0.0014233
-0.0033454
-0.0047662
-0.0056596
-0.0064389
-0.0072068
-0.0074199
-0.0069246
-0.0061598
-0.0056174
-0.0053846
-0.0049135
-0.00406
-0.0035037
-0.0033699
-0.0032533
-0.003099
-0.003113
-0.0033629
-0.003797
-0.0045178
-0.0058685
-0.0079072
-0.0099049
-0.011661
-0.013564
-0.015949
-0.018764
-0.021522
-0.023688
-0.025017
-0.025972
-0.026796
-0.027006
-0.026641
-0.02613
-0.025456
-0.024465
-0.023716
-0.023218
-0.022408
-0.021321
-0.020258
-0.018814
-0.016871
-0.014948
-0.012884
-0.010111
-0.0072648
-0.0049322
-0.0031556
-0.0017741
-0.001111
-0.0011278
-0.0015706
-0.0024423
-0.0035734
-0.00475
-0.0059654
-0.0071954
-0.0079081
-0.0082423
-0.0087496
-0.009338
-0.0096582
-0.0097505
-0.0098466
-0.010096
-0.010238
-0.0099983
-0.0091668
-0.007946
-0.0068314
-0.0057781
-0.0044569
-0.003225
-0.0023552
-0.0017352
-0.0013484
-0.0013731
-0.0018237
-0.0026907
-0.0040808
-0.0053726
-0.0058234
-0.0059997
-0.0064734
-0.0066991
-0.0063625
-0.0056826
-0.0047901
-0.0036883
-0.0028483
-0.0022357
-0.0013912
-0.00030931
0.00074107
0.0016966
0.002591
0.003344
0.0038058
0.0039463
0.0038926
0.0038126
0.0039016
0.004547
0.0061128
0.0078581
0.0093014
0.011035
0.013098
0.014921
0.01627
0.017235
0.017826
0.018184
0.018443
0.018458
0.017959
0.016502
0.01492
0.01432
0.013733
0.012044
0.0095051
0.0071049
0.005338
0.0035123
0.00095263
-0.002467
-0.0061649
-0.0096007
-0.012466
-0.014845
-0.016877
-0.018615
-0.019898
-0.020932
-0.02175
-0.021954
-0.021788
-0.02164
-0.021162
-0.020133
-0.018649
-0.016871
-0.014819
-0.012707
-0.010634
-0.0084352
-0.0061421
-0.0040217
-0.0022381
-0.00074611
0.00054868
0.0017475
0.0029972
0.0040181
0.0043976
0.004309
0.0040422
0.0035708
0.0028792
0.001958
0.00078383
-0.00053394
-0.0017668
-0.0027942
-0.0035578
-0.0039021
-0.0038019
-0.0033343
-0.0025798
-0.0014679
-0.00023308
0.0010033
0.0026296
0.0043363
0.0054446
0.0060773
0.0065797
0.0068907
0.0072337
0.0080012
0.0090805
0.010162
0.01075
0.011008
0.01139
0.011986
0.012578
0.012848
0.012832
0.012665
0.012412
0.012114
0.012087
0.012263
0.012352
0.012511
0.012961
0.013377
0.013612
0.013847
0.014531
0.015784
0.017035
0.017796
0.017773
0.017229
0.016524
0.01591
0.015133
0.013596
0.011673
0.010021
0.0088663
0.0081501
0.0078572
0.0074904
0.0068426
0.006456
0.0064117
0.0063319
0.0063695
0.0067773
0.0071842
0.0075004
0.0079872
0.0083625
0.0083885
0.008667
0.0091214
0.0089028
0.0083497
0.0081119
0.0076858
0.0069792
0.0064686
0.0059668
0.0051318
0.0041811
0.0033241
0.0025244
0.0019947
0.0018189
0.0013211
0.00047469
-0.00020898
-0.00078044
-0.0014438
-0.0014354
-0.00059327
0.00027349
0.00077543
0.0011503
0.0016788
0.0023734
0.0032468
0.0042983
0.0053422
0.0062384
0.0065928
0.0062149
0.0050963
0.0038057
0.0026953
0.0012135
-0.00084181
-0.002902
-0.0047349
-0.0065277
-0.0083886
-0.010263
-0.012057
-0.013604
-0.014788
-0.015492
-0.01574
-0.015565
-0.015065
-0.014276
-0.013378
-0.012203
-0.010425
-0.0083834
-0.0064193
-0.0044319
-0.0024595
-0.00088131
0.00031954
0.0013696
0.0021996
0.0028219
0.0035576
0.0042261
0.00442
0.0043857
0.0043963
0.0043116
0.0041924
0.0042059
0.0039364
0.0032255
0.0024103
0.0014482
1.7991e-05
-0.0012853
-0.0021373
-0.0029584
-0.0035689
-0.0032422
-0.0016139
0.00088098
0.0039946
0.0072857
0.010327
0.013069
0.015572
0.017588
0.019154
0.020276
0.020669
0.020183
0.018912
0.016893
0.013945
0.010097
0.0055558
0.00064816
-0.0037391
-0.0068395
-0.0096996
-0.013083
-0.015929
-0.017481
-0.017865
-0.017642
-0.017241
-0.016717
-0.016004
-0.015134
-0.014481
-0.01425
-0.014083
-0.013878
-0.013856
-0.013627
-0.012816
-0.011566
-0.010231
-0.0088449
-0.007078
-0.0048113
-0.0025852
-0.00043534
0.0022496
0.0052548
0.0080635
0.010781
0.013691
0.01696
0.019961
0.02194
0.023163
0.024022
0.024311
0.02418
0.023986
0.023805
0.023549
0.023302
0.023104
0.022933
0.022913
0.023117
0.023307
0.023242
0.022716
0.021698
0.02026
0.018243
0.015853
0.01385
0.012554
0.011768
0.01127
0.01082
0.010328
0.010183
0.010622
0.011285
0.011911
0.012603
0.013499
0.01462
0.015687
0.016611
0.017702
0.018765
0.019324
0.019642
0.020042
0.020222
0.02002
0.019548
0.018643
0.01699
0.014138
0.010826
0.0080454
0.0054499
0.0024422
-0.00053429
-0.003148
-0.0054859
-0.0073306
-0.0087119
-0.0099948
-0.011026
-0.011357
-0.011332
-0.011283
-0.010749
-0.0096726
-0.0083225
-0.0068429
-0.0052846
-0.0040694
-0.0032069
-0.0024887
-0.0019015
-0.0016353
-0.0015348
-0.0014013
-0.0012152
-0.00092258
-0.00040243
0.00026571
0.00095244
0.0016392
0.0022696
0.0027622
0.0033809
0.0043157
0.0054061
0.0065739
0.0080603
0.0095731
0.010774
0.011929
0.01312
0.013904
0.014188
0.014098
0.013824
0.013541
0.013425
0.01329
0.012934
0.012865
0.013247
0.013433
0.013209
0.012863
0.012486
0.011888
0.010695
0.0092072
0.007942
0.0067667
0.0053671
0.0038456
0.0025903
0.0018454
0.0010823
-6.1972e-05
-0.0011663
-0.0019747
-0.0026318
-0.0034488
-0.0044669
-0.0051852
-0.0054565
-0.0054041
-0.0054766
-0.0059684
-0.0069899
-0.008256
-0.0095851
-0.011083
-0.01282
-0.014426
-0.015867
-0.017437
-0.01907
-0.020489
-0.02141
-0.02194
-0.022147
-0.021992
-0.021477
-0.02083
-0.020214
-0.019604
-0.018691
-0.01735
-0.015993
-0.01484
-0.013717
-0.012358
-0.010648
-0.0082271
-0.005292
-0.0026509
-0.00053888
0.001268
0.0027986
0.0039445
0.0050724
0.006029
0.0062996
0.0060265
0.0055605
0.0051768
0.0048028
0.0041633
0.0030867
0.001626
-4.7504e-05
-0.0015068
-0.0024097
-0.0030823
-0.003839
-0.0046194
-0.0052927
-0.0058483
-0.0062986
-0.0067043
-0.0074013
-0.0083448
-0.0092604
-0.010206
-0.011358
-0.012637
-0.013763
-0.014547
-0.015153
-0.015717
-0.016102
-0.016218
-0.016086
-0.015789
-0.015387
-0.015125
-0.014939
-0.01453
-0.013885
-0.013151
-0.012286
-0.011263
-0.010035
-0.0084374
-0.0063972
-0.0039902
-0.0014224
0.0010043
0.0034953
0.0063803
0.0091122
0.011327
0.013138
0.014823
0.016365
0.017579
0.018355
0.018583
0.018405
0.017812
0.016806
0.015423
0.013589
0.011684
0.010334
0.0093846
0.0083952
0.0072328
0.0060388
0.0049507
0.0042368
0.0039803
0.0038343
0.0035628
0.003218
0.0029133
0.0026487
0.0022796
0.0017171
0.00098031
0.00046492
0.00039026
0.00051068
0.00061484
0.00073762
0.00075516
0.00060602
0.00064186
0.00061103
-7.6146e-05
-0.0012024
-0.0022998
-0.0032392
-0.0039814
-0.0044097
-0.0046107
-0.004691
-0.0044018
-0.0039182
-0.0036434
-0.0034862
-0.0032105
-0.0027519
-0.0023213
-0.0021591
-0.0023871
-0.0028271
-0.003125
-0.0032556
-0.0033807
-0.0034099
-0.0032394
-0.0027553
-0.0022428
-0.0020813
-0.0022161
-0.0023887
-0.0024622
-0.0025936
-0.0029723
-0.0033336
-0.0034428
-0.0033236
-0.0030911
-0.002732
-0.0022475
-0.0018734
-0.0020772
-0.0025495
-0.0028406
-0.0033288
-0.0042696
-0.0053311
-0.0062769
-0.0071768
-0.0082762
-0.0096598
-0.010485
-0.01039
-0.0098044
-0.0091224
-0.0082127
-0.0069377
-0.005372
-0.0035313
-0.0016283
5.9919e-05
0.0013683
0.0024854
0.0038831
0.0054585
0.0068051
0.0079795
0.0091982
0.010355
0.011331
0.012125
0.012654
0.012812
0.012552
0.011943
0.010805
0.0090077
0.0066834
0.0043839
0.002477
0.00098766
-0.00041999
-0.0019404
-0.0034658
-0.0047715
-0.005714
-0.0062321
-0.0064301
-0.0064582
-0.0064268
-0.0062768
-0.0056966
-0.00467
-0.0034948
-0.0022606
-0.0007959
0.00082022
0.0024409
0.004067
0.005651
0.0070996
0.0086358
0.010292
0.011179
0.011103
0.010508
0.0099353
0.0094436
0.0089162
0.0082005
0.0072446
0.0062887
0.0054309
0.0043482
0.0029629
0.0014715
0.00018576
-0.00073911
-0.0012174
-0.0013599
-0.001264
-0.0016814
-0.0023628
-0.0018079
-5.4343e-05
0.0019836
0.0031183
0.0033635
0.0034624
0.0038442
0.004358
0.0044585
0.0040403
0.0033463
0.0024109
0.0010555
-0.00033961
-0.0015065
-0.0025803
-0.003492
-0.0039363
-0.0039851
-0.0039184
-0.0039277
-0.0038786
-0.0035529
-0.0030251
-0.0025174
-0.0021946
-0.0018389
-0.0011963
-0.00058378
-0.00020099
0.0001775
0.00053853
0.00066222
0.0007648
0.0010051
0.0012205
0.001519
0.0021986
0.0031964
0.0042836
0.005428
0.0064696
0.0071291
0.0072149
0.0068933
0.0063078
0.0057066
0.0053342
0.0053275
0.0055712
0.0058544
0.0060815
0.0062504
0.0060228
0.0054155
0.0049144
0.0047722
0.0049009
0.0048165
0.0043729
0.0038368
0.0034715
0.0033033
0.0031453
0.0028613
0.0024342
0.0020513
0.0018865
0.001938
0.0020623
0.0021138
0.0021889
0.0024812
0.0030457
0.0037259
0.0042981
0.004896
0.0058408
0.0074464
0.0092335
0.010058
0.01009
0.010022
0.010028
0.0099883
0.0099739
0.0099132
0.0097099
0.0097348
0.0099921
0.0098917
0.0093985
0.0087916
0.0079334
0.0067579
0.0054874
0.0042122
0.0026931
0.00093282
-0.000858
-0.002539
-0.0040296
-0.0051668
-0.0061723
-0.0072478
-0.0079412
-0.0081315
-0.0083203
-0.0086639
-0.0089405
-0.0091796
-0.0093765
-0.0092632
-0.0089223
-0.0085656
-0.0080508
-0.0073789
-0.0069079
-0.0064109
-0.0055514
-0.0046108
-0.0038099
-0.0029828
-0.0021284
-0.0013932
-0.00056514
0.00047369
0.0015543
0.0026551
0.0039151
0.0052105
0.0064227
0.007612
0.0086828
0.0094593
0.010269
0.011247
0.011841
0.012145
0.012709
0.013426
0.013984
0.014282
0.014393
0.014377
0.014397
0.014413
0.013774
0.012574
0.011352
0.01009
0.0086135
0.0069902
0.0051535
0.002992
0.0012933
0.00038634
-0.00020204
-0.00086551
-0.0016092
-0.0025842
-0.0036148
-0.0041184
-0.0041534
-0.0040823
-0.0038681
-0.0035137
-0.0031446
-0.0027277
-0.0022065
-0.0017591
-0.001424
-0.0011141
-0.00095848
-0.0010292
-0.0013594
-0.0018497
-0.0023642
-0.0025834
-0.0025805
-0.0028348
-0.0034749
-0.0043059
-0.0047294
-0.0047094
-0.0048008
-0.0049396
-0.004772
-0.0044214
-0.0041103
-0.0038689
-0.0037795
-0.0039013
-0.0041166
-0.0043654
-0.0047004
-0.0050234
-0.005275
-0.0056675
-0.0060358
-0.006023
-0.0058903
-0.0058936
-0.0057721
-0.0055823
-0.0056609
-0.0058993
-0.0061341
-0.0064817
-0.0069582
-0.0074908
-0.0081658
-0.0088768
-0.0092225
-0.0094327
-0.0098636
-0.010278
-0.010462
-0.010424
-0.010304
-0.010181
-0.010046
-0.0097786
-0.009288
-0.0088949
-0.0088182
-0.0088247
-0.0087723
-0.0087619
-0.0088139
-0.0088786
-0.0089256
-0.0088052
-0.0083789
-0.0080681
-0.0080281
-0.0078954
-0.007685
-0.007645
-0.0078113
-0.0079712
-0.0078241
-0.0075575
-0.0074342
-0.0072951
-0.0070079
-0.006596
-0.0059621
-0.0050634
-0.0042221
-0.0036845
-0.0034795
-0.0036976
-0.0042842
-0.004268
-0.0035474
-0.0027604
-0.0025041
-0.0027086
-0.0029918
-0.0032171
-0.0035421
-0.0042624
-0.0052201
-0.0060535
-0.0065788
-0.0068755
-0.0070386
-0.0069965
-0.0066589
-0.0060716
-0.0053204
-0.0043783
-0.0030241
-0.0013615
0.00016451
0.0017031
0.0035008
0.0049591
0.005669
0.0057066
0.0057723
0.0061464
0.0064949
0.0061448
0.0049035
0.0033019
0.0017688
0.00028837
-0.0011276
-0.0024687
-0.0037618
-0.0048539
-0.0055959
-0.0059547
-0.0060236
-0.0058459
-0.0055083
-0.0051438
-0.0049039
-0.0044847
-0.0035879
-0.0022447
-0.00083591
0.00035375
0.0013731
0.0023923
0.0034605
0.0042826
0.004649
0.004724
0.0046013
0.0041831
0.0037656
0.0035148
0.003254
0.0027428
0.0019778
0.0012509
0.00065092
8.2617e-06
-0.0010184
-0.0023916
-0.0037403
-0.0049799
-0.0062406
-0.0074603
-0.008441
-0.0090415
-0.0095239
-0.010079
-0.010622
-0.011091
-0.011574
-0.012234
-0.0131
-0.014024
-0.014536
-0.014623
-0.014555
-0.014437
-0.014305
-0.014316
-0.014378
-0.014376
-0.014547
-0.014888
-0.015152
-0.015085
-0.014865
-0.014995
-0.015328
-0.015447
-0.015178
-0.014551
-0.013579
-0.012581
-0.011685
-0.010713
-0.0097659
-0.0090341
-0.0084494
-0.0078702
-0.0072491
-0.0064923
-0.0056752
-0.0050548
-0.004612
-0.0041223
-0.0032243
-0.0024697
-0.0026441
-0.0030234
-0.0028983
-0.0024656
-0.0024125
-0.002932
-0.0034376
-0.0037537
-0.0041187
-0.0045631
-0.0048928
-0.0049184
-0.0046203
-0.0041074
-0.0034728
-0.0030119
-0.0028415
-0.0025366
-0.0019217
-0.0011662
-0.00042491
0.00016472
0.00036845
0.00037914
0.00040322
8.4872e-05
-0.0005283
-0.0011676
-0.0022514
-0.0037592
-0.0053108
-0.0070113
-0.0087809
-0.0099942
-0.010985
-0.012122
-0.012806
-0.013006
-0.013045
-0.012549
-0.011748
-0.011255
-0.010918
-0.010447
-0.0099554
-0.0092459
-0.0081545
-0.0071939
-0.0064409
-0.0055417
-0.0046164
-0.0037315
-0.0025506
-0.0014109
-0.00074674
-0.00034453
-5.561e-05
-4.4667e-05
-0.00018344
-0.00046419
-0.0012044
-0.0019598
-0.0024404
-0.0031056
-0.0036097
-0.0035304
-0.0032084
-0.0029155
-0.002612
-0.0021869
-0.0015376
-0.00066115
0.00034438
0.0014129
0.0025203
0.0033143
0.0038061
0.0044687
0.0051948
0.0057112
0.0064789
0.0073196
0.0075729
0.0072657
0.0067614
0.0061785
0.0057324
0.0055087
0.0051295
0.0045773
0.0041524
0.0038077
0.003412
0.0030857
0.0028996
0.0028163
0.0028213
0.0028862
0.0029328
0.0027832
0.0024087
0.0022405
0.0023785
0.0024689
0.0024258
0.0023254
0.0017635
0.00095332
0.00045398
0.00026212
-5.3846e-05
-0.001303
-0.0031233
-0.004652
-0.0057672
-0.0069037
-0.008402
-0.0098614
-0.010908
-0.011982
-0.0129
-0.012991
-0.012584
-0.012096
-0.011105
-0.0096157
-0.0080346
-0.0063515
-0.0044717
-0.0025679
-0.0010167
-0.00010422
0.00046229
0.00098174
0.0014151
0.0014976
0.001024
0.000491
0.00012807
-0.00045386
-0.0011715
-0.0018059
-0.0029436
-0.0044403
-0.0055192
-0.0064845
-0.0079131
-0.0093761
-0.010619
-0.011789
-0.012321
-0.012134
-0.011929
-0.011725
-0.011158
-0.010472
-0.0097095
-0.0083664
-0.0069946
-0.0062055
-0.0052984
-0.0040505
-0.0030669
-0.0018241
0.00024771
0.0019971
0.0030994
0.0043279
0.0053653
0.0056287
0.0059099
0.0065482
0.0070739
0.0070861
0.0067144
0.0061988
0.0058145
0.0057081
0.0055907
0.0054182
0.0055965
0.0056023
0.0049195
0.0043825
0.0045593
0.0051824
0.0058073
0.0063654
0.0067685
0.0071113
0.0078767
0.0090178
0.010178
0.011398
0.012958
0.014414
0.015482
0.016359
0.017163
0.017625
0.017852
0.018077
0.018059
0.017675
0.017087
0.016421
0.015665
0.015154
0.014999
0.014168
0.012444
0.010767
0.0094134
0.007932
0.0062988
0.0046593
0.0027883
0.00098182
-0.00021954
-0.0011016
-0.0020761
-0.0030975
-0.0040344
-0.0050001
-0.0057587
-0.0059394
-0.0058192
-0.0057332
-0.0055072
-0.0050921
-0.0046776
-0.0043144
-0.0039078
-0.003324
-0.0025706
-0.0016525
-0.0006508
0.00038683
0.0015471
0.0028797
0.0042166
0.0054615
0.0066435
0.0077769
0.008761
0.0097149
0.010743
0.011487
0.011851
0.012177
0.012382
0.012086
0.011639
0.011361
0.010658
0.0094247
0.0084594
0.0077786
0.0068717
0.0059976
0.0054551
0.0051306
0.0049173
0.0050206
0.0055639
0.0065992
0.0078597
0.0090424
0.0097467
0.01024
0.01105
0.011784
0.011945
0.011935
0.012131
0.01237
0.012586
0.012933
0.013212
0.01324
0.013234
0.013286
0.013169
0.012646
0.011598
0.010408
0.0093798
0.008777
0.0084568
0.0079915
0.0073121
0.0066268
0.0060562
0.0055338
0.0048392
0.003991
0.0033972
0.003067
0.0027155
0.0022765
0.0018903
0.0016008
0.0013937
0.0014608
0.0016767
0.0017247
0.0016197
0.001541
0.0014821
0.001406
0.001807
0.0027156
0.003434
0.0037912
0.0041476
0.0047536
0.0055714
0.006403
0.0071363
0.0075887
0.0078014
0.0079608
0.0080786
0.0080284
0.0078436
0.0076092
0.0073675
0.0070961
0.006701
0.0061971
0.0056392
0.0052858
0.0053726
0.005534
0.0054727
0.0053881
0.0054968
0.0057683
0.0061341
0.006611
0.0069218
0.0069015
0.0067957
0.0068206
0.0070729
0.0073304
0.0072719
0.0069332
0.0064813
0.006165
0.0059845
0.0053789
0.0043622
0.0036926
0.0035952
0.0038367
0.0041253
0.0044707
0.0051615
0.0061722
0.0069445
0.0074058
0.0078811
0.0085185
0.009215
0.0097619
0.010095
0.01031
0.010457
0.010279
0.0097777
0.0090601
0.0081318
0.006907
0.0058719
0.0052206
0.0046089
0.0037101
0.0023783
0.00096606
-0.00019011
-0.00099124
-0.0015404
-0.0021068
-0.0027983
-0.0035552
-0.0042776
-0.0049401
-0.0055171
-0.0060526
-0.0066961
-0.0074295
-0.0081252
-0.0086174
-0.0088791
-0.0090916
-0.0094276
-0.010009
-0.010653
-0.011166
-0.011621
-0.012138
-0.012713
-0.013145
-0.013094
-0.012836
-0.012771
-0.012995
-0.013339
-0.013632
-0.013689
-0.013389
-0.012859
-0.012199
-0.011341
-0.01031
-0.0093442
-0.0084759
-0.007578
-0.006369
-0.0048025
-0.0033926
-0.0022307
-0.00095136
0.000513
0.0019178
0.0028124
0.0032473
0.0036905
0.0041424
0.0040647
0.0035994
0.0031952
0.0029638
0.0027316
0.0022936
0.0017325
0.0012429
0.00087098
0.00050987
-0.00011774
-0.00090947
-0.0015415
-0.0020322
-0.0025769
-0.0031532
-0.0036638
-0.004053
-0.0041225
-0.0036658
-0.0031731
-0.0029856
-0.0027089
-0.0021595
-0.0017238
-0.0014646
-0.0011509
-0.00070675
-0.00020772
0.00029232
0.00073249
0.0010172
0.0013079
0.0017492
0.0018255
0.0014194
0.001222
0.0013116
0.0011178
0.00075116
0.00057025
0.00011193
-0.00072725
-0.0012738
-0.0013934
-0.0014021
-0.0015394
-0.0017506
-0.0018462
-0.0017755
-0.0015911
-0.0017912
-0.002563
-0.0028198
-0.0022273
-0.0017022
-0.0016894
-0.0019413
-0.0025588
-0.0035251
-0.0044483
-0.0051225
-0.0055923
-0.0059539
-0.0062892
-0.0066936
-0.0071787
-0.0077184
-0.0082919
-0.0089
-0.0094731
-0.010059
-0.010749
-0.011235
-0.011305
-0.011279
-0.011204
-0.010611
-0.0098859
-0.0095867
-0.0095598
-0.009437
-0.0091152
-0.0086662
-0.0081493
-0.0074774
-0.0066784
-0.0059773
-0.0053168
-0.0045185
-0.0038174
-0.0032908
-0.002437
-0.001238
-7.55e-05
0.00078385
0.0014468
0.0024676
0.0038822
0.0053572
0.0063944
0.0069281
0.0077922
0.0091599
0.010271
0.010751
0.010843
0.010875
0.010954
0.011096
0.011147
0.010958
0.0106
0.010261
0.010206
0.010109
0.0094925
0.0088465
0.0085565
0.0082802
0.007725
0.0069678
0.0064235
0.0061879
0.0059903
0.0056426
0.0051818
0.004884
0.0049093
0.0052389
0.0057863
0.0065505
0.0075524
0.0087804
0.0099429
0.010997
0.012148
0.013416
0.014685
0.015919
0.017083
0.018054
0.018848
0.019496
0.019926
0.020144
0.020147
0.019938
0.019515
0.019019
0.018474
0.017451
0.016031
0.014633
0.013652
0.013048
0.012162
0.010939
0.0098049
0.0086459
0.0071782
0.0055901
0.0041988
0.0031113
0.0020583
0.00088906
-0.00014955
-0.00096789
-0.0016981
-0.0024887
-0.0033517
-0.0042067
-0.004933
-0.0054626
-0.0059544
-0.0064619
-0.0066007
-0.0064822
-0.0065379
-0.006974
-0.0076413
-0.0079775
-0.007907
-0.0076624
-0.0074178
-0.0071927
-0.0070882
-0.0071314
-0.0073611
-0.0075146
-0.0074377
-0.0075995
-0.0081379
-0.0086169
-0.0088826
-0.009111
-0.0094502
-0.0098203
-0.010013
-0.010144
-0.010379
-0.010472
-0.010325
-0.010183
-0.010157
-0.010192
-0.010428
-0.01089
-0.011459
-0.012033
-0.012609
-0.013226
-0.013879
-0.014475
-0.014993
-0.015464
-0.015859
-0.016163
-0.016328
-0.016384
-0.016381
-0.016357
-0.016327
-0.016329
-0.01635
-0.016359
-0.016378
-0.016437
-0.01651
-0.016607
-0.01677
-0.017022
-0.017323
-0.017451
-0.017455
-0.017567
-0.017613
-0.01735
-0.016858
-0.016257
-0.015422
-0.014497
-0.013668
-0.012778
-0.011719
-0.010609
-0.0095467
-0.0085432
-0.0077451
-0.0071528
-0.0066142
-0.0061736
-0.0059796
-0.0057186
-0.0051691
-0.0042823
-0.0032948
-0.0024351
-0.001858
-0.0015488
-0.0012888
-0.0010646
-0.0010392
-0.0010709
-0.0010298
-0.0011624
-0.0015422
-0.0020779
-0.00266
-0.0031956
-0.0033505
-0.0032234
-0.0031004
-0.0029283
-0.0024919
-0.0016273
-0.00040964
0.0011787
0.0024538
0.0029267
0.0029771
0.0030293
0.0031193
0.0030014
0.0025564
0.001965
0.0013692
0.00074377
3.5853e-05
-0.00073759
-0.0014332
-0.0019801
-0.0023935
-0.0027255
-0.0029964
-0.0031565
-0.0032126
-0.0032524
-0.003104
-0.0026178
-0.0019325
-0.0011003
6.3395e-05
0.0013944
0.0026775
0.0041959
0.0060508
0.0078624
0.0094221
0.010833
0.012593
0.01482
0.016593
0.017768
0.018894
0.019846
0.020258
0.020437
0.020652
0.020739
0.020411
0.019656
0.018836
0.018059
0.017094
0.016112
0.015352
0.014557
0.013656
0.012925
0.012471
0.012185
0.011949
0.011747
0.011673
0.011604
0.011427
0.011363
0.011409
0.011312
0.011223
0.011335
0.011182
0.010669
0.010344
0.010134
0.0096908
0.0093111
0.0091182
0.0087062
0.0080521
0.0074001
0.0067581
0.0062872
0.006539
0.0072023
0.0077214
0.0080719
0.0084504
0.0088459
0.0093354
0.0099692
0.010498
0.010854
0.01126
0.011623
0.011688
0.011776
0.011937
0.011597
0.011076
0.011022
0.010976
0.010601
0.010376
0.010375
0.010306
0.010295
0.010272
0.0096527
0.0086389
0.0077588
0.0072661
0.0070431
0.0069485
0.0068048
0.0065795
0.0065455
0.0066881
0.0065903
0.0062703
0.0060023
0.0058602
0.0057827
0.0057788
0.0058381
0.0060012
0.0065851
0.0075361
0.0083653
0.0090368
0.0098706
0.011087
0.012456
0.013206
0.013666
0.014672
0.015869
0.016686
0.016965
0.017035
0.017191
0.017443
0.017628
0.017525
0.017411
0.017696
0.017956
0.017783
0.017551
0.017364
0.01691
0.016337
0.015853
0.015211
0.014319
0.013327
0.012416
0.011584
0.010702
0.0096599
0.0083581
0.0070452
0.0058949
0.0045424
0.0030652
0.001871
0.0007043
-0.00075234
-0.0021918
-0.0035304
-0.0049508
-0.0059422
-0.0063851
-0.0069641
-0.0077654
-0.0083387
-0.0087598
-0.0092155
-0.0093943
-0.0093868
-0.0095611
-0.0097715
-0.0097952
-0.0096361
-0.0091656
-0.0082095
-0.0075109
-0.0073668
-0.0071308
-0.0067682
-0.006819
-0.0069773
-0.0068565
-0.0069349
-0.0072529
-0.007381
-0.0075734
-0.0081565
-0.0086892
-0.0090639
-0.009607
-0.010252
-0.010843
-0.011719
-0.01263
-0.012995
-0.013029
-0.013211
-0.013891
-0.014766
-0.015395
-0.015781
-0.016125
-0.016342
-0.01659
-0.017145
-0.017709
-0.018015
-0.018079
-0.018033
-0.017894
-0.017522
-0.017001
-0.016891
-0.017046
-0.016939
-0.016765
-0.01681
-0.016912
-0.016961
-0.017055
-0.017314
-0.017699
-0.01809
-0.018441
-0.018766
-0.018998
-0.019157
-0.019463
-0.019828
-0.019987
-0.01989
-0.019678
-0.019408
-0.018998
-0.018359
-0.017722
-0.017218
-0.016524
-0.01569
-0.015053
-0.014385
-0.013405
-0.012383
-0.011603
-0.011078
-0.010554
-0.0098961
-0.0091587
-0.0084708
-0.0079145
-0.0074647
-0.0070899
-0.0069021
-0.0068994
-0.0070642
-0.0072974
-0.0075828
-0.0082393
-0.0091477
-0.0099093
-0.010543
-0.011258
-0.01199
-0.012712
-0.013559
-0.014598
-0.015771
-0.016918
-0.017973
-0.01899
-0.020285
-0.02181
-0.022227
-0.021616
-0.02104
-0.020749
-0.020369
-0.020003
-0.019719
-0.019414
-0.019143
-0.018942
-0.018417
-0.017625
-0.016925
-0.016275
-0.015481
-0.014683
-0.013888
-0.012845
-0.011633
-0.010449
-0.0092164
-0.0079111
-0.0066224
-0.0050529
-0.0030524
-0.0014796
-0.00066551
-9.9312e-05
0.00062355
0.0014896
0.0026256
0.0039321
0.0050107
0.0058314
0.0065985
0.0074666
0.0084007
0.0092861
0.0099353
0.010218
0.010452
0.010824
0.011174
0.01134
0.011293
0.011118
0.011018
0.011271
0.011525
0.011303
0.010814
0.010393
0.010045
0.0097345
0.009494
0.009197
0.0087081
0.0079629
0.0074213
0.0073751
0.0073047
0.0069315
0.0065589
0.0063709
0.0062729
0.0061245
0.0059083
0.0056825
0.005399
0.0049795
0.0043385
0.0036192
0.0031713
0.0027039
0.0018622
0.00095507
0.00020913
-0.0005009
-0.001261
-0.001989
-0.0024261
-0.0026299
-0.0027851
-0.0028892
-0.0028364
-0.0025535
-0.0021193
-0.0015867
-0.0010873
-0.00068881
-0.00026479
0.00019042
0.00050653
0.00074995
0.0010515
0.0012625
0.0011991
0.00075433
-1.7885e-05
-0.00092111
-0.0013422
-0.0012295
-0.00078535
-0.00049931
-0.00058551
-0.00073564
-0.00066663
-0.00034246
4.7339e-05
0.00034082
0.00040256
0.00049112
0.0010746
0.0018155
0.0022008
0.002168
0.0020759
0.0021975
0.0023104
0.0021541
0.0018311
0.0014567
0.00099565
0.00057966
0.00018142
-0.00097833
-0.0027721
-0.0044526
-0.0054925
-0.0061221
-0.0068646
-0.0076856
-0.0081929
-0.0083425
-0.0083434
-0.008237
-0.0080452
-0.0078085
-0.0074693
-0.0070579
-0.0067434
-0.0064242
-0.0059088
-0.005442
-0.0051717
-0.0048572
-0.0044758
-0.004258
-0.0043862
-0.0047431
-0.0050599
-0.005504
-0.0064229
-0.0074487
-0.0083655
-0.0095345
-0.010825
-0.011926
-0.013073
-0.014441
-0.015832
-0.016884
-0.017514
-0.018065
-0.018603
-0.018735
-0.018603
-0.018459
-0.017749
-0.016629
-0.015847
-0.015267
-0.014403
-0.013336
-0.012225
-0.010935
-0.0096603
-0.0086263
-0.0076832
-0.006747
-0.0060182
-0.0053852
-0.0047217
-0.004514
-0.0045933
-0.0042667
-0.003884
-0.0039872
-0.0039275
-0.0033818
-0.0029288
-0.0025539
-0.0019306
-0.0014128
-0.0010019
-0.00019133
0.00059066
0.00070899
0.00013495
-0.00037042
2.8298e-05
0.00091589
0.0015567
0.0017534
0.0017886
0.0018196
0.0017433
0.0014895
0.0013873
0.0014314
0.0012985
0.0010847
0.0010462
0.0010115
0.0010881
0.00098284
0.00092324
0.0010388
0.00093941
0.00057768
0.00023921
9.4077e-05
0.00012856
0.00041433
0.00071521
0.00069337
0.00025944
-0.00033451
-0.00067896
-0.00074515
-0.00073615
-0.00088046
-0.0011777
-0.0015207
-0.0019451
-0.0025315
-0.0027805
-0.0026023
-0.0025505
-0.002693
-0.0026638
-0.00228
-0.0017084
-0.0012126
-0.00084719
-0.00048903
0.00012624
0.00094863
0.0016404
0.0023185
0.0032188
0.0040613
0.0047014
0.0053823
0.0061499
0.0068539
0.0075432
0.0081374
0.0082691
0.0083514
0.0088302
0.0091653
0.0091262
0.0092688
0.0094957
0.0094416
0.009537
0.0099298
0.01009
0.010178
0.010572
0.010746
0.010504
0.010399
0.010281
0.0097689
0.0093282
0.0091255
0.0088031
0.008298
0.0077767
0.0071787
0.0065755
0.0061392
0.0057352
0.0052105
0.0046583
0.004267
0.0041328
0.0041219
0.0040631
0.0037802
0.0034581
0.0033547
0.0032155
0.0028911
0.0027752
0.0026344
0.0018849
0.00093535
0.00041495
0.00057238
0.00086895
0.00082573
0.00057484
0.00045279
0.00061114
0.00093168
0.0012968
0.0019068
0.0027489
0.0034359
0.003855
0.0041785
0.0046216
0.0051169
0.0053968
0.0054999
0.0055699
0.0053348
0.0048003
0.0044483
0.0042904
0.0040516
0.0036985
0.0032277
0.0024668
0.00172
0.0013221
0.0012434
0.0013177
0.0015088
0.0016694
0.0017631
0.0020469
0.0024624
0.0027408
0.0029562
0.0032576
0.0034829
0.0037526
0.0043415
0.0048443
0.0050533
0.0054884
0.0060249
0.0060873
0.0059721
0.0060452
0.0060276
0.0058044
0.0055649
0.0053744
0.0052295
0.0052118
0.0054042
0.0058588
0.0062684
0.0065394
0.0069495
0.0075946
0.0083879
0.0092406
0.01012
0.011013
0.011713
0.012028
0.012503
0.013287
0.013789
0.013875
0.013805
0.013752
0.013691
0.013553
0.013351
0.0131
0.012586
0.011792
0.010968
0.010202
0.0094246
0.0086901
0.007959
0.0070903
0.0062068
0.0055133
0.0051836
0.0050928
0.00504
0.0047284
0.0041329
0.0037556
0.0036053
0.0033093
0.0029546
0.0027078
0.0024139
0.0020281
0.0017208
0.0019431
0.002762
0.0038753
0.0046442
0.0048838
0.0053135
0.0060457
0.006581
0.0068163
0.0069417
0.0070458
0.0072484
0.007658
0.0080324
0.0082491
0.008475
0.0087721
0.0090698
0.0093344
0.0095157
0.0095766
0.0097443
0.010057
0.010245
0.01017
0.0098706
0.0092809
0.0086555
0.0083177
0.0080913
0.0077492
0.0073188
0.0067388
0.0059847
0.0054179
0.0050197
0.0044857
0.0038293
0.00327
0.0029809
0.0027649
0.0024234
0.0020938
0.0018385
0.0015662
0.0013067
0.0010701
0.0007554
0.00042032
0.00014955
-0.00017224
-0.0005306
-0.00080159
-0.0010603
-0.0013887
-0.0017443
-0.002023
-0.0021774
-0.0021515
-0.0020202
-0.0019774
-0.0019466
-0.0017833
-0.0015769
-0.0013282
-0.00094064
-0.00064355
-0.00050824
-0.00028538
3.8581e-05
0.00030515
0.000441
0.00052535
0.00062348
0.00055651
0.00032277
0.00019614
0.00013341
-3.5769e-05
-0.00020249
-0.00036347
-0.00065499
-0.0010381
-0.0013994
-0.0016795
-0.0018549
-0.0019486
-0.0020829
-0.0022515
-0.0023447
-0.0022629
-0.0020486
-0.0018209
-0.0016428
-0.0015307
-0.0016883
-0.0020084
-0.0020026
-0.0015442
-0.00089534
-0.00053769
-0.00040647
-0.00016154
0.0001477
0.000451
0.00082042
0.0012426
0.001641
0.001954
0.0022472
0.0026051
0.0030732
0.0035572
0.0039524
0.0043125
0.0046641
0.0049423
0.0050564
0.0051088
0.0053762
0.0058959
0.006458
0.0065685
0.0062108
0.0056841
0.005383
0.0053396
0.0053544
0.0052025
0.0049008
0.0046171
0.0044194
0.0042677
0.004165
0.0040704
0.0039451
0.0038519
0.0037464
0.0035286
0.0033414
0.0032595
0.0031591
0.002965
0.002696
0.0023889
0.002122
0.0019078
0.0015827
0.0011323
0.00066374
0.0002158
-0.00020244
-0.00057668
-0.0010343
-0.0016161
-0.0022223
-0.0027482
-0.003223
-0.0038915
-0.0045363
-0.0048631
-0.0051034
-0.0054457
-0.0058095
-0.0060426
-0.0061524
-0.006264
-0.0064074
-0.0065289
-0.0065838
-0.0066628
-0.0068166
-0.0068412
-0.0067207
-0.006588
-0.006412
-0.0062045
-0.0060299
-0.0057961
-0.005488
-0.0052522
-0.0050854
-0.0048936
-0.0046485
-0.0044142
-0.0042252
-0.0039752
-0.0036228
-0.0032175
-0.0028834
-0.0026119
-0.0022651
-0.0019212
-0.0016953
-0.0014652
-0.0012151
-0.0010307
-0.00090797
-0.00082086
-0.00078786
-0.00087985
-0.0010479
-0.0011151
-0.00095627
-0.00061241
-0.00031263
-0.00010504
0.00015152
0.00040712
0.00058103
0.00091343
0.001397
0.0018309
0.002245
0.002701
0.0030486
0.0033172
0.0036554
0.0039851
0.0042315
0.0044659
0.0046742
0.0047884
0.0047714
0.0047537
0.004871
0.0049568
0.0048354
0.0044831
0.0041481
0.0040396
0.0039106
0.0036421
0.0034744
0.0033469
0.0030977
0.0029161
0.0028269
0.0026741
0.0025322
0.0024666
0.0023788
0.002264
0.0021857
0.0020378
0.0018249
0.0017411
0.0016436
0.0013617
0.001154
0.0010435
0.00082477
0.00063611
0.00054372
0.0003256
1.3835e-05
-0.0002328
-0.00042833
-0.00059149
-0.00068157
-0.0007341
-0.00076917
-0.00068407
-0.00056244
-0.00056491
-0.00058349
-0.00052053
-0.00044851
-0.00041875
-0.00040235
-0.00032327
-0.00020056
-0.00010402
-5.0047e-05
-1.083e-05
3.9964e-05
0.00011566
0.00021529
0.00028706
0.0003092
0.00030361
0.00029714
0.00028212
0.00018758
4.3686e-05
-6.2798e-05
-0.00013395
-0.00021028
-0.00027224
-0.00034241
-0.00046965
-0.00061731
-0.00074157
-0.00084387
-0.0009455
-0.0010548
-0.0011664
-0.0012907
-0.0014347
-0.0015762
-0.0016868
-0.0016911
-0.0016499
-0.0016741
-0.0017643
-0.0018575
-0.0019144
-0.0019483
-0.0019863
-0.0020592
-0.0021655
-0.0022486
-0.002286
-0.0022956
-0.0022972
-0.0022978
-0.0023287
-0.0023775
-0.0024076
-0.0024107
-0.0024024
-0.0024002
-0.0024002
-0.0023868
-0.0023924
-0.0024443
-0.0025194
-0.0025912
-0.0026522
-0.0027072
-0.0027596
-0.0028024
-0.00283
-0.0028411
-0.0028469
-0.0028542
-0.0028515
-0.0028355
-0.0028182
-0.0028023
-0.002783
-0.0027716
-0.0027649
-0.0027381
-0.0026965
-0.0026586
-0.0026286
-0.0025999
-0.0025674
-0.0025129
-0.0024219
-0.0023404
-0.00229
-0.0022362
-0.002165
-0.0020934
-0.0020384
-0.0019991
-0.0019558
-0.0019059
-0.0018603
-0.0018207
-0.0017816
-0.0017374
-0.0016953
-0.0016696
-0.0016484
-0.001617
-0.0015798
-0.0015473
-0.0015245
-0.001507
-0.0014886
-0.0014541
-0.0014114
-0.0013896
-0.0013844
-0.0013761
-0.0013606
-0.001345
-0.0013344
-0.0013305
-0.0013322
-0.0013279
-0.0013158
-0.0013108
-0.0013101
-0.0013003
-0.0012872
-0.0012794
-0.0012706
-0.0012607
-0.001256
-0.0012491
-0.0012339
-0.00122
-0.0012143
-0.0012183
-0.0012223
-0.0012177
-0.0011977
-0.001172
-0.0011522
-0.0011368
-0.00112
-0.0011029
-0.001085
-0.0010612
-0.0010375
-0.0010203
-0.0010054
-0.00098842
-0.00096995
-0.00095162
-0.00093373
-0.00091841
-0.00090524
-0.00089098
-0.00087628
-0.00086352
-0.00085198
-0.00084005
-0.00082615
-0.00081442
-0.00080957
-0.00080913
-0.00080955
-0.00080963
-0.00080949
-0.0008094
-0.00080863
-0.00080673
-0.0008049
-0.00080302
-0.00079974
-0.00079468
-0.00078859
-0.00078251
-0.00077657
-0.00077016
-0.00076279
-0.00075458
-0.00074605
-0.00073778
-0.00073006
-0.00072275
-0.00071552
-0.00070772
-0.00069973
-0.00069277
-0.00068634
-0.00067937
-0.00067213
-0.00066507
-0.00065802
-0.00065097
-0.00064402
-0.00063684
-0.00062936
-0.00062192
-0.00061478
-0.00060788
-0.00060092
-0.00059373
-0.00058615
-0.00057862
-0.0005716
-0.00056466
-0.00055746
-0.00055021
-0.00054309
-0.00053604
-0.00052903
-0.00052203
-0.00051487
-0.00050762
-0.00050044
-0.00049345
-0.00048659
-0.00047976
-0.00047289
-0.00046598
-0.00045912
-0.00045232
-0.00044555
-0.00043877
-0.00043191
-0.00042504
-0.00041823
-0.00041138
-0.00040445
-0.00039749
-0.00039056
-0.00038368
-0.00037671
-0.00036966
-0.00036262
-0.00035562
-0.00034865
-0.00034163
-0.00033454
-0.00032743
-0.00032035
-0.00031332
-0.00030632
-0.00029933
-0.00029235
-0.00028537
-0.00027839
-0.00027144
-0.0002645
-0.00025757
-0.00025065
-0.00024374
-0.00023685
-0.00022997
-0.00022309
-0.00021622
-0.00020936
-0.00020251
-0.00019568
-0.00018887
-0.00018206
-0.00017526
-0.00016849
-0.00016174
-0.000155
-0.00014827
-0.00014156
-0.00013486
-0.00012818
-0.00012152
-0.00011488
-0.00010825
-0.00010164
-9.5051e-05
-8.8476e-05
-8.192e-05
-7.5381e-05
-6.8861e-05
-6.2358e-05
-5.5874e-05
-4.9409e-05
-4.2962e-05
-3.6535e-05
-3.0127e-05
-2.3739e-05
-1.737e-05
-1.1022e-05
-4.6937e-06
1.6139e-06
7.9006e-06
1.4166e-05
2.0411e-05
2.6634e-05
3.2836e-05
3.9015e-05
4.5173e-05
5.1308e-05
5.7421e-05
6.351e-05
6.9577e-05
7.5621e-05
8.1642e-05
8.7639e-05
9.3612e-05
9.9561e-05
0.00010549
0.00011139
