6.6375e-05
6.5082e-05
6.3501e-05
6.2047e-05
6.1865e-05
6.3833e-05
6.803e-05
7.4058e-05
8.075e-05
8.5747e-05
8.526e-05
7.5582e-05
5.4582e-05
2.4759e-05
-3.5738e-06
-1.7803e-05
-1.2896e-05
2.7517e-06
1.1503e-05
-3.5679e-06
-4.7828e-05
-0.00011036
-0.00016771
-0.00019354
-0.0001735
-0.00011419
-4.3373e-05
4.1629e-06
1.0623e-05
-1.5625e-05
-4.2526e-05
-5.1163e-05
-4.4767e-05
-3.4479e-05
-3.1478e-05
-3.7831e-05
-3.2112e-05
1.9113e-05
0.0001273
0.00026637
0.00039774
0.00048397
0.00048737
0.00038551
0.00018002
-8.2161e-05
-0.0002952
-0.00035333
-0.00023388
-4.2839e-05
7.9247e-05
6.2776e-05
-6.8111e-05
-0.00019003
-0.00019771
-0.00011772
-3.0253e-05
3.4583e-05
4.7829e-05
-5.4483e-05
-0.00031721
-0.00068867
-0.00099995
-0.0011343
-0.0011745
-0.0012422
-0.0013041
-0.001211
-0.00085176
-0.00027299
0.00036402
0.00083969
0.00092706
0.00061988
0.00020081
-7.243e-05
-0.00016034
-7.5994e-05
0.00020238
0.00059135
0.00084945
0.00080284
0.00054311
0.00030808
0.00023161
0.00025261
0.00030048
0.00043252
0.00072858
0.0011629
0.0015455
0.0016125
0.0013265
0.00084204
0.00035543
9.4356e-05
0.0001625
0.00049837
0.00085087
0.00079003
-1.5264e-05
-0.0013874
-0.0027517
-0.003562
-0.0034887
-0.0026736
-0.0016059
-0.00076069
-0.00051361
-0.000946
-0.0017736
-0.0025393
-0.0027928
-0.0022385
-0.0010119
0.00027313
0.0010289
0.00116
0.00090712
0.00056875
0.00048053
0.00091444
0.0018377
0.0028731
0.0035934
0.0037046
0.0029896
0.0012449
-0.0013816
-0.0043077
-0.006881
-0.0086111
-0.0092314
-0.0087344
-0.0071963
-0.004885
-0.0025223
-0.00097029
-0.00042605
-0.00017721
0.00084564
0.0032261
0.0062349
0.0080595
0.0072039
0.003531
-0.0016297
-0.0059973
-0.0077602
-0.0070642
-0.0057222
-0.0054369
-0.0064335
-0.0076658
-0.0079423
-0.0067953
-0.004679
-0.002592
-0.0015692
-0.002275
-0.0047021
-0.0080456
-0.010749
-0.011265
-0.0091733
-0.0051854
-0.00064143
0.0031365
0.0055629
0.0065846
0.0064334
0.0058897
0.0060374
0.0077136
0.010982
0.015151
0.018826
0.020461
0.01945
0.016299
0.012342
0.0090876
0.0069976
0.0054542
0.0037097
0.0013334
-0.0013093
-0.0031744
-0.0038361
-0.0038778
-0.0043423
-0.0057508
-0.0073054
-0.0075548
-0.0060279
-0.0039678
-0.0030143
-0.0038525
-0.0060325
-0.0085116
-0.010309
-0.0107
-0.0095193
-0.0071395
-0.0039029
7.8161e-06
0.0042681
0.0083622
0.011623
0.013316
0.013022
0.011088
0.0084836
0.005845
0.0033397
0.0012971
0.00044759
0.0014574
0.0039028
0.0063626
0.0078311
0.0081656
0.0075237
0.0059063
0.0033111
-3.825e-05
-0.0035913
-0.0063066
-0.0067653
-0.0043747
4.7828e-05
0.0053314
0.010328
0.013546
0.013525
0.0099998
0.0040595
-0.0030478
-0.010727
-0.018783
-0.026646
-0.032513
-0.034062
-0.029832
-0.020092
-0.0074151
0.0043662
0.012288
0.015318
0.01389
0.0097615
0.0049384
0.00063725
-0.002268
-0.0028622
-0.00090163
0.0027275
0.0073155
0.013235
0.020124
0.025954
0.028553
0.027332
0.023164
0.017594
0.012009
0.0067023
0.0008127
-0.006413
-0.014581
-0.022472
-0.028788
-0.032169
-0.031758
-0.028649
-0.025251
-0.023373
-0.023069
-0.022978
-0.022047
-0.020381
-0.018435
-0.016358
-0.014361
-0.012814
-0.012009
-0.012231
-0.013297
-0.014043
-0.012932
-0.0092644
-0.0036723
0.0027447
0.0090515
0.014134
0.016759
0.015609
0.010569
0.0031114
-0.0047577
-0.010637
-0.012689
-0.010503
-0.0052536
0.0011447
0.0075115
0.013681
0.018802
0.02146
0.02071
0.017059
0.011733
0.005603
-0.00070277
-0.006296
-0.010177
-0.011708
-0.011089
-0.0096207
-0.0081917
-0.0063684
-0.0037098
-0.0007786
0.0017865
0.0036111
0.0042497
0.0037607
0.0029514
0.002888
0.0043536
0.0072996
0.010549
0.012607
0.013037
0.012577
0.012377
0.013225
0.015096
0.016922
0.017278
0.015153
0.010837
0.0062656
0.0033878
0.0026933
0.0032301
0.0029691
0.00072515
-0.0027134
-0.0058434
-0.0075442
-0.0070916
-0.004853
-0.0019709
0.0011629
0.0047535
0.0082125
0.010816
0.01237
0.013448
0.01521
0.01808
0.021281
0.023762
0.024775
0.023748
0.020429
0.015052
0.0082022
0.00014348
-0.0095746
-0.020689
-0.031336
-0.039133
-0.04234
-0.040563
-0.034317
-0.025191
-0.016074
-0.0094025
-0.0060359
-0.0052481
-0.0047759
-0.0023619
0.002526
0.0091767
0.01673
0.023753
0.026937
0.021982
0.0082501
-0.0082497
-0.019347
-0.018932
-0.0087062
0.0028113
0.009427
0.010228
0.0065655
0.00083133
-0.0034853
-0.0039692
-0.0011013
0.0023667
0.0035437
0.0011743
-0.0034976
-0.0074566
-0.0082379
-0.0050699
0.0012792
0.0092135
0.0172
0.023475
0.025651
0.022232
0.014167
0.0044443
-0.0037167
-0.0087978
-0.011415
-0.013487
-0.016886
-0.02152
-0.024952
-0.023824
-0.016167
-0.0032733
0.010111
0.018612
0.019538
0.013455
0.0035116
-0.0058072
-0.011172
-0.012265
-0.011172
-0.010331
-0.010837
-0.012459
-0.014207
-0.014477
-0.011705
-0.0059902
0.00069201
0.005956
0.008613
0.0098594
0.01209
0.016533
0.022102
0.025431
0.022685
0.01238
-0.0034617
-0.020031
-0.03155
-0.034948
-0.030916
-0.022465
-0.01299
-0.0048783
0.0014413
0.0068618
0.012618
0.019728
0.028383
0.038101
0.047501
0.054938
0.059528
0.060799
0.058649
0.05372
0.046931
0.03941
0.032624
0.027691
0.024898
0.023852
0.024016
0.02542
0.028325
0.032223
0.035664
0.037019
0.035232
0.030233
0.023048
0.01502
0.007604
0.0030109
0.0033237
0.0086348
0.016102
0.021312
0.021004
0.015245
0.0071356
2.2779e-05
-0.0041913
-0.005266
-0.0047835
-0.0044301
-0.0048178
-0.0059353
-0.0073013
-0.0079566
-0.0072304
-0.0058143
-0.005314
-0.0067897
-0.0095617
-0.011996
-0.01326
-0.013664
-0.013902
-0.014965
-0.01852
-0.026083
-0.036511
-0.045295
-0.048722
-0.046566
-0.042155
-0.039829
-0.041995
-0.047387
-0.052674
-0.056118
-0.058602
-0.061981
-0.066235
-0.068527
-0.065992
-0.058165
-0.047092
-0.03585
-0.026317
-0.019362
-0.015482
-0.014525
-0.015896
-0.018072
-0.018968
-0.017515
-0.014491
-0.011695
-0.010647
-0.012386
-0.017598
-0.025979
-0.036104
-0.046898
-0.057906
-0.068915
-0.079636
-0.088058
-0.090526
-0.083961
-0.068567
-0.048621
-0.030238
-0.016974
-0.0091308
-0.0053837
-0.0040457
-0.0036306
-0.0027185
-0.00091018
0.00050147
-0.0001387
-0.0025171
-0.0042103
-0.0030156
0.0013106
0.0078015
0.015599
0.024892
0.036054
0.048359
0.06021
0.070443
0.078371
0.083407
0.085436
0.084039
0.078524
0.069414
0.059108
0.05056
0.045449
0.044102
0.045937
0.050037
0.056349
0.065796
0.079109
0.095494
0.11352
0.13071
0.14328
0.14949
0.14961
0.1447
0.13703
0.12883
0.12064
0.11188
0.10139
0.087951
0.071072
0.051999
0.033199
0.016391
0.0029689
-0.0061702
-0.011496
-0.013919
-0.0143
-0.013565
-0.01254
-0.011495
-0.0093427
-0.0038909
0.0065638
0.02205
0.039861
0.056441
0.06976
0.078432
0.081536
0.079358
0.073388
0.065458
0.056568
0.046712
0.035292
0.021644
0.0055812
-0.013378
-0.035526
-0.06006
-0.08631
-0.11252
-0.1356
-0.15522
-0.17235
-0.18646
-0.19694
-0.20295
-0.20393
-0.20046
-0.19374
-0.1846
-0.17335
-0.16093
-0.14854
-0.1358
-0.12132
-0.10428
-0.085696
-0.068788
-0.056491
-0.050478
-0.050917
-0.05588
-0.06256
-0.068462
-0.07217
-0.073887
-0.074885
-0.0762
-0.077713
-0.078485
-0.077566
-0.07464
-0.070538
-0.066997
-0.065998
-0.068169
-0.072139
-0.075759
-0.076495
-0.071596
-0.060009
-0.043543
-0.024483
-0.0037877
0.017791
0.040759
0.064636
0.086645
0.10528
0.1203
0.13231
0.14113
0.14592
0.14619
0.14153
0.13184
0.11751
0.099888
0.081676
0.065996
0.054048
0.045764
0.040817
0.038588
0.037535
0.035526
0.03179
0.027554
0.024156
0.022292
0.023006
0.027269
0.034857
0.044436
0.053577
0.059115
0.057939
0.048097
0.02968
0.0034797
-0.029941
-0.069414
-0.11235
-0.15297
-0.1867
-0.21035
-0.22172
-0.22184
-0.21251
-0.19494
-0.17074
-0.14251
-0.11405
-0.087815
-0.062717
-0.037231
-0.011068
0.014223
0.036557
0.055247
0.069559
0.07979
0.087702
0.095321
0.104
0.11351
0.12268
0.13019
0.13601
0.14017
0.14172
0.13916
0.13162
0.11997
0.10657
0.093546
0.082095
0.07293
0.06695
0.065038
0.066995
0.071061
0.074447
0.074038
0.067077
0.053623
0.037651
0.024131
0.016075
0.013632
0.015276
0.0192
0.023567
0.026367
0.026037
0.022499
0.017588
0.014135
0.01401
0.016568
0.019295
0.020443
0.020966
0.023629
0.030895
0.043325
0.059003
0.074523
0.086766
0.094165
0.097447
0.098076
0.096367
0.09151
0.082925
0.071145
0.057553
0.044437
0.03426
0.028074
0.024427
0.019713
0.010352
-0.0049251
-0.024928
-0.04716
-0.067945
-0.083819
-0.094107
-0.10051
-0.10422
-0.10495
-0.10177
-0.094654
-0.085105
-0.074888
-0.065544
-0.0589
-0.055571
-0.054477
-0.053773
-0.051589
-0.046794
-0.039662
-0.031881
-0.025901
-0.023071
-0.022544
-0.022588
-0.022069
-0.020858
-0.019635
-0.018798
-0.018224
-0.018443
-0.020699
-0.025183
-0.030346
-0.034564
-0.03733
-0.038378
-0.036648
-0.031923
-0.02571
-0.020037
-0.016568
-0.016074
-0.018294
-0.022035
-0.026075
-0.029599
-0.032169
-0.033163
-0.031819
-0.02746
-0.019033
-0.0056704
0.01143
0.029577
0.045687
0.05783
0.066166
0.070612
0.070034
0.06378
0.052089
0.036078
0.01769
-0.0013097
-0.018543
-0.031754
-0.040927
-0.046582
-0.047904
-0.043173
-0.030763
-0.011216
0.011879
0.034709
0.054357
0.068452
0.077084
0.081591
0.082367
0.079229
0.071966
0.06063
0.046046
0.030169
0.015894
0.0052975
-0.0010827
-0.003693
-0.0037651
-0.0028906
-0.0032837
-0.0066687
-0.012731
-0.01976
-0.026486
-0.032459
-0.037551
-0.042455
-0.048207
-0.055273
-0.063195
-0.070266
-0.074456
-0.074217
-0.068533
-0.057692
-0.042961
-0.025835
-0.007627
0.0097606
0.025348
0.039436
0.051808
0.061662
0.067218
0.066374
0.057833
0.041816
0.020806
-0.0021942
-0.025701
-0.048257
-0.068962
-0.087687
-0.10284
-0.11245
-0.1151
-0.10992
-0.097343
-0.078868
-0.05601
-0.031648
-0.0090446
0.0099721
0.023603
0.031141
0.033699
0.032405
0.028301
0.022791
0.016751
0.010376
0.0038169
-0.0019926
-0.0051891
-0.0044144
0.00017124
0.0071905
0.014624
0.020532
0.023951
0.025277
0.025398
0.025344
0.026106
0.028438
0.033001
0.040317
0.050892
0.064205
0.078603
0.092816
0.10568
0.11674
0.12629
0.13433
0.14017
0.14207
0.13737
0.12367
0.10097
0.072733
0.043933
0.017366
-0.0061622
-0.025493
-0.040249
-0.050618
-0.057246
-0.060821
-0.062058
-0.062353
-0.062892
-0.063657
-0.064158
-0.064612
-0.066128
-0.069569
-0.074855
-0.081221
-0.087494
-0.092313
-0.093822
-0.090928
-0.08427
-0.075083
-0.064742
-0.055442
-0.048774
-0.04496
-0.043439
-0.043418
-0.044209
-0.045063
-0.045515
-0.044934
-0.042465
-0.037889
-0.03228
-0.027054
-0.022988
-0.020551
-0.020512
-0.023386
-0.028693
-0.035467
-0.042731
-0.04977
-0.056253
-0.061163
-0.062689
-0.059457
-0.051093
-0.038021
-0.021827
-0.0037892
0.015479
0.034309
0.051234
0.065519
0.07651
0.084269
0.088739
0.089442
0.085596
0.076576
0.063277
0.048131
0.032813
0.017658
0.0031843
-0.010657
-0.024538
-0.03894
-0.053607
-0.067193
-0.077673
-0.082191
-0.077915
-0.064164
-0.043298
-0.02007
-0.00089173
0.010278
0.013944
0.011739
0.0053231
-0.0033902
-0.013108
-0.022687
-0.030563
-0.036164
-0.039906
-0.04229
-0.043603
-0.0437
-0.042141
-0.037881
-0.029804
-0.01859
-0.0065315
0.0041601
0.012554
0.019227
0.025043
0.02984
0.03342
0.036482
0.039668
0.043257
0.047716
0.053939
0.062369
0.072198
0.081682
0.089115
0.093519
0.094105
0.090171
0.081669
0.069552
0.055244
0.039302
0.021336
0.0020711
-0.01736
-0.036921
-0.056199
-0.074122
-0.08855
-0.098067
-0.10352
-0.10553
-0.10329
-0.095613
-0.082078
-0.062719
-0.036771
-0.0032471
0.035185
0.073547
0.10862
0.13887
0.16438
0.18437
0.19829
0.20684
0.21014
0.20888
0.20449
0.19832
0.19162
0.18487
0.17718
0.16682
0.15137
0.12865
0.098
0.061492
0.024811
-0.0071166
-0.032741
-0.052895
-0.069227
-0.080925
-0.087168
-0.089716
-0.091312
-0.093317
-0.09569
-0.098085
-0.10056
-0.1031
-0.10487
-0.10375
-0.097228
-0.083339
-0.061199
-0.032613
-0.0014885
0.028445
0.052895
0.070058
0.082
0.090719
0.096499
0.098022
0.093506
0.082364
0.066172
0.048666
0.033768
0.022054
0.011968
0.0021631
-0.0085139
-0.021325
-0.036499
-0.052439
-0.06799
-0.082554
-0.094953
-0.10448
-0.11052
-0.11229
-0.10929
-0.10174
-0.090968
-0.078499
-0.064048
-0.046203
-0.024134
0.0010434
0.026196
0.048748
0.06717
0.081029
0.090342
0.095323
0.096672
0.094814
0.090035
0.082416
0.07212
0.060425
0.049312
0.039509
0.030682
0.022222
0.01391
0.0059214
-0.0018192
-0.0093121
-0.016605
-0.023726
-0.030037
-0.034707
-0.037411
-0.038348
-0.03825
-0.038123
-0.038754
-0.0403
-0.042414
-0.04447
-0.045728
-0.046286
-0.047106
-0.04839
-0.049389
-0.049655
-0.049171
-0.048119
-0.046515
-0.044837
-0.043874
-0.043382
-0.042859
-0.04243
-0.042357
-0.042927
-0.04449
-0.046937
-0.049674
-0.052519
-0.055565
-0.058639
-0.061862
-0.065533
-0.069472
-0.073043
-0.075541
-0.076428
-0.075719
-0.073999
-0.071913
-0.069475
-0.066594
-0.063249
-0.059194
-0.053949
-0.046797
-0.03729
-0.026025
-0.014603
-0.0042902
0.0046459
0.012341
0.018436
0.022428
0.024318
0.024058
0.021082
0.015348
0.0077466
-0.00097212
-0.010217
-0.018679
-0.025159
-0.028943
-0.029976
-0.028906
-0.02636
-0.022378
-0.016775
-0.010221
-0.004077
0.00068521
0.0036673
0.0051323
0.0061953
0.0080288
0.011938
0.018838
0.028308
0.03927
0.050641
0.061183
0.070541
0.079051
0.08658
0.092844
0.097793
0.10126
0.10261
0.10098
0.096397
0.089604
0.08133
0.072566
0.064091
0.055999
0.048357
0.041464
0.035945
0.032168
0.029425
0.026885
0.024303
0.021891
0.020003
0.018872
0.018397
0.018322
0.018954
0.020619
0.023083
0.025927
0.028577
0.030969
0.033156
0.03453
0.034711
0.034143
0.033332
0.032712
0.032528
0.032614
0.033011
0.033547
0.033806
0.033696
0.033118
0.031763
0.029676
0.027425
0.024964
0.021393
0.016246
0.0099773
0.0033353
-0.0032577
-0.0097886
-0.016082
-0.021729
-0.026387
-0.030086
-0.032524
-0.033146
-0.032009
-0.029882
-0.027312
-0.024084
-0.020042
-0.015323
-0.010275
-0.0051219
-0.00021675
0.0034539
0.0051027
0.0050984
0.0046234
0.0041871
0.0036645
0.0033962
0.0037378
0.004177
0.0040733
0.0033662
0.0022229
0.00091207
-0.00034764
-0.0017236
-0.0037096
-0.0066907
-0.010479
-0.014464
-0.018238
-0.021413
-0.023601
-0.02525
-0.027264
-0.029965
-0.033359
-0.037526
-0.042382
-0.047455
-0.051963
-0.055654
-0.058372
-0.059421
-0.058446
-0.05579
-0.052311
-0.048869
-0.045442
-0.042089
-0.039371
-0.037357
-0.035804
-0.034457
-0.033095
-0.031464
-0.029568
-0.027847
-0.026462
-0.025303
-0.024339
-0.023513
-0.022828
-0.022586
-0.023108
-0.024639
-0.027065
-0.029818
-0.032313
-0.034135
-0.035251
-0.035701
-0.035836
-0.035982
-0.035979
-0.035419
-0.034067
-0.031938
-0.028982
-0.025102
-0.020384
-0.015359
-0.010663
-0.0065242
-0.0031233
-0.00078252
0.00057757
0.0014371
0.0019162
0.001511
0.00012766
-0.0014127
-0.0023246
-0.002784
-0.0031858
-0.0035907
-0.0037234
-0.0029107
-0.00067302
0.0023846
0.0056286
0.0086169
0.010513
0.011044
0.010998
0.011025
0.010984
0.010567
0.0096753
0.0080889
0.0057594
0.0032686
0.0015946
0.0010954
0.0013911
0.002415
0.0044659
0.0072417
0.010031
0.012735
0.016039
0.019791
0.022692
0.024158
0.024802
0.025381
0.026045
0.026861
0.028087
0.02952
0.030563
0.030945
0.030937
0.031007
0.031634
0.032501
0.032953
0.033133
0.033755
0.03503
0.03626
0.03701
0.037719
0.039044
0.041367
0.04502
0.049864
0.055017
0.059333
0.061946
0.062677
0.061923
0.060018
0.056691
0.051617
0.044927
0.036785
0.027549
0.017698
0.0076243
-0.0013618
-0.0076707
-0.011052
-0.012035
-0.011555
-0.010409
-0.0088975
-0.0071029
-0.0050586
-0.0027574
-0.00072296
6.661e-05
-0.00053281
-0.0017803
-0.0032876
-0.0049187
-0.00662
-0.0083268
-0.0094419
-0.0093963
-0.0081954
-0.0064977
-0.0050042
-0.004231
-0.0044107
-0.0052286
-0.0066951
-0.0088823
-0.011063
-0.012588
-0.013612
-0.014485
-0.015431
-0.016633
-0.017824
-0.018275
-0.017334
-0.015203
-0.013132
-0.011852
-0.010682
-0.0085614
-0.0050931
-0.00072267
0.0036561
0.0073004
0.0098598
0.011418
0.012288
0.012678
0.012799
0.012908
0.0132
0.013838
0.014831
0.015885
0.016848
0.017906
0.018853
0.01913
0.018527
0.017114
0.015042
0.012551
0.010049
0.0078061
0.0056354
0.0031832
0.00052878
-0.0019691
-0.0041796
-0.0058351
-0.0064895
-0.0060223
-0.0048243
-0.003161
-0.00083298
0.0018328
0.0042112
0.0059565
0.0068942
0.0074305
0.0080861
0.0086335
0.0086954
0.0083304
0.0077427
0.0071363
0.0065188
0.0059732
0.0061947
0.0075371
0.0097768
0.012987
0.017094
0.021468
0.025057
0.026966
0.027101
0.026152
0.024897
0.023734
0.022698
0.0217
0.020582
0.019041
0.017124
0.01558
0.014777
0.013939
0.012151
0.009199
0.00544
0.0013978
-0.0026813
-0.0065045
-0.0097883
-0.012783
-0.016155
-0.019873
-0.022864
-0.024575
-0.025544
-0.026277
-0.027054
-0.028324
-0.030219
-0.03263
-0.035878
-0.039945
-0.043882
-0.046856
-0.048781
-0.050118
-0.051582
-0.053549
-0.055735
-0.058053
-0.060567
-0.062834
-0.064367
-0.065151
-0.065282
-0.06468
-0.063095
-0.060351
-0.056556
-0.05213
-0.047208
-0.041678
-0.036077
-0.031624
-0.028934
-0.02779
-0.02752
-0.027562
-0.027756
-0.02779
-0.027036
-0.025029
-0.021473
-0.016678
-0.011304
-0.0057679
-0.00094548
0.0025812
0.0050843
0.0069671
0.0088983
0.011675
0.015824
0.021113
0.025878
0.029005
0.030905
0.031927
0.031761
0.029943
0.026121
0.020468
0.014257
0.0087832
0.0042283
0.00049365
-0.0017413
-0.0017569
8.8226e-05
0.0031471
0.0073385
0.01261
0.018201
0.023298
0.02771
0.03161
0.034936
0.037311
0.0382
0.037558
0.036244
0.034766
0.032677
0.029554
0.025737
0.021508
0.016858
0.012014
0.0076097
0.0044312
0.0025838
0.0015285
0.0005955
-0.000479
-0.0016974
-0.0030216
-0.0046207
-0.0070681
-0.010841
-0.01548
-0.019779
-0.023191
-0.025964
-0.028148
-0.029765
-0.030825
-0.031016
-0.030085
-0.028153
-0.025719
-0.023135
-0.020737
-0.019002
-0.017927
-0.016724
-0.015004
-0.013273
-0.011164
-0.0077352
-0.0031019
0.0018699
0.0067414
0.010888
0.013511
0.014738
0.015017
0.014721
0.014064
0.012613
0.0098227
0.0056278
0.00029543
-0.0054514
-0.010599
-0.014107
-0.015739
-0.016124
-0.015726
-0.014931
-0.014087
-0.012922
-0.010688
-0.007232
-0.0031202
0.0010446
0.0049344
0.0085643
0.012145
0.015454
0.017685
0.018808
0.01934
0.019235
0.018557
0.017639
0.016757
0.016218
0.016396
0.016913
0.016893
0.016329
0.015482
0.014102
0.012268
0.010652
0.0094568
0.0082624
0.0071381
0.006352
0.0058167
0.0052866
0.004636
0.004088
0.0035864
0.0022609
-0.00023494
-0.0029113
-0.0047215
-0.005466
-0.0052506
-0.0041633
-0.0025166
-0.00067662
0.0011554
0.0031688
0.0056685
0.0083937
0.010823
0.012947
0.015331
0.018233
0.020923
0.022637
0.023173
0.022767
0.021875
0.020864
0.019816
0.018546
0.017219
0.016143
0.015649
0.016267
0.01808
0.020802
0.024224
0.028106
0.031884
0.034923
0.037116
0.038816
0.040336
0.041273
0.040975
0.039247
0.036238
0.032451
0.028624
0.025291
0.022639
0.020479
0.01855
0.016851
0.015357
0.014094
0.013277
0.013371
0.014299
0.015034
0.014971
0.014191
0.012688
0.010615
0.0086797
0.0073395
0.0058799
0.0034042
0.000319
-0.0022247
-0.0036048
-0.0041089
-0.0045865
-0.0056121
-0.00695
-0.0080335
-0.0088513
-0.010205
-0.013011
-0.017228
-0.021895
-0.026578
-0.031679
-0.036501
-0.039649
-0.040519
-0.039397
-0.036582
-0.032091
-0.026532
-0.020751
-0.015472
-0.011149
-0.0075358
-0.0047383
-0.0030302
-0.00201
-0.0010815
0.00022419
0.0018183
0.0027563
0.0025557
0.001529
4.8774e-05
-0.0015911
-0.0030947
-0.0040762
-0.0043841
-0.0045316
-0.0050551
-0.0059287
-0.0069431
-0.0082378
-0.0099074
-0.011824
-0.013761
-0.015497
-0.017129
-0.018738
-0.019984
-0.020341
-0.019728
-0.018944
-0.019092
-0.020358
-0.021792
-0.022603
-0.022882
-0.02311
-0.023576
-0.024358
-0.024963
-0.025026
-0.025078
-0.025571
-0.025968
-0.025981
-0.026236
-0.026782
-0.026852
-0.026172
-0.025275
-0.024907
-0.025213
-0.025527
-0.025543
-0.025645
-0.026076
-0.026453
-0.026036
-0.024396
-0.021282
-0.016869
-0.011957
-0.007443
-0.0040505
-0.0018354
-0.00016926
0.0011006
0.0014899
0.0011353
0.00053872
0.0001786
8.6668e-05
0.00037189
0.0012902
0.0028212
0.0051644
0.0088143
0.013692
0.018946
0.023885
0.028073
0.031126
0.032685
0.03237
0.030361
0.027568
0.024891
0.022188
0.018712
0.014586
0.010402
0.0063692
0.0029463
0.00087344
8.8781e-05
-0.00038176
-0.0010715
-0.001581
-0.001653
-0.0014959
-0.0012595
-0.00079582
0.00040143
0.0022892
0.0041247
0.0056318
0.0070609
0.0084226
0.0093854
0.0097325
0.0097662
0.010068
0.010992
0.012578
0.014798
0.017168
0.018875
0.019713
0.020018
0.020162
0.020289
0.020165
0.019334
0.017356
0.013734
0.0082097
0.0013633
-0.0057187
-0.012159
-0.017043
-0.019872
-0.020955
-0.020726
-0.019461
-0.017267
-0.014498
-0.011477
-0.0083376
-0.0053056
-0.0028386
-0.00082366
0.0011606
0.003132
0.0054234
0.0082524
0.011275
0.014305
0.017452
0.020644
0.023356
0.024902
0.025309
0.025005
0.024161
0.022689
0.020734
0.019
0.018007
0.017725
0.017903
0.018326
0.018734
0.018576
0.01752
0.015844
0.01383
0.011517
0.0092074
0.0073363
0.0058999
0.0047925
0.0042911
0.0046812
0.0058842
0.0074474
0.0087437
0.009736
0.010773
0.011653
0.011965
0.011469
0.010277
0.008815
0.0071045
0.0048049
0.0018747
-0.0014413
-0.0050215
-0.0086976
-0.012258
-0.015619
-0.018818
-0.022045
-0.025263
-0.028091
-0.030486
-0.032806
-0.035047
-0.036716
-0.037344
-0.037014
-0.035953
-0.034165
-0.031553
-0.027701
-0.022373
-0.016287
-0.010506
-0.0057221
-0.0019405
0.00096244
0.0025206
0.0024682
0.0013247
-0.00022869
-0.0016054
-0.0022003
-0.0019874
-0.0017262
-0.0021088
-0.0029415
-0.0035981
-0.0038717
-0.0041312
-0.0050082
-0.0066521
-0.0082741
-0.0094
-0.010111
-0.010129
-0.009329
-0.0083519
-0.0079192
-0.0079878
-0.0080755
-0.0080245
-0.0079856
-0.0080426
-0.0080855
-0.0078755
-0.0071708
-0.005994
-0.0048778
-0.0041245
-0.0033324
-0.0021274
-0.00067604
0.00035416
0.00045195
-0.00021454
-0.00098052
-0.0014487
-0.0016467
-0.0018101
-0.002417
-0.0037313
-0.005415
-0.0072182
-0.0092409
-0.0114
-0.013542
-0.015575
-0.017378
-0.018717
-0.018995
-0.017525
-0.014487
-0.01037
-0.005473
-0.00065294
0.0029064
0.0048489
0.0058775
0.0066483
0.00697
0.0068825
0.0071157
0.0079525
0.0089809
0.0097824
0.010581
0.011808
0.012959
0.013003
0.012075
0.011171
0.010424
0.0091357
0.0070134
0.0043556
0.0018829
0.0002112
-0.00083346
-0.0015674
-0.0020816
-0.0024402
-0.0024653
-0.0020582
-0.0015623
-0.0011924
-0.0011151
-0.0014614
-0.0017772
-0.0016197
-0.0014128
-0.0019533
-0.0032617
-0.0043153
-0.0045474
-0.0044798
-0.0043808
-0.0044306
-0.00527
-0.00721
-0.0094547
-0.011182
-0.01221
-0.012905
-0.013583
-0.013982
-0.013759
-0.01275
-0.011055
-0.0092843
-0.0079927
-0.0068403
-0.0052473
-0.0032151
-0.00051243
0.0032902
0.0078285
0.012277
0.016358
0.019949
0.023009
0.025558
0.02765
0.029066
0.02964
0.029664
0.029543
0.029186
0.028546
0.027663
0.026471
0.024894
0.023022
0.020901
0.018955
0.017555
0.016559
0.016061
0.015986
0.015948
0.015775
0.015574
0.01554
0.015908
0.016872
0.018241
0.019385
0.020111
0.0205
0.02045
0.019857
0.019154
0.018667
0.017794
0.015886
0.013162
0.0099984
0.0067906
0.0041804
0.0022812
0.00058136
-0.00097942
-0.0016694
-0.0012187
-0.00032945
6.5814e-05
-0.00043022
-0.0013187
-0.0021724
-0.0034105
-0.0049631
-0.0060778
-0.0065579
-0.0068175
-0.0070341
-0.0068539
-0.0061953
-0.0052707
-0.0041448
-0.0026621
-0.00055461
0.0018047
0.0036078
0.0047181
0.0055098
0.0061179
0.0061611
0.0053283
0.0038454
0.001879
-0.00071614
-0.0036824
-0.0065672
-0.0091794
-0.011431
-0.01329
-0.014652
-0.015558
-0.016203
-0.016632
-0.016868
-0.017259
-0.018039
-0.018882
-0.019235
-0.018692
-0.017227
-0.015202
-0.012891
-0.010672
-0.0090298
-0.0078086
-0.0062897
-0.0043818
-0.0026548
-0.0014268
-0.0009001
-0.001262
-0.0024133
-0.0039493
-0.0055795
-0.0073504
-0.0090796
-0.010523
-0.01146
-0.011976
-0.012402
-0.01239
-0.011412
-0.0094483
-0.0069889
-0.0047548
-0.0030523
-0.0011793
0.0016077
0.0051075
0.0086941
0.012261
0.015702
0.018474
0.020172
0.020829
0.020921
0.02095
0.020714
0.019338
0.016646
0.013414
0.010776
0.0091111
0.007258
0.0044563
0.0013011
-0.0015176
-0.0038984
-0.0060685
-0.0081986
-0.010088
-0.01146
-0.012014
-0.011518
-0.010241
-0.0087962
-0.0075469
-0.0066117
-0.0061568
-0.0061186
-0.0059824
-0.005518
-0.0047972
-0.0040235
-0.0030116
-0.0018554
-0.0010592
-0.00047397
-0.00022011
-0.00092349
-0.0025259
-0.0046485
-0.0072562
-0.010194
-0.013006
-0.015264
-0.016795
-0.017797
-0.018585
-0.019344
-0.019895
-0.019992
-0.019577
-0.018549
-0.016872
-0.014595
-0.011883
-0.009314
-0.0072259
-0.0055041
-0.0039852
-0.0025808
-0.0013429
-0.00027785
0.00077887
0.001703
0.0021367
0.0022372
0.0025241
0.0031797
0.0039872
0.0049167
0.0059347
0.0063493
0.0057686
0.0047416
0.0037001
0.0026815
0.0019566
0.0017014
0.0014313
0.00076334
-5.7935e-06
-0.00057197
-0.0010252
-0.0016197
-0.0021379
-0.0021701
-0.0016793
-0.00080121
0.00016869
0.00089633
0.0015121
0.0022408
0.0026359
0.0024865
0.0023323
0.0021893
0.0014654
-0.00016246
-0.0025477
-0.0054132
-0.0084441
-0.011329
-0.013682
-0.015105
-0.015637
-0.015725
-0.015778
-0.016104
-0.016817
-0.017842
-0.018521
-0.018232
-0.016928
-0.014793
-0.011909
-0.0082159
-0.0040654
-0.00010164
0.0030565
0.0054483
0.0074772
0.0092823
0.010788
0.012449
0.014863
0.017744
0.020272
0.021716
0.022183
0.022325
0.022406
0.021845
0.020408
0.018508
0.016201
0.013677
0.011392
0.0096343
0.0083175
0.0073119
0.006597
0.0060165
0.0054144
0.0045723
0.0034717
0.002747
0.0030563
0.0042383
0.0056584
0.0071282
0.0089761
0.011377
0.014034
0.016528
0.018427
0.019825
0.021072
0.022064
0.022381
0.021459
0.019102
0.015766
0.012307
0.0093966
0.0072513
0.0055413
0.00385
0.0024419
0.0018947
0.0019337
0.0018895
0.0013694
0.00032406
-0.0011001
-0.0025981
-0.0038719
-0.0046274
-0.0041856
-0.0025764
-0.0004934
0.0021682
0.0056886
0.0095058
0.012749
0.014756
0.015281
0.014673
0.013313
0.011484
0.009306
0.0066324
0.0038234
0.0014082
-0.00092611
-0.0034921
-0.0056866
-0.0068832
-0.0071602
-0.0070621
-0.0072992
-0.0080261
-0.0086141
-0.0085139
-0.0074053
-0.0054887
-0.0037264
-0.002816
-0.0029722
-0.0040616
-0.0053532
-0.0061174
-0.0063114
-0.0060438
-0.0054692
-0.0049573
-0.0048615
-0.0052227
-0.006076
-0.007484
-0.0093034
-0.011313
-0.013137
-0.014378
-0.015073
-0.015531
-0.015989
-0.016556
-0.017279
-0.017595
-0.017042
-0.015977
-0.014747
-0.013542
-0.012549
-0.011816
-0.011356
-0.011435
-0.012087
-0.012845
-0.013085
-0.012787
-0.012456
-0.011989
-0.010803
-0.008671
-0.0059888
-0.0037259
-0.0023835
-0.0018332
-0.0013779
-0.0002534
0.0012444
0.0023997
0.0031118
0.0036223
0.0038218
0.0035815
0.0029711
0.0022287
0.0017532
0.0015749
0.0011768
0.00054548
0.00012666
0.00011639
0.00029319
0.00063777
0.0011117
0.0015911
0.0019291
0.0017795
0.0012122
0.00076275
0.00054418
0.00037522
0.00050803
0.0013356
0.0023657
0.0026947
0.0020385
0.00045623
-0.0017822
-0.0039297
-0.0058182
-0.007789
-0.0096124
-0.010862
-0.011338
-0.010988
-0.010171
-0.0093936
-0.0090299
-0.0091807
-0.0092849
-0.0089396
-0.008502
-0.0081955
-0.0081647
-0.0086242
-0.0092522
-0.0092399
-0.0080984
-0.0059684
-0.0030194
0.00062193
0.0046235
0.0086814
0.01244
0.015792
0.018863
0.021361
0.023049
0.023894
0.023584
0.021988
0.01959
0.016704
0.013403
0.010121
0.0071801
0.0045353
0.0022814
0.00073884
0.0002882
0.00075311
0.0014308
0.0021598
0.0032783
0.0048995
0.0065388
0.0077194
0.008448
0.0085259
0.0079349
0.0070359
0.0060464
0.0050825
0.0045302
0.0046262
0.0055879
0.0076537
0.010573
0.013559
0.015666
0.016653
0.016881
0.016593
0.015839
0.014766
0.013656
0.013003
0.012947
0.013071
0.013129
0.01315
0.013034
0.012594
0.012093
0.011478
0.010289
0.0083792
0.0057867
0.0028533
0.00025714
-0.0015029
-0.0025687
-0.0038782
-0.0059359
-0.0081191
-0.0098101
-0.010636
-0.010628
-0.010354
-0.010241
-0.010353
-0.010287
-0.0096385
-0.0087478
-0.0076739
-0.0060195
-0.0041539
-0.0024129
-0.00028096
0.0026444
0.0057452
0.0082038
0.010098
0.011658
0.012658
0.012642
0.011616
0.010364
0.0093707
0.0088335
0.008754
0.0084858
0.0073765
0.0053804
0.002837
0.00015182
-0.0023113
-0.0044789
-0.0066347
-0.0088666
-0.010491
-0.011114
-0.011226
-0.010914
-0.010024
-0.0088243
-0.0074314
-0.006014
-0.0050219
-0.0044187
-0.0038621
-0.0032734
-0.0026485
-0.0022166
-0.0023326
-0.0028622
-0.0033146
-0.0034781
-0.0037227
-0.0043498
-0.0050735
-0.0054298
-0.0053808
-0.0053581
-0.0059057
-0.0068146
-0.007526
-0.008246
-0.0093591
-0.010542
-0.011511
-0.012097
-0.012276
-0.012324
-0.012383
-0.012293
-0.011858
-0.011158
-0.010658
-0.010567
-0.010177
-0.0091629
-0.0081021
-0.0073262
-0.0065764
-0.0057833
-0.0052078
-0.0052411
-0.0059739
-0.0071292
-0.0083112
-0.009403
-0.010656
-0.012086
-0.01275
-0.011627
-0.0089974
-0.0057332
-0.0026221
-0.00026454
0.0013554
0.0025438
0.0031189
0.0027239
0.001637
0.00054374
-0.00032135
-0.0013215
-0.0027281
-0.0039799
-0.0041421
-0.0028569
-0.0007051
0.0013863
0.0026306
0.0026497
0.0016167
0.0003057
-0.00054961
-0.00084216
-0.00081865
-0.00062082
-0.00053415
-0.00060813
-0.0003943
0.00049144
0.0018845
0.0031744
0.0041891
0.0049169
0.0051703
0.0051091
0.0051395
0.0054934
0.0061989
0.0070459
0.0075549
0.0076286
0.007859
0.0084482
0.0091725
0.0097298
0.0095326
0.0082384
0.0061339
0.0037408
0.0016092
8.9177e-05
-0.0010921
-0.0024157
-0.0036572
-0.0044507
-0.0048259
-0.0049515
-0.0049377
-0.0046627
-0.0039306
-0.0027441
-0.0011751
0.00050368
0.0019539
0.0027134
0.0025362
0.0021149
0.0021915
0.0027277
0.0033992
0.0039215
0.004222
0.00444
0.0044317
0.0040623
0.0032932
0.0017741
-0.00049927
-0.0030955
-0.0056239
-0.0076457
-0.0089286
-0.0094864
-0.0094008
-0.0092253
-0.0096812
-0.010774
-0.011897
-0.012493
-0.012575
-0.012317
-0.01142
-0.0094492
-0.006439
-0.0030533
-0.00018123
0.0020931
0.0039278
0.0046454
0.0040034
0.0026838
0.0013214
-8.1726e-06
-0.0013745
-0.002569
-0.0032574
-0.0033698
-0.0031218
-0.0026285
-0.0019728
-0.0012656
-0.00050107
0.00024608
0.00079265
0.00088872
0.00084667
0.0013279
0.001849
0.0017451
0.0016291
0.0024791
0.0042845
0.0063941
0.0079263
0.0085496
0.0087895
0.0087948
0.0080923
0.0066695
0.0050377
0.0038737
0.0033013
0.003058
0.0032025
0.0036611
0.0040957
0.0044614
0.0046996
0.0043264
0.0030181
0.00064424
-0.0024275
-0.0050711
-0.0066163
-0.0073342
-0.0075248
-0.0071697
-0.0061621
-0.0045165
-0.002265
0.00047332
0.0033432
0.0063615
0.0094316
0.011887
0.013388
0.01396
0.013803
0.01304
0.011689
0.0099923
0.008075
0.006288
0.0050183
0.0040265
0.0031651
0.0027812
0.0029151
0.0031573
0.0032532
0.0035292
0.0042294
0.005198
0.0062452
0.0073963
0.0089698
0.010832
0.012154
0.012618
0.012937
0.013781
0.015031
0.016289
0.017206
0.017883
0.018658
0.019141
0.018722
0.017741
0.016838
0.015844
0.014517
0.013287
0.012631
0.0124
0.011735
0.010041
0.0077063
0.0053246
0.0030124
0.00072269
-0.0013467
-0.0032714
-0.0053797
-0.0074947
-0.0091388
-0.010084
-0.010224
-0.0097512
-0.0093059
-0.0092552
-0.0093932
-0.0095909
-0.0099746
-0.010486
-0.010581
-0.0097383
-0.0082966
-0.0071116
-0.0066322
-0.0066545
-0.0067021
-0.0065696
-0.0063524
-0.0062282
-0.0064002
-0.0070756
-0.0082157
-0.0092058
-0.0094293
-0.009196
-0.009082
-0.0092888
-0.0098531
-0.01073
-0.01148
-0.011434
-0.010636
-0.0098263
-0.0094678
-0.0095799
-0.0098274
-0.0097905
-0.0091166
-0.0076271
-0.0057701
-0.0046223
-0.0047607
-0.0057663
-0.0066882
-0.0070841
-0.0071649
-0.0071075
-0.0069384
-0.0064247
-0.0055993
-0.0047034
-0.0040219
-0.0035943
-0.0033244
-0.0034832
-0.0038001
-0.0037697
-0.0032114
-0.0021329
-0.00094091
-0.00052545
-0.0011935
-0.002513
-0.0040208
-0.0055395
-0.007009
-0.0081573
-0.0086974
-0.0088823
-0.00867
-0.0077141
-0.0060978
-0.0039617
-0.0013227
0.0014365
0.0037297
0.0053817
0.0067365
0.0081004
0.0094591
0.010716
0.011668
0.011894
0.011104
0.0097575
0.00864
0.0079851
0.0075245
0.0071899
0.0070341
0.0069204
0.0068064
0.0068984
0.0074554
0.0084825
0.0095113
0.010023
0.010015
0.0096268
0.0087002
0.0072577
0.0060315
0.0055289
0.005249
0.004695
0.0041831
0.0040707
0.0041498
0.0041023
0.0037831
0.0031495
0.0022818
0.0011856
-0.00015345
-0.0014162
-0.0022479
-0.0025683
-0.0023066
-0.0014825
-0.00038836
0.0005821
0.00091772
0.00044362
-0.00050926
-0.0013924
-0.0017888
-0.0018357
-0.0020385
-0.0026169
-0.0032967
-0.0038045
-0.004259
-0.0046116
-0.0045798
-0.0042979
-0.0041957
-0.0043304
-0.0044148
-0.0046806
-0.0053238
-0.0057686
-0.0057046
-0.0053276
-0.0046209
-0.0036666
-0.0027556
-0.0023357
-0.002525
-0.0028879
-0.0032517
-0.0039101
-0.0045702
-0.004769
-0.0047271
-0.0048059
-0.0049532
-0.0048267
-0.0040904
-0.0026577
-0.00083017
0.00098224
0.0026202
0.0041531
0.0051859
0.0054572
0.0052495
0.0047258
0.0038402
0.0027149
0.0016383
0.00095252
0.00047627
9.413e-05
0.0003407
0.0014362
0.0028351
0.0040696
0.0052012
0.0062946
0.0068589
0.0066848
0.0060882
0.0053526
0.0047139
0.0040799
0.0027838
0.00051966
-0.0018444
-0.0033957
-0.0042872
-0.0051492
-0.0062992
-0.0074552
-0.0082557
-0.0087698
-0.00907
-0.0092219
-0.0094283
-0.0097152
-0.0097667
-0.0092128
-0.0083647
-0.0078213
-0.0073569
-0.0063617
-0.0048914
-0.0033944
-0.0019883
-0.00051429
0.0010737
0.0025759
0.0036354
0.003928
0.0034297
0.0023646
0.0010876
-9.3624e-05
-0.001129
-0.0021087
-0.0031256
-0.003965
-0.0040904
-0.0035469
-0.0032039
-0.0036529
-0.0045932
-0.0053489
-0.0055935
-0.0058025
-0.0063549
-0.0068823
-0.0070241
-0.0069214
-0.0067428
-0.0064131
-0.00588
-0.0049485
-0.0036869
-0.002501
-0.0014918
-0.00035027
0.00091776
0.001928
0.0026886
0.0033046
0.0036606
0.0036323
0.0035132
0.0034435
0.003177
0.003143
0.0040626
0.0056366
0.0068537
0.007458
0.0081797
0.0091754
0.0096093
0.0089653
0.0077043
0.0064453
0.0051699
0.0034961
0.0015641
6.0978e-06
-0.0011211
-0.0020106
-0.0029284
-0.0037223
-0.0038248
-0.0033061
-0.0025721
-0.0022705
-0.0027067
-0.0031924
-0.0027972
-0.0014732
-9.0894e-06
0.001065
0.002406
0.0041736
0.0056632
0.0068448
0.0081214
0.0093447
0.01031
0.010822
0.010813
0.010473
0.0097054
0.0087527
0.0081487
0.0079823
0.0081032
0.0083063
0.0085705
0.0086458
0.0082199
0.0073961
0.006457
0.0054439
0.0044851
0.0038445
0.003534
0.003525
0.003774
0.0044494
0.0054414
0.006435
0.0074601
0.0083269
0.0086161
0.0084144
0.0081087
0.0079947
0.0083095
0.0089047
0.0095448
0.010244
0.010897
0.011773
0.01307
0.014222
0.014673
0.014479
0.013873
0.012952
0.012054
0.011589
0.011442
0.01129
0.011059
0.01042
0.0090912
0.0072539
0.0050933
0.0027384
0.00032006
-0.0019239
-0.0035821
-0.0047104
-0.0058852
-0.0071512
-0.0077296
-0.0071645
-0.0061651
-0.0054607
-0.0048041
-0.0042047
-0.0042516
-0.0049073
-0.0054624
-0.0055479
-0.0053115
-0.004959
-0.0044671
-0.0040605
-0.0039684
-0.0040313
-0.0039162
-0.003601
-0.0032541
-0.0032189
-0.0035169
-0.0037916
-0.0036613
-0.0031717
-0.0029031
-0.0031725
-0.0040126
-0.0053497
-0.0068582
-0.0081685
-0.009074
-0.0095087
-0.0094675
-0.0089477
-0.0082792
-0.0078089
-0.0076933
-0.0077682
-0.0078038
-0.007749
-0.0076145
-0.0073797
-0.0070995
-0.0070439
-0.0074804
-0.0080796
-0.008419
-0.0085257
-0.0087595
-0.0090435
-0.0091679
-0.0093022
-0.0096397
-0.010272
-0.011412
-0.012597
-0.012904
-0.012307
-0.011114
-0.009754
-0.0087707
-0.008067
-0.0073119
-0.0065794
-0.0062931
-0.0067278
-0.0077018
-0.0087595
-0.0096362
-0.010502
-0.011348
-0.011852
-0.012078
-0.012347
-0.012563
-0.012321
-0.011763
-0.011346
-0.01119
-0.011025
-0.010736
-0.010587
-0.010532
-0.010289
-0.0097756
-0.0091659
-0.0084412
-0.0073391
-0.0060805
-0.0048987
-0.0035256
-0.0019063
-0.00029625
0.0010278
0.0018995
0.0027203
0.0038014
0.0043712
0.0039821
0.0033978
0.0028456
0.0018354
0.00067242
5.0168e-05
6.6158e-06
8.9023e-05
6.4317e-05
-1.409e-05
-0.0001409
-0.0004161
-0.00086221
-0.001247
-0.0014181
-0.0016612
-0.0018742
-0.0015371
-0.00090416
-0.00045138
-0.00022439
0.00023779
0.0012815
0.0024913
0.0031227
0.0032679
0.0036507
0.0048458
0.006496
0.0078538
0.0085654
0.0086828
0.0084488
0.007959
0.0072587
0.006533
0.0058961
0.0054793
0.0053576
0.0055181
0.0056604
0.0057683
0.0063519
0.0076912
0.0093746
0.010725
0.011248
0.010777
0.0097415
0.008967
0.0088355
0.0089424
0.0088123
0.0084271
0.0080762
0.0079522
0.0077747
0.0074
0.0067583
0.0056593
0.0043331
0.0032853
0.0026288
0.0019752
0.0010478
-0.00012401
-0.001238
-0.0019063
-0.0021066
-0.0020515
-0.0021295
-0.0025863
-0.0034177
-0.0041285
-0.0038607
-0.0025115
-0.00075424
0.0012789
0.0037384
0.0061385
0.007906
0.0091571
0.010393
0.011426
0.011747
0.011451
0.010722
0.0095534
0.0079533
0.0062702
0.0050228
0.0041675
0.003298
0.0024041
0.0018978
0.0018182
0.0022157
0.0034049
0.0049699
0.0062259
0.0068988
0.0070747
0.0072444
0.0076253
0.0078417
0.0073227
0.006187
0.0053021
0.0051569
0.0053627
0.0054156
0.0056761
0.0064622
0.0071295
0.0072295
0.007138
0.0072276
0.0074074
0.0073686
0.0068074
0.0056035
0.0040987
0.0027441
0.0015399
0.00036551
-0.00089001
-0.0019359
-0.0023685
-0.0023133
-0.0020345
-0.0013936
-0.00042676
0.000556
0.0011269
0.0012142
0.0012087
0.0013467
0.0014997
0.001413
0.00091538
7.9226e-05
-0.00055736
-0.0002993
0.00068639
0.0013996
0.0014266
0.001229
0.0011847
0.0012657
0.0013769
0.0014965
0.0015463
0.0012991
0.00049272
-0.00085996
-0.0023324
-0.0035255
-0.0043671
-0.0050795
-0.0059496
-0.0069582
-0.0079036
-0.0084236
-0.008447
-0.0085905
-0.0092473
-0.0097879
-0.0097865
-0.0097044
-0.0098468
-0.010245
-0.010708
-0.011251
-0.01197
-0.012691
-0.013288
-0.01371
-0.014032
-0.014151
-0.013821
-0.01315
-0.012152
-0.010898
-0.0097629
-0.0087057
-0.0076219
-0.0065982
-0.0057563
-0.0052993
-0.0050409
-0.0049907
-0.0053225
-0.0057506
-0.0057774
-0.0054805
-0.0052406
-0.0048434
-0.004136
-0.0033113
-0.0025938
-0.0020646
-0.0018143
-0.0017732
-0.0017173
-0.0016018
-0.0015748
-0.0018112
-0.0023571
-0.0029585
-0.0030931
-0.0025878
-0.0017482
-0.00095093
-0.00028624
0.00015817
0.00025629
3.3838e-05
-0.00011137
-4.6341e-05
-0.00019683
-0.00092739
-0.0020721
-0.0029287
-0.0029498
-0.0023033
-0.001518
-0.0010217
-0.00066514
0.00021806
0.0015074
0.002382
0.002586
0.0027144
0.0033739
0.0045253
0.0056066
0.0062688
0.0066731
0.0069719
0.0073954
0.0082586
0.0094072
0.010268
0.010969
0.011971
0.012891
0.013043
0.012419
0.01146
0.010548
0.0096323
0.008276
0.0065168
0.0050353
0.0044117
0.0043915
0.0045087
0.0048332
0.005574
0.0063939
0.0065844
0.0063957
0.0067705
0.0077813
0.008949
0.009857
0.010193
0.009986
0.0094632
0.0087927
0.0082464
0.0078636
0.0070606
0.0057521
0.0047877
0.0047781
0.0054594
0.0062334
0.0069729
0.0077655
0.0084544
0.0085562
0.0076478
0.0058519
0.0038526
0.0021665
0.00076696
-0.00071232
-0.002365
-0.0040194
-0.0053798
-0.006352
-0.0073799
-0.0086235
-0.00969
-0.010237
-0.0098886
-0.0084202
-0.006338
-0.0045055
-0.0032338
-0.0023669
-0.0019098
-0.0019112
-0.0023551
-0.0032444
-0.0043645
-0.0054521
-0.0064912
-0.007329
-0.0080726
-0.0091661
-0.0104
-0.011071
-0.011029
-0.01094
-0.011122
-0.011049
-0.010584
-0.010045
-0.009565
-0.0093383
-0.0094151
-0.0094362
-0.0091393
-0.008876
-0.0085538
-0.0075514
-0.0060289
-0.0046587
-0.0037358
-0.0030846
-0.0023379
-0.0013615
-0.00024125
0.00074784
0.0012523
0.0013153
0.0011394
0.00062424
-0.0003447
-0.0013974
-0.0020322
-0.0022185
-0.0021432
-0.002111
-0.0022108
-0.0019758
-0.0013968
-0.0011917
-0.0017905
-0.0027286
-0.0030919
-0.0027636
-0.002469
-0.0028198
-0.0035648
-0.0039072
-0.0034153
-0.0023211
-0.0011323
0.00017008
0.0017311
0.0034723
0.0051732
0.0064546
0.0072985
0.0079591
0.0083789
0.0082905
0.0077696
0.0071222
0.0063551
0.0053024
0.0044448
0.0043031
0.0045672
0.0048114
0.0048753
0.0045787
0.0040625
0.0037871
0.003785
0.0034445
0.0023254
0.0011504
0.00065992
0.00057373
0.00025265
-0.00039554
-0.00083453
-0.00073262
-0.00037329
-0.00014699
0.00012913
0.00068985
0.0012513
0.001519
0.0015995
0.0015762
0.0017099
0.0023149
0.0029027
0.0027784
0.001841
0.00040488
-0.00080177
-0.0012352
-0.0013777
-0.0015848
-0.001466
-0.0013151
-0.0016331
-0.0020917
-0.0023952
-0.002483
-0.0023896
-0.0022407
-0.002022
-0.0017855
-0.0013754
-0.00062804
8.384e-05
0.00015415
-0.00024589
-0.00034996
-1.8638e-05
0.00032314
0.00027884
-8.298e-05
-0.00030082
-0.0003469
-0.00051408
-0.00082902
-0.0010082
-0.00097999
-0.001019
-0.0012216
-0.0015459
-0.001791
-0.0020462
-0.0025169
-0.0030162
-0.0032339
-0.0032448
-0.0031694
-0.002851
-0.002125
-0.0012051
-0.00052917
-4.2293e-05
0.00074382
0.0017891
0.0024673
0.0025914
0.0026302
0.0029055
0.003248
0.0032566
0.002886
0.0025573
0.002363
0.0021922
0.0022423
0.0025741
0.0027843
0.0027522
0.0026569
0.0025206
0.0022584
0.0019287
0.0015965
0.0011472
0.00094273
0.0014262
0.0023373
0.0027919
0.0026616
0.0024283
0.0022453
0.0020024
0.0014951
0.00044659
-0.00071562
-0.0012649
-0.0012128
-0.0013145
-0.0019256
-0.0023241
-0.002075
-0.0017003
-0.0014044
-0.00086939
-0.00014035
0.00030403
0.00050836
0.0010906
0.0020521
0.0029188
0.0032841
0.0033041
0.0035721
0.004149
0.0046199
0.0044618
0.0039349
0.0034845
0.0032007
0.0031926
0.0032501
0.0030039
0.0027957
0.0030454
0.0035148
0.0037941
0.0038541
0.0034205
0.0022611
0.00086131
-0.00020458
-0.00086422
-0.0013061
-0.0014046
-0.0010622
-0.00056856
-0.00031298
-0.00022844
-2.1362e-05
0.00026665
0.00043326
0.00070036
0.0011383
0.0016292
0.0021848
0.0026197
0.0027756
0.0026829
0.0021889
0.001046
-0.00059685
-0.002258
-0.0034507
-0.0038204
-0.0036364
-0.0032877
-0.0029402
-0.0026939
-0.0024263
-0.0017303
-0.00067574
6.3003e-05
0.00014554
-0.00037279
-0.0011047
-0.0017241
-0.0025029
-0.0033916
-0.0040651
-0.0045526
-0.0050588
-0.0057281
-0.0062292
-0.006094
-0.0052813
-0.0039919
-0.0023496
-0.00070436
0.000371
0.00079265
0.00097417
0.0013007
0.0016705
0.0016343
0.0011768
0.00067115
0.00018043
-0.00021376
-0.0003969
-0.0005746
-0.0008726
-0.0011022
-0.0012954
-0.0016212
-0.002014
-0.0025524
-0.0032605
-0.0040257
-0.0048872
-0.0058905
-0.0069119
-0.0075472
-0.0076598
-0.0076121
-0.0076761
-0.0078095
-0.0078809
-0.0077975
-0.007487
-0.0069726
-0.0065096
-0.0063005
-0.0060782
-0.0055808
-0.0050298
-0.0047239
-0.004508
-0.0042558
-0.0042823
-0.0047428
-0.0052377
-0.0054902
-0.0053161
-0.0046189
-0.0036691
-0.0027112
-0.0018898
-0.0011034
-0.00012251
0.00093844
0.0019647
0.0030204
0.0038184
0.004046
0.0038977
0.0036628
0.0034607
0.0035087
0.0039634
0.0044552
0.0046932
0.0045981
0.0041818
0.0038773
0.0039849
0.004513
0.0054609
0.0065804
0.0074901
0.0084624
0.0096421
0.010457
0.010745
0.010838
0.010963
0.010808
0.010329
0.0098915
0.0094594
0.0088375
0.0080912
0.0071766
0.0060165
0.0047157
0.0036606
0.002864
0.0020723
0.001235
0.00059441
0.00015733
-0.0005504
-0.0013933
-0.0017824
-0.0017717
-0.0017696
-0.0018295
-0.0017196
-0.0012766
-0.00061427
-6.0417e-05
0.00030423
0.00050602
0.00038904
-6.857e-05
-0.000557
-0.00098506
-0.0014169
-0.0016424
-0.0016902
-0.0019496
-0.0026431
-0.0035225
-0.0040656
-0.0044419
-0.0051077
-0.0060002
-0.0067887
-0.0072595
-0.0072974
-0.00705
-0.006962
-0.0070417
-0.0071208
-0.0071415
-0.0071261
-0.0069552
-0.0064598
-0.005427
-0.0036008
-0.0013446
0.00071406
0.0022566
0.0033465
0.0043031
0.0053735
0.0063158
0.0066589
0.0064894
0.0061561
0.0053198
0.0036869
0.0017839
0.00025432
-0.00082402
-0.0014146
-0.0015677
-0.001734
-0.002175
-0.0026604
-0.0027548
-0.0023971
-0.0016365
-0.00070606
-9.9397e-05
0.00015246
0.00041599
0.0011173
0.0021331
0.0028667
0.0031798
0.0033113
0.0035611
0.0038594
0.0039733
0.0040736
0.0044409
0.0050536
0.0056113
0.0060613
0.0065423
0.0068196
0.0066991
0.0064196
0.0061672
0.0055489
0.0043762
0.0030696
0.0019528
0.0013682
0.001403
0.0016418
0.0017356
0.0016384
0.0017264
0.002155
0.0023397
0.0019311
0.0013951
0.0014334
0.0021221
0.0027401
0.0024544
0.0015652
0.0010639
0.0010241
0.00083248
0.00028642
-0.00031663
-0.0009632
-0.0018949
-0.0028219
-0.0032365
-0.0032687
-0.003391
-0.003704
-0.0039029
-0.0036908
-0.0033793
-0.0033987
-0.0035906
-0.0035359
-0.0029188
-0.0016592
-0.0001214
0.0010792
0.0015303
0.0012926
0.00099645
0.0010478
0.0011655
0.0010082
0.00058057
0.00018327
0.00022943
0.00060515
0.00054577
-0.00022752
-0.00086353
-0.00053988
0.00025739
0.00052304
0.00034151
0.00030087
0.000552
0.00094237
0.0012575
0.0016099
0.0020203
0.0020327
0.0013984
0.00067789
0.00032943
-0.00024065
-0.0015813
-0.0031487
-0.0042223
-0.0046348
-0.0046981
-0.0047899
-0.0049262
-0.0048523
-0.0043573
-0.0035252
-0.002896
-0.0029867
-0.0034267
-0.0035365
-0.0033529
-0.0032367
-0.0033548
-0.0037449
-0.0043558
-0.0049058
-0.0052025
-0.0053615
-0.0053612
-0.0053057
-0.0054039
-0.0053344
-0.0050027
-0.0048216
-0.0048644
-0.0049483
-0.0050128
-0.0050433
-0.0049074
-0.004409
-0.0035449
-0.0027655
-0.0025794
-0.0027874
-0.0030396
-0.0032867
-0.0033851
-0.0033814
-0.0034283
-0.0034607
-0.0032307
-0.0025335
-0.0014486
-0.0002528
0.00074572
0.0014015
0.002121
0.0030858
0.0041965
0.0054997
0.0063267
0.0060829
0.0054624
0.0053039
0.0054721
0.0055712
0.0055987
0.0057377
0.0060248
0.0062974
0.0065533
0.0069171
0.0070713
0.0067345
0.0059223
0.0048771
0.0039309
0.0030638
0.0021407
0.0013958
0.00090373
0.00035826
-0.00019139
-0.00037668
-0.0002194
2.3425e-05
0.00016306
8.54e-07
-0.00034312
-0.00027756
0.00040103
0.0013438
0.0022472
0.0030626
0.0036627
0.0041346
0.0049236
0.0060613
0.0068524
0.0067419
0.0059273
0.0049619
0.0043363
0.0040349
0.0035609
0.0027336
0.0019045
0.0013481
0.0011694
0.001218
0.0012692
0.0012416
0.0010961
0.00076639
0.00029685
3.4002e-05
0.00035705
0.00095311
0.0011935
0.0010935
0.0010089
0.001038
0.0010874
0.0011049
0.0011027
0.0010963
0.0010911
0.0010947
0.0011129
0.0011364
0.0011354
0.0010775
0.0009719
0.00092439
0.0011507
0.0018632
0.0029755
0.0039164
0.0041789
0.003833
0.0031159
0.0022078
0.0015257
0.0013229
0.0011628
0.00048262
-0.00065507
-0.0015876
-0.0018769
-0.0018055
-0.0017725
-0.0018071
-0.0018009
-0.0017934
-0.0019701
-0.0025169
-0.0034014
-0.0042257
-0.0047144
-0.0052484
-0.0062622
-0.0074288
-0.0081355
-0.0082864
-0.0080722
-0.0078301
-0.0077118
-0.0074074
-0.0067176
-0.005909
-0.005235
-0.0047786
-0.0045129
-0.0043991
-0.0045609
-0.0047954
-0.0047955
-0.0047045
-0.0048174
-0.005246
-0.0058618
-0.0063301
-0.0065445
-0.0066379
-0.0064439
-0.0056414
-0.0046322
-0.0039409
-0.0033809
-0.0025598
-0.0013527
5.4336e-05
0.001192
0.001698
0.0017194
0.0015954
0.0014195
0.0011652
0.00103
0.0010385
0.0011472
0.001482
0.0021246
0.0028479
0.0034226
0.003877
0.0044176
0.0053119
0.0063361
0.0069417
0.0070663
0.0069834
0.0066188
0.0056746
0.0042539
0.0028715
0.0019197
0.0014489
0.001214
0.00089788
0.00054819
0.00061628
0.0012711
0.0020395
0.002491
0.0025403
0.0024325
0.0024054
0.0025358
0.002882
0.0034489
0.0039895
0.0042139
0.0041904
0.0039823
0.0034034
0.0024092
0.0015233
0.0012092
0.00095496
0.0001352
-0.0010401
-0.0019358
-0.002453
-0.0029744
-0.0037611
-0.0048947
-0.0059073
-0.0060785
-0.0055212
-0.0048851
-0.0044929
-0.0040974
-0.0036026
-0.003343
-0.0033654
-0.0034422
-0.0034605
-0.0033786
-0.003074
-0.0024586
-0.0017455
-0.0013602
-0.0014609
-0.0017948
-0.0019256
-0.0019238
-0.0021338
-0.002582
-0.0028741
-0.0026133
-0.0020837
-0.0018478
-0.0018632
-0.0018232
-0.001773
-0.0020433
-0.0028838
-0.0041159
-0.0050765
-0.0052358
-0.0048443
-0.00467
-0.0048487
-0.0048991
-0.0044477
-0.003477
-0.0024038
-0.001712
-0.0010931
-0.00015913
0.00074418
0.0013361
0.001886
0.0023753
0.00224
0.0013283
0.0002175
-0.00032963
-0.00045638
-0.00083222
-0.0014853
-0.0018623
-0.0018044
-0.0015998
-0.0014424
-0.0014276
-0.0015459
-0.0013035
-0.00049147
0.0003251
0.00066057
0.00038787
-0.00015967
-0.00040211
-0.00033746
-0.00042398
-0.00088113
-0.0015062
-0.0019467
-0.0022646
-0.0026948
-0.0031068
-0.0034348
-0.0038785
-0.0043013
-0.0041014
-0.0031367
-0.0021653
-0.0018623
-0.0020407
-0.0021651
-0.0019726
-0.0013794
-0.00038828
0.00072352
0.00169
0.0026333
0.0035059
0.0039537
0.0040242
0.0040704
0.0041596
0.0040863
0.0036961
0.0031111
0.0027887
0.0030349
0.0035825
0.0039839
0.0042587
0.0049058
0.0060217
0.0068776
0.0070229
0.0070322
0.0074606
0.0081666
0.0085581
0.0082956
0.0076678
0.0071576
0.0068232
0.0063125
0.0055738
0.0047452
0.0037907
0.002666
0.0015774
0.00079622
8.2483e-05
-0.0005157
-0.00038191
0.00043996
0.0010583
0.0011504
0.0013126
0.0019836
0.0028829
0.0035225
0.0038435
0.0039946
0.0040642
0.0041352
0.004233
0.004257
0.004019
0.0033837
0.0024668
0.001527
0.0007898
0.00059814
0.00093589
0.0013426
0.0018241
0.0026355
0.0033639
0.0033236
0.0029938
0.0033349
0.0041196
0.0043996
0.0038499
0.0027032
0.0014048
0.00045709
-0.0002005
-0.00077065
-0.0012357
-0.0014846
-0.0017376
-0.00233
-0.0031903
-0.0039438
-0.0044106
-0.004553
-0.0045497
-0.0046264
-0.0047806
-0.0048336
-0.004561
-0.0038275
-0.0028264
-0.0021819
-0.0022605
-0.0025333
-0.002261
-0.0015076
-0.00049809
0.0007098
0.0017396
0.0024976
0.0031618
0.0037544
0.0040807
0.0041545
0.0042072
0.0042926
0.0042708
0.0040122
0.0035507
0.0032
0.0034052
0.0040102
0.0043467
0.0042707
0.0041348
0.0041288
0.0042306
0.0044268
0.0047024
0.0048724
0.0046555
0.0042373
0.0039191
0.0035839
0.0030606
0.0021868
0.0012047
0.00037749
-0.00035093
-0.00068329
-0.00058463
-0.0004251
-0.00058594
-0.0011319
-0.0015914
-0.0017715
-0.0019815
-0.0022906
-0.002375
-0.0022274
-0.001973
-0.0016841
-0.0015827
-0.0016328
-0.0016694
-0.0016623
-0.0016411
-0.0015954
-0.0015057
-0.0014285
-0.0015329
-0.0020391
-0.0029989
-0.0040085
-0.0045011
-0.0044871
-0.0044126
-0.0044701
-0.0045609
-0.0045981
-0.0045891
-0.0045646
-0.0045494
-0.0045765
-0.0046838
-0.0048718
-0.0050357
-0.0049996
-0.0050098
-0.0054602
-0.0059419
-0.0058032
-0.0051543
-0.0046016
-0.0044892
-0.0045916
-0.0046546
-0.0046857
-0.0047132
-0.0046053
-0.0041566
-0.0033365
-0.0025654
-0.0024652
-0.0029787
-0.0035218
-0.0039744
-0.0043544
-0.004485
-0.0044459
-0.0044357
-0.0044798
-0.00452
-0.0045426
-0.0045681
-0.0045883
-0.0045567
-0.0044143
-0.0041588
-0.0039332
-0.0040398
-0.0044518
-0.0045805
-0.0041301
-0.0033161
-0.0025736
-0.0021078
-0.0013762
-0.00018908
0.00092681
0.0014183
0.0016011
0.0020194
0.0025256
0.0026705
0.0025963
0.0028261
0.0033861
0.0037715
0.0040802
0.004586
0.0053976
0.0063508
0.0068814
0.0067977
0.0067215
0.0071283
0.0075559
0.007577
0.0071946
0.0064427
0.005484
0.0047627
0.004384
0.0038532
0.0029234
0.0020349
0.0014813
0.00086961
-4.3006e-05
-0.00072147
-0.00071151
-0.0002766
0.00041779
0.0011482
0.0016279
0.0021412
0.0030147
0.0039501
0.0046646
0.0055008
0.0066211
0.0075114
0.0081431
0.0088941
0.0095331
0.009804
0.010091
0.010446
0.010564
0.010356
0.0098034
0.0089611
0.0081307
0.0074712
0.006557
0.0050611
0.0035616
0.0025731
0.0017173
0.00072913
-0.00014394
-0.00088108
-0.0016393
-0.0024822
-0.0033268
-0.0040217
-0.0043468
-0.0041857
-0.0036949
-0.0031771
-0.0030632
-0.0034742
-0.0039855
-0.0040593
-0.0037361
-0.0035046
-0.0033229
-0.0029717
-0.0024646
-0.0018187
-0.0013538
-0.0014861
-0.0022467
-0.003365
-0.0042598
-0.0046868
-0.0051239
-0.0057308
-0.0062777
-0.0066901
-0.006745
-0.0063141
-0.0058879
-0.0058579
-0.0059739
-0.0059098
-0.0056199
-0.0052423
-0.004992
-0.0047988
-0.0045682
-0.0044956
-0.0044654
-0.0041071
-0.0032384
-0.0020549
-0.00087745
0.0003391
0.0020153
0.0041943
0.0061366
0.0070972
0.0069381
0.0062814
0.0058915
0.0060823
0.0065814
0.0069219
0.0066464
0.0056025
0.0042358
0.0031507
0.0026999
0.0026219
0.0023924
0.0017135
0.00084045
4.4512e-05
-0.0006394
-0.0012911
-0.0019321
-0.0026265
-0.003442
-0.0044696
-0.0056227
-0.0066059
-0.0070952
-0.0074114
-0.007996
-0.0085209
-0.0082696
-0.0072074
-0.0061276
-0.0058171
-0.0060467
-0.006149
-0.0058467
-0.0051435
-0.0042136
-0.0034008
-0.0030114
-0.003349
-0.0043711
-0.0054801
-0.0060681
-0.0063901
-0.0068261
-0.0071609
-0.0072602
-0.0071898
-0.0068644
-0.00614
-0.0051955
-0.0042486
-0.0029862
-0.0013845
0.00028098
0.0016602
0.0028254
0.0040357
0.0050962
0.0059734
0.0067337
0.007263
0.0072806
0.006834
0.0063196
0.0060319
0.0057298
0.0050525
0.0040213
0.0027411
0.0014796
0.00066344
0.00037987
0.00020077
-0.00024342
-0.00076753
-0.00092856
-0.00082732
-0.00083419
-0.00061908
4.2201e-05
0.00061093
0.00069785
0.00049721
0.00062426
0.0012401
0.0018589
0.0023518
0.0028491
0.0031115
0.0029948
0.0026969
0.0024339
0.002254
0.0018719
0.0013548
0.0010215
0.00086256
0.00045934
-0.00021821
-0.00091021
-0.0015662
-0.00244
-0.0035139
-0.0042018
-0.0044858
-0.0048616
-0.0052288
-0.0049525
-0.0040071
-0.0031425
-0.0027648
-0.0024322
-0.0017231
-0.00082768
3.279e-05
0.00074797
0.0012299
0.0013655
0.0013567
0.0017166
0.002772
0.0042633
0.0052777
0.0053394
0.0050585
0.0048792
0.0047735
0.004619
0.0041402
0.0032487
0.002333
0.0017142
0.0010593
4.1046e-05
-0.00079346
-0.00063927
0.00039643
0.0013814
0.0016844
0.0015541
0.0014789
0.0015527
0.0016388
0.0016706
0.0016687
0.001658
0.0016503
0.0016546
0.0016751
0.0016957
0.0016818
0.0016045
0.0014929
0.0014845
0.0018176
0.0026777
0.0038517
0.0046022
0.0046651
0.0045001
0.0043487
0.00408
0.0037296
0.0036378
0.0037575
0.0035806
0.0032034
0.0030784
0.0031847
0.0032833
0.0032544
0.0030243
0.0025358
0.0019526
0.0017528
0.002152
0.0027945
0.0031686
0.0032039
0.00316
0.0030381
0.0025664
0.0016335
0.00056099
-0.00034578
-0.0012584
-0.0022609
-0.0031431
-0.0039395
-0.0047039
-0.0052494
-0.0052901
-0.0049091
-0.004715
-0.0050446
-0.0059012
-0.0071222
-0.0080331
-0.0081376
-0.0077164
-0.0070992
-0.0064418
-0.0062202
-0.0064535
-0.0064743
-0.0061254
-0.0057864
-0.0053589
-0.0045627
-0.0036528
-0.0030569
-0.002562
-0.0016759
-0.00061826
-5.0216e-05
-2.9189e-05
-7.8564e-05
2.3227e-05
0.00014136
8.4255e-05
-0.00026382
-0.00087547
-0.0014633
-0.0018188
-0.0019971
-0.0018655
-0.0014257
-0.00095547
-0.00048867
-0.00013246
-1.3276e-05
8.708e-05
0.00035184
0.0006056
0.00049124
0.00012812
-1.797e-05
4.6918e-05
8.5545e-05
5.7095e-05
4.2784e-05
7.6531e-05
0.00011486
5.9862e-05
-0.00021212
-0.00074766
-0.001355
-0.0018261
-0.0022316
-0.0024375
-0.0021358
-0.0015402
-0.00099042
-0.00038397
0.00020377
0.00037245
0.00039448
0.0010301
0.0021236
0.0028677
0.0031578
0.0035946
0.0044239
0.0054408
0.0064858
0.0072167
0.0074045
0.0073351
0.0073353
0.007428
0.0075285
0.0075954
0.007575
0.0073408
0.0067869
0.0060216
0.0053016
0.0046501
0.0039899
0.003187
0.0021604
0.00088045
-0.00038757
-0.001311
-0.0019596
-0.0026553
-0.0034126
-0.0040417
-0.0043295
-0.0043411
-0.0043448
-0.0044362
-0.0045327
-0.0045161
-0.0042839
-0.0038017
-0.0032625
-0.0030397
-0.0031087
-0.0030879
-0.0027686
-0.0022569
-0.0019429
-0.0023122
-0.0032244
-0.0038747
-0.0038605
-0.0035507
-0.0030752
-0.0024775
-0.0019964
-0.0018174
-0.001797
-0.0014948
-0.00065652
0.00046178
0.0011936
0.0015264
0.0021897
0.0033599
0.0043285
0.0048581
0.0054228
0.0060575
0.006479
0.0066737
0.0069633
0.0073343
0.0074249
0.0071177
0.0064449
0.0054502
0.0040872
0.0025617
0.0016166
0.0015059
0.0016261
0.0015756
0.0014506
0.001381
0.0013378
0.0012683
0.0012169
0.0013371
0.0018191
0.0027007
0.003626
0.0041745
0.0045675
0.0053531
0.0064291
0.0071401
0.007299
0.0073202
0.0074041
0.0072947
0.0066742
0.0055859
0.0046656
0.0044741
0.0045709
0.0042469
0.0033299
0.0021649
0.0012049
0.00043479
-0.00039943
-0.0011936
-0.0018916
-0.0028144
-0.003908
-0.0047022
-0.0054315
-0.0064604
-0.0073646
-0.007678
-0.0075247
-0.007053
-0.0061824
-0.0051548
-0.0044419
-0.0037804
-0.002828
-0.0020151
-0.0017484
-0.0017635
-0.0016724
-0.001487
-0.0014794
-0.0019304
-0.0029344
-0.0040934
-0.0045898
-0.0043303
-0.0039325
-0.0038797
-0.0042963
-0.004806
-0.0051516
-0.0053988
-0.005532
-0.0056294
-0.0055015
-0.0050356
-0.0047077
-0.0047608
-0.0048284
-0.0045504
-0.0039093
-0.0032408
-0.0031883
-0.0039563
-0.0046265
-0.0045754
-0.0043799
-0.0047434
-0.0057936
-0.0070484
-0.0075268
-0.0068089
-0.0055368
-0.0047133
-0.0046539
-0.0047732
-0.004707
-0.0047042
-0.0051354
-0.0060641
-0.0070541
-0.0075476
-0.0075883
-0.0076246
-0.007762
-0.0076886
-0.0070445
-0.0057827
-0.0044085
-0.0033154
-0.0024512
-0.0019544
-0.0018639
-0.0018771
-0.0018112
-0.0017158
-0.0016595
-0.0016498
-0.0016878
-0.0017777
-0.0018711
-0.0018161
-0.0013957
-0.00051392
0.00050625
0.0010677
0.0010383
0.00086459
0.00094977
0.0014541
0.0023893
0.0034447
0.004053
0.0040848
0.0039612
0.0039934
0.0041807
0.004453
0.0047165
0.0047306
0.0043899
0.0041153
0.0041107
0.0041741
0.0041937
0.0042291
0.004303
0.0042911
0.0039737
0.0031961
0.0021525
0.0014011
0.0011911
0.0011896
0.0011699
0.0013489
0.0020066
0.0030218
0.0038379
0.0040854
0.0040146
0.0039977
0.0040792
0.0041513
0.0041766
0.0041759
0.0041607
0.0041313
0.0041023
0.0041089
0.0041833
0.0043059
0.0043488
0.0040754
0.003282
0.0021284
0.0013278
0.0015197
0.0025655
0.0037154
0.0041706
0.0040213
0.0039074
0.004053
0.004271
0.0043184
0.0039799
0.0031107
0.0019445
0.0012219
0.001187
0.0013164
0.0012852
0.0011952
0.0011742
0.0012042
0.0012165
0.001197
0.0011987
0.0012936
0.0015331
0.0018614
0.002113
0.0023567
0.0025461
0.0022339
0.0013347
0.00033821
-0.00025529
-0.000573
-0.0010138
-0.0014686
-0.0017346
-0.0020813
-0.0026967
-0.0032325
-0.0033521
-0.00317
-0.0028146
-0.0023051
-0.0018823
-0.0017881
-0.0018574
-0.0018592
-0.0017865
-0.001722
-0.0017114
-0.0017684
-0.0018802
-0.0019523
-0.0017773
-0.0011211
-4.5597e-06
0.00097691
0.0012318
0.0010728
0.0010194
0.001135
0.0012882
0.0014045
0.0013944
0.0010656
0.00026555
-0.00080213
-0.0015481
-0.0016971
-0.0016004
-0.0015956
-0.0016695
-0.0017235
-0.0017582
-0.0018135
-0.0018704
-0.0018295
-0.0015562
-0.0010097
-0.00044993
-0.00039075
-0.00093719
-0.0016253
-0.0018949
-0.0016466
-0.0010686
-0.00031395
0.00039421
0.00091965
0.0011591
0.0011777
0.0011681
0.0011765
0.0011616
0.0011749
0.0013783
0.001907
0.0026477
0.0031256
0.0030944
0.0031397
0.0036738
0.0041488
0.0041217
0.0038039
0.0034935
0.0032498
0.0027459
0.0019314
0.0011565
0.00031068
-0.00077839
-0.0015392
-0.0016393
-0.0015346
-0.0015673
-0.0016659
-0.0017109
-0.0017092
-0.0017064
-0.0017191
-0.0017357
-0.0017316
-0.0016782
-0.0015796
-0.0015194
-0.0016783
-0.002241
-0.0031505
-0.0038404
-0.0036697
-0.0028532
-0.0021185
-0.0017939
-0.0018389
-0.0019375
-0.0017629
-0.0011678
-0.0002505
0.00051328
0.00084202
0.0010574
0.0012193
0.0012675
0.0012836
0.0013159
0.0013462
0.001355
0.0013518
0.0013471
0.0013459
0.0013477
0.0013544
0.0013643
0.001372
0.0013663
0.0013414
0.0013087
0.0013115
0.0014137
0.0016523
0.0019379
0.0019827
0.0016331
0.0013118
0.0012838
0.0013741
0.0014733
0.0016452
0.0018759
0.0019205
0.0015861
0.0013021
0.001494
0.002054
0.002636
0.0028966
0.0028886
0.0028872
0.0029233
0.0028069
0.0024007
0.0018246
0.0014637
0.0014422
0.0015038
0.0014946
0.0014688
0.001473
0.0014579
0.0013341
0.0010603
0.00074944
0.00062591
0.00060645
0.00066427
0.0009308
0.0014436
0.0019527
0.0018889
0.0014243
0.0012342
0.0014144
0.0017336
0.0020508
0.0021121
0.0014473
0.00013004
-0.00099482
-0.0013862
-0.0013351
-0.0013923
-0.0017012
-0.0020185
-0.0020034
-0.0016874
-0.0015282
-0.0015648
-0.0014682
-0.001094
-0.00062888
-0.0005201
-0.00098352
-0.0014359
-0.0012064
-0.00047694
2.9842e-05
-0.0001687
-0.00090058
-0.0017017
-0.0023079
-0.0027563
-0.0031387
-0.0036304
-0.0041899
-0.0046412
-0.005128
-0.0057035
-0.0061946
-0.0065865
-0.0067415
-0.0064971
-0.0062978
-0.006561
-0.006811
-0.0065567
-0.0063131
-0.0066594
-0.0071157
-0.0069884
-0.0064582
-0.0060543
-0.0058909
-0.0056882
-0.0051513
-0.0043056
-0.0033264
-0.0022926
-0.001389
-0.00063299
0.00013691
0.00086671
0.0013726
0.0015241
0.0014993
0.0015295
0.0016642
0.0018801
0.0021311
0.002307
0.0025332
0.0031332
0.0039293
0.0045259
0.0046441
0.0043327
0.0038051
0.0033248
0.0031735
0.0032508
0.0032924
0.0032405
0.0031697
0.0031277
0.0031382
0.0032406
0.0034588
0.0037057
0.0037223
0.00341
0.0031975
0.0032527
0.0032737
0.0030157
0.0024992
0.0020019
0.0018152
0.0017556
0.0014698
0.00098072
0.00072691
0.0010716
0.001541
0.0013022
0.00030146
-0.0010301
-0.0025052
-0.0036866
-0.0040631
-0.003918
-0.0037393
-0.0035806
-0.0034118
-0.0032577
-0.0029927
-0.0027889
-0.0027744
-0.0027894
-0.0026996
-0.0025004
-0.0022778
-0.0022034
-0.0022627
-0.0020023
-0.0014622
-0.0011975
-0.0012431
-0.0012504
-0.0011203
-0.0010413
-0.0012881
-0.0020732
-0.0033185
-0.0045685
-0.005471
-0.0061043
-0.0067019
-0.0072139
-0.0075602
-0.0075744
-0.0070618
-0.0063026
-0.005592
-0.0049729
-0.0043111
-0.003529
-0.0025193
-0.0013267
-0.00022651
0.00043798
0.00096348
0.0017227
0.0024982
0.0030338
0.0032928
0.0035659
0.0041011
0.0046755
0.0048729
0.0047871
0.0048065
0.0051259
0.0056977
0.0062432
0.0064268
0.0063487
0.0063134
0.0064095
0.0065489
0.0065889
0.0063242
0.0055447
0.004305
0.003031
0.0020219
0.0011255
0.00013381
-0.00063851
-0.00088712
-0.00088732
-0.00096337
-0.0010588
-0.00092596
-0.00039265
0.00047527
0.0014513
0.0024034
0.0030614
0.0033018
0.0035136
0.0040265
0.0046201
0.0048854
0.0049241
0.005054
0.0052646
0.0052465
0.0049287
0.0048249
0.0048822
0.0043611
0.0036322
0.0035273
0.003887
0.0040411
0.0038229
0.003711
0.003747
0.0036444
0.0036549
0.0038258
0.0036046
0.0027176
0.0018793
0.0017591
0.0021557
0.0026168
0.0028252
0.002593
0.0022448
0.0021874
0.0020392
0.0013621
0.00077499
0.00099832
0.0016126
0.0016403
0.00087978
-3.7311e-05
-0.00034875
5.8809e-05
0.00043824
0.00027047
-0.00032105
-0.0010542
-0.0016792
-0.0021499
-0.002417
-0.002462
-0.0024367
-0.0024289
-0.0024197
-0.002436
-0.0025968
-0.0030023
-0.0035449
-0.0038615
-0.0038275
-0.0037018
-0.0036969
-0.0038712
-0.0042513
-0.004753
-0.0050305
-0.0048806
-0.0046135
-0.0046045
-0.0046269
-0.0042668
-0.0038464
-0.0037541
-0.0037226
-0.0033876
-0.0027918
-0.0023728
-0.0025136
-0.0030508
-0.0035051
-0.0036359
-0.0036602
-0.0037401
-0.0036581
-0.0031089
-0.0023737
-0.0021499
-0.0023288
-0.0023089
-0.0017739
-0.00078018
0.00020855
0.00059061
0.00045459
0.00018813
-0.00014303
-0.00051272
-0.00075135
-0.00092179
-0.0011326
-0.0011491
-0.00075887
-0.00033452
-0.00023888
-0.00036308
-0.00022506
0.00025
0.00056101
0.00054492
0.00046551
0.00047893
0.00054294
0.00059637
0.00059356
0.00046265
0.00013544
-0.00031322
-0.00062454
-0.00074586
-0.00088969
-0.0010678
-0.0010736
-0.0010442
-0.0011123
-0.00094848
-0.0005473
-0.00023149
-0.00012539
-0.00029503
-0.00057188
-0.00065021
-0.00058354
-0.00055209
-0.00057132
-0.00057123
-0.00052548
-0.00047264
-0.00050021
-0.00071205
-0.0011397
-0.0015651
-0.0015208
-0.0011013
-0.00078964
-0.00060544
-0.00054612
-0.00057748
-0.0005673
-0.00044574
-0.00023181
-4.1636e-05
-8.846e-05
-0.00037142
-0.00055459
-0.00053408
-0.00040894
-0.00017013
0.00020462
0.00052652
0.00059638
0.0005716
0.00071031
0.0010721
0.0015146
0.0019156
0.0024583
0.0032018
0.0037513
0.0038611
0.0037967
0.0038316
0.0039187
0.0038593
0.0034852
0.0027718
0.0020086
0.0016062
0.0013538
0.00074316
-0.00014794
-0.0007441
-0.00098083
-0.0011815
-0.001384
-0.0017024
-0.002291
-0.0027204
-0.0027305
-0.0026098
-0.0025687
-0.0025749
-0.0025936
-0.0026802
-0.002872
-0.003067
-0.0030625
-0.0028935
-0.0026471
-0.0024309
-0.0023703
-0.002402
-0.0024293
-0.0024264
-0.0023483
-0.0020968
-0.0016251
-0.0011249
-0.0010007
-0.0011629
-0.0010576
-0.00057157
-2.5568e-05
0.00043537
0.00094562
0.001635
0.0024588
0.0031424
0.0035025
0.003704
0.0039843
0.0042468
0.0043659
0.0045234
0.0048392
0.0050774
0.0049502
0.0045416
0.0041449
0.0038616
0.0034983
0.0030016
0.0025413
0.0021995
0.0019325
0.0015861
0.001153
0.00074663
0.00035877
9.0596e-05
-4.4198e-05
-0.00041209
-0.0010136
-0.0014083
-0.0014536
-0.0014437
-0.00162
-0.0019211
-0.0020728
-0.0018536
-0.0014792
-0.0013491
-0.0014958
-0.001721
-0.0018686
-0.0018949
-0.0018659
-0.0016763
-0.0013742
-0.0012282
-0.0012497
-0.0012715
-0.0012395
-0.0011974
-0.0011694
-0.0011479
-0.0011263
-0.0011108
-0.001109
-0.0011198
-0.0011211
-0.0010681
-0.00091388
-0.00066922
-0.00048234
-0.00056991
-0.00084727
-0.00098843
-0.00095292
-0.00095276
-0.0010831
-0.001249
-0.0013456
-0.0014507
-0.0015133
-0.0014253
-0.0012613
-0.001183
-0.0012566
-0.0012739
-0.0011157
-0.00088173
-0.00053151
-0.00013334
0.00012734
0.00030312
0.0004744
0.00050354
0.0003655
0.00027198
0.000284
0.00039281
0.00055996
0.0005359
0.0002166
-0.00016016
-0.0003988
-0.00046117
-0.00039306
-0.00029982
-0.00026475
-0.00029627
-0.00019482
0.00017678
0.00058249
0.00076093
0.00078725
0.00084846
0.00092539
0.00087927
0.00077859
0.0007494
0.00071414
0.0005586
0.00032359
0.00020501
0.00032605
0.00057237
0.00073013
0.00071683
0.00062369
0.00053001
0.00047475
0.00052971
0.00065123
0.0007033
0.00069597
0.00069006
0.00065624
0.00052185
0.00028233
6.7168e-05
2.2326e-05
0.00019187
0.00046351
0.00064689
0.00076447
0.00097434
0.0012439
0.0014168
0.0015046
0.0016184
0.0017212
0.0017335
0.0017004
0.001674
0.0016283
0.0015161
0.00134
0.001184
0.0011241
0.0011165
0.0010962
0.0010595
0.0010255
0.00099843
0.00097326
0.00094833
0.0009262
0.00090952
0.00089669
0.00087779
0.00083388
0.00074639
0.0006228
0.00052147
0.00048617
0.00046016
0.00037458
0.00024211
0.00013682
0.00012927
0.00024795
0.00045303
0.00061586
0.00063382
0.00057782
0.00055265
0.00058197
0.00065521
0.00075462
0.00085981
0.00097638
0.0010937
0.0011669
0.0011167
0.00094532
0.0007946
0.00074725
0.000732
0.00066668
0.00055182
0.00044486
0.00039493
0.00037219
0.0003196
0.0002268
0.0001362
9.6097e-05
9.3544e-05
8.8654e-05
6.3637e-05
1.3284e-05
-6.3115e-05
-0.00014217
-0.00018888
-0.00021248
-0.00023387
-0.00026436
-0.00034427
-0.00047136
-0.00058694
-0.00062862
-0.00061141
-0.00059403
-0.00059316
-0.00059221
-0.00057852
-0.00055185
-0.00051969
-0.00050113
-0.00051024
-0.00051798
-0.00050829
-0.00051119
-0.00055255
-0.00061869
-0.00066186
-0.00065652
-0.00063221
-0.00062838
-0.00065226
-0.00068131
-0.00067994
-0.00063381
-0.00056225
-0.00051501
-0.00050015
-0.00047811
-0.00042686
-0.0003623
-0.00031779
-0.00029974
-0.00027997
-0.00025551
-0.00024035
-0.00023463
-0.00023665
-0.00024915
-0.00026715
-0.00027557
-0.00027254
-0.00026441
-0.00025296
-0.00025084
-0.00026002
-0.00026139
-0.00024962
-0.00023574
-0.0002253
-0.00021609
-0.00020608
-0.00019568
-0.00018591
-0.00017729
-0.00016945
-0.00016059
-0.00014738
-0.00012698
-0.00010155
-7.8859e-05
-6.2826e-05
-5.3749e-05
-4.6328e-05
-3.3285e-05
-1.5308e-05
2.8527e-07
1.136e-05
1.9975e-05
3.0071e-05
4.1662e-05
4.62e-05
4.0954e-05
3.6877e-05
3.8792e-05
4.0862e-05
4.2084e-05
4.0918e-05
3.4658e-05
2.4667e-05
1.5191e-05
1.0911e-05
1.1365e-05
1.2349e-05
1.0509e-05
5.1141e-06
4.9837e-07
-9.9587e-07
-2.1038e-06
-5.3919e-06
-1.0857e-05
-1.6218e-05
-1.8349e-05
-1.7356e-05
-1.5928e-05
-1.6282e-05
-1.8974e-05
-2.1346e-05
-2.1818e-05
-2.1645e-05
-2.1857e-05
-2.2339e-05
-2.2798e-05
-2.3192e-05
-2.3508e-05
-2.3667e-05
-2.3644e-05
-2.3641e-05
-2.4134e-05
-2.5687e-05
-2.8382e-05
-3.1016e-05
-3.1704e-05
-3.0912e-05
-3.0621e-05
-3.1579e-05
-3.304e-05
-3.3689e-05
-3.3022e-05
-3.1744e-05
-3.0562e-05
-2.9583e-05
-2.8835e-05
-2.8399e-05
-2.7762e-05
-2.6443e-05
-2.4875e-05
-2.388e-05
-2.3452e-05
-2.3037e-05
-2.2599e-05
-2.2345e-05
-2.2316e-05
-2.2373e-05
-2.2399e-05
-2.2512e-05
-2.2801e-05
-2.3203e-05
-2.3577e-05
-2.3933e-05
-2.4353e-05
-2.4801e-05
-2.5224e-05
-2.5623e-05
-2.6015e-05
-2.6406e-05
-2.6795e-05
-2.7165e-05
-2.7505e-05
-2.7839e-05
-2.817e-05
-2.8468e-05
-2.8725e-05
-2.8966e-05
-2.9219e-05
-2.9467e-05
-2.9693e-05
-2.991e-05
-3.014e-05
-3.0386e-05
-3.0637e-05
-3.0883e-05
-3.1125e-05
-3.1365e-05
-3.1604e-05
-3.1841e-05
-3.2077e-05
-3.2312e-05
-3.2546e-05
-3.2779e-05
-3.3013e-05
-3.3247e-05
-3.3481e-05
-3.3715e-05
-3.3951e-05
-3.4187e-05
-3.4424e-05
-3.4662e-05
-3.4902e-05
