151
152
961
962
1391
1392
1611
1612
1641
1642
1751
1752
1801
1802
1841
1842
1851
1852
1861
1862
2841
2842
3131
3132
4991
4992
5491
5492
5641
5642
5681
5682
7611
7612
8021
8022
9491
9492
9591
9592
9601
9602
9881
9882
10051
10052
10081
10082
10341
10342
10391
10392
10821
10822
11151
11152
11841
11842
14891
14892
15121
15122
15131
15132
15281
15282
16811
16812
17521
17522
26551
26552
27141
27142
40741
40742
41171
41172
43481
43482
47981
47982
48601
48602
48661
48662
58231
58232
58271
58272
59751
59752
60051
60052
60601
60602
68971
68972
