-5.277e-05
-5.2912e-05
-5.3058e-05
-5.3189e-05
-5.3335e-05
-5.3459e-05
-5.3599e-05
-5.3708e-05
-5.3852e-05
-5.4014e-05
-5.421e-05
-5.4365e-05
-5.4511e-05
-5.459e-05
-5.4611e-05
-5.4688e-05
-5.4856e-05
-5.5008e-05
-5.5097e-05
-5.5069e-05
-5.4679e-05
-5.4507e-05
-5.5259e-05
-5.6639e-05
-5.6975e-05
-5.5729e-05
-5.4804e-05
-5.5208e-05
-5.5745e-05
-5.4033e-05
-5.274e-05
-5.4242e-05
-5.3155e-05
-4.8124e-05
-4.3499e-05
-3.9159e-05
-3.9453e-05
-4.3289e-05
-4.3934e-05
-4.0512e-05
-3.5603e-05
-2.5606e-05
-1.7694e-05
-2.307e-05
-2.3546e-05
-1.0575e-05
4.4828e-06
2.5018e-05
5.2289e-05
5.9025e-05
4.3947e-05
2.2114e-05
1.901e-05
5.1708e-05
8.7295e-05
8.51e-05
1.9272e-05
-5.9605e-05
-6.5336e-05
-3.295e-05
-1.3017e-05
-3.8305e-05
-6.7531e-05
-2.4129e-05
-7.4399e-06
-6.0964e-05
-0.0001033
-8.193e-05
-1.0811e-05
3.2996e-05
2.2119e-05
-3.1841e-07
-1.7969e-05
-5.9024e-05
-7.4644e-05
-1.0817e-05
3.5055e-05
-3.1204e-05
-9.8187e-05
-6.188e-05
-1.7109e-05
-3.8972e-06
-3.1728e-05
-5.989e-05
-0.00018375
-0.00031974
-0.00026029
-0.00017306
-0.00022961
-0.00036919
-0.0004347
-0.00052771
-0.00060328
-0.000507
-0.00030956
-0.00019373
-0.00015468
-0.00015204
-0.00019394
-0.00019042
-9.0913e-06
0.00019963
0.00026192
0.00013883
-2.1753e-05
-7.4609e-05
4.8313e-05
0.00017173
0.00015956
3.1549e-05
-1.0421e-05
0.00021925
0.00037834
0.00022366
-4.0061e-05
-0.00020854
-0.00026918
-0.00029517
-0.00029248
-0.00031005
-0.00018641
0.00011936
0.00039247
0.00044041
0.00027396
6.3211e-05
0.00011943
0.00029856
0.00025757
0.00020399
0.00023415
0.00026459
0.00026394
0.00013336
-8.3029e-05
-0.0002754
-0.00019099
9.9976e-05
0.00034843
0.00058889
0.00067892
0.00049913
0.00023665
0.00018671
0.00040738
0.00042331
0.00016096
-7.1142e-05
-0.00039956
-0.00082612
-0.0011124
-0.0011193
-0.0012406
-0.0016573
-0.0019021
-0.001692
-0.0013458
-0.001311
-0.0016863
-0.002046
-0.0018598
-0.0012051
-0.00055601
-0.00019964
-0.00026039
-0.00035162
-0.00012604
0.00038818
0.00094987
0.0011801
0.0010051
0.00067152
0.00084109
0.0018266
0.0029284
0.0035892
0.0040119
0.0038118
0.0030891
0.0026544
0.0025836
0.0025961
0.0025125
0.0021524
0.0016449
0.00094611
0.00048467
0.00041845
0.00026381
0.00010704
0.00024961
0.00021003
-0.00017544
-0.00067374
-0.00077751
-0.00042499
-0.00049941
-0.0013409
-0.0024888
-0.0036027
-0.0043148
-0.0041943
-0.0032838
-0.002461
-0.0017495
-0.001134
-0.0011276
-0.0018581
-0.0027792
-0.0034692
-0.0040156
-0.0043236
-0.0041319
-0.0036751
-0.0027168
-0.001333
-0.00071481
-0.0013952
-0.0024806
-0.002657
-0.0017714
-0.0001055
0.0010073
0.00090838
0.00067601
0.0014341
0.0030729
0.004466
0.0051354
0.0051069
0.0043461
0.0033957
0.0029565
0.0037563
0.0051441
0.0061486
0.0063806
0.0055723
0.0041315
0.0036794
0.0052997
0.0078419
0.008581
0.0062968
0.0029715
0.0008862
0.00018148
0.0010387
0.0028734
0.0039789
0.0034608
0.0020939
0.0018199
0.0031638
0.0044009
0.0038581
0.0015195
-0.0012841
-0.0035422
-0.0043578
-0.0037839
-0.0023883
-0.00097776
7.4198e-05
3.8478e-06
-0.0013275
-0.0030661
-0.0036994
-0.002665
-0.0011565
-0.00092821
-0.0025565
-0.0042932
-0.0048903
-0.0044022
-0.0036688
-0.0044942
-0.0073579
-0.0099574
-0.010543
-0.0090395
-0.0062038
-0.0025641
0.00061341
0.0017442
0.0010406
0.00086566
0.0020218
0.0037521
0.0045984
0.0039025
0.0030203
0.0030392
0.0038749
0.0051416
0.006659
0.0080763
0.0079372
0.0059694
0.0042991
0.0040572
0.0038822
0.0024164
-8.2958e-05
-0.0021609
-0.0031888
-0.0030921
-0.0016401
-0.00079023
-0.0020361
-0.0029303
-0.0012773
0.0021138
0.0048597
0.0066871
0.0086003
0.0094457
0.0075948
0.004303
0.0016219
0.00010632
-0.00038966
-0.00066863
-0.0011302
-0.0021225
-0.0036948
-0.005737
-0.0076298
-0.0084526
-0.0085335
-0.0078004
-0.0061034
-0.0039201
-0.00147
0.0011196
0.00378
0.0062221
0.0070779
0.0064275
0.0061196
0.0071932
0.0084445
0.0086354
0.0079894
0.0071759
0.0076381
0.0098466
0.011159
0.0084614
0.0023385
-0.0040153
-0.0081255
-0.0074119
-0.0021925
0.0036156
0.0072466
0.0067089
0.0038125
0.0032213
0.0058583
0.010068
0.01306
0.012946
0.010735
0.0088412
0.008991
0.011703
0.013867
0.013103
0.0098657
0.006329
0.0040397
0.0029478
0.001891
0.00024539
-0.0020143
-0.0048577
-0.0078914
-0.010663
-0.01221
-0.011545
-0.011058
-0.013487
-0.016835
-0.018315
-0.018043
-0.016991
-0.014816
-0.012355
-0.0099785
-0.0073011
-0.0050978
-0.0046377
-0.0056236
-0.0071054
-0.0088079
-0.010673
-0.011706
-0.01119
-0.010114
-0.010423
-0.012805
-0.01564
-0.015755
-0.011932
-0.006529
-0.0021368
0.0010866
0.0029797
0.0022647
0.00045184
-0.00034327
2.0016e-05
0.0010579
0.00189
0.0022295
0.0017297
-0.00032028
-0.003352
-0.0056248
-0.0060685
-0.0052198
-0.0030506
0.00011663
0.0020241
-2.4088e-05
-0.0045165
-0.0080124
-0.0095895
-0.0099268
-0.010625
-0.012287
-0.013733
-0.01452
-0.014967
-0.014983
-0.012798
-0.0092568
-0.006266
-0.0029901
0.00056945
0.0032063
0.0041513
0.0043031
0.0036064
0.0018986
0.00086546
0.0011829
0.0017406
0.0013302
3.19e-05
-0.001386
-0.0024094
-0.0021437
-0.001434
-0.0020584
-0.0048902
-0.00737
-0.0074036
-0.0057764
-0.0032274
-0.0019312
-0.0038872
-0.0077803
-0.010566
-0.010766
-0.0087437
-0.0049577
-0.00047984
0.002917
0.0045375
0.0053424
0.006084
0.00672
0.0076592
0.0092849
0.011454
0.012835
0.012047
0.010059
0.0090142
0.0089139
0.0087752
0.0079158
0.0066485
0.004856
0.0027463
0.00052077
-0.001054
-0.0010787
-0.00047951
0.00055044
0.0011989
0.0010056
0.00061273
0.00039678
-3.2111e-05
0.0003042
0.0035036
0.0093173
0.0155
0.019377
0.018598
0.014016
0.00981
0.009035
0.010465
0.010477
0.0066187
-0.00035723
-0.0065842
-0.0089635
-0.0093325
-0.010445
-0.013257
-0.017908
-0.022882
-0.026041
-0.025554
-0.021597
-0.015854
-0.010207
-0.0070675
-0.0070573
-0.0084004
-0.0087149
-0.0066064
-0.0032999
-0.0001401
0.0027672
0.0062172
0.011321
0.016372
0.018652
0.015818
0.0098515
0.0046449
0.0025723
0.0026282
0.0028186
0.0026675
0.0016611
-0.00049208
-0.0028963
-0.004467
-0.0069243
-0.011277
-0.016271
-0.02021
-0.021645
-0.020687
-0.019045
-0.016878
-0.014849
-0.014236
-0.015086
-0.014642
-0.010352
-0.0032111
0.0035844
0.0078776
0.0098505
0.0095025
0.0074691
0.0061963
0.007692
0.010395
0.011234
0.011086
0.011901
0.013769
0.016152
0.017934
0.017913
0.015415
0.011413
0.0079742
0.0067926
0.0068065
0.0056374
0.0022775
-0.0014733
-0.0035965
-0.0027454
0.0014809
0.006782
0.010641
0.011499
0.0079181
0.0015419
-0.0044161
-0.0086716
-0.010582
-0.0096634
-0.0060096
-0.00033814
0.0055973
0.010385
0.01301
0.012714
0.0091982
0.0037022
-0.0016823
-0.0052944
-0.0066299
-0.0066967
-0.0086626
-0.015553
-0.025194
-0.032585
-0.035445
-0.035398
-0.035196
-0.035657
-0.035541
-0.033553
-0.029289
-0.025451
-0.025816
-0.029298
-0.031346
-0.029942
-0.026577
-0.023495
-0.023198
-0.026449
-0.030476
-0.032638
-0.033054
-0.033206
-0.034017
-0.034772
-0.034714
-0.035591
-0.03855
-0.042532
-0.044873
-0.044181
-0.040584
-0.03556
-0.031448
-0.030066
-0.031094
-0.031003
-0.027659
-0.022393
-0.016607
-0.012069
-0.010215
-0.0099595
-0.0080981
-0.0027172
0.0049624
0.014112
0.022644
0.028724
0.033254
0.037143
0.04044
0.042886
0.044569
0.04588
0.046761
0.047401
0.0473
0.046587
0.045551
0.044371
0.044104
0.046325
0.052292
0.060254
0.06761
0.073451
0.076959
0.077249
0.076384
0.076884
0.079011
0.081262
0.082384
0.08174
0.079435
0.077211
0.075833
0.074236
0.072221
0.070378
0.068546
0.066018
0.062899
0.059474
0.055512
0.051438
0.047818
0.044012
0.03924
0.033379
0.026873
0.019886
0.012289
0.0038112
-0.006548
-0.020089
-0.03537
-0.050148
-0.064115
-0.079074
-0.094977
-0.10888
-0.11972
-0.12835
-0.13551
-0.14231
-0.14939
-0.15605
-0.1622
-0.16724
-0.17111
-0.175
-0.17889
-0.18126
-0.17997
-0.17526
-0.16965
-0.16526
-0.16289
-0.16048
-0.1546
-0.14306
-0.12502
-0.10294
-0.079565
-0.059394
-0.045493
-0.034977
-0.023538
-0.011039
-4.1017e-05
0.0085665
0.015927
0.024111
0.03361
0.041344
0.045529
0.045256
0.04248
0.042092
0.045294
0.050366
0.057548
0.067912
0.081936
0.097271
0.11213
0.12738
0.143
0.15814
0.17149
0.18319
0.19274
0.19936
0.2038
0.20609
0.20501
0.20215
0.19964
0.19675
0.1916
0.18367
0.17453
0.16392
0.1505
0.13396
0.11364
0.089913
0.064981
0.041423
0.019085
-0.0032734
-0.025255
-0.045365
-0.062653
-0.07742
-0.088871
-0.096307
-0.098541
-0.095184
-0.087691
-0.077049
-0.063163
-0.048906
-0.038114
-0.031872
-0.028215
-0.025014
-0.021218
-0.014978
-0.0066113
0.00086451
0.0060152
0.0074827
0.004379
-0.0018025
-0.010088
-0.020482
-0.032513
-0.044524
-0.054831
-0.062545
-0.067835
-0.071756
-0.073984
-0.07424
-0.072984
-0.070909
-0.069393
-0.069284
-0.069134
-0.066659
-0.063106
-0.060667
-0.060364
-0.061094
-0.06127
-0.059872
-0.05658
-0.053368
-0.051041
-0.048753
-0.044852
-0.038511
-0.031579
-0.024733
-0.01719
-0.0098806
-0.002996
0.0037193
0.010313
0.016631
0.021562
0.024468
0.02683
0.030411
0.034909
0.039971
0.045075
0.048989
0.051107
0.051732
0.0512
0.04912
0.046146
0.042796
0.037476
0.030657
0.024301
0.01898
0.01431
0.010032
0.0068257
0.0050551
0.0038963
0.0030632
0.0033054
0.0049079
0.0082394
0.014607
0.023526
0.032644
0.040998
0.049714
0.059305
0.070317
0.083225
0.09744
0.11113
0.12262
0.13111
0.13783
0.14383
0.14736
0.14582
0.13954
0.13103
0.12265
0.11514
0.10887
0.10475
0.10225
0.10029
0.098304
0.096368
0.094722
0.093278
0.092122
0.092083
0.093008
0.092755
0.089355
0.083598
0.077606
0.071108
0.062469
0.0515
0.039262
0.024899
0.0091532
-0.0048444
-0.015637
-0.024533
-0.033788
-0.042164
-0.047074
-0.047881
-0.044853
-0.039768
-0.034428
-0.028976
-0.023867
-0.018576
-0.012464
-0.0070665
-0.0020491
0.0039351
0.010276
0.015443
0.018065
0.017999
0.017483
0.017602
0.016674
0.013703
0.0088996
0.0032279
-0.0013657
-0.0044706
-0.0066249
-0.0078419
-0.0094062
-0.012446
-0.015994
-0.018183
-0.017958
-0.016772
-0.01705
-0.018386
-0.018364
-0.016647
-0.015166
-0.014596
-0.014292
-0.012985
-0.011193
-0.0093058
-0.0076441
-0.0076153
-0.011568
-0.019549
-0.028418
-0.036613
-0.043506
-0.048194
-0.052499
-0.058087
-0.063386
-0.067479
-0.071327
-0.075703
-0.080841
-0.087563
-0.094355
-0.0983
-0.097083
-0.090728
-0.08102
-0.069901
-0.058363
-0.047449
-0.038159
-0.030488
-0.024985
-0.021941
-0.020553
-0.018446
-0.015082
-0.012561
-0.012049
-0.012326
-0.013241
-0.015205
-0.017178
-0.018211
-0.017985
-0.016468
-0.013677
-0.0095271
-0.0044044
0.000267
0.0036004
0.005811
0.0074722
0.0094364
0.011204
0.0098762
0.0036538
-0.0059304
-0.01608
-0.025138
-0.032842
-0.040222
-0.048013
-0.055116
-0.061073
-0.065983
-0.06987
-0.073115
-0.075379
-0.076844
-0.07796
-0.079548
-0.082438
-0.086539
-0.09307
-0.10101
-0.10848
-0.1157
-0.12384
-0.13338
-0.14339
-0.15339
-0.1625
-0.17001
-0.17736
-0.18561
-0.19429
-0.20315
-0.21291
-0.22375
-0.23345
-0.2397
-0.24194
-0.2413
-0.23938
-0.23524
-0.22598
-0.20873
-0.1793
-0.14255
-0.10472
-0.067878
-0.037913
-0.011563
0.016533
0.044049
0.067073
0.084535
0.098822
0.11132
0.12025
0.12252
0.11859
0.11208
0.10527
0.099095
0.0934
0.088618
0.086209
0.08747
0.091309
0.096121
0.10285
0.11117
0.11896
0.1254
0.12962
0.13194
0.13446
0.13809
0.14231
0.14551
0.14692
0.14768
0.14809
0.14668
0.14271
0.13708
0.13127
0.12588
0.12036
0.11359
0.10512
0.095923
0.087093
0.078816
0.071278
0.064543
0.057037
0.047982
0.038348
0.028821
0.019944
0.012483
0.007343
0.0052937
0.0068437
0.010874
0.013239
0.010392
0.0046839
-0.00051896
-0.0038912
-0.0053307
-0.0044982
-0.0021931
-0.00091608
-0.0032292
-0.010098
-0.019299
-0.027454
-0.032777
-0.036346
-0.039863
-0.042477
-0.042971
-0.042474
-0.040737
-0.0368
-0.030377
-0.021509
-0.010454
0.0049048
0.025327
0.04885
0.068557
0.08321
0.095172
0.1051
0.11307
0.11904
0.12337
0.12788
0.13341
0.1387
0.14193
0.1416
0.13848
0.13485
0.13176
0.12854
0.12332
0.11658
0.11065
0.10558
0.099812
0.091838
0.081212
0.068505
0.054782
0.041247
0.028551
0.017341
0.0072238
-0.0025555
-0.012873
-0.02356
-0.03217
-0.037386
-0.039464
-0.038223
-0.034372
-0.030085
-0.02744
-0.027088
-0.027614
-0.026956
-0.023901
-0.019884
-0.016208
-0.011206
-0.0046011
0.0017062
0.0047518
0.0034209
0.0013496
0.0019823
0.0035349
0.0018641
-0.0028873
-0.0078728
-0.012514
-0.018293
-0.026275
-0.036292
-0.047882
-0.059389
-0.06865
-0.074498
-0.077183
-0.07862
-0.080398
-0.081347
-0.079372
-0.07589
-0.073963
-0.074594
-0.076112
-0.076734
-0.075353
-0.07186
-0.066426
-0.05947
-0.05224
-0.045074
-0.036712
-0.026821
-0.015318
-0.0038821
0.005343
0.012028
0.016166
0.017721
0.015963
0.011468
0.0054992
-0.00079451
-0.0074633
-0.01325
-0.016562
-0.01731
-0.016934
-0.016349
-0.015373
-0.013212
-0.0097037
-0.0066067
-0.0044519
-0.0025964
-0.0020198
-0.0030679
-0.0054417
-0.0092956
-0.016134
-0.025941
-0.037818
-0.049679
-0.059684
-0.067809
-0.07492
-0.08149
-0.087784
-0.093506
-0.097781
-0.10101
-0.10306
-0.10315
-0.10099
-0.097605
-0.093348
-0.087118
-0.078709
-0.06911
-0.05804
-0.046046
-0.036536
-0.030742
-0.027167
-0.024787
-0.023143
-0.022249
-0.021276
-0.019238
-0.016686
-0.014466
-0.01412
-0.017328
-0.023668
-0.030646
-0.035897
-0.039091
-0.040845
-0.041168
-0.040598
-0.04011
-0.039438
-0.038123
-0.035694
-0.031005
-0.023525
-0.013529
-0.0023544
0.0075743
0.01578
0.021495
0.022856
0.021216
0.02106
0.0237
0.027182
0.030007
0.032139
0.033499
0.033669
0.032447
0.029936
0.027495
0.026163
0.025288
0.023881
0.021539
0.018435
0.014808
0.010707
0.006916
0.0044589
0.0032746
0.0030904
0.0039685
0.0044373
0.0035539
0.0026684
0.0026387
0.0025006
0.0011138
-0.0019883
-0.0057371
-0.0083558
-0.010658
-0.013889
-0.014772
-0.010534
-0.0020638
0.0081993
0.018219
0.027208
0.034249
0.039544
0.043441
0.045805
0.046681
0.04666
0.045657
0.042681
0.038299
0.03453
0.03215
0.030856
0.030597
0.031248
0.032131
0.03383
0.036638
0.039309
0.040137
0.039566
0.039693
0.042157
0.046192
0.050465
0.054244
0.057806
0.061531
0.063286
0.061531
0.056684
0.051233
0.046668
0.043262
0.041287
0.041509
0.043887
0.04727
0.051314
0.055463
0.058909
0.062084
0.064267
0.064656
0.064224
0.064171
0.063671
0.061284
0.056813
0.050456
0.043158
0.03594
0.028091
0.018907
0.009853
0.0011856
-0.0078884
-0.01749
-0.026323
-0.032319
-0.034829
-0.035185
-0.035335
-0.036058
-0.036817
-0.036883
-0.035829
-0.033927
-0.031163
-0.026963
-0.022558
-0.018769
-0.015113
-0.011641
-0.0082511
-0.004064
-0.00022979
0.0029345
0.0059814
0.0089292
0.010576
0.0091248
0.0055652
0.002089
-0.0011565
-0.0049769
-0.0094121
-0.013949
-0.018119
-0.021644
-0.024425
-0.025299
-0.025655
-0.027592
-0.031082
-0.035291
-0.040325
-0.045276
-0.04831
-0.049415
-0.049294
-0.047501
-0.043528
-0.036767
-0.028058
-0.018473
-0.0075976
0.0039606
0.01455
0.02383
0.032856
0.041076
0.047005
0.05064
0.051926
0.050978
0.048422
0.045073
0.040216
0.032938
0.025194
0.019887
0.017609
0.016189
0.013992
0.012165
0.012369
0.014304
0.016752
0.01851
0.018244
0.015654
0.011724
0.0076305
0.0032956
-0.0012319
-0.0056126
-0.0097694
-0.013355
-0.016329
-0.019346
-0.023258
-0.027936
-0.032714
-0.037765
-0.04329
-0.048867
-0.053474
-0.057111
-0.061301
-0.065513
-0.068507
-0.069656
-0.069274
-0.069121
-0.069013
-0.068035
-0.065663
-0.061026
-0.054985
-0.049857
-0.048022
-0.049923
-0.053651
-0.057101
-0.0591
-0.060353
-0.062622
-0.066084
-0.069546
-0.070948
-0.068083
-0.061012
-0.051955
-0.042036
-0.030936
-0.020704
-0.013233
-0.0082503
-0.0040306
0.00077515
0.0055748
0.010553
0.016168
0.021623
0.026072
0.029494
0.030667
0.028767
0.025645
0.024054
0.023642
0.022938
0.021844
0.021576
0.023532
0.027638
0.032951
0.038637
0.044694
0.050797
0.055457
0.058102
0.058062
0.055231
0.052336
0.051267
0.050811
0.048982
0.046445
0.045272
0.045939
0.048136
0.051223
0.054756
0.057592
0.057452
0.053202
0.04544
0.036499
0.028518
0.021845
0.015708
0.010548
0.0071671
0.0057995
0.0063848
0.0076086
0.0078324
0.006946
0.005786
0.0056546
0.0068375
0.0081215
0.0092028
0.010046
0.010976
0.012733
0.013339
0.010569
0.0063318
0.0032028
0.0015627
0.00055134
-0.00011808
-0.00034061
-0.00089903
-0.002629
-0.0063666
-0.010816
-0.014177
-0.016178
-0.017405
-0.018377
-0.019885
-0.022749
-0.025758
-0.027384
-0.027226
-0.026139
-0.02483
-0.022682
-0.019383
-0.016075
-0.014255
-0.012966
-0.011492
-0.011318
-0.01309
-0.016814
-0.021015
-0.023407
-0.023874
-0.022909
-0.021568
-0.020416
-0.019744
-0.020317
-0.021418
-0.022524
-0.025393
-0.030563
-0.036706
-0.041992
-0.045637
-0.047706
-0.049049
-0.050398
-0.051013
-0.051309
-0.051916
-0.053067
-0.054474
-0.055157
-0.054952
-0.055099
-0.056703
-0.057956
-0.057473
-0.057005
-0.056952
-0.054784
-0.048938
-0.041816
-0.035617
-0.030003
-0.024286
-0.018298
-0.012533
-0.0066825
-0.00039866
0.0045779
0.0085827
0.013095
0.018048
0.022332
0.02628
0.030978
0.035392
0.037491
0.036286
0.033512
0.031863
0.03246
0.033728
0.032689
0.029139
0.026081
0.025982
0.027165
0.0269
0.024475
0.021403
0.018583
0.014556
0.0088013
0.0025606
-0.0032079
-0.0083665
-0.012171
-0.014227
-0.015402
-0.016147
-0.017007
-0.019233
-0.022592
-0.025823
-0.028416
-0.030629
-0.031943
-0.031349
-0.03099
-0.034511
-0.0407
-0.045809
-0.048885
-0.050264
-0.050948
-0.051481
-0.051007
-0.048606
-0.044779
-0.039901
-0.03343
-0.026475
-0.021015
-0.017111
-0.014138
-0.010722
-0.0064498
-0.0030937
-0.001731
-0.0015475
-0.00092866
0.0008003
0.0031192
0.0067358
0.012342
0.018905
0.024664
0.030103
0.03578
0.040297
0.04323
0.045949
0.04945
0.052009
0.052859
0.053114
0.054174
0.056308
0.058958
0.06072
0.060364
0.058212
0.0566
0.056246
0.055846
0.054043
0.051721
0.050378
0.050437
0.051234
0.051579
0.050305
0.048148
0.04603
0.044659
0.045095
0.046889
0.048091
0.047867
0.047784
0.049108
0.05118
0.052987
0.054854
0.057643
0.061917
0.066633
0.07078
0.074259
0.077752
0.081168
0.083533
0.084865
0.085814
0.085758
0.084541
0.082716
0.079086
0.073629
0.066897
0.058986
0.049563
0.040487
0.03306
0.028262
0.026231
0.024738
0.021665
0.017291
0.013351
0.010509
0.007573
0.0048368
0.0030532
0.00221
0.0011042
-0.0016013
-0.0052065
-0.0086331
-0.012287
-0.017817
-0.025814
-0.034284
-0.04078
-0.044428
-0.046139
-0.04739
-0.048162
-0.048681
-0.048683
-0.048269
-0.04792
-0.047061
-0.044726
-0.041198
-0.037839
-0.035689
-0.035032
-0.03488
-0.034827
-0.03469
-0.036099
-0.039836
-0.044296
-0.047551
-0.049703
-0.051379
-0.052187
-0.051921
-0.050737
-0.049592
-0.048495
-0.045275
-0.038808
-0.030333
-0.021592
-0.012923
-0.0039555
0.0050948
0.015031
0.025698
0.0356
0.043429
0.049004
0.052947
0.055634
0.057932
0.059592
0.059334
0.057236
0.053754
0.049521
0.04514
0.04023
0.034662
0.029472
0.025045
0.020514
0.015685
0.010955
0.0060581
0.00021989
-0.0055986
-0.010996
-0.016271
-0.021311
-0.025852
-0.029986
-0.034366
-0.038217
-0.040831
-0.043045
-0.046027
-0.049623
-0.053555
-0.057338
-0.061242
-0.064577
-0.066376
-0.067396
-0.068297
-0.067799
-0.064386
-0.059137
-0.054408
-0.050718
-0.047206
-0.04399
-0.040741
-0.036537
-0.031596
-0.026223
-0.02039
-0.015693
-0.012902
-0.010622
-0.0077367
-0.00502
-0.0032938
-0.0021294
-0.00096229
-0.00019471
-0.00010117
0.00019091
0.0017539
0.0029432
0.0024978
0.0030404
0.0077953
0.016303
0.025555
0.031761
0.034204
0.034706
0.035405
0.037041
0.038351
0.038806
0.038762
0.037739
0.035498
0.032962
0.030791
0.027548
0.022949
0.018189
0.013931
0.010841
0.0086121
0.0062564
0.0032514
0.00046338
-0.0016548
-0.0027602
-0.0021059
0.00023071
0.0033864
0.0069065
0.0095777
0.010237
0.0082293
0.0058368
0.0042609
0.0025292
0.00028569
-0.0030061
-0.0070081
-0.010204
-0.011589
-0.011754
-0.012087
-0.012504
-0.01337
-0.014904
-0.01723
-0.021151
-0.025943
-0.030668
-0.034377
-0.03648
-0.038632
-0.041044
-0.043002
-0.043102
-0.040555
-0.037453
-0.035401
-0.033084
-0.029998
-0.026775
-0.023369
-0.020552
-0.01788
-0.014967
-0.012641
-0.010047
-0.0064896
-0.0025504
0.00059902
0.0031855
0.0054749
0.0056057
0.0025758
-0.00091528
-0.0029445
-0.003913
-0.0052705
-0.0086433
-0.013814
-0.019735
-0.025974
-0.031719
-0.036259
-0.039521
-0.041054
-0.041518
-0.041312
-0.040666
-0.038771
-0.035474
-0.031756
-0.02856
-0.026398
-0.024573
-0.022737
-0.020689
-0.019003
-0.018669
-0.019136
-0.02069
-0.023471
-0.026999
-0.030585
-0.033473
-0.035091
-0.036172
-0.037637
-0.038617
-0.039194
-0.039737
-0.040086
-0.040475
-0.040125
-0.03925
-0.038067
-0.035598
-0.031518
-0.026954
-0.021529
-0.014604
-0.0068555
0.0011521
0.008972
0.017012
0.025376
0.032303
0.03667
0.039179
0.040288
0.039112
0.036186
0.033199
0.031021
0.029625
0.02836
0.026983
0.026193
0.026209
0.027143
0.02949
0.032997
0.037492
0.042592
0.047557
0.052032
0.055103
0.056977
0.058638
0.059665
0.059849
0.059728
0.059294
0.058148
0.057002
0.056372
0.055954
0.055744
0.055242
0.054282
0.052613
0.049744
0.04641
0.042956
0.0395
0.035881
0.031688
0.027123
0.022628
0.018294
0.013797
0.0085166
0.0035792
-8.9547e-05
-0.0023014
-0.0033371
-0.003391
-0.0035113
-0.0036113
-0.0033006
-0.0023207
-0.0009126
-0.00015814
-0.00058526
-0.0019698
-0.0035653
-0.0050837
-0.0070047
-0.008734
-0.0097109
-0.010911
-0.011952
-0.012159
-0.011681
-0.010548
-0.0089741
-0.007466
-0.0065216
-0.0063587
-0.0058171
-0.0034159
0.00055793
0.0053595
0.010728
0.016373
0.021883
0.02592
0.027602
0.027942
0.027719
0.027342
0.026405
0.023552
0.019375
0.014936
0.010243
0.0052771
3.0031e-06
-0.0043345
-0.0066382
-0.0076433
-0.0083306
-0.0088474
-0.0090519
-0.0086544
-0.0084819
-0.0092193
-0.010843
-0.012283
-0.012421
-0.011972
-0.012589
-0.014493
-0.016494
-0.018029
-0.019944
-0.022788
-0.025845
-0.027628
-0.027212
-0.02584
-0.024235
-0.022825
-0.022248
-0.021895
-0.021245
-0.020038
-0.017983
-0.014241
-0.0094332
-0.0051377
-0.0019716
0.00091119
0.0035503
0.0059764
0.0075178
0.0072535
0.0059424
0.0041315
0.0024773
0.0012805
0.00034316
-0.0005981
-0.0026663
-0.0061704
-0.010655
-0.015089
-0.01758
-0.017591
-0.016945
-0.017144
-0.01753
-0.016785
-0.015351
-0.014019
-0.012669
-0.011369
-0.0099133
-0.0084931
-0.0069822
-0.005828
-0.0040624
-0.0010683
0.0010477
0.0001044
-0.0033909
-0.0073455
-0.010561
-0.01297
-0.015421
-0.0189
-0.02353
-0.027833
-0.02982
-0.029468
-0.028804
-0.028681
-0.029089
-0.030046
-0.032357
-0.036058
-0.038697
-0.040222
-0.042207
-0.044178
-0.045402
-0.046507
-0.048004
-0.049628
-0.050522
-0.05045
-0.049971
-0.048653
-0.045849
-0.041523
-0.03704
-0.033459
-0.030363
-0.026726
-0.021727
-0.015662
-0.0095396
-0.0035585
0.0033808
0.01053
0.016647
0.021952
0.026945
0.032362
0.038273
0.04377
0.048827
0.053581
0.057746
0.060145
0.059419
0.055215
0.049664
0.046
0.044281
0.042507
0.040228
0.038137
0.03655
0.035916
0.037074
0.038862
0.041115
0.044912
0.050188
0.055279
0.059571
0.063554
0.067022
0.069991
0.072848
0.075502
0.076723
0.075345
0.072129
0.068585
0.064972
0.060694
0.055934
0.051816
0.048356
0.045657
0.043863
0.04238
0.041116
0.040209
0.039914
0.040433
0.040353
0.038833
0.036855
0.035328
0.033682
0.030685
0.027097
0.024074
0.021517
0.019248
0.016488
0.012178
0.0076734
0.0053877
0.004192
0.0018906
-0.0010761
-0.0031043
-0.0036103
-0.0032871
-0.0032519
-0.0041392
-0.0054289
-0.0069718
-0.0088659
-0.011206
-0.014472
-0.017548
-0.018691
-0.018613
-0.018216
-0.017753
-0.016143
-0.012308
-0.0065002
0.00024113
0.0066576
0.012647
0.017737
0.021283
0.023837
0.025963
0.027294
0.026092
0.022257
0.017326
0.013192
0.0094956
0.0060803
0.002792
-0.00095514
-0.0048572
-0.008467
-0.011307
-0.014093
-0.016498
-0.018091
-0.019362
-0.020032
-0.018377
-0.015565
-0.013199
-0.010477
-0.0081306
-0.0067611
-0.0063409
-0.0068245
-0.0075614
-0.0085326
-0.010154
-0.012073
-0.013522
-0.014736
-0.014985
-0.013746
-0.010955
-0.0062119
-0.0003024
0.0054594
0.0098282
0.011591
0.010865
0.0092601
0.0077043
0.0065956
0.005566
0.0032257
0.00024422
-0.0017776
-0.0028192
-0.0034613
-0.0043075
-0.006003
-0.0085746
-0.011481
-0.013726
-0.014916
-0.01531
-0.015395
-0.015487
-0.015157
-0.014441
-0.013742
-0.013876
-0.015113
-0.015761
-0.015543
-0.015849
-0.017579
-0.01953
-0.021408
-0.023894
-0.026925
-0.029959
-0.032806
-0.035641
-0.038424
-0.040577
-0.041877
-0.042657
-0.044105
-0.0456
-0.045541
-0.043402
-0.040485
-0.037575
-0.035578
-0.034269
-0.032644
-0.031395
-0.031169
-0.031407
-0.031437
-0.031235
-0.031065
-0.031107
-0.031471
-0.032489
-0.033206
-0.031363
-0.027597
-0.024178
-0.021763
-0.01887
-0.015157
-0.012551
-0.010544
-0.0078633
-0.0049139
-0.0028819
-0.0020165
-0.0012279
0.0010848
0.0042572
0.0067771
0.0089279
0.011311
0.013854
0.015767
0.01706
0.018878
0.021839
0.025712
0.029554
0.03253
0.034582
0.036942
0.039591
0.041119
0.041076
0.040172
0.039401
0.039506
0.040025
0.04019
0.039938
0.039689
0.039658
0.039263
0.03742
0.034637
0.032046
0.029604
0.02694
0.023983
0.02094
0.017977
0.015115
0.012245
0.0092672
0.0062566
0.0032911
0.00045785
-0.0017901
-0.0033924
-0.0051937
-0.006987
-0.0085923
-0.0097985
-0.010069
-0.0098255
-0.0095408
-0.0084296
-0.0072665
-0.0078697
-0.0099028
-0.011881
-0.013633
-0.015409
-0.017692
-0.020374
-0.021999
-0.022653
-0.023538
-0.024453
-0.024757
-0.024314
-0.022488
-0.019423
-0.01624
-0.013552
-0.011019
-0.0079098
-0.0034299
0.0011284
0.0045235
0.0066464
0.0078069
0.0096976
0.012987
0.016335
0.018271
0.018713
0.018055
0.017324
0.016847
0.016763
0.016916
0.016729
0.015589
0.01358
0.01072
0.0068411
0.0026474
-0.00017364
-0.00083548
-0.0012122
-0.0029066
-0.005712
-0.0084755
-0.010509
-0.012612
-0.01538
-0.018175
-0.020078
-0.021666
-0.024129
-0.026718
-0.028282
-0.029345
-0.030243
-0.031485
-0.032781
-0.033623
-0.034551
-0.035605
-0.036084
-0.03592
-0.03488
-0.033246
-0.032149
-0.031234
-0.029452
-0.026502
-0.02327
-0.021287
-0.020309
-0.018294
-0.015845
-0.014942
-0.014963
-0.014125
-0.013189
-0.013967
-0.016464
-0.019607
-0.02248
-0.02592
-0.030456
-0.034386
-0.036407
-0.036741
-0.036487
-0.036117
-0.035662
-0.034363
-0.031639
-0.028345
-0.025324
-0.022137
-0.018561
-0.014877
-0.011951
-0.010428
-0.0099847
-0.0099393
-0.0097585
-0.0094443
-0.0094095
-0.010303
-0.01184
-0.012674
-0.012726
-0.013675
-0.014947
-0.014564
-0.012806
-0.011468
-0.010113
-0.0079391
-0.00653
-0.0073654
-0.0093146
-0.010417
-0.011467
-0.013739
-0.016239
-0.017905
-0.019142
-0.020301
-0.020681
-0.01969
-0.017745
-0.015243
-0.012461
-0.0092091
-0.0051114
-0.0015527
0.0015089
0.0045695
0.0076714
0.010271
0.011676
0.012906
0.013913
0.014685
0.016613
0.019392
0.021264
0.022379
0.023521
0.025146
0.026484
0.027252
0.027409
0.026956
0.026117
0.025053
0.022995
0.02032
0.018003
0.016042
0.014071
0.011489
0.0090708
0.0076477
0.0065128
0.0058316
0.0057675
0.0062582
0.0065413
0.0068101
0.0079441
0.0096737
0.011714
0.013396
0.015096
0.016768
0.017828
0.018906
0.020427
0.022058
0.022577
0.021298
0.019835
0.019741
0.020466
0.020801
0.020507
0.019955
0.018706
0.017124
0.01583
0.01599
0.017419
0.01828
0.018933
0.020026
0.021653
0.023281
0.024739
0.025961
0.026909
0.028122
0.029706
0.031228
0.031973
0.032095
0.033204
0.034973
0.036333
0.037574
0.039853
0.04351
0.04672
0.04876
0.050041
0.050761
0.05142
0.051361
0.050074
0.048314
0.047035
0.046752
0.047041
0.046977
0.045814
0.0441
0.042819
0.041122
0.038811
0.037135
0.035845
0.035092
0.035006
0.034629
0.03253
0.029583
0.027871
0.026492
0.024398
0.022539
0.020535
0.017701
0.014483
0.011517
0.0090238
0.0072372
0.0055877
0.0032202
0.00088407
-0.0010099
-0.0026542
-0.0040231
-0.0054711
-0.0066333
-0.0077453
-0.0087907
-0.0092004
-0.0090617
-0.0089543
-0.0094221
-0.0101
-0.01057
-0.01224
-0.015303
-0.018214
-0.019781
-0.020732
-0.022208
-0.024601
-0.027625
-0.029768
-0.030882
-0.032824
-0.035153
-0.036855
-0.037629
-0.037612
-0.037882
-0.037452
-0.035917
-0.034191
-0.032788
-0.03153
-0.029289
-0.026942
-0.024853
-0.021298
-0.017184
-0.013934
-0.011717
-0.01021
-0.0083689
-0.0064324
-0.0047835
-0.0042178
-0.0053639
-0.0066453
-0.0064774
-0.0045912
-0.0025532
-0.001071
0.00080224
0.0025926
0.004242
0.0066562
0.0092407
0.011228
0.013033
0.014469
0.016258
0.018844
0.020801
0.022095
0.022872
0.023175
0.023964
0.025301
0.025435
0.023789
0.021724
0.020202
0.018438
0.015692
0.012574
0.010392
0.0090345
0.0067881
0.0038346
0.0019443
0.00076859
-0.00035137
-0.0024732
-0.005236
-0.006752
-0.0070397
-0.0070032
-0.0069152
-0.0064629
-0.0063054
-0.0073375
-0.0093738
-0.011975
-0.014313
-0.015525
-0.016613
-0.018022
-0.020435
-0.023554
-0.025744
-0.026471
-0.026968
-0.028136
-0.02892
-0.02864
-0.027201
-0.025888
-0.024942
-0.023474
-0.020804
-0.017381
-0.014511
-0.013068
-0.012677
-0.013056
-0.013265
-0.012995
-0.013556
-0.01474
-0.015733
-0.016792
-0.017717
-0.017844
-0.016936
-0.015299
-0.013143
-0.010501
-0.0076267
-0.0047725
-0.0020609
0.00013358
0.0015863
0.0022672
0.0020655
0.00065986
-0.00071367
-0.0014953
-0.0025962
-0.0049374
-0.0080533
-0.010661
-0.013197
-0.015594
-0.017436
-0.019448
-0.021736
-0.023394
-0.023758
-0.023432
-0.023347
-0.023655
-0.02394
-0.023944
-0.023553
-0.022428
-0.020458
-0.017622
-0.015184
-0.013975
-0.013
-0.012302
-0.012436
-0.012906
-0.012492
-0.011058
-0.0085493
-0.0054638
-0.00161
0.0025359
0.0048418
0.0051792
0.0053482
0.0068459
0.0091297
0.010943
0.011588
0.011284
0.010536
0.0094732
0.0086954
0.0085263
0.0078317
0.0075731
0.0092097
0.011979
0.014345
0.016104
0.017769
0.019287
0.020168
0.02027
0.019855
0.01856
0.01739
0.017502
0.01887
0.020438
0.020921
0.020391
0.019952
0.020129
0.02053
0.02067
0.020537
0.020395
0.020386
0.02021
0.019234
0.017856
0.017041
0.016327
0.015237
0.013969
0.012028
0.0099773
0.0084901
0.0073101
0.0059205
0.0039333
0.0011464
-0.0023014
-0.006027
-0.0092021
-0.0111
-0.011426
-0.011087
-0.010176
-0.0079519
-0.0048772
-0.0014284
0.0021022
0.0051017
0.0073104
0.0093147
0.012242
0.015898
0.019218
0.021849
0.023788
0.025237
0.026609
0.0276
0.027832
0.027691
0.02768
0.0277
0.026824
0.024114
0.019467
0.014907
0.011312
0.0078355
0.0043696
0.0013783
-0.00038501
-0.00019007
0.00088156
0.0018976
0.0031112
0.0051023
0.0071604
0.0084188
0.0086283
0.0086448
0.0094633
0.010363
0.010106
0.0075124
0.002865
-0.0014967
-0.0050337
-0.0087273
-0.013067
-0.0174
-0.020786
-0.02379
-0.027086
-0.029649
-0.030595
-0.029884
-0.027843
-0.024574
-0.019959
-0.014796
-0.010304
-0.0064138
-0.002824
-8.0219e-05
0.0011984
0.0016754
0.00167
0.00075037
-0.00060127
-0.00081626
0.00017866
0.00081388
0.00069247
0.0013422
0.0032399
0.0064963
0.010731
0.014532
0.018083
0.02288
0.028877
0.034174
0.037544
0.039751
0.041672
0.04317
0.043251
0.041934
0.038824
0.034145
0.028387
0.021705
0.014779
0.008167
0.0010917
-0.0060677
-0.013101
-0.019915
-0.025725
-0.029598
-0.03211
-0.034878
-0.03714
-0.037745
-0.037028
-0.035754
-0.034764
-0.033825
-0.03158
-0.029154
-0.028065
-0.027441
-0.026647
-0.026157
-0.026116
-0.025732
-0.024373
-0.022989
-0.021898
-0.020673
-0.019522
-0.018339
-0.017506
-0.017386
-0.017577
-0.017613
-0.017532
-0.017995
-0.018907
-0.019963
-0.021893
-0.024775
-0.026564
-0.026365
-0.025605
-0.02533
-0.024231
-0.021489
-0.018108
-0.015159
-0.012643
-0.0099342
-0.0066312
-0.0034723
-0.0014643
-7.0244e-05
0.0021914
0.0054998
0.0093468
0.01398
0.019264
0.02518
0.031201
0.038165
0.045264
0.050846
0.055087
0.058737
0.062488
0.064681
0.063479
0.060852
0.058571
0.056021
0.052986
0.048918
0.043461
0.037715
0.031248
0.023916
0.016471
0.0092883
0.0021818
-0.0050551
-0.010984
-0.014852
-0.017772
-0.020846
-0.02299
-0.023238
-0.022155
-0.020714
-0.019559
-0.019049
-0.018651
-0.018016
-0.017612
-0.017744
-0.018701
-0.020121
-0.020829
-0.020575
-0.020199
-0.020564
-0.022448
-0.025004
-0.026979
-0.028469
-0.029136
-0.029289
-0.029983
-0.031297
-0.033335
-0.035704
-0.038414
-0.041326
-0.043868
-0.045534
-0.046737
-0.048152
-0.049564
-0.050932
-0.052437
-0.053548
-0.054629
-0.055584
-0.055808
-0.054614
-0.051807
-0.04804
-0.043038
-0.036904
-0.030929
-0.026049
-0.022046
-0.018581
-0.015943
-0.013713
-0.011512
-0.009735
-0.0089518
-0.0091604
-0.010156
-0.011714
-0.013932
-0.016444
-0.017665
-0.017341
-0.016859
-0.017056
-0.017096
-0.015302
-0.012366
-0.010533
-0.0091346
-0.0066761
-0.003319
5.3702e-05
0.0031411
0.0052547
0.0053371
0.0037683
0.0017373
-0.00048876
-0.0023809
-0.0035677
-0.004764
-0.0055743
-0.0056476
-0.0046005
-0.002908
-0.00088987
0.0025996
0.006788
0.010009
0.012082
0.013961
0.015452
0.015412
0.014524
0.014278
0.014572
0.01375
0.011861
0.0097142
0.0078316
0.006622
0.0062617
0.0063741
0.0065196
0.0071431
0.0083628
0.0092858
0.010038
0.011632
0.014655
0.018678
0.022468
0.025601
0.027394
0.027639
0.027387
0.027334
0.026485
0.02384
0.021051
0.019994
0.019624
0.018771
0.01794
0.017039
0.015591
0.014711
0.014845
0.014834
0.013983
0.012829
0.011992
0.011901
0.011691
0.010465
0.0090893
0.008294
0.0073954
0.0064262
0.0061784
0.0070094
0.0084601
0.0093074
0.0091935
0.009437
0.010832
0.012159
0.012502
0.013268
0.014532
0.015051
0.014785
0.014385
0.013686
0.012247
0.0098127
0.0070936
0.0054891
0.0043416
0.0034977
0.0032714
0.003351
0.003288
0.0035399
0.0049776
0.0067527
0.0088131
0.01161
0.014955
0.018113
0.020862
0.023212
0.024949
0.025935
0.025515
0.023199
0.019842
0.016761
0.013828
0.0097709
0.004495
-0.00052095
-0.0037724
-0.0059724
-0.0076712
-0.0083596
-0.0083591
-0.008319
-0.0073379
-0.0045066
-0.00099796
0.0017662
0.0030333
0.0039504
0.0052372
0.0061883
0.0073668
0.0087184
0.0091894
0.0092016
0.010338
0.011846
0.012545
0.013508
0.014938
0.01667
0.017948
0.018796
0.019819
0.02085
0.021742
0.022149
0.02185
0.020519
0.018429
0.016885
0.015222
0.012967
0.01114
0.0097034
0.009001
0.0090591
0.0099024
0.011378
0.012054
0.011671
0.011216
0.011263
0.011216
0.0097088
0.0069307
0.0042931
0.001856
-0.00080205
-0.0037508
-0.0067829
-0.0092604
-0.010827
-0.012073
-0.013568
-0.015399
-0.017292
-0.019383
-0.021537
-0.023285
-0.025059
-0.026523
-0.026969
-0.027196
-0.027436
-0.027682
-0.027637
-0.027362
-0.027683
-0.027937
-0.02831
-0.029678
-0.03227
-0.035381
-0.038248
-0.041126
-0.045164
-0.049639
-0.052296
-0.052965
-0.053346
-0.054601
-0.054747
-0.053359
-0.051328
-0.049906
-0.047923
-0.044096
-0.039695
-0.035949
-0.033142
-0.030655
-0.028448
-0.026794
-0.024562
-0.021384
-0.018053
-0.015024
-0.012162
-0.010231
-0.0098606
-0.0092916
-0.0075358
-0.0054568
-0.0039213
-0.0037345
-0.0041729
-0.0033821
-0.0012133
0.001132
0.003607
0.0061906
0.0079192
0.0090751
0.010344
0.012069
0.013638
0.014186
0.014957
0.016625
0.018712
0.020164
0.021382
0.022483
0.023568
0.024844
0.025623
0.025343
0.024314
0.023509
0.022763
0.021559
0.019729
0.017002
0.013647
0.010496
0.0077772
0.0054874
0.0044361
0.0042787
0.0032714
0.0015815
-0.00059616
-0.00332
-0.0057973
-0.0077687
-0.010164
-0.013277
-0.016956
-0.02023
-0.022067
-0.02308
-0.023786
-0.024148
-0.024277
-0.024279
-0.02371
-0.022291
-0.020455
-0.017953
-0.0143
-0.010532
-0.0075814
-0.00494
-0.0014916
0.0024869
0.0063366
0.0090463
0.010648
0.012278
0.013935
0.01616
0.01872
0.020355
0.021835
0.024073
0.026706
0.028332
0.028788
0.029551
0.031558
0.033989
0.035683
0.036375
0.036275
0.036094
0.03536
0.03444
0.034232
0.034554
0.034722
0.034636
0.035101
0.036452
0.037727
0.038915
0.040177
0.041685
0.043036
0.043662
0.044732
0.046003
0.046439
0.04619
0.04584
0.045083
0.043501
0.040765
0.037036
0.032054
0.026171
0.02028
0.014719
0.0091626
0.0031455
-0.003107
-0.0079488
-0.010561
-0.012167
-0.013945
-0.014486
-0.013024
-0.010939
-0.008506
-0.0057238
-0.0028997
-0.0010411
-0.00038505
-0.00041712
-0.00092015
-0.0020171
-0.0043556
-0.0069685
-0.0087805
-0.010583
-0.013289
-0.016376
-0.018213
-0.018682
-0.01894
-0.019624
-0.019443
-0.017463
-0.014211
-0.010458
-0.0078875
-0.0068355
-0.0059248
-0.0041255
-0.0015764
0.00027908
0.0013922
0.0017078
0.0019644
0.0024731
0.0025985
0.0016458
0.00017483
-0.00064834
-0.00078345
-0.00042555
-0.00038815
-0.00028516
-4.8931e-05
3.347e-05
-2.9096e-05
-6.401e-05
-1.7051e-05
4.0197e-05
5.1102e-05
5.6522e-05
6.5948e-05
6.6964e-05
3.4904e-05
-0.00053654
-0.0023783
-0.0049212
-0.0076409
-0.010435
-0.013616
-0.016956
-0.019249
-0.020806
-0.022189
-0.023163
-0.02342
-0.023348
-0.023436
-0.024237
-0.025715
-0.026714
-0.026618
-0.026009
-0.025099
-0.024017
-0.023189
-0.021644
-0.019068
-0.017419
-0.017551
-0.018227
-0.018482
-0.018718
-0.018721
-0.017981
-0.017105
-0.016361
-0.015829
-0.014625
-0.012111
-0.0086812
-0.0045131
-0.00056968
0.0028665
0.0058199
0.0086473
0.011634
0.014067
0.015628
0.016978
0.018083
0.019331
0.02043
0.020719
0.020481
0.020367
0.02051
0.020193
0.01842
0.015733
0.013199
0.011283
0.00988
0.0078564
0.0047672
0.0013942
-0.0015796
-0.0042679
-0.006863
-0.0085724
-0.0092303
-0.0090905
-0.0086536
-0.0086601
-0.0087123
-0.0075136
-0.0057176
-0.0040129
-0.0028438
-0.0015993
-0.00023635
0.0013952
0.002574
0.0026774
0.0020306
0.00027041
-0.0025717
-0.0056251
-0.0080724
-0.0094688
-0.010697
-0.011659
-0.011977
-0.011698
-0.010689
-0.0094078
-0.0084487
-0.0067394
-0.003764
-0.00043527
0.0024533
0.0045853
0.0060284
0.0074012
0.0082488
0.0087222
0.009793
0.011196
0.012103
0.012621
0.012787
0.012393
0.011233
0.0097489
0.0087531
0.0086317
0.008009
0.0063494
0.0053689
0.0056011
0.0056496
0.0048079
0.0036879
0.0029154
0.0028833
0.0032312
0.0042621
0.0057523
0.0062675
0.0058507
0.0055148
0.0056954
0.0060382
0.0061457
0.0060266
0.005734
0.0043954
0.0016457
-0.00099711
-0.0024698
-0.0038569
-0.0061591
-0.0094796
-0.01208
-0.01367
-0.015
-0.015946
-0.016636
-0.016469
-0.015273
-0.014093
-0.012527
-0.0098942
-0.00703
-0.0055681
-0.0044956
-0.0020033
6.0544e-05
0.00017742
-0.00052358
-0.00044151
0.0010054
0.0027266
0.0032366
0.0027047
0.0022976
0.0027862
0.0043594
0.0065399
0.0084513
0.0095889
0.010685
0.012068
0.013781
0.015339
0.016757
0.017373
0.017233
0.017431
0.017997
0.01826
0.018134
0.017538
0.017181
0.017278
0.017018
0.016081
0.014568
0.012491
0.010231
0.0076314
0.0045611
0.001499
-0.00033192
-0.0014323
-0.0025415
-0.0031499
-0.0031878
-0.0029426
-0.0018711
-0.00040252
0.00045372
0.00036903
0.00079146
0.0020549
0.0027684
0.002531
0.0021325
0.0021852
0.0024844
0.0025827
0.002449
0.0023264
0.0021917
0.0014267
1.3168e-05
-0.0010956
-0.0019803
-0.0034655
-0.0056409
-0.0073212
-0.0086083
-0.0090536
-0.0082631
-0.0072907
-0.0064671
-0.0053637
-0.0036613
-0.0012436
0.0016838
0.0044373
0.0060863
0.0078859
0.010459
0.012674
0.013384
0.012895
0.012636
0.012235
0.011442
0.011016
0.011119
0.010795
0.0093869
0.0079925
0.007334
0.0065628
0.0055987
0.0047737
0.0045471
0.005173
0.0060934
0.0072707
0.0090664
0.010839
0.011537
0.012631
0.013692
0.014263
0.015027
0.015606
0.016012
0.015305
0.012635
0.0091515
0.0062129
0.003683
0.00034973
-0.0030058
-0.0053402
-0.0063646
-0.0069228
-0.0073653
-0.0072246
-0.0071791
-0.0070883
-0.006463
-0.0048726
-0.0031876
-0.0016946
-0.00083563
-0.00085213
-0.0011187
-0.0015632
-0.003089
-0.0051699
-0.0070272
-0.0087361
-0.010018
-0.011439
-0.012452
-0.012571
-0.012569
-0.013114
-0.013873
-0.015051
-0.015445
-0.014812
-0.014071
-0.013074
-0.012544
-0.012717
-0.012619
-0.011369
-0.0097902
-0.0084934
-0.0072576
-0.0068283
-0.0071084
-0.0072949
-0.0070915
-0.0068149
-0.0067587
-0.0068734
-0.0069631
-0.0068905
-0.0058691
-0.0041095
-0.0029338
-0.0020799
-0.0013625
-0.00094626
-3.3584e-05
0.00032582
-0.00082383
-0.0029048
-0.0050047
-0.0063353
-0.0066925
-0.0065336
-0.0066108
-0.0075775
-0.0091063
-0.0093234
-0.0077236
-0.0063884
-0.0065349
-0.0072446
-0.007444
-0.0070834
-0.0067362
-0.0067324
-0.0069091
-0.0069986
-0.0069498
-0.0068771
-0.0068776
-0.0073951
-0.0089961
-0.010226
-0.010133
-0.0095574
-0.0094468
-0.0093124
-0.0080094
-0.0062938
-0.0042057
-0.0019424
-0.00071327
-5.4399e-05
0.00090131
0.0016715
0.0017998
0.0010875
-0.00089351
-0.0034117
-0.0056218
-0.0074353
-0.0097213
-0.012033
-0.012887
-0.012511
-0.012213
-0.012501
-0.012923
-0.013024
-0.012825
-0.011984
-0.010372
-0.0087865
-0.0074084
-0.0065476
-0.006469
-0.0079999
-0.010086
-0.011477
-0.01238
-0.013098
-0.01429
-0.015497
-0.015877
-0.015664
-0.015525
-0.015612
-0.014873
-0.013201
-0.011445
-0.0095993
-0.0075243
-0.004797
-0.001019
0.003152
0.0064078
0.0089011
0.011394
0.013334
0.014791
0.016167
0.017805
0.019267
0.019625
0.019363
0.019799
0.020827
0.021405
0.021688
0.021488
0.020343
0.019285
0.019263
0.019792
0.02
0.019751
0.019479
0.019464
0.019591
0.019633
0.019603
0.019741
0.020315
0.02033
0.019841
0.020343
0.021797
0.021997
0.020403
0.018613
0.016726
0.014669
0.013273
0.012039
0.010945
0.0097776
0.008527
0.0074676
0.0060586
0.0045875
0.0029977
0.0020885
0.001957
0.0017494
0.0018255
0.0019115
0.00146
0.00091585
-0.00014888
-0.0009711
-0.0013025
-0.0021277
-0.0037025
-0.0051089
-0.0054598
-0.0054211
-0.0056492
-0.0051987
-0.0040819
-0.0031761
-0.0022385
-0.00092351
0.00063363
0.0025163
0.0047571
0.0066423
0.0083308
0.010842
0.013302
0.01394
0.013385
0.014039
0.016176
0.017837
0.018731
0.019273
0.019918
0.021205
0.02249
0.023684
0.025014
0.025552
0.025312
0.025122
0.025277
0.025004
0.023241
0.020423
0.01766
0.014942
0.011122
0.0066567
0.0031939
0.00082208
-0.0012347
-0.0040867
-0.007282
-0.0092789
-0.0098663
-0.010715
-0.012212
-0.013005
-0.012805
-0.012586
-0.013214
-0.01358
-0.013076
-0.012591
-0.012636
-0.013193
-0.014656
-0.015931
-0.016275
-0.017149
-0.018686
-0.020535
-0.021831
-0.022607
-0.023621
-0.024467
-0.02463
-0.024436
-0.024363
-0.024525
-0.024702
-0.024717
-0.02463
-0.024579
-0.0246
-0.024638
-0.024648
-0.024633
-0.02462
-0.024622
-0.02463
-0.024633
-0.024625
-0.024373
-0.023341
-0.021923
-0.020861
-0.019611
-0.018268
-0.016191
-0.013156
-0.0099535
-0.0070345
-0.004419
-0.002522
-0.0011767
0.00018956
0.001473
0.0020146
0.0019306
0.0018514
0.002637
0.0037263
0.0035097
0.0034371
0.004443
0.0053468
0.0060513
0.0073473
0.0089239
0.010488
0.011811
0.0132
0.013956
0.014235
0.014802
0.01493
0.014189
0.013192
0.012054
0.011127
0.010052
0.0085715
0.0074268
0.0063497
0.0049317
0.0033539
0.0023
0.0013237
-0.00010469
-0.0013677
-0.00259
-0.0044288
-0.0063816
-0.0078745
-0.0090742
-0.0094764
-0.0093472
-0.0093064
-0.0095118
-0.0097209
-0.0096069
-0.0084036
-0.006804
-0.0063772
-0.0069381
-0.007324
-0.0071457
-0.0068293
-0.0067535
-0.0068829
-0.0069949
-0.0069895
-0.006931
-0.0069052
-0.006923
-0.0069454
-0.0067723
-0.0056029
-0.0039841
-0.0029802
-0.0025759
-0.001981
-0.00097438
0.00082128
0.0029256
0.0043723
0.0048393
0.0054122
0.0067559
0.0078019
0.008026
0.0084118
0.0089109
0.0084891
0.0075117
0.0064425
0.0053423
0.0047747
0.0050269
0.0057971
0.0057487
0.0050375
0.005434
0.0070783
0.0083696
0.0089567
0.0093124
0.010039
0.010698
0.010819
0.010652
0.0106
0.010716
0.01081
0.010338
0.0087265
0.0069852
0.0050759
0.0029147
0.0016266
0.00088181
-0.00011623
-0.0014743
-0.0031848
-0.0041579
-0.004684
-0.0058823
-0.0069
-0.0070058
-0.0067019
-0.0070132
-0.0083906
-0.0098504
-0.010186
-0.0097639
-0.010232
-0.01207
-0.013319
-0.013115
-0.012489
-0.012398
-0.012427
-0.012208
-0.01205
-0.011214
-0.010054
-0.0096582
-0.0094876
-0.0084365
-0.0071166
-0.0066797
-0.0065466
-0.0055185
-0.0041189
-0.0027494
-0.0014439
-0.0010064
-0.00041579
0.00063906
0.0011929
0.0015003
0.0016746
0.0017475
0.0017459
0.001719
0.0017252
0.0017527
0.0017624
0.0018394
0.0025145
0.0038994
0.0049074
0.0048695
0.0044409
0.0043754
0.0046589
0.0048783
0.0048522
0.0047246
0.0047629
0.0054923
0.0069257
0.00793
0.0078649
0.0074246
0.007519
0.008376
0.0086
0.0080786
0.0081498
0.008579
0.0096678
0.010802
0.01083
0.0095402
0.007913
0.007333
0.0075038
0.0065486
0.0049952
0.0044248
0.0046747
0.0041835
0.0026246
0.0017066
0.0028103
0.0047543
0.0054516
0.004818
0.0044813
0.0056414
0.0074835
0.0087199
0.009844
0.010583
0.010608
0.010437
0.010877
0.012273
0.013655
0.013926
0.013451
0.013178
0.013047
0.012221
0.011002
0.010513
0.010791
0.011028
0.010394
0.0087928
0.0074952
0.0074577
0.0080064
0.0081685
0.0078299
0.0070243
0.0056827
0.0046247
0.0045799
0.0050335
0.0051908
0.004933
0.004732
0.0052188
0.0056681
0.0058861
0.0067268
0.007688
0.0078943
0.0075825
0.0074226
0.0075841
0.0074936
0.0061396
0.0043655
0.0027722
0.0016454
0.00032293
-0.00083768
-0.0010986
-0.0010017
-0.001652
-0.0025865
-0.0026194
-0.0015433
-0.00069711
-0.00034593
0.00077172
0.0023558
0.0039935
0.0047748
0.0045768
0.004274
0.0044006
0.0047255
0.0048462
0.0043968
0.0031457
0.0018214
0.00081252
-0.00037057
-0.0010939
-0.0010932
-0.00089045
-0.00090362
-0.0010931
-0.0011898
-0.00028003
0.0014068
0.0017083
0.00091014
0.00090168
0.0015617
0.0019178
0.0013126
-0.00014516
-0.0004256
0.0012027
0.0024009
0.0021056
0.0013613
0.0012176
0.0015907
0.001787
0.0010518
-0.00050898
-0.0017518
-0.0028128
-0.004139
-0.005872
-0.0070829
-0.0071368
-0.0069129
-0.0074612
-0.0080736
-0.0090443
-0.01008
-0.010314
-0.009827
-0.0087515
-0.0074267
-0.0064182
-0.0053929
-0.0050222
-0.0050288
-0.0051775
-0.0047465
-0.0040752
-0.0038934
-0.0041303
-0.0043257
-0.0046057
-0.0049411
-0.0049417
-0.0055383
-0.0067172
-0.0073242
-0.0071396
-0.0072001
-0.0084306
-0.0099408
-0.010025
-0.0084206
-0.0076514
-0.0082748
-0.0080726
-0.0072811
-0.0069334
-0.0071105
-0.0073073
-0.0072654
-0.0071218
-0.0070673
-0.0071158
-0.0071701
-0.007173
-0.0071466
-0.0070415
-0.0065397
-0.0063637
-0.0069393
-0.0074056
-0.0073175
-0.007221
-0.0083553
-0.0098577
-0.0099274
-0.009535
-0.0096268
-0.0099914
-0.010178
-0.010117
-0.010011
-0.0099989
-0.010051
-0.010057
-0.0095945
-0.0087439
-0.007926
-0.0072916
-0.0071621
-0.0073245
-0.0073708
-0.0072013
-0.0065854
-0.0057183
-0.0049602
-0.0043999
-0.0042959
-0.0045167
-0.005012
-0.0050511
-0.0044916
-0.0047389
-0.0062261
-0.0073764
-0.0068825
-0.0062108
-0.006449
-0.0062695
-0.0048565
-0.0029883
-0.0016253
-0.0012884
-0.0014224
-0.0006866
0.00094559
0.0019684
0.001798
0.0013042
0.0012655
0.0015803
0.0017851
0.0015074
0.00063956
0.00024525
0.0010668
0.001963
0.0022211
0.0027832
0.0039679
0.0050697
0.0061436
0.0071484
0.0075224
0.0073677
0.0072507
0.0073895
0.0075624
0.0072601
0.0066897
0.0062381
0.0052353
0.0047883
0.0056249
0.0064398
0.006383
0.0063863
0.0070527
0.0071569
0.0067332
0.0064933
0.0056942
0.0045685
0.0033102
0.0019406
0.00095395
-0.00014124
-0.0013041
-0.002698
-0.0040952
-0.0051194
-0.0061594
-0.006985
-0.0071645
-0.0070014
-0.0069734
-0.0071383
-0.0072765
-0.0069778
-0.0055212
-0.0040962
-0.0039689
-0.004398
-0.0040553
-0.0036011
-0.003353
-0.0035037
-0.0032714
-0.0021204
-0.0011779
-0.0012053
-0.0016289
-0.001728
-0.001487
-0.0012831
-0.0012988
-0.0014142
-0.0014755
-0.0012366
-0.00040302
0.00044656
0.00091427
0.00067358
0.00076165
0.0013202
0.0016331
0.0012004
0.00054325
0.00081548
0.0015367
0.0024332
0.0037521
0.004471
0.0042661
0.0039159
0.0043179
0.0054832
0.0065673
0.0071719
0.00715
0.0068993
0.0068496
0.0070249
0.0071769
0.0071698
0.0070515
0.0064565
0.0051558
0.0045804
0.0053623
0.0064977
0.0066397
0.0061709
0.005854
0.0059102
0.0054094
0.0041935
0.0036273
0.0038967
0.0041968
0.0039616
0.0028835
0.0013946
0.00053065
9.1649e-05
-0.00047431
-0.0014125
-0.0020691
-0.002072
-0.0016184
-0.0010597
-0.00096054
-0.00019243
0.00082958
0.0013611
0.0021714
0.0033445
0.003922
0.0040818
0.0043114
0.0044041
0.0044772
0.0041097
0.0037136
0.0037039
0.0038847
0.003943
0.0038778
0.0047291
0.0064425
0.0072066
0.0068137
0.0069183
0.008423
0.0098767
0.01002
0.0092737
0.0078802
0.0066305
0.0064276
0.0062313
0.0048127
0.003012
0.0026712
0.0031394
0.0036524
0.0039081
0.0037819
0.0037228
0.0045944
0.0066833
0.0090504
0.0099252
0.0093694
0.0088669
0.0091177
0.0096316
0.0098069
0.0096355
0.0094195
0.0086885
0.0071339
0.0061934
0.0060547
0.0053126
0.0032769
0.00095755
0.0001564
0.00028362
-8.5585e-05
-0.00070882
-0.0010391
-0.0014661
-0.0017796
-0.0017683
-0.0021136
-0.002443
-0.0019574
-0.00097442
-0.00013057
0.00020918
-0.0003159
-0.00072908
-0.00066076
-0.00038675
-0.00063544
-0.0019115
-0.0029874
-0.00296
-0.0025991
-0.0030217
-0.0034497
-0.0037663
-0.0042817
-0.0051352
-0.0057449
-0.0059679
-0.0062838
-0.0060789
-0.0055418
-0.0053847
-0.00589
-0.0069038
-0.0074573
-0.0075694
-0.008025
-0.0085263
-0.008618
-0.0084409
-0.0083602
-0.0084782
-0.0086047
-0.0085774
-0.0084859
-0.0084247
-0.0080021
-0.0076321
-0.0076799
-0.0078701
-0.0083689
-0.008655
-0.0085357
-0.0082317
-0.0077136
-0.0076562
-0.0082215
-0.0080574
-0.0069531
-0.0058983
-0.0061122
-0.0070472
-0.0075388
-0.0078869
-0.0082476
-0.0083612
-0.0084767
-0.0090031
-0.0092307
-0.0097108
-0.010806
-0.01151
-0.011388
-0.011057
-0.011056
-0.011328
-0.0122
-0.013801
-0.01469
-0.01476
-0.015122
-0.015998
-0.017023
-0.017468
-0.017781
-0.018906
-0.020163
-0.020461
-0.020081
-0.019872
-0.020102
-0.020796
-0.021088
-0.020496
-0.019781
-0.018681
-0.017472
-0.017197
-0.017615
-0.017614
-0.016089
-0.014329
-0.013727
-0.012972
-0.011895
-0.011763
-0.013075
-0.013243
-0.011824
-0.010653
-0.0099373
-0.0091826
-0.0087297
-0.0085153
-0.00764
-0.0061921
-0.0052086
-0.0046432
-0.0040668
-0.0032701
-0.0024293
-0.0012725
-0.00010786
0.00024816
-4.6932e-05
8.4212e-05
0.0007279
0.0010277
0.0017269
0.0028459
0.0033214
0.0034919
0.0040538
0.0049762
0.0058668
0.0060889
0.0058696
0.0061851
0.007149
0.0075894
0.0068174
0.0057604
0.0055706
0.0059259
0.0056853
0.0052523
0.0048624
0.0038161
0.0028532
0.0027776
0.003304
0.0041358
0.0047879
0.0053708
0.0059439
0.0066832
0.0071214
0.0068389
0.0069943
0.0066782
0.0056567
0.0043505
0.0032343
0.0029055
0.0031431
0.0030452
0.0023067
0.0019547
0.0017433
0.0015184
0.0014477
0.0015099
0.0018895
0.0026656
0.0030862
0.0026038
0.0018909
0.0019088
0.0023212
0.0028888
0.002659
0.0020621
0.0019187
0.002168
0.0028218
0.0031631
0.0029669
0.0026736
0.0026556
0.0029141
0.0036985
0.0050056
0.0058791
0.0059851
0.0068032
0.0083449
0.0090153
0.0088293
0.0093077
0.010818
0.01191
0.011828
0.011338
0.011258
0.011552
0.011775
0.011742
0.011608
0.011555
0.011598
0.011646
0.011648
0.011623
0.011609
0.011615
0.011624
0.011625
0.011603
0.011236
0.010397
0.0095739
0.0089395
0.0087435
0.008858
0.0089155
0.0088022
0.0086909
0.0091068
0.01045
0.011718
0.011928
0.012414
0.013935
0.014868
0.01424
0.01343
0.013937
0.014638
0.013619
0.011679
0.010824
0.010263
0.0090859
0.0073059
0.0056275
0.004108
0.0023582
0.0011907
0.00043662
-0.00063207
-0.0015061
-0.0016467
-0.0015692
-0.0020457
-0.0023827
-0.0024215
-0.0019715
-0.0012422
-0.00041611
-2.182e-05
-0.00015841
-0.00034596
-0.00028244
-9.7924e-05
2.5031e-06
6.4523e-06
-2.4888e-05
-5.851e-05
-0.00039248
-0.00085138
-0.0008892
-0.0014627
-0.0026685
-0.0036488
-0.0046665
-0.0061677
-0.0078309
-0.0088715
-0.0093343
-0.0098628
-0.010709
-0.011647
-0.011969
-0.01176
-0.011591
-0.011601
-0.011096
-0.0097988
-0.0087835
-0.0086888
-0.0084124
-0.00711
-0.0057328
-0.0047336
-0.0038512
-0.003747
-0.0035851
-0.0024369
-0.0013144
-0.0011731
-0.0014425
-0.00094947
-7.1791e-05
0.00045299
0.00096416
0.0016227
0.0024725
0.0029459
0.003102
0.0039473
0.005399
0.0061481
0.0058861
0.0051574
0.0047346
0.0049886
0.0045702
0.0033164
0.0022317
0.0012432
0.00030766
-0.00041746
-0.0015094
-0.0022756
-0.0018241
-0.0012156
-0.0016976
-0.0024626
-0.0021029
-0.00090187
0.00015587
0.00070822
0.0015594
0.0025809
0.0028504
0.0021358
0.0017088
0.0019079
0.0022942
0.0023145
0.0022381
0.0025037
0.0023274
0.0020222
0.0019305
0.0023202
0.0029021
0.0032004
0.0036949
0.0042605
0.0044103
0.0044132
0.0050535
0.0058681
0.0060577
0.0057862
0.0056223
0.0057356
0.0058981
0.0056883
0.0048219
0.0039229
0.0032342
0.0029827
0.0033521
0.0042006
0.0046283
0.0044164
0.0044758
0.0053268
0.0060291
0.0060105
0.0057249
0.0057019
0.0058993
0.006031
0.0060018
0.005922
0.005869
0.0054152
0.0045569
0.0036907
0.0026221
0.002118
0.0022985
0.0020461
0.0010483
8.8331e-05
0.00038518
0.00093078
0.0005553
-7.6845e-05
-0.00021412
2.4788e-05
1.1037e-05
-0.0012122
-0.00286
-0.0033068
-0.0029144
-0.0033993
-0.0050102
-0.0061599
-0.0060393
-0.0057813
-0.0071107
-0.0090212
-0.0099838
-0.0093796
-0.0083653
-0.0082375
-0.0085465
-0.0079034
-0.0063902
-0.0052993
-0.0047414
-0.0043287
-0.0033621
-0.001731
-0.00022682
0.00074575
0.0019709
0.0028849
0.0033646
0.004317
0.0055794
0.0061303
0.006273
0.0071978
0.0086059
0.0092014
0.0088999
0.008571
0.0086738
0.0089573
0.0090949
0.009457
0.010124
0.0099933
0.0090605
0.0089702
0.0095814
0.0094543
0.0084594
0.0078273
0.0080267
0.0083633
0.0082333
0.0069595
0.0056994
0.0055821
0.0061042
0.0063205
0.0059802
0.0050089
0.0036824
0.0032889
0.0034958
0.00276
0.0014486
0.00041538
-0.00020326
-0.00070219
-0.00055818
1.4912e-05
0.00019147
-0.0002243
-0.0010061
-0.00095387
-0.00014985
0.00027167
-0.00010711
-0.0012929
-0.0027409
-0.0033582
-0.0030515
-0.0029367
-0.0038376
-0.0047875
-0.0051317
-0.0055386
-0.0057362
-0.0048297
-0.0035706
-0.0037427
-0.004526
-0.004115
-0.0030582
-0.0019936
-0.0007201
-7.6023e-05
-0.00025526
-0.00018629
0.00072965
0.0014999
0.0014946
0.0011768
0.0014411
0.002413
0.0027097
0.0021864
0.0022221
0.0027231
0.0029791
0.0028322
0.0021828
0.0012983
0.00058986
6.92e-05
-5.396e-05
4.9426e-05
6.3784e-05
-0.00013404
-0.00075404
-0.0010303
-0.00039672
0.00017508
0.00010662
-0.0002196
-0.000318
-8.9074e-05
0.00052032
0.0007748
0.00064156
0.00034259
-9.2322e-05
-0.00024269
-0.00024846
-0.0006888
-0.00074237
-0.00021204
0.00011048
-0.00017815
-0.0012657
-0.0027103
-0.0033771
-0.0032326
-0.0033885
-0.0034831
-0.0032059
-0.0030119
-0.0028405
-0.00193
-0.00050939
0.00039697
0.00090653
0.0011561
0.001399
0.0024116
0.0041461
0.0056211
0.005974
0.0062572
0.0076457
0.0088421
0.0088969
0.0084476
0.00833
0.008588
0.0088119
0.0087966
0.0086708
0.0086136
0.0086496
0.0086974
0.0087025
0.0086799
0.0086656
0.0086699
0.0086792
0.0086814
0.0086774
0.0086442
0.0081602
0.007306
0.0068696
0.0065363
0.0060305
0.0057612
0.005717
0.0051117
0.003684
0.0024973
0.0019039
0.0014891
0.00081174
5.0377e-05
-0.00021456
-6.7339e-05
4.6871e-05
-3.8508e-05
-0.00017214
-0.00050752
-0.0018849
-0.0032784
-0.0034368
-0.0031856
-0.0043555
-0.0061854
-0.0075406
-0.008502
-0.0088969
-0.0088175
-0.0087596
-0.0093785
-0.011097
-0.012341
-0.012184
-0.011106
-0.0097043
-0.0093884
-0.0095826
-0.0094624
-0.0088032
-0.0077831
-0.0069535
-0.0066685
-0.006939
-0.0067546
-0.0062237
-0.0059795
-0.0060747
-0.006192
-0.0061777
-0.0060695
-0.006025
-0.0060985
-0.0061722
-0.0060833
-0.0050535
-0.0033011
-0.001682
-0.00044152
-0.00017848
-0.00045089
-7.7432e-05
0.0010266
0.0020981
0.0027531
0.0027338
0.0019776
0.00057121
-0.00034915
0.00023445
0.00092585
0.00046845
-0.00030185
-0.00047483
-0.00017926
-5.6297e-05
-0.00062983
-0.0010603
-0.0011259
-0.0013462
-0.0016679
-0.0024401
-0.0036502
-0.0038521
-0.0032043
-0.0034491
-0.0045799
-0.0057639
-0.0062419
-0.0061489
-0.006548
-0.0074551
-0.0087814
-0.010583
-0.011351
-0.011095
-0.010674
-0.011103
-0.011727
-0.011486
-0.011153
-0.010772
-0.010688
-0.011035
-0.010733
-0.01107
-0.011995
-0.012355
-0.012078
-0.012049
-0.012629
-0.01266
-0.012186
-0.011952
-0.01208
-0.011935
-0.011499
-0.011673
-0.011493
-0.010048
-0.0089062
-0.0090147
-0.0092415
-0.0082167
-0.0066114
-0.0055458
-0.0046486
-0.0033431
-0.0017129
0.00025626
0.0019649
0.0023457
0.0019061
0.0017612
0.0025344
0.0032438
0.0027698
0.0020314
0.0019303
0.002261
0.0024514
0.0023502
0.0020069
0.000776
-0.00072995
-0.0011071
-0.00060452
-0.00029484
-0.00052321
-0.00086449
-0.00093849
-0.00080043
-0.00087195
-0.0019961
-0.0031206
-0.0031713
-0.002105
-0.0011607
-0.0010813
-0.0019349
-0.0032848
-0.0039332
-0.0036169
-0.0031898
-0.0032393
-0.003559
-0.0037162
-0.0035944
-0.0034216
-0.0033912
-0.0034622
-0.0035092
-0.0034924
-0.0034576
-0.0032866
-0.0025436
-0.0020199
-0.0022633
-0.0018792
-0.0014923
-0.0014608
-0.00096759
-0.00034457
-0.00020876
-0.00060302
-0.00099523
1.7293e-05
0.0016053
0.0026198
0.0027117
0.0026533
0.0035955
0.0052067
0.0059951
0.0056925
0.0052592
0.0053351
0.0060233
0.0070237
0.0077882
0.0083494
0.008532
0.0084315
0.0084165
0.0085394
0.008635
0.008657
0.008988
0.010132
0.011101
0.011013
0.010937
0.01127
0.011576
0.011611
0.011512
0.011471
0.011514
0.011559
0.01156
0.011596
0.012551
0.014269
0.01498
0.014497
0.014007
0.014145
0.014542
0.014697
0.014577
0.014369
0.013869
0.013567
0.012971
0.011766
0.010663
0.010028
0.0094669
0.0088673
0.0085484
0.0080282
0.0072053
0.0063045
0.0055502
0.004789
0.0036318
0.0025455
0.0016043
0.00050008
-0.00037521
-0.0012581
-0.0024822
-0.0034401
-0.0041099
-0.004696
-0.0053421
-0.0053095
-0.0045812
-0.0036231
-0.0031302
-0.0032868
-0.003545
-0.0035029
-0.0032842
-0.0031681
-0.0032166
-0.0033018
-0.0033206
-0.0032866
-0.0032757
-0.0033327
-0.0033903
-0.0033938
-0.0033693
-0.0033601
-0.0033721
-0.0034023
-0.0034346
-0.0034357
-0.0034489
-0.0034729
-0.0034822
-0.0034772
-0.0034728
-0.0034587
-0.0031061
-0.0019763
-0.00069946
-0.0003374
-0.0007114
-0.00096212
-0.00078355
-0.00050404
-0.00046391
-0.00062997
-0.00074707
-0.0007515
-0.0015937
-0.0032357
-0.0035603
-0.0028018
-0.0028376
-0.0035739
-0.0044276
-0.0051197
-0.0052329
-0.0050223
-0.0054035
-0.0063694
-0.0068571
-0.0066529
-0.0063637
-0.0063874
-0.0065856
-0.0066856
-0.0066346
-0.006556
-0.0065424
-0.0065765
-0.0066008
-0.0065954
-0.0064892
-0.005794
-0.0044128
-0.0034167
-0.0034585
-0.0038825
-0.0037917
-0.0029345
-0.0025242
-0.0024777
-0.0022904
-0.0022578
-0.0028995
-0.0036066
-0.003675
-0.00337
-0.0030904
-0.0026733
-0.0029771
-0.0041238
-0.0044982
-0.0041826
-0.0035572
-0.0031438
-0.0031987
-0.0031845
-0.0022295
-0.00069585
-1.1009e-06
-0.00030309
-0.00066986
-0.00057424
-0.00026245
-0.00011955
3.6709e-05
0.0007111
0.0013213
0.0015773
0.0021147
0.0026702
0.0027864
0.0028574
0.0035571
0.0045304
0.0054271
0.0057963
0.0059587
0.006224
0.0063162
0.0067007
0.006821
0.0064642
0.0066014
0.0067611
0.0061836
0.0055738
0.0055466
0.0058161
0.0058918
0.0057491
0.0059602
0.0064022
0.0061083
0.0055178
0.005381
0.0056017
0.0057424
0.0057249
0.0060759
0.0068416
0.0072354
0.0074853
0.0071883
0.0063274
0.0063961
0.0075072
0.0081708
0.0074092
0.0065381
0.0065347
0.006993
0.0071684
0.006523
0.0054666
0.005124
0.0059296
0.0070442
0.0068238
0.0055082
0.0049323
0.0058139
0.0065074
0.0059426
0.0050862
0.0044954
0.004654
0.005416
0.0057801
0.0055333
0.005226
0.0052288
0.0054067
0.0054674
0.0053718
0.0052827
0.0051934
0.0047268
0.0045558
0.0051127
0.0054749
0.0047047
0.0030873
0.0020756
0.0022629
0.0027811
0.0029617
0.0032992
0.0039367
0.0048099
0.0053758
0.0053681
0.0051584
0.0051306
0.0052933
0.0054576
0.0054885
0.0054216
0.0053728
0.0053769
0.0053656
0.0053403
0.0052189
0.0044062
0.0029847
0.0021672
0.0023612
0.0027656
0.0027362
0.0021889
0.0012239
0.00066787
0.00080896
0.00084664
7.2266e-05
-0.00071526
-0.00079089
-0.00048107
-0.00035577
-0.00051704
-0.00071321
-0.00073919
-0.0011247
-0.0020917
-0.0017846
-0.0006999
-0.00069845
-0.0022963
-0.0039762
-0.0042551
-0.0036067
-0.0032581
-0.0035908
-0.0047131
-0.0060624
-0.006373
-0.0063403
-0.0065197
-0.0064332
-0.0060844
-0.0064062
-0.0070147
-0.0075127
-0.0080924
-0.0084395
-0.0088584
-0.0095917
-0.0099895
-0.0099232
-0.010266
-0.01164
-0.012991
-0.013183
-0.012687
-0.012471
-0.012724
-0.013015
-0.013044
-0.012876
-0.012733
-0.012706
-0.012296
-0.011433
-0.010532
-0.0099177
-0.0098918
-0.010002
-0.0092913
-0.0077113
-0.0065792
-0.006617
-0.0070995
-0.0071907
-0.0069741
-0.0072045
-0.0074849
-0.0075501
-0.0072661
-0.0066655
-0.006407
-0.006573
-0.0068071
-0.0072224
-0.007253
-0.0066368
-0.0062202
-0.0063519
-0.0066247
-0.0065126
-0.0057947
-0.005489
-0.0053898
-0.0050926
-0.0048835
-0.0048937
-0.0049614
-0.0051034
-0.0055821
-0.0057391
-0.0059293
-0.0060427
-0.0056655
-0.0058079
-0.0063858
-0.0066223
-0.0064566
-0.0063215
-0.00639
-0.0065131
-0.0065654
-0.006869
-0.0072933
-0.0069846
-0.0064427
-0.006359
-0.0066095
-0.0067585
-0.0066827
-0.0065843
-0.006585
-0.0061827
-0.0053866
-0.0050389
-0.004784
-0.0041488
-0.003727
-0.0032845
-0.0021073
-0.00090961
-0.00059676
-0.00034215
0.0007766
0.0020483
0.0028779
0.003383
0.0040054
0.0047795
0.0056858
0.0069074
0.007805
0.0079749
0.0083516
0.0092237
0.010296
0.010908
0.010676
0.0098624
0.0098741
0.010719
0.011353
0.011686
0.011337
0.011167
0.012356
0.013331
0.013634
0.013648
0.013627
0.013686
0.013798
0.014102
0.014885
0.015162
0.014326
0.013559
0.013633
0.014062
0.014179
0.01363
0.012338
0.011098
0.010399
0.0094679
0.0084218
0.0076034
0.0065154
0.0058796
0.0059654
0.0057297
0.0052878
0.0051101
0.0051652
0.004851
0.0045938
0.0049722
0.005377
0.0053624
0.0051489
0.004988
0.0046046
0.0045235
0.0050599
0.0054503
0.0051931
0.0042293
0.0034672
0.0035188
0.0038998
0.003843
0.0029211
0.0020211
0.0018016
0.0014705
0.0010615
0.001518
0.0020814
0.0014645
0.00051376
0.00055344
0.0012238
0.00052348
-0.00083405
-0.0012393
-0.00078405
-0.00043521
-0.00057361
-0.00090247
-0.0013639
-0.0017343
-0.0016335
-0.0014732
-0.0010968
-0.00080524
-0.00084262
-0.0009707
-0.00060084
-0.000119
-0.00047661
-0.0010481
-0.0010989
-0.00038855
0.00052531
0.00031398
-0.00042738
-0.00061387
-0.00071924
-0.00085846
-0.00090283
-0.00089593
-0.00094376
-0.0010371
-0.00098549
-0.00046264
-0.00027964
-0.000783
-0.00077852
-0.00058682
-0.00089973
-0.0012697
-0.0012993
-0.001145
-0.0010848
-0.0011568
-0.0012335
-0.0012364
-0.0011976
-0.0011762
-0.0011855
-0.0012018
-0.0012208
-0.0012571
-0.0015053
-0.002531
-0.0039079
-0.0042385
-0.0034008
-0.0032355
-0.0039748
-0.0045244
-0.0047764
-0.0056016
-0.0068025
-0.0072996
-0.0070561
-0.0071726
-0.0084474
-0.0099547
-0.010347
-0.009517
-0.0083716
-0.0080746
-0.008559
-0.0093831
-0.010076
-0.010081
-0.0097347
-0.0096186
-0.0098034
-0.0099597
-0.0094528
-0.0084478
-0.0079292
-0.0075929
-0.0070888
-0.0068092
-0.0068446
-0.006918
-0.0068365
-0.0066905
-0.0066411
-0.0066884
-0.0067341
-0.0065774
-0.0059758
-0.0059122
-0.0065149
-0.0068823
-0.006729
-0.0064717
-0.0064473
-0.0065766
-0.0066286
-0.0062437
-0.0049172
-0.004102
-0.0039266
-0.0038599
-0.0032901
-0.0016076
-0.00029472
-0.00034829
-0.00092505
-0.00080127
0.00034981
0.0016093
0.0023627
0.0023774
0.002053
0.0016273
0.00070937
-0.00037745
-0.00074168
-0.00046937
-0.00029467
-0.0004807
-0.00031527
0.00052114
0.0014825
0.0021834
0.002302
0.0025111
0.0028367
0.0029869
0.0034849
0.0043168
0.0046139
0.0034355
0.0019708
0.0017264
0.0022472
0.0019332
0.00036055
-0.00097213
-0.0010076
-0.00049799
-0.00087272
-0.0019784
-0.0026293
-0.002854
-0.0026193
-0.0021165
-0.0018194
-0.0013162
-0.00073961
-0.00061266
-0.00079373
-0.0008421
-0.00072714
-0.00064175
-0.00064033
-0.00065524
-0.00068728
-0.00070169
-0.00066486
-0.00064387
-0.00062848
-0.00060515
-0.00037997
0.00011517
0.00013682
3.2625e-05
-0.00036208
-0.00078176
-0.0007991
-0.0002325
0.00098525
0.0017628
0.00081099
-0.00054143
-0.00061672
-0.0003251
-8.7871e-05
4.803e-05
1.6985e-05
0.00039542
0.0012039
0.0020306
0.0022303
0.0020124
0.0018999
0.0019992
0.0022212
0.0029026
0.004182
0.0051163
0.005054
0.0044413
0.0033338
0.0025929
0.0024721
0.002205
0.0014577
0.0011709
0.0010517
0.00069167
0.00029152
-5.5276e-05
0.00059075
0.0011023
0.00076215
0.00050986
0.0009937
0.0010761
0.00058103
0.00046298
0.0010506
0.0013807
0.0015762
0.0017507
0.0018078
0.0017724
0.0020862
0.0025847
0.0022957
0.0016825
0.0015332
0.001783
0.0019609
0.0018939
0.0017255
0.0012314
0.0004507
8.3925e-05
0.00033723
0.0010412
0.0012368
0.00107
0.0013145
0.0016788
0.001801
0.0017114
0.0016144
0.0016295
0.0018394
0.0026959
0.0039534
0.0041894
0.0039511
0.0043019
0.00523
0.005789
0.0063971
0.0062357
0.0050025
0.0043923
0.0051574
0.0054942
0.0049148
0.0047357
0.0055668
0.0059564
0.0050941
0.0042611
0.0046409
0.0055645
0.0054115
0.0045802
0.004251
0.0045613
0.004847
0.0047643
0.0040941
0.0027109
0.0015629
0.0014921
0.0019473
0.0020805
0.0017219
0.00098849
0.00081643
0.0015233
0.0021693
0.002744
0.0038209
0.0047
0.0047481
0.0044382
0.0043882
0.0046127
0.0047901
0.0047716
0.0044813
0.0034323
0.0017986
0.00044708
0.00013186
0.00049128
0.00041673
-0.00038096
-0.00075352
-0.0011606
-0.0024362
-0.003651
-0.0037196
-0.0036574
-0.0039907
-0.0043347
-0.0044051
-0.0043143
-0.0042648
-0.0043017
-0.0043502
-0.0043577
-0.0043672
-0.0044118
-0.0044723
-0.0045243
-0.0045351
-0.0044838
-0.0039554
-0.0030659
-0.0023155
-0.0023898
-0.0030638
-0.0028344
-0.0017797
-0.0012366
-0.0014947
-0.0020129
-0.0027269
-0.0030723
-0.002312
-0.0015226
-0.0020364
-0.0025405
-0.0022893
-0.0024516
-0.0028676
-0.0026341
-0.0028644
-0.00385
-0.0041963
-0.0040026
-0.0034403
-0.0027676
-0.0023702
-0.0025064
-0.0023056
-0.0018347
-0.0016483
-0.0017744
-0.0018643
-0.0018
-0.0017086
-0.0017229
-0.0022158
-0.0026138
-0.0021029
-0.001536
-0.0019827
-0.0026601
-0.0022859
-0.0015513
-0.00097207
-0.0010109
-0.0016838
-0.0020668
-0.0018747
-0.0014897
-0.00086775
-0.00033415
-0.00081491
-0.0017827
-0.0020577
-0.0015609
-0.0007441
-0.00069273
-0.00083523
-0.00054709
-0.00022438
4.0722e-06
0.0006743
0.0013034
0.0013115
0.00104
0.0010068
0.00095816
9.099e-05
-0.00083878
3.6519e-05
0.0017825
0.0028885
0.0028511
0.0023417
0.0022337
0.0029066
0.0040436
0.0052289
0.0065396
0.0071445
0.0069158
0.0062959
0.0052198
0.0041642
0.0035457
0.0035034
0.0036567
0.0031497
0.0025578
0.0024361
0.002173
0.0014358
0.00096794
0.00058833
9.321e-05
0.00017409
-0.00017797
-0.0013836
-0.0020789
-0.0018576
-0.0013823
-0.00088457
-0.00086445
-0.0010943
-0.0012395
-0.0010345
-0.0011176
-0.0016235
-0.0019041
-0.0017966
-0.0016329
-0.0016431
-0.0019058
-0.0028486
-0.0042609
-0.0049263
-0.0044194
-0.003543
-0.0040315
-0.005742
-0.0064908
-0.0053589
-0.0041269
-0.0041321
-0.0047694
-0.0047297
-0.0040587
-0.0040651
-0.0042759
-0.0037452
-0.0027657
-0.0018762
-0.0016456
-0.0018728
-0.001654
-0.00066389
0.00046652
0.0012034
0.0016809
0.0022715
0.0025999
0.002608
0.0030168
0.003924
0.0044095
0.0046722
0.0047849
0.004875
0.0059108
0.0071079
0.0073391
0.0069131
0.0066851
0.0068765
0.0071333
0.007175
0.0070627
0.0069826
0.0068482
0.0063351
0.0061958
0.0059528
0.0048631
0.0038944
0.0036902
0.0031753
0.0018508
0.0008751
0.00090487
0.0012897
0.0010961
-0.00017595
-0.0017369
-0.0022971
-0.0019013
-0.0015368
-0.0016966
-0.0023547
-0.0029243
-0.0028424
-0.0028974
-0.0029057
-0.0026604
-0.0029304
-0.0034292
-0.0035579
-0.0033691
-0.0032634
-0.0038024
-0.0047692
-0.0051527
-0.004884
-0.0046165
-0.0046883
-0.004902
-0.0049859
-0.004919
-0.0048409
-0.0048359
-0.0048743
-0.0048965
-0.004888
-0.0048725
-0.0048693
-0.004876
-0.0047293
-0.0038618
-0.0025768
-0.0023442
-0.002558
-0.0023142
-0.0019101
-0.0015326
-0.00083256
-0.00028773
-7.5485e-05
0.00043489
0.00098442
0.0013682
0.0016738
0.0013528
0.00088907
0.0012225
0.0026486
0.0040631
0.0040044
0.0030624
0.0031302
0.004361
0.0052107
0.0050473
0.0050434
0.0053478
0.0055266
0.0050339
0.0041082
0.0037513
0.0040224
0.0041939
0.0035548
0.0025172
0.0014633
-9.1003e-05
-0.0011166
-0.001107
-0.00057888
-0.00018364
-0.00087527
-0.0019474
-0.0022042
-0.0017832
-0.0014938
-0.0018007
-0.0027592
-0.0035057
-0.0034743
-0.0033546
-0.0038182
-0.0040781
-0.0041435
-0.0039436
-0.0041649
-0.0046874
-0.0046842
-0.0037701
-0.0027172
-0.0019565
-0.0017842
-0.0019778
-0.0020578
-0.0019223
-0.002096
-0.0025292
-0.0022827
-0.0020795
-0.0027441
-0.0030241
-0.0021926
-0.0014702
-0.001554
-0.001946
-0.0020498
-0.0018624
-0.0016697
-0.0011987
-0.00047246
-0.00068998
-0.0017389
-0.002239
-0.0019202
-0.0015306
-0.0013769
-0.00046612
0.00092857
0.0014057
0.001009
0.00069623
0.0010153
0.0020399
0.0028472
0.0028089
0.0024174
0.0021589
0.0018008
0.0018316
0.001905
0.0021631
0.0025768
0.0024687
0.0017697
0.001593
0.001526
0.0014959
0.0018767
0.0017263
0.001122
0.0008633
0.0012787
0.0019999
0.0021219
0.0018445
0.0012495
0.00089714
0.00102
0.001247
0.0012576
0.0011132
0.0010202
0.0010447
0.0011351
0.0016371
0.0024703
0.0028015
0.0025755
0.0024162
0.003458
0.0053582
0.0061321
0.0056163
0.0050854
0.0050941
0.0049474
0.0049066
0.0053653
0.0056042
0.0049019
0.0039877
0.004254
0.0048187
0.0045013
0.0039035
0.0037587
0.0039772
0.0041325
0.0040756
0.003957
0.0039246
0.0039702
0.0040104
0.0041585
0.0046684
0.0046163
0.0044943
0.005552
0.0064232
0.0065053
0.0060336
0.0061958
0.0064085
0.0051537
0.0035111
0.0023883
0.0016045
0.0012643
0.001279
0.0010041
-0.00017775
-0.0016855
-0.0021873
-0.001771
-0.001778
-0.0027619
-0.0035961
-0.0039308
-0.0043553
-0.004679
-0.004681
-0.0042758
-0.0038644
-0.0042704
-0.0048707
-0.0045161
-0.0034319
-0.0029317
-0.0032009
-0.0030783
-0.0021909
-0.0015996
-0.0017099
-0.0020038
-0.0020291
-0.0018516
-0.0017065
-0.0012846
-0.00095375
-0.0010366
-0.001128
-0.00041454
0.00082021
0.00079397
-0.00029853
-0.00077455
3.7173e-05
0.00074598
0.00078242
0.00073715
0.00039547
0.00029944
0.00084333
0.0012828
0.0012198
0.00097489
0.00091204
0.00088612
0.0004594
0.00044732
0.00099003
0.0011613
0.0004899
-2.8245e-05
-0.00082971
-0.0017907
-0.0020375
-0.0017655
-0.0016298
-0.0015776
-0.0016809
-0.0031222
-0.0038872
-0.0029139
-0.0023654
-0.0031997
-0.0043964
-0.0042435
-0.003518
-0.0041591
-0.0059002
-0.0066024
-0.0057696
-0.0057419
-0.0068106
-0.0074
-0.0075664
-0.0076222
-0.0076424
-0.0076716
-0.0077381
-0.0081216
-0.0086213
-0.008938
-0.0091984
-0.0084236
-0.0075002
-0.0074055
-0.0073869
-0.0071769
-0.0069812
-0.0060001
-0.0047456
-0.0040017
-0.0040533
-0.0047539
-0.0046427
-0.0030943
-0.0015692
-0.0013304
-0.0013707
-0.00086469
-0.00035982
-0.00018809
0.00015287
0.00036222
0.00046228
0.00092186
0.0017085
0.0018778
0.0011885
0.00070546
0.0010182
0.0020651
0.0028394
0.0029002
0.003055
0.0029696
0.0025513
0.0023758
0.002534
0.0026892
0.0028064
0.0032213
0.0031118
0.002296
0.0012573
0.00083163
0.0010749
0.0011184
0.00052946
0.00070152
0.002249
0.0039554
0.0044021
0.0038754
0.0035313
0.0037693
0.0041455
0.0042206
0.0037302
0.0031294
0.0030974
0.0025995
0.0014456
0.00082357
0.0013598
0.0021213
0.001309
-0.00044588
-0.0015502
-0.0014177
-0.00084935
-0.00075032
-0.0010796
-0.00224
-0.0030118
-0.0023621
-0.0014932
-0.0014486
-0.0019051
-0.0021409
-0.0019069
-0.0010144
0.0002819
0.00066465
0.00036859
0.00050773
0.00085202
0.00050289
-0.00039112
-0.0010315
0.00018064
0.0024989
0.0031633
0.0016856
-2.5268e-06
-0.00096582
-0.00014795
0.001402
0.0017749
0.001085
0.00056458
0.00057549
0.00029411
-0.00025306
-0.00070096
-0.0013605
-0.0018741
-0.0019023
-0.0017301
-0.0017075
-0.0018364
-0.0019344
-0.0019216
-0.001864
-0.001847
-0.0021138
-0.0031394
-0.0040324
-0.003269
-0.0022472
-0.0018038
-0.0018804
-0.0020838
-0.0020878
-0.0019254
-0.0018046
-0.0018136
-0.001878
-0.0019063
-0.0018878
-0.0018641
-0.0018621
-0.0018735
-0.0018806
-0.0018604
-0.0015104
-0.0010326
-0.0010089
-0.0008284
-0.00090735
-0.001636
-0.0021186
-0.0019804
-0.0016962
-0.0016797
-0.001856
-0.0019682
-0.0019359
-0.0018904
-0.0023528
-0.0032369
-0.0036425
-0.0038675
-0.004425
-0.0044194
-0.0040539
-0.0043754
-0.0048865
-0.0049775
-0.0048609
-0.0052447
-0.005497
-0.0050301
-0.0045816
-0.0047132
-0.005467
-0.0057284
-0.0051339
-0.0050683
-0.0053455
-0.0051089
-0.004733
-0.0046693
-0.004815
-0.004891
-0.004832
-0.004754
-0.0047437
-0.0047798
-0.004804
-0.0047975
-0.0046403
-0.0039684
-0.0031519
-0.0025224
-0.0026332
-0.002662
-0.0021655
-0.0016258
-0.0011166
-0.0012963
-0.0019863
-0.0022727
-0.0020079
-0.0017617
-0.001827
-0.0020048
-0.0018285
-0.00097959
-0.00029865
-0.00033194
-0.00041426
6.9828e-05
0.00031645
0.00036077
0.00017109
0.00045185
0.0010116
0.0012008
0.0012558
0.0016531
0.0015334
0.00099576
0.0012944
0.0027043
0.0028336
0.0013467
0.00067032
0.0017909
0.0032839
0.0040787
0.0039705
0.0035996
0.0035703
0.0038362
0.0040506
0.0043513
0.0046686
0.0042899
0.0034012
0.0028662
0.0034551
0.004216
0.0042567
0.0038605
0.0036606
0.0037924
0.0039774
0.0040062
0.0039244
0.0038896
0.0043127
0.0047274
0.004282
0.0037092
0.0036776
0.00396
0.0040918
0.0039876
0.0038552
0.0038398
0.0039012
0.0039405
0.0039284
0.0039017
0.0038944
0.0039045
0.0039133
0.0039123
0.0039071
0.0039049
0.0039063
0.003908
0.0038802
0.0034273
0.002628
0.0022996
0.0025119
0.0027264
0.0026617
0.0024818
0.0024123
0.0023784
0.0019354
0.0017519
0.0022926
0.0028289
0.0032258
0.0032195
0.0031795
0.0036031
0.0039904
0.0040016
0.003934
0.0043934
0.0047443
0.0047196
0.0045064
0.004492
0.0044879
0.004111
0.0038147
0.0038477
0.0039876
0.0037783
0.0023558
0.00081639
0.00060162
0.0011635
0.0013893
0.00095071
-4.1849e-05
-0.0007421
-0.00066322
-0.00030589
-0.00023359
-0.00029391
0.00021904
0.00095256
0.0010132
7.6982e-05
-0.00064133
9.3114e-05
0.0012467
0.0012295
-5.4706e-05
-0.00097366
-0.00051211
0.00081838
0.0015128
0.0011802
0.00068497
0.00067304
0.00097355
0.0011533
0.0011084
0.0010363
0.0010455
0.0010913
0.0011133
0.0011053
0.001111
0.0014919
0.0026663
0.0036306
0.0034973
0.0033694
0.0033829
0.00328
0.0036346
0.0041033
0.0041541
0.0036263
0.0030855
0.0034755
0.0041613
0.0043267
0.0044855
0.0046904
0.00475
0.005182
0.0056019
0.0060677
0.0063083
0.0061843
0.0060688
0.0061574
0.0067374
0.0066835
0.0057692
0.0055964
0.0060944
0.0060794
0.0060854
0.0059741
0.0050597
0.0044753
0.0044706
0.0042717
0.0039822
0.0038794
0.0039243
0.0039554
0.0039228
0.0037907
0.0031857
0.0023271
0.001526
0.00085002
0.00027262
0.00041417
0.001011
0.0012002
0.0009313
0.00055091
-0.00011286
-0.00081946
-0.0015478
-0.0018819
-0.0011915
-0.00033889
-0.00012938
-0.00014539
-0.00088132
-0.0015352
-0.0016187
-0.00097353
-0.00062146
-0.0014375
-0.0023566
-0.0019728
-0.00048641
-0.00039768
-0.0013154
-0.0019373
-0.001613
-0.0014734
-0.0018782
-0.002211
-0.0021905
-0.0020434
-0.0020105
-0.002086
-0.0021457
-0.0021368
-0.0021007
-0.0020868
-0.0020986
-0.0021118
-0.0021123
-0.0021057
-0.0021021
-0.0021204
-0.0024455
-0.0028747
-0.0025585
-0.0019806
-0.0018824
-0.0024949
-0.0034578
-0.0034312
-0.002301
-0.0016101
-0.0018788
-0.0023522
-0.0024006
-0.0021422
-0.0019715
-0.0020152
-0.0020974
-0.0021044
-0.0020642
-0.0020073
-0.0019861
-0.0020025
-0.0020191
-0.0020163
-0.002034
-0.0024831
-0.002893
-0.0028875
-0.0031012
-0.0033807
-0.0034479
-0.0033722
-0.0033351
-0.0032872
-0.002737
-0.001954
-0.0017156
-0.0018664
-0.0015392
-0.0012021
-0.0010483
-0.00075003
-0.00095547
-0.0011526
-0.00070307
-0.00024808
-0.0002505
-0.00046918
-0.00044142
0.00014114
0.00028437
-0.00026109
-0.00079902
-0.0012535
-0.0011652
-0.0011972
-0.0016773
-0.0018655
-0.0011309
-0.00098159
-0.0016418
-0.002095
-0.0020932
-0.0023574
-0.0023205
-0.0019833
-0.0024401
-0.0033037
-0.0033941
-0.0025691
-0.0024438
-0.0033568
-0.0043156
-0.0040165
-0.0033347
-0.003573
-0.0039972
-0.0044223
-0.0044881
-0.0039449
-0.0037446
-0.0038229
-0.0040833
-0.0040362
-0.0042029
-0.0045855
-0.0047258
-0.0045953
-0.0042104
-0.0037579
-0.0037775
-0.0039592
-0.0040795
-0.003973
-0.0042324
-0.0039612
-0.0024676
-0.0013612
-0.0011681
-0.00090982
-0.0004824
8.4958e-05
0.00089013
0.001336
0.0012365
0.0010333
0.0010559
0.0012352
0.0016648
0.002105
0.0021171
0.0019543
0.0017975
0.0022623
0.0028554
0.0034021
0.0040054
0.0042588
0.0045722
0.0048598
0.0048916
0.0048162
0.0043483
0.0040176
0.0041159
0.0047373
0.0051089
0.004494
0.0038449
0.003829
0.0037502
0.0035412
0.0038624
0.0042065
0.0037207
0.0026444
0.0017992
0.0018651
0.00256
0.0024437
0.001893
0.0016045
0.0018669
0.0024455
0.0022456
0.0017798
0.0015279
0.0012421
0.0011005
0.0012355
0.0017833
0.0019258
0.0012981
0.00081595
0.001006
0.0018745
0.0025843
0.0021181
0.001648
0.0021153
0.0028479
0.0035663
0.0038308
0.0032288
0.0029034
0.0030191
0.0035052
0.0041408
0.0047146
0.0044774
0.0037451
0.0032069
0.002172
0.0011025
0.0010229
0.0018948
0.0020514
0.0012081
0.00061618
0.0007417
0.001084
0.001197
0.0010731
0.00093201
0.0011032
0.0018672
0.0024843
0.0026527
0.0030396
0.0035007
0.003601
0.0031424
0.0020377
0.001254
0.0017768
0.002894
0.0033919
0.0029715
0.0028865
0.0029929
0.0025457
0.0020527
0.0019977
0.0017917
0.0010561
0.00057056
0.00064792
0.0008676
0.0008695
0.00071406
0.00061541
0.00063797
0.00069476
0.00067424
0.00019641
-0.00062905
-0.0014286
-0.0019183
-0.0019229
-0.0016828
-0.0012333
-0.0012149
-0.0018287
-0.0022273
-0.002003
-0.0012929
-0.0011501
-0.0017787
-0.0022206
-0.0020942
-0.0018056
-0.0016099
-0.0011086
-0.0007104
-0.0011241
-0.0014482
-0.001451
-0.001184
-0.001326
-0.0016176
-0.0013548
-0.0011588
-0.00089111
-0.00058772
-0.00052269
-0.00062223
-0.00066907
-0.00061173
-0.00055906
-0.00084396
-0.0015209
-0.001649
-0.0011498
-0.00092142
-0.0010496
-0.0015666
-0.0019306
-0.0018398
-0.0013476
-0.00094013
-0.0013193
-0.0018928
-0.0019493
-0.0012992
-0.00046531
-0.00024168
-0.00014633
0.00035941
0.00075646
0.00075275
0.00060629
0.00058526
0.00067003
0.00069698
0.00063207
0.00050116
3.3703e-05
-0.00062431
-0.0012711
-0.0016519
-0.0012847
-0.0010008
-0.0014464
-0.0019032
-0.0018789
-0.0016414
-0.0015832
-0.0016984
-0.0017537
-0.0016937
-0.0016263
-0.0017377
-0.002329
-0.0029088
-0.0031342
-0.0033137
-0.00307
-0.0026513
-0.0023803
-0.0019367
-0.0015536
-0.0015112
-0.0016223
-0.0016309
-0.0015297
-0.0014494
-0.0014495
-0.0014832
-0.0014925
-0.0014715
-0.0014478
-0.0014382
-0.0014372
-0.0014331
-0.0014241
-0.0014348
-0.0014691
-0.0014815
-0.0014628
-0.001441
-0.0014339
-0.0014342
-0.0014515
-0.0017741
-0.002003
-0.0016184
-0.001213
-0.0012181
-0.0014186
-0.0014196
-0.00088156
-0.00014282
0.00042908
0.00073045
0.00072174
0.00063306
0.00076958
0.0012803
0.0013346
0.00084288
0.00053567
0.00064482
0.00084115
0.00085644
0.00074293
0.00077482
0.0012906
0.0016679
0.001337
0.0012291
0.0015861
0.0018547
0.0019618
0.002177
0.0018492
0.0012387
0.0017763
0.0027919
0.0030319
0.0026127
0.0023079
0.0023994
0.0026064
0.0026477
0.0025384
0.0024378
0.0024202
0.0024401
0.0024359
0.0024
0.0023606
0.0023161
0.0019806
0.0014005
0.0011517
0.0012835
0.0013985
0.0010424
0.00066345
0.00099019
0.0016605
0.0014232
0.00040138
0.00017933
0.00063139
0.0010153
0.0011337
0.00069298
7.377e-05
-7.5203e-05
0.00015959
0.00031834
0.00023637
8.6629e-05
4.017e-05
8.6575e-05
4.0327e-05
-0.0003786
-0.00081752
-0.00096343
-0.0012256
-0.0015825
-0.0017021
-0.0016142
-0.0015462
-0.0015814
-0.0016359
-0.0015001
-0.0011358
-0.0010693
-0.0011253
-0.0011025
-0.00046655
1.2975e-05
-0.00057465
-0.0015803
-0.0016964
-0.0010644
-0.00074348
-0.00052989
-0.00030086
-0.00029537
-0.00016075
6.782e-05
0.00015561
0.00010268
4.8768e-05
5.8325e-05
7.594e-05
-0.00016646
-0.00062308
-0.00081602
-0.00069717
-0.00058744
-0.00086427
-0.0011602
-0.00092205
-0.00057666
-0.000538
-0.00074199
-0.0010919
-0.001132
-0.00070341
-0.0001929
-0.00018208
-0.0006323
-0.00088797
-0.00081314
-0.00086341
-0.00093349
-0.0010911
-0.0013209
-0.0014027
-0.001354
-0.0013125
-0.0013265
-0.0013549
-0.001356
-0.0013328
-0.0013099
-0.001299
-0.001294
-0.0012826
-0.0011546
-0.00087545
-0.00083456
-0.00076639
-0.00058464
-0.00049177
-0.00063243
-0.0010405
-0.0013102
-0.0012449
-0.0010859
-0.0010534
-0.00097713
-0.00082206
-0.00095395
-0.0011834
-0.001213
-0.0010944
-0.0010189
-0.0010419
-0.0010863
-0.0010863
-0.0010511
-0.0010208
-0.0010113
-0.0010098
-0.0010015
-0.00098571
-0.0009697
-0.00099474
-0.0011924
-0.0012538
-0.00096742
-0.00056002
-0.00051233
-0.00084462
-0.0010452
-0.00094426
-0.00077809
-0.00074518
-0.00081058
-0.0008517
-0.00082705
-0.00078106
-0.00081423
-0.0010199
-0.0010826
-0.001111
-0.0011994
-0.0011541
-0.00084355
-0.00059005
-0.00060019
-0.0007087
-0.00072197
-0.00064333
-0.0005774
-0.00057055
-0.00058142
-0.00056486
-0.00053407
-0.00051479
-0.00050839
-0.00050248
-0.00049081
-0.00048571
-0.00061156
-0.00072012
-0.00069036
-0.00061314
-0.00045862
-0.00049712
-0.00062657
-0.0005202
-0.00034018
-0.00029355
-0.00034811
-0.0003571
-0.00020243
-0.00012508
-0.00024181
-0.00018724
0.00015911
0.00035643
0.00029512
0.00015379
0.00016585
0.00015903
-7.1414e-05
-0.00025714
-0.00014135
-4.6142e-05
-0.00011763
-8.3685e-05
6.4796e-05
0.00018986
0.00032777
0.00041566
0.0004071
0.00036961
0.0003675
0.00043895
0.00061093
0.00078491
0.00090013
0.00090895
0.0008553
0.00076631
0.0006963
0.00076491
0.00085126
0.00077944
0.00057392
0.00045007
0.00039592
0.00030789
0.00024485
0.00023806
0.00024675
0.0002375
0.00021716
0.00020464
0.00020351
0.0002045
0.00018754
0.00010719
6.3287e-05
4.7292e-05
-7.258e-05
-0.00020992
-0.00023318
-0.00018
-0.00014912
-0.00016455
-0.00018601
-0.00018328
-0.00016414
-0.00014896
-0.00012782
-5.0399e-05
2.7561e-05
5.8615e-05
0.00011536
0.00017596
0.00018716
0.00016833
0.00020456
0.0003395
0.00038587
0.00028944
0.00015307
0.00012703
0.0002364
0.00032262
0.00030034
0.00023803
0.00021512
0.00023177
0.00024471
0.00020934
0.00015595
0.00017154
0.00021568
0.00022214
0.00019589
0.00017686
0.00020426
0.00023099
0.00019102
0.00011231
7.9347e-05
0.00012404
0.00013295
7.1575e-05
2.9618e-05
6.3097e-05
9.1083e-05
3.2247e-05
-4.5954e-05
-6.0433e-05
-3.5275e-05
-4.7496e-05
-8.963e-05
-0.00010721
-0.00010056
-0.00010939
-0.00010572
-8.7259e-05
-0.00010755
-0.00016631
-0.00019813
-0.00018035
-0.00015131
-0.00014247
-0.00015588
-0.00017506
-0.00016582
-0.00014751
-0.00012348
-0.00010389
-9.7774e-05
-9.6698e-05
-9.075e-05
-7.9707e-05
-6.0004e-05
-3.1788e-05
-1.5526e-05
-1.5513e-05
-1.7957e-05
-1.2985e-05
4.5316e-06
2.9631e-05
4.2048e-05
3.8662e-05
3.4976e-05
4.7593e-05
6.2138e-05
6.5612e-05
7.8933e-05
9.8562e-05
0.00010556
0.00010723
0.00010633
0.00010087
0.00010709
0.00012802
0.00014226
0.00013829
0.00012661
0.00011413
0.00010557
0.00010655
0.00011681
0.00012356
0.00011966
0.00011205
0.00010887
0.00010945
0.00010935
0.00010709
0.00010416
0.000102
0.00010059
9.7386e-05
9.1561e-05
8.9697e-05
8.7608e-05
8.2392e-05
7.5084e-05
7.1105e-05
6.9619e-05
6.4276e-05
5.703e-05
5.4904e-05
5.759e-05
5.8536e-05
5.5212e-05
5.469e-05
5.771e-05
5.6563e-05
5.433e-05
5.5232e-05
5.6396e-05
5.8866e-05
6.1439e-05
6.2747e-05
6.4951e-05
6.7137e-05
6.8063e-05
6.732e-05
6.8049e-05
7.2389e-05
7.6539e-05
7.7357e-05
7.6716e-05
7.8109e-05
8.0692e-05
8.2142e-05
8.3126e-05
8.3927e-05
8.4117e-05
8.4195e-05
8.521e-05
8.6501e-05
8.7163e-05
8.6641e-05
8.6398e-05
8.6679e-05
8.6658e-05
8.5978e-05
8.5003e-05
8.5132e-05
8.6226e-05
8.6879e-05
8.6477e-05
8.5069e-05
8.3934e-05
8.382e-05
8.3755e-05
8.3499e-05
8.32e-05
8.267e-05
8.2205e-05
8.1986e-05
8.1875e-05
8.169e-05
8.1421e-05
8.117e-05
8.0969e-05
8.0783e-05
8.0426e-05
7.988e-05
7.9612e-05
7.9683e-05
7.9672e-05
7.9348e-05
7.8953e-05
7.8772e-05
7.874e-05
7.8668e-05
7.8497e-05
7.8302e-05
7.814e-05
7.7998e-05
7.7846e-05
7.7671e-05
7.7488e-05
7.729e-05
7.7073e-05
7.6871e-05
7.6629e-05
7.641e-05
7.6272e-05
7.61e-05
7.5856e-05
7.5602e-05
7.5371e-05
7.5138e-05
7.488e-05
7.4618e-05
7.4364e-05
7.4108e-05
7.3842e-05
7.3578e-05
7.3314e-05
7.3025e-05
7.2707e-05
7.238e-05
7.2065e-05
7.1759e-05
7.144e-05
7.1104e-05
7.0761e-05
7.0417e-05
7.007e-05
6.9715e-05
6.9353e-05
6.8984e-05
6.8609e-05
6.8229e-05
6.7843e-05
6.7451e-05
6.7053e-05
6.665e-05
6.624e-05
6.5825e-05
6.5404e-05
6.4977e-05
6.4546e-05
6.4108e-05
6.3666e-05
6.3218e-05
6.2764e-05
6.2306e-05
6.1842e-05
6.1373e-05
6.0899e-05
6.042e-05
5.9935e-05
5.9446e-05
5.8952e-05
5.8452e-05
5.7948e-05
5.7439e-05
5.6925e-05
5.6406e-05
5.5883e-05
5.5355e-05
5.4822e-05
5.4285e-05
5.3742e-05
5.3196e-05
5.2645e-05
5.2089e-05
