2.146282E-03
2.138723E-03
2.131162E-03
2.123628E-03
2.116074E-03
2.108502E-03
2.100945E-03
2.093458E-03
2.086011E-03
2.078516E-03
2.070976E-03
2.063561E-03
2.056247E-03
2.048959E-03
2.041499E-03
2.034108E-03
2.027069E-03
2.020012E-03
2.012615E-03
2.004876E-03
1.997114E-03
1.989646E-03
1.982366E-03
1.975153E-03
1.967819E-03
1.960151E-03
1.952610E-03
1.946056E-03
1.939383E-03
1.931367E-03
1.923394E-03
1.916990E-03
1.910617E-03
1.902907E-03
1.895441E-03
1.889559E-03
1.884565E-03
1.879108E-03
1.872066E-03
1.864001E-03
1.856058E-03
1.848073E-03
1.839932E-03
1.831688E-03
1.824149E-03
1.816556E-03
1.808076E-03
1.799819E-03
1.792450E-03
1.787383E-03
1.784046E-03
1.777774E-03
1.769308E-03
1.763109E-03
1.758843E-03
1.754289E-03
1.746148E-03
1.736981E-03
1.731132E-03
1.724530E-03
1.718620E-03
1.713271E-03
1.702576E-03
1.689115E-03
1.679422E-03
1.670991E-03
1.662549E-03
1.658933E-03
1.656978E-03
1.650040E-03
1.640433E-03
1.634672E-03
1.632142E-03
1.631067E-03
1.625824E-03
1.616889E-03
1.612082E-03
1.606798E-03
1.602524E-03
1.602320E-03
1.603122E-03
1.595466E-03
1.582342E-03
1.566503E-03
1.548944E-03
1.538527E-03
1.529544E-03
1.520499E-03
1.515427E-03
1.514594E-03
1.513882E-03
1.509353E-03
1.499041E-03
1.492357E-03
1.491376E-03
1.488176E-03
1.485088E-03
1.482421E-03
1.472441E-03
1.458324E-03
1.450844E-03
1.456382E-03
1.459920E-03
1.448490E-03
1.418680E-03
1.385167E-03
1.371838E-03
1.382009E-03
1.391585E-03
1.391785E-03
1.390501E-03
1.386856E-03
1.385276E-03
1.388219E-03
1.383020E-03
1.366584E-03
1.350516E-03
1.345684E-03
1.353007E-03
1.350768E-03
1.346123E-03
1.350092E-03
1.334464E-03
1.304422E-03
1.289933E-03
1.281843E-03
1.259985E-03
1.236658E-03
1.236340E-03
1.247702E-03
1.240454E-03
1.230100E-03
1.236234E-03
1.253915E-03
1.273504E-03
1.277227E-03
1.250491E-03
1.224566E-03
1.231699E-03
1.242721E-03
1.238579E-03
1.217420E-03
1.187211E-03
1.171516E-03
1.160112E-03
1.140369E-03
1.132668E-03
1.143329E-03
1.147830E-03
1.125113E-03
1.085844E-03
1.079264E-03
1.110809E-03
1.133336E-03
1.131507E-03
1.130125E-03
1.132109E-03
1.118287E-03
1.103328E-03
1.104395E-03
1.115406E-03
1.117153E-03
1.111089E-03
1.105118E-03
1.093135E-03
1.072425E-03
1.052526E-03
1.031929E-03
1.010527E-03
9.887033E-04
9.817602E-04
9.840329E-04
9.868737E-04
9.990635E-04
9.980584E-04
9.890165E-04
9.900509E-04
1.014986E-03
1.025189E-03
1.006665E-03
9.936154E-04
1.003273E-03
9.796302E-04
9.138247E-04
8.888565E-04
9.084199E-04
9.080937E-04
8.777350E-04
8.573345E-04
8.628844E-04
8.795441E-04
8.822901E-04
8.750224E-04
8.683215E-04
8.595414E-04
8.509065E-04
8.649710E-04
9.018448E-04
9.169191E-04
9.090955E-04
8.997791E-04
8.927195E-04
8.893969E-04
8.914127E-04
8.783439E-04
8.160116E-04
7.406665E-04
7.257046E-04
7.396048E-04
7.397930E-04
7.173411E-04
6.818544E-04
6.740101E-04
7.063119E-04
7.458034E-04
7.581699E-04
7.607720E-04
7.892023E-04
7.947731E-04
7.760792E-04
7.786144E-04
7.844250E-04
7.832761E-04
7.828419E-04
7.634357E-04
7.030266E-04
6.603136E-04
6.882664E-04
7.000207E-04
6.535035E-04
6.159832E-04
6.251295E-04
6.347862E-04
6.303711E-04
6.357430E-04
6.390929E-04
6.180518E-04
6.249033E-04
6.609088E-04
6.578232E-04
6.345602E-04
6.201488E-04
6.195449E-04
6.441545E-04
6.631666E-04
6.320486E-04
6.162328E-04
5.974742E-04
5.219005E-04
4.744251E-04
4.841523E-04
4.965591E-04
4.877540E-04
5.062157E-04
5.386692E-04
5.496538E-04
5.689728E-04
5.890961E-04
5.696841E-04
5.643255E-04
5.572694E-04
5.254703E-04
5.048352E-04
4.974583E-04
4.828274E-04
4.679613E-04
4.488989E-04
3.810113E-04
3.261298E-04
3.355552E-04
3.683160E-04
3.937995E-04
3.841757E-04
3.580444E-04
3.489000E-04
3.455631E-04
3.682996E-04
3.884783E-04
3.991128E-04
4.381860E-04
4.453490E-04
4.208378E-04
4.255274E-04
4.397811E-04
4.414034E-04
4.185939E-04
3.623827E-04
3.100151E-04
2.944033E-04
2.816871E-04
2.413789E-04
1.967450E-04
1.891655E-04
2.386126E-04
2.703015E-04
2.577308E-04
2.247375E-04
2.177865E-04
2.645760E-04
2.917864E-04
2.935367E-04
3.103291E-04
3.457743E-04
3.826839E-04
3.419921E-04
2.256844E-04
1.661790E-04
1.897182E-04
2.283055E-04
2.048030E-04
1.446658E-04
1.183667E-04
9.370420E-05
9.269080E-05
1.401071E-04
1.671974E-04
1.343898E-04
1.228568E-04
1.712674E-04
2.040534E-04
1.767030E-04
1.571037E-04
1.704081E-04
1.948756E-04
2.081248E-04
1.289022E-04
3.710747E-05
1.777728E-05
7.472452E-07
-2.465883E-05
-1.655895E-05
3.187057E-05
5.896385E-05
3.655476E-05
2.724631E-05
1.472550E-05
-2.694488E-05
-7.328434E-06
3.992554E-05
7.698328E-06
-4.491756E-05
2.180396E-05
1.130351E-04
8.925383E-05
1.913487E-05
-6.941389E-06
-1.752335E-05
-5.110372E-05
-9.458431E-05
-1.490560E-04
-1.861478E-04
-1.989988E-04
-2.087748E-04
-1.554110E-04
-7.217033E-05
-8.375679E-05
-1.531634E-04
-1.470621E-04
-9.929302E-05
-8.326306E-05
-6.176555E-05
-3.459100E-05
-5.716181E-05
-8.246009E-05
-1.081606E-04
-1.261916E-04
-1.422788E-04
-1.774392E-04
-2.374137E-04
-3.145415E-04
-3.344064E-04
-3.051225E-04
-2.909918E-04
-2.781673E-04
-2.560160E-04
-2.721650E-04
-2.833921E-04
-2.123464E-04
-1.481120E-04
-1.827648E-04
-2.321138E-04
-1.796810E-04
-1.446671E-04
-2.086191E-04
-2.437491E-04
-2.066492E-04
-1.831507E-04
-2.257223E-04
-3.046623E-04
-3.441584E-04
-3.749899E-04
-4.135285E-04
-4.238255E-04
-4.314407E-04
-3.970042E-04
-3.598830E-04
-3.525351E-04
-3.319324E-04
-2.668110E-04
-2.405440E-04
-2.502122E-04
-2.627247E-04
-2.612975E-04
-2.819136E-04
-3.270810E-04
-3.696598E-04
-3.668698E-04
-3.495992E-04
-3.920749E-04
-4.502429E-04
-4.666452E-04
-4.861509E-04
-5.492199E-04
-5.767202E-04
-5.200329E-04
-4.836969E-04
-5.209173E-04
-5.632441E-04
-5.070321E-04
-3.973866E-04
-3.932564E-04
-4.837946E-04
-4.781001E-04
-4.170651E-04
-4.322694E-04
-4.843170E-04
-5.339251E-04
-5.282535E-04
-5.068854E-04
-5.297816E-04
-5.965683E-04
-6.364893E-04
-6.152497E-04
-6.143416E-04
-6.624858E-04
-6.944635E-04
-6.653436E-04
-5.985171E-04
-5.671080E-04
-5.609174E-04
-5.744322E-04
-6.155744E-04
-6.163911E-04
-6.061172E-04
-6.290878E-04
-6.509878E-04
-6.360032E-04
-6.571152E-04
-7.197905E-04
-7.303164E-04
-6.987787E-04
-6.647154E-04
-6.538837E-04
-6.626604E-04
-6.909126E-04
-7.278943E-04
-7.300975E-04
-7.332041E-04
-7.767903E-04
-7.883520E-04
-7.605391E-04
-7.132178E-04
-6.733029E-04
-6.469656E-04
-6.178048E-04
-6.236655E-04
-6.780107E-04
-7.360515E-04
-7.886558E-04
-8.451636E-04
-8.664379E-04
-8.653658E-04
-8.491482E-04
-8.728372E-04
-9.203857E-04
-9.168818E-04
-8.860964E-04
-8.155766E-04
-7.629814E-04
-7.735037E-04
-7.777585E-04
-7.490960E-04
-7.931070E-04
-8.535076E-04
-8.201198E-04
-7.968876E-04
-8.543269E-04
-9.244559E-04
-9.422964E-04
-9.218216E-04
-9.230403E-04
-9.652577E-04
-9.805737E-04
-9.872052E-04
-9.678654E-04
-9.063842E-04
-9.146027E-04
-9.442177E-04
-9.212874E-04
-9.032967E-04
-8.896737E-04
-8.988633E-04
-9.261255E-04
-9.361164E-04
-9.260400E-04
-8.771262E-04
-8.447980E-04
-8.496115E-04
-8.926937E-04
-9.637985E-04
-1.014822E-03
-1.068505E-03
-1.124788E-03
-1.145668E-03
-1.129727E-03
-1.114618E-03
-1.126944E-03
-1.123041E-03
-1.093760E-03
-1.043746E-03
-1.019108E-03
-1.035547E-03
-1.027512E-03
-9.899340E-04
-9.717193E-04
-1.025872E-03
-1.090260E-03
-1.065987E-03
-1.016260E-03
-1.093638E-03
-1.238195E-03
-1.282250E-03
-1.200061E-03
-1.138821E-03
-1.170132E-03
-1.226440E-03
-1.249815E-03
-1.212791E-03
-1.178980E-03
-1.188948E-03
-1.202147E-03
-1.208514E-03
-1.190966E-03
-1.182594E-03
-1.195295E-03
-1.187062E-03
-1.136534E-03
-1.102627E-03
-1.139495E-03
-1.202275E-03
-1.263029E-03
-1.312672E-03
-1.306063E-03
-1.308687E-03
-1.370464E-03
-1.415710E-03
-1.383159E-03
-1.336307E-03
-1.327328E-03
-1.301447E-03
-1.255523E-03
-1.268083E-03
-1.294513E-03
-1.264553E-03
-1.226846E-03
-1.269335E-03
-1.319012E-03
-1.323907E-03
-1.301203E-03
-1.298568E-03
-1.355170E-03
-1.429313E-03
-1.505760E-03
-1.544082E-03
-1.530209E-03
-1.478104E-03
-1.433389E-03
-1.428783E-03
-1.427320E-03
-1.397529E-03
-1.360861E-03
-1.351599E-03
-1.400122E-03
-1.429455E-03
-1.383742E-03
-1.332259E-03
-1.298172E-03
-1.300783E-03
-1.361551E-03
-1.460654E-03
-1.525425E-03
-1.501327E-03
-1.506504E-03
-1.583580E-03
-1.575177E-03
-1.520653E-03
-1.538729E-03
-1.568893E-03
-1.579653E-03
-1.565657E-03
-1.553931E-03
-1.526757E-03
-1.485591E-03
-1.476477E-03
-1.459835E-03
-1.447126E-03
-1.489390E-03
-1.556757E-03
-1.555584E-03
-1.510932E-03
-1.524347E-03
-1.630316E-03
-1.709993E-03
-1.694335E-03
-1.631263E-03
-1.621221E-03
-1.634442E-03
-1.660192E-03
-1.657297E-03
-1.664358E-03
-1.705944E-03
-1.705781E-03
-1.655070E-03
-1.598421E-03
-1.556754E-03
-1.606755E-03
-1.648339E-03
-1.616333E-03
-1.614868E-03
-1.641572E-03
-1.651025E-03
-1.642159E-03
-1.657997E-03
-1.740224E-03
-1.824303E-03
-1.804522E-03
-1.727819E-03
-1.702590E-03
-1.738623E-03
-1.725933E-03
-1.668774E-03
-1.692726E-03
-1.765389E-03
-1.761342E-03
-1.668203E-03
-1.597090E-03
-1.607762E-03
-1.655386E-03
-1.691269E-03
-1.727641E-03
-1.766516E-03
-1.785996E-03
-1.767638E-03
-1.771658E-03
-1.812826E-03
-1.833102E-03
-1.834859E-03
-1.859471E-03
-1.887724E-03
-1.853502E-03
-1.799680E-03
-1.808422E-03
-1.857976E-03
-1.852854E-03
-1.799042E-03
-1.765967E-03
-1.745360E-03
-1.755286E-03
-1.751308E-03
-1.741734E-03
-1.799975E-03
-1.853734E-03
-1.834718E-03
-1.864250E-03
-1.953391E-03
-2.012163E-03
-2.047643E-03
-2.069302E-03
-2.059491E-03
-1.995913E-03
-1.928694E-03
-1.907886E-03
-1.892907E-03
-1.867554E-03
-1.795068E-03
-1.750189E-03
-1.793778E-03
-1.839668E-03
-1.840130E-03
-1.854499E-03
-1.890115E-03
-1.928215E-03
-1.963282E-03
-2.015692E-03
-2.065415E-03
-2.089220E-03
-2.115308E-03
-2.117914E-03
-2.048527E-03
-2.002263E-03
-2.031617E-03
-2.043010E-03
-2.007645E-03
-2.004551E-03
-2.051703E-03
-2.085071E-03
-2.058121E-03
-1.981460E-03
-1.927131E-03
-1.949607E-03
-2.053597E-03
-2.129757E-03
-2.137720E-03
-2.111852E-03
-2.141869E-03
-2.205127E-03
-2.174169E-03
-2.104212E-03
-2.107200E-03
-2.120651E-03
-2.107965E-03
-2.112382E-03
-2.125226E-03
-2.115797E-03
-2.044438E-03
-1.998069E-03
-2.027935E-03
-2.042529E-03
-2.007246E-03
-1.983687E-03
-2.017571E-03
-2.098168E-03
-2.173914E-03
-2.219741E-03
-2.210815E-03
-2.231081E-03
-2.307165E-03
-2.334503E-03
-2.302905E-03
-2.269010E-03
-2.227609E-03
-2.184689E-03
-2.156427E-03
-2.144111E-03
-2.154714E-03
-2.163314E-03
-2.165086E-03
-2.142660E-03
-2.151092E-03
-2.213380E-03
-2.238241E-03
-2.185199E-03
-2.160788E-03
-2.187091E-03
-2.229308E-03
-2.279871E-03
-2.297733E-03
-2.342285E-03
-2.359693E-03
-2.309585E-03
-2.276265E-03
-2.303459E-03
-2.314435E-03
-2.284187E-03
-2.268246E-03
-2.262133E-03
-2.238369E-03
-2.204609E-03
-2.171705E-03
-2.180683E-03
-2.222473E-03
-2.240449E-03
-2.250349E-03
-2.302103E-03
-2.383931E-03
-2.437440E-03
-2.414084E-03
-2.379873E-03
-2.411179E-03
-2.414632E-03
-2.362783E-03
-2.347562E-03
-2.414864E-03
-2.420547E-03
-2.364279E-03
-2.362137E-03
-2.414782E-03
-2.428778E-03
-2.371814E-03
-2.313595E-03
-2.323367E-03
-2.385705E-03
-2.421577E-03
-2.430987E-03
-2.484795E-03
-2.547081E-03
-2.566823E-03
-2.526113E-03
-2.499369E-03
-2.525160E-03
-2.511822E-03
-2.464339E-03
-2.486712E-03
-2.514433E-03
-2.471307E-03
-2.436116E-03
-2.423942E-03
-2.403172E-03
-2.390308E-03
-2.376188E-03
-2.362951E-03
-2.381287E-03
-2.414894E-03
-2.467984E-03
-2.539433E-03
-2.597011E-03
-2.609794E-03
-2.588829E-03
-2.590265E-03
-2.635849E-03
-2.645822E-03
-2.615026E-03
-2.563903E-03
-2.520935E-03
-2.498096E-03
-2.471492E-03
-2.442756E-03
-2.424946E-03
-2.442961E-03
-2.485701E-03
-2.547311E-03
-2.568029E-03
-2.513525E-03
-2.474253E-03
-2.490595E-03
-2.551902E-03
-2.629781E-03
-2.681767E-03
-2.664421E-03
-2.624011E-03
-2.627453E-03
-2.639078E-03
-2.666880E-03
-2.649996E-03
-2.602360E-03
-2.584839E-03
-2.581022E-03
-2.576044E-03
-2.560390E-03
-2.507193E-03
-2.493467E-03
-2.537916E-03
-2.567589E-03
-2.559508E-03
-2.545883E-03
-2.600312E-03
-2.735064E-03
-2.812106E-03
-2.772716E-03
-2.708182E-03
-2.692310E-03
-2.724619E-03
-2.773170E-03
-2.775050E-03
-2.718851E-03
-2.671759E-03
-2.681514E-03
-2.689793E-03
-2.657078E-03
-2.660460E-03
-2.683731E-03
-2.676201E-03
-2.653600E-03
-2.653212E-03
-2.677633E-03
-2.733520E-03
-2.761921E-03
-2.779266E-03
-2.837289E-03
-2.879014E-03
-2.841146E-03
-2.787917E-03
-2.797118E-03
-2.813651E-03
-2.764158E-03
-2.708562E-03
-2.697354E-03
-2.729488E-03
-2.735140E-03
-2.700904E-03
-2.684364E-03
-2.689890E-03
-2.695083E-03
-2.707885E-03
-2.744315E-03
-2.800802E-03
-2.853944E-03
-2.853145E-03
-2.851655E-03
-2.869205E-03
-2.874080E-03
-2.893488E-03
-2.914184E-03
-2.921555E-03
-2.908177E-03
-2.865419E-03
-2.817461E-03
-2.768449E-03
-2.726719E-03
-2.739365E-03
-2.741458E-03
-2.702705E-03
-2.714871E-03
-2.809628E-03
-2.890985E-03
-2.902084E-03
-2.873373E-03
-2.873255E-03
-2.933473E-03
-2.973235E-03
-2.975236E-03
-2.973274E-03
-2.962221E-03
-2.935000E-03
-2.906982E-03
-2.874767E-03
-2.846070E-03
-2.836340E-03
-2.847003E-03
-2.829479E-03
-2.795758E-03
-2.797525E-03
-2.841789E-03
-2.849189E-03
-2.838630E-03
-2.845498E-03
-2.904378E-03
-3.034607E-03
-3.085120E-03
-3.047309E-03
-3.027801E-03
-3.020460E-03
-2.976630E-03
-2.927596E-03
-2.916033E-03
-2.910619E-03
-2.883185E-03
-2.851625E-03
-2.820313E-03
-2.806696E-03
-2.811221E-03
-2.833701E-03
-2.857257E-03
-2.854607E-03
-2.849333E-03
-2.865953E-03
-2.939683E-03
-3.007150E-03
-3.029151E-03
-3.047882E-03
-3.036821E-03
-2.953990E-03
-2.885723E-03
-2.857807E-03
-2.857331E-03
-2.851738E-03
-2.805395E-03
-2.734062E-03
-2.682616E-03
-2.702470E-03
-2.777145E-03
-2.840167E-03
-2.871193E-03
-2.816293E-03
-2.679487E-03
-2.604087E-03
-2.718711E-03
-2.900985E-03
-2.983045E-03
-3.027115E-03
-3.074179E-03
-3.054732E-03
-3.006088E-03
-3.058450E-03
-3.180774E-03
-3.245181E-03
-3.176324E-03
-3.083006E-03
-3.088523E-03
-3.152950E-03
-3.156533E-03
-3.163633E-03
-3.163762E-03
-3.059494E-03
-2.867916E-03
-2.741670E-03
-2.853057E-03
-3.157527E-03
-3.371621E-03
-3.368006E-03
-3.279316E-03
-3.246833E-03
-3.227796E-03
-3.194623E-03
-3.201251E-03
-3.207440E-03
-3.162397E-03
-2.978997E-03
-2.788972E-03
-2.834553E-03
-3.185061E-03
-3.629396E-03
-3.821570E-03
-3.710195E-03
-3.562295E-03
-3.522448E-03
-3.411610E-03
-3.127622E-03
-2.936414E-03
-3.122447E-03
-3.424901E-03
-3.491989E-03
-3.472189E-03
-3.559625E-03
-3.510634E-03
-3.109785E-03
-2.705698E-03
-2.712166E-03
-2.896941E-03
-2.853905E-03
-2.710490E-03
-2.815087E-03
-3.114566E-03
-3.149516E-03
-2.747919E-03
-2.307960E-03
-2.266856E-03
-2.485778E-03
-2.631375E-03
-2.675252E-03
-2.776443E-03
-2.839880E-03
-2.745870E-03
-2.625643E-03
-2.640707E-03
-2.714813E-03
-2.634054E-03
-2.399462E-03
-2.178791E-03
-2.113231E-03
-2.240998E-03
-2.463011E-03
-2.709801E-03
-2.915976E-03
-2.989000E-03
-2.872521E-03
-2.549670E-03
-2.265422E-03
-2.339529E-03
-2.652677E-03
-2.809639E-03
-2.677628E-03
-2.534117E-03
-2.617105E-03
-2.815164E-03
-2.859113E-03
-2.718747E-03
-2.570532E-03
-2.539459E-03
-2.566564E-03
-2.611506E-03
-2.667177E-03
-2.522162E-03
-2.129601E-03
-1.867328E-03
-2.050067E-03
-2.492284E-03
-2.821189E-03
-2.854983E-03
-2.652629E-03
-2.379527E-03
-2.123997E-03
-1.985163E-03
-2.080270E-03
-2.334032E-03
-2.516203E-03
-2.453911E-03
-2.218387E-03
-2.096683E-03
-2.349991E-03
-2.990231E-03
-3.766220E-03
-4.313036E-03
-4.282464E-03
-3.664929E-03
-3.012308E-03
-2.946972E-03
-3.447227E-03
-3.995900E-03
-4.150879E-03
-3.854677E-03
-3.357952E-03
-2.989160E-03
-2.819319E-03
-2.730589E-03
-2.709124E-03
-2.719072E-03
-2.581062E-03
-2.303944E-03
-2.148255E-03
-2.275933E-03
-2.671382E-03
-3.054827E-03
-3.058767E-03
-2.544974E-03
-1.829511E-03
-1.549085E-03
-2.028550E-03
-2.853495E-03
-3.300989E-03
-3.131319E-03
-2.751028E-03
-2.707275E-03
-3.138212E-03
-3.644418E-03
-3.755791E-03
-3.435861E-03
-2.949604E-03
-2.534647E-03
-2.254472E-03
-2.100705E-03
-2.136991E-03
-2.303654E-03
-2.354790E-03
-2.184441E-03
-1.848059E-03
-1.482452E-03
-1.318297E-03
-1.478101E-03
-1.699314E-03
-1.558106E-03
-1.101272E-03
-7.582373E-04
-7.690542E-04
-9.914229E-04
-1.080739E-03
-9.260984E-04
-9.043652E-04
-1.281065E-03
-1.794981E-03
-1.991562E-03
-1.829062E-03
-1.638310E-03
-1.555409E-03
-1.268317E-03
-5.156674E-04
2.800101E-04
4.431815E-04
-1.587191E-04
-8.544012E-04
-9.791462E-04
-6.874688E-04
-7.072212E-04
-1.331518E-03
-2.263594E-03
-3.012951E-03
-3.202011E-03
-2.801604E-03
-2.149017E-03
-1.628157E-03
-1.476950E-03
-1.536901E-03
-1.494978E-03
-1.370723E-03
-1.464441E-03
-1.682297E-03
-1.472744E-03
-6.654908E-04
2.276917E-04
6.195149E-04
4.950230E-04
8.588838E-05
-5.044542E-04
-1.128589E-03
-1.424170E-03
-9.844559E-04
1.577437E-04
1.314737E-03
1.636096E-03
8.556448E-04
-3.718738E-04
-9.222662E-04
-2.910885E-04
9.454002E-04
1.780646E-03
1.663771E-03
9.743151E-04
6.871962E-04
1.065707E-03
1.325938E-03
8.815214E-04
2.860792E-04
3.091352E-04
5.588190E-04
2.880590E-04
-4.285620E-04
-1.136104E-03
-1.800921E-03
-2.660235E-03
-3.487386E-03
-3.501718E-03
-2.396374E-03
-8.855594E-04
7.884482E-05
3.905810E-04
6.225660E-04
1.071741E-03
1.481451E-03
1.753638E-03
2.144541E-03
2.613605E-03
2.329258E-03
6.752514E-04
-1.447101E-03
-2.302716E-03
-1.286854E-03
3.032704E-04
8.071679E-04
8.882905E-06
-9.343744E-04
-1.165985E-03
-8.271244E-04
-2.236762E-04
7.739758E-04
2.165028E-03
3.248356E-03
3.216944E-03
2.101519E-03
6.782428E-04
-2.980250E-04
-7.668144E-04
-9.220364E-04
-6.088890E-04
2.335031E-04
9.968064E-04
9.200028E-04
-4.767829E-06
-9.019906E-04
-1.062123E-03
-5.683472E-04
-3.778584E-05
-1.536769E-05
-4.230030E-04
-7.835921E-04
-8.010937E-04
-8.709505E-04
-1.456687E-03
-2.284463E-03
-2.499246E-03
-1.590636E-03
-1.080044E-04
9.970444E-04
1.332403E-03
1.111355E-03
9.105798E-04
1.494052E-03
3.076426E-03
4.810738E-03
5.502660E-03
4.933635E-03
4.089417E-03
3.905763E-03
4.360942E-03
4.640060E-03
4.070663E-03
2.871883E-03
1.787000E-03
1.534857E-03
2.542720E-03
4.729539E-03
7.154899E-03
8.508538E-03
8.187698E-03
6.615039E-03
4.893208E-03
3.973297E-03
3.870815E-03
3.944838E-03
3.467702E-03
2.360553E-03
1.484897E-03
1.639292E-03
2.748772E-03
4.021180E-03
4.617529E-03
4.241032E-03
3.283471E-03
2.555480E-03
2.399875E-03
2.156748E-03
1.019119E-03
-8.731849E-04
-2.671101E-03
-3.818317E-03
-4.094014E-03
-2.976960E-03
-3.468891E-04
2.658930E-03
4.561108E-03
5.128575E-03
5.486200E-03
6.593596E-03
8.012006E-03
8.690586E-03
8.490039E-03
7.819123E-03
6.641054E-03
4.718770E-03
2.395128E-03
6.433324E-04
1.533452E-04
4.440260E-04
7.463407E-04
1.348323E-03
3.045409E-03
5.591186E-03
7.931544E-03
9.411440E-03
1.029840E-02
1.131172E-02
1.227403E-02
1.194696E-02
9.483034E-03
5.327774E-03
9.970376E-04
-2.099998E-03
-3.828675E-03
-4.507540E-03
-3.394848E-03
3.720812E-04
5.894619E-03
1.080518E-02
1.343565E-02
1.399422E-02
1.358131E-02
1.259317E-02
1.065631E-02
7.824638E-03
5.208897E-03
4.197456E-03
5.475640E-03
8.636178E-03
1.244485E-02
1.542886E-02
1.685857E-02
1.707320E-02
1.687813E-02
1.645929E-02
1.500908E-02
1.161760E-02
6.867716E-03
3.302020E-03
2.811610E-03
4.212306E-03
4.729948E-03
3.452194E-03
1.764223E-03
1.424265E-03
3.326202E-03
6.963717E-03
1.070167E-02
1.296578E-02
1.327346E-02
1.266482E-02
1.290298E-02
1.491656E-02
1.795447E-02
1.983746E-02
1.854436E-02
1.465924E-02
1.164253E-02
1.251169E-02
1.698441E-02
2.244954E-02
2.660899E-02
2.846315E-02
2.817192E-02
2.719746E-02
2.716954E-02
2.764101E-02
2.601693E-02
2.069915E-02
1.387269E-02
9.714861E-03
1.000099E-02
1.279060E-02
1.538965E-02
1.674105E-02
1.684548E-02
1.582056E-02
1.426432E-02
1.345062E-02
1.422099E-02
1.601155E-02
1.734878E-02
1.750611E-02
1.721692E-02
1.723895E-02
1.715202E-02
1.666077E-02
1.637800E-02
1.648178E-02
1.577370E-02
1.293152E-02
8.471008E-03
4.566915E-03
3.110083E-03
4.678519E-03
8.775682E-03
1.422812E-02
1.954546E-02
2.348645E-02
2.567771E-02
2.654930E-02
2.675176E-02
2.659026E-02
2.594501E-02
2.443038E-02
2.119828E-02
1.558702E-02
8.758529E-03
3.574497E-03
2.148545E-03
4.168686E-03
7.178810E-03
8.598721E-03
7.801713E-03
6.235570E-03
5.670530E-03
6.515018E-03
8.021306E-03
9.419298E-03
1.045214E-02
1.117284E-02
1.136754E-02
1.040607E-02
8.515963E-03
7.152837E-03
7.059187E-03
7.181437E-03
6.655724E-03
6.804108E-03
9.697672E-03
1.523518E-02
2.088772E-02
2.444295E-02
2.576577E-02
2.579303E-02
2.527334E-02
2.484762E-02
2.570348E-02
2.919978E-02
3.494607E-02
4.038151E-02
4.331268E-02
4.403285E-02
4.418123E-02
4.406570E-02
4.205243E-02
3.689569E-02
2.987422E-02
2.379064E-02
2.010263E-02
1.792289E-02
1.606044E-02
1.453361E-02
1.364011E-02
1.289240E-02
1.149706E-02
9.987594E-03
1.012043E-02
1.288836E-02
1.738996E-02
2.146077E-02
2.359665E-02
2.403916E-02
2.400422E-02
2.390418E-02
2.312006E-02
2.180145E-02
2.129889E-02
2.240202E-02
2.476709E-02
2.794421E-02
3.147920E-02
3.439376E-02
3.548503E-02
3.480519E-02
3.409989E-02
3.433197E-02
3.407797E-02
3.146638E-02
2.612436E-02
1.910809E-02
1.179965E-02
5.188272E-03
2.111147E-04
-2.185770E-03
-1.485642E-03
2.051575E-03
6.625996E-03
9.181016E-03
7.998512E-03
4.295276E-03
9.199242E-04
-8.681320E-05
1.147293E-03
3.196919E-03
5.300679E-03
8.198004E-03
1.296766E-02
1.976230E-02
2.744289E-02
3.421464E-02
3.840954E-02
3.938960E-02
3.796888E-02
3.591775E-02
3.456911E-02
3.379375E-02
3.236510E-02
2.908654E-02
2.337660E-02
1.542144E-02
7.108316E-03
2.125832E-03
3.105436E-03
8.515005E-03
1.372235E-02
1.543850E-02
1.394021E-02
1.104267E-02
8.222565E-03
6.207075E-03
4.566078E-03
2.072520E-03
-1.680356E-03
-5.179079E-03
-6.112458E-03
-3.503611E-03
1.502269E-03
6.339657E-03
9.062643E-03
9.901250E-03
1.028598E-02
1.090211E-02
1.166588E-02
1.303491E-02
1.536630E-02
1.722100E-02
1.705747E-02
1.561062E-02
1.427542E-02
1.366831E-02
1.365656E-02
1.315038E-02
1.131852E-02
1.010629E-02
1.372108E-02
2.383737E-02
3.704573E-02
4.833250E-02
5.536448E-02
5.826934E-02
5.754157E-02
5.403707E-02
4.908981E-02
4.360533E-02
3.777842E-02
3.151472E-02
2.493939E-02
1.902035E-02
1.537695E-02
1.491344E-02
1.681381E-02
1.893892E-02
1.900868E-02
1.568812E-02
9.126624E-03
1.156972E-03
-4.863226E-03
-6.235979E-03
-4.145496E-03
-2.368106E-03
-1.715922E-03
1.629347E-03
1.036665E-02
2.114116E-02
2.798587E-02
2.859548E-02
2.541742E-02
2.199787E-02
2.023761E-02
2.082897E-02
2.365024E-02
2.723874E-02
2.946285E-02
2.919315E-02
2.616532E-02
2.066680E-02
1.315243E-02
4.097911E-03
-5.059035E-03
-1.193679E-02
-1.464743E-02
-1.417026E-02
-1.413703E-02
-1.599995E-02
-1.617778E-02
-1.126075E-02
-2.710148E-03
5.596280E-03
1.123863E-02
1.373245E-02
1.357912E-02
1.175194E-02
8.608187E-03
3.426273E-03
-3.835561E-03
-1.161838E-02
-1.757592E-02
-1.951932E-02
-1.580409E-02
-6.201926E-03
6.395686E-03
1.660911E-02
2.076229E-02
1.972574E-02
1.669934E-02
1.309088E-02
7.530948E-03
-1.176105E-03
-1.146312E-02
-1.956887E-02
-2.216552E-02
-1.918346E-02
-1.366316E-02
-8.728217E-03
-5.433029E-03
-3.095164E-03
-7.290783E-04
2.015922E-03
4.113266E-03
3.085075E-03
-3.075986E-03
-1.352941E-02
-2.531331E-02
-3.601939E-02
-4.416529E-02
-4.853282E-02
-4.885182E-02
-4.563866E-02
-3.909993E-02
-3.073470E-02
-2.351424E-02
-1.846976E-02
-1.423511E-02
-9.949827E-03
-6.257567E-03
-3.800669E-03
-2.312776E-03
-1.312051E-03
-2.313752E-04
1.762178E-03
4.462147E-03
5.785249E-03
4.215770E-03
1.261707E-03
-4.135561E-04
-4.452115E-04
-8.658467E-04
-3.564665E-03
-8.772730E-03
-1.518195E-02
-2.150675E-02
-2.793982E-02
-3.534617E-02
-4.283603E-02
-4.783103E-02
-4.913496E-02
-4.826080E-02
-4.755958E-02
-4.740282E-02
-4.598480E-02
-4.174375E-02
-3.518448E-02
-2.846222E-02
-2.333740E-02
-1.997357E-02
-1.774306E-02
-1.631310E-02
-1.585185E-02
-1.641466E-02
-1.755473E-02
-1.883595E-02
-2.076958E-02
-2.431084E-02
-2.954234E-02
-3.537859E-02
-4.053026E-02
-4.497206E-02
-4.997813E-02
-5.607206E-02
-6.169143E-02
-6.445324E-02
-6.364343E-02
-6.077095E-02
-5.738090E-02
-5.301119E-02
-4.562942E-02
-3.454468E-02
-2.218019E-02
-1.232730E-02
-6.996027E-03
-5.087662E-03
-4.408802E-03
-4.018788E-03
-3.984919E-03
-4.451452E-03
-5.721697E-03
-8.732850E-03
-1.468689E-02
-2.357794E-02
-3.346571E-02
-4.232424E-02
-4.948400E-02
-5.535712E-02
-6.065365E-02
-6.563023E-02
-6.981722E-02
-7.259760E-02
-7.344138E-02
-7.201264E-02
-6.831735E-02
-6.265697E-02
-5.546709E-02
-4.750752E-02
-4.019784E-02
-3.505244E-02
-3.231250E-02
-3.061976E-02
-2.885098E-02
-2.754208E-02
-2.798004E-02
-3.035474E-02
-3.337146E-02
-3.607917E-02
-3.861656E-02
-4.083518E-02
-4.188447E-02
-4.170356E-02
-4.160065E-02
-4.289596E-02
-4.553178E-02
-4.826815E-02
-4.983278E-02
-4.966358E-02
-4.818885E-02
-4.671334E-02
-4.620964E-02
-4.632145E-02
-4.652111E-02
-4.729801E-02
-4.934448E-02
-5.232152E-02
-5.516327E-02
-5.735148E-02
-5.902135E-02
-6.002490E-02
-6.003235E-02
-5.905242E-02
-5.759308E-02
-5.652021E-02
-5.657234E-02
-5.717510E-02
-5.675867E-02
-5.475331E-02
-5.208667E-02
-4.987264E-02
-4.816686E-02
-4.646535E-02
-4.519370E-02
-4.534617E-02
-4.713184E-02
-5.003714E-02
-5.349339E-02
-5.723365E-02
-6.125876E-02
-6.533761E-02
-6.857803E-02
-7.016238E-02
-7.078066E-02
-7.277146E-02
-7.772367E-02
-8.436944E-02
-8.992334E-02
-9.315367E-02
-9.518354E-02
-9.765784E-02
-1.008083E-01
-1.031870E-01
-1.033122E-01
-1.019079E-01
-1.014652E-01
-1.031169E-01
-1.051572E-01
-1.054579E-01
-1.044086E-01
-1.041744E-01
-1.056239E-01
-1.070288E-01
-1.064152E-01
-1.038752E-01
-1.010972E-01
-9.944489E-02
-9.897750E-02
-9.913039E-02
-9.979803E-02
-1.013282E-01
-1.035320E-01
-1.050637E-01
-1.048061E-01
-1.034738E-01
-1.027115E-01
-1.028949E-01
-1.027776E-01
-1.013004E-01
-9.848028E-02
-9.506523E-02
-9.225134E-02
-9.116224E-02
-9.289127E-02
-9.798237E-02
-1.045619E-01
-1.090855E-01
-1.114940E-01
-1.159522E-01
-1.242013E-01
-1.328439E-01
-1.384884E-01
-1.410639E-01
-1.415728E-01
-1.404604E-01
-1.387418E-01
-1.380346E-01
-1.377994E-01
-1.354868E-01
-1.316039E-01
-1.302172E-01
-1.313734E-01
-1.287050E-01
-1.207062E-01
-1.162593E-01
-1.191929E-01
-1.195728E-01
-1.118183E-01
-1.041169E-01
-1.027584E-01
-1.038737E-01
-1.027006E-01
-9.973273E-02
-9.860350E-02
-1.012224E-01
-1.037849E-01
-1.011163E-01
-9.495128E-02
-9.129540E-02
-9.111306E-02
-9.233502E-02
-9.560446E-02
-1.001974E-01
-1.026356E-01
-1.018070E-01
-9.974745E-02
-9.848307E-02
-9.848039E-02
-9.899167E-02
-9.923022E-02
-9.818440E-02
-9.525164E-02
-9.196812E-02
-9.013779E-02
-8.927533E-02
-8.783265E-02
-8.547931E-02
-8.290160E-02
-8.102813E-02
-8.067982E-02
-8.170369E-02
-8.251778E-02
-8.164802E-02
-7.912411E-02
-7.562857E-02
-7.207516E-02
-6.924988E-02
-6.707408E-02
-6.461271E-02
-6.127674E-02
-5.828596E-02
-5.748691E-02
-5.833003E-02
-5.814426E-02
-5.514303E-02
-5.001108E-02
-4.490245E-02
-4.152315E-02
-3.990946E-02
-3.836258E-02
-3.523262E-02
-3.094029E-02
-2.713923E-02
-2.455853E-02
-2.245498E-02
-1.930473E-02
-1.403376E-02
-7.366392E-03
-1.073548E-03
3.826724E-03
7.911892E-03
1.301633E-02
2.114412E-02
3.276350E-02
4.466341E-02
5.205518E-02
5.454196E-02
5.632857E-02
6.034645E-02
6.535470E-02
6.795316E-02
6.541193E-02
5.890449E-02
5.313478E-02
5.122772E-02
5.210449E-02
5.331072E-02
5.389854E-02
5.392610E-02
5.326451E-02
5.219937E-02
5.166912E-02
5.188040E-02
5.226901E-02
5.256682E-02
5.240000E-02
5.107064E-02
4.906529E-02
4.811471E-02
4.916587E-02
5.173192E-02
5.488792E-02
5.797493E-02
6.055238E-02
6.323836E-02
6.786268E-02
7.510831E-02
8.314313E-02
9.015496E-02
9.654456E-02
1.037319E-01
1.117800E-01
1.189614E-01
1.234579E-01
1.248937E-01
1.243629E-01
1.232715E-01
1.216941E-01
1.177463E-01
1.092584E-01
9.525619E-02
7.579318E-02
5.149764E-02
2.470790E-02
-8.173103E-04
-2.275278E-02
-4.002883E-02
-5.155819E-02
-5.811741E-02
-6.236453E-02
-6.539704E-02
-6.640488E-02
-6.428465E-02
-5.780273E-02
-4.728302E-02
-3.594515E-02
-2.652137E-02
-1.753380E-02
-5.747499E-03
7.888892E-03
1.915892E-02
2.707260E-02
3.469113E-02
4.440562E-02
5.593482E-02
6.872949E-02
8.248479E-02
9.571230E-02
1.075396E-01
1.194737E-01
1.331044E-01
1.473732E-01
1.593937E-01
1.673573E-01
1.718236E-01
1.738445E-01
1.730665E-01
1.688374E-01
1.619380E-01
1.540457E-01
1.471875E-01
1.432441E-01
1.420328E-01
1.415668E-01
1.407633E-01
1.405917E-01
1.414530E-01
1.410717E-01
1.368077E-01
1.291911E-01
1.217742E-01
1.178827E-01
1.177612E-01
1.181016E-01
1.146743E-01
1.064597E-01
9.655131E-02
8.787850E-02
7.929785E-02
6.786648E-02
5.321929E-02
3.752744E-02
2.278742E-02
9.998442E-03
-9.017285E-04
-1.146955E-02
-2.377601E-02
-3.740683E-02
-4.872774E-02
-5.484157E-02
-5.728602E-02
-6.085056E-02
-6.807653E-02
-7.630258E-02
-8.141918E-02
-8.234865E-02
-8.084169E-02
-7.916384E-02
-7.872729E-02
-7.885127E-02
-7.647122E-02
-6.926049E-02
-5.907170E-02
-5.051917E-02
-4.648249E-02
-4.589123E-02
-4.523435E-02
-4.158167E-02
-3.451121E-02
-2.593617E-02
-1.879930E-02
-1.465776E-02
-1.149452E-02
-5.343657E-03
4.837541E-03
1.595120E-02
2.640313E-02
3.943594E-02
5.742588E-02
7.757517E-02
9.554570E-02
1.092252E-01
1.192154E-01
1.275781E-01
1.350759E-01
1.400547E-01
1.412798E-01
1.409192E-01
1.418300E-01
1.436898E-01
1.448178E-01
1.447783E-01
1.444836E-01
1.443070E-01
1.419052E-01
1.368144E-01
1.332241E-01
1.333545E-01
1.347890E-01
1.352978E-01
1.340414E-01
1.295754E-01
1.212668E-01
1.118106E-01
1.049262E-01
1.017485E-01
1.013334E-01
1.016921E-01
1.002038E-01
9.572302E-02
9.037241E-02
8.775038E-02
8.978554E-02
9.567699E-02
1.029921E-01
1.090628E-01
1.120270E-01
1.122946E-01
1.126909E-01
1.158844E-01
1.211892E-01
1.250765E-01
1.261223E-01
1.276372E-01
1.316777E-01
1.349550E-01
1.353678E-01
1.345953E-01
1.335253E-01
1.322219E-01
1.317716E-01
1.318441E-01
1.301908E-01
1.258793E-01
1.203699E-01
1.157258E-01
1.129195E-01
1.118057E-01
1.113090E-01
1.100858E-01
1.076035E-01
1.030148E-01
9.520621E-02
8.800921E-02
8.864803E-02
9.553099E-02
9.942970E-02
9.690128E-02
9.197068E-02
8.923460E-02
9.103508E-02
9.642060E-02
1.015184E-01
1.032756E-01
1.024165E-01
1.017981E-01
1.029425E-01
1.054384E-01
1.084448E-01
1.115904E-01
1.147987E-01
1.177084E-01
1.197106E-01
1.202075E-01
1.195252E-01
1.192483E-01
1.203234E-01
1.220832E-01
1.242524E-01
1.272917E-01
1.304852E-01
1.314301E-01
1.291954E-01
1.267591E-01
1.272232E-01
1.292189E-01
1.296581E-01
1.287402E-01
1.282419E-01
1.274301E-01
1.243648E-01
1.197579E-01
1.164885E-01
1.160744E-01
1.174693E-01
1.185097E-01
1.184273E-01
1.185341E-01
1.189038E-01
1.172241E-01
1.132658E-01
1.113941E-01
1.145109E-01
1.184171E-01
1.179182E-01
1.146815E-01
1.132907E-01
1.143102E-01
1.156666E-01
1.163960E-01
1.169145E-01
1.179221E-01
1.204029E-01
1.254607E-01
1.324683E-01
1.386667E-01
1.420880E-01
1.433547E-01
1.441850E-01
1.455154E-01
1.464343E-01
1.447304E-01
1.400816E-01
1.351124E-01
1.311511E-01
1.262480E-01
1.190650E-01
1.115080E-01
1.053042E-01
9.832576E-02
8.783316E-02
7.520240E-02
6.378917E-02
5.433036E-02
4.529608E-02
3.626817E-02
2.858042E-02
2.326693E-02
1.993990E-02
1.776622E-02
1.673589E-02
1.730944E-02
1.957576E-02
2.297723E-02
2.685846E-02
3.109034E-02
3.578220E-02
4.030839E-02
4.357130E-02
4.602551E-02
4.893635E-02
5.179073E-02
5.314093E-02
5.253345E-02
4.975169E-02
4.436193E-02
3.636320E-02
2.621501E-02
1.474495E-02
3.518843E-03
-5.452202E-03
-1.153868E-02
-1.623068E-02
-2.055900E-02
-2.293841E-02
-2.151241E-02
-1.754355E-02
-1.388283E-02
-1.111665E-02
-7.437068E-03
-1.657310E-03
5.711285E-03
1.350885E-02
2.099420E-02
2.852045E-02
3.682240E-02
4.551395E-02
5.357470E-02
6.079533E-02
6.679225E-02
6.969204E-02
6.917298E-02
6.913899E-02
7.310781E-02
7.877057E-02
8.089651E-02
7.848730E-02
7.538215E-02
7.380432E-02
7.160445E-02
6.810931E-02
6.761395E-02
7.303853E-02
8.063010E-02
8.497870E-02
8.516225E-02
8.276272E-02
7.835396E-02
7.327875E-02
7.032416E-02
6.976390E-02
6.833345E-02
6.358838E-02
5.632601E-02
4.803650E-02
3.861627E-02
2.770264E-02
1.640709E-02
6.564562E-03
-6.667862E-04
-5.940235E-03
-1.066612E-02
-1.399993E-02
-1.385137E-02
-1.032538E-02
-6.102302E-03
-4.180588E-03
-5.018959E-03
-6.480596E-03
-6.864490E-03
-7.516246E-03
-1.085449E-02
-1.639119E-02
-2.160051E-02
-2.592285E-02
-3.134747E-02
-3.895312E-02
-4.680629E-02
-5.271861E-02
-5.743808E-02
-6.260562E-02
-6.767455E-02
-7.121359E-02
-7.291793E-02
-7.302808E-02
-7.192420E-02
-7.106700E-02
-7.235829E-02
-7.626892E-02
-8.148473E-02
-8.628631E-02
-8.964618E-02
-9.111151E-02
-9.052718E-02
-8.820305E-02
-8.592181E-02
-8.689320E-02
-9.344421E-02
-1.040830E-01
-1.134346E-01
-1.169166E-01
-1.153000E-01
-1.129787E-01
-1.130172E-01
-1.151121E-01
-1.170797E-01
-1.175844E-01
-1.172195E-01
-1.171813E-01
-1.174085E-01
-1.168080E-01
-1.146395E-01
-1.111302E-01
-1.066728E-01
-1.008872E-01
-9.387037E-02
-8.661692E-02
-7.919225E-02
-7.048655E-02
-6.006340E-02
-4.850868E-02
-3.605902E-02
-2.265851E-02
-9.538970E-03
1.209350E-03
8.756330E-03
1.439139E-02
2.008786E-02
2.660007E-02
3.339959E-02
3.969829E-02
4.489490E-02
4.952420E-02
5.585248E-02
6.567326E-02
7.754167E-02
8.830714E-02
9.675674E-02
1.035425E-01
1.089171E-01
1.127666E-01
1.162796E-01
1.223040E-01
1.325400E-01
1.453198E-01
1.566872E-01
1.629675E-01
1.636722E-01
1.623372E-01
1.628098E-01
1.650423E-01
1.654137E-01
1.611570E-01
1.530135E-01
1.426584E-01
1.307047E-01
1.185723E-01
1.088557E-01
1.016185E-01
9.333911E-02
8.150670E-02
6.740194E-02
5.391083E-02
4.307756E-02
3.575575E-02
3.037227E-02
2.252489E-02
9.572945E-03
-4.770952E-03
-1.420311E-02
-2.066511E-02
-3.219736E-02
-4.625805E-02
-5.330238E-02
-5.432529E-02
-5.747353E-02
-6.251092E-02
-6.404833E-02
-6.249414E-02
-6.154712E-02
-6.175857E-02
-6.121698E-02
-5.970977E-02
-5.877813E-02
-5.893174E-02
-5.811181E-02
-5.324999E-02
-4.478189E-02
-3.699751E-02
-3.199718E-02
-2.716571E-02
-2.011840E-02
-1.228800E-02
-6.075167E-03
-1.018017E-03
5.029619E-03
1.188179E-02
1.701323E-02
1.960855E-02
2.181540E-02
2.509389E-02
2.775047E-02
2.766022E-02
2.555071E-02
2.410453E-02
2.458863E-02
2.536379E-02
2.458375E-02
2.329599E-02
2.457478E-02
2.939488E-02
3.485955E-02
3.785175E-02
3.907471E-02
4.130571E-02
4.516461E-02
4.899065E-02
5.205027E-02
5.520970E-02
5.901546E-02
6.272601E-02
6.501730E-02
6.521343E-02
6.467652E-02
6.629581E-02
7.113643E-02
7.655350E-02
7.919192E-02
7.947839E-02
8.022779E-02
8.119240E-02
7.950237E-02
7.598240E-02
7.517442E-02
7.727383E-02
7.644491E-02
6.917533E-02
5.914157E-02
5.226119E-02
5.011048E-02
4.909590E-02
4.542460E-02
3.925695E-02
3.315052E-02
2.879158E-02
2.628217E-02
2.515221E-02
2.539095E-02
2.573634E-02
2.167074E-02
1.109851E-02
2.368062E-03
4.767826E-03
1.162177E-02
8.925993E-03
-3.728273E-03
-1.579736E-02
-2.379664E-02
-3.277868E-02
-4.366822E-02
-5.255426E-02
-5.920720E-02
-6.685601E-02
-7.603774E-02
-8.375173E-02
-8.818836E-02
-9.164483E-02
-9.664301E-02
-1.019707E-01
-1.044320E-01
-1.038039E-01
-1.041624E-01
-1.072505E-01
-1.098921E-01
-1.103374E-01
-1.103977E-01
-1.113513E-01
-1.125066E-01
-1.136530E-01
-1.152680E-01
-1.170089E-01
-1.184528E-01
-1.197648E-01
-1.200901E-01
-1.182229E-01
-1.159717E-01
-1.169306E-01
-1.208602E-01
-1.237340E-01
-1.235493E-01
-1.217748E-01
-1.199062E-01
-1.186677E-01
-1.184464E-01
-1.181478E-01
-1.157393E-01
-1.105660E-01
-1.040569E-01
-9.814989E-02
-9.369573E-02
-9.008152E-02
-8.546898E-02
-7.819839E-02
-6.805065E-02
-5.663452E-02
-4.681208E-02
-4.074769E-02
-3.771285E-02
-3.431749E-02
-2.867377E-02
-2.276374E-02
-1.981581E-02
-2.097188E-02
-2.413851E-02
-2.567992E-02
-2.414646E-02
-2.146787E-02
-2.049368E-02
-2.252753E-02
-2.621458E-02
-2.912465E-02
-3.056490E-02
-3.121009E-02
-3.128902E-02
-3.170066E-02
-3.404164E-02
-3.806454E-02
-4.211096E-02
-4.553565E-02
-4.874616E-02
-5.201831E-02
-5.587754E-02
-6.171916E-02
-6.955424E-02
-7.629303E-02
-7.929304E-02
-8.011911E-02
-8.206262E-02
-8.566519E-02
-8.960665E-02
-9.352685E-02
-9.726504E-02
-9.885472E-02
-9.658261E-02
-9.247251E-02
-9.035778E-02
-9.156495E-02
-9.467468E-02
-9.813016E-02
-1.005798E-01
-1.006084E-01
-9.890193E-02
-9.849067E-02
-1.010869E-01
-1.055908E-01
-1.100828E-01
-1.136696E-01
-1.162787E-01
-1.182314E-01
-1.204627E-01
-1.233908E-01
-1.261735E-01
-1.274354E-01
-1.268479E-01
-1.255234E-01
-1.244974E-01
-1.235559E-01
-1.221379E-01
-1.201164E-01
-1.178437E-01
-1.158253E-01
-1.138280E-01
-1.108929E-01
-1.062139E-01
-9.950801E-02
-9.111619E-02
-8.236794E-02
-7.548696E-02
-7.193806E-02
-7.067446E-02
-6.939343E-02
-6.755628E-02
-6.702870E-02
-6.953430E-02
-7.428232E-02
-7.936504E-02
-8.345607E-02
-8.642008E-02
-8.932056E-02
-9.374326E-02
-1.003291E-01
-1.079135E-01
-1.146064E-01
-1.191922E-01
-1.217870E-01
-1.236183E-01
-1.252530E-01
-1.256089E-01
-1.240885E-01
-1.216317E-01
-1.188736E-01
-1.154132E-01
-1.104588E-01
-1.040522E-01
-9.715376E-02
-9.070597E-02
-8.560996E-02
-8.212804E-02
-7.892903E-02
-7.462747E-02
-6.930964E-02
-6.377041E-02
-5.811631E-02
-5.216648E-02
-4.670837E-02
-4.344594E-02
-4.282079E-02
-4.260884E-02
-4.013897E-02
-3.529121E-02
-3.038096E-02
-2.686310E-02
-2.389437E-02
-2.065649E-02
-1.741066E-02
-1.479388E-02
-1.380076E-02
-1.536238E-02
-1.866000E-02
-2.154775E-02
-2.320769E-02
-2.424753E-02
-2.511541E-02
-2.622331E-02
-2.836344E-02
-3.198996E-02
-3.707680E-02
-4.284123E-02
-4.767929E-02
-5.074952E-02
-5.301437E-02
-5.676905E-02
-6.406058E-02
-7.473085E-02
-8.603549E-02
-9.527020E-02
-1.023032E-01
-1.083857E-01
-1.136658E-01
-1.176110E-01
-1.205990E-01
-1.234583E-01
-1.262522E-01
-1.282442E-01
-1.289510E-01
-1.287247E-01
-1.283639E-01
-1.283041E-01
-1.284465E-01
-1.279556E-01
-1.248924E-01
-1.185941E-01
-1.119854E-01
-1.088244E-01
-1.093701E-01
-1.105575E-01
-1.097999E-01
-1.068008E-01
-1.025065E-01
-9.741245E-02
-9.117367E-02
-8.394794E-02
-7.705824E-02
-7.201046E-02
-6.849761E-02
-6.454536E-02
-5.941434E-02
-5.469795E-02
-5.184064E-02
-5.083495E-02
-5.104451E-02
-5.188503E-02
-5.300417E-02
-5.465505E-02
-5.696114E-02
-5.910155E-02
-6.033737E-02
-6.083597E-02
-6.120559E-02
-6.199408E-02
-6.354841E-02
-6.560056E-02
-6.726228E-02
-6.741610E-02
-6.573644E-02
-6.376910E-02
-6.371242E-02
-6.593360E-02
-6.902692E-02
-7.155313E-02
-7.267724E-02
-7.256256E-02
-7.265758E-02
-7.381481E-02
-7.469394E-02
-7.320116E-02
-6.848423E-02
-6.119027E-02
-5.275226E-02
-4.460541E-02
-3.682570E-02
-2.771951E-02
-1.558723E-02
3.155317E-05
1.851984E-02
3.871333E-02
5.941313E-02
7.903166E-02
9.582343E-02
1.098167E-01
1.235830E-01
1.395378E-01
1.570084E-01
1.731247E-01
1.852648E-01
1.923668E-01
1.955368E-01
1.972564E-01
1.990774E-01
2.003038E-01
1.981175E-01
1.892521E-01
1.727320E-01
1.501673E-01
1.237087E-01
9.592394E-02
7.013338E-02
4.738526E-02
2.632167E-02
6.411754E-03
-1.209997E-02
-2.934373E-02
-4.471543E-02
-5.685833E-02
-6.455674E-02
-6.785377E-02
-6.857364E-02
-7.129677E-02
-7.894885E-02
-8.914262E-02
-9.744556E-02
-1.017518E-01
-1.032402E-01
-1.037817E-01
-1.033199E-01
-1.009797E-01
-9.706905E-02
-9.346756E-02
-9.166436E-02
-9.064350E-02
-8.788646E-02
-8.222766E-02
-7.468274E-02
-6.656454E-02
-5.881078E-02
-5.308733E-02
-5.035589E-02
-4.885972E-02
-4.660516E-02
-4.366350E-02
-4.055944E-02
-3.780979E-02
-3.631620E-02
-3.597797E-02
-3.500671E-02
-3.215018E-02
-2.876349E-02
-2.681503E-02
-2.623933E-02
-2.474628E-02
-2.025195E-02
-1.334694E-02
-6.293901E-03
-1.603393E-04
5.506926E-03
1.082790E-02
1.550233E-02
1.989845E-02
2.453764E-02
2.952037E-02
3.424156E-02
3.680484E-02
3.483161E-02
2.779186E-02
1.787526E-02
7.837603E-03
-2.329851E-03
-1.466124E-02
-2.944018E-02
-4.507113E-02
-6.107905E-02
-7.805678E-02
-9.496242E-02
-1.096461E-01
-1.213126E-01
-1.303011E-01
-1.367176E-01
-1.409652E-01
-1.441597E-01
-1.472303E-01
-1.505558E-01
-1.537455E-01
-1.557157E-01
-1.554755E-01
-1.525260E-01
-1.475302E-01
-1.425689E-01
-1.393951E-01
-1.374953E-01
-1.345518E-01
-1.290609E-01
-1.220934E-01
-1.154920E-01
-1.093240E-01
-1.032127E-01
-9.770189E-02
-9.277016E-02
-8.761017E-02
-8.165040E-02
-7.434235E-02
-6.494589E-02
-5.389973E-02
-4.360695E-02
-3.694211E-02
-3.400937E-02
-3.131945E-02
-2.575670E-02
-1.809040E-02
-1.082204E-02
-5.258764E-03
-2.190323E-03
-1.451498E-03
-4.284023E-04
3.351053E-03
9.015743E-03
1.370430E-02
1.592157E-02
1.641611E-02
1.700590E-02
1.980780E-02
2.619838E-02
3.509502E-02
4.361807E-02
4.980464E-02
5.377863E-02
5.637280E-02
5.737188E-02
5.588038E-02
5.213759E-02
4.806182E-02
4.544448E-02
4.400594E-02
4.187622E-02
3.775022E-02
3.217500E-02
2.694874E-02
2.347272E-02
2.110573E-02
1.790078E-02
1.319137E-02
8.628617E-03
6.658693E-03
8.106705E-03
1.114952E-02
1.289897E-02
1.166029E-02
8.236467E-03
4.899684E-03
3.138037E-03
3.106008E-03
3.985859E-03
4.823597E-03
6.304320E-03
9.597938E-03
1.384147E-02
1.682458E-02
1.786062E-02
1.846713E-02
2.044160E-02
2.488306E-02
3.209194E-02
4.097623E-02
4.910700E-02
5.430381E-02
5.668960E-02
5.854567E-02
6.213084E-02
6.813218E-02
7.562399E-02
8.321504E-02
9.010957E-02
9.627905E-02
1.016492E-01
1.054160E-01
1.068770E-01
1.067816E-01
1.069329E-01
1.082192E-01
1.098020E-01
1.103488E-01
1.093280E-01
1.072556E-01
1.050345E-01
1.032032E-01
1.016918E-01
9.993381E-02
9.737457E-02
9.425620E-02
9.144968E-02
8.966440E-02
8.884753E-02
8.835617E-02
8.763303E-02
8.633109E-02
8.482051E-02
8.437127E-02
8.574496E-02
8.785390E-02
8.883776E-02
8.794363E-02
8.619708E-02
8.524175E-02
8.542117E-02
8.557629E-02
8.465925E-02
8.267499E-02
8.048803E-02
7.957298E-02
8.109565E-02
8.432920E-02
8.670623E-02
8.645137E-02
8.451405E-02
8.395253E-02
8.740740E-02
9.441651E-02
1.018552E-01
1.073263E-01
1.106641E-01
1.129482E-01
1.158364E-01
1.207521E-01
1.279623E-01
1.364643E-01
1.444434E-01
1.505211E-01
1.548369E-01
1.584392E-01
1.623074E-01
1.665594E-01
1.696003E-01
1.688187E-01
1.632430E-01
1.546103E-01
1.446596E-01
1.335358E-01
1.217079E-01
1.108427E-01
1.017683E-01
9.343948E-02
8.373058E-02
7.140731E-02
5.836431E-02
4.811592E-02
4.101194E-02
3.374695E-02
2.387252E-02
1.215960E-02
8.465695E-04
-8.444831E-03
-1.586651E-02
-2.314164E-02
-3.183111E-02
-4.206624E-02
-5.352375E-02
-6.695294E-02
-8.293449E-02
-9.975552E-02
-1.147341E-01
-1.268498E-01
-1.366355E-01
-1.448375E-01
-1.518731E-01
-1.576833E-01
-1.615403E-01
-1.620861E-01
-1.585738E-01
-1.518493E-01
-1.439454E-01
-1.367931E-01
-1.313108E-01
-1.275181E-01
-1.244010E-01
-1.204877E-01
-1.153606E-01
-1.098268E-01
-1.045825E-01
-9.943170E-02
-9.361049E-02
-8.698426E-02
-8.057072E-02
-7.530988E-02
-7.107047E-02
-6.719464E-02
-6.325970E-02
-5.931116E-02
-5.533938E-02
-5.119072E-02
-4.714372E-02
-4.420681E-02
-4.269003E-02
-4.077218E-02
-3.636953E-02
-2.963901E-02
-2.206407E-02
-1.433992E-02
-6.398174E-03
1.606762E-03
9.144954E-03
1.534973E-02
2.013956E-02
2.521368E-02
3.192205E-02
3.859465E-02
4.271534E-02
4.380090E-02
4.257728E-02
3.998022E-02
3.714456E-02
3.466914E-02
3.231043E-02
3.025997E-02
2.967393E-02
3.198219E-02
3.793158E-02
4.710925E-02
5.850643E-02
7.126707E-02
8.473134E-02
9.840484E-02
1.122466E-01
1.261695E-01
1.396368E-01
1.524007E-01
1.645754E-01
1.754209E-01
1.833797E-01
1.873688E-01
1.871935E-01
1.834112E-01
1.774117E-01
1.707001E-01
1.635719E-01
1.549745E-01
1.441908E-01
1.322021E-01
1.214295E-01
1.144263E-01
1.120771E-01
1.129618E-01
1.147657E-01
1.158478E-01
1.155975E-01
1.143608E-01
1.131184E-01
1.125824E-01
1.125379E-01
1.121518E-01
1.104871E-01
1.067268E-01
1.008024E-01
9.371225E-02
8.633876E-02
7.814213E-02
6.760892E-02
5.388039E-02
3.717988E-02
1.841028E-02
-9.683093E-04
-1.936058E-02
-3.572745E-02
-5.000710E-02
-6.304779E-02
-7.527168E-02
-8.562290E-02
-9.311801E-02
-9.879917E-02
-1.044480E-01
-1.104153E-01
-1.163716E-01
-1.230986E-01
-1.320547E-01
-1.433689E-01
-1.553685E-01
-1.665506E-01
-1.768917E-01
-1.866378E-01
-1.951776E-01
-2.019804E-01
-2.080382E-01
-2.148143E-01
-2.213630E-01
-2.253074E-01
-2.262187E-01
-2.260428E-01
-2.264490E-01
-2.267538E-01
-2.254064E-01
-2.220614E-01
-2.177176E-01
-2.122497E-01
-2.044995E-01
-1.943469E-01
-1.833323E-01
-1.733334E-01
-1.653300E-01
-1.593398E-01
-1.548712E-01
-1.513428E-01
-1.479366E-01
-1.438154E-01
-1.390098E-01
-1.342041E-01
-1.293441E-01
-1.236807E-01
-1.179024E-01
-1.142314E-01
-1.135900E-01
-1.142694E-01
-1.138005E-01
-1.112786E-01
-1.073213E-01
-1.019145E-01
-9.428331E-02
-8.469184E-02
-7.413090E-02
-6.286273E-02
-5.110734E-02
-4.013162E-02
-3.085878E-02
-2.288229E-02
-1.532765E-02
-8.342355E-03
-2.708315E-03
1.614093E-03
5.376935E-03
8.861472E-03
1.190970E-02
1.426307E-02
1.534745E-02
1.549687E-02
1.609172E-02
1.651142E-02
1.497478E-02
1.269978E-02
1.265035E-02
1.470466E-02
1.568935E-02
1.431428E-02
1.229805E-02
1.124704E-02
1.099576E-02
1.080963E-02
1.040043E-02
9.368353E-03
6.852479E-03
2.470559E-03
-2.483772E-03
-6.055774E-03
-7.356340E-03
-6.811214E-03
-5.306785E-03
-3.242252E-03
-4.589509E-04
3.507587E-03
8.840030E-03
1.501185E-02
2.148040E-02
2.813587E-02
3.479324E-02
4.128909E-02
4.811655E-02
5.589084E-02
6.425857E-02
7.217064E-02
7.892573E-02
8.493898E-02
9.158870E-02
9.994176E-02
1.099002E-01
1.203142E-01
1.292989E-01
1.357360E-01
1.408551E-01
1.464462E-01
1.528951E-01
1.602420E-01
1.683638E-01
1.761500E-01
1.826374E-01
1.877562E-01
1.916230E-01
1.939151E-01
1.941126E-01
1.921445E-01
1.886748E-01
1.843474E-01
1.789461E-01
1.720844E-01
1.640364E-01
1.554748E-01
1.469556E-01
1.384510E-01
1.293479E-01
1.191449E-01
1.076999E-01
9.549123E-02
8.375292E-02
7.374747E-02
6.608307E-02
6.013440E-02
5.402581E-02
4.580350E-02
3.510078E-02
2.317863E-02
1.109297E-02
-1.474024E-03
-1.547558E-02
-3.095670E-02
-4.690922E-02
-6.326378E-02
-8.048400E-02
-9.678357E-02
-1.095765E-01
-1.187062E-01
-1.257723E-01
-1.320544E-01
-1.382921E-01
-1.449868E-01
-1.516335E-01
-1.570912E-01
-1.612802E-01
-1.653693E-01
-1.702322E-01
-1.752057E-01
-1.789829E-01
-1.810155E-01
-1.810094E-01
-1.781387E-01
-1.719008E-01
-1.625742E-01
-1.510635E-01
-1.380104E-01
-1.236626E-01
-1.085198E-01
-9.416507E-02
-8.213046E-02
-7.243825E-02
-6.439496E-02
-5.798734E-02
-5.341079E-02
-4.992386E-02
-4.639927E-02
-4.323619E-02
-4.256010E-02
-4.506549E-02
-4.860310E-02
-5.104178E-02
-5.248704E-02
-5.384443E-02
-5.496544E-02
-5.503004E-02
-5.391623E-02
-5.228302E-02
-5.021182E-02
-4.725699E-02
-4.306437E-02
-3.755385E-02
-3.077659E-02
-2.299096E-02
-1.472519E-02
-6.619850E-03
9.616984E-04
7.556500E-03
1.240694E-02
1.508012E-02
1.578538E-02
1.499076E-02
1.320939E-02
1.067318E-02
7.029268E-03
1.729917E-03
-5.279713E-03
-1.331399E-02
-2.165951E-02
-3.027150E-02
-3.914394E-02
-4.759806E-02
-5.492435E-02
-6.080290E-02
-6.495073E-02
-6.711691E-02
-6.822217E-02
-7.013534E-02
-7.321946E-02
-7.605719E-02
-7.817881E-02
-8.067426E-02
-8.384273E-02
-8.664783E-02
-8.837712E-02
-8.924895E-02
-8.974592E-02
-9.003189E-02
-9.012590E-02
-9.004783E-02
-8.960790E-02
-8.861467E-02
-8.715395E-02
-8.577223E-02
-8.510925E-02
-8.518871E-02
-8.569729E-02
-8.643307E-02
-8.731446E-02
-8.828923E-02
-8.944092E-02
-9.118933E-02
-9.375514E-02
-9.659782E-02
-9.913870E-02
-1.011671E-01
-1.025875E-01
-1.035831E-01
-1.045230E-01
-1.050975E-01
-1.044491E-01
-1.024353E-01
-9.966717E-02
-9.603102E-02
-9.110497E-02
-8.572464E-02
-8.041622E-02
-7.405078E-02
-6.594717E-02
-5.707567E-02
-4.884805E-02
-4.203128E-02
-3.645483E-02
-3.168369E-02
-2.758009E-02
-2.403974E-02
-2.079124E-02
-1.767345E-02
-1.436996E-02
-1.033654E-02
-5.751965E-03
-1.623464E-03
1.508497E-03
4.471583E-03
8.551504E-03
1.389932E-02
1.995729E-02
2.706463E-02
3.633041E-02
4.725167E-02
5.761568E-02
6.621627E-02
7.402266E-02
8.243483E-02
9.101041E-02
9.826720E-02
1.049332E-01
1.124825E-01
1.194652E-01
1.237735E-01
1.258513E-01
1.268205E-01
1.264687E-01
1.250980E-01
1.241602E-01
1.240088E-01
1.237135E-01
1.230214E-01
1.222061E-01
1.209357E-01
1.187455E-01
1.159869E-01
1.132659E-01
1.104927E-01
1.074250E-01
1.043432E-01
1.014022E-01
9.814749E-02
9.428132E-02
9.034423E-02
8.723638E-02
8.515406E-02
8.321240E-02
8.056292E-02
7.764188E-02
7.606101E-02
7.704633E-02
8.009747E-02
8.358792E-02
8.624984E-02
8.779543E-02
8.870458E-02
8.969852E-02
9.123330E-02
9.307646E-02
9.461278E-02
9.554520E-02
9.632537E-02
9.782385E-02
1.001796E-01
1.021396E-01
1.024710E-01
1.016361E-01
1.003372E-01
9.800113E-02
9.420123E-02
8.997023E-02
8.667023E-02
8.465276E-02
8.332550E-02
8.213140E-02
8.127124E-02
8.104801E-02
8.110134E-02
8.080823E-02
8.018016E-02
7.967726E-02
7.958529E-02
7.958554E-02
7.910549E-02
7.808025E-02
7.728162E-02
7.777362E-02
7.974228E-02
8.219758E-02
8.392564E-02
8.449696E-02
8.433645E-02
8.389841E-02
8.327060E-02
8.221830E-02
8.021582E-02
7.706037E-02
7.349545E-02
7.118601E-02
7.116866E-02
7.238032E-02
7.309866E-02
7.317840E-02
7.334961E-02
7.351962E-02
7.324241E-02
7.243799E-02
7.113632E-02
6.906027E-02
6.584864E-02
6.133584E-02
5.551006E-02
4.873184E-02
4.216156E-02
3.703708E-02
3.367779E-02
3.187192E-02
3.154599E-02
3.251488E-02
3.456551E-02
3.751239E-02
4.098386E-02
4.419041E-02
4.671209E-02
4.912275E-02
5.203132E-02
5.508382E-02
5.743077E-02
5.893125E-02
6.018459E-02
6.148829E-02
6.285022E-02
6.445902E-02
6.634709E-02
6.837205E-02
7.050709E-02
7.276111E-02
7.502726E-02
7.695262E-02
7.820588E-02
7.878148E-02
7.907810E-02
7.946632E-02
7.980085E-02
7.996029E-02
8.027712E-02
8.113893E-02
8.276045E-02
8.505368E-02
8.743226E-02
8.921416E-02
9.011624E-02
9.055596E-02
9.122151E-02
9.227862E-02
9.332425E-02
9.379136E-02
9.322663E-02
9.124379E-02
8.781334E-02
8.329254E-02
7.791685E-02
7.179966E-02
6.560493E-02
6.013838E-02
5.525085E-02
5.020762E-02
4.483374E-02
3.961875E-02
3.451622E-02
2.898979E-02
2.316687E-02
1.766518E-02
1.265177E-02
7.788049E-03
3.052297E-03
-9.643615E-04
-3.602973E-03
-4.623890E-03
-4.184830E-03
-2.741896E-03
-7.458196E-04
1.412557E-03
3.152994E-03
3.953203E-03
3.916853E-03
3.401611E-03
2.209182E-03
-4.382397E-05
-2.984369E-03
-5.719724E-03
-7.847685E-03
-9.981895E-03
-1.302848E-02
-1.698764E-02
-2.093517E-02
-2.418798E-02
-2.696551E-02
-2.940874E-02
-3.077776E-02
-3.035633E-02
-2.816705E-02
-2.439385E-02
-1.894587E-02
-1.168321E-02
-2.925912E-03
6.457337E-03
1.549954E-02
2.342678E-02
2.965448E-02
3.400044E-02
3.664583E-02
3.777181E-02
3.744224E-02
3.593866E-02
3.382145E-02
3.139796E-02
2.839821E-02
2.461329E-02
2.064621E-02
1.731754E-02
1.477294E-02
1.247057E-02
1.017776E-02
8.326241E-03
7.759054E-03
8.930742E-03
1.146939E-02
1.459671E-02
1.732149E-02
1.870495E-02
1.873115E-02
1.842245E-02
1.866371E-02
1.904265E-02
1.837662E-02
1.664038E-02
1.494050E-02
1.381343E-02
1.282844E-02
1.177377E-02
1.100451E-02
1.064819E-02
1.025742E-02
9.424570E-03
8.091787E-03
6.504137E-03
5.370657E-03
5.319876E-03
6.090269E-03
6.849116E-03
7.202572E-03
7.528982E-03
8.420885E-03
1.031034E-02
1.319753E-02
1.649278E-02
1.922388E-02
2.111980E-02
2.277185E-02
2.435581E-02
2.548923E-02
2.605741E-02
2.618598E-02
2.588228E-02
2.508474E-02
2.372344E-02
2.160262E-02
1.839877E-02
1.413327E-02
9.353185E-03
4.696003E-03
5.569114E-04
-2.923301E-03
-5.335944E-03
-6.193596E-03
-5.698206E-03
-4.560639E-03
-3.177358E-03
-1.219052E-03
1.627980E-03
4.518479E-03
5.685461E-03
3.953443E-03
-2.358672E-04
-5.351242E-03
-1.035666E-02
-1.542319E-02
-2.089152E-02
-2.653966E-02
-3.199666E-02
-3.717204E-02
-4.222901E-02
-4.680534E-02
-4.990897E-02
-5.147620E-02
-5.280465E-02
-5.409804E-02
-5.400267E-02
-5.210840E-02
-4.938465E-02
-4.613211E-02
-4.171348E-02
-3.617402E-02
-3.041925E-02
-2.510501E-02
-2.047546E-02
-1.717638E-02
-1.569195E-02
-1.524231E-02
-1.456577E-02
-1.359793E-02
-1.316549E-02
-1.338222E-02
-1.350279E-02
-1.290059E-02
-1.144833E-02
-9.383921E-03
-6.788969E-03
-3.261891E-03
1.611205E-03
7.362196E-03
1.270521E-02
1.669253E-02
1.976465E-02
2.367043E-02
2.923320E-02
3.470697E-02
3.804553E-02
3.942489E-02
4.008527E-02
4.057503E-02
4.122555E-02
4.256928E-02
4.443712E-02
4.592626E-02
4.679679E-02
4.793965E-02
4.998326E-02
5.262791E-02
5.527279E-02
5.756949E-02
5.917254E-02
5.964209E-02
5.881238E-02
5.702094E-02
5.503191E-02
5.344321E-02
5.215833E-02
5.089967E-02
4.973430E-02
4.868369E-02
4.751284E-02
4.620588E-02
4.525140E-02
4.488016E-02
4.450215E-02
4.365108E-02
4.290419E-02
4.297776E-02
4.333265E-02
4.293711E-02
4.159774E-02
3.953022E-02
3.666409E-02
3.289191E-02
2.840530E-02
2.331039E-02
1.752464E-02
1.136939E-02
5.637390E-03
8.853086E-04
-2.982284E-03
-6.161468E-03
-8.622964E-03
-1.034982E-02
-1.151573E-02
-1.215286E-02
-1.196593E-02
-1.043487E-02
-7.400367E-03
-3.700108E-03
-4.384135E-04
1.960747E-03
3.602283E-03
4.853788E-03
5.920424E-03
6.625442E-03
6.997623E-03
7.385178E-03
7.739573E-03
7.515633E-03
6.590564E-03
5.603020E-03
5.119640E-03
5.130293E-03
5.224802E-03
5.158470E-03
5.222343E-03
5.845658E-03
6.829493E-03
7.372339E-03
7.207727E-03
6.955357E-03
7.154249E-03
7.634879E-03
7.773750E-03
6.928863E-03
5.256318E-03
3.972079E-03
4.264817E-03
6.007126E-03
7.766223E-03
8.312864E-03
7.648623E-03
6.600685E-03
6.062732E-03
6.630978E-03
8.207969E-03
9.951912E-03
1.100899E-02
1.098920E-02
1.019253E-02
9.366978E-03
8.944437E-03
8.662841E-03
8.224397E-03
7.502278E-03
6.081460E-03
3.818008E-03
1.296439E-03
-8.673489E-04
-2.449146E-03
-3.226146E-03
-2.781391E-03
-1.157961E-03
7.110743E-04
1.462054E-03
5.075742E-04
-1.474263E-03
-3.617399E-03
-5.518877E-03
-6.915801E-03
-7.592968E-03
-7.736443E-03
-7.703143E-03
-7.354888E-03
-6.198160E-03
-4.017846E-03
-1.085561E-03
1.993961E-03
4.642623E-03
6.362825E-03
6.809307E-03
6.162991E-03
5.161853E-03
4.589080E-03
4.532558E-03
4.452528E-03
4.006509E-03
3.095002E-03
1.393294E-03
-1.366209E-03
-4.750132E-03
-7.944530E-03
-1.052167E-02
-1.293142E-02
-1.584582E-02
-1.934748E-02
-2.310307E-02
-2.677561E-02
-2.979656E-02
-3.162067E-02
-3.227305E-02
-3.217450E-02
-3.156685E-02
-3.061070E-02
-2.964141E-02
-2.922136E-02
-2.965764E-02
-3.054936E-02
-3.129261E-02
-3.174921E-02
-3.228614E-02
-3.354041E-02
-3.591601E-02
-3.905099E-02
-4.194977E-02
-4.380021E-02
-4.476067E-02
-4.567835E-02
-4.696236E-02
-4.858506E-02
-5.095817E-02
-5.399121E-02
-5.615574E-02
-5.638983E-02
-5.549028E-02
-5.447227E-02
-5.342749E-02
-5.205249E-02
-5.016658E-02
-4.813844E-02
-4.648686E-02
-4.507962E-02
-4.334069E-02
-4.131844E-02
-3.941283E-02
-3.718403E-02
-3.404721E-02
-3.043490E-02
-2.720683E-02
-2.468789E-02
-2.290427E-02
-2.167096E-02
-2.049114E-02
-1.920225E-02
-1.821937E-02
-1.777009E-02
-1.782407E-02
-1.836367E-02
-1.906561E-02
-1.940712E-02
-1.928361E-02
-1.912195E-02
-1.918247E-02
-1.921661E-02
-1.897397E-02
-1.860863E-02
-1.857164E-02
-1.916549E-02
-2.026233E-02
-2.156287E-02
-2.293807E-02
-2.440899E-02
-2.585219E-02
-2.681894E-02
-2.710630E-02
-2.726756E-02
-2.807362E-02
-2.990876E-02
-3.254374E-02
-3.515699E-02
-3.702531E-02
-3.832546E-02
-3.980675E-02
-4.191137E-02
-4.451266E-02
-4.684090E-02
-4.788883E-02
-4.752755E-02
-4.660719E-02
-4.585305E-02
-4.519225E-02
-4.418994E-02
-4.282047E-02
-4.159037E-02
-4.077548E-02
-3.997524E-02
-3.869594E-02
-3.689943E-02
-3.495155E-02
-3.304387E-02
-3.126942E-02
-2.994639E-02
-2.884866E-02
-2.683490E-02
-2.298308E-02
-1.801646E-02
-1.374518E-02
-1.089519E-02
-8.878114E-03
-7.217280E-03
-5.834894E-03
-4.812715E-03
-4.731113E-03
-6.206748E-03
-8.877517E-03
-1.172666E-02
-1.433736E-02
-1.692593E-02
-1.950714E-02
-2.142874E-02
-2.203684E-02
-2.167298E-02
-2.132121E-02
-2.155268E-02
-2.225248E-02
-2.279997E-02
-2.220351E-02
-2.005542E-02
-1.727430E-02
-1.534912E-02
-1.496944E-02
-1.546505E-02
-1.550212E-02
-1.448015E-02
-1.310114E-02
-1.261982E-02
-1.354047E-02
-1.554191E-02
-1.838543E-02
-2.193749E-02
-2.572279E-02
-2.871853E-02
-2.999735E-02
-3.044034E-02
-3.234151E-02
-3.660680E-02
-4.179092E-02
-4.626976E-02
-5.002692E-02
-5.338903E-02
-5.611033E-02
-5.841890E-02
-6.117943E-02
-6.450950E-02
-6.762634E-02
-7.026648E-02
-7.290264E-02
-7.549873E-02
-7.736897E-02
-7.836452E-02
-7.894967E-02
-7.929880E-02
-7.938465E-02
-7.937194E-02
-7.932251E-02
-7.923880E-02
-7.928207E-02
-7.983885E-02
-8.129525E-02
-8.328196E-02
-8.468657E-02
-8.484183E-02
-8.413992E-02
-8.335073E-02
-8.287235E-02
-8.296194E-02
-8.352917E-02
-8.344526E-02
-8.153571E-02
-7.796070E-02
-7.387740E-02
-7.031343E-02
-6.743391E-02
-6.441960E-02
-6.067672E-02
-5.665821E-02
-5.284800E-02
-4.892574E-02
-4.456361E-02
-4.026022E-02
-3.740365E-02
-3.698445E-02
-3.790019E-02
-3.786845E-02
-3.593195E-02
-3.315559E-02
-3.127458E-02
-3.090089E-02
-3.097732E-02
-3.008086E-02
-2.785084E-02
-2.496320E-02
-2.204251E-02
-1.933839E-02
-1.685258E-02
-1.465105E-02
-1.304358E-02
-1.245606E-02
-1.303730E-02
-1.434054E-02
-1.570471E-02
-1.655142E-02
-1.657827E-02
-1.619600E-02
-1.619758E-02
-1.655840E-02
-1.626202E-02
-1.507157E-02
-1.422355E-02
-1.455217E-02
-1.546983E-02
-1.620850E-02
-1.683788E-02
-1.753087E-02
-1.790943E-02
-1.772273E-02
-1.741214E-02
-1.728641E-02
-1.703199E-02
-1.609830E-02
-1.429611E-02
-1.198175E-02
-9.774894E-03
-7.899568E-03
-5.843933E-03
-2.955262E-03
8.180215E-04
4.839827E-03
8.505328E-03
1.178561E-02
1.478376E-02
1.729910E-02
1.921160E-02
2.114894E-02
2.346111E-02
2.502894E-02
2.477682E-02
2.327287E-02
2.186440E-02
2.106403E-02
2.041425E-02
1.957478E-02
1.863248E-02
1.791716E-02
1.807411E-02
1.935332E-02
2.098583E-02
2.212502E-02
2.258913E-02
2.273366E-02
2.306399E-02
2.379948E-02
2.451940E-02
2.457694E-02
2.409152E-02
2.374939E-02
2.374131E-02
2.333648E-02
2.183102E-02
1.964095E-02
1.779318E-02
1.677397E-02
1.619907E-02
1.541847E-02
1.416252E-02
1.286679E-02
1.233592E-02
1.272961E-02
1.338056E-02
1.364593E-02
1.353391E-02
1.294364E-02
1.138547E-02
8.948392E-03
6.733966E-03
6.084474E-03
7.317352E-03
9.402243E-03
1.125305E-02
1.273746E-02
1.430926E-02
1.610385E-02
1.772672E-02
1.877537E-02
1.924796E-02
1.949170E-02
1.970037E-02
1.980169E-02
1.982080E-02
1.990731E-02
1.981826E-02
1.893035E-02
1.724893E-02
1.552737E-02
1.441977E-02
1.413293E-02
1.449731E-02
1.510648E-02
1.556062E-02
1.576072E-02
1.598626E-02
1.650593E-02
1.729408E-02
1.825143E-02
1.923510E-02
2.008608E-02
2.075731E-02
2.145798E-02
2.244038E-02
2.345478E-02
2.396664E-02
2.396164E-02
2.430572E-02
2.571841E-02
2.770369E-02
2.914344E-02
2.968548E-02
2.969560E-02
2.951389E-02
2.951344E-02
3.017687E-02
3.140452E-02
3.270074E-02
3.395117E-02
3.544758E-02
3.730011E-02
3.934340E-02
4.169394E-02
4.464045E-02
4.796548E-02
5.091437E-02
5.291205E-02
5.391006E-02
5.422957E-02
5.402493E-02
5.322754E-02
5.175685E-02
4.941185E-02
4.581889E-02
4.104365E-02
3.609223E-02
3.212121E-02
2.922115E-02
2.672027E-02
2.434301E-02
2.234540E-02
2.050397E-02
1.819857E-02
1.572051E-02
1.412282E-02
1.355217E-02
1.323148E-02
1.276979E-02
1.235778E-02
1.224806E-02
1.258766E-02
1.336686E-02
1.423499E-02
1.479618E-02
1.489746E-02
1.464988E-02
1.429572E-02
1.395963E-02
1.352740E-02
1.298588E-02
1.276297E-02
1.314549E-02
1.397791E-02
1.493141E-02
1.574704E-02
1.642744E-02
1.726069E-02
1.868306E-02
2.084484E-02
2.351380E-02
2.636144E-02
2.897552E-02
3.108041E-02
3.271343E-02
3.430312E-02
3.637757E-02
3.894161E-02
4.138934E-02
4.340715E-02
4.546918E-02
4.799892E-02
5.068568E-02
5.304199E-02
5.500886E-02
5.683345E-02
5.873882E-02
6.077688E-02
6.256344E-02
6.341267E-02
6.327465E-02
6.294282E-02
6.309776E-02
6.359805E-02
6.384513E-02
6.322229E-02
6.129259E-02
5.811007E-02
5.416880E-02
5.002945E-02
4.602737E-02
4.229332E-02
3.877533E-02
3.529510E-02
3.173517E-02
2.822444E-02
2.490032E-02
2.178831E-02
1.901221E-02
1.659167E-02
1.419794E-02
1.124790E-02
7.448435E-03
3.247691E-03
-4.934809E-04
-3.268267E-03
-5.128149E-03
-6.562051E-03
-8.198569E-03
-1.051375E-02
-1.342993E-02
-1.626658E-02
-1.859580E-02
-2.046748E-02
-2.188657E-02
-2.276540E-02
-2.322316E-02
-2.342293E-02
-2.315812E-02
-2.201830E-02
-1.998519E-02
-1.748229E-02
-1.514684E-02
-1.353778E-02
-1.281219E-02
-1.258113E-02
-1.236984E-02
-1.223657E-02
-1.260958E-02
-1.357450E-02
-1.456666E-02
-1.504205E-02
-1.501626E-02
-1.473459E-02
-1.409645E-02
-1.288517E-02
-1.105818E-02
-8.680718E-03
-5.751393E-03
-2.209550E-03
1.822507E-03
5.895998E-03
9.496947E-03
1.250247E-02
1.522580E-02
1.780580E-02
1.957952E-02
1.977129E-02
1.861125E-02
1.714481E-02
1.600546E-02
1.493533E-02
1.338100E-02
1.099089E-02
7.966616E-03
5.050682E-03
2.939931E-03
1.603099E-03
5.581026E-04
-4.352923E-04
-1.325382E-03
-2.081644E-03
-2.843740E-03
-3.801985E-03
-5.227077E-03
-7.171954E-03
-9.242129E-03
-1.096441E-02
-1.236245E-02
-1.394321E-02
-1.599295E-02
-1.842942E-02
-2.091812E-02
-2.286506E-02
-2.375439E-02
-2.379449E-02
-2.406226E-02
-2.509917E-02
-2.600135E-02
-2.579175E-02
-2.489420E-02
-2.429319E-02
-2.419784E-02
-2.406608E-02
-2.335470E-02
-2.184728E-02
-1.966630E-02
-1.730519E-02
-1.539641E-02
-1.438278E-02
-1.441902E-02
-1.546690E-02
-1.743120E-02
-2.001337E-02
-2.250042E-02
-2.399977E-02
-2.407017E-02
-2.293182E-02
-2.081928E-02
-1.750343E-02
-1.308707E-02
-8.726358E-03
-5.581721E-03
-3.389667E-03
-1.043807E-03
1.580436E-03
3.271598E-03
3.274651E-03
2.618713E-03
2.887148E-03
4.309536E-03
5.935873E-03
7.235478E-03
8.525128E-03
1.012146E-02
1.189532E-02
1.343159E-02
1.425145E-02
1.428594E-02
1.413558E-02
1.424689E-02
1.421589E-02
1.363321E-02
1.297532E-02
1.290383E-02
1.345212E-02
1.445443E-02
1.582120E-02
1.719318E-02
1.803807E-02
1.809355E-02
1.741324E-02
1.603894E-02
1.411612E-02
1.215326E-02
1.059182E-02
9.529535E-03
8.919605E-03
8.609623E-03
8.098788E-03
6.818324E-03
4.704227E-03
2.076873E-03
-6.632553E-04
-3.066738E-03
-4.914339E-03
-6.500976E-03
-8.302285E-03
-1.029774E-02
-1.192557E-02
-1.297580E-02
-1.369503E-02
-1.415389E-02
-1.428658E-02
-1.431395E-02
-1.441350E-02
-1.432631E-02
-1.371537E-02
-1.267847E-02
-1.149734E-02
-9.945319E-03
-7.403600E-03
-3.673508E-03
6.116847E-04
4.426130E-03
7.319295E-03
9.854402E-03
1.268062E-02
1.577353E-02
1.874333E-02
2.117074E-02
2.264713E-02
2.294179E-02
2.254167E-02
2.208714E-02
2.147047E-02
2.038784E-02
1.936767E-02
1.922374E-02
1.998677E-02
2.110432E-02
2.216440E-02
2.296425E-02
2.328673E-02
2.317167E-02
2.281339E-02
2.217645E-02
2.117341E-02
1.991158E-02
1.851176E-02
1.700530E-02
1.555011E-02
1.438649E-02
1.358795E-02
1.300938E-02
1.249341E-02
1.201126E-02
1.149315E-02
1.077554E-02
9.783532E-03
8.423122E-03
6.261466E-03
3.147719E-03
-9.248005E-05
-2.536666E-03
-3.965025E-03
-4.367333E-03
-3.576482E-03
-1.640465E-03
7.638909E-04
3.164881E-03
5.968821E-03
9.628293E-03
1.390919E-02
1.817203E-02
2.228832E-02
2.656248E-02
3.089064E-02
3.453516E-02
3.675521E-02
3.734249E-02
3.678009E-02
3.592459E-02
3.496614E-02
3.305429E-02
2.937938E-02
2.419586E-02
1.882605E-02
1.470997E-02
1.236902E-02
1.131040E-02
1.083263E-02
1.046350E-02
9.873791E-03
8.819445E-03
7.223126E-03
5.163449E-03
2.935820E-03
9.374779E-04
-8.706654E-04
-3.135402E-03
-6.347560E-03
-9.998449E-03
-1.323619E-02
-1.576058E-02
-1.760821E-02
-1.886603E-02
-1.978485E-02
-2.081953E-02
-2.210767E-02
-2.339104E-02
-2.432056E-02
-2.469167E-02
-2.447261E-02
-2.373707E-02
-2.255639E-02
-2.082353E-02
-1.846214E-02
-1.568373E-02
-1.279990E-02
-9.960795E-03
-7.306736E-03
-5.121443E-03
-3.479938E-03
-1.917636E-03
2.692409E-04
3.343782E-03
6.965334E-03
1.058365E-02
1.372719E-02
1.610186E-02
1.766518E-02
1.848377E-02
1.856643E-02
1.800262E-02
1.708220E-02
1.605797E-02
1.466411E-02
1.258451E-02
1.024999E-02
8.518605E-03
7.703932E-03
7.556465E-03
7.757165E-03
8.064135E-03
8.340797E-03
8.684318E-03
9.316421E-03
1.053587E-02
1.274656E-02
1.584903E-02
1.887708E-02
2.067561E-02
2.097162E-02
2.050715E-02
1.998568E-02
1.935107E-02
1.830250E-02
1.688831E-02
1.508879E-02
1.265517E-02
9.714787E-03
7.119723E-03
5.696025E-03
5.590224E-03
6.564757E-03
7.940215E-03
8.908130E-03
9.405848E-03
1.024354E-02
1.190039E-02
1.372517E-02
1.482225E-02
1.516208E-02
1.527451E-02
1.536338E-02
1.530163E-02
1.517734E-02
1.511003E-02
1.490890E-02
1.446117E-02
1.385217E-02
1.278273E-02
1.090906E-02
8.547289E-03
6.328181E-03
4.623507E-03
3.621397E-03
3.551006E-03
4.290488E-03
5.135210E-03
5.548210E-03
5.866440E-03
6.903546E-03
8.719382E-03
1.029080E-02
1.088978E-02
1.061286E-02
9.763045E-03
8.676587E-03
7.759611E-03
7.308772E-03
7.274590E-03
7.201845E-03
6.636750E-03
5.889215E-03
5.660251E-03
6.008731E-03
6.330210E-03
6.237355E-03
5.774820E-03
5.430128E-03
5.833930E-03
7.006182E-03
8.557260E-03
1.039096E-02
1.291015E-02
1.647414E-02
2.095950E-02
2.580025E-02
3.042705E-02
3.459057E-02
3.835240E-02
4.184708E-02
4.509568E-02
4.797351E-02
5.043572E-02
5.272029E-02
5.497644E-02
5.689961E-02
5.815405E-02
5.907483E-02
6.041624E-02
6.205624E-02
6.251599E-02
6.078852E-02
5.794307E-02
5.567488E-02
5.422884E-02
5.295583E-02
5.174563E-02
5.078402E-02
4.980227E-02
4.818245E-02
4.560486E-02
4.224508E-02
3.835746E-02
3.411179E-02
2.943686E-02
2.418554E-02
1.850189E-02
1.290727E-02
7.789178E-03
3.123094E-03
-1.120689E-03
-4.846710E-03
-8.183137E-03
-1.138559E-02
-1.448937E-02
-1.719304E-02
-1.925204E-02
-2.086164E-02
-2.233258E-02
-2.371164E-02
-2.486833E-02
-2.565882E-02
-2.607610E-02
-2.626968E-02
-2.630949E-02
-2.589638E-02
-2.452247E-02
-2.216509E-02
-1.938859E-02
-1.657418E-02
-1.356487E-02
-1.005750E-02
-6.090681E-03
-2.047639E-03
1.618497E-03
4.638435E-03
7.146932E-03
9.698186E-03
1.282291E-02
1.656813E-02
2.062444E-02
2.445209E-02
2.717661E-02
2.813841E-02
2.759761E-02
2.631973E-02
2.481616E-02
2.330990E-02
2.182917E-02
2.042631E-02
1.915920E-02
1.786136E-02
1.636021E-02
1.465666E-02
1.270814E-02
1.028088E-02
7.253778E-03
3.962372E-03
8.948148E-04
-1.888471E-03
-4.724348E-03
-7.675529E-03
-1.048484E-02
-1.305124E-02
-1.541244E-02
-1.738557E-02
-1.878313E-02
-1.990569E-02
-2.124714E-02
-2.274330E-02
-2.384404E-02
-2.418246E-02
-2.403988E-02
-2.387893E-02
-2.386521E-02
-2.426156E-02
-2.523706E-02
-2.639741E-02
-2.728934E-02
-2.799457E-02
-2.882331E-02
-2.993097E-02
-3.120395E-02
-3.223883E-02
-3.260414E-02
-3.240915E-02
-3.221114E-02
-3.228427E-02
-3.234363E-02
-3.202922E-02
-3.146142E-02
-3.095114E-02
-3.055857E-02
-3.023192E-02
-2.984540E-02
-2.920702E-02
-2.823105E-02
-2.687924E-02
-2.529650E-02
-2.372568E-02
-2.219697E-02
-2.068460E-02
-1.933614E-02
-1.840286E-02
-1.804518E-02
-1.830034E-02
-1.930327E-02
-2.098035E-02
-2.245863E-02
-2.291670E-02
-2.271262E-02
-2.255057E-02
-2.246866E-02
-2.216656E-02
-2.162785E-02
-2.109876E-02
-2.049243E-02
-1.956950E-02
-1.836584E-02
-1.725442E-02
-1.685571E-02
-1.755538E-02
-1.910980E-02
-2.106679E-02
-2.312400E-02
-2.505429E-02
-2.665711E-02
-2.794531E-02
-2.904196E-02
-3.001623E-02
-3.074202E-02
-3.100856E-02
-3.061666E-02
-2.956715E-02
-2.817656E-02
-2.710265E-02
-2.700833E-02
-2.791014E-02
-2.929042E-02
-3.074709E-02
-3.222921E-02
-3.361249E-02
-3.458741E-02
-3.506575E-02
-3.518610E-02
-3.508716E-02
-3.479949E-02
-3.435651E-02
-3.400877E-02
-3.390089E-02
-3.371793E-02
-3.325720E-02
-3.255093E-02
-3.154237E-02
-3.022635E-02
-2.907948E-02
-2.863333E-02
-2.873201E-02
-2.887644E-02
-2.907559E-02
-2.959364E-02
-3.022776E-02
-3.066279E-02
-3.074324E-02
-3.030839E-02
-2.933745E-02
-2.813236E-02
-2.715321E-02
-2.664954E-02
-2.656852E-02
-2.677829E-02
-2.732677E-02
-2.844862E-02
-3.002765E-02
-3.169149E-02
-3.325952E-02
-3.463372E-02
-3.569332E-02
-3.652512E-02
-3.760071E-02
-3.919354E-02
-4.106993E-02
-4.288099E-02
-4.469554E-02
-4.678854E-02
-4.883171E-02
-5.055052E-02
-5.281500E-02
-5.603508E-02
-5.883561E-02
-6.032710E-02
-6.129882E-02
-6.245698E-02
-6.336890E-02
-6.351671E-02
-6.316404E-02
-6.280649E-02
-6.241693E-02
-6.153709E-02
-6.027836E-02
-5.945749E-02
-5.940238E-02
-5.945639E-02
-5.892581E-02
-5.778860E-02
-5.654406E-02
-5.559981E-02
-5.467407E-02
-5.311119E-02
-5.073879E-02
-4.787270E-02
-4.516141E-02
-4.325644E-02
-4.221316E-02
-4.172244E-02
-4.177602E-02
-4.245565E-02
-4.326264E-02
-4.358631E-02
-4.341928E-02
-4.293580E-02
-4.211996E-02
-4.094382E-02
-3.968275E-02
-3.871685E-02
-3.801078E-02
-3.733354E-02
-3.672325E-02
-3.643015E-02
-3.670204E-02
-3.762637E-02
-3.884476E-02
-3.972935E-02
-4.015244E-02
-4.039576E-02
-4.056551E-02
-4.079186E-02
-4.116739E-02
-4.129204E-02
-4.062312E-02
-3.924383E-02
-3.788690E-02
-3.693165E-02
-3.588536E-02
-3.414669E-02
-3.194774E-02
-2.993148E-02
-2.848685E-02
-2.749199E-02
-2.651855E-02
-2.535010E-02
-2.416163E-02
-2.317729E-02
-2.223508E-02
-2.095731E-02
-1.927505E-02
-1.750862E-02
-1.592634E-02
-1.448713E-02
-1.295335E-02
-1.106006E-02
-8.929610E-03
-7.046010E-03
-5.821450E-03
-5.524081E-03
-6.242212E-03
-7.644677E-03
-9.005548E-03
-9.809107E-03
-1.011708E-02
-1.035095E-02
-1.084694E-02
-1.156688E-02
-1.216295E-02
-1.230965E-02
-1.210915E-02
-1.222779E-02
-1.326125E-02
-1.525612E-02
-1.777517E-02
-2.040902E-02
-2.301243E-02
-2.570868E-02
-2.864309E-02
-3.170677E-02
-3.441822E-02
-3.633172E-02
-3.747781E-02
-3.832153E-02
-3.917541E-02
-3.988605E-02
-4.013156E-02
-3.988246E-02
-3.938568E-02
-3.887784E-02
-3.860978E-02
-3.881614E-02
-3.958741E-02
-4.072880E-02
-4.180665E-02
-4.245889E-02
-4.272728E-02
-4.285848E-02
-4.303438E-02
-4.299435E-02
-4.216189E-02
-4.022629E-02
-3.733401E-02
-3.393682E-02
-3.061215E-02
-2.789544E-02
-2.608845E-02
-2.501271E-02
-2.399713E-02
-2.230107E-02
-1.993382E-02
-1.756323E-02
-1.561307E-02
-1.396258E-02
-1.223505E-02
-1.020493E-02
-7.824256E-03
-5.106286E-03
-2.286578E-03
6.061754E-04
3.692067E-03
6.617473E-03
8.811355E-03
1.014448E-02
1.099781E-02
1.252564E-02
1.559978E-02
1.912481E-02
2.134767E-02
2.247121E-02
2.402082E-02
2.653648E-02
2.924000E-02
3.114334E-02
3.202159E-02
3.246621E-02
3.310874E-02
3.385032E-02
3.411593E-02
3.352485E-02
3.247230E-02
3.181920E-02
3.186575E-02
3.228525E-02
3.275558E-02
3.320019E-02
3.391030E-02
3.519731E-02
3.693887E-02
3.866800E-02
3.988099E-02
4.046384E-02
4.087992E-02
4.152086E-02
4.213043E-02
4.229911E-02
4.216690E-02
4.211122E-02
4.215068E-02
4.212652E-02
4.208202E-02
4.217458E-02
4.252772E-02
4.333354E-02
4.478911E-02
4.667721E-02
4.825434E-02
4.893319E-02
4.875517E-02
4.816233E-02
4.767390E-02
4.750890E-02
4.741446E-02
4.693267E-02
4.592994E-02
4.470913E-02
4.368889E-02
4.307847E-02
4.264671E-02
4.204186E-02
4.105735E-02
3.961101E-02
3.787813E-02
3.610158E-02
3.428825E-02
3.221226E-02
2.953926E-02
2.627251E-02
2.288244E-02
1.995144E-02
1.782145E-02
1.631566E-02
1.491770E-02
1.347488E-02
1.230968E-02
1.178062E-02
1.184436E-02
1.224579E-02
1.292577E-02
1.399889E-02
1.540459E-02
1.703309E-02
1.898943E-02
2.121171E-02
2.326634E-02
2.494305E-02
2.653042E-02
2.836949E-02
3.021907E-02
3.155317E-02
3.242192E-02
3.324301E-02
3.413074E-02
3.496363E-02
3.562462E-02
3.602233E-02
3.600275E-02
3.558293E-02
3.514702E-02
3.506860E-02
3.526977E-02
3.538588E-02
3.513870E-02
3.473286E-02
3.456244E-02
3.456973E-02
3.446674E-02
3.419542E-02
3.375861E-02
3.304651E-02
3.192033E-02
3.040652E-02
2.884610E-02
2.763778E-02
2.689467E-02
2.642055E-02
2.588001E-02
2.513231E-02
2.438531E-02
2.402392E-02
2.384652E-02
2.328110E-02
2.205555E-02
2.007298E-02
1.756976E-02
1.526889E-02
1.379169E-02
1.298162E-02
1.222361E-02
1.123363E-02
1.040168E-02
1.014548E-02
1.050226E-02
1.130594E-02
1.238906E-02
1.348806E-02
1.422412E-02
1.449352E-02
1.451816E-02
1.439728E-02
1.395788E-02
1.315314E-02
1.231240E-02
1.193276E-02
1.216950E-02
1.298467E-02
1.417981E-02
1.532939E-02
1.603129E-02
1.613798E-02
1.576273E-02
1.522568E-02
1.485849E-02
1.469595E-02
1.441990E-02
1.372646E-02
1.279155E-02
1.207626E-02
1.154648E-02
1.067363E-02
9.436033E-03
8.236405E-03
7.037031E-03
5.582320E-03
4.100701E-03
2.927208E-03
1.860856E-03
5.811559E-04
-5.354855E-04
-7.180071E-04
3.999575E-04
2.654548E-03
5.649682E-03
9.056089E-03
1.262927E-02
1.603988E-02
1.884842E-02
2.092071E-02
2.264854E-02
2.433392E-02
2.568497E-02
2.618578E-02
2.562614E-02
2.403260E-02
2.159281E-02
1.880816E-02
1.630599E-02
1.411420E-02
1.161158E-02
8.394129E-03
4.747513E-03
1.365231E-03
-1.132460E-03
-2.800938E-03
-4.279013E-03
-6.136401E-03
-8.336766E-03
-1.045173E-02
-1.205027E-02
-1.309565E-02
-1.406708E-02
-1.552176E-02
-1.727211E-02
-1.845173E-02
-1.859439E-02
-1.789054E-02
-1.678144E-02
-1.570393E-02
-1.498206E-02
-1.474650E-02
-1.504479E-02
-1.600987E-02
-1.767395E-02
-1.988274E-02
-2.232466E-02
-2.449625E-02
-2.597297E-02
-2.659849E-02
-2.642100E-02
-2.544752E-02
-2.379570E-02
-2.182723E-02
-1.988561E-02
-1.798185E-02
-1.599394E-02
-1.391933E-02
-1.197683E-02
-1.074432E-02
-1.060531E-02
-1.123050E-02
-1.190701E-02
-1.242214E-02
-1.308113E-02
-1.419314E-02
-1.578666E-02
-1.751525E-02
-1.901755E-02
-2.017385E-02
-2.097399E-02
-2.128514E-02
-2.105640E-02
-2.050867E-02
-1.999274E-02
-1.979141E-02
-1.998447E-02
-2.039669E-02
-2.078545E-02
-2.100896E-02
-2.119639E-02
-2.172032E-02
-2.296495E-02
-2.483197E-02
-2.666024E-02
-2.792048E-02
-2.868670E-02
-2.918794E-02
-2.952834E-02
-2.978050E-02
-2.989929E-02
-2.965467E-02
-2.885593E-02
-2.753151E-02
-2.578911E-02
-2.396903E-02
-2.248397E-02
-2.141922E-02
-2.057406E-02
-1.994326E-02
-1.955686E-02
-1.903365E-02
-1.807147E-02
-1.693564E-02
-1.609141E-02
-1.571033E-02
-1.549637E-02
-1.496692E-02
-1.390414E-02
-1.263447E-02
-1.158169E-02
-1.068541E-02
-9.873131E-03
-9.322690E-03
-9.059899E-03
-8.781659E-03
-8.224596E-03
-7.494992E-03
-6.813071E-03
-6.270937E-03
-5.787703E-03
-4.937147E-03
-3.240246E-03
-7.746188E-04
1.923861E-03
4.493651E-03
6.986896E-03
9.512966E-03
1.196199E-02
1.421196E-02
1.609471E-02
1.737983E-02
1.798907E-02
1.816958E-02
1.842698E-02
1.915229E-02
2.027076E-02
2.132132E-02
2.197016E-02
2.245668E-02
2.331880E-02
2.482563E-02
2.678079E-02
2.879750E-02
3.061157E-02
3.211626E-02
3.332884E-02
3.445577E-02
3.554802E-02
3.633507E-02
3.659981E-02
3.638846E-02
3.596998E-02
3.548855E-02
3.481798E-02
3.376701E-02
3.219812E-02
3.029426E-02
2.862396E-02
2.764178E-02
2.728854E-02
2.719538E-02
2.729519E-02
2.771210E-02
2.841311E-02
2.910929E-02
2.948508E-02
2.961876E-02
2.994346E-02
3.076501E-02
3.197968E-02
3.329545E-02
3.448541E-02
3.538128E-02
3.604870E-02
3.687488E-02
3.791249E-02
3.888234E-02
3.960301E-02
4.006684E-02
4.022158E-02
4.000636E-02
3.948935E-02
3.868901E-02
3.751078E-02
3.598543E-02
3.421273E-02
3.218564E-02
2.983849E-02
2.721905E-02
2.460216E-02
2.241933E-02
2.085337E-02
1.968460E-02
1.843665E-02
1.670883E-02
1.453674E-02
1.243517E-02
1.078550E-02
9.540906E-03
8.540582E-03
7.845487E-03
7.629356E-03
7.926850E-03
8.557146E-03
9.401737E-03
1.052245E-02
1.173408E-02
1.237574E-02
1.180920E-02
1.049326E-02
9.446163E-03
8.669224E-03
7.475681E-03
5.748392E-03
4.022601E-03
2.724237E-03
1.933959E-03
1.452095E-03
1.284988E-03
1.838881E-03
3.468463E-03
6.023180E-03
8.853406E-03
1.132199E-02
1.338597E-02
1.530216E-02
1.716711E-02
1.882496E-02
1.993103E-02
2.029346E-02
2.013881E-02
1.981590E-02
1.947541E-02
1.907024E-02
1.872623E-02
1.873719E-02
1.898878E-02
1.906408E-02
1.892937E-02
1.878719E-02
1.869070E-02
1.869167E-02
1.885728E-02
1.904899E-02
1.893237E-02
1.843899E-02
1.790715E-02
1.758236E-02
1.721157E-02
1.651733E-02
1.556749E-02
1.448362E-02
1.323094E-02
1.194202E-02
1.096772E-02
1.045356E-02
1.031250E-02
1.025604E-02
1.005916E-02
9.620972E-03
9.021302E-03
8.385409E-03
7.481510E-03
6.123052E-03
4.652678E-03
3.700300E-03
3.487680E-03
3.670633E-03
3.826612E-03
4.012403E-03
4.515197E-03
5.389240E-03
6.564749E-03
7.871796E-03
9.120620E-03
1.013693E-02
1.093060E-02
1.187422E-02
1.322177E-02
1.475388E-02
1.613338E-02
1.719830E-02
1.791718E-02
1.833226E-02
1.858073E-02
1.899544E-02
1.982725E-02
2.107433E-02
2.259716E-02
2.421002E-02
2.581245E-02
2.739243E-02
2.888597E-02
3.033300E-02
3.183338E-02
3.324759E-02
3.402376E-02
3.366082E-02
3.231975E-02
3.048054E-02
2.829059E-02
2.544319E-02
2.165280E-02
1.710130E-02
1.225740E-02
7.536320E-03
3.158437E-03
-6.043371E-04
-3.380184E-03
-5.173311E-03
-6.361699E-03
-7.259212E-03
-7.874036E-03
-8.064456E-03
-7.977876E-03
-7.981327E-03
-8.157361E-03
-8.276815E-03
-8.186887E-03
-7.869306E-03
-7.350592E-03
-6.754615E-03
-6.468755E-03
-6.826807E-03
-7.784731E-03
-8.986677E-03
-1.021390E-02
-1.143198E-02
-1.255791E-02
-1.343609E-02
-1.393449E-02
-1.387228E-02
-1.302467E-02
-1.142197E-02
-9.497618E-03
-7.607033E-03
-5.732751E-03
-3.878258E-03
-2.367283E-03
-1.618926E-03
-1.757438E-03
-2.770911E-03
-4.646618E-03
-7.141024E-03
-9.670485E-03
-1.192757E-02
-1.396603E-02
-1.572103E-02
-1.698844E-02
-1.771365E-02
-1.799108E-02
-1.779517E-02
-1.709412E-02
-1.612937E-02
-1.526307E-02
-1.450318E-02
-1.372756E-02
-1.321803E-02
-1.336492E-02
-1.417380E-02
-1.526064E-02
-1.635308E-02
-1.745064E-02
-1.847699E-02
-1.930451E-02
-2.009349E-02
-2.105471E-02
-2.210237E-02
-2.310851E-02
-2.407173E-02
-2.496878E-02
-2.572629E-02
-2.631044E-02
-2.674991E-02
-2.712094E-02
-2.741993E-02
-2.752063E-02
-2.736475E-02
-2.711560E-02
-2.703434E-02
-2.734316E-02
-2.816786E-02
-2.940927E-02
-3.075296E-02
-3.199187E-02
-3.314519E-02
-3.425939E-02
-3.529552E-02
-3.625445E-02
-3.727567E-02
-3.823986E-02
-3.864860E-02
-3.822917E-02
-3.713330E-02
-3.540425E-02
-3.291306E-02
-2.984359E-02
-2.672600E-02
-2.402010E-02
-2.160247E-02
-1.917394E-02
-1.673127E-02
-1.429052E-02
-1.175522E-02
-9.141481E-03
-6.526321E-03
-3.848406E-03
-1.026869E-03
1.767950E-03
4.235129E-03
6.243666E-03
7.929355E-03
9.202444E-03
9.808666E-03
9.813385E-03
9.451066E-03
8.741023E-03
7.503663E-03
5.699516E-03
3.548729E-03
1.426837E-03
-3.797991E-04
-1.699648E-03
-2.473142E-03
-2.663607E-03
-2.097694E-03
-7.416041E-04
9.338483E-04
2.375963E-03
3.435670E-03
4.097700E-03
4.051504E-03
2.885651E-03
5.413283E-04
-2.722611E-03
-6.620200E-03
-1.100064E-02
-1.572497E-02
-2.054466E-02
-2.500586E-02
-2.879245E-02
-3.193504E-02
-3.452467E-02
-3.642488E-02
-3.743242E-02
-3.756226E-02
-3.701651E-02
-3.591605E-02
-3.441497E-02
-3.281697E-02
-3.141210E-02
-3.036172E-02
-2.969614E-02
-2.935227E-02
-2.913756E-02
-2.882209E-02
-2.840642E-02
-2.810352E-02
-2.792386E-02
-2.762972E-02
-2.727882E-02
-2.719132E-02
-2.744645E-02
-2.766585E-02
-2.764550E-02
-2.766444E-02
-2.800352E-02
-2.846073E-02
-2.872949E-02
-2.886585E-02
-2.916854E-02
-2.969656E-02
-3.027727E-02
-3.082741E-02
-3.143570E-02
-3.191139E-02
-3.191415E-02
-3.143731E-02
-3.085901E-02
-3.053472E-02
-3.051865E-02
-3.072149E-02
-3.088366E-02
-3.064630E-02
-2.998331E-02
-2.932317E-02
-2.893953E-02
-2.867344E-02
-2.833433E-02
-2.785783E-02
-2.727317E-02
-2.675118E-02
-2.646531E-02
-2.638091E-02
-2.622123E-02
-2.596305E-02
-2.579783E-02
-2.559349E-02
-2.527431E-02
-2.497493E-02
-2.476946E-02
-2.459550E-02
-2.430646E-02
-2.382869E-02
-2.320802E-02
-2.265584E-02
-2.222347E-02
-2.181783E-02
-2.133132E-02
-2.058593E-02
-1.940061E-02
-1.780127E-02
-1.600100E-02
-1.404447E-02
-1.173577E-02
-8.864708E-03
-5.480322E-03
-2.019950E-03
9.273335E-04
3.206834E-03
5.254277E-03
7.486454E-03
9.942070E-03
1.235312E-02
1.423677E-02
1.509814E-02
1.490775E-02
1.425883E-02
1.368103E-02
1.310328E-02
1.222400E-02
1.108456E-02
1.001392E-02
9.269832E-03
8.919268E-03
8.766044E-03
8.392131E-03
7.607489E-03
6.528309E-03
5.417412E-03
4.539239E-03
3.934207E-03
3.501766E-03
3.210084E-03
3.153538E-03
3.359558E-03
3.646356E-03
3.601054E-03
2.752257E-03
1.027940E-03
-1.419356E-03
-4.215549E-03
-7.039902E-03
-9.876923E-03
-1.277180E-02
-1.542025E-02
-1.712970E-02
-1.763162E-02
-1.737433E-02
-1.694128E-02
-1.658643E-02
-1.612142E-02
-1.532347E-02
-1.426299E-02
-1.328221E-02
-1.266752E-02
-1.231478E-02
-1.193262E-02
-1.125600E-02
-1.018197E-02
-8.964925E-03
-7.954569E-03
-7.150172E-03
-6.235223E-03
-5.077737E-03
-3.869945E-03
-2.899885E-03
-2.142109E-03
-1.378423E-03
-4.198539E-04
8.678444E-04
2.338658E-03
3.750596E-03
5.048350E-03
6.345565E-03
7.773885E-03
9.337236E-03
1.082912E-02
1.214556E-02
1.329328E-02
1.416622E-02
1.469894E-02
1.508241E-02
1.552411E-02
1.603821E-02
1.660634E-02
1.723597E-02
1.795099E-02
1.878011E-02
1.961029E-02
2.022997E-02
2.055028E-02
2.078888E-02
2.111835E-02
2.126328E-02
2.089568E-02
2.015065E-02
1.947647E-02
1.927045E-02
1.969443E-02
2.062760E-02
2.172731E-02
2.277492E-02
2.379193E-02
2.470081E-02
2.512884E-02
2.469789E-02
2.326810E-02
2.097518E-02
1.798611E-02
1.448441E-02
1.054178E-02
6.111070E-03
1.259395E-03
-3.574745E-03
-7.716439E-03
-1.062632E-02
-1.220205E-02
-1.271421E-02
-1.244037E-02
-1.159730E-02
-1.031288E-02
-8.513091E-03
-6.228095E-03
-3.849043E-03
-2.060597E-03
-1.329283E-03
-1.501633E-03
-2.094428E-03
-2.797671E-03
-3.705734E-03
-4.905027E-03
-6.205202E-03
-7.164921E-03
-7.355471E-03
-6.561891E-03
-4.834490E-03
-2.308359E-03
9.090396E-04
4.806346E-03
9.169928E-03
1.358666E-02
1.760298E-02
2.097753E-02
2.384055E-02
2.630033E-02
2.833229E-02
3.006812E-02
3.175929E-02
3.347689E-02
3.503775E-02
3.619240E-02
3.681436E-02
3.688778E-02
3.656383E-02
3.602149E-02
3.530775E-02
3.448354E-02
3.360411E-02
3.262128E-02
3.153194E-02
3.046583E-02
2.953297E-02
2.872835E-02
2.818322E-02
2.813666E-02
2.834317E-02
2.825313E-02
2.769135E-02
2.695546E-02
2.635503E-02
2.582612E-02
2.526816E-02
2.476189E-02
2.422446E-02
2.346808E-02
2.237955E-02
2.102169E-02
1.972014E-02
1.880748E-02
1.841059E-02
1.839905E-02
1.856199E-02
1.884280E-02
1.919981E-02
1.962043E-02
2.002946E-02
2.029747E-02
2.033249E-02
2.002890E-02
1.922990E-02
1.783522E-02
1.615527E-02
1.473577E-02
1.369705E-02
1.266408E-02
1.140189E-02
9.976467E-03
8.643983E-03
7.458773E-03
6.364083E-03
5.388706E-03
4.505111E-03
3.579615E-03
2.455508E-03
1.236313E-03
-4.628474E-05
-1.602611E-03
-3.389684E-03
-4.836411E-03
-5.593688E-03
-5.911442E-03
-6.060293E-03
-5.996680E-03
-5.615557E-03
-5.191976E-03
-5.173650E-03
-5.724445E-03
-6.625429E-03
-7.511145E-03
-8.140557E-03
-8.480842E-03
-8.691034E-03
-8.903695E-03
-9.063413E-03
-8.878584E-03
-8.052991E-03
-6.513313E-03
-4.476011E-03
-2.317739E-03
-1.849630E-04
1.931330E-03
3.963241E-03
5.695708E-03
7.206664E-03
8.800623E-03
1.043472E-02
1.170586E-02
1.234991E-02
1.229291E-02
1.152598E-02
1.026010E-02
8.869251E-03
7.681682E-03
6.792693E-03
5.972596E-03
5.099380E-03
4.249293E-03
3.497853E-03
2.903609E-03
2.445439E-03
1.971686E-03
1.245141E-03
3.084591E-04
-6.130614E-04
-1.449664E-03
-2.328622E-03
-3.283251E-03
-4.377610E-03
-5.762438E-03
-7.563579E-03
-9.744464E-03
-1.203310E-02
-1.419260E-02
-1.623939E-02
-1.818251E-02
-1.983223E-02
-2.103568E-02
-2.179975E-02
-2.222216E-02
-2.218587E-02
-2.152876E-02
-2.038057E-02
-1.916770E-02
-1.821232E-02
-1.761048E-02
-1.733228E-02
-1.728965E-02
-1.726886E-02
-1.733810E-02
-1.800335E-02
-1.953294E-02
-2.174899E-02
-2.435627E-02
-2.716700E-02
-3.005608E-02
-3.309106E-02
-3.628113E-02
-3.926750E-02
-4.130430E-02
-4.207138E-02
-4.254547E-02
-4.409066E-02
-4.624465E-02
-4.739931E-02
-4.733327E-02
-4.696599E-02
-4.670518E-02
-4.640926E-02
-4.605393E-02
-4.562384E-02
-4.500273E-02
-4.410266E-02
-4.297025E-02
-4.169210E-02
-4.016643E-02
-3.803337E-02
-3.517327E-02
-3.201372E-02
-2.920612E-02
-2.713526E-02
-2.585064E-02
-2.529397E-02
-2.523909E-02
-2.538720E-02
-2.558865E-02
-2.584943E-02
-2.636497E-02
-2.716380E-02
-2.794873E-02
-2.831305E-02
-2.807311E-02
-2.738873E-02
-2.658183E-02
-2.587378E-02
-2.534189E-02
-2.515694E-02
-2.539660E-02
-2.600004E-02
-2.695976E-02
-2.818668E-02
-2.943904E-02
-3.050236E-02
-3.140496E-02
-3.231595E-02
-3.332231E-02
-3.429450E-02
-3.502227E-02
-3.554772E-02
-3.608695E-02
-3.683693E-02
-3.780252E-02
-3.872492E-02
-3.927903E-02
-3.938274E-02
-3.924246E-02
-3.903366E-02
-3.899797E-02
-3.938066E-02
-4.001228E-02
-4.046969E-02
-4.046496E-02
-3.982169E-02
-3.846652E-02
-3.675474E-02
-3.507018E-02
-3.309904E-02
-3.024846E-02
-2.654449E-02
-2.282501E-02
-1.974685E-02
-1.730519E-02
-1.519242E-02
-1.313081E-02
-1.087089E-02
-8.231121E-03
-5.305619E-03
-2.332298E-03
4.501511E-04
2.810319E-03
4.693805E-03
6.258272E-03
7.633822E-03
8.917899E-03
1.021676E-02
1.148145E-02
1.255794E-02
1.318384E-02
1.302660E-02
1.220879E-02
1.125806E-02
1.048578E-02
9.823068E-03
9.202132E-03
8.483188E-03
7.448619E-03
6.247097E-03
5.285122E-03
4.904318E-03
5.286010E-03
6.370686E-03
7.877305E-03
9.292600E-03
1.011737E-02
1.021521E-02
9.843267E-03
9.174249E-03
7.964591E-03
5.766223E-03
2.505255E-03
-1.269957E-03
-4.908288E-03
-8.009787E-03
-1.042102E-02
-1.213965E-02
-1.334981E-02
-1.417136E-02
-1.460624E-02
-1.474931E-02
-1.472680E-02
-1.450635E-02
-1.396360E-02
-1.313437E-02
-1.233310E-02
-1.170642E-02
-1.092218E-02
-9.667445E-03
-8.002837E-03
-6.190009E-03
-4.430291E-03
-2.822167E-03
-1.473927E-03
-3.707725E-04
6.989478E-04
1.920734E-03
3.288624E-03
4.730365E-03
6.216559E-03
7.911273E-03
9.856735E-03
1.167248E-02
1.322448E-02
1.537588E-02
1.866592E-02
2.200029E-02
2.411074E-02
2.502060E-02
2.522558E-02
2.479029E-02
2.381232E-02
2.260762E-02
2.132453E-02
1.983762E-02
1.789795E-02
1.541780E-02
1.274981E-02
1.043698E-02
8.737455E-03
7.583209E-03
6.870848E-03
6.523281E-03
6.531094E-03
6.888513E-03
7.549539E-03
8.490432E-03
9.672707E-03
1.085880E-02
1.173100E-02
1.218068E-02
1.219328E-02
1.199816E-02
1.194055E-02
1.208089E-02
1.234126E-02
1.283497E-02
1.359265E-02
1.463228E-02
1.611223E-02
1.808477E-02
2.033773E-02
2.253145E-02
2.461221E-02
2.660017E-02
2.837982E-02
2.972697E-02
3.049402E-02
3.063880E-02
3.035980E-02
3.004549E-02
2.991250E-02
3.003580E-02
3.046741E-02
3.125748E-02
3.218222E-02
3.284933E-02
3.310843E-02
3.305812E-02
3.281157E-02
3.228668E-02
3.148394E-02
3.065862E-02
3.011868E-02
2.991645E-02
2.995766E-02
3.028761E-02
3.086330E-02
3.154447E-02
3.221855E-02
3.274170E-02
3.304243E-02
3.309457E-02
3.286543E-02
3.233267E-02
3.147118E-02
3.035481E-02
2.918414E-02
2.797825E-02
2.667184E-02
2.528276E-02
2.396614E-02
2.305646E-02
2.275405E-02
2.280716E-02
2.262697E-02
2.175850E-02
2.021910E-02
1.836146E-02
1.644898E-02
1.460514E-02
1.291679E-02
1.137250E-02
9.869682E-03
8.250898E-03
6.472633E-03
4.634051E-03
2.896414E-03
1.342567E-03
-1.259177E-04
-1.596188E-03
-3.020661E-03
-4.225330E-03
-4.869364E-03
-4.753588E-03
-3.977079E-03
-2.942514E-03
-2.259647E-03
-2.420183E-03
-3.656436E-03
-5.741805E-03
-8.082513E-03
-1.015655E-02
-1.165002E-02
-1.231107E-02
-1.193731E-02
-1.057533E-02
-8.387103E-03
-5.502505E-03
-2.064459E-03
1.611907E-03
5.116064E-03
8.235060E-03
1.091505E-02
1.302132E-02
1.447717E-02
1.561052E-02
1.671288E-02
1.790027E-02
1.916540E-02
2.035371E-02
2.127696E-02
2.189913E-02
2.244184E-02
2.311878E-02
2.393982E-02
2.459688E-02
2.475432E-02
2.433112E-02
2.338245E-02
2.199632E-02
2.032926E-02
1.849962E-02
1.655615E-02
1.472403E-02
1.326909E-02
1.218651E-02
1.136686E-02
1.082639E-02
1.059317E-02
1.041942E-02
9.984514E-03
9.231217E-03
8.340823E-03
7.452927E-03
6.555928E-03
5.548317E-03
4.336844E-03
2.907626E-03
1.564728E-03
7.050617E-04
5.449665E-04
9.783171E-04
1.793387E-03
2.869986E-03
4.125078E-03
5.434745E-03
6.597938E-03
7.521798E-03
8.250182E-03
8.916264E-03
9.814958E-03
1.096272E-02
1.210336E-02
1.311720E-02
1.403325E-02
1.499080E-02
1.596882E-02
1.676115E-02
1.724513E-02
1.757377E-02
1.806201E-02
1.888995E-02
2.007759E-02
2.165589E-02
2.361667E-02
2.576668E-02
2.768249E-02
2.894506E-02
2.948083E-02
2.953751E-02
2.948319E-02
2.958685E-02
2.984881E-02
3.016123E-02
3.062535E-02
3.131705E-02
3.452135E-02
3.543561E-02
3.601539E-02
3.609569E-02
3.567369E-02
3.493594E-02
3.408656E-02
3.318329E-02
3.229744E-02
3.155279E-02
3.095570E-02
3.051256E-02
3.031951E-02
3.034744E-02
3.038658E-02
3.036455E-02
3.041728E-02
3.066832E-02
3.108896E-02
3.142478E-02
3.130439E-02
3.064723E-02
2.973907E-02
2.875593E-02
2.746848E-02
2.571936E-02
2.368175E-02
2.152778E-02
1.938144E-02
1.747248E-02
1.605291E-02
1.523736E-02
1.487882E-02
1.473370E-02
1.460951E-02
1.439786E-02
1.406629E-02
1.346295E-02
1.242416E-02
1.080503E-02
8.630609E-03
6.179443E-03
3.674227E-03
1.165070E-03
-1.318356E-03
-3.564087E-03
-5.319003E-03
-6.538047E-03
-7.457264E-03
-8.299781E-03
-9.019538E-03
-9.380840E-03
-9.304694E-03
-8.989539E-03
-8.665332E-03
-8.201988E-03
-7.318111E-03
-5.927273E-03
-4.122855E-03
-2.087551E-03
1.030677E-04
2.426599E-03
4.655169E-03
6.470949E-03
7.576876E-03
7.857590E-03
7.392415E-03
6.382131E-03
5.037876E-03
3.544987E-03
2.049851E-03
5.410742E-04
-9.774068E-04
-2.266730E-03
-3.101628E-03
-3.528752E-03
-3.592469E-03
-3.259037E-03
-2.567427E-03
-1.592775E-03
-4.411175E-04
8.075367E-04
2.148962E-03
3.495724E-03
4.730800E-03
5.840576E-03
6.767325E-03
7.260697E-03
7.136377E-03
6.404889E-03
5.206836E-03
3.706533E-03
1.991780E-03
2.186116E-04
-1.452228E-03
-3.063493E-03
-4.633581E-03
-6.110358E-03
-7.407353E-03
-8.397403E-03
-9.000227E-03
-9.377520E-03
-9.700170E-03
-9.976866E-03
-1.020613E-02
-1.039103E-02
-1.043781E-02
-1.017330E-02
-9.640745E-03
-9.023867E-03
-8.462211E-03
-7.885953E-03
-7.093729E-03
-6.154774E-03
-5.335793E-03
-4.787451E-03
-4.543642E-03
-4.682173E-03
-5.135865E-03
-5.685120E-03
-6.230981E-03
-6.844912E-03
-7.586574E-03
-8.458179E-03
-9.539069E-03
-1.079285E-02
-1.204353E-02
-1.317198E-02
-1.411869E-02
-1.494823E-02
-1.570809E-02
-1.626128E-02
-1.654911E-02
-1.666131E-02
-1.666092E-02
-1.654334E-02
-1.629073E-02
-1.594614E-02
-1.555355E-02
-1.518867E-02
-1.492102E-02
-1.472845E-02
-1.453843E-02
-1.438615E-02
-1.430736E-02
-1.427622E-02
-1.426920E-02
-1.428041E-02
-1.427122E-02
-1.416732E-02
-1.389119E-02
-1.342429E-02
-1.278609E-02
-1.202972E-02
-1.121699E-02
-1.027693E-02
-9.105029E-03
-7.801347E-03
-6.564983E-03
-5.578561E-03
-4.849606E-03
-4.271233E-03
-3.770916E-03
-3.338640E-03
-2.965338E-03
-2.596298E-03
-2.105130E-03
-1.410655E-03
-5.665515E-04
3.433905E-04
1.414228E-03
2.687945E-03
4.010811E-03
5.285607E-03
6.608190E-03
8.101137E-03
9.646415E-03
1.094792E-02
1.176103E-02
1.201327E-02
1.170267E-02
1.101072E-02
1.012649E-02
9.072203E-03
7.748831E-03
6.110398E-03
4.323233E-03
2.525238E-03
6.968874E-04
-1.061922E-03
-2.490871E-03
-3.475241E-03
-4.169244E-03
-4.684228E-03
-4.993569E-03
-5.175304E-03
-5.328103E-03
-5.393609E-03
-5.251981E-03
-4.911445E-03
-4.507954E-03
-4.137331E-03
-3.877950E-03
-3.806970E-03
-3.892052E-03
-3.929629E-03
-3.675166E-03
-3.026472E-03
-2.004108E-03
-7.983284E-04
3.512976E-04
1.377607E-03
2.363929E-03
3.321020E-03
4.168726E-03
4.890123E-03
5.512757E-03
6.027594E-03
6.381031E-03
6.552689E-03
6.537257E-03
6.244448E-03
5.601140E-03
4.660221E-03
3.678385E-03
2.834214E-03
2.111230E-03
1.484969E-03
9.394674E-04
5.281183E-04
2.970993E-04
1.296097E-04
-1.219102E-04
-4.679699E-04
-8.499451E-04
-1.357305E-03
-2.205228E-03
-3.337846E-03
-4.512425E-03
-5.641740E-03
-6.691416E-03
-7.591304E-03
-8.387586E-03
-9.185451E-03
-9.971326E-03
-1.056052E-02
-1.082297E-02
-1.070931E-02
-1.015946E-02
-9.180071E-03
-7.961760E-03
-6.788236E-03
-5.850592E-03
-5.316538E-03
-5.244430E-03
-5.406700E-03
-5.568417E-03
-5.838155E-03
-6.396012E-03
-7.062320E-03
-7.612154E-03
-8.085064E-03
-8.536547E-03
-8.906022E-03
-9.148222E-03
-9.432771E-03
-9.952440E-03
-1.067163E-02
-1.136967E-02
-1.182755E-02
-1.193761E-02
-1.176592E-02
-1.148234E-02
-1.114544E-02
-1.070645E-02
-1.020874E-02
-9.783608E-03
-9.543142E-03
-9.661189E-03
-1.020618E-02
-1.105071E-02
-1.195862E-02
-1.275285E-02
-1.340824E-02
-1.396975E-02
-1.448065E-02
-1.500009E-02
-1.558631E-02
-1.618462E-02
-1.661826E-02
-1.677101E-02
-1.669212E-02
-1.647796E-02
-1.618195E-02
-1.581110E-02
-1.538135E-02
-1.493808E-02
-1.452249E-02
-1.417029E-02
-1.395175E-02
-1.396834E-02
-1.419133E-02
-1.450627E-02
-1.477482E-02
-1.488099E-02
-1.482621E-02
-1.475470E-02
-1.482328E-02
-1.508264E-02
-1.547027E-02
-1.587574E-02
-1.625673E-02
-1.667206E-02
-1.714640E-02
-1.759948E-02
-1.799176E-02
-1.836767E-02
-1.876249E-02
-1.918293E-02
-1.966831E-02
-2.039029E-02
-2.138374E-02
-2.242363E-02
-2.335192E-02
-2.421591E-02
-2.503981E-02
-2.575981E-02
-2.637306E-02
-2.691546E-02
-2.740464E-02
-2.786768E-02
-2.814822E-02
-2.793049E-02
-2.728338E-02
-2.691121E-02
-2.713644E-02
-2.729419E-02
-2.679413E-02
-2.590547E-02
-2.514077E-02
-2.457640E-02
-2.403546E-02
-2.344257E-02
-2.289648E-02
-2.234811E-02
-2.165561E-02
-2.086035E-02
-2.012058E-02
-1.941109E-02
-1.860373E-02
-1.775234E-02
-1.696895E-02
-1.618476E-02
-1.527783E-02
-1.432105E-02
-1.342389E-02
-1.261853E-02
-1.186146E-02
-1.113284E-02
-1.041942E-02
-9.710578E-03
-9.043408E-03
-8.455856E-03
-7.900959E-03
-7.314964E-03
-6.702967E-03
-6.115299E-03
-5.582129E-03
-5.125540E-03
-4.757362E-03
-4.499858E-03
-4.341938E-03
-4.215487E-03
-4.084344E-03
-4.006144E-03
-4.048269E-03
-4.150214E-03
-4.194567E-03
-4.132091E-03
-4.014578E-03
-3.978043E-03
-4.069578E-03
-4.183978E-03
-4.175999E-03
-3.961278E-03
-3.622817E-03
-3.290809E-03
-2.981596E-03
-2.663952E-03
-2.360663E-03
-2.073554E-03
-1.765669E-03
-1.458838E-03
-1.176051E-03
-8.890031E-04
-5.941472E-04
-2.575488E-04
1.638944E-04
6.314105E-04
1.183085E-03
1.885274E-03
2.669555E-03
3.420346E-03
4.126851E-03
4.839227E-03
5.528993E-03
6.102932E-03
6.481294E-03
6.672713E-03
6.726372E-03
6.683347E-03
6.616332E-03
6.595723E-03
6.558269E-03
6.425835E-03
6.259170E-03
6.168159E-03
6.203768E-03
6.320494E-03
6.428535E-03
6.509779E-03
6.607392E-03
6.674870E-03
6.608803E-03
6.431068E-03
6.238117E-03
6.033268E-03
5.769412E-03
5.458055E-03
5.168931E-03
4.944031E-03
4.762828E-03
4.618742E-03
4.526735E-03
4.502364E-03
4.558249E-03
4.724877E-03
4.995210E-03
5.280561E-03
5.508987E-03
5.676169E-03
5.791319E-03
5.854175E-03
5.904432E-03
5.988133E-03
6.132173E-03
6.344836E-03
6.607137E-03
6.895827E-03
7.211615E-03
7.545544E-03
7.857981E-03
8.099010E-03
8.259202E-03
8.347059E-03
8.359302E-03
8.311873E-03
8.226090E-03
8.097498E-03
7.949281E-03
7.813681E-03
7.699084E-03
7.628090E-03
7.608960E-03
7.619787E-03
7.657180E-03
7.759706E-03
7.952919E-03
8.189530E-03
8.414688E-03
8.602115E-03
8.753195E-03
8.882116E-03
8.992502E-03
9.098745E-03
9.204272E-03
9.283594E-03
9.310444E-03
9.282800E-03
9.213675E-03
9.117169E-03
9.014354E-03
8.936025E-03
8.906059E-03
8.906892E-03
8.844509E-03
8.660940E-03
8.501759E-03
8.549298E-03
8.713660E-03
8.792231E-03
8.766326E-03
8.720649E-03
8.663853E-03
8.577018E-03
8.490558E-03
8.431039E-03
8.377711E-03
8.300534E-03
8.203203E-03
8.108704E-03
8.026688E-03
7.950943E-03
7.876421E-03
7.796824E-03
7.703953E-03
7.580112E-03
7.429523E-03
7.267368E-03
7.097733E-03
6.922557E-03
6.739206E-03
6.549853E-03
6.357256E-03
6.160845E-03
5.972585E-03
5.795937E-03
5.619561E-03
5.435868E-03
5.250712E-03
5.085106E-03
4.958627E-03
4.872614E-03
4.818158E-03
4.788162E-03
4.780758E-03
4.793923E-03
4.820809E-03
4.849716E-03
4.865590E-03
4.854365E-03
4.819569E-03
4.770880E-03
4.716609E-03
4.659626E-03
4.595800E-03
4.526721E-03
4.455664E-03
4.379832E-03
4.301354E-03
4.227890E-03
4.164604E-03
4.110046E-03
4.054728E-03
3.987934E-03
3.906537E-03
3.825510E-03
3.758173E-03
3.699313E-03
3.640082E-03
3.579306E-03
3.520085E-03
3.467235E-03
3.422653E-03
3.384391E-03
3.346584E-03
3.307029E-03
3.266728E-03
3.223619E-03
3.179025E-03
3.137508E-03
3.096379E-03
3.048903E-03
2.988697E-03
2.914616E-03
2.833097E-03
2.751678E-03
2.673386E-03
2.595649E-03
2.515592E-03
2.432785E-03
2.350920E-03
2.276286E-03
2.210832E-03
2.151522E-03
2.094832E-03
2.038545E-03
1.983289E-03
1.927653E-03
1.870587E-03
1.816085E-03
1.767033E-03
1.720676E-03
1.672718E-03
1.623654E-03
1.576235E-03
1.532077E-03
1.489928E-03
1.447997E-03
1.404647E-03
1.357746E-03
1.307193E-03
1.253983E-03
1.198874E-03
1.142654E-03
1.086174E-03
1.030270E-03
9.759289E-04
9.239183E-04
8.742687E-04
8.267257E-04
7.808139E-04
7.368965E-04
6.954527E-04
6.557176E-04
6.165021E-04
5.775320E-04
5.386498E-04
4.990072E-04
4.581709E-04
4.166678E-04
3.750233E-04
3.328313E-04
2.899828E-04
2.467306E-04
2.036135E-04
1.619689E-04
1.226258E-04
8.493997E-05
4.769914E-05
9.720936E-06
-2.942858E-05
-6.941000E-05
-1.098711E-04
-1.508112E-04
-1.925209E-04
-2.351753E-04
-2.782025E-04
-3.209679E-04
-3.633203E-04
-4.053570E-04
-4.468950E-04
-4.875893E-04
-5.273746E-04
-5.663594E-04
-6.046985E-04
-6.423191E-04
-6.790719E-04
-7.152271E-04
-7.510779E-04
-7.865286E-04
-8.215786E-04
-8.564319E-04
-8.913459E-04
-9.263632E-04
-9.615080E-04
-9.969171E-04
-1.032468E-03
-1.067903E-03
-1.103255E-03
-1.138693E-03
-1.174148E-03
-1.209387E-03
-1.244229E-03
-1.278563E-03
-1.312335E-03
-1.345559E-03
-1.378325E-03
-1.410740E-03
-1.442878E-03
-1.474806E-03
-1.506583E-03
-1.538245E-03
-1.569777E-03
-1.601175E-03
-1.632446E-03
-1.663570E-03
-1.694539E-03
-1.725358E-03
-1.756020E-03
-1.786505E-03
-1.816794E-03
-1.846896E-03
-1.876829E-03
-1.906592E-03
-1.936169E-03
-1.965551E-03
-1.994738E-03
-2.023739E-03
-2.052558E-03
-2.081196E-03
-2.109652E-03
-2.137924E-03
-2.166011E-03
-2.193911E-03
-2.221623E-03
-2.249143E-03
-2.276471E-03
-2.303604E-03
-2.330541E-03
-2.357282E-03
-2.383824E-03
-2.410168E-03
-2.436312E-03
-2.462255E-03
-2.487997E-03
-2.513536E-03
-2.538872E-03
-2.564003E-03
-2.588930E-03
