-1.492479E-03
-1.477025E-03
-1.352200E-03
-9.984298E-04
-8.700122E-04
-1.281264E-03
-1.821132E-03
-1.583760E-03
-6.887007E-04
-9.454101E-04
-2.505481E-03
-3.096598E-03
-1.524903E-03
5.516987E-04
-4.377363E-04
-5.031412E-03
-8.451497E-03
-8.851530E-03
-7.475287E-03
-2.680267E-03
1.142886E-03
-4.304495E-03
-1.119114E-02
-3.402638E-03
4.051003E-03
3.509463E-04
-3.563627E-03
-9.542983E-04
6.100559E-04
3.355921E-03
9.178543E-03
1.983771E-03
-1.011676E-02
-9.969842E-03
-9.564346E-03
-1.894999E-02
-1.844248E-02
5.114280E-03
2.547942E-02
-7.447084E-03
-5.111940E-02
-5.033028E-02
-3.944470E-02
-4.518418E-02
-3.742698E-02
-2.539447E-02
-2.406705E-02
-2.078153E-02
-3.314793E-03
2.728685E-02
5.144889E-02
5.747097E-02
4.172020E-02
-3.486355E-03
-3.164667E-02
1.555168E-02
7.700946E-02
6.940361E-02
3.623280E-02
3.306688E-02
4.161033E-02
5.300066E-02
8.325869E-02
8.812894E-02
3.276291E-03
-9.779527E-02
-1.058257E-01
-5.627631E-02
-4.798609E-02
-8.447669E-02
-9.513404E-02
-5.406705E-02
4.612222E-03
4.468119E-02
7.086349E-02
9.289501E-02
1.026956E-01
9.418160E-02
6.526822E-02
2.901199E-02
-2.440469E-02
-8.705262E-02
-1.080381E-01
-8.520842E-02
-7.925931E-02
-1.054202E-01
-1.169380E-01
-8.344489E-02
-7.561957E-02
-1.029329E-01
-6.477538E-02
-1.135771E-02
-6.386240E-03
2.991036E-02
9.669206E-02
9.464683E-02
4.031171E-02
2.127519E-02
5.609537E-02
1.007561E-01
1.234892E-01
7.382654E-02
-5.685544E-02
-1.499684E-01
-5.999817E-02
5.600505E-02
2.570588E-02
-2.231822E-02
-4.925012E-02
-1.236423E-01
-1.696353E-01
-9.357938E-02
1.382002E-02
5.155024E-02
5.500451E-02
7.706973E-02
1.674625E-01
2.643336E-01
2.754692E-02
-3.092105E-01
-1.747449E-01
1.088331E-01
1.819018E-01
7.620265E-02
-2.376299E-02
-1.462753E-02
1.549492E-02
5.423189E-03
5.207378E-02
1.425402E-01
1.148614E-01
1.249849E-02
6.853992E-04
1.935900E-02
-5.845341E-02
-1.555743E-01
-1.630814E-01
-1.433605E-01
-1.718742E-01
-2.025480E-01
-1.796363E-01
-1.220083E-01
-5.522468E-02
2.550256E-02
5.387534E-02
-1.758791E-02
-6.126275E-02
2.268612E-02
1.085619E-01
1.184758E-01
8.832997E-02
6.225986E-02
5.740209E-02
7.068189E-02
6.790177E-02
3.364473E-02
-6.384827E-03
-2.514544E-02
-2.483379E-02
-1.297811E-02
-3.586345E-03
-5.018740E-02
-1.341789E-01
-1.350030E-01
-5.893013E-02
-5.602511E-03
6.888778E-03
3.228546E-02
7.215359E-02
1.008748E-01
1.178126E-01
1.175861E-01
7.414970E-02
-1.802401E-02
-9.821404E-02
-1.218132E-01
-1.022785E-01
-4.666225E-02
3.721042E-02
1.025366E-01
1.248888E-01
1.416699E-01
1.707840E-01
1.743454E-01
1.359054E-01
7.143003E-02
-1.913634E-02
-1.025177E-01
-1.138543E-01
-5.668755E-02
1.368046E-02
7.393109E-02
1.122192E-01
8.856855E-02
1.438861E-02
-1.410296E-02
2.988996E-02
8.480794E-02
1.289808E-01
1.796163E-01
2.342105E-01
2.694014E-01
2.773081E-01
2.647845E-01
2.340374E-01
1.919664E-01
1.289911E-01
2.724077E-02
-8.373220E-02
-1.551412E-01
-1.642374E-01
-1.355553E-01
-1.263324E-01
-1.785536E-01
-2.654071E-01
-3.169999E-01
-3.234328E-01
-3.282170E-01
-3.315598E-01
-3.191358E-01
-3.026513E-01
-2.997429E-01
-3.052388E-01
-3.010439E-01
-2.845599E-01
-2.646226E-01
-2.385202E-01
-2.068082E-01
-1.881351E-01
-1.844114E-01
-1.849401E-01
-1.834751E-01
-1.801930E-01
-1.739394E-01
-1.636074E-01
-1.459021E-01
-1.174255E-01
-8.685841E-02
-3.723027E-02
4.230422E-02
1.260891E-01
2.034305E-01
2.793892E-01
3.532261E-01
3.921003E-01
3.885154E-01
3.791070E-01
3.732600E-01
3.682146E-01
3.641453E-01
3.635308E-01
3.667087E-01
3.545273E-01
3.051817E-01
2.338116E-01
1.740301E-01
1.201650E-01
6.475796E-02
2.611504E-02
1.107106E-02
9.094534E-03
2.248608E-02
6.160622E-02
1.232740E-01
1.810634E-01
2.294982E-01
2.850367E-01
3.326408E-01
3.477457E-01
3.451626E-01
3.389085E-01
3.264531E-01
2.994009E-01
2.580915E-01
2.093539E-01
1.862709E-01
2.275903E-01
2.918392E-01
3.464283E-01
3.947084E-01
4.114641E-01
3.934957E-01
3.475457E-01
2.833557E-01
2.132166E-01
1.463482E-01
9.759515E-02
3.808469E-02
-6.680510E-02
-1.843964E-01
-2.906038E-01
-3.589093E-01
-3.516257E-01
-2.909394E-01
-2.454186E-01
-2.908513E-01
-3.976432E-01
-4.269536E-01
-3.792840E-01
-3.238693E-01
-2.674221E-01
-1.948220E-01
-1.191753E-01
-4.801600E-02
2.166652E-02
9.104202E-02
1.582988E-01
2.004216E-01
1.878672E-01
1.478615E-01
1.360581E-01
1.686319E-01
2.145806E-01
2.231365E-01
1.892084E-01
1.366060E-01
7.332422E-02
-4.408478E-02
-1.917018E-01
-3.164484E-01
-3.611860E-01
-3.116345E-01
-2.335391E-01
-1.764101E-01
-1.505799E-01
-1.431922E-01
-1.468624E-01
-1.954040E-01
-3.304342E-01
-4.224559E-01
-4.269008E-01
-4.166138E-01
-4.033611E-01
-3.613238E-01
-3.058855E-01
-2.645744E-01
-2.284385E-01
-1.855766E-01
-1.612878E-01
-1.602146E-01
-1.623367E-01
-1.442518E-01
-5.481250E-02
4.973972E-02
7.681219E-02
7.678547E-02
9.618595E-02
1.083391E-01
6.285362E-02
-5.687428E-02
-1.639762E-01
-1.875522E-01
-1.429505E-01
-9.069733E-02
-7.496037E-02
-7.346045E-02
-5.624339E-02
3.753663E-03
7.714801E-02
1.034802E-01
9.512671E-02
5.473394E-02
-2.971284E-02
-7.580953E-02
-5.108477E-02
-1.316893E-02
-1.146049E-02
-2.560048E-02
-2.145182E-02
-9.675897E-03
-3.012185E-02
-1.212375E-01
-1.863294E-01
-1.747050E-01
-1.502499E-01
-1.592702E-01
-1.886341E-01
-2.020518E-01
-1.930458E-01
-1.862162E-01
-2.039840E-01
-2.509512E-01
-2.817007E-01
-2.923189E-01
-3.182947E-01
-3.474607E-01
-3.481938E-01
-3.113677E-01
-2.534470E-01
-1.926428E-01
-1.111093E-01
-8.927359E-03
9.603837E-02
2.430377E-01
3.633104E-01
3.410796E-01
2.157540E-01
1.335019E-01
1.357957E-01
1.919571E-01
2.550067E-01
2.702884E-01
2.389767E-01
1.721439E-01
1.115663E-01
7.910502E-02
5.346346E-02
2.606347E-02
2.095806E-03
-6.465056E-02
-1.929164E-01
-2.799949E-01
-2.930102E-01
-3.009848E-01
-3.412982E-01
-3.710008E-01
-3.455174E-01
-2.628801E-01
-1.296540E-01
4.997814E-02
2.398182E-01
3.964549E-01
4.723481E-01
4.672824E-01
3.875250E-01
3.169430E-01
3.134959E-01
3.631678E-01
3.863525E-01
3.592948E-01
3.196490E-01
2.974054E-01
2.788044E-01
2.491418E-01
2.063172E-01
1.850509E-01
2.357396E-01
3.209242E-01
2.751993E-01
1.170689E-01
-3.465554E-02
-1.574761E-01
-2.202149E-01
-2.221346E-01
-2.096885E-01
-1.843585E-01
-1.470623E-01
-1.364212E-01
-1.681355E-01
-2.013354E-01
-1.751825E-01
-1.226484E-01
-9.814590E-02
-6.689160E-02
2.632424E-02
1.619707E-01
2.792466E-01
3.466862E-01
3.549404E-01
3.009888E-01
2.161535E-01
1.203377E-01
-1.397828E-02
-1.618151E-01
-2.125501E-01
-1.583964E-01
-3.944223E-02
7.470802E-02
1.534292E-01
1.841522E-01
1.232052E-01
2.125193E-02
-2.229414E-02
-1.533535E-02
-3.681524E-02
-6.988345E-02
-4.513602E-02
1.068172E-02
4.942967E-02
5.952108E-02
4.741948E-02
1.333280E-02
-2.659847E-02
-1.675382E-02
5.879113E-02
1.410062E-01
1.581421E-01
1.180803E-01
5.579299E-02
-3.410468E-03
-5.585842E-02
-1.012583E-01
-1.265723E-01
-1.302441E-01
-9.604333E-02
-1.842953E-02
4.618381E-02
6.850355E-02
6.996108E-02
7.126803E-02
5.173517E-02
-5.532020E-02
-1.834795E-01
-2.569312E-01
-2.803231E-01
-2.266714E-01
-1.371699E-01
-5.552758E-02
-1.322592E-02
2.693990E-03
6.142431E-02
1.508100E-01
2.404656E-01
3.241177E-01
3.354971E-01
2.688975E-01
2.003094E-01
1.754824E-01
1.810356E-01
1.898487E-01
1.959200E-01
1.960387E-01
1.921063E-01
1.909230E-01
1.896296E-01
1.815486E-01
1.671481E-01
1.569670E-01
1.559976E-01
1.510959E-01
1.314960E-01
1.131131E-01
1.174315E-01
1.321859E-01
1.226222E-01
7.786443E-02
6.097174E-03
-5.612123E-02
-9.316979E-02
-9.870860E-02
-6.136728E-02
4.614516E-03
6.219397E-02
1.026796E-01
1.284354E-01
1.392794E-01
1.127084E-01
5.408567E-03
-1.286669E-01
-1.558405E-01
-5.087531E-02
3.683147E-02
4.691730E-02
3.741734E-02
3.738710E-02
3.923375E-02
4.123566E-02
4.732744E-02
4.543170E-02
1.672195E-02
-1.455632E-02
-2.852133E-02
-3.142412E-02
-3.513928E-02
-4.375433E-02
-5.735777E-02
-6.555555E-02
-5.668290E-02
-8.931709E-04
1.222382E-01
2.007429E-01
1.354625E-01
-6.612389E-03
-7.651903E-02
-5.510065E-02
8.171465E-03
5.791902E-02
7.070463E-02
5.110602E-02
4.546323E-03
-5.691099E-02
-1.178327E-01
-1.691277E-01
-2.019963E-01
-2.271169E-01
-2.654927E-01
-3.116721E-01
-3.524545E-01
-3.915144E-01
-4.251012E-01
-4.436298E-01
-4.454656E-01
-4.210299E-01
-3.755838E-01
-3.247615E-01
-2.926092E-01
-2.847337E-01
-2.812368E-01
-2.726031E-01
-2.651924E-01
-2.638412E-01
-2.643622E-01
-2.620416E-01
-2.555114E-01
-2.418346E-01
-2.211555E-01
-1.951740E-01
-1.669817E-01
-1.509626E-01
-1.438701E-01
-1.347865E-01
-1.234999E-01
-1.115246E-01
-8.652384E-02
-4.991199E-02
-2.754527E-02
-2.642537E-02
-4.024607E-02
-6.114388E-02
-8.714219E-02
-1.090610E-01
-1.286471E-01
-1.635399E-01
-1.945050E-01
-1.413784E-01
-2.180802E-03
1.183397E-01
1.471371E-01
1.313607E-01
1.139733E-01
6.885907E-02
-1.162667E-02
-7.069404E-02
-8.122119E-02
-7.601061E-02
-7.424143E-02
-7.288452E-02
-7.135220E-02
-7.319688E-02
-7.677512E-02
-6.630429E-02
-2.249105E-02
2.090138E-02
2.732391E-02
1.585243E-02
1.432735E-02
4.075091E-02
8.374129E-02
1.251811E-01
1.457157E-01
1.466931E-01
1.399109E-01
1.295223E-01
1.223259E-01
1.355829E-01
1.583500E-01
1.673877E-01
1.616989E-01
1.161885E-01
1.746685E-02
-5.694404E-02
-6.235049E-02
-3.911430E-02
-2.709710E-02
-3.247231E-02
-3.173091E-02
9.830553E-03
5.687314E-02
7.015781E-02
6.521729E-02
5.575155E-02
4.304586E-02
2.748787E-02
1.820621E-02
3.072860E-02
7.194917E-02
1.057299E-01
1.141416E-01
1.205050E-01
1.438318E-01
2.007334E-01
2.611991E-01
2.640116E-01
2.102130E-01
1.266426E-01
7.667102E-02
7.302191E-02
8.997547E-02
5.319678E-02
-6.637541E-02
-1.796026E-01
-1.902441E-01
-9.810663E-02
2.117202E-02
9.726368E-02
1.070760E-01
9.346713E-02
8.031086E-02
7.877292E-02
1.049515E-01
1.645135E-01
2.434401E-01
2.966178E-01
2.880678E-01
2.055159E-01
1.099109E-01
4.387264E-02
-1.196914E-02
-8.110559E-02
-1.836530E-01
-2.658711E-01
-2.636875E-01
-1.986511E-01
-1.372588E-01
-1.185595E-01
-1.155920E-01
-1.011286E-01
-6.954244E-02
-1.505752E-02
9.117514E-02
2.297170E-01
3.240817E-01
3.315787E-01
3.075997E-01
2.924931E-01
2.833039E-01
2.559130E-01
2.097290E-01
1.579026E-01
7.873859E-02
-2.025636E-02
-1.273219E-01
-1.817733E-01
-1.738199E-01
-1.531032E-01
-1.362541E-01
-1.267718E-01
-1.150442E-01
-6.541590E-02
2.193029E-02
1.114610E-01
1.629848E-01
1.672476E-01
1.408778E-01
6.423870E-02
-6.638738E-02
-1.186608E-01
-8.092933E-02
-4.037007E-02
-2.616174E-02
-2.030797E-02
-1.064850E-02
8.474111E-04
8.214925E-03
1.175803E-02
1.082986E-02
3.942428E-03
-5.891125E-03
-1.103427E-02
-3.306052E-03
1.657969E-02
4.974995E-02
8.241821E-02
1.117430E-01
1.390667E-01
1.519048E-01
1.244129E-01
2.168550E-03
-1.680441E-01
-2.433927E-01
-1.955954E-01
-5.960641E-02
9.429313E-02
2.012659E-01
2.204002E-01
1.681887E-01
1.103505E-01
8.605809E-02
7.940235E-02
6.080302E-02
-4.537436E-04
-5.616592E-02
-6.876194E-02
-6.077699E-02
-4.459707E-02
-2.728850E-02
-1.445672E-02
-9.622321E-03
-9.325438E-03
6.240464E-03
6.760245E-02
1.109809E-01
1.083033E-01
9.521436E-02
8.845020E-02
8.219932E-02
7.021178E-02
5.235181E-02
2.501173E-02
-2.678301E-02
-7.249994E-02
-8.659696E-02
-8.708987E-02
-8.904010E-02
-9.755215E-02
-1.229634E-01
-1.669650E-01
-1.934195E-01
-1.939686E-01
-1.807513E-01
-1.520287E-01
-7.698362E-02
4.000770E-02
9.331237E-02
7.588131E-02
2.745354E-02
-3.108152E-02
-7.067500E-02
-8.722556E-02
-8.943048E-02
-9.022300E-02
-1.012819E-01
-1.155641E-01
-1.160743E-01
-8.120068E-02
5.571456E-03
8.220904E-02
9.224265E-02
7.685824E-02
6.671144E-02
5.401269E-02
3.156148E-02
-5.300397E-03
-5.321918E-02
-9.673097E-02
-1.408314E-01
-1.761864E-01
-1.844272E-01
-1.754118E-01
-1.548671E-01
-1.252159E-01
-9.065511E-02
-2.430796E-02
7.911167E-02
1.681016E-01
2.014829E-01
1.913836E-01
1.707990E-01
1.516905E-01
1.378241E-01
1.304432E-01
1.234545E-01
1.111111E-01
8.743608E-02
3.721833E-02
-2.627192E-02
-5.337663E-02
-3.751732E-02
-1.725458E-03
1.885215E-02
1.693092E-02
6.219665E-03
-5.594313E-03
-1.590735E-02
-2.443644E-02
-3.300055E-02
-3.860846E-02
-4.194057E-02
-4.955270E-02
-6.481801E-02
-9.883881E-02
-1.669102E-01
-2.242772E-01
-2.342232E-01
-2.151120E-01
-1.847446E-01
-1.596140E-01
-1.414348E-01
-1.219989E-01
-9.339631E-02
-3.557568E-02
4.794616E-02
1.220418E-01
1.784494E-01
2.013893E-01
1.977876E-01
1.921945E-01
1.927901E-01
1.952189E-01
1.968867E-01
1.999626E-01
2.021129E-01
1.995685E-01
1.902164E-01
1.738295E-01
1.532026E-01
1.299009E-01
1.041670E-01
6.507283E-02
-5.395981E-03
-5.143154E-02
-4.525508E-02
-2.314636E-02
-7.062993E-03
3.909131E-03
2.557948E-02
5.478384E-02
6.841077E-02
6.776602E-02
6.173661E-02
4.109711E-02
8.532051E-04
-5.098135E-02
-9.797418E-02
-1.174297E-01
-1.106932E-01
-1.009255E-01
-9.685006E-02
-9.490149E-02
-8.744447E-02
-6.517225E-02
-7.707752E-03
9.443530E-02
1.777913E-01
1.893499E-01
1.439112E-01
6.528246E-02
1.814539E-02
1.552761E-02
2.590643E-02
3.080703E-02
2.854959E-02
1.621310E-02
-8.690295E-03
-4.883408E-02
-9.531368E-02
-1.479712E-01
-2.139501E-01
-2.465105E-01
-2.346443E-01
-2.156932E-01
-2.010465E-01
-1.789822E-01
-1.233051E-01
-3.559072E-02
2.201477E-02
3.122953E-02
1.514426E-02
-1.815587E-02
-4.672344E-02
-5.575337E-02
-5.038666E-02
-3.800019E-02
-1.618126E-02
1.183449E-02
3.502880E-02
5.649132E-02
7.654574E-02
8.919311E-02
9.349806E-02
8.451903E-02
5.480495E-02
1.288307E-02
-2.726532E-02
-5.239253E-02
-6.212398E-02
-6.439649E-02
-5.652081E-02
-3.566231E-02
-6.947645E-03
1.196251E-02
1.759095E-02
1.972063E-02
1.970770E-02
1.794787E-02
1.992137E-02
3.437585E-02
6.231372E-02
9.416106E-02
1.144770E-01
1.193757E-01
1.183616E-01
1.180432E-01
1.184384E-01
1.183527E-01
1.166498E-01
1.076514E-01
8.666274E-02
5.336313E-02
2.065798E-02
1.032529E-03
-1.684736E-02
-5.394803E-02
-9.309350E-02
-1.061786E-01
-1.034055E-01
-9.509766E-02
-7.403069E-02
-2.808430E-02
2.024142E-02
3.788873E-02
3.614752E-02
3.331448E-02
3.267170E-02
3.218895E-02
2.805800E-02
1.368252E-02
-6.886940E-03
-2.372596E-02
-2.953679E-02
-3.092271E-02
-3.839025E-02
-5.832043E-02
-8.249602E-02
-9.708701E-02
-9.965604E-02
-9.608947E-02
-9.054257E-02
-7.887529E-02
-5.492377E-02
-9.647034E-03
5.059311E-02
8.824006E-02
9.180553E-02
7.859932E-02
5.689082E-02
3.094639E-02
4.297107E-03
-1.820619E-02
-3.360806E-02
-4.496535E-02
-5.221103E-02
-5.109146E-02
-3.277834E-02
7.479884E-03
4.570626E-02
6.735758E-02
7.694330E-02
8.004205E-02
7.945680E-02
7.221231E-02
5.713073E-02
3.697838E-02
1.908944E-02
9.428931E-03
2.355421E-03
-6.841185E-03
-1.594226E-02
-2.312275E-02
-3.002910E-02
-3.886340E-02
-4.845813E-02
-5.937046E-02
-7.206779E-02
-7.963433E-02
-7.839596E-02
-6.670292E-02
-4.599107E-02
-1.688599E-02
7.489425E-04
-5.092051E-03
-2.198244E-02
-3.606354E-02
-3.872732E-02
-3.501890E-02
-2.223804E-02
-2.189558E-04
1.444681E-02
1.263001E-02
3.695110E-03
-1.435542E-04
8.875972E-04
-1.296293E-03
-6.864388E-03
-8.782980E-03
-5.954388E-03
-4.242673E-03
-7.397340E-03
-1.582192E-02
-3.249299E-02
-5.528196E-02
-7.065069E-02
-6.322394E-02
-3.014584E-02
4.871627E-03
1.921965E-02
1.559899E-02
6.749718E-03
-2.041525E-03
-7.318096E-03
-1.809637E-03
1.759912E-02
3.910238E-02
4.945367E-02
5.286435E-02
5.346770E-02
5.115648E-02
5.116662E-02
6.070113E-02
7.988695E-02
1.036892E-01
1.220215E-01
1.298675E-01
1.328794E-01
1.366969E-01
1.383809E-01
1.370102E-01
1.346419E-01
1.311491E-01
1.254010E-01
1.171571E-01
1.009418E-01
7.052920E-02
3.505496E-02
7.820051E-03
-8.114571E-03
-1.721924E-02
-2.726472E-02
-4.184031E-02
-5.859404E-02
-7.385677E-02
-8.450636E-02
-8.819439E-02
-8.373431E-02
-6.984955E-02
-5.273948E-02
-3.933938E-02
-3.105003E-02
-2.628243E-02
-2.311186E-02
-1.983652E-02
-1.754700E-02
-1.740187E-02
-1.862326E-02
-2.035145E-02
-1.973236E-02
-9.405072E-03
1.888086E-02
4.896051E-02
6.252364E-02
6.526811E-02
6.223405E-02
4.878723E-02
1.999133E-02
-1.443874E-02
-4.275176E-02
-6.915625E-02
-9.293921E-02
-1.159644E-01
-1.432382E-01
-1.608518E-01
-1.629719E-01
-1.560255E-01
-1.430550E-01
-1.218292E-01
-8.164629E-02
-3.785272E-02
-1.926938E-02
-1.724720E-02
-1.534493E-02
-9.370712E-03
7.432365E-03
4.705712E-02
8.420338E-02
9.441320E-02
8.898102E-02
7.882632E-02
6.503922E-02
4.293269E-02
1.298535E-02
-2.151539E-02
-5.755928E-02
-8.251573E-02
-9.310518E-02
-9.892541E-02
-1.002229E-01
-8.696042E-02
-4.382334E-02
9.662522E-03
2.831770E-02
2.175663E-02
1.059251E-02
-6.126841E-04
-1.063395E-02
-1.629163E-02
-1.382469E-02
-6.933474E-03
-7.028079E-04
1.668810E-03
8.497664E-05
1.575351E-03
1.385303E-02
3.067114E-02
3.914617E-02
2.890465E-02
-4.701085E-03
-5.175987E-02
-9.287970E-02
-1.113746E-01
-1.133925E-01
-1.132068E-01
-1.147255E-01
-1.168538E-01
-1.188196E-01
-1.170392E-01
-1.060405E-01
-7.299073E-02
-8.571471E-03
5.688267E-02
8.836182E-02
9.312216E-02
8.930672E-02
8.366285E-02
8.002026E-02
8.193632E-02
8.591294E-02
8.648984E-02
8.120865E-02
6.990508E-02
4.409063E-02
9.302293E-03
-9.703053E-03
-1.333187E-02
-1.241004E-02
-1.310066E-02
-1.480514E-02
-1.216605E-02
-4.295720E-03
3.506126E-03
7.148589E-03
3.723519E-03
-6.009683E-03
-1.638042E-02
-2.485231E-02
-2.528397E-02
-1.711936E-02
-6.076016E-03
3.475966E-03
1.046862E-02
1.612704E-02
1.942181E-02
1.948605E-02
1.660810E-02
1.232970E-02
8.622740E-03
6.315789E-03
5.560910E-03
3.705589E-03
-4.981695E-03
-2.036725E-02
-3.517284E-02
-4.267722E-02
-4.080818E-02
-3.173783E-02
-2.147573E-02
-1.181367E-02
-4.356401E-03
-1.845075E-03
-5.022718E-03
-1.162406E-02
-1.515999E-02
-1.325269E-02
-1.051816E-02
-1.114643E-02
-1.243981E-02
-1.076170E-02
-8.577873E-03
-1.057424E-02
-1.889707E-02
-3.062210E-02
-4.004010E-02
-4.458166E-02
-4.225188E-02
-3.631971E-02
-2.967911E-02
-1.944747E-02
-7.818062E-03
1.593483E-03
1.073461E-02
1.604920E-02
1.534102E-02
1.710744E-02
2.703962E-02
3.719430E-02
4.255836E-02
4.176204E-02
3.514372E-02
2.604649E-02
1.902380E-02
1.668869E-02
1.637426E-02
1.494187E-02
1.375574E-02
1.555532E-02
2.076310E-02
2.642987E-02
2.958425E-02
2.681323E-02
1.883394E-02
1.308152E-02
1.770906E-02
3.268670E-02
4.970331E-02
6.427418E-02
7.562843E-02
8.544706E-02
9.507258E-02
1.021242E-01
1.044075E-01
1.029440E-01
9.865842E-02
9.333800E-02
8.787668E-02
8.299627E-02
7.824407E-02
7.284944E-02
6.434796E-02
4.646174E-02
1.491830E-02
-1.180510E-02
-2.249463E-02
-2.444386E-02
-2.554768E-02
-2.837827E-02
-3.468659E-02
-4.783271E-02
-6.795733E-02
-8.551055E-02
-9.284788E-02
-9.495041E-02
-9.734415E-02
-9.875740E-02
-9.770117E-02
-9.377277E-02
-8.644733E-02
-6.765269E-02
-2.638758E-02
1.668496E-02
3.718165E-02
4.466382E-02
4.999291E-02
5.128452E-02
4.708429E-02
3.788723E-02
2.343259E-02
-4.662868E-03
-5.013224E-02
-8.879600E-02
-1.007570E-01
-8.502408E-02
-4.676950E-02
-8.215465E-03
1.530926E-02
2.645577E-02
2.927715E-02
2.564935E-02
1.915231E-02
1.304105E-02
8.926898E-03
6.747329E-03
5.273516E-03
3.172492E-03
-8.786996E-04
-6.197911E-03
-9.941952E-03
-1.117536E-02
-1.100450E-02
-1.171938E-02
-1.511303E-02
-2.090649E-02
-2.643997E-02
-3.361108E-02
-4.263433E-02
-5.142972E-02
-5.939665E-02
-6.860618E-02
-7.717821E-02
-8.419664E-02
-9.084830E-02
-9.324531E-02
-8.917563E-02
-7.799798E-02
-6.038720E-02
-4.187116E-02
-2.639273E-02
-1.775381E-02
-1.767088E-02
-2.314028E-02
-3.081471E-02
-3.814379E-02
-4.291533E-02
-4.428273E-02
-4.282245E-02
-3.934235E-02
-3.576105E-02
-3.157999E-02
-2.546456E-02
-1.212844E-02
1.256578E-02
3.535897E-02
5.118154E-02
7.106882E-02
9.226620E-02
1.039999E-01
1.048107E-01
9.622042E-02
7.529453E-02
3.466128E-02
-1.285403E-02
-3.771438E-02
-3.885745E-02
-2.891429E-02
-1.937632E-02
-1.339790E-02
-1.319738E-02
-1.719189E-02
-2.010094E-02
-1.590578E-02
-1.956652E-03
1.603550E-02
2.989813E-02
3.202416E-02
2.531660E-02
1.169549E-02
-1.195552E-02
-4.155082E-02
-6.270456E-02
-7.033101E-02
-7.310464E-02
-7.500591E-02
-7.131276E-02
-5.716841E-02
-3.308611E-02
-5.030115E-04
3.653495E-02
6.000862E-02
6.687542E-02
6.514256E-02
5.753598E-02
4.758966E-02
3.733275E-02
2.875885E-02
2.246960E-02
1.450958E-02
2.125270E-03
-1.639213E-02
-3.908761E-02
-5.435978E-02
-6.020154E-02
-6.074420E-02
-5.597904E-02
-4.609388E-02
-3.009304E-02
-1.160220E-02
-1.176203E-04
3.333733E-03
1.102147E-03
-4.147427E-03
-8.982727E-03
-9.205189E-03
-2.893587E-03
1.056040E-02
3.813573E-02
6.383058E-02
7.236338E-02
7.295440E-02
7.258610E-02
7.043423E-02
6.464522E-02
5.602547E-02
4.856357E-02
4.391703E-02
3.359220E-02
4.798489E-03
-2.893397E-02
-4.304977E-02
-3.981689E-02
-3.094744E-02
-1.218751E-02
2.006062E-02
4.550619E-02
5.370097E-02
5.085051E-02
4.288127E-02
3.301878E-02
2.475765E-02
2.364474E-02
2.913050E-02
3.616504E-02
4.162117E-02
4.701854E-02
5.395745E-02
5.657206E-02
4.344895E-02
1.084106E-02
-1.490457E-02
-1.989739E-02
-1.793982E-02
-1.857764E-02
-2.085077E-02
-2.170963E-02
-2.074960E-02
-2.146587E-02
-2.793030E-02
-3.739514E-02
-4.369572E-02
-4.153641E-02
-2.419066E-02
2.587943E-03
2.249524E-02
3.406048E-02
4.259947E-02
4.728336E-02
4.522878E-02
3.607699E-02
2.405265E-02
1.752637E-02
2.094461E-02
2.935443E-02
3.598188E-02
3.445088E-02
2.321444E-02
3.111464E-03
-2.168858E-02
-4.155185E-02
-4.915538E-02
-4.277490E-02
-2.812546E-02
-1.317695E-02
-8.037536E-04
8.526587E-03
1.295873E-02
1.403951E-02
1.325272E-02
1.013683E-02
7.660663E-03
1.097829E-02
1.839147E-02
2.150026E-02
1.444679E-02
-2.064244E-03
-1.430627E-02
-3.310861E-02
-4.918570E-02
-4.868009E-02
-4.436247E-02
-4.503491E-02
-4.348738E-02
-3.560044E-02
-2.714481E-02
-2.278734E-02
-1.963248E-02
-1.223101E-02
-3.541731E-04
1.138477E-02
2.344569E-02
3.108846E-02
3.274736E-02
3.371403E-02
3.620516E-02
3.756805E-02
3.782211E-02
4.101237E-02
4.636516E-02
4.451538E-02
3.168789E-02
1.684987E-03
-3.139161E-02
-4.537484E-02
-4.447612E-02
-3.817226E-02
-2.812159E-02
-1.122082E-02
6.453582E-03
1.636136E-02
1.964060E-02
2.013760E-02
1.973727E-02
1.867110E-02
1.707604E-02
1.535315E-02
1.261780E-02
8.260146E-03
3.305517E-03
-1.130328E-03
-4.995228E-03
-7.633197E-03
-8.778723E-03
-7.342206E-03
-3.418098E-03
-8.245349E-04
-1.840947E-03
-4.011734E-03
-4.433341E-03
6.762235E-04
9.530847E-03
1.599238E-02
1.920362E-02
1.758741E-02
1.290627E-02
1.226017E-02
1.612820E-02
2.071472E-02
2.358500E-02
2.434453E-02
2.084709E-02
1.412096E-02
6.630403E-03
-1.795332E-03
-9.623268E-03
-1.372842E-02
-1.158916E-02
-5.359432E-03
4.394118E-03
1.495776E-02
2.725135E-02
3.400884E-02
3.112710E-02
2.434086E-02
1.301053E-02
-3.333513E-03
-1.596878E-02
-3.010393E-02
-4.626301E-02
-5.083547E-02
-4.680160E-02
-4.089032E-02
-3.073597E-02
-1.312799E-02
3.518891E-03
2.344484E-02
4.594833E-02
5.207771E-02
4.726678E-02
3.812637E-02
2.837375E-02
2.280556E-02
2.165553E-02
2.057183E-02
2.099577E-02
2.556780E-02
3.060983E-02
3.390945E-02
3.378791E-02
2.971342E-02
2.384517E-02
2.084049E-02
2.364524E-02
2.496362E-02
1.691953E-02
3.751489E-03
-8.384013E-03
-1.505783E-02
-1.040604E-02
-8.398242E-05
7.867239E-03
1.601367E-02
2.239627E-02
2.534548E-02
3.162112E-02
4.011015E-02
5.112518E-02
6.407558E-02
7.920846E-02
8.029369E-02
6.565229E-02
4.438656E-02
2.567515E-02
1.467393E-02
5.849126E-03
-3.616319E-03
-1.310577E-02
-2.244648E-02
-3.165817E-02
-3.804823E-02
-4.173460E-02
-4.384870E-02
-4.514197E-02
-4.570240E-02
-4.444297E-02
-3.785587E-02
-2.327780E-02
-4.444756E-03
8.889018E-03
1.326720E-02
1.284682E-02
1.223815E-02
1.363475E-02
1.505845E-02
1.314459E-02
6.383580E-03
-1.924068E-03
-1.016328E-02
-1.550050E-02
-1.699770E-02
-1.813936E-02
-2.234082E-02
-2.861466E-02
-3.303150E-02
-3.359845E-02
-2.882414E-02
-2.084169E-02
-1.247978E-02
-5.968690E-03
-4.147157E-03
-7.626263E-03
-1.277835E-02
-1.489407E-02
-1.202537E-02
-6.299978E-03
-1.332633E-03
3.212704E-03
7.704182E-03
1.005583E-02
9.948970E-03
1.069573E-02
1.321058E-02
1.646133E-02
2.141428E-02
2.672564E-02
2.972147E-02
2.914164E-02
2.294771E-02
1.297352E-02
-2.752894E-03
-2.421783E-02
-4.053888E-02
-4.814927E-02
-4.957606E-02
-4.724908E-02
-4.307440E-02
-3.598959E-02
-2.834415E-02
-2.198294E-02
-1.454814E-02
-7.259390E-03
-3.482285E-03
-3.766665E-03
-5.940708E-03
-7.417141E-03
-7.793454E-03
-7.455825E-03
-7.075920E-03
-7.665550E-03
-9.630620E-03
-1.134286E-02
-9.825305E-03
-4.768660E-03
7.580501E-05
2.288320E-03
1.776507E-03
2.735003E-04
1.340057E-03
5.187746E-03
8.513845E-03
8.070467E-03
4.686717E-03
2.740096E-04
-3.667989E-03
-6.482400E-03
-8.105234E-03
-9.401662E-03
-1.119531E-02
-1.443096E-02
-1.782903E-02
-2.122431E-02
-2.249536E-02
-2.001529E-02
-1.503569E-02
-1.140244E-02
-9.384897E-03
-7.799538E-03
-6.882012E-03
-6.963817E-03
-4.388655E-03
1.117115E-03
5.824132E-03
8.800263E-03
9.900179E-03
8.727247E-03
6.631460E-03
5.019413E-03
4.167262E-03
3.862028E-03
4.403489E-03
5.638868E-03
9.187270E-03
1.512715E-02
2.051989E-02
2.470528E-02
2.926175E-02
3.266039E-02
3.364523E-02
3.103444E-02
2.664375E-02
1.849589E-02
1.192110E-03
-2.437994E-02
-4.418811E-02
-5.272253E-02
-5.141314E-02
-4.457418E-02
-3.450564E-02
-2.077692E-02
-5.066948E-03
1.259514E-02
2.868573E-02
3.815938E-02
4.313053E-02
4.540397E-02
4.325422E-02
3.733291E-02
3.101754E-02
2.468701E-02
1.741788E-02
9.256421E-03
8.777684E-06
-1.087540E-02
-2.661692E-02
-4.419805E-02
-5.476944E-02
-5.756292E-02
-5.684900E-02
-5.618701E-02
-5.517531E-02
-5.212324E-02
-4.779329E-02
-4.387615E-02
-3.940365E-02
-3.245000E-02
-2.382351E-02
-1.413528E-02
-1.158371E-03
1.211002E-02
2.174135E-02
2.938979E-02
3.363872E-02
3.410992E-02
3.162752E-02
2.660774E-02
1.982435E-02
1.224268E-02
5.928896E-03
1.348774E-03
-2.882891E-03
-7.697017E-03
-1.154036E-02
-1.424007E-02
-1.596965E-02
-1.680631E-02
-1.670053E-02
-1.577150E-02
-1.385299E-02
-1.059092E-02
-6.424863E-03
-1.500403E-03
2.430858E-03
3.302242E-03
1.807695E-03
-3.087514E-04
-1.358013E-03
-2.014338E-03
-2.373569E-03
-6.640267E-04
4.186137E-03
1.017790E-02
1.488719E-02
1.803831E-02
2.056132E-02
2.156779E-02
2.006260E-02
1.686042E-02
1.367846E-02
1.067605E-02
7.524902E-03
4.714723E-03
2.340024E-03
-6.086762E-04
-2.777615E-03
-2.564673E-03
-1.544802E-03
-9.287946E-04
5.625518E-04
5.506628E-03
1.311094E-02
2.127027E-02
2.906730E-02
3.493300E-02
3.751847E-02
3.788263E-02
3.533240E-02
2.903418E-02
2.150855E-02
1.469588E-02
8.753128E-03
3.889961E-03
-1.625843E-03
-7.707787E-03
-1.285343E-02
-1.643915E-02
-1.809908E-02
-1.774315E-02
-1.601106E-02
-1.463128E-02
-1.476284E-02
-1.636547E-02
-1.774074E-02
-1.764824E-02
-1.664342E-02
-1.490833E-02
-1.076320E-02
-2.847225E-03
5.187111E-03
8.312843E-03
6.860405E-03
4.048684E-03
1.382767E-03
-1.195066E-03
-4.586877E-03
-1.074374E-02
-1.710295E-02
-1.907170E-02
-1.801755E-02
-1.623411E-02
-1.411986E-02
-1.170488E-02
-9.093261E-03
-6.778579E-03
-4.822247E-03
-3.056432E-03
-1.224308E-03
2.708732E-04
1.073082E-03
7.772878E-04
-3.278182E-04
-1.266998E-03
-2.011457E-03
-3.071980E-03
-4.411907E-03
-5.586875E-03
-6.136621E-03
-6.098650E-03
-5.711615E-03
-5.155079E-03
-4.614258E-03
-4.143153E-03
-3.674780E-03
-3.259325E-03
-2.892029E-03
-2.567064E-03
-2.321074E-03
-2.171548E-03
-2.110753E-03
-2.049646E-03
-1.916808E-03
-1.670484E-03
-1.272347E-03
-8.163444E-04
-3.667170E-04
5.034187E-05
4.394359E-04
8.122243E-04
1.152883E-03
1.440648E-03
1.691223E-03
1.940520E-03
2.197996E-03
2.446596E-03
2.673978E-03
2.882845E-03
3.074089E-03
3.253982E-03
3.429619E-03
3.602204E-03
3.770642E-03
3.935696E-03
4.096790E-03
4.252370E-03
4.399841E-03
4.537781E-03
4.666992E-03
4.788832E-03
4.904481E-03
5.014429E-03
5.118432E-03
5.216247E-03
5.307729E-03
5.392742E-03
5.471189E-03
5.543023E-03
5.608213E-03
