2.427259E-03
2.394375E-03
2.363946E-03
2.305316E-03
2.249250E-03
2.165316E-03
2.084647E-03
1.976645E-03
1.872707E-03
1.742124E-03
1.616626E-03
1.465338E-03
1.320259E-03
1.150388E-03
9.880328E-04
8.020328E-04
6.249166E-04
4.253842E-04
2.362863E-04
2.610386E-05
-1.720729E-04
-3.899290E-04
-5.941304E-04
-8.165261E-04
-1.023620E-03
-1.247414E-03
-1.454208E-03
-1.676189E-03
-1.879527E-03
-2.096556E-03
-2.293333E-03
-2.502288E-03
-2.689453E-03
-2.887390E-03
-3.062101E-03
-3.246185E-03
-3.405749E-03
-3.573391E-03
-3.715363E-03
-3.864175E-03
-3.986344E-03
-4.114231E-03
-4.214729E-03
-4.319873E-03
-4.397119E-03
-4.478057E-03
-4.530844E-03
-4.586397E-03
-4.614050E-03
-4.643352E-03
-4.644471E-03
-4.651530E-03
-4.644173E-03
-4.650320E-03
-4.643704E-03
-4.649040E-03
-4.643392E-03
-4.648048E-03
-4.643627E-03
-4.647291E-03
-4.644404E-03
-4.646701E-03
-4.645827E-03
-4.646258E-03
-4.647899E-03
-4.645718E-03
-4.650825E-03
-4.645072E-03
-4.654785E-03
-4.643935E-03
-4.660248E-03
-4.642157E-03
-4.666974E-03
-4.638501E-03
-4.679773E-03
-4.630829E-03
-4.683330E-03
-4.633863E-03
-4.751079E-03
-4.500872E-03
-4.664106E-03
-5.165354E-03
-4.558609E-03
1.667346E-03
-2.250311E-03
-5.851989E-03
-4.150925E-03
-4.873081E-03
-4.446647E-03
-4.953964E-03
-4.467544E-03
-4.909549E-03
-4.410020E-03
-5.046319E-03
-5.102913E-03
-4.952709E-03
-5.082920E-03
-5.832421E-03
7.430109E-03
1.428683E-02
1.022105E-02
-1.912867E-03
-5.378718E-03
-4.966984E-03
-6.227579E-03
9.755752E-03
2.061540E-02
5.298084E-04
-1.228072E-02
-6.882563E-03
5.652128E-03
2.510564E-02
2.874347E-02
1.315012E-02
-7.669844E-03
-2.547920E-02
-1.806936E-02
-5.722438E-03
7.800129E-03
2.355294E-02
2.812190E-02
2.288376E-02
7.426928E-03
-3.619379E-03
-5.762128E-03
-4.168367E-03
-5.930282E-03
-5.497536E-03
8.557081E-03
1.508835E-02
5.112191E-03
-6.806937E-03
-2.400552E-02
-2.244045E-02
-7.868758E-03
1.700080E-02
2.030214E-02
-1.972307E-03
-8.249620E-03
7.602394E-03
2.119817E-02
2.239828E-02
-5.792742E-05
-8.550630E-03
-3.906394E-03
2.919660E-03
-1.624926E-03
-7.174449E-03
-5.595123E-03
4.345959E-03
1.964782E-02
1.246841E-02
-2.313433E-03
-1.074780E-02
-1.664043E-02
-9.851876E-03
6.641848E-03
1.024017E-02
8.691286E-03
-2.875677E-03
-6.126893E-03
-4.944067E-03
-1.279883E-02
-1.363142E-02
1.304929E-02
2.634686E-02
1.463586E-02
-2.084224E-03
-1.321585E-02
-1.516803E-02
-8.166222E-03
6.180535E-03
1.693509E-02
2.137508E-02
1.101214E-02
-3.630160E-03
-5.297035E-03
-4.904698E-03
-1.084568E-02
-2.213797E-03
1.520765E-02
2.426690E-02
2.406579E-02
4.597380E-04
-1.451148E-02
-7.781863E-03
5.463655E-03
2.004867E-02
1.470410E-02
-1.341594E-02
-2.106073E-02
-9.110263E-03
-5.165286E-03
9.755858E-03
1.152338E-04
-1.340753E-02
-8.199354E-03
8.602551E-03
2.179550E-02
-1.483165E-03
-3.323299E-02
-1.890057E-02
1.660305E-02
4.067427E-02
3.016560E-02
-3.524661E-03
-8.857080E-03
-6.128274E-03
6.248847E-03
1.911207E-02
9.184908E-03
-4.827608E-03
7.300341E-03
1.719053E-04
-1.848989E-02
-1.742953E-02
2.472914E-03
2.300309E-02
2.631607E-02
8.622591E-04
-1.887243E-02
-1.582796E-02
-7.977827E-03
7.031368E-03
1.065092E-02
-3.935815E-03
-8.256475E-03
6.975961E-03
1.005125E-02
-3.608851E-03
-7.244944E-03
-4.903153E-03
-7.665431E-03
-5.760396E-03
8.872798E-03
-1.271632E-04
-2.337600E-02
-1.298544E-02
5.768060E-03
2.911478E-02
2.829787E-02
-1.076648E-03
-1.308571E-02
-7.198988E-03
-7.699936E-03
3.619979E-03
2.723098E-02
3.747300E-02
1.803465E-02
-1.471729E-02
-3.757774E-02
-2.096455E-02
1.892415E-05
1.312682E-02
1.320088E-02
8.807971E-03
-2.933831E-03
-7.402456E-03
-5.705175E-03
-1.163267E-02
-9.004440E-03
-6.978457E-03
1.428544E-03
1.387671E-02
-1.939189E-03
-9.195555E-03
2.851198E-03
8.412379E-03
2.162146E-02
1.576439E-02
-8.576446E-03
-1.035482E-02
-7.113193E-03
6.621606E-03
1.588880E-02
-2.237865E-03
-1.044761E-02
2.077187E-03
4.299076E-03
9.469839E-03
-2.774132E-03
-9.271894E-03
-5.583672E-03
3.224387E-03
-7.245646E-03
-1.026388E-02
-1.118720E-02
-1.529977E-02
-8.417006E-03
5.971305E-03
2.173661E-02
2.285634E-02
1.824798E-02
-1.488048E-03
-2.690695E-02
-3.500308E-02
-1.672543E-02
1.231151E-02
1.803880E-02
1.733402E-02
3.165866E-02
1.626536E-02
-1.929851E-02
-1.368249E-02
-3.142348E-03
-8.860906E-03
-1.398046E-02
2.512915E-03
2.867059E-02
8.018696E-03
-8.102811E-03
5.493510E-03
-1.727609E-03
-9.813845E-03
-6.421403E-03
-7.427469E-03
-6.726168E-03
-9.905925E-03
-1.583580E-03
1.960452E-02
2.053710E-02
-9.251928E-03
-1.023461E-02
-1.167137E-02
-1.226416E-02
1.289256E-02
3.344233E-02
1.298190E-02
-8.613862E-03
-7.121401E-03
-5.398173E-03
-1.843742E-02
-2.854915E-02
-1.451140E-02
-1.755473E-02
-4.360348E-02
-2.256693E-02
2.694115E-02
3.122793E-02
2.319822E-02
2.081882E-02
-5.425667E-03
1.124688E-02
4.845068E-02
1.474741E-02
-3.574600E-02
-4.544679E-02
-3.810678E-02
-1.804102E-02
-1.032384E-02
1.121934E-02
4.006362E-02
2.360271E-02
-5.501145E-03
-2.330302E-03
-5.359915E-03
-9.212676E-03
4.982948E-03
3.730662E-03
-7.340215E-03
-7.726860E-03
-1.176225E-02
-2.206230E-02
-3.032008E-02
-3.801462E-02
-3.315579E-02
8.816055E-04
2.338610E-02
1.786648E-02
9.904814E-03
2.204587E-03
-8.735601E-03
1.607668E-02
2.955529E-02
-6.471778E-04
-3.633376E-02
-3.692088E-02
-1.233871E-02
2.383023E-02
2.719874E-02
4.505452E-03
-7.911186E-03
-1.222178E-02
3.755636E-03
4.067662E-02
5.092146E-02
4.154239E-02
2.407254E-02
-1.471214E-03
-3.067755E-02
-6.479511E-02
-6.163221E-02
-2.819049E-02
-1.374191E-02
-1.213022E-02
-9.070906E-03
-8.269922E-03
-7.550544E-03
-1.052539E-02
-1.243872E-02
1.078578E-02
3.601806E-02
2.659471E-02
2.293399E-02
3.257897E-02
1.003773E-02
-1.592602E-02
-2.566290E-02
-1.939803E-02
1.071842E-02
3.164735E-02
1.465601E-02
-2.495778E-02
-2.590063E-02
-9.271702E-04
-4.840376E-03
-1.215501E-02
-1.761785E-03
1.481308E-02
1.813769E-02
-7.092136E-03
-1.199526E-02
2.795268E-02
3.487650E-02
9.897447E-03
3.318714E-03
-4.217919E-03
-1.151454E-02
-4.426206E-02
-6.139731E-02
-6.016165E-02
-4.814742E-02
-2.531595E-02
-1.636997E-02
-1.230631E-02
2.094900E-02
4.642744E-02
4.205416E-02
3.889879E-02
2.551353E-02
8.431352E-03
1.378713E-02
1.745873E-02
1.400009E-02
2.193122E-02
3.181069E-02
2.687033E-02
1.613246E-02
6.868391E-03
-6.907104E-03
-8.900311E-03
-6.276153E-03
-2.362740E-02
-5.201677E-02
-6.232963E-02
-4.407304E-02
-1.988539E-02
-1.030163E-02
-1.031809E-02
-1.144187E-02
9.573417E-03
3.448503E-02
3.200982E-02
2.173768E-02
2.264875E-02
2.459523E-02
2.524332E-02
1.527153E-02
-5.122562E-03
-1.306343E-02
-1.881122E-02
-3.740335E-02
-2.853008E-02
1.009329E-02
1.709011E-02
-1.226706E-02
-1.337258E-02
1.290705E-02
1.737041E-02
1.172836E-02
2.546759E-02
2.860585E-02
1.752184E-02
8.973248E-03
9.108271E-03
-9.391494E-03
-3.669551E-02
-2.053608E-02
-9.428382E-05
-7.295826E-03
-9.981171E-03
-7.111138E-03
-1.958982E-02
-3.153277E-02
-1.450684E-02
1.837887E-02
1.698833E-02
-1.191287E-02
-1.377630E-02
1.483139E-02
3.765350E-02
4.381972E-02
3.815326E-02
2.354716E-02
2.052776E-02
2.523106E-02
2.284594E-02
-2.584792E-03
-2.715706E-02
-3.607512E-02
-5.452072E-02
-5.989870E-02
-2.060874E-02
1.471653E-02
1.572689E-02
8.249161E-04
-9.196273E-03
-1.019920E-02
-1.151881E-02
-1.445354E-02
-1.048241E-02
-8.128346E-03
-9.638297E-03
-9.688531E-03
-2.216577E-05
1.747787E-02
4.282860E-02
5.037380E-02
2.690152E-02
2.061693E-02
3.568725E-02
5.080596E-02
5.982077E-02
5.994319E-02
5.360135E-02
4.825202E-02
3.342461E-02
-9.338663E-04
-3.143778E-02
-3.495469E-02
-2.511239E-02
-1.146640E-02
2.924758E-03
1.371328E-02
2.083081E-02
4.035291E-02
5.547424E-02
7.249230E-02
9.059294E-02
9.949497E-02
9.852444E-02
1.101153E-01
1.266253E-01
1.234182E-01
1.208623E-01
1.243940E-01
1.151890E-01
1.174375E-01
1.247685E-01
1.292168E-01
1.309482E-01
1.398906E-01
1.485275E-01
1.428595E-01
1.112229E-01
5.941448E-02
3.099282E-02
3.697269E-02
5.141590E-02
5.187041E-02
5.906576E-02
7.563810E-02
8.520919E-02
7.960949E-02
5.771960E-02
3.802883E-02
3.047599E-02
2.217866E-02
-7.657966E-03
-6.521490E-02
-1.096431E-01
-1.277041E-01
-1.434988E-01
-1.468821E-01
-1.333013E-01
-1.290569E-01
-1.229395E-01
-1.194673E-01
-1.418607E-01
-1.725195E-01
-1.795445E-01
-1.696379E-01
-1.509268E-01
-1.430831E-01
-1.549936E-01
-1.810276E-01
-2.036414E-01
-2.081350E-01
-2.005194E-01
-1.855469E-01
-1.776347E-01
-1.945279E-01
-2.024380E-01
-1.907187E-01
-1.461328E-01
-6.951899E-02
-1.441420E-03
3.942807E-02
6.420489E-02
7.236140E-02
5.195020E-02
1.484393E-02
-6.832747E-03
-1.131272E-02
-1.811475E-02
-3.910271E-02
-6.460527E-02
-8.454556E-02
-9.246436E-02
-9.078685E-02
-9.091506E-02
-9.873968E-02
-9.381071E-02
-8.400183E-02
-7.686961E-02
-7.468600E-02
-7.720889E-02
-8.413815E-02
-8.877221E-02
-6.948584E-02
-2.975477E-02
1.502464E-03
1.806211E-02
3.881889E-02
7.381774E-02
1.151280E-01
1.423848E-01
1.576376E-01
1.591097E-01
1.471381E-01
1.378812E-01
1.339434E-01
1.285546E-01
1.058079E-01
5.048727E-02
2.035296E-02
2.787088E-02
5.939795E-02
9.604774E-02
1.087897E-01
1.117583E-01
9.605963E-02
7.766754E-02
6.617295E-02
5.374391E-02
4.811611E-02
5.129125E-02
5.062685E-02
3.310096E-02
2.495184E-02
1.875519E-02
7.461426E-03
-4.583546E-03
-1.401166E-02
-4.597753E-02
-6.759055E-02
-7.251324E-02
-8.140259E-02
-8.945248E-02
-1.068033E-01
-1.185580E-01
-8.095427E-02
-1.613518E-02
-2.585645E-03
-3.248340E-02
-6.347902E-02
-5.042080E-02
3.427951E-03
5.198386E-02
8.447637E-02
1.028686E-01
1.116178E-01
1.126960E-01
1.153043E-01
1.194274E-01
1.089111E-01
4.739783E-02
-8.251543E-03
-2.400834E-02
-2.619232E-02
-1.594726E-02
1.197801E-02
5.001806E-02
7.688709E-02
6.996565E-02
3.988546E-02
-5.041793E-03
-4.193759E-02
-3.637926E-02
-2.043320E-02
-3.294802E-02
-4.442660E-02
-4.793339E-02
-4.924472E-02
-4.073979E-02
-1.889431E-02
1.181754E-02
5.975508E-02
9.713766E-02
8.046857E-02
2.766998E-02
-2.860410E-02
-4.536192E-02
-3.957544E-02
-3.147368E-02
-1.696662E-02
-2.133237E-02
-2.563666E-02
-6.457386E-03
2.874749E-02
5.505621E-02
7.372561E-02
7.793542E-02
6.203344E-02
4.708182E-02
4.079774E-02
3.378504E-02
2.006962E-02
-3.362523E-03
-2.025870E-02
-2.448068E-02
-3.138270E-02
-3.334038E-02
-2.706869E-02
-2.258522E-02
-2.297989E-02
-1.276807E-02
2.719532E-03
1.482341E-02
1.889235E-02
-2.562645E-03
-3.503919E-02
-4.005312E-02
-3.569573E-02
-3.770535E-02
-3.434394E-02
-1.598279E-02
7.314858E-03
8.616195E-03
-5.694054E-03
-2.009525E-02
-1.801575E-02
-1.214792E-02
3.386858E-02
8.002275E-02
9.138341E-02
9.344644E-02
8.624610E-02
7.152721E-02
5.580784E-02
2.773041E-02
-9.391062E-03
-1.509485E-02
-1.340691E-02
-3.326076E-02
-6.174055E-02
-8.967342E-02
-1.063734E-01
-1.094225E-01
-1.095219E-01
-9.884524E-02
-7.914425E-02
-6.628991E-02
-5.496473E-02
-4.965369E-02
-5.835302E-02
-6.792763E-02
-5.331136E-02
-2.890516E-02
-1.622978E-02
-2.039164E-02
-2.295798E-02
-1.716601E-02
-1.661327E-02
-1.080196E-02
9.466046E-03
1.870003E-02
-3.130782E-03
-1.630847E-02
-3.329973E-02
-4.015029E-02
-1.936653E-02
2.429683E-02
7.779057E-02
1.077289E-01
9.726395E-02
7.833424E-02
6.252773E-02
4.700678E-02
3.971886E-02
4.629702E-02
4.760233E-02
3.374165E-02
9.636888E-03
-8.876866E-03
-2.695197E-03
1.837652E-02
3.353181E-02
2.134105E-02
-8.342641E-03
-3.778851E-02
-3.733784E-02
-2.331468E-02
-1.145537E-02
-7.045212E-03
-1.212729E-02
-3.215045E-02
-5.351360E-02
-4.440918E-02
-5.240746E-03
4.038125E-02
6.192388E-02
5.938549E-02
4.793149E-02
4.646292E-02
4.813362E-02
4.031979E-02
2.233626E-02
-6.781324E-03
-4.039026E-02
-4.823062E-02
-2.266433E-02
3.664769E-03
2.386285E-02
2.838823E-02
2.144298E-02
2.899322E-02
3.825652E-02
4.683042E-02
4.349429E-02
1.351236E-02
-2.296233E-02
-5.408291E-02
-7.992170E-02
-9.011095E-02
-8.782545E-02
-8.837709E-02
-8.478338E-02
-5.289456E-02
-1.762271E-02
-8.610793E-03
-1.875705E-02
-3.647811E-02
-5.445788E-02
-3.991406E-02
2.203311E-02
7.471396E-02
8.555332E-02
6.417313E-02
3.311901E-02
1.697939E-02
8.966828E-03
5.816818E-03
1.906604E-02
3.765447E-02
3.781789E-02
2.697094E-02
-3.209456E-03
-4.075661E-02
-4.931374E-02
-2.150749E-02
1.075504E-02
4.205835E-02
5.123487E-02
4.700593E-02
4.740640E-02
4.805003E-02
3.985911E-02
2.027123E-02
-5.720650E-03
-1.074930E-02
5.964036E-03
8.352980E-03
6.720518E-03
1.758028E-02
2.147410E-02
2.194633E-02
3.060796E-02
2.677874E-02
4.443105E-03
-8.630106E-03
-9.067803E-03
-8.955720E-03
-2.258089E-02
-4.106208E-02
-5.673889E-02
-6.783877E-02
-6.726008E-02
-4.968404E-02
-2.552940E-02
-1.036458E-02
-8.672113E-03
-1.403157E-02
-1.780589E-02
-1.522534E-02
-1.214179E-02
-1.174336E-02
-9.970191E-03
1.661499E-03
6.055335E-03
9.120263E-03
2.496698E-02
3.328677E-02
1.836762E-02
-5.535999E-03
-1.225527E-02
-9.165426E-03
-1.586193E-03
6.947112E-03
1.234697E-03
-8.793412E-03
-9.517325E-03
4.121507E-03
-4.169085E-03
-1.198195E-02
-1.481967E-02
-1.901616E-02
-5.453434E-03
3.054856E-02
4.974162E-02
2.730969E-02
6.474065E-03
-6.253192E-03
-1.472661E-02
-1.525732E-02
-9.932441E-03
-8.568423E-03
-9.578378E-03
-9.050234E-03
-8.022522E-03
-1.225168E-02
-2.697358E-02
-3.139250E-02
-2.791861E-02
-2.003125E-02
1.168988E-02
4.793588E-02
5.644084E-02
4.243266E-02
2.386525E-02
2.728598E-03
-8.283435E-03
-9.641702E-03
-2.679628E-03
1.207328E-02
3.356037E-02
4.806278E-02
5.577100E-02
6.409732E-02
5.746250E-02
5.094979E-03
-4.975973E-02
-6.536812E-02
-6.627657E-02
-7.495398E-02
-8.517828E-02
-6.949109E-02
-4.011700E-02
-1.283871E-02
5.825701E-03
2.612002E-03
3.283461E-03
3.495803E-02
6.537568E-02
7.706261E-02
7.854556E-02
4.893501E-02
-1.970395E-03
-1.616452E-02
-8.538719E-03
-7.141893E-03
-1.547957E-02
-3.255931E-02
-5.325203E-02
-6.377432E-02
-6.549374E-02
-5.745779E-02
-3.389516E-02
7.443724E-04
2.608405E-02
1.991390E-02
-5.425811E-03
-1.119852E-02
-1.207200E-02
-1.036295E-02
-8.071845E-03
-8.974849E-03
-1.377967E-02
-1.535769E-02
-9.344314E-03
-9.435353E-03
-1.083597E-02
7.275469E-03
2.440842E-02
1.614412E-02
-5.072324E-03
-2.127847E-02
-2.352415E-02
-1.169968E-02
1.858645E-03
1.707973E-03
-7.492234E-03
-9.712231E-03
-8.443541E-03
-8.825699E-03
-8.428136E-03
-1.100816E-02
-1.201901E-02
4.313028E-04
1.857027E-02
2.896132E-02
4.299676E-02
5.456123E-02
5.365884E-02
3.694055E-02
1.740070E-02
8.162597E-03
-4.229008E-03
-1.361754E-02
-2.764767E-02
-3.477793E-02
-2.948635E-02
-2.064900E-02
-1.068115E-02
-1.013350E-02
7.282689E-03
2.351828E-02
3.128400E-02
2.476313E-02
1.590652E-02
1.653483E-02
2.003378E-02
2.718421E-02
2.641667E-02
1.187891E-02
-1.268866E-02
-4.017608E-02
-5.570750E-02
-5.580791E-02
-4.751711E-02
-3.350899E-02
-1.885600E-02
-4.178428E-04
2.607146E-02
4.395970E-02
4.897517E-02
5.333942E-02
5.442257E-02
5.220492E-02
4.964423E-02
1.849456E-02
-2.215993E-02
-3.068042E-02
-1.457051E-02
4.603373E-03
1.554725E-02
1.175006E-02
-5.561116E-03
-1.805015E-02
-1.688927E-02
1.532145E-03
1.996645E-02
2.445540E-02
2.181538E-02
1.738991E-02
1.431675E-02
4.360851E-03
-7.879194E-03
-8.269631E-03
-8.502876E-03
-9.800211E-03
-2.673546E-03
2.050989E-02
3.314778E-02
3.600288E-02
3.863463E-02
4.488978E-02
4.659925E-02
4.597583E-02
4.756602E-02
4.746406E-02
4.729609E-02
4.723092E-02
3.946608E-02
3.236026E-02
3.147069E-02
3.457020E-02
3.693947E-02
4.607253E-02
4.860527E-02
4.410757E-02
4.041896E-02
4.478600E-02
4.259442E-02
3.338570E-02
2.076224E-02
-3.699003E-03
-1.746478E-02
-1.730217E-02
-1.443600E-02
-1.106069E-02
-8.662036E-03
-8.553780E-03
-8.450038E-03
-8.188598E-03
-8.790658E-03
-9.457159E-03
8.427238E-04
1.801752E-02
3.378606E-02
4.447983E-02
4.534011E-02
3.901765E-02
2.829471E-02
-3.397317E-03
-5.819362E-02
-8.220459E-02
-8.331518E-02
-9.728984E-02
-1.120504E-01
-1.235154E-01
-1.290697E-01
-1.223519E-01
-1.205169E-01
-1.210786E-01
-1.255169E-01
-1.417029E-01
-1.522510E-01
-1.467506E-01
-1.356279E-01
-1.220280E-01
-6.213989E-02
1.441225E-02
4.422484E-02
4.984692E-02
5.937095E-02
7.514429E-02
7.758856E-02
8.236856E-02
9.780337E-02
1.140184E-01
1.154340E-01
1.191137E-01
1.180704E-01
1.160191E-01
1.158385E-01
1.101929E-01
1.025426E-01
1.036630E-01
1.149581E-01
1.246208E-01
1.137857E-01
9.276758E-02
7.487994E-02
6.431498E-02
4.553197E-02
2.188713E-02
-1.743176E-03
-3.122142E-02
-4.714024E-02
-3.727670E-02
-1.365478E-02
2.226458E-02
4.976455E-02
4.979532E-02
5.110312E-02
4.965121E-02
3.633361E-02
1.316732E-02
-2.820243E-02
-6.556149E-02
-6.688764E-02
-4.821739E-02
-1.866058E-02
-7.696308E-03
-9.403879E-03
-7.454523E-03
-1.238591E-02
-2.636585E-02
-3.879322E-02
-3.932066E-02
-4.202467E-02
-5.602663E-02
-7.285015E-02
-8.353955E-02
-8.621439E-02
-8.304428E-02
-8.227951E-02
-8.632847E-02
-9.212799E-02
-8.830438E-02
-8.854587E-02
-1.033364E-01
-1.163631E-01
-1.255973E-01
-1.404095E-01
-1.497114E-01
-1.593304E-01
-1.639755E-01
-1.392865E-01
-9.798651E-02
-6.484371E-02
-5.537889E-02
-5.947329E-02
-6.205211E-02
-7.272502E-02
-7.952464E-02
-7.640838E-02
-7.189651E-02
-6.340555E-02
-4.575694E-02
-1.607543E-02
9.322988E-03
3.228122E-02
6.211545E-02
8.714483E-02
1.097204E-01
1.223915E-01
1.350612E-01
1.336980E-01
1.304272E-01
1.321388E-01
1.380120E-01
1.393517E-01
1.500610E-01
1.679552E-01
1.796932E-01
1.970433E-01
2.126790E-01
2.271783E-01
2.474425E-01
2.537018E-01
2.542383E-01
2.484144E-01
2.275359E-01
1.988168E-01
1.694158E-01
1.375497E-01
1.010102E-01
7.296447E-02
5.520005E-02
5.394161E-02
6.184474E-02
6.412027E-02
5.654695E-02
3.693160E-02
2.179315E-03
-4.313760E-02
-9.655282E-02
-1.387864E-01
-1.580053E-01
-1.609804E-01
-1.598274E-01
-1.620597E-01
-1.675687E-01
-1.803518E-01
-1.908165E-01
-2.105171E-01
-2.279905E-01
-2.353581E-01
-2.386468E-01
-2.395315E-01
-2.284005E-01
-2.154428E-01
-2.038852E-01
-1.987903E-01
-1.958163E-01
-1.839494E-01
-1.569556E-01
-1.220026E-01
-8.598322E-02
-5.228556E-02
-2.983331E-02
-1.808786E-02
-1.133882E-02
-1.328934E-02
-2.134590E-02
-3.145907E-02
-3.714886E-02
-3.839537E-02
-3.758237E-02
-3.900208E-02
-2.788782E-02
-1.157079E-02
1.000897E-02
3.122006E-02
2.644279E-02
1.762101E-02
8.365205E-03
-6.504494E-03
-2.347032E-02
-2.393127E-02
-1.735603E-02
-1.673111E-02
-1.660725E-02
-2.662845E-02
-4.180781E-02
-6.007482E-02
-7.562536E-02
-8.225403E-02
-8.584831E-02
-9.153856E-02
-9.959102E-02
-1.031559E-01
-9.686559E-02
-8.224757E-02
-4.442656E-02
5.089496E-03
4.083814E-02
4.758667E-02
4.434913E-02
4.147175E-02
3.290855E-02
2.702338E-02
4.143431E-02
6.454581E-02
7.485055E-02
8.984210E-02
1.061666E-01
1.116089E-01
1.148341E-01
1.121736E-01
7.564188E-02
3.516706E-02
2.688782E-02
2.798108E-02
2.980523E-02
3.646053E-02
4.301958E-02
5.233364E-02
5.888392E-02
6.533281E-02
6.993535E-02
7.038079E-02
6.111579E-02
5.242775E-02
4.806103E-02
4.560124E-02
5.683293E-02
7.231989E-02
7.726702E-02
7.758060E-02
7.818110E-02
6.947912E-02
7.171502E-02
8.281728E-02
8.731947E-02
9.426025E-02
1.069614E-01
1.119184E-01
1.067176E-01
1.104124E-01
1.129664E-01
1.059074E-01
1.063772E-01
1.051930E-01
8.306115E-02
2.098746E-02
-3.378791E-02
-4.471186E-02
-4.137878E-02
-4.058123E-02
-3.830317E-02
-3.722124E-02
-5.096038E-02
-6.633874E-02
-7.621275E-02
-8.382565E-02
-8.482995E-02
-7.903662E-02
-6.529077E-02
-4.436998E-02
-2.254800E-02
-1.157379E-02
7.975931E-03
2.876260E-02
4.394409E-02
4.845509E-02
4.409011E-02
3.239116E-02
2.344860E-02
3.051768E-02
3.367786E-02
2.370713E-02
3.334663E-03
-8.608071E-03
-1.039231E-02
-1.301679E-02
-2.417134E-02
-2.895551E-02
-3.273484E-02
-3.381750E-02
-2.065337E-02
4.444896E-04
1.650333E-02
2.816466E-02
3.694877E-02
4.859803E-02
5.209272E-02
5.592249E-02
6.484226E-02
6.878900E-02
7.514025E-02
8.206322E-02
8.369488E-02
8.396245E-02
8.417603E-02
7.916251E-02
7.173300E-02
5.950583E-02
3.514912E-02
-7.663904E-04
-3.234205E-02
-5.537193E-02
-7.645827E-02
-9.099127E-02
-9.532528E-02
-9.803018E-02
-1.017824E-01
-9.759443E-02
-8.983175E-02
-7.760461E-02
-7.210036E-02
-7.575157E-02
-8.016403E-02
-7.897977E-02
-7.550480E-02
-7.599940E-02
-7.827482E-02
-7.750386E-02
-7.086769E-02
-5.864278E-02
-3.519630E-02
-1.970867E-02
-1.183741E-02
-8.636574E-03
-9.597987E-03
-1.142435E-02
-1.762855E-02
-2.445523E-02
-3.249518E-02
-3.856475E-02
-4.611267E-02
-4.800181E-02
-4.779707E-02
-4.582080E-02
-4.039422E-02
-4.419280E-02
-4.235216E-02
-3.936968E-02
-2.998483E-02
-1.479996E-02
-1.033325E-02
1.616800E-03
5.623655E-03
1.686070E-02
3.471275E-02
5.030586E-02
7.184346E-02
8.885092E-02
9.532245E-02
9.677110E-02
9.290801E-02
8.964965E-02
8.946519E-02
8.603273E-02
7.897962E-02
7.001481E-02
5.008344E-02
2.625808E-02
1.621708E-02
1.625720E-02
1.956722E-02
3.130885E-02
3.194914E-02
2.362073E-02
1.958438E-02
2.127510E-02
2.053097E-02
2.368790E-02
1.739036E-02
1.533868E-02
1.546366E-02
2.193523E-02
2.954814E-02
4.470620E-02
4.808309E-02
4.102233E-02
3.141008E-02
1.600718E-02
-5.055391E-03
-1.086300E-02
-1.878883E-02
-2.530653E-02
-3.053227E-02
-3.095839E-02
-2.950697E-02
-2.990754E-02
-3.469228E-02
-3.871494E-02
-4.598794E-02
-4.183554E-02
-3.080998E-02
-2.048729E-02
-1.017906E-02
-1.043860E-03
-5.888973E-03
-9.870691E-03
-1.568993E-02
-1.986170E-02
-1.830805E-02
-1.261043E-02
-8.070588E-03
-1.014521E-02
-9.505347E-03
3.856379E-03
1.505830E-02
2.095415E-02
2.995253E-02
3.531203E-02
4.549372E-02
5.310413E-02
5.999911E-02
6.235821E-02
6.276600E-02
5.695881E-02
4.829756E-02
3.879712E-02
3.813721E-02
4.361220E-02
4.435737E-02
3.954564E-02
2.122979E-02
-7.207437E-03
-2.745943E-02
-3.074132E-02
-2.674179E-02
-1.654928E-02
-9.374207E-03
-1.475238E-02
-2.105532E-02
-2.496778E-02
-3.057877E-02
-3.217434E-02
-2.724015E-02
-2.290954E-02
-1.687190E-02
-9.612796E-03
-8.381643E-03
-8.790005E-03
-8.456602E-03
-9.729530E-03
-1.262791E-02
-1.595081E-02
-2.088360E-02
-2.547008E-02
-2.620676E-02
-1.904558E-02
-1.687755E-02
-1.547659E-02
-2.243853E-02
-3.369505E-02
-3.833343E-02
-3.679220E-02
-3.621621E-02
-3.956178E-02
-3.886408E-02
-3.605834E-02
-4.173311E-02
-5.186624E-02
-4.702191E-02
-3.926499E-02
-2.523706E-02
-1.390309E-02
-1.664594E-02
-1.734423E-02
-2.318104E-02
-2.952260E-02
-2.952157E-02
-2.664129E-02
-2.254907E-02
-1.745067E-02
-1.104940E-02
-8.450660E-03
-8.391753E-03
-8.415758E-03
-7.919412E-03
-8.221672E-03
-1.248864E-02
-1.154440E-02
-8.848372E-03
4.510063E-03
2.110065E-02
2.390608E-02
2.716965E-02
2.969421E-02
3.198089E-02
3.213423E-02
2.751827E-02
1.109174E-02
-6.596572E-03
-9.422760E-03
4.026713E-03
8.426079E-03
6.229186E-03
6.732624E-03
1.501905E-02
2.335180E-02
3.021179E-02
3.956523E-02
3.580226E-02
1.957565E-02
-2.970520E-03
-1.361296E-02
-2.231403E-02
-2.351047E-02
-1.519896E-02
-9.897014E-03
4.131331E-03
1.272714E-02
1.517022E-02
1.619186E-02
2.124897E-02
2.870871E-02
3.244763E-02
3.706392E-02
3.455959E-02
2.582047E-02
2.248406E-02
1.761909E-02
1.748145E-02
1.882758E-02
9.190487E-03
-6.146967E-03
-8.950975E-03
-8.115925E-03
3.004456E-03
8.165457E-03
5.256791E-03
6.370255E-03
1.419823E-02
1.901832E-02
2.393300E-02
2.028716E-02
9.575356E-03
-5.187759E-03
-9.976100E-03
-4.214156E-05
1.427602E-02
1.560515E-02
4.409885E-03
-7.335853E-03
-2.196460E-02
-2.776836E-02
-2.790357E-02
-2.991848E-02
-1.901615E-02
-8.709146E-03
5.598454E-03
1.432664E-02
9.804215E-03
5.855721E-03
7.823460E-03
1.606595E-02
2.193326E-02
2.389598E-02
1.992743E-02
8.672095E-03
-5.805861E-03
-8.209938E-03
-7.161669E-03
-7.664559E-03
-7.801985E-03
-7.838212E-03
-7.437114E-03
-8.347959E-03
-1.447668E-02
-2.617330E-02
-3.201380E-02
-3.800626E-02
-4.433169E-02
-4.420678E-02
-3.734855E-02
-3.544544E-02
-3.662650E-02
-3.639206E-02
-4.571982E-02
-5.161775E-02
-5.200463E-02
-5.147150E-02
-4.806251E-02
-4.782470E-02
-4.558233E-02
-3.425251E-02
-2.090284E-02
-9.636402E-03
4.296403E-03
1.342248E-02
1.501033E-02
2.920804E-02
4.466037E-02
4.718781E-02
5.211959E-02
6.587196E-02
7.350652E-02
8.298770E-02
8.634539E-02
9.273127E-02
9.416682E-02
9.641479E-02
9.559786E-02
9.167697E-02
8.370182E-02
6.137394E-02
3.700011E-02
2.084056E-02
8.478177E-03
-5.001108E-03
-8.503758E-03
-7.012783E-03
-7.842033E-03
-7.075955E-03
-1.092793E-02
-1.825846E-02
-2.836801E-02
-2.974526E-02
-2.667407E-02
-1.816765E-02
-9.534461E-03
2.941894E-03
9.563994E-03
6.487790E-03
-5.027708E-03
-8.845129E-03
-8.461052E-03
-8.398111E-03
-7.359997E-03
-8.072412E-03
-7.509864E-03
-7.582345E-03
-9.045833E-03
-1.284160E-02
-1.261924E-02
-1.470061E-02
-2.092036E-02
-2.815679E-02
-3.227862E-02
-3.534033E-02
-3.845758E-02
-3.848907E-02
-3.820935E-02
-3.735324E-02
-4.284417E-02
-4.397965E-02
-4.295020E-02
-4.391446E-02
-4.448810E-02
-4.420644E-02
-4.388408E-02
-4.345275E-02
-4.984861E-02
-4.875157E-02
-5.143408E-02
-5.397154E-02
-5.347685E-02
-5.302420E-02
-4.702527E-02
-4.410492E-02
-4.693821E-02
-5.273136E-02
-5.766220E-02
-6.213312E-02
-6.338982E-02
-5.965093E-02
-6.041453E-02
-6.082172E-02
-5.969538E-02
-5.609350E-02
-4.917641E-02
-4.071261E-02
-3.660461E-02
-3.711075E-02
-3.319276E-02
-3.288837E-02
-2.683621E-02
-1.755410E-02
-1.013168E-02
2.771243E-03
1.473138E-02
2.575672E-02
3.587812E-02
4.000992E-02
3.692942E-02
3.271004E-02
3.231001E-02
3.219704E-02
3.041822E-02
3.535723E-02
3.388730E-02
1.978847E-02
-2.707052E-03
-1.007740E-02
-1.780629E-02
-2.151402E-02
-1.324321E-02
-1.353870E-02
-1.374901E-02
-1.427320E-02
-1.384377E-02
-1.099820E-02
-3.290579E-03
6.483439E-03
1.867731E-02
2.538034E-02
3.219286E-02
4.336681E-02
5.360911E-02
6.064215E-02
7.184383E-02
7.748890E-02
8.409917E-02
8.634205E-02
8.546613E-02
8.069841E-02
7.215763E-02
6.684909E-02
6.660474E-02
6.800536E-02
7.042066E-02
7.083752E-02
6.783292E-02
6.002908E-02
5.377315E-02
4.227060E-02
3.035475E-02
1.950556E-02
9.197210E-03
4.557994E-04
-7.072870E-03
-1.169553E-02
-1.229443E-02
-9.050981E-03
-8.219452E-03
-8.265038E-03
-8.013223E-03
-1.299398E-02
-1.742862E-02
-1.462983E-02
-1.665738E-02
-1.208991E-02
-7.469214E-03
-8.823297E-03
-9.382165E-03
-1.352673E-02
-1.695175E-02
-2.120620E-02
-2.423007E-02
-3.002549E-02
-3.754306E-02
-4.433085E-02
-4.380981E-02
-4.533006E-02
-4.861330E-02
-4.655022E-02
-3.894003E-02
-3.330252E-02
-2.319693E-02
-1.442968E-02
-1.414838E-02
-1.811466E-02
-2.082035E-02
-2.424869E-02
-2.762392E-02
-3.327331E-02
-3.083053E-02
-2.656314E-02
-2.264084E-02
-2.161900E-02
-1.663843E-02
-1.061599E-02
4.556166E-03
1.820180E-02
2.667469E-02
3.482397E-02
4.442335E-02
5.675383E-02
7.290773E-02
8.775171E-02
1.042276E-01
1.128293E-01
1.182008E-01
1.228055E-01
1.286640E-01
1.270610E-01
1.238373E-01
1.166154E-01
1.133723E-01
1.034966E-01
9.216774E-02
8.177066E-02
6.553375E-02
5.333333E-02
4.885149E-02
3.505004E-02
2.986342E-02
3.522718E-02
3.720099E-02
3.590684E-02
3.487810E-02
3.367779E-02
3.603636E-02
3.917014E-02
3.984050E-02
3.452146E-02
2.003279E-02
-3.275428E-03
-1.976278E-02
-3.667322E-02
-5.323806E-02
-7.126719E-02
-8.409380E-02
-9.200353E-02
-1.044721E-01
-1.155295E-01
-1.210346E-01
-1.279240E-01
-1.280629E-01
-1.193658E-01
-1.163466E-01
-1.143955E-01
-1.200658E-01
-1.282849E-01
-1.358126E-01
-1.435971E-01
-1.463460E-01
-1.452338E-01
-1.340939E-01
-1.288427E-01
-1.267457E-01
-1.102932E-01
-9.759069E-02
-8.414945E-02
-6.780506E-02
-5.637079E-02
-4.814644E-02
-3.839559E-02
-2.315893E-02
-1.164415E-02
7.595910E-03
3.093548E-02
4.780218E-02
6.586656E-02
8.246158E-02
9.119675E-02
9.786138E-02
1.080764E-01
1.092683E-01
1.022247E-01
9.790892E-02
9.108864E-02
7.019336E-02
6.780041E-02
6.817103E-02
6.040006E-02
7.223770E-02
7.798833E-02
7.631839E-02
7.732266E-02
7.555930E-02
7.732255E-02
7.711164E-02
8.206442E-02
8.820669E-02
9.079110E-02
9.212286E-02
9.560256E-02
9.694917E-02
9.310540E-02
9.092537E-02
8.962151E-02
8.584292E-02
7.859584E-02
7.738207E-02
7.712307E-02
7.629650E-02
7.498603E-02
7.047849E-02
6.810766E-02
6.490588E-02
5.706475E-02
4.818580E-02
2.914492E-02
8.203811E-03
-5.770276E-03
-1.652728E-02
-2.754422E-02
-3.863528E-02
-4.458262E-02
-5.789263E-02
-7.340218E-02
-8.538476E-02
-9.693080E-02
-1.043567E-01
-1.068532E-01
-1.070836E-01
-1.042919E-01
-1.033028E-01
-9.817741E-02
-8.992510E-02
-7.945699E-02
-6.376521E-02
-5.472147E-02
-4.271174E-02
-3.463190E-02
-2.898067E-02
-2.342787E-02
-1.710361E-02
-1.133210E-02
-9.949821E-03
-9.939021E-03
-9.861443E-03
-9.008702E-03
-9.652957E-03
-9.190778E-03
-9.862421E-03
-1.515207E-02
-3.349457E-02
-5.088272E-02
-5.907420E-02
-6.438450E-02
-6.021329E-02
-4.811025E-02
-3.389013E-02
-2.475164E-02
-1.754725E-02
-1.144286E-02
-9.897196E-03
-9.223439E-03
-1.115097E-02
-9.543225E-03
-9.649385E-03
-9.784429E-03
-3.834664E-03
3.551070E-03
5.605145E-03
7.669317E-03
5.119649E-03
4.604592E-03
9.789670E-04
3.159078E-03
1.026914E-02
1.646517E-02
2.236849E-02
2.361612E-02
1.885918E-02
1.699214E-02
9.028422E-03
-4.474827E-04
-7.641461E-03
-1.045229E-02
-9.623178E-03
9.007309E-04
8.426999E-03
6.656618E-03
7.676027E-03
6.615122E-03
6.041064E-03
1.952626E-03
-3.575934E-05
-6.909512E-03
-1.012571E-02
-9.408677E-03
-1.019442E-02
7.903398E-04
8.210425E-03
1.165801E-02
9.560466E-03
4.715458E-03
9.325805E-05
-8.027347E-03
-1.241354E-02
-1.460510E-02
-1.670359E-02
-1.876236E-02
-1.528949E-02
-1.597113E-02
-1.544954E-02
-1.447575E-02
-1.273100E-02
-1.013219E-02
-3.377909E-03
9.534205E-03
1.496777E-02
1.961370E-02
2.327303E-02
2.625562E-02
2.290298E-02
2.238404E-02
2.128541E-02
1.374942E-02
6.723006E-03
-6.192875E-03
-1.395231E-02
-2.055369E-02
-2.964553E-02
-3.117944E-02
-2.360952E-02
-1.923033E-02
-1.636798E-02
-1.037818E-02
-9.050497E-03
-9.681846E-03
-9.397526E-03
-8.990782E-03
-1.007376E-02
-1.435985E-02
-1.259214E-02
-9.041433E-03
-9.251235E-03
-9.986244E-03
-9.928470E-03
-1.260640E-03
1.348816E-03
-7.670279E-03
-1.008087E-02
-9.228760E-03
-9.780750E-03
-2.484378E-03
4.918786E-03
1.350359E-02
2.090898E-02
1.939304E-02
1.612879E-02
1.250540E-02
9.085858E-03
6.928938E-03
3.921987E-04
-8.029589E-03
-1.010190E-02
-1.366174E-02
-1.561567E-02
-1.502096E-02
-1.189809E-02
-9.629159E-03
-1.002071E-02
-3.488874E-03
4.347251E-03
4.723128E-03
3.688424E-03
3.773762E-03
6.810956E-03
1.414564E-02
1.856239E-02
1.970040E-02
1.557711E-02
7.800107E-03
3.416203E-04
-7.756887E-03
-1.342053E-02
-1.770131E-02
-2.476830E-02
-3.141490E-02
-2.995558E-02
-3.266548E-02
-3.156702E-02
-2.747482E-02
-1.525860E-02
-1.035183E-03
6.555739E-03
8.557709E-03
7.503782E-03
7.582054E-03
7.920595E-03
8.204487E-03
5.941066E-03
1.171010E-02
1.447509E-02
6.640360E-03
-6.738093E-03
-1.305727E-02
-1.425787E-02
-1.161785E-02
-9.650660E-03
-1.020990E-02
9.787413E-04
1.352663E-02
1.612236E-02
1.848502E-02
1.711781E-02
1.568966E-02
1.556021E-02
8.777753E-03
6.353022E-03
-5.179086E-03
-1.296668E-02
-1.425228E-02
-2.073257E-02
-2.065193E-02
-1.164404E-02
4.009006E-03
1.214573E-02
9.051854E-03
1.432013E-02
1.770406E-02
1.565295E-02
2.186421E-02
2.214694E-02
2.608517E-02
3.143212E-02
2.687813E-02
2.209430E-02
2.374567E-02
1.769896E-02
7.574982E-03
-5.437107E-03
-1.070375E-02
-1.469590E-02
-2.767546E-02
-3.232720E-02
-3.805791E-02
-4.151632E-02
-3.917148E-02
-3.166357E-02
-2.369495E-02
-1.397465E-02
-9.674109E-03
1.041610E-02
2.268922E-02
2.885671E-02
3.090589E-02
1.756265E-02
-3.498637E-03
-2.096819E-02
-2.539133E-02
-2.320871E-02
-1.473656E-02
-1.409142E-02
-1.166441E-02
-1.044352E-02
-9.853294E-03
-8.633411E-03
-8.760683E-03
-9.778375E-03
-1.963324E-03
1.377873E-02
2.579818E-02
3.519224E-02
4.593944E-02
4.796459E-02
4.673626E-02
3.703625E-02
1.092382E-02
-8.822274E-03
-1.509335E-02
-1.455905E-02
-1.101613E-02
-9.581328E-03
-1.661973E-03
1.009405E-02
2.039587E-02
2.856253E-02
3.200619E-02
2.968114E-02
2.691851E-02
2.584006E-02
3.311877E-02
4.002817E-02
4.158873E-02
2.910407E-02
-1.915987E-03
-1.729848E-02
-2.028169E-02
-1.611370E-02
-8.461407E-03
-8.088892E-03
-9.344401E-03
-1.601694E-02
-2.071179E-02
-2.779048E-02
-3.033622E-02
-2.648791E-02
-1.609159E-02
-8.621932E-03
-4.088755E-04
1.029702E-03
-7.129586E-03
-8.518931E-03
-7.984968E-03
-7.829925E-03
-7.514365E-03
-1.174905E-02
-2.280506E-02
-3.099448E-02
-3.651137E-02
-3.686468E-02
-3.393313E-02
-2.401427E-02
-1.418238E-02
-1.346513E-02
-1.702437E-02
-1.571343E-02
-9.819416E-03
5.259670E-03
2.152679E-02
2.492365E-02
1.917486E-02
1.400478E-02
8.886434E-03
1.225346E-02
2.342618E-02
3.080153E-02
3.910582E-02
3.958756E-02
4.032709E-02
3.573690E-02
2.499953E-02
-6.199758E-04
-2.470756E-02
-4.049136E-02
-4.649176E-02
-5.028240E-02
-5.305244E-02
-4.809058E-02
-4.503172E-02
-3.881575E-02
-2.436161E-02
-1.183729E-02
-1.554812E-03
1.647589E-02
3.585281E-02
4.727636E-02
4.563764E-02
3.814148E-02
3.418915E-02
2.978002E-02
3.133368E-02
3.740722E-02
3.132397E-02
2.311302E-02
1.293947E-02
-3.845459E-03
-7.602442E-03
-1.352703E-02
-2.116409E-02
-2.154180E-02
-1.488292E-02
-8.213482E-03
-7.951026E-03
6.329218E-03
1.161473E-02
9.860487E-03
8.101345E-03
1.941844E-03
-5.936758E-03
2.843364E-03
1.411683E-02
1.984189E-02
2.525493E-02
2.369869E-02
2.861591E-02
3.113877E-02
3.842380E-02
4.751975E-02
5.354025E-02
5.621257E-02
5.519430E-02
5.336768E-02
4.836445E-02
4.213349E-02
4.106792E-02
4.005229E-02
3.944052E-02
3.809847E-02
3.425392E-02
3.325627E-02
3.360229E-02
3.622679E-02
3.973284E-02
4.563543E-02
4.922968E-02
4.870602E-02
4.889433E-02
5.192979E-02
5.473674E-02
5.628758E-02
5.734596E-02
5.533097E-02
4.998181E-02
4.666400E-02
4.168329E-02
3.467981E-02
3.126889E-02
2.720121E-02
2.078485E-02
1.507252E-02
1.003256E-02
1.027109E-02
1.800583E-02
2.177659E-02
2.009402E-02
1.826823E-02
1.183134E-02
-3.809713E-03
-6.323868E-03
-1.012533E-02
-2.096308E-02
-3.256130E-02
-4.062773E-02
-5.136518E-02
-6.048334E-02
-6.509089E-02
-6.583279E-02
-6.316272E-02
-5.614218E-02
-4.633869E-02
-3.714616E-02
-3.569475E-02
-3.135544E-02
-1.770026E-02
-8.268368E-03
-6.658301E-03
-6.011411E-03
-6.284276E-03
-5.814872E-03
-5.992355E-03
-6.089620E-03
-1.069980E-02
-1.497723E-02
-1.627780E-02
-1.217063E-02
-8.348658E-03
-6.570045E-03
-6.777336E-03
5.091718E-03
1.187485E-02
1.608410E-02
1.812137E-02
2.426622E-02
3.084910E-02
3.197900E-02
2.601222E-02
1.269207E-02
-2.450939E-03
-1.614421E-02
-2.453911E-02
-3.467747E-02
-3.742925E-02
-3.735272E-02
-3.858701E-02
-3.530590E-02
-4.027218E-02
-4.546543E-02
-5.027408E-02
-4.810301E-02
-3.957563E-02
-1.899649E-02
6.340984E-03
3.586687E-02
5.406638E-02
6.222796E-02
6.436967E-02
6.237092E-02
5.338702E-02
4.081521E-02
2.975785E-02
2.079092E-02
1.257074E-02
8.100634E-03
-2.004192E-03
-7.566671E-03
-1.166728E-02
-2.172214E-02
-2.320819E-02
-2.021522E-02
-1.581023E-02
-8.136049E-03
-5.483557E-03
-1.081391E-02
-1.177460E-02
-9.746899E-03
-6.034268E-03
-5.387553E-03
-5.616738E-03
-5.521758E-03
-5.644132E-03
-5.398845E-03
-4.780014E-03
-9.362018E-03
-2.043209E-02
-2.653753E-02
-2.902143E-02
-3.011156E-02
-3.522602E-02
-4.146806E-02
-4.204030E-02
-4.221002E-02
-3.793788E-02
-3.114512E-02
-2.603751E-02
-2.891597E-02
-3.411356E-02
-3.450030E-02
-3.413192E-02
-3.040037E-02
-3.240858E-02
-3.381625E-02
-3.975478E-02
-4.199850E-02
-4.009441E-02
-4.216442E-02
-4.450142E-02
-4.240870E-02
-4.665814E-02
-5.042037E-02
-5.108379E-02
-5.817478E-02
-5.683845E-02
-5.990014E-02
-6.068486E-02
-5.987754E-02
-6.008572E-02
-6.227691E-02
-5.902563E-02
-5.125362E-02
-4.341582E-02
-3.839088E-02
-3.280749E-02
-2.765289E-02
-2.380596E-02
-2.029130E-02
-1.285914E-02
-6.377356E-03
-5.296183E-03
-5.949941E-03
-5.420110E-03
-5.681309E-03
-5.401186E-03
-5.836792E-03
-5.316252E-03
-5.552025E-03
-6.798453E-03
-1.064674E-02
-1.048026E-02
-1.407218E-02
-1.494920E-02
-1.467066E-02
-1.168797E-02
-1.381564E-02
-1.186289E-02
-1.244109E-02
-1.817703E-02
-2.202504E-02
-2.703109E-02
-2.854073E-02
-2.617077E-02
-2.895316E-02
-3.126589E-02
-3.373640E-02
-3.127259E-02
-2.624460E-02
-2.427343E-02
-1.924068E-02
-1.037208E-02
-6.435028E-03
4.844094E-03
2.121307E-02
2.987609E-02
3.355843E-02
3.366132E-02
3.400270E-02
3.460036E-02
3.586134E-02
3.530613E-02
3.592807E-02
3.079677E-02
2.770566E-02
2.165618E-02
1.088854E-02
-3.470198E-03
-6.620779E-03
-6.752646E-03
-7.313861E-03
-7.572941E-03
-6.633155E-03
-5.728366E-03
-5.987514E-03
-6.408897E-03
-6.636924E-03
8.356848E-04
9.801042E-03
1.706574E-02
2.524749E-02
2.682204E-02
2.626348E-02
2.491282E-02
2.562686E-02
2.702091E-02
3.246718E-02
3.781575E-02
3.801648E-02
3.459207E-02
3.158020E-02
2.390103E-02
1.846554E-02
1.967081E-02
1.845178E-02
1.905676E-02
1.588009E-02
1.716533E-02
1.897530E-02
2.105768E-02
2.553319E-02
2.917789E-02
3.324238E-02
3.362896E-02
3.628312E-02
4.070955E-02
4.698667E-02
4.935099E-02
4.888216E-02
4.924887E-02
4.906647E-02
4.816880E-02
4.906495E-02
5.056286E-02
4.371030E-02
3.487581E-02
3.052082E-02
2.673742E-02
2.592773E-02
2.641293E-02
2.301903E-02
1.886219E-02
1.767939E-02
1.583116E-02
1.186083E-02
1.476469E-02
1.852764E-02
1.831624E-02
1.515754E-02
1.118597E-02
8.719264E-03
2.388859E-03
-5.641649E-03
-7.418472E-03
-6.521842E-03
-7.093531E-03
-6.932830E-03
-7.149616E-03
-6.925344E-03
-7.172495E-03
-6.977538E-03
-7.203923E-03
-7.011835E-03
-7.240852E-03
-7.032201E-03
-7.301538E-03
-7.087955E-03
-7.226207E-03
-7.088891E-03
-8.741823E-03
-8.502245E-03
-8.896877E-03
-7.739029E-03
-7.170052E-03
-7.362527E-03
-7.397139E-03
-7.305253E-03
-7.444332E-03
-7.320266E-03
-7.498921E-03
-7.339874E-03
-7.609491E-03
-7.226479E-03
-7.566682E-03
-7.915216E-03
-7.489705E-03
-1.090818E-03
-5.300857E-03
-8.597250E-03
-6.903700E-03
-8.966722E-03
-1.256572E-02
-1.374812E-02
-1.300680E-02
-1.353558E-02
-1.405250E-02
-1.365874E-02
-1.348226E-02
-1.450113E-02
-1.052774E-02
-8.250196E-03
-8.380591E-03
-4.546683E-04
6.604043E-03
7.126433E-03
1.572157E-02
1.924148E-02
1.378811E-02
1.100883E-02
8.659346E-03
1.779959E-03
-7.035702E-03
-8.140026E-03
-7.456971E-03
-9.370726E-03
-1.302977E-02
-1.295549E-02
-1.558968E-02
-1.827144E-02
-1.553608E-02
-9.255239E-03
-7.641925E-03
-8.532184E-03
-8.164470E-03
-8.084082E-03
-8.051451E-03
-9.786757E-03
-1.027631E-02
-8.547487E-03
-8.096401E-03
-8.415430E-03
-8.218599E-03
-8.142856E-03
-8.849868E-03
-8.567189E-03
-1.078574E-03
2.118942E-03
1.274611E-03
1.267917E-03
-7.019029E-03
-1.839443E-03
5.392201E-03
6.256953E-03
6.877851E-03
8.537014E-03
8.803594E-03
6.755735E-03
1.250087E-02
1.918743E-02
2.168383E-02
3.041922E-02
3.111120E-02
3.032190E-02
3.487642E-02
3.721288E-02
3.912703E-02
3.872732E-02
3.655248E-02
3.324490E-02
2.585071E-02
2.406555E-02
2.437435E-02
2.494060E-02
3.054109E-02
3.209263E-02
3.100563E-02
2.673019E-02
2.235278E-02
2.338904E-02
2.297375E-02
2.038959E-02
1.569123E-02
1.231992E-02
9.504070E-03
8.081868E-03
8.678247E-03
8.485877E-03
8.570922E-03
6.512591E-03
7.579917E-03
1.231474E-02
1.505575E-02
1.539022E-02
1.610142E-02
1.981445E-02
1.761770E-02
1.516701E-02
1.559485E-02
1.548813E-02
1.626895E-02
1.568051E-02
1.610989E-02
1.562589E-02
1.623495E-02
1.598678E-02
1.324415E-02
8.656751E-03
6.823526E-03
4.571671E-03
4.352546E-03
4.143354E-03
5.821224E-03
6.259922E-03
7.970907E-03
6.561036E-03
4.675319E-03
4.671693E-03
1.038778E-03
-7.979851E-03
-9.591351E-03
-8.819552E-03
-9.502442E-03
-9.907512E-03
-2.695537E-03
3.552329E-03
6.989769E-03
1.083738E-02
1.495960E-02
1.609370E-02
1.544370E-02
8.488267E-03
-3.318556E-04
-7.941329E-03
-9.515676E-03
-9.769103E-03
-1.118354E-02
-1.099970E-02
-1.043896E-02
-1.422815E-02
-1.260562E-02
-9.297492E-03
-9.278744E-03
-9.444308E-03
-1.011017E-02
-9.222577E-03
-1.615501E-03
-6.415435E-03
-1.099072E-02
-8.720420E-03
-9.401259E-03
-1.061844E-02
-1.478715E-02
-1.358614E-02
-1.453984E-02
-1.551913E-02
-1.533135E-02
-1.221320E-02
-1.107787E-02
-1.009889E-02
-9.334787E-03
-9.631471E-03
-9.418210E-03
-9.684266E-03
-9.520953E-03
-9.128150E-03
-9.987425E-03
-1.713761E-02
-1.960865E-02
-2.184662E-02
-2.370157E-02
-1.903146E-02
-1.475062E-02
-1.484556E-02
-1.598202E-02
-1.502736E-02
-1.149656E-02
-1.371221E-02
-1.596916E-02
-1.478791E-02
-1.829844E-02
-1.922509E-02
-2.223410E-02
-2.287972E-02
-2.268573E-02
-2.621463E-02
-2.740635E-02
-2.260849E-02
-2.260596E-02
-2.436748E-02
-2.053203E-02
-1.597228E-02
-1.749856E-02
-2.214383E-02
-2.621981E-02
-2.586985E-02
-3.024740E-02
-3.230485E-02
-3.092834E-02
-2.793147E-02
-2.465036E-02
-1.970099E-02
-1.566681E-02
-1.253028E-02
-1.117659E-02
-1.006314E-02
-1.086568E-02
-1.438089E-02
-1.462052E-02
-2.074711E-02
-2.365545E-02
-2.453062E-02
-2.958428E-02
-3.305642E-02
-4.030804E-02
-4.013544E-02
-4.380741E-02
-4.823461E-02
-4.936261E-02
-5.016121E-02
-4.853657E-02
-4.670542E-02
-4.173732E-02
-3.722842E-02
-3.361978E-02
-2.845129E-02
-2.403394E-02
-1.636617E-02
-1.091975E-02
-9.778094E-03
-9.604347E-03
-1.021835E-02
-9.778203E-03
-2.105532E-03
-8.414834E-04
-1.345245E-03
3.389811E-03
4.723245E-03
3.997733E-03
4.702250E-03
7.490468E-03
1.269636E-02
1.539867E-02
1.971118E-02
2.665566E-02
3.071972E-02
2.894647E-02
2.338178E-02
1.759287E-02
9.410080E-03
5.250590E-03
-6.991347E-03
-1.030564E-02
-9.303454E-03
-9.238081E-03
-9.576162E-03
-1.013347E-02
-1.033603E-02
1.735724E-03
6.848967E-03
6.725414E-03
6.069999E-03
9.654844E-03
1.366425E-02
1.850983E-02
1.905584E-02
2.070265E-02
2.363815E-02
2.287586E-02
2.048718E-02
1.980597E-02
1.681391E-02
1.420761E-02
1.633549E-02
1.491384E-02
1.487019E-02
1.822717E-02
2.191889E-02
2.649049E-02
2.677710E-02
2.984122E-02
3.119438E-02
3.125770E-02
2.874132E-02
2.174186E-02
2.146133E-02
2.005755E-02
1.652085E-02
1.412864E-02
1.529971E-02
1.852123E-02
2.270351E-02
2.270857E-02
2.624077E-02
3.118205E-02
2.998943E-02
2.817853E-02
3.098410E-02
3.127823E-02
2.814484E-02
2.217337E-02
2.276871E-02
1.995521E-02
1.899059E-02
1.683227E-02
1.519540E-02
1.430597E-02
1.503546E-02
1.571224E-02
1.551184E-02
1.880495E-02
1.814793E-02
1.738129E-02
1.954852E-02
1.657061E-02
1.361889E-02
1.607705E-02
1.718119E-02
1.395618E-02
9.580739E-03
1.994394E-03
-7.531012E-03
-9.541912E-03
-1.003627E-02
-1.435879E-02
-1.546051E-02
-1.720420E-02
-2.173852E-02
-2.313195E-02
-1.925586E-02
-1.895868E-02
-1.754192E-02
-1.295265E-02
-9.951047E-03
-9.875100E-03
9.189979E-04
8.347533E-03
1.156102E-02
1.370637E-02
1.510538E-02
1.906254E-02
1.987344E-02
2.081636E-02
2.286591E-02
2.650842E-02
3.145985E-02
3.173861E-02
3.098048E-02
2.975538E-02
2.925256E-02
3.066728E-02
3.127088E-02
3.430092E-02
3.546589E-02
3.229253E-02
3.207388E-02
2.489050E-02
1.809557E-02
7.810349E-03
-7.133495E-03
-9.401906E-03
-8.224974E-03
-1.025996E-02
-1.386798E-02
-1.481518E-02
-1.745358E-02
-1.888006E-02
-1.834237E-02
-1.878417E-02
-1.695629E-02
-1.499601E-02
-1.435623E-02
-1.487854E-02
-1.464261E-02
-1.431195E-02
-1.347170E-02
-2.017280E-02
-2.298643E-02
-2.462200E-02
-2.548274E-02
-2.847951E-02
-3.199653E-02
-3.150934E-02
-3.188621E-02
-3.165223E-02
-3.073205E-02
-2.788488E-02
-2.329022E-02
-1.523904E-02
-1.401942E-02
-1.125895E-02
-8.374872E-03
-8.744363E-03
-9.140872E-03
-9.228802E-03
-1.409122E-03
4.385062E-03
7.426747E-03
1.309125E-02
1.596767E-02
1.919415E-02
2.182464E-02
2.289980E-02
2.358364E-02
2.384206E-02
2.759565E-02
2.966270E-02
2.867257E-02
2.487662E-02
2.367909E-02
2.836065E-02
2.388197E-02
2.283946E-02
2.377817E-02
2.455926E-02
2.462127E-02
2.394617E-02
2.297380E-02
2.078549E-02
1.728076E-02
1.523782E-02
1.624405E-02
1.715634E-02
9.800524E-03
6.420964E-03
1.957505E-03
-7.706713E-03
-8.339215E-03
-9.359685E-03
-1.271408E-02
-2.028610E-02
-2.512854E-02
-2.867485E-02
-2.827693E-02
-3.189474E-02
-3.696618E-02
-3.739368E-02
-3.305092E-02
-3.297863E-02
-3.237160E-02
-2.681912E-02
-2.211263E-02
-2.141608E-02
-2.166736E-02
-2.478981E-02
-2.581455E-02
-2.457005E-02
-2.513375E-02
-2.592172E-02
-2.544460E-02
-2.247457E-02
-2.153532E-02
-2.188616E-02
-1.624832E-02
-1.697780E-02
-1.537830E-02
-1.052659E-02
-9.888025E-03
-8.820038E-03
-7.950963E-03
-8.160331E-03
-8.275901E-03
-8.827788E-03
-2.645209E-03
5.927250E-03
1.418091E-02
1.681532E-02
2.070203E-02
2.438709E-02
2.831214E-02
2.954432E-02
2.523920E-02
1.874225E-02
1.432669E-02
7.611262E-03
-5.699418E-03
-8.515200E-03
-8.496031E-03
-1.401607E-02
-1.595628E-02
-1.296540E-02
-1.207106E-02
-1.960261E-02
-2.210314E-02
-2.290515E-02
-2.418906E-02
-2.927731E-02
-3.369324E-02
-3.293945E-02
-3.521814E-02
-3.365574E-02
-2.909304E-02
-2.888831E-02
-2.286640E-02
-1.679849E-02
-1.432699E-02
-9.774087E-03
-1.095311E-02
-9.154787E-03
-7.316925E-03
-7.970214E-03
-8.112146E-03
-8.245541E-03
-2.443248E-03
1.708924E-04
-4.334756E-04
1.117349E-03
4.632977E-03
7.290333E-03
1.254611E-02
1.514164E-02
1.961069E-02
2.453977E-02
2.312650E-02
2.423642E-02
2.785762E-02
2.732124E-02
3.169798E-02
3.437272E-02
3.311769E-02
3.364906E-02
3.374176E-02
3.390461E-02
2.965509E-02
2.864230E-02
2.933027E-02
2.586010E-02
2.277045E-02
2.447528E-02
2.837824E-02
2.881643E-02
2.844975E-02
3.285780E-02
3.417329E-02
2.989450E-02
2.938993E-02
2.642445E-02
2.437153E-02
2.526876E-02
2.769557E-02
2.922460E-02
3.235167E-02
3.440317E-02
3.258872E-02
3.266680E-02
3.192240E-02
3.380476E-02
3.101212E-02
2.591924E-02
2.343885E-02
2.212819E-02
1.838587E-02
1.475027E-02
9.561037E-03
1.934390E-03
-6.366682E-03
-7.635012E-03
-7.933613E-03
-1.274926E-02
-2.249825E-02
-2.821252E-02
-3.063032E-02
-3.487068E-02
-3.541653E-02
-4.170851E-02
-4.475241E-02
-4.317020E-02
-4.427082E-02
-4.420816E-02
-3.976043E-02
-3.227139E-02
-3.211194E-02
-2.976429E-02
-2.818647E-02
-2.737973E-02
-3.081546E-02
-3.660370E-02
-3.974448E-02
-3.732418E-02
-3.648093E-02
-4.246893E-02
-4.446286E-02
-4.324579E-02
-4.460992E-02
-4.501640E-02
-4.420163E-02
-3.851350E-02
-3.764546E-02
-3.357356E-02
-2.886599E-02
-2.282779E-02
-1.725621E-02
-1.402862E-02
-1.273189E-02
-1.339670E-02
-1.293087E-02
-1.286224E-02
-1.303185E-02
-1.621960E-02
-1.458817E-02
-1.471308E-02
-2.002948E-02
-2.191340E-02
-2.053780E-02
-1.958809E-02
-2.366500E-02
-2.470785E-02
-2.334640E-02
-2.750541E-02
-2.904583E-02
-2.433816E-02
-2.383062E-02
-2.486639E-02
-2.489129E-02
-2.177463E-02
-1.652000E-02
-1.283307E-02
-1.293497E-02
-9.467433E-03
-6.768916E-03
-7.740399E-03
-7.820456E-03
-1.414597E-03
5.693814E-03
7.244567E-03
9.549884E-03
1.679492E-02
1.722368E-02
1.650745E-02
1.826792E-02
1.748581E-02
1.813721E-02
1.724504E-02
1.793895E-02
2.061382E-02
2.315151E-02
2.295531E-02
3.186906E-02
3.382833E-02
3.537912E-02
3.986214E-02
4.473165E-02
4.895381E-02
4.952898E-02
4.696856E-02
4.870203E-02
4.756966E-02
4.750322E-02
4.793241E-02
5.180660E-02
5.321278E-02
5.343422E-02
5.365510E-02
5.369643E-02
5.606957E-02
5.630032E-02
5.467878E-02
5.403888E-02
5.321408E-02
5.270780E-02
5.001659E-02
5.191876E-02
4.955760E-02
4.607063E-02
4.835841E-02
4.249411E-02
3.668732E-02
3.387455E-02
3.431739E-02
2.764602E-02
2.494297E-02
2.328228E-02
1.861039E-02
1.482421E-02
1.006154E-02
6.882149E-03
-4.029094E-03
-8.089401E-03
-7.730158E-03
-1.214701E-02
-1.266203E-02
-1.643691E-02
-1.938748E-02
-2.119969E-02
-2.070270E-02
-2.037819E-02
-2.048540E-02
-2.055028E-02
-2.042694E-02
-2.054624E-02
-2.041402E-02
-2.055683E-02
-2.043394E-02
-2.054969E-02
-2.027979E-02
-2.077757E-02
-2.075500E-02
-1.748143E-02
-1.376447E-02
-1.712007E-02
-1.746756E-02
-1.278212E-02
-1.127003E-02
-1.342520E-02
-1.518209E-02
-1.949205E-02
-2.051114E-02
-2.325859E-02
-2.474927E-02
-2.591041E-02
-2.290650E-02
-2.048472E-02
-1.707015E-02
-1.366661E-02
-1.241727E-02
-1.402018E-02
-1.367813E-02
-1.318041E-02
-1.329199E-02
-1.264032E-02
-1.294280E-02
-1.267636E-02
-1.312731E-02
-1.289344E-02
-9.882935E-03
-8.532180E-03
-9.209816E-03
-8.908322E-03
-9.129594E-03
-8.178845E-03
-7.329158E-03
-7.018156E-03
-7.239825E-03
-7.065877E-03
-7.173517E-03
-7.090201E-03
-7.218879E-03
-6.967627E-03
-7.127450E-03
-8.554324E-03
-9.142052E-03
-8.221868E-03
-8.779490E-03
-7.419679E-03
-7.312587E-03
-7.852533E-03
-1.215239E-03
6.569084E-03
5.871066E-03
6.011924E-03
9.539285E-03
1.415202E-02
1.672907E-02
1.598164E-02
1.735973E-02
1.780183E-02
1.759624E-02
2.104587E-02
2.212537E-02
1.862276E-02
1.778880E-02
1.519168E-02
1.083469E-02
8.587188E-03
6.700854E-03
6.238343E-03
6.390330E-03
6.265577E-03
6.251741E-03
6.399750E-03
6.475354E-03
4.549894E-03
3.932056E-03
7.498399E-03
1.016371E-02
8.543328E-03
8.165481E-03
7.414386E-03
2.687871E-03
-5.641089E-03
-7.752636E-03
-6.732068E-03
-7.286845E-03
-7.102100E-03
-7.168525E-03
-7.910398E-03
-9.034263E-03
-7.609170E-03
-7.015840E-03
-7.282526E-03
-7.205871E-03
-7.289205E-03
-7.093980E-03
-7.090554E-03
-7.707361E-03
-7.590660E-03
2.620981E-04
3.393971E-03
1.704658E-03
1.569618E-03
2.484364E-03
2.960665E-03
-5.347548E-03
-7.922543E-03
-6.708900E-03
-8.754290E-03
-9.249299E-03
-8.260475E-03
-8.088844E-03
-9.097031E-03
-7.622454E-03
-6.906395E-03
-7.855108E-03
-7.613786E-03
2.380572E-04
3.345373E-03
1.038632E-03
1.185980E-03
1.951206E-03
5.588953E-03
6.134625E-03
6.294442E-03
7.473522E-03
2.355469E-03
-6.313972E-03
-7.573797E-03
-6.976492E-03
-7.293324E-03
-7.338719E-03
-6.991497E-03
-8.628970E-03
-1.228154E-02
-1.335233E-02
-1.276306E-02
-1.303747E-02
-1.296082E-02
-1.390798E-02
-1.316396E-02
-1.293407E-02
-1.326047E-02
-1.319256E-02
-9.309652E-03
-8.622687E-03
-8.048183E-03
-7.104761E-03
-7.462613E-03
-7.275938E-03
-7.404800E-03
-7.287538E-03
-7.395376E-03
-7.306833E-03
-7.394275E-03
-7.317595E-03
-7.387560E-03
-7.316558E-03
-7.455349E-03
-7.288560E-03
-7.203588E-03
-7.689531E-03
-8.105675E-03
-1.216717E-03
6.227789E-03
4.492767E-03
6.223444E-03
1.508433E-02
1.789680E-02
2.094005E-02
2.133256E-02
2.229070E-02
2.135478E-02
2.098363E-02
2.267203E-02
1.850748E-02
1.742190E-02
1.772374E-02
1.478723E-02
1.429039E-02
1.164529E-02
6.925627E-03
1.867602E-03
-6.206323E-03
-7.732154E-03
-7.142653E-03
-7.277332E-03
-8.157636E-03
-9.144170E-03
-9.502838E-03
-8.897018E-03
-8.405436E-03
-1.220420E-02
-1.381649E-02
-9.148627E-03
-8.827332E-03
-8.016163E-03
-7.349551E-03
-8.230797E-03
-7.765070E-03
-7.298015E-03
-7.590364E-03
-7.352489E-03
-7.428728E-03
-7.733982E-03
-7.763424E-03
-2.340178E-03
5.404535E-04
1.202918E-03
7.970271E-04
-5.928413E-03
-8.114543E-03
-7.078814E-03
-7.545820E-03
-7.414570E-03
-7.594323E-03
-7.379274E-03
-7.642626E-03
-7.339573E-03
-7.407288E-03
-7.859455E-03
-8.066803E-03
-2.004475E-04
5.842399E-03
7.392863E-03
9.057202E-03
9.693274E-03
1.493475E-02
1.724776E-02
1.652048E-02
1.529178E-02
9.894359E-03
9.265607E-03
8.506235E-03
9.222341E-03
1.021102E-02
9.515130E-03
9.413140E-03
1.282997E-02
1.781128E-02
1.488422E-02
1.417674E-02
1.588382E-02
1.792064E-02
1.866812E-02
1.411250E-02
1.720587E-02
1.902791E-02
1.602976E-02
1.521170E-02
1.556918E-02
1.550147E-02
1.720688E-02
1.609579E-02
1.503453E-02
1.559845E-02
1.823073E-02
1.586381E-02
9.095458E-03
6.559069E-03
1.897751E-03
-6.261990E-03
-7.974899E-03
-7.184667E-03
-7.467873E-03
-7.546895E-03
-8.777506E-03
-9.392960E-03
-1.230718E-02
-1.362745E-02
-1.289706E-02
-1.353895E-02
-1.335384E-02
-1.042334E-02
-7.430493E-03
-7.785491E-03
-7.294756E-03
-7.651486E-03
-8.003462E-03
-7.517748E-03
4.369164E-04
-4.655353E-03
-8.847879E-03
-7.005508E-03
-7.620166E-03
-7.376468E-03
-7.700487E-03
-7.387215E-03
-7.627832E-03
-7.429303E-03
-7.601848E-03
-7.435823E-03
-7.641028E-03
-7.381793E-03
-7.470663E-03
-7.802464E-03
-7.887830E-03
-1.669619E-03
2.252056E-03
4.774693E-03
6.262995E-03
7.080656E-03
8.100248E-03
9.222189E-03
1.046560E-02
8.067631E-03
5.589638E-03
5.540725E-03
7.208894E-03
3.433456E-03
1.442871E-03
-5.480976E-03
-8.459047E-03
-7.411158E-03
-1.727449E-03
2.290937E-03
4.972460E-03
6.327402E-03
4.151869E-03
5.414740E-03
6.238753E-03
6.780882E-03
6.174967E-03
5.074363E-03
7.225230E-03
8.157314E-03
9.328596E-03
1.011935E-02
9.829290E-03
8.753907E-03
7.080922E-03
3.224252E-03
1.448233E-03
1.024949E-03
-5.825649E-03
-8.098593E-03
-6.980335E-03
-7.259499E-03
-7.817798E-03
-7.955692E-03
-8.321512E-05
5.866600E-03
7.500194E-03
9.664037E-03
8.366783E-03
7.723268E-03
9.707079E-03
1.023957E-02
8.399095E-03
7.752670E-03
8.088990E-03
9.500245E-03
1.030250E-02
9.918387E-03
8.674725E-03
6.201590E-03
3.161974E-03
-5.427946E-03
-8.001911E-03
-6.860261E-03
-7.334728E-03
-7.285915E-03
-7.363954E-03
-7.237784E-03
-7.314362E-03
-7.326922E-03
-7.226671E-03
-7.090936E-03
-7.730252E-03
-7.731891E-03
-3.745273E-05
6.114919E-03
7.577062E-03
9.700540E-03
8.597719E-03
9.567999E-03
8.925428E-03
7.973993E-03
6.806367E-03
6.117954E-03
6.259954E-03
5.514885E-03
7.566934E-03
6.993013E-03
6.131668E-03
6.273190E-03
4.611339E-03
7.262554E-03
8.684093E-03
8.028787E-03
8.289845E-03
8.350699E-03
8.254671E-03
6.780059E-03
6.859984E-03
3.737567E-03
-5.329372E-03
-7.819495E-03
-6.552871E-03
-7.121658E-03
-7.036288E-03
-7.815590E-03
-7.181843E-03
-8.581885E-03
-8.749387E-03
-8.054019E-03
-1.152203E-02
-1.305756E-02
-1.249699E-02
-1.598687E-02
-1.303379E-02
-1.256688E-02
-1.384095E-02
-1.585704E-02
-1.677841E-02
-1.650968E-02
-1.662120E-02
-1.542063E-02
-1.552600E-02
-1.935056E-02
-1.703514E-02
-1.572247E-02
-1.547471E-02
-1.270086E-02
-1.263734E-02
-1.249921E-02
-1.340502E-02
-1.302242E-02
-1.264073E-02
-8.774184E-03
-8.074571E-03
-8.990781E-03
-8.589617E-03
-8.690586E-03
-8.584210E-03
-8.694276E-03
-8.594280E-03
-8.643936E-03
-8.541433E-03
-8.745003E-03
-8.612979E-03
-7.201824E-03
-6.513735E-03
-6.897344E-03
-6.639968E-03
-6.797227E-03
-6.604395E-03
-6.861103E-03
-6.481906E-03
-6.664970E-03
-7.095136E-03
-6.961540E-03
8.754029E-04
2.269335E-03
1.936316E-03
3.278609E-03
1.789959E-03
4.475083E-04
-5.091802E-03
-7.006503E-03
-6.752068E-03
-6.856130E-03
9.605517E-04
2.450319E-03
1.792549E-03
3.187385E-03
5.788908E-03
8.939449E-03
8.761052E-03
1.024671E-02
9.424368E-03
1.307293E-02
1.276730E-02
1.454753E-02
1.640043E-02
1.162267E-02
1.066204E-02
1.118145E-02
9.634629E-03
8.284589E-03
9.021743E-03
1.444767E-02
1.549128E-02
1.174405E-02
1.647520E-02
1.710106E-02
1.471351E-02
1.028662E-02
1.029703E-02
9.962871E-03
7.490285E-03
7.988159E-03
4.537844E-03
2.961945E-03
3.282120E-03
3.042315E-03
7.429081E-03
8.628727E-03
4.313074E-03
2.974881E-03
2.939115E-03
1.517957E-03
3.083496E-03
3.449523E-03
3.562056E-03
3.285268E-03
3.300238E-03
3.517797E-03
7.212194E-03
4.569023E-03
6.951442E-03
9.121108E-03
4.145892E-03
2.111421E-03
3.501521E-03
-3.666003E-03
-7.052552E-03
-5.516791E-03
-6.101534E-03
-5.919973E-03
-6.183187E-03
-5.831723E-03
-5.900128E-03
-6.429482E-03
-6.236091E-03
-1.869306E-04
1.113014E-03
-5.154474E-03
1.049936E-03
4.714307E-03
2.962172E-03
6.615605E-03
9.254694E-03
1.112069E-02
1.150911E-02
1.148450E-02
1.074273E-02
9.686378E-03
9.449403E-03
9.515765E-03
1.113273E-02
1.167132E-02
1.147726E-02
1.145138E-02
1.172093E-02
1.160204E-02
1.020214E-02
8.105443E-03
7.703873E-03
3.641787E-03
3.426040E-03
-3.054425E-03
-7.129344E-03
-5.695765E-03
1.494135E-03
7.860386E-03
8.730113E-03
1.111953E-02
1.514579E-02
1.871280E-02
1.964976E-02
1.693748E-02
1.591842E-02
1.343942E-02
8.665488E-03
8.521075E-03
7.752013E-03
5.129848E-03
3.109267E-03
3.022189E-03
-4.151104E-03
-5.989656E-03
-5.366160E-03
-5.360998E-03
-5.689990E-03
-5.456916E-03
-5.511126E-03
-5.284767E-03
-7.152698E-03
-7.431915E-03
-5.975623E-03
-5.088697E-03
-5.544574E-03
-5.876919E-03
-5.838717E-03
2.192568E-03
4.592024E-03
3.896211E-03
7.946905E-03
5.560824E-03
3.978759E-03
4.849869E-03
-3.420861E-03
-6.130352E-03
-5.015280E-03
-5.306001E-03
-5.416192E-03
-5.395747E-03
-5.277323E-03
-5.272651E-03
-6.694703E-03
-7.364627E-03
-8.043301E-03
-7.237151E-03
-6.164921E-03
-9.879753E-03
-1.145924E-02
-1.100705E-02
-1.116188E-02
-7.135539E-03
-6.663667E-03
-7.379917E-03
-5.666370E-03
-5.824493E-03
-5.642892E-03
-5.094571E-03
-5.342975E-03
-5.169148E-03
-5.313132E-03
-5.151304E-03
-5.301311E-03
-5.145106E-03
-5.294985E-03
-5.120436E-03
-5.286130E-03
-5.164098E-03
-5.248705E-03
-4.892935E-03
-5.686300E-03
-5.655024E-03
1.230320E-03
8.968062E-03
8.620143E-03
7.978140E-03
5.197844E-03
8.079136E-03
5.755807E-03
3.100865E-03
-2.947761E-03
-5.999961E-03
-4.587658E-03
-5.335974E-03
-4.856146E-03
-5.285553E-03
-6.393121E-03
-7.093891E-03
-6.872285E-03
-8.713651E-03
-6.017370E-03
-4.720305E-03
-5.270255E-03
-5.194710E-03
-4.932336E-03
-4.838550E-03
-7.963456E-03
-1.075388E-02
-1.084020E-02
-1.010510E-02
-9.477167E-03
-9.801445E-03
-1.364130E-02
-1.521079E-02
-1.291730E-02
-1.274792E-02
-1.116242E-02
-1.067038E-02
-1.097131E-02
-1.095412E-02
-7.791129E-03
-6.643716E-03
-5.624645E-03
-4.962051E-03
-5.096953E-03
-4.855481E-03
-5.462204E-03
-5.624646E-03
1.542183E-03
8.280415E-03
8.222456E-03
7.447807E-03
9.615030E-03
1.063818E-02
1.000199E-02
1.214107E-02
1.239457E-02
1.046829E-02
1.142823E-02
1.641030E-02
1.676041E-02
1.578110E-02
1.361332E-02
1.514817E-02
1.759919E-02
1.682498E-02
1.385717E-02
1.617337E-02
1.785335E-02
1.148047E-02
1.146417E-02
1.144200E-02
8.791841E-03
5.358128E-03
3.540142E-03
3.068284E-03
2.604207E-03
2.706173E-03
2.633810E-03
3.941732E-03
4.553197E-03
7.424534E-03
8.747544E-03
8.252030E-03
8.580920E-03
5.763471E-03
3.064887E-03
-3.395668E-03
-5.683462E-03
-4.741271E-03
-5.118480E-03
-4.752600E-03
-6.487171E-03
-1.004388E-02
-1.113808E-02
-1.054813E-02
-1.091980E-02
-1.071998E-02
-1.083384E-02
-1.091998E-02
-1.113313E-02
-7.804248E-03
-5.220206E-03
-5.111303E-03
-5.247700E-03
-5.101516E-03
-5.146476E-03
-5.111234E-03
-5.172406E-03
-5.114733E-03
-5.176006E-03
-5.123821E-03
-5.183003E-03
-5.132085E-03
-5.188935E-03
-5.141790E-03
-5.194638E-03
-5.152049E-03
-5.198486E-03
-5.167538E-03
-5.201394E-03
-5.170214E-03
-5.207299E-03
-5.252318E-03
-5.109637E-03
-5.065858E-03
-5.771993E-03
-5.442111E-03
2.304619E-03
3.925524E-03
1.619702E-03
2.708564E-03
3.836384E-03
4.830669E-03
2.481177E-03
3.211055E-03
3.057577E-03
2.854296E-03
-3.777464E-03
-5.744914E-03
-4.929953E-03
-5.549294E-03
-5.621046E-03
5.882114E-04
3.078550E-03
5.105906E-03
5.037265E-03
3.952357E-03
4.336328E-03
4.055418E-03
4.824674E-03
4.535109E-03
-3.200995E-03
-6.282139E-03
-4.789863E-03
-5.477266E-03
-5.244556E-03
-5.530390E-03
-5.241156E-03
-5.490586E-03
-5.295638E-03
-5.481063E-03
-5.320831E-03
-5.478318E-03
-5.348347E-03
-5.476854E-03
-5.357444E-03
-5.500346E-03
-5.418704E-03
-5.357669E-03
-5.386711E-03
-6.975474E-03
-7.229327E-03
-7.087137E-03
-1.035651E-02
-1.151519E-02
-1.089775E-02
-1.150969E-02
-1.133306E-02
-7.512855E-03
-5.848375E-03
-7.458035E-03
-7.426249E-03
-7.492174E-03
-5.805870E-03
-5.482065E-03
-5.546289E-03
-5.628942E-03
-5.475253E-03
-5.636893E-03
-5.489638E-03
-5.651681E-03
-5.490761E-03
-5.727461E-03
-5.423032E-03
-5.576660E-03
-5.919443E-03
-5.978889E-03
5.159691E-04
2.784952E-03
1.821278E-03
1.975789E-03
2.050302E-03
3.652654E-03
4.127932E-03
2.361883E-03
3.140012E-03
4.048976E-03
7.543176E-03
8.359848E-03
8.804058E-03
1.009306E-02
1.096534E-02
1.035630E-02
1.085219E-02
1.209569E-02
1.000165E-02
9.742660E-03
7.308603E-03
7.385031E-03
7.932709E-03
7.866422E-03
5.093705E-03
2.350812E-03
-4.062673E-03
-6.394804E-03
-5.358615E-03
-5.861096E-03
-5.716123E-03
-5.895034E-03
-5.711051E-03
-5.874710E-03
-5.747833E-03
-5.875131E-03
-5.762434E-03
-5.881996E-03
-5.775034E-03
-5.891961E-03
-5.782181E-03
-5.908928E-03
-5.786203E-03
-5.915993E-03
-5.789124E-03
-5.998790E-03
-5.698721E-03
-5.830387E-03
-6.290339E-03
-6.228460E-03
1.498716E-03
4.333344E-03
6.063383E-03
9.394918E-03
1.089057E-02
1.180518E-02
1.111851E-02
9.990108E-03
1.078118E-02
1.178346E-02
9.712025E-03
1.094046E-02
9.897519E-03
1.076969E-02
1.188650E-02
1.129478E-02
7.660028E-03
7.505345E-03
5.165245E-03
-4.309448E-03
-6.623779E-03
-5.518428E-03
-5.989354E-03
-5.946633E-03
-6.127041E-03
-5.830887E-03
-5.934016E-03
-6.305053E-03
-6.436061E-03
5.061916E-05
3.818056E-03
3.475005E-03
3.489462E-03
2.778852E-03
2.298047E-03
1.962365E-03
-4.275657E-03
-6.750748E-03
-5.588388E-03
-6.107447E-03
-5.940356E-03
-6.149321E-03
-5.930895E-03
-6.115190E-03
-5.966832E-03
-6.103421E-03
-5.983443E-03
-6.096484E-03
-5.988349E-03
-6.092652E-03
-6.052013E-03
-6.021568E-03
-5.885370E-03
-6.513986E-03
-6.273386E-03
-9.681133E-05
2.986531E-03
2.813546E-03
6.599134E-03
7.519438E-03
9.005002E-03
9.230868E-03
8.416647E-03
1.062172E-02
1.176019E-02
8.650474E-03
8.966497E-03
9.487461E-03
9.472593E-03
7.982179E-03
7.166352E-03
4.308917E-03
6.958185E-03
8.144613E-03
7.268520E-03
7.615211E-03
4.328562E-03
3.175578E-03
3.767152E-03
3.551300E-03
3.310019E-03
3.312547E-03
7.397352E-03
7.997411E-03
7.049106E-03
7.351614E-03
8.837117E-03
9.577317E-03
1.067764E-02
9.968300E-03
1.072228E-02
1.008495E-02
8.645917E-03
1.028271E-02
1.467785E-02
1.429158E-02
1.546091E-02
1.892565E-02
1.860614E-02
2.290028E-02
2.321546E-02
2.256391E-02
2.299674E-02
2.380197E-02
1.994018E-02
1.868418E-02
1.944804E-02
1.611404E-02
1.244661E-02
1.156729E-02
1.153781E-02
9.900657E-03
7.099999E-03
7.248491E-03
4.573363E-03
3.386076E-03
3.791436E-03
1.342528E-03
1.271314E-03
1.943098E-03
1.658321E-03
3.091499E-03
3.536196E-03
6.483574E-03
8.006772E-03
8.231703E-03
4.835698E-03
2.872501E-03
3.834086E-03
6.582165E-03
7.877328E-03
7.101277E-03
9.182981E-03
9.495321E-03
9.522277E-03
9.314164E-03
9.585608E-03
9.438904E-03
9.604538E-03
8.026037E-03
7.638953E-03
4.252924E-03
1.106312E-03
-4.398572E-03
-6.422645E-03
-5.527436E-03
-5.958919E-03
-5.824586E-03
-5.959562E-03
-5.807557E-03
-5.919659E-03
-5.825015E-03
-5.896843E-03
-5.823780E-03
-5.879265E-03
-5.821194E-03
-5.863682E-03
-5.815957E-03
-5.849738E-03
-5.809382E-03
-5.836654E-03
-5.801706E-03
-5.824167E-03
-5.793339E-03
-5.812314E-03
-5.783605E-03
-5.800685E-03
-5.776063E-03
-5.788925E-03
-5.753203E-03
-5.794187E-03
-5.784443E-03
-5.663749E-03
-5.685671E-03
-7.179567E-03
-7.753390E-03
-7.454912E-03
-7.607874E-03
-7.535225E-03
-7.535693E-03
-7.513849E-03
-8.379682E-03
-7.925049E-03
-7.464870E-03
-6.153372E-03
-5.516497E-03
-5.698464E-03
-5.716902E-03
-6.476675E-03
-5.665708E-03
-5.549246E-03
-8.762554E-03
-8.052578E-03
-6.949665E-03
-1.062833E-02
-1.164901E-02
-1.118338E-02
-1.131921E-02
-1.129502E-02
-1.126636E-02
-1.152146E-02
-1.141615E-02
-8.252099E-03
-7.136146E-03
-7.703986E-03
-5.916094E-03
-5.445036E-03
-5.582260E-03
-5.599035E-03
-5.501861E-03
-5.566165E-03
-5.496273E-03
-5.563736E-03
-5.474473E-03
-5.560629E-03
-5.455373E-03
-5.549237E-03
-5.433260E-03
-5.603347E-03
-5.338686E-03
-5.434356E-03
-5.801129E-03
-5.816935E-03
1.062202E-03
4.582733E-03
7.555183E-03
8.677967E-03
7.609586E-03
8.237519E-03
7.918885E-03
8.159908E-03
7.833992E-03
8.454836E-03
8.046076E-03
5.003382E-03
3.483231E-03
4.580933E-03
-3.271387E-03
-6.202376E-03
-4.948241E-03
-5.349407E-03
-5.338627E-03
-5.407617E-03
-5.301480E-03
-5.354866E-03
-5.322295E-03
-5.332836E-03
-5.317086E-03
-5.314961E-03
-5.312510E-03
-5.299232E-03
-5.305442E-03
-5.285228E-03
-5.297573E-03
-5.272054E-03
-5.289196E-03
-5.259545E-03
-5.280529E-03
-5.247428E-03
-5.271762E-03
-5.235671E-03
-5.262948E-03
-5.224153E-03
-5.254199E-03
-5.212891E-03
-5.245483E-03
-5.201739E-03
-5.236912E-03
-5.190798E-03
-5.228465E-03
-5.180003E-03
-5.220175E-03
-5.169405E-03
-5.212027E-03
-5.158918E-03
-5.203950E-03
-5.148761E-03
-5.196178E-03
-5.138493E-03
-5.187573E-03
-5.131349E-03
-5.180265E-03
-5.112016E-03
-5.173657E-03
-5.157094E-03
-5.104736E-03
-4.949575E-03
-5.597526E-03
-5.409562E-03
9.179671E-04
4.657672E-03
3.291979E-03
7.153732E-03
8.663119E-03
9.762540E-03
1.040334E-02
1.025770E-02
1.029246E-02
1.037593E-02
1.023287E-02
1.032392E-02
1.050734E-02
1.045980E-02
7.151351E-03
7.506216E-03
9.055189E-03
9.216726E-03
5.354608E-03
4.093039E-03
8.746640E-03
5.992322E-03
3.865533E-03
4.821075E-03
4.444469E-03
4.727315E-03
4.440910E-03
4.510011E-03
3.458800E-03
4.432672E-03
-2.744695E-03
-5.949884E-03
-4.530264E-03
-5.071853E-03
-4.943528E-03
-5.114320E-03
-4.933259E-03
-5.053648E-03
-4.974085E-03
-5.025920E-03
-4.988816E-03
-5.003582E-03
-5.002476E-03
-4.978624E-03
-5.031110E-03
-4.956367E-03
-4.980774E-03
-4.997332E-03
-5.692484E-03
-5.119087E-03
-6.362446E-03
-7.130401E-03
-6.541048E-03
-5.850238E-03
-9.594683E-03
-1.188433E-02
-1.079739E-02
-1.063374E-02
-1.042767E-02
-1.013538E-02
-1.354646E-02
-1.108938E-02
-1.032436E-02
-1.446801E-02
-1.483402E-02
-1.310269E-02
-1.067369E-02
-1.074660E-02
-1.228385E-02
-1.135246E-02
-1.035310E-02
-1.081256E-02
-1.052646E-02
-1.106936E-02
-1.066959E-02
-6.991855E-03
-6.144611E-03
-7.327378E-03
-5.165862E-03
-5.026492E-03
-4.790614E-03
-5.012192E-03
-5.317488E-03
-5.364895E-03
2.460825E-03
5.218219E-03
7.000116E-03
1.028537E-02
1.196949E-02
1.262347E-02
1.067714E-02
1.031865E-02
1.025816E-02
1.107266E-02
1.219524E-02
1.243495E-02
1.083514E-02
1.032146E-02
8.961275E-03
8.334022E-03
8.614178E-03
8.375305E-03
8.452073E-03
9.998055E-03
1.064513E-02
1.031431E-02
1.049423E-02
1.045117E-02
1.036948E-02
1.034956E-02
1.197084E-02
1.253808E-02
1.216677E-02
1.245156E-02
1.256028E-02
1.081253E-02
7.824325E-03
9.586599E-03
1.082187E-02
1.027318E-02
8.864847E-03
8.084436E-03
8.400195E-03
9.284112E-03
9.502249E-03
5.434730E-03
4.080744E-03
4.767228E-03
3.652721E-03
3.483893E-03
3.152512E-03
2.035668E-03
-3.689724E-03
-5.554199E-03
-4.777362E-03
-4.925007E-03
-4.877455E-03
-5.569647E-03
-5.206143E-03
2.377972E-03
4.360618E-03
3.327778E-03
7.515903E-03
9.630847E-03
1.003411E-02
1.126678E-02
1.197535E-02
1.020298E-02
1.118524E-02
9.556375E-03
9.312892E-03
9.936461E-03
7.465021E-03
7.434952E-03
5.419945E-03
2.428904E-03
-3.616315E-03
-5.965632E-03
-4.799612E-03
-5.436623E-03
-5.166908E-03
-5.319463E-03
-5.051139E-03
-6.716659E-03
-7.030932E-03
-6.943885E-03
-6.857026E-03
-6.969529E-03
-6.847705E-03
-6.888316E-03
-6.779960E-03
-6.961328E-03
-6.747006E-03
-5.486234E-03
-5.518857E-03
-5.421015E-03
-4.793359E-03
-5.092159E-03
-4.857342E-03
-5.020569E-03
-4.819172E-03
-4.968456E-03
-4.787775E-03
-4.916470E-03
-4.748345E-03
-4.865276E-03
-4.706002E-03
-4.812865E-03
-4.660962E-03
-4.758943E-03
-4.613758E-03
-4.703036E-03
-4.564860E-03
-4.644978E-03
-4.514149E-03
-4.583513E-03
-4.465803E-03
-4.518759E-03
-4.404028E-03
-4.456915E-03
-4.407956E-03
-4.294031E-03
-4.189581E-03
-4.822934E-03
-4.357561E-03
2.349813E-03
3.509366E-03
3.046543E-03
7.872845E-03
7.825780E-03
7.377360E-03
7.300053E-03
7.559592E-03
7.092628E-03
7.327470E-03
8.446349E-03
9.125555E-03
7.420347E-03
7.130795E-03
4.321331E-03
3.604712E-03
3.652207E-03
2.368404E-03
2.119065E-03
2.390017E-03
-3.216431E-03
-5.015064E-03
-4.236723E-03
-4.390745E-03
-4.463263E-03
-4.352996E-03
-4.387535E-03
-4.243896E-03
-4.343395E-03
-4.151557E-03
-4.332566E-03
-3.999405E-03
-4.142114E-03
-4.303125E-03
-4.378222E-03
9.614185E-04
2.649116E-03
2.507198E-03
2.971754E-03
3.493505E-03
2.473994E-03
2.962125E-03
2.945392E-03
3.263229E-03
-2.162480E-03
-4.804160E-03
-3.489664E-03
-4.030839E-03
-3.750512E-03
-3.970626E-03
-3.661006E-03
-3.881060E-03
-3.583732E-03
-3.635631E-03
-3.758639E-03
-4.010701E-03
3.914450E-04
3.987790E-03
2.731800E-03
-2.483684E-03
-3.954751E-03
-3.087884E-03
-3.456429E-03
-3.280433E-03
-3.397054E-03
-3.155838E-03
-3.290186E-03
-3.071551E-03
-3.238052E-03
-2.918842E-03
-3.045093E-03
-3.134862E-03
-3.200362E-03
1.353879E-03
3.038732E-03
4.318536E-03
4.237008E-03
5.634939E-03
6.812375E-03
6.126364E-03
5.934295E-03
5.975361E-03
5.250416E-03
5.058971E-03
6.100246E-03
6.013493E-03
5.924380E-03
4.726800E-03
5.414962E-03
5.876381E-03
5.656387E-03
5.493420E-03
4.972852E-03
6.247945E-03
6.812367E-03
6.434774E-03
6.486163E-03
6.262329E-03
6.260916E-03
7.106377E-03
7.442163E-03
7.102921E-03
7.125571E-03
6.957588E-03
6.904071E-03
6.717407E-03
6.773235E-03
6.553435E-03
5.534215E-03
5.136896E-03
5.283992E-03
3.616801E-03
2.702760E-03
2.980989E-03
2.675156E-03
3.270721E-03
4.522186E-03
3.308650E-03
3.988277E-03
3.298948E-03
2.884047E-03
3.313093E-03
2.962267E-03
2.977849E-03
3.404739E-03
3.556937E-03
1.258280E-03
-1.149798E-04
-3.590589E-04
5.665325E-04
8.075383E-04
-3.624767E-03
-5.089568E-03
-4.311317E-03
-4.558872E-03
-4.437633E-03
-4.490893E-03
-4.314343E-03
-4.368888E-03
-4.224642E-03
-4.260579E-03
-4.119103E-03
-4.156416E-03
-4.012724E-03
-4.047803E-03
-3.901911E-03
-3.970948E-03
-3.757676E-03
-3.778890E-03
-3.864527E-03
-3.892602E-03
-7.322865E-04
5.250723E-04
-4.060918E-04
-2.942865E-03
-3.799576E-03
-3.281789E-03
-3.455549E-03
-3.325859E-03
-3.342334E-03
-3.206192E-03
-3.211143E-03
-3.104250E-03
-3.087193E-03
-2.992534E-03
-2.965777E-03
-2.879753E-03
-2.845205E-03
-2.765467E-03
-2.725416E-03
-2.650452E-03
-2.606085E-03
-2.534975E-03
-2.487216E-03
-2.419349E-03
-2.368793E-03
-2.303763E-03
-2.250879E-03
-2.188418E-03
-2.133511E-03
-2.073451E-03
-2.016774E-03
-1.959040E-03
-1.900741E-03
-1.845316E-03
-1.785498E-03
-1.732452E-03
-1.671103E-03
-1.620555E-03
-1.557636E-03
-1.509826E-03
-1.445114E-03
-1.400443E-03
-1.333639E-03
-1.292458E-03
-1.222882E-03
-1.187240E-03
-1.113096E-03
-1.079956E-03
-1.005862E-03
-9.954727E-04
-8.709242E-04
-8.434092E-04
-9.438590E-04
-8.221269E-04
1.303809E-03
1.699822E-03
1.566404E-03
1.897315E-03
1.335975E-03
1.632996E-03
1.489400E-03
1.266376E-03
-2.250173E-04
-7.745914E-04
-4.512134E-04
-5.310617E-04
-4.426984E-04
-4.652861E-04
-3.241682E-04
-3.331706E-04
-3.844807E-04
-2.992756E-04
1.360350E-03
1.548696E-03
1.476897E-03
2.507784E-03
2.499479E-03
1.957231E-03
1.984066E-03
2.501245E-03
2.840473E-03
2.497491E-03
2.255017E-03
2.520722E-03
3.202818E-03
3.311860E-03
2.908255E-03
2.498313E-03
2.780411E-03
2.332566E-03
1.662711E-03
1.689189E-03
1.582963E-03
1.370882E-03
1.172631E-03
8.123935E-04
5.517016E-04
5.322402E-04
3.910262E-04
5.738189E-04
-3.557513E-04
-6.801897E-04
-5.048875E-04
-5.140968E-04
-4.917125E-04
-4.611705E-04
-4.299286E-04
-3.981328E-04
-3.770498E-04
-3.410419E-04
-3.240307E-04
-2.868830E-04
-2.727440E-04
-2.353153E-04
-2.290074E-04
-1.808936E-04
-1.691763E-04
-1.718112E-04
-1.588386E-04
3.579709E-04
5.735190E-04
5.433795E-04
5.772465E-04
7.470540E-04
7.055134E-04
7.959582E-04
8.774119E-04
7.839151E-04
7.727338E-04
7.157348E-04
7.079555E-04
6.476031E-04
5.413763E-04
4.834666E-04
5.201091E-04
2.914332E-04
2.092147E-04
2.476665E-04
2.220565E-04
-1.250286E-04
-2.370921E-04
-1.652184E-04
-1.763111E-04
-1.589109E-04
-1.538745E-04
-1.347091E-04
-1.297104E-04
-1.148342E-04
-1.086102E-04
-9.570648E-05
-8.962707E-05
-7.837425E-05
-7.256715E-05
-6.269454E-05
-5.735600E-05
-4.869388E-05
-4.390211E-05
-3.633814E-05
-3.214211E-05
-2.559129E-05
-2.201365E-05
-1.640848E-05
-1.345712E-05
-8.742128E-06
-6.415178E-06
-2.539579E-06
-8.291275E-07
2.249260E-06
3.355995E-06
5.679292E-06
6.198938E-06
7.803384E-06
7.755069E-06
8.679097E-06
8.082403E-06
8.359248E-06
7.237259E-06
6.902112E-06
5.276276E-06
4.361883E-06
2.257504E-06
7.966202E-07
-1.763496E-06
-3.739292E-06
-6.730035E-06
-9.189374E-06
-1.258626E-05
-1.549870E-05
-1.927679E-05
-2.261149E-05
-2.674666E-05
-3.047449E-05
-3.494206E-05
-3.903336E-05
-4.380904E-05
-4.823578E-05
-5.329603E-05
-5.802899E-05
-6.335118E-05
-6.836301E-05
-7.392391E-05
-7.918591E-05
-8.496933E-05
-9.045127E-05
-9.642075E-05
-1.021151E-04
-1.083181E-04
-1.140398E-04
-1.203087E-04
-1.268835E-04
-1.330344E-04
-1.337160E-04
-1.396517E-04
-1.484636E-04
-1.559333E-04
-1.632198E-04
-1.698175E-04
-1.798994E-04
-1.875917E-04
-1.935709E-04
-2.002795E-04
-2.067682E-04
-2.133621E-04
-2.198429E-04
-2.264379E-04
-2.329463E-04
-2.395197E-04
-2.460250E-04
-2.525731E-04
-2.590606E-04
-2.655725E-04
-2.720289E-04
-2.784951E-04
-2.849091E-04
-2.913206E-04
-2.976821E-04
-3.040308E-04
-3.103311E-04
-3.166100E-04
-3.228416E-04
-3.290448E-04
-3.352016E-04
-3.413242E-04
-3.474012E-04
-3.534397E-04
-3.594330E-04
-3.653849E-04
-3.712921E-04
-3.771562E-04
-3.829760E-04
-3.887521E-04
