0.000105
0.0001058
0.0001066
0.00010735
0.00010819
0.00010924
0.0001107
0.00011273
0.00011549
0.000119
0.00012326
0.00012812
0.00013344
0.00013898
0.0001446
0.00015002
0.00015487
0.00015863
0.00016103
0.0001617
0.00016045
0.00015694
0.00015093
0.00014266
0.00013335
0.00012531
0.00012168
0.00012552
0.00013874
0.00016219
0.00019423
0.00023087
0.00026768
0.0002999
0.00032549
0.00034472
0.00035909
0.00036999
0.00037805
0.00038273
0.00038366
0.00038124
0.00037538
0.00036538
0.00035434
0.00034718
0.00034705
0.0003546
0.00036571
0.0003735
0.00036848
0.00034512
0.00030187
0.00024305
0.00016959
8.4535e-05
-6.1143e-06
-9.9533e-05
-0.00019781
-0.00029788
-0.00039022
-0.00045631
-0.00048078
-0.00046448
-0.00040279
-0.00030034
-0.00016498
-9.3028e-06
0.00014586
0.00028067
0.00038112
0.00044547
0.00047481
0.00047545
0.0004654
0.00047415
0.00051901
0.00061598
0.00078401
0.0010168
0.0012734
0.0015085
0.0016737
0.0017392
0.0016827
0.0015146
0.0012298
0.00083105
0.00033789
-0.00022521
-0.00082116
-0.0014014
-0.0019149
-0.0023435
-0.0026951
-0.0030083
-0.003299
-0.0035676
-0.0037894
-0.0039454
-0.0040348
-0.0040539
-0.004018
-0.0039613
-0.003888
-0.0037801
-0.0036306
-0.0034353
-0.0031869
-0.0028807
-0.0025256
-0.0021162
-0.0016524
-0.0011557
-0.00064143
-0.00011287
0.00039124
0.00080272
0.0010457
0.0010464
0.00077801
0.0002258
-0.00056819
-0.0015382
-0.0026287
-0.003796
-0.004977
-0.0060902
-0.007107
-0.0080111
-0.0087993
-0.0094387
-0.009899
-0.010166
-0.010209
-0.01004
-0.009636
-0.0089848
-0.0080968
-0.0069917
-0.0057211
-0.0043167
-0.0028501
-0.0014129
-0.0001112
0.00095023
0.0016372
0.0018658
0.0015806
0.00079065
-0.00044344
-0.0020181
-0.0037476
-0.0054638
-0.0069748
-0.0081168
-0.0087407
-0.0088228
-0.0083333
-0.0073338
-0.0059875
-0.0044416
-0.0029199
-0.0016028
-0.00061063
9.1799e-05
0.00058505
0.00096919
0.0013228
0.001711
0.0021778
0.0027568
0.0034782
0.0043355
0.0052505
0.0061581
0.0069987
0.0077475
0.0084422
0.009192
0.010014
0.01089
0.011875
0.013028
0.014364
0.015872
0.017452
0.018988
0.020276
0.021017
0.020894
0.019712
0.017208
0.013382
0.0084495
0.0028595
-0.0026259
-0.0075161
-0.011286
-0.013469
-0.013809
-0.01234
-0.0093152
-0.0051559
-0.00052195
0.0042469
0.0088167
0.012867
0.016106
0.018281
0.019175
0.018774
0.017117
0.014466
0.011131
0.0075691
0.0042243
0.0014827
-0.00034355
-0.0010808
-0.00062317
0.00089685
0.0033477
0.0062719
0.0091839
0.011642
0.013351
0.01411
0.014014
0.013092
0.011452
0.0092824
0.006775
0.0041465
0.0015166
-0.00099654
-0.003272
-0.0051408
-0.0064207
-0.0069316
-0.0066337
-0.0057268
-0.004414
-0.0029488
-0.0014343
4.0477e-05
0.0013343
0.0023545
0.0031068
0.00348
0.0033683
0.0027283
0.0015365
-0.00013738
-0.0022532
-0.004746
-0.0076159
-0.010785
-0.01397
-0.016827
-0.018974
-0.020099
-0.019992
-0.018727
-0.016277
-0.012873
-0.0088145
-0.004442
-0.00020556
0.0035034
0.0063865
0.0081352
0.0086439
0.0079728
0.0064035
0.0042866
0.0019062
-0.00043211
-0.0025692
-0.0043061
-0.0053953
-0.0056825
-0.0052125
-0.0040902
-0.0024129
-0.00033144
0.0018243
0.0034597
0.0042351
0.0039354
0.0024225
-0.00029783
-0.003907
-0.008045
-0.012223
-0.016016
-0.019129
-0.021369
-0.022525
-0.022479
-0.021267
-0.01893
-0.015701
-0.011754
-0.0073477
-0.0027305
0.0018633
0.0062173
0.010152
0.013575
0.016318
0.018305
0.019564
0.020125
0.020083
0.019501
0.018575
0.017437
0.016197
0.01489
0.013566
0.012331
0.011268
0.010437
0.0098422
0.0094508
0.0091238
0.0087527
0.0082228
0.0074403
0.0063652
0.0050663
0.0036217
0.0021151
0.00056845
-0.001009
-0.0025831
-0.0040562
-0.0052525
-0.0059497
-0.0060251
-0.0056073
-0.0047152
-0.003397
-0.0017585
0.00010588
0.002091
0.0040997
0.0059613
0.0074352
0.0083017
0.0084997
0.0079611
0.00678
0.0049153
0.0023582
-0.00077987
-0.0042753
-0.0077163
-0.010711
-0.012948
-0.014408
-0.015056
-0.014913
-0.013944
-0.01223
-0.010023
-0.0075002
-0.0049035
-0.0023353
0.00010353
0.0022322
0.0038633
0.004885
0.0051968
0.0047821
0.0035999
0.0017082
-0.00072533
-0.0034916
-0.0061839
-0.008477
-0.010164
-0.011295
-0.011914
-0.012079
-0.011758
-0.010933
-0.0096515
-0.0079106
-0.0058173
-0.0034945
-0.0011286
0.0010901
0.0029596
0.004319
0.0050751
0.0052663
0.0048728
0.0039183
0.0024685
0.00061005
-0.0014027
-0.0034229
-0.00529
-0.0068097
-0.0078626
-0.0084169
-0.0083909
-0.0077575
-0.0065826
-0.0049517
-0.0031198
-0.0011949
0.00072479
0.0025041
0.0040282
0.0052268
0.0059055
0.0058743
0.0050396
0.0034515
0.0012955
-0.0012326
-0.0038724
-0.0065011
-0.008951
-0.01095
-0.012244
-0.012687
-0.012226
-0.010835
-0.0086156
-0.0056086
-0.0019644
0.0020177
0.0058364
0.0089354
0.010987
0.012155
0.012414
0.01188
0.010747
0.0092771
0.0076949
0.0061372
0.0047328
0.0035884
0.0027701
0.0022455
0.0020249
0.0020993
0.0024427
0.002955
0.0034805
0.0039343
0.0043097
0.0046135
0.0048516
0.0049818
0.0049898
0.0049354
0.0048895
0.0049401
0.0051644
0.0056133
0.0062816
0.0071739
0.0082472
0.0094546
0.010777
0.012202
0.013666
0.015025
0.016237
0.017271
0.018036
0.018445
0.01847
0.017986
0.016922
0.015301
0.01312
0.010386
0.007124
0.0034763
-0.00052918
-0.0048061
-0.0090783
-0.013032
-0.016351
-0.018888
-0.020485
-0.021101
-0.02077
-0.019637
-0.018095
-0.016426
-0.014866
-0.013588
-0.012719
-0.012337
-0.012453
-0.012952
-0.013765
-0.014734
-0.015696
-0.016521
-0.017127
-0.017401
-0.017238
-0.016549
-0.015232
-0.01327
-0.010531
-0.0070233
-0.0029286
0.0014112
0.0056696
0.0094636
0.012375
0.014092
0.014532
0.013592
0.011328
0.0079129
0.0035096
-0.0015193
-0.0068055
-0.011966
-0.016614
-0.020341
-0.02282
-0.023963
-0.02354
-0.021562
-0.018034
-0.013164
-0.0073508
-0.0011362
0.004778
0.010093
0.01482
0.018716
0.021574
0.023261
0.023825
0.023492
0.022444
0.021047
0.019489
0.017837
0.01599
0.013794
0.011126
0.0076997
0.003274
-0.00216
-0.0085051
-0.015337
-0.021923
-0.027298
-0.030564
-0.031505
-0.030034
-0.026355
-0.020867
-0.014704
-0.00856
-0.0030496
0.0012959
0.004128
0.0054516
0.0053508
0.0043348
0.0027444
0.0010721
-0.00021238
-0.00074277
-0.0003247
0.0011345
0.0034469
0.0063414
0.0095525
0.012766
0.015727
0.018223
0.020165
0.021457
0.021891
0.021264
0.019607
0.017026
0.013853
0.010382
0.0068951
0.0036266
0.00058043
-0.0023257
-0.0051013
-0.0077414
-0.01023
-0.012477
-0.01435
-0.015717
-0.01636
-0.016137
-0.014929
-0.012716
-0.0095495
-0.005498
-0.00092899
0.0038517
0.0083837
0.012175
0.014768
0.015882
0.015416
0.013632
0.010668
0.0069604
0.0029808
-0.0008217
-0.0040079
-0.006162
-0.006967
-0.0063963
-0.0044383
-0.0014997
0.0021417
0.0061029
0.0099506
0.01328
0.015802
0.017258
0.017639
0.016971
0.015366
0.012896
0.0096473
0.0058672
0.0018443
-0.0020836
-0.0057172
-0.0087137
-0.010715
-0.011701
-0.01175
-0.011107
-0.010014
-0.0087963
-0.0077127
-0.0069779
-0.006676
-0.0068654
-0.0074687
-0.0083611
-0.0093616
-0.010317
-0.0111
-0.011632
-0.011901
-0.011943
-0.011818
-0.011549
-0.01112
-0.010476
-0.0095795
-0.0084113
-0.0069338
-0.0051262
-0.0029992
-0.00065842
0.0017273
0.0039408
0.0058189
0.0072281
0.0081417
0.008486
0.0082779
0.0075541
0.0063707
0.0048993
0.003372
0.0020963
0.0012715
0.0010464
0.0014403
0.0024305
0.0038655
0.0055665
0.0073705
0.0091323
0.0107
0.011934
0.012796
0.013322
0.013559
0.01358
0.013504
0.013382
0.013263
0.013171
0.013132
0.013171
0.013298
0.013487
0.01367
0.013728
0.013516
0.012916
0.011864
0.010271
0.008173
0.0057964
0.0032611
0.00067899
-0.0016911
-0.0036004
-0.005025
-0.00598
-0.0065799
-0.006978
-0.0073099
-0.0076703
-0.0080737
-0.0084546
-0.0086919
-0.0086108
-0.0080201
-0.0067546
-0.0048279
-0.0022504
0.00083787
0.0041412
0.0073331
0.010127
0.012365
0.014026
0.015065
0.015522
0.015522
0.015192
0.01467
0.013995
0.013233
0.012485
0.011791
0.011085
0.010331
0.0094954
0.0085157
0.0073198
0.0058658
0.0042022
0.0024719
0.00073741
-0.00086635
-0.0020962
-0.0028016
-0.002984
-0.0026891
-0.0020411
-0.001306
-0.00070794
-0.00044765
-0.00072348
-0.0016987
-0.0034759
-0.0061157
-0.0094122
-0.01324
-0.01735
-0.021332
-0.024927
-0.027946
-0.030017
-0.030904
-0.030797
-0.029696
-0.027774
-0.025202
-0.022134
-0.018797
-0.015336
-0.011913
-0.0087322
-0.0059891
-0.0037222
-0.0019737
-0.00078497
-0.00017166
2.4031e-05
-9.7061e-05
-0.0004217
-0.00085509
-0.0013252
-0.0017684
-0.0021511
-0.0024848
-0.0028917
-0.0035072
-0.0044052
-0.0055561
-0.0068108
-0.0080451
-0.0091575
-0.010087
-0.010799
-0.011283
-0.011509
-0.011449
-0.011148
-0.010665
-0.010123
-0.0096675
-0.0094905
-0.0097724
-0.010618
-0.011942
-0.013694
-0.015697
-0.017607
-0.019142
-0.020231
-0.020752
-0.020593
-0.019675
-0.018056
-0.016065
-0.013842
-0.011525
-0.0091446
-0.0066816
-0.0041268
-0.0014789
0.0012098
0.0038745
0.0064389
0.008905
0.011253
0.013414
0.015294
0.016828
0.017935
0.018557
0.01867
0.01825
0.01731
0.015793
0.01375
0.011321
0.0085692
0.0054783
0.0021662
-0.0010826
-0.0040388
-0.0065148
-0.0084494
-0.0097665
-0.010475
-0.010672
-0.010323
-0.0093961
-0.0078602
-0.0056819
-0.0027763
0.00093114
0.0053603
0.01048
0.016145
0.022054
0.027813
0.033188
0.038025
0.042305
0.045987
0.049122
0.051678
0.053688
0.055173
0.056183
0.056781
0.057026
0.05702
0.056803
0.056436
0.055932
0.05527
0.054429
0.053338
0.051932
0.050139
0.047841
0.044913
0.041214
0.036663
0.031135
0.02444
0.016489
0.0071672
-0.003353
-0.014513
-0.025896
-0.03727
-0.048028
-0.058114
-0.067538
-0.076278
-0.084208
-0.091186
-0.097074
-0.1016
-0.10451
-0.10578
-0.10536
-0.10322
-0.099613
-0.094565
-0.088346
-0.081178
-0.073409
-0.065445
-0.05762
-0.050119
-0.043001
-0.036149
-0.029606
-0.02343
-0.017726
-0.012586
-0.0080946
-0.0042565
-0.0009458
0.001896
0.0042523
0.0061903
0.0079909
0.0097479
0.011515
0.01336
0.015275
0.017147
0.018865
0.020318
0.021321
0.021762
0.021724
0.021263
0.020511
0.019557
0.018477
0.017304
0.016046
0.014727
0.013343
0.011859
0.010183
0.0081912
0.0057933
0.0029199
-0.00044285
-0.0042519
-0.0084126
-0.012659
-0.016583
-0.019866
-0.022468
-0.024201
-0.024919
-0.024628
-0.023258
-0.020952
-0.017751
-0.013723
-0.008954
-0.0035749
0.002118
0.0079253
0.013672
0.01918
0.024349
0.029276
0.034041
0.038628
0.042997
0.047112
0.05075
0.053633
0.055495
0.056294
0.055994
0.054523
0.051673
0.047567
0.042147
0.035525
0.02815
0.020568
0.013382
0.0071549
0.002071
-0.0017669
-0.0044024
-0.0057879
-0.0060183
-0.0054144
-0.0042553
-0.0029254
-0.0016794
-0.00072544
-0.00014416
-2.4577e-05
-0.00036751
-0.0011712
-0.0024461
-0.0043053
-0.006846
-0.0099879
-0.013484
-0.016927
-0.019936
-0.022207
-0.023545
-0.023766
-0.022687
-0.020296
-0.016503
-0.011361
-0.0049944
0.0022281
0.0097732
0.017085
0.023674
0.029
0.03268
0.034424
0.034309
0.032274
0.028495
0.023463
0.017751
0.012169
0.0072426
0.003538
0.001577
0.0016364
0.003607
0.0070235
0.011533
0.016478
0.021223
0.02514
0.027855
0.029074
0.028683
0.026546
0.022912
0.017862
0.01161
0.0045889
-0.0025384
-0.0089348
-0.014444
-0.018833
-0.021941
-0.023873
-0.024737
-0.024692
-0.023883
-0.022579
-0.020997
-0.019354
-0.017913
-0.016947
-0.016697
-0.017483
-0.019642
-0.023468
-0.029153
-0.036253
-0.044278
-0.052602
-0.060425
-0.067299
-0.0729
-0.077134
-0.079841
-0.080965
-0.080563
-0.078691
-0.075536
-0.071023
-0.065291
-0.05857
-0.051105
-0.043246
-0.035293
-0.027595
-0.020391
-0.013778
-0.0076639
-0.0019275
0.0032839
0.007812
0.011672
0.014969
0.017953
0.020776
0.023611
0.026545
0.029589
0.032696
0.035853
0.039116
0.042477
0.045752
0.048372
0.049748
0.049759
0.048274
0.045495
0.041477
0.036382
0.030539
0.02428
0.018043
0.012024
0.0065576
0.0021542
-0.00099751
-0.0031064
-0.0042237
-0.0045731
-0.0045873
-0.0046065
-0.0049165
-0.0056403
-0.0067504
-0.0080934
-0.0095479
-0.010978
-0.012196
-0.013023
-0.013387
-0.013168
-0.012269
-0.010624
-0.0081477
-0.0048394
-0.00074262
0.0038388
0.0088123
0.014132
0.019763
0.025598
0.031365
0.036867
0.042008
0.046677
0.050834
0.054438
0.057436
0.059701
0.061201
0.062153
0.062517
0.062246
0.061265
0.0595
0.057023
0.053833
0.049999
0.045652
0.040985
0.036291
0.031702
0.027208
0.022621
0.017925
0.013269
0.0087352
0.0044204
0.00043906
-0.0029627
-0.0055787
-0.0074263
-0.0085126
-0.0089275
-0.0087209
-0.0080225
-0.0070316
-0.0059065
-0.0048095
-0.0038048
-0.0029176
-0.0021612
-0.0015563
-0.0010986
-0.00081081
-0.00071239
-0.0008059
-0.0010832
-0.0015056
-0.0020887
-0.0028435
-0.0037477
-0.0048166
-0.0060995
-0.0075934
-0.0092413
-0.01096
-0.012653
-0.01422
-0.015507
-0.016401
-0.016945
-0.017168
-0.017166
-0.017009
-0.016772
-0.01652
-0.016304
-0.016167
-0.016164
-0.016351
-0.016774
-0.017464
-0.018396
-0.019594
-0.021051
-0.022697
-0.024459
-0.026258
-0.027913
-0.029265
-0.030348
-0.031123
-0.031535
-0.031514
-0.030982
-0.029846
-0.02807
-0.025855
-0.023304
-0.020538
-0.017685
-0.014851
-0.012117
-0.0095379
-0.0071605
-0.0050922
-0.0034272
-0.0021762
-0.0013256
-0.00072868
-0.00032777
-8.5945e-05
1.4315e-05
-2.2414e-05
-0.00016611
-0.00038917
-0.00065623
-0.0009531
-0.0012448
-0.0014583
-0.0014867
-0.0012314
-0.0006672
0.0002036
0.0013355
0.0027422
0.0044018
0.0062664
0.0083023
0.010479
0.012853
0.015494
0.01833
0.021232
0.024144
0.027001
0.029718
0.032139
0.034123
0.035664
0.036737
0.037295
0.037311
0.03682
0.035757
0.034065
0.031733
0.028727
0.02513
0.021061
0.016633
0.011973
0.0072494
0.00265
-0.001722
-0.0056824
-0.009011
-0.011556
-0.01322
-0.014088
-0.014197
-0.013607
-0.012311
-0.010323
-0.0077982
-0.0048689
-0.0017681
0.0014366
0.0047269
0.0080587
0.01133
0.014375
0.01721
0.019887
0.022337
0.024487
0.026334
0.027903
0.029268
0.030433
0.031373
0.032017
0.032266
0.032066
0.03129
0.029825
0.027622
0.024589
0.020809
0.016304
0.011289
0.0062611
0.0014372
-0.0030725
-0.0070323
-0.010241
-0.012654
-0.014321
-0.015321
-0.015823
-0.015974
-0.015985
-0.016067
-0.016412
-0.017147
-0.018326
-0.019891
-0.021782
-0.023955
-0.026335
-0.028739
-0.030856
-0.032469
-0.033449
-0.033854
-0.033678
-0.032967
-0.031815
-0.030258
-0.028415
-0.026373
-0.024252
-0.02205
-0.019732
-0.017296
-0.014767
-0.012217
-0.0096982
-0.0072753
-0.0050155
-0.0029645
-0.0011131
0.00044443
0.001629
0.0024847
0.0030342
0.0032689
0.0031716
0.0027928
0.0021714
0.0013462
0.00039011
-0.00064967
-0.001698
-0.0025914
-0.0031966
-0.0034988
-0.0034476
-0.0030689
-0.0024523
-0.001672
-0.00079338
4.9632e-05
0.00065697
0.00090183
0.00066048
-0.00013543
-0.0014956
-0.0033045
-0.0054719
-0.0079698
-0.010788
-0.013763
-0.01659
-0.019158
-0.021353
-0.023043
-0.024108
-0.024508
-0.024308
-0.02353
-0.022326
-0.020814
-0.019142
-0.017443
-0.015835
-0.014434
-0.013193
-0.012044
-0.011052
-0.010261
-0.0096172
-0.0091081
-0.0086793
-0.0082204
-0.0076353
-0.0068831
-0.0058753
-0.0045389
-0.002937
-0.0011996
0.00059832
0.002364
0.0039758
0.0054458
0.0068016
0.0079657
0.008917
0.0097637
0.010468
0.010963
0.011264
0.011404
0.011452
0.011474
0.011555
0.011732
0.011988
0.012239
0.0124
0.012398
0.012162
0.011633
0.010802
0.009654
0.008186
0.0063184
0.0040135
0.0013953
-0.0014516
-0.0044229
-0.0073945
-0.010231
-0.012804
-0.014952
-0.016559
-0.017631
-0.018191
-0.018317
-0.017997
-0.017221
-0.016007
-0.0144
-0.012594
-0.010627
-0.0085479
-0.0065047
-0.0045904
-0.0027868
-0.0012006
4.6261e-05
0.0009627
0.0015552
0.0018382
0.0018764
0.0018067
0.0016975
0.0016352
0.0017504
0.0021391
0.0028424
0.0038811
0.0052318
0.0068493
0.0086705
0.010542
0.012421
0.014258
0.015933
0.017364
0.018571
0.019522
0.020226
0.020747
0.021097
0.02121
0.021016
0.020488
0.019612
0.01844
0.017079
0.01561
0.014098
0.012529
0.010882
0.0091827
0.0075187
0.006012
0.0046643
0.003461
0.00239
0.0014535
0.00062581
-0.00013093
-0.00072699
-0.00093331
-0.00075616
-0.00027609
0.00054816
0.0017352
0.0032096
0.0049469
0.0068832
0.0089831
0.011172
0.013285
0.015259
0.01709
0.018666
0.019839
0.020505
0.020619
0.020275
0.019425
0.01803
0.016142
0.013809
0.011107
0.00803
0.0046268
0.0010492
-0.0026015
-0.0062466
-0.0098324
-0.013274
-0.016457
-0.019349
-0.021965
-0.024304
-0.026275
-0.027783
-0.028767
-0.029216
-0.029147
-0.028597
-0.027696
-0.02653
-0.025216
-0.023864
-0.022564
-0.021398
-0.020403
-0.019579
-0.018896
-0.018345
-0.017955
-0.0178
-0.017931
-0.018309
-0.01888
-0.019591
-0.02049
-0.02161
-0.022853
-0.024164
-0.02558
-0.027041
-0.028412
-0.029608
-0.030549
-0.031187
-0.031508
-0.031516
-0.031187
-0.03052
-0.029598
-0.028421
-0.026992
-0.025326
-0.023429
-0.021305
-0.018936
-0.016319
-0.013475
-0.010412
-0.0070577
-0.0033466
0.00066533
0.0047553
0.0086177
0.012365
0.01604
0.019415
0.022321
0.024722
0.026563
0.027814
0.028467
0.028505
0.027984
0.026902
0.02529
0.023162
0.020544
0.017561
0.014363
0.011148
0.0080336
0.0051324
0.0025584
0.00046261
-0.0010697
-0.002118
-0.0026793
-0.0027505
-0.0023369
-0.0014961
-0.00030721
0.0011889
0.0029146
0.0047759
0.0066736
0.0085817
0.010488
0.012374
0.014176
0.01582
0.017306
0.018636
0.019809
0.020844
0.021784
0.022631
0.023377
0.024017
0.024559
0.025051
0.025505
0.025917
0.026279
0.026598
0.026906
0.027201
0.027497
0.027871
0.028326
0.028766
0.029208
0.029678
0.030138
0.030564
0.030975
0.03132
0.031559
0.031747
0.03193
0.032116
0.03231
0.032512
0.032714
0.032892
0.033008
0.033031
0.032933
0.032667
0.032142
0.031254
0.02997
0.028357
0.026414
0.024186
0.021826
0.019296
0.016551
0.013681
0.010746
0.0077319
0.0046946
0.0016983
-0.0012671
-0.0041876
-0.007044
-0.009877
-0.012692
-0.015431
-0.018077
-0.020652
-0.023209
-0.025828
-0.028577
-0.031414
-0.034222
-0.03689
-0.039328
-0.041496
-0.043347
-0.044825
-0.045915
-0.046629
-0.047008
-0.047057
-0.046795
-0.046316
-0.045661
-0.044907
-0.044128
-0.043369
-0.042634
-0.041893
-0.041099
-0.040248
-0.039326
-0.038292
-0.037035
-0.035434
-0.033484
-0.031244
-0.028749
-0.026097
-0.023513
-0.021043
-0.018647
-0.016266
-0.013845
-0.011371
-0.0089027
-0.0065385
-0.0042999
-0.0021697
-8.7633e-05
0.0019902
0.0040911
0.0062151
0.0083553
0.010531
0.012755
0.015018
0.017289
0.019518
0.021692
0.023769
0.025655
0.027316
0.028776
0.030004
0.030973
0.031676
0.032084
0.032225
0.032079
0.031639
0.030922
0.029944
0.028756
0.027421
0.026013
0.02455
0.023087
0.021735
0.020554
0.019543
0.018626
0.01778
0.016998
0.016233
0.015453
0.014669
0.013862
0.012991
0.01202
0.010872
0.0094404
0.0077055
0.0057587
0.0036692
0.0015711
-0.00032177
-0.0019563
-0.0033449
-0.0044748
-0.0053102
-0.0058636
-0.0061446
-0.0061976
-0.0060937
-0.0058592
-0.0055219
-0.005134
-0.0047485
-0.0043662
-0.0040146
-0.0037449
-0.0035418
-0.0033814
-0.0032952
-0.0032886
-0.0033201
-0.0033981
-0.0035298
-0.0036823
-0.0038116
-0.003865
-0.0038488
-0.0038012
-0.0037596
-0.0037705
-0.0038872
-0.0041465
-0.0045757
-0.0052013
-0.0060547
-0.0071099
-0.0083212
-0.0095834
-0.010751
-0.011787
-0.012745
-0.01361
-0.014334
-0.014868
-0.015207
-0.015383
-0.015339
-0.015011
-0.014412
-0.01358
-0.012603
-0.011514
-0.010344
-0.0091532
-0.007943
-0.006681
-0.0053676
-0.0040461
-0.0028004
-0.0016278
-0.00046456
0.00064328
0.0016524
0.0026121
0.0035444
0.0044495
0.0053303
0.0061754
0.0069489
0.0076414
0.0083019
0.0089266
0.0095043
0.010047
0.01057
0.01109
0.011642
0.012238
0.012825
0.013381
0.01396
0.014575
0.015224
0.015927
0.016715
0.017611
0.018586
0.019561
0.02049
0.021381
0.022308
0.023273
0.024229
0.025139
0.025986
0.026802
0.027597
0.028361
0.029066
0.029619
0.029876
0.029907
0.029758
0.029413
0.028853
0.028055
0.02704
0.025843
0.02453
0.023116
0.021602
0.020008
0.018383
0.016805
0.015302
0.013918
0.012727
0.011763
0.01101
0.010485
0.010191
0.010067
0.0101
0.010266
0.010562
0.010953
0.011332
0.011621
0.011743
0.011621
0.011191
0.010444
0.0093596
0.0079772
0.0063095
0.0043728
0.0022284
-0.00020316
-0.0029713
-0.0059594
-0.0090516
-0.012186
-0.015351
-0.018586
-0.021987
-0.025528
-0.029018
-0.032408
-0.03572
-0.039
-0.042245
-0.045391
-0.048382
-0.051208
-0.053955
-0.056565
-0.058875
-0.060931
-0.062813
-0.064444
-0.065761
-0.066799
-0.067515
-0.067892
-0.067985
-0.067778
-0.067274
-0.0665
-0.065502
-0.06429
-0.062875
-0.061327
-0.059641
-0.057824
-0.055948
-0.054032
-0.051997
-0.049807
-0.047476
-0.045025
-0.042419
-0.039564
-0.036459
-0.033194
-0.029793
-0.026283
-0.022731
-0.01911
-0.015364
-0.01161
-0.0079585
-0.0043247
-0.00073881
0.0026596
0.0059116
0.0090782
0.012081
0.014873
0.017513
0.019964
0.022195
0.024217
0.026007
0.027511
0.028666
0.029463
0.029943
0.030092
0.029852
0.029169
0.028071
0.026612
0.024937
0.023247
0.021686
0.020352
0.019318
0.018619
0.018255
0.018246
0.018565
0.019167
0.019973
0.020922
0.021956
0.022967
0.023896
0.024703
0.025372
0.025859
0.026132
0.026122
0.025783
0.02513
0.024177
0.023011
0.021611
0.019941
0.018024
0.015876
0.013532
0.01102
0.0084394
0.0059822
0.0037836
0.001815
3.1897e-05
-0.0016206
-0.0031434
-0.0045284
-0.0057999
-0.0069857
-0.0081356
-0.0092345
-0.010295
-0.011391
-0.012524
-0.013656
-0.014785
-0.015879
-0.016865
-0.017698
-0.018375
-0.018899
-0.019247
-0.019383
-0.019273
-0.018932
-0.01841
-0.017767
-0.016999
-0.016136
-0.015267
-0.014475
-0.013802
-0.013186
-0.012585
-0.011969
-0.011313
-0.010604
-0.0098301
-0.008966
-0.0079719
-0.0068029
-0.0054157
-0.0037741
-0.0018279
0.00044919
0.0030404
0.0058364
0.0087922
0.011838
0.014835
0.017719
0.020492
0.023143
0.025673
0.028096
0.030351
0.032348
0.034084
0.035594
0.036871
0.037908
0.038725
0.039284
0.039584
0.039696
0.039654
0.039435
0.039028
0.038454
0.037705
0.036788
0.035734
0.034532
0.033167
0.031661
0.030013
0.02811
0.025918
0.023563
0.021046
0.018385
0.015688
0.013008
0.010367
0.007818
0.0054371
0.0033021
0.001377
-0.00046108
-0.0021606
-0.003681
-0.0051324
-0.0065202
-0.007765
-0.0088546
-0.0098309
-0.010768
-0.011665
-0.01246
-0.013209
-0.013977
-0.014715
-0.01539
-0.016029
-0.016611
-0.017115
-0.017553
-0.017928
-0.018234
-0.018483
-0.018699
-0.018828
-0.018832
-0.018731
-0.018484
-0.01806
-0.017492
-0.016801
-0.015991
-0.015068
-0.014063
-0.013007
-0.011943
-0.010909
-0.009922
-0.0089838
-0.0081043
-0.0072992
-0.0065928
-0.0059747
-0.0053729
-0.0047636
-0.0041551
-0.0035879
-0.0030457
-0.0024191
-0.0017263
-0.001016
-0.00027308
0.00050762
0.0012963
0.0020355
0.0026551
0.0031341
0.0034686
0.0036755
0.003736
0.003625
0.0033544
0.0029419
0.0024213
0.0017936
0.0010561
0.00023347
-0.00061511
-0.001418
-0.002182
-0.002961
-0.0037103
-0.0043673
-0.0049225
-0.0053625
-0.0056901
-0.0058551
-0.0058208
-0.0056248
-0.0053
-0.0049112
-0.004456
-0.0039471
-0.0034768
-0.0030825
-0.0026947
-0.0023362
-0.0020573
-0.0018391
-0.0016751
-0.0015872
-0.0015948
-0.0016834
-0.0017893
-0.0018471
-0.0018218
-0.0017008
-0.0015059
-0.0012664
-0.00099743
-0.00069391
-0.00035936
-1.2668e-05
0.00032779
0.00062698
0.00083148
0.00092027
0.00093017
0.00085527
0.00069046
0.00045262
0.00013177
-0.00028243
-0.00077411
-0.0013123
-0.0018777
-0.0024289
-0.0028998
-0.0032875
-0.0036101
-0.0038605
-0.0040322
-0.0041293
-0.0041336
-0.0040328
-0.0038223
-0.0034811
-0.0029863
-0.0023595
-0.0016741
-0.00094995
-0.00019663
0.00056654
0.0013154
0.0020108
0.0025967
0.0030444
0.0034054
0.0037042
0.0039477
0.0041346
0.0042868
0.0044728
0.0047015
0.0049196
0.0051676
0.0054983
0.0058967
0.0063422
0.0068202
0.0073414
0.0078938
0.0084048
0.0088242
0.0091665
0.009402
0.0095101
0.0095182
0.0094407
0.0092692
0.0090006
0.0086542
0.0082552
0.0078328
0.0073941
0.0069425
0.0064925
0.0060863
0.0057536
0.0054614
0.0051856
0.0049166
0.004671
0.0044825
0.0043824
0.0043662
0.0043726
0.0044002
0.0044633
0.0045621
0.0047176
0.0049672
0.0053116
0.0057223
0.0061652
0.0066421
0.0072065
0.0078625
0.0085702
0.0092968
0.010002
0.010648
0.011257
0.011891
0.012511
0.013061
0.013513
0.013862
0.014133
0.01435
0.014519
0.014597
0.014569
0.014455
0.014259
0.01399
0.013644
0.013211
0.0127
0.012098
0.011404
0.010646
0.0098364
0.0089853
0.0080335
0.0069315
0.0057271
0.0044805
0.003238
0.0020183
0.00082389
-0.00035343
-0.001485
-0.0024916
-0.0033519
-0.0040911
-0.0047663
-0.0054282
-0.0060951
-0.0067655
-0.0074254
-0.0080702
-0.0087073
-0.0093544
-0.009986
-0.010563
-0.011099
-0.011597
-0.01203
-0.012391
-0.012688
-0.012885
-0.01295
-0.012898
-0.012711
-0.012376
-0.011925
-0.011407
-0.010825
-0.010192
-0.0095359
-0.0088603
-0.0081744
-0.0075091
-0.0068793
-0.0062723
-0.0056534
-0.0049815
-0.004241
-0.0034226
-0.0025297
-0.0015886
-0.0006403
0.00028635
0.0012002
0.0021544
0.0031238
0.0040422
0.0048999
0.0057051
0.0064853
0.0072472
0.0079769
0.0086444
0.0092368
0.009795
0.010349
0.010912
0.011477
0.012002
0.012425
0.012761
0.013122
0.01345
0.013666
0.013803
0.013834
0.013707
0.013398
0.012922
0.012319
0.011607
0.010774
0.009809
0.0087241
0.0075689
0.0063642
0.0050843
0.0037539
0.0024309
0.0011224
-0.00019214
-0.0015485
-0.0029366
-0.0042687
-0.0055162
-0.0066965
-0.0077638
-0.0086788
-0.0094507
-0.010065
-0.010504
-0.010752
-0.010812
-0.010714
-0.010482
-0.010155
-0.0097303
-0.0092022
-0.0085828
-0.0078988
-0.0072075
-0.0065677
-0.0060186
-0.0055374
-0.0051186
-0.0047627
-0.0044654
-0.0042207
-0.0040251
-0.0038626
-0.0036942
-0.0035382
-0.0034226
-0.0033403
-0.0032914
-0.0032859
-0.0032968
-0.003285
-0.0032383
-0.0031555
-0.0030505
-0.0029432
-0.0028504
-0.002767
-0.0027125
-0.0027437
-0.0028609
-0.0030232
-0.0032207
-0.0034715
-0.0038125
-0.0042171
-0.0046259
-0.0050735
-0.0055815
-0.0061144
-0.006681
-0.0073047
-0.0080035
-0.0087676
-0.0095367
-0.010268
-0.01096
-0.01169
-0.012481
-0.013235
-0.013938
-0.014638
-0.015319
-0.015965
-0.016582
-0.017187
-0.017796
-0.018366
-0.018843
-0.019219
-0.019488
-0.019651
-0.019666
-0.019523
-0.019295
-0.01901
-0.018673
-0.018298
-0.0179
-0.017492
-0.017095
-0.016741
-0.016447
-0.016209
-0.016006
-0.015844
-0.015747
-0.015699
-0.015673
-0.015675
-0.015694
-0.015692
-0.015651
-0.015547
-0.01534
-0.015023
-0.014651
-0.014193
-0.013605
-0.012899
-0.012098
-0.011242
-0.010366
-0.0095123
-0.0086614
-0.0077907
-0.0069024
-0.0060078
-0.0051259
-0.0042506
-0.003365
-0.0024459
-0.0014692
-0.00041851
0.00071435
0.0019105
0.0031105
0.0043005
0.0055096
0.0067693
0.0080922
0.009435
0.010742
0.011961
0.013095
0.014161
0.015148
0.01604
0.016837
0.017511
0.018049
0.018481
0.018847
0.019213
0.019545
0.019785
0.019928
0.019983
0.019994
0.019962
0.019878
0.019742
0.019541
0.019254
0.018878
0.018404
0.017769
0.016966
0.016091
0.015105
0.013971
0.012774
0.011563
0.010305
0.0090367
0.0078394
0.0068089
0.0059879
0.0053009
0.0047265
0.0042422
0.0038152
0.0034376
0.0031206
0.0028157
0.0024531
0.0020072
0.0014783
0.00090389
0.00028886
-0.00035621
-0.00099581
-0.0016209
-0.0022647
-0.0029142
-0.0035321
-0.0041051
-0.0046264
-0.0051029
-0.00555
-0.0059914
-0.0064138
-0.0068145
-0.0072226
-0.007624
-0.0079949
-0.0083592
-0.0087331
-0.0090992
-0.0094219
-0.0096609
-0.0098149
-0.0098794
-0.0098382
-0.0096551
-0.0093095
-0.0088084
-0.008148
-0.0073265
-0.0063798
-0.0053704
-0.0042562
-0.0030196
-0.0017367
-0.00045162
0.00082347
0.0021104
0.0034272
0.0047671
0.0061501
0.0076016
0.0090996
0.010613
0.012147
0.013702
0.015253
0.016756
0.018166
0.019486
0.020726
0.021902
0.02298
0.023951
0.024894
0.025804
0.026607
0.027312
0.027955
0.028538
0.029077
0.029616
0.030143
0.030637
0.031125
0.03162
0.03211
0.032588
0.033042
0.033461
0.033798
0.033979
0.033963
0.033748
0.033369
0.03284
0.03215
0.031275
0.030219
0.029017
0.027692
0.026253
0.0247
0.023046
0.02131
0.019542
0.017816
0.016093
0.014322
0.012545
0.010832
0.0092647
0.0078557
0.0065585
0.0052927
0.0040231
0.0027559
0.0014933
0.00022799
-0.0010686
-0.0024106
-0.0037884
-0.0052195
-0.0067048
-0.0081945
-0.0096409
-0.011012
-0.012319
-0.013593
-0.014854
-0.01611
-0.017358
-0.018575
-0.019725
-0.020788
-0.021775
-0.022723
-0.023601
-0.024358
-0.024968
-0.025447
-0.025854
-0.026207
-0.0265
-0.026709
-0.026836
-0.026904
-0.026884
-0.026759
-0.026563
-0.026305
-0.025988
-0.025649
-0.02529
-0.024813
-0.024204
-0.023535
-0.022811
-0.022033
-0.021218
-0.020372
-0.019502
-0.018646
-0.017832
-0.017026
-0.016245
-0.015527
-0.014826
-0.014088
-0.013329
-0.012559
-0.011777
-0.010981
-0.010158
-0.0092874
-0.0083653
-0.0074224
-0.0064711
-0.0055283
-0.0046202
-0.0037495
-0.0028929
-0.0020942
-0.0013878
-0.00072266
-6.4501e-05
0.00060296
0.001252
0.0018312
0.0023026
0.0026722
0.003019
0.0033693
0.0037333
0.0041163
0.0044735
0.0047131
0.0048425
0.0049063
0.0049113
0.0048734
0.004822
0.0047343
0.0045896
0.004424
0.0042319
0.003938
0.0035306
0.0030184
0.002385
0.0016093
0.00068768
-0.00035985
-0.0014853
-0.0026349
-0.0037577
-0.0048162
-0.0057917
-0.0066842
-0.0075086
-0.0082281
-0.0087844
-0.0092126
-0.0095793
-0.0098957
-0.010162
-0.010389
-0.010603
-0.010821
-0.011024
-0.011223
-0.011456
-0.011726
-0.012029
-0.012392
-0.012802
-0.013199
-0.013576
-0.013947
-0.014309
-0.014649
-0.014946
-0.015226
-0.015531
-0.015876
-0.016239
-0.016561
-0.016851
-0.017125
-0.017337
-0.017491
-0.017646
-0.017766
-0.017795
-0.01774
-0.017593
-0.017354
-0.017055
-0.016724
-0.016346
-0.015924
-0.015489
-0.014991
-0.014387
-0.013729
-0.013052
-0.012335
-0.011555
-0.010697
-0.0097571
-0.0087612
-0.0077672
-0.0067583
-0.0056994
-0.0045927
-0.0034483
-0.0022858
-0.0011116
6.1426e-05
0.0011956
0.0022724
0.0033148
0.0043193
0.0052753
0.0061673
0.0069947
0.0077891
0.0085402
0.0092312
0.0098685
0.010441
0.010918
0.01131
0.011664
0.011962
0.012172
0.012273
0.012258
0.01215
0.011987
0.011786
0.011533
0.011244
0.01095
0.010604
0.010209
0.0098619
0.0095739
0.0092885
0.0090228
0.0087898
0.0085679
0.0083552
0.0081625
0.0079923
0.0078261
0.0076175
0.0073584
0.0070838
0.0068278
0.006596
0.0063236
0.0060089
0.0057033
0.0054028
0.0051015
0.0048217
0.0045568
0.0042772
0.0039822
0.0036898
0.0034281
0.0031937
0.0029527
0.0026865
0.0023918
0.0020907
0.0017765
0.0014291
0.0010771
0.00075179
0.00044096
0.00013601
-0.00016347
-0.00044876
-0.00072396
-0.0010281
-0.0013636
-0.0016973
-0.0020037
-0.0022644
-0.0024812
-0.0026502
-0.0027641
-0.0028087
-0.0027801
-0.0026997
-0.0025801
-0.0024385
-0.0022883
-0.0021505
-0.0020562
-0.0020013
-0.0019406
-0.0018978
-0.0018933
-0.0018796
-0.001857
-0.0018709
-0.0018757
-0.0018237
-0.001757
-0.0016942
-0.0016294
-0.0015656
-0.0015092
-0.0014688
-0.0014498
-0.0014473
-0.0014393
-0.0014044
-0.0013495
-0.0012798
-0.0011909
-0.0010801
-0.00094338
-0.00077231
-0.00056391
-0.00033099
-8.9172e-05
0.00014782
0.00038293
0.00062767
0.00089394
0.0011569
0.0013798
0.0015844
0.0017997
0.0020435
0.0023451
0.0027242
0.0031603
0.0036373
0.0041589
0.0047397
0.0053974
0.0061493
0.006988
0.0078578
0.0087142
0.0095383
0.010368
0.011228
0.012092
0.012936
0.013745
0.014516
0.015254
0.015968
0.016619
0.017143
0.017536
0.017832
0.018082
0.018293
0.018447
0.018533
0.01856
0.018569
0.018573
0.01856
0.018555
0.018589
0.018662
0.018758
0.018843
0.018925
0.019018
0.019087
0.019107
0.019071
0.019005
0.018931
0.018809
0.018622
0.018399
0.018118
0.017759
0.01735
0.016908
0.016423
0.015888
0.015281
0.014565
0.013773
0.013019
0.012239
0.011362
0.010483
0.0096547
0.0088155
0.0079673
0.0071133
0.0062091
0.0052696
0.0043739
0.0035007
0.0026171
0.0017653
0.00098545
0.00029826
-0.00030645
-0.00087239
-0.0014563
-0.0020411
-0.0025392
-0.0029566
-0.0033369
-0.0037069
-0.0040786
-0.004449
-0.0048165
-0.0051754
-0.0055142
-0.0057834
-0.0059147
-0.0059453
-0.0059411
-0.0058998
-0.0058237
-0.0057349
-0.0056529
-0.0055928
-0.0055527
-0.0055336
-0.0055341
-0.0055377
-0.0055343
-0.0055462
-0.0056022
-0.0057266
-0.0059267
-0.0062005
-0.0065512
-0.0069561
-0.007351
-0.0077282
-0.0080977
-0.0084533
-0.0087744
-0.0090333
-0.0092529
-0.009458
-0.0096213
-0.0097455
-0.0098769
-0.010017
-0.010148
-0.010257
-0.010341
-0.010415
-0.010477
-0.010519
-0.010534
-0.010522
-0.010494
-0.010465
-0.010445
-0.010428
-0.010418
-0.010422
-0.010418
-0.010386
-0.010333
-0.010256
-0.010147
-0.010003
-0.0098297
-0.0096375
-0.0094389
-0.0092405
-0.0090227
-0.0087619
-0.008458
-0.008124
-0.0077866
-0.0074481
-0.0071043
-0.0067583
-0.0064247
-0.006128
-0.005846
-0.0055613
-0.0053177
-0.005143
-0.005012
-0.0049154
-0.0048555
-0.0048559
-0.0049231
-0.0050235
-0.0051714
-0.0053931
-0.0056996
-0.0060821
-0.0064984
-0.0069484
-0.0074439
-0.007989
-0.0085626
-0.0091066
-0.0096226
-0.010115
-0.010544
-0.010885
-0.011168
-0.011415
-0.011648
-0.01187
-0.012065
-0.012202
-0.012275
-0.012297
-0.012281
-0.012249
-0.012223
-0.012204
-0.012183
-0.012136
-0.012066
-0.012013
-0.011984
-0.011966
-0.011947
-0.011906
-0.011834
-0.011731
-0.011599
-0.011425
-0.011197
-0.010911
-0.010537
-0.010046
-0.00944
-0.0087382
-0.0079801
-0.0071386
-0.0061977
-0.005219
-0.0042743
-0.0034091
-0.0025956
-0.0017901
-0.0010079
-0.00026858
0.00042559
0.001097
0.0017706
0.00244
0.0030998
0.0037588
0.0044287
0.0051223
0.0058381
0.006588
0.0074026
0.0082972
0.0092489
0.010183
0.011058
0.011907
0.012718
0.013466
0.014129
0.014711
0.015263
0.0158
0.016329
0.016838
0.017301
0.017688
0.01801
0.018308
0.01858
0.01883
0.019092
0.019376
0.019676
0.020008
0.020383
0.020793
0.02123
0.021679
0.022129
0.022561
0.022948
0.023289
0.023587
0.023789
0.02386
0.023833
0.023705
0.023466
0.023122
0.022682
0.02216
0.021572
0.020927
0.020179
0.019308
0.018369
0.017396
0.016419
0.015484
0.01462
0.01381
0.013026
0.01225
0.011511
0.010809
0.010093
0.0093876
0.0087587
0.0081505
0.0075146
0.0068642
0.0062126
0.0055718
0.0049396
0.0043022
0.0036401
0.0029875
0.0024068
0.0018802
0.0013722
0.00085408
0.00031977
-0.0002096
-0.0007078
-0.0011758
-0.0016626
-0.0021916
-0.0027655
-0.0033557
-0.0039171
-0.0044078
-0.0048425
-0.0053038
-0.0059169
-0.0067412
-0.0076859
-0.0086727
-0.0096419
-0.010592
-0.011531
-0.012455
-0.013369
-0.01427
-0.01514
-0.01598
-0.016837
-0.017683
-0.018468
-0.019213
-0.019907
-0.02048
-0.02096
-0.021419
-0.021796
-0.022056
-0.022267
-0.022441
-0.022572
-0.022635
-0.02262
-0.022559
-0.022449
-0.022285
-0.022084
-0.021883
-0.021734
-0.021588
-0.021353
-0.021044
-0.020679
-0.020252
-0.019769
-0.01925
-0.018689
-0.018062
-0.017336
-0.016501
-0.015583
-0.014591
-0.013515
-0.012341
-0.011105
-0.0098706
-0.0085954
-0.0072535
-0.0058968
-0.0045402
-0.0031816
-0.0018659
-0.00063746
0.00051519
0.0016376
0.0027871
0.0039295
0.0050111
0.0060377
0.0070522
0.0081018
0.0091155
0.010013
0.010825
0.011575
0.012291
0.012935
0.013466
0.013913
0.014288
0.014603
0.014836
0.014972
0.015047
0.015067
0.01502
0.014913
0.014776
0.01464
0.014506
0.014343
0.014163
0.013994
0.013846
0.01371
0.01355
0.01337
0.013171
0.012917
0.012609
0.0123
0.011996
0.011684
0.011357
0.011021
0.010696
0.010377
0.010054
0.0097163
0.0093505
0.0089412
0.0084951
0.0080176
0.0074884
0.0069271
0.0064072
0.0059579
0.0055772
0.0052321
0.0049059
0.0045938
0.0042976
0.0040229
0.0037729
0.0035506
0.0033528
0.0031961
0.0030857
0.0029881
0.0028877
0.0027838
0.0026526
0.0024562
0.002155
0.0017414
0.0012638
0.00070122
3.1489e-05
-0.00071742
-0.0015397
-0.0024258
-0.0033376
-0.0042355
-0.005123
-0.0059997
-0.0068586
-0.0076912
-0.0084921
-0.0092664
-0.010006
-0.010697
-0.011321
-0.011868
-0.01234
-0.012718
-0.012987
-0.013172
-0.013308
-0.013379
-0.013358
-0.013233
-0.013018
-0.012748
-0.012452
-0.012155
-0.011881
-0.011576
-0.011179
-0.010688
-0.010112
-0.0094615
-0.0087492
-0.0079977
-0.0072407
-0.0064986
-0.0057635
-0.0050012
-0.0041937
-0.0033888
-0.0026349
-0.0019376
-0.0012325
-0.00046855
0.0002821
0.00096992
0.0016282
0.0022525
0.0028218
0.0032928
0.0036787
0.0040908
0.0045287
0.0049348
0.0052746
0.0055441
0.0057928
0.0060297
0.0062552
0.0064801
0.0067019
0.0069008
0.0070587
0.007173
0.0072752
0.0073925
0.0075242
0.0076473
0.0077252
0.0077504
0.0077356
0.0077143
0.0076771
0.0075819
0.0074101
0.0071648
0.0068866
0.0066182
0.006386
0.0061477
0.0058803
0.0056254
0.0054326
0.0053347
0.0052948
0.005279
0.0052843
0.0053091
0.0053471
0.0053827
0.0054007
0.0053925
0.0053398
0.005233
0.0051066
0.0049739
0.0048025
0.0045866
0.0043476
0.0040885
0.0038108
0.0035155
0.0031862
0.0028005
0.0023555
0.0018567
0.0013027
0.00069268
4.8198e-05
-0.00056971
-0.0011281
-0.0017046
-0.0023326
-0.0029959
-0.003688
-0.0043793
-0.0050152
-0.005587
-0.0061294
-0.0066518
-0.0071696
-0.0077097
-0.0082393
-0.0086893
-0.009062
-0.0093979
-0.0097392
-0.010081
-0.010371
-0.010576
-0.010685
-0.010712
-0.010678
-0.010623
-0.010533
-0.010389
-0.010214
-0.010017
-0.0098062
-0.0095656
-0.009293
-0.0090353
-0.0088152
-0.0086208
-0.0084376
-0.0082454
-0.0080326
-0.0077913
-0.0075238
-0.0072529
-0.0070014
-0.0067598
-0.006509
-0.0062329
-0.0059426
-0.0056543
-0.0053609
-0.0050649
-0.0047868
-0.0045238
-0.0042596
-0.0039893
-0.0037127
-0.003435
-0.0031581
-0.0028781
-0.0025756
-0.0022367
-0.00187
-0.0015048
-0.0011757
-0.00085281
-0.00050361
-0.00012383
0.00027856
0.00067902
0.0010525
0.0013954
0.0017529
0.0021368
0.0025273
0.0029188
0.0033001
0.0036529
0.004003
0.0043928
0.0047691
0.0050593
0.0052565
0.0053962
0.0055666
0.0057459
0.005882
0.0059746
0.0060568
0.0061962
0.0063548
0.0064819
0.0066088
0.0067356
0.0068291
0.0068945
0.0069479
0.0069934
0.007039
0.0070987
0.0071641
0.0072278
0.0073066
0.0074032
0.0074937
0.0076076
0.0077752
0.0079738
0.0081908
0.0084405
0.0087066
0.0089539
0.0091741
0.009364
0.0095227
0.0096316
0.0096758
0.0096697
0.0096264
0.0095524
0.0094484
0.0093201
0.0091886
0.009069
0.0089597
0.0088571
0.0087519
0.008626
0.0084745
0.0083183
0.0081627
0.0079971
0.0078065
0.0075678
0.0072583
0.006899
0.0065381
0.006144
0.0056972
0.0052665
0.0048484
0.0043844
0.0038727
0.0033286
0.0027589
0.0021678
0.0015662
0.00097498
0.00040213
-0.00018405
-0.00078611
-0.0013707
-0.0019253
-0.0024536
-0.0029801
-0.0035183
-0.004064
-0.0045705
-0.0050021
-0.0054009
-0.0057937
-0.0061939
-0.0066102
-0.0070298
-0.0074077
-0.0077353
-0.008074
-0.0084285
-0.0087805
-0.0091128
-0.0094094
-0.0096686
-0.0098878
-0.010079
-0.010274
-0.010473
-0.010625
-0.010758
-0.010936
-0.011146
-0.011379
-0.011658
-0.011965
-0.012257
-0.012509
-0.012747
-0.013059
-0.013432
-0.013799
-0.014176
-0.014555
-0.014885
-0.015158
-0.015413
-0.015656
-0.015881
-0.016073
-0.016222
-0.01633
-0.016406
-0.016446
-0.016433
-0.016358
-0.016228
-0.016045
-0.015828
-0.01561
-0.015388
-0.015137
-0.014862
-0.014588
-0.014341
-0.014122
-0.013903
-0.013678
-0.013441
-0.013175
-0.01289
-0.012634
-0.012403
-0.012178
-0.011955
-0.011741
-0.011558
-0.011407
-0.011283
-0.011181
-0.011087
-0.010984
-0.010871
-0.010761
-0.01065
-0.010531
-0.010386
-0.010201
-0.0099722
-0.0097144
-0.0094354
-0.0091279
-0.0087943
-0.0084416
-0.0080492
-0.0075989
-0.0070952
-0.006547
-0.0059722
-0.0053775
-0.0047738
-0.0041787
-0.0035739
-0.002916
-0.0021894
-0.0014065
-0.00060846
0.00018023
0.00095683
0.0017518
0.0025906
0.0034382
0.0042534
0.0050161
0.0057542
0.0064931
0.0071972
0.0078718
0.0085635
0.009257
0.0099139
0.010557
0.011191
0.011777
0.012323
0.012865
0.013378
0.013831
0.014248
0.014626
0.014947
0.015257
0.015602
0.015969
0.016336
0.016682
0.017016
0.017361
0.017737
0.018127
0.018475
0.018789
0.019108
0.019423
0.019743
0.020094
0.020452
0.02076
0.021009
0.021207
0.021383
0.021537
0.021651
0.021713
0.021722
0.021699
0.021661
0.021628
0.021611
0.021609
0.021605
0.021602
0.02162
0.021616
0.021542
0.021413
0.021251
0.02109
0.020919
0.020713
0.020475
0.020201
0.019874
0.019482
0.019031
0.018539
0.018017
0.017466
0.016888
0.016279
0.015612
0.014854
0.013994
0.013076
0.012193
0.011352
0.010522
0.0096564
0.0087954
0.008011
0.0072744
0.0065643
0.0058978
0.0052805
0.0047055
0.0041706
0.0036524
0.0031009
0.0025386
0.0020182
0.0015243
0.0010525
0.00062906
0.00023455
-0.00017461
-0.00059285
-0.00099824
-0.001368
-0.0017165
-0.0020898
-0.002506
-0.0029786
-0.003508
-0.0040247
-0.0044165
-0.0046608
-0.004806
-0.0049751
-0.0051935
-0.0054114
-0.0056565
-0.0059368
-0.0061763
-0.006359
-0.0065207
-0.0066448
-0.0067271
-0.0068174
-0.0069327
-0.0070505
-0.0071668
-0.007283
-0.0074048
-0.0075617
-0.0077954
-0.0080743
-0.0083422
-0.0085834
-0.0088012
-0.0090184
-0.0092369
-0.009451
-0.0096573
-0.0098385
-0.0099675
-0.010045
-0.010076
-0.010046
-0.0099538
-0.0098289
-0.0096783
-0.00951
-0.0093425
-0.0091704
-0.0089595
-0.0087378
-0.0085567
-0.0083852
-0.008194
-0.0079868
-0.0077634
-0.0075183
-0.0072313
-0.0068879
-0.0064982
-0.0060839
-0.0056703
-0.0052383
-0.0047746
-0.0043183
-0.0038691
-0.0033995
-0.0029193
-0.0024465
-0.0019816
-0.0015137
-0.001021
-0.0004989
4.5469e-05
0.0005984
0.0011234
0.0015691
0.0019593
0.0023348
0.0026838
0.0030003
0.0032939
0.0035617
0.0037986
0.0040022
0.0041789
0.0043487
0.0045023
0.0046332
0.0047664
0.0049125
0.0050516
0.0051816
0.0053091
0.0054347
0.005559
0.0056845
0.0058336
0.006021
0.0061937
0.0063175
0.0064175
0.0064928
0.0065351
0.0065298
0.006467
0.0063582
0.0062052
0.0060124
0.0057638
0.0054692
0.0051869
0.0049186
0.0046189
0.0042663
0.0038698
0.0034813
0.0031149
0.0027495
0.0023733
0.0019828
0.0015896
0.0012119
0.0008567
0.00047966
6.2526e-05
-0.00034916
-0.00074568
-0.0011548
-0.0016124
-0.0021336
-0.0026878
-0.0032599
-0.0038429
-0.0044235
-0.0049966
-0.0055694
-0.0061457
-0.0067217
-0.0072876
-0.0078415
-0.0083946
-0.0089112
-0.0093467
-0.0097623
-0.010201
-0.010632
-0.011024
-0.011362
-0.01167
-0.011967
-0.012251
-0.012505
-0.012711
-0.012906
-0.013115
-0.013325
-0.013511
-0.013649
-0.013767
-0.013882
-0.013973
-0.01402
-0.014007
-0.013916
-0.013735
-0.013481
-0.013168
-0.012818
-0.012441
-0.012037
-0.011599
-0.01113
-0.010642
-0.01013
-0.0096019
-0.00909
-0.008592
-0.0080808
-0.0075687
-0.0070817
-0.006645
-0.0062567
-0.0058919
-0.0055623
-0.0052686
-0.0049663
-0.0046303
-0.0042691
-0.0039361
-0.0036808
-0.0034795
-0.0033194
-0.0031892
-0.003067
-0.0029394
-0.0028239
-0.0027442
-0.0027198
-0.0027608
-0.0028485
-0.0029316
-0.0029943
-0.0030514
-0.0031022
-0.0031469
-0.0031883
-0.0032076
-0.0031697
-0.0030869
-0.0029818
-0.0028438
-0.0026591
-0.0024254
-0.0021586
-0.0018754
-0.0015642
-0.001215
-0.00083255
-0.00043121
-2.648e-05
0.00038375
0.00079374
0.0011872
0.001562
0.0019189
0.002253
0.0025506
0.0028001
0.0030237
0.0032628
0.0035474
0.0038676
0.0041588
0.0044234
0.0046778
0.0049038
0.0051014
0.0052979
0.0054476
0.0055064
0.005516
0.0055242
0.0055571
0.0056093
0.0056487
0.0056267
0.0055376
0.005451
0.0053691
0.0052668
0.005123
0.0049458
0.0047977
0.0047184
0.0047075
0.0046897
0.0046044
0.0044598
0.0042844
0.0041151
0.0039632
0.0038256
0.0036873
0.0035367
0.0033565
0.0031193
0.0028193
0.0024906
0.0021474
0.0018029
0.0014747
0.0011488
0.00077611
0.00038246
1.9321e-05
-0.00029666
-0.0005559
-0.00076637
-0.00095069
-0.0011288
-0.0012819
-0.0014054
-0.0015276
-0.001633
-0.0016861
-0.0016588
-0.0015506
-0.0014115
-0.0012358
-0.001015
-0.00077414
-0.00055895
-0.00042382
-0.00033819
-0.00021868
-4.6721e-05
0.00014177
0.00025921
0.00032436
0.00040069
0.00044147
0.0004188
0.00037637
0.00034909
0.00036011
0.00036682
0.00036205
0.00041354
0.00049233
0.00053273
0.00056662
0.00061401
0.00064632
0.00067735
0.00073129
0.00078143
0.00080996
0.00083105
0.00083448
0.00079902
0.0007062
0.00057406
0.00047324
0.00038976
0.00028075
0.00018572
0.00013483
0.00011205
0.00011274
0.00011997
9.2663e-05
2.272e-05
-3.7514e-05
-7.0045e-05
-7.3509e-05
-4.8574e-05
-2.4637e-06
5.2322e-05
0.00011123
0.00018128
0.00029624
0.00045535
0.00059012
0.00067923
0.00075806
0.00083264
0.0009033
0.0009724
0.0010401
0.0011063
0.0011704
0.0012341
0.0013009
0.0013768
0.0014671
0.0015729
0.0016844
0.0017772
0.0018298
0.0018335
0.0018077
0.0018125
0.0018687
0.0019178
0.0019504
0.0019615
0.0019194
0.0018114
0.0016636
0.0014823
0.0012839
0.0011127
0.00098159
0.00084594
0.00067899
0.00047899
0.00028526
0.00012013
-4.2247e-05
-0.00019207
-0.00031048
-0.00038948
-0.00042797
-0.00043632
-0.00040141
-0.00033159
-0.00029505
-0.00031812
-0.00033899
-0.00033755
-0.00031414
-0.00028225
-0.00025451
-0.00022603
-0.00018056
-0.00011207
-5.4178e-05
-1.1219e-05
6.799e-05
0.00020187
0.00038058
0.00057725
0.00077382
0.00097689
0.0011728
0.0013442
0.0015006
0.0016642
0.0018582
0.0020504
0.002183
0.0022606
0.0023035
0.0023358
0.0023565
0.002359
0.0023554
0.0023413
0.0022883
0.0022075
0.0021345
0.0020763
0.002039
0.0020313
0.0020526
0.0020882
0.0021181
0.0021279
0.0021167
0.0020762
0.0020122
0.0019742
0.0019841
0.0020036
0.002033
0.0020828
0.0021444
0.0022097
0.0022736
0.0023267
0.0023636
0.0024085
0.0024613
0.0024774
0.0024501
0.0024077
0.0024013
0.0024251
0.0023824
0.0022941
0.0022305
0.0021613
0.0020582
0.0019342
0.0018077
0.0016851
0.0015317
0.0013442
0.0011804
0.0010517
0.00094292
0.00082535
0.00068347
0.00051883
0.00033729
0.00013601
-0.00011773
-0.00042629
-0.00075161
-0.0010462
-0.0012943
-0.0015388
-0.0017996
-0.002074
-0.0023609
-0.0026457
-0.002899
-0.0031066
-0.0032739
-0.0034307
-0.0036092
-0.0038211
-0.0040326
-0.0042323
-0.0045061
-0.0048573
-0.0051835
-0.0054566
-0.0056856
-0.0059021
-0.0061247
-0.0063526
-0.0065719
-0.0067562
-0.0068801
-0.0069416
-0.0069587
-0.0069117
-0.0068149
-0.0067451
-0.0067145
-0.0066956
-0.0066386
-0.0065055
-0.0063078
-0.0060714
-0.0058216
-0.0055456
-0.005241
-0.0049264
-0.0046068
-0.0042872
-0.0039766
-0.003678
-0.0033864
-0.003094
-0.0027864
-0.0024476
-0.0021123
-0.0018477
-0.0016633
-0.0015361
-0.0014362
-0.0013551
-0.0012947
-0.0012361
-0.0011751
-0.0011322
-0.0011023
-0.001058
-0.00099165
-0.00091354
-0.00084961
-0.00076844
-0.00063987
-0.00049732
-0.00035087
-0.00016158
6.0203e-05
0.00029048
0.00052935
0.0007727
0.0010099
0.0012376
0.0014598
0.0016902
0.0019537
0.0022703
0.0026159
0.0029484
0.0032474
0.0035087
0.0037416
0.0039446
0.0041241
0.0043045
0.0045057
0.0047301
0.004943
0.0051253
0.0052976
0.0054414
0.0055453
0.0056439
0.0057307
0.0057786
0.005813
0.0058591
0.0059203
0.0060076
0.0061238
0.0062337
0.0063109
0.0063626
0.0063784
0.0063521
0.0062968
0.0062357
0.0061955
0.0061745
0.0061489
0.0060837
0.0059527
0.0057599
0.0055557
0.0053937
0.0052903
0.0051719
0.0049626
0.0047019
0.0044277
0.0041768
0.0039426
0.0037071
0.0034783
0.0032544
0.0030202
0.0027529
0.0024449
0.0021203
0.001792
0.0014778
0.0012023
0.00095739
0.00069859
0.00044866
0.00023178
1.2488e-05
-0.00020713
-0.00040362
-0.00060259
-0.00081912
-0.0010308
-0.0012111
-0.001353
-0.001499
-0.0016577
-0.0017979
-0.0019128
-0.0020005
-0.0020562
-0.0020892
-0.0021191
-0.0021421
-0.0021385
-0.0020811
-0.0019703
-0.0018164
-0.0016186
-0.0013901
-0.001165
-0.00092751
-0.0006499
-0.00033123
1.9981e-05
0.00038539
0.00076211
0.0011497
0.0015444
0.0019437
0.0023309
0.0026536
0.002908
0.0031785
0.0034618
0.0037305
0.0039845
0.0042121
0.0044019
0.0045635
0.0047244
0.0049115
0.0051108
0.0052764
0.0053904
0.005442
0.0054312
0.0053647
0.0052602
0.0051288
0.0049778
0.0048151
0.0046379
0.004449
0.0042737
0.0041245
0.0039835
0.0038523
0.0037254
0.0035717
0.0033892
0.0032109
0.0030263
0.0028221
0.0026149
0.0024027
0.0021738
0.0019412
0.0017254
0.0015336
0.0013595
0.0011812
0.0009764
0.00073969
0.00049609
0.00026952
7.8655e-05
-9.3465e-05
-0.00027784
-0.00049914
-0.0007272
-0.00091971
-0.0010796
-0.0012214
-0.0013748
-0.0015283
-0.0016601
-0.0017705
-0.0018799
-0.0020125
-0.0021385
-0.002229
-0.002313
-0.0023834
-0.0024174
-0.0024503
-0.0025053
-0.0025619
-0.0026032
-0.0026268
-0.0026619
-0.0027199
-0.00277
-0.002794
-0.0027914
-0.0027911
-0.0027939
-0.0027512
-0.002683
-0.0026245
-0.0025715
-0.002523
-0.0024779
-0.0024008
-0.0022822
-0.0021971
-0.002172
-0.0021797
-0.0021992
-0.0022085
-0.0022043
-0.0021811
-0.0021357
-0.0020767
-0.0020334
-0.0020499
-0.0021061
-0.0021419
-0.0021443
-0.0021182
-0.0020829
-0.0020359
-0.0019772
-0.0019274
-0.0018874
-0.0018247
-0.0017306
-0.0016087
-0.0014666
-0.0012964
-0.0010826
-0.00083482
-0.00058882
-0.00039894
-0.00028479
-0.00021636
-0.00020597
-0.00024089
-0.00023862
-0.00019616
-0.00019762
-0.0002376
-0.0002873
-0.00035003
-0.00045096
-0.00062772
-0.00086892
-0.0011262
-0.0013371
-0.0014886
-0.0016534
-0.0018394
-0.0020356
-0.0022441
-0.0024477
-0.0026151
-0.0027643
-0.0029162
-0.0030389
-0.0031037
-0.0031111
-0.0030781
-0.0030283
-0.0029691
-0.002903
-0.0028348
-0.0027962
-0.0027952
-0.0027604
-0.0026596
-0.002552
-0.0024311
-0.0022821
-0.0021286
-0.0019877
-0.0018561
-0.0017127
-0.0015448
-0.0013786
-0.0012274
-0.0010688
-0.00091096
-0.00078104
-0.00071198
-0.00067635
-0.00056328
-0.00040785
-0.00030796
-0.00023064
-0.000129
1.5629e-05
0.00017989
0.00031526
0.0004212
0.00050586
0.0005748
0.00062027
0.00064834
0.00072589
0.00086494
0.00097395
0.0010553
0.0011574
0.0012952
0.0014479
0.0015475
0.0015865
0.0016084
0.0016164
0.0016027
0.0015626
0.0015179
0.0014986
0.001464
0.0013805
0.0012617
0.0011297
0.0010192
0.00096444
0.00096055
0.00094258
0.00089301
0.00083837
0.00078741
0.00074919
0.00073123
0.00073154
0.00073744
0.00074055
0.00074476
0.00077694
0.00083875
0.00090521
0.0009582
0.00099065
0.0010219
0.00106
0.0010972
0.001115
0.0011079
0.0011155
0.0011587
0.0012296
0.0013108
0.0013838
0.0014508
0.0015071
0.0015444
0.0015874
0.0016556
0.0017212
0.0017604
0.0017779
0.0017791
0.001772
0.0017609
0.0017326
0.0016558
0.0015415
0.0014314
0.0013463
0.0012797
0.0011884
0.0010434
0.00084084
0.0006308
0.00046297
0.00034697
0.00023695
6.4416e-05
-0.00012504
-0.00028783
-0.00043308
-0.00057444
-0.00072924
-0.00090008
-0.0010752
-0.0012303
-0.0013691
-0.0015186
-0.0016848
-0.0018605
-0.0020277
-0.0021866
-0.0023576
-0.0025394
-0.0027257
-0.0029182
-0.0031103
-0.0032889
-0.0034704
-0.0036831
-0.003942
-0.0042284
-0.0044782
-0.004681
-0.0048595
-0.0050526
-0.0052745
-0.0054866
-0.0056777
-0.0058481
-0.0060048
-0.006168
-0.0063653
-0.0065972
-0.0068356
-0.0070414
-0.0071932
-0.0073113
-0.0074115
-0.0075161
-0.0076314
-0.0077604
-0.007908
-0.0080758
-0.008264
-0.0084821
-0.0087134
-0.0089004
-0.0090394
-0.0091651
-0.009254
-0.0092818
-0.0092677
-0.0092187
-0.0091396
-0.0090544
-0.0089749
-0.0088666
-0.0087032
-0.0084864
-0.0082544
-0.0080534
-0.0078851
-0.0077385
-0.0075834
-0.0073994
-0.0071552
-0.0068001
-0.0063482
-0.0059167
-0.0055143
-0.0050996
-0.0046656
-0.0042168
-0.0037733
-0.0033254
-0.0028509
-0.0023399
-0.0018143
-0.0013351
-0.0008995
-0.00044921
3.4346e-05
0.00055573
0.0011098
0.0016778
0.0022266
0.00278
0.0033636
0.0039422
0.0044677
0.0048952
0.0052771
0.0056817
0.0060864
0.0064626
0.0068052
0.007132
0.0074732
0.0078168
0.0081325
0.0083879
0.0085859
0.0087681
0.0089825
0.0092575
0.0095737
0.009893
0.010144
0.010214
0.010072
0.0099024
0.0097784
0.0096452
0.0094874
0.0093056
0.0091292
0.0089725
0.0088301
0.0086906
0.0085376
0.0083607
0.0081431
0.0078728
0.0075775
0.0072983
0.0070484
0.0068237
0.0065979
0.0063392
0.006027
0.0056801
0.0053353
0.0050331
0.0047891
0.0045875
0.004389
0.0041243
0.0037178
0.0032232
0.002775
0.002388
0.00207
0.0018389
0.0016087
0.001256
0.00086532
0.00052055
0.00021234
-2.5141e-05
-0.0001596
-0.00026214
-0.00044023
-0.00073704
-0.0011697
-0.0017015
-0.0022376
-0.0026527
-0.0028787
-0.0029623
-0.0030518
-0.0032201
-0.0034814
-0.0037708
-0.0040385
-0.0042611
-0.0044245
-0.0045581
-0.0047406
-0.0049748
-0.0051665
-0.0052546
-0.0052227
-0.0051433
-0.0051003
-0.0051362
-0.0052071
-0.0052409
-0.0052207
-0.0051486
-0.0050473
-0.0049395
-0.0048388
-0.0046953
-0.0044728
-0.0041991
-0.0039148
-0.0036671
-0.0034598
-0.0032739
-0.0030725
-0.0028403
-0.0025918
-0.0023629
-0.0021901
-0.0020706
-0.0019542
-0.0017478
-0.0014829
-0.0012379
-0.0010457
-0.00093028
-0.00088511
-0.00087969
-0.0008633
-0.00079721
-0.00067338
-0.00053462
-0.00041327
-0.00033831
-0.0003237
-0.00037318
-0.00047372
-0.00059205
-0.00067708
-0.0007129
-0.0006868
-0.0005879
-0.00044451
-0.00030995
-0.00017859
-5.6151e-05
1.6326e-05
5.162e-05
9.9662e-05
0.00015421
0.00020552
0.00028225
0.00039158
0.00051986
0.00066314
0.00081417
0.0009584
0.0010878
0.0012017
0.001293
0.0013657
0.00145
0.0015385
0.0015647
0.0015209
0.0014297
0.0013173
0.0012142
0.0011456
0.0011374
0.0011953
0.001282
0.0013751
0.0014922
0.001636
0.001783
0.001882
0.0019158
0.0019361
0.0019588
0.0019732
0.0019948
0.0020426
0.002123
0.0022228
0.0023135
0.002379
0.0024316
0.0025261
0.0026739
0.0028236
0.002932
0.0029687
0.0029487
0.0029184
0.0029442
0.0030233
0.0031111
0.0032032
0.0033094
0.0034452
0.0036011
0.0037509
0.0038877
0.003994
0.0040387
0.004023
0.0039842
0.0039511
0.0039384
0.0039219
0.0038777
0.0037972
0.0037079
0.0036232
0.0034824
0.0032595
0.002988
0.002697
0.0024179
0.0021636
0.0019489
0.0017905
0.0016737
0.0015445
0.0013319
0.0010232
0.00070983
0.00044246
0.00023408
1.0313e-05
-0.00027146
-0.00055357
-0.00081667
-0.0010695
-0.001301
-0.0015064
-0.0017017
-0.0018971
-0.0020954
-0.0022871
-0.0024668
-0.0026499
-0.0028445
-0.0030404
-0.0031679
-0.0031723
-0.0031042
-0.0029946
-0.002869
-0.0027768
-0.002743
-0.0027137
-0.0026603
-0.0026246
-0.0026039
-0.0025782
-0.0025484
-0.0025254
-0.0025257
-0.0025251
-0.002479
-0.0024072
-0.0023458
-0.0023231
-0.0023213
-0.002292
-0.0022512
-0.0022196
-0.0017817
-0.0017291
-0.0017204
-0.0017245
-0.0016858
-0.0015841
-0.0014126
-0.0011974
-0.00097262
-0.00076203
-0.00054146
-0.00031938
-0.00016364
-4.3459e-05
0.00011274
0.00027688
0.00044069
0.0006545
0.0009043
0.0011435
0.0014282
0.0017792
0.0021211
0.0024618
0.0028561
0.0032578
0.0035976
0.0038635
0.0040628
0.0042392
0.0044173
0.0046099
0.0048113
0.0050227
0.0052541
0.0054999
0.0057552
0.0060288
0.0063246
0.0066297
0.0069192
0.0071624
0.0073581
0.007514
0.0076429
0.0077497
0.0078398
0.0079152
0.0079759
0.008024
0.0080515
0.0080442
0.0079895
0.0078804
0.0077203
0.0075256
0.0073368
0.0072137
0.0071767
0.0071376
0.0070505
0.0069243
0.0067469
0.0065241
0.0062939
0.0060652
0.0058156
0.0055379
0.0052325
0.0049093
0.0045784
0.0042446
0.0038885
0.0035038
0.0031345
0.0028005
0.0024653
0.0021296
0.0018043
0.0014743
0.0011238
0.00074958
0.00038005
5.4806e-05
-0.00024293
-0.00053119
-0.00080661
-0.0010523
-0.0012551
-0.0014509
-0.0016613
-0.0018664
-0.002058
-0.002241
-0.0024214
-0.0025944
-0.0027276
-0.0028115
-0.0028621
-0.0028907
-0.002904
-0.002893
-0.0028618
-0.0028321
-0.0027772
-0.0026709
-0.0025362
-0.0024071
-0.0023108
-0.0022263
-0.0021156
-0.0019634
-0.001777
-0.0015937
-0.0014119
-0.0012216
-0.0010521
-0.00092891
-0.00085102
-0.00079111
-0.0007099
-0.00062866
-0.00056453
-0.00050189
-0.00043349
-0.0003601
-0.00028798
-0.00021951
-0.00014981
-8.289e-05
-2.8204e-05
1.5919e-05
5.4507e-05
8.8987e-05
0.00012204
0.00015232
0.00015794
0.00012511
7.8996e-05
3.6539e-05
5.7722e-06
-1.066e-05
-1.2127e-05
6.9253e-06
4.6554e-05
9.5802e-05
0.00014771
0.00019023
0.00020276
0.00017991
0.00014246
8.1101e-05
-1.5422e-05
-0.00013541
-0.00026644
-0.00039959
-0.00053527
-0.00067449
-0.00080749
-0.00092892
-0.0010463
-0.0011728
-0.0013186
-0.0014619
-0.0015908
-0.0017202
-0.0018395
-0.0019367
-0.002039
-0.0021654
-0.002305
-0.0024526
-0.0026055
-0.002754
-0.0028764
-0.0029429
-0.0029675
-0.0029958
-0.003022
-0.003035
-0.0030532
-0.0030816
-0.0031118
-0.0031379
-0.003153
-0.0031504
-0.0031268
-0.0030869
-0.003033
-0.0029643
-0.0028744
-0.0027769
-0.0027066
-0.0026413
-0.0025552
-0.0024707
-0.002388
-0.002286
-0.0021824
-0.0021042
-0.0020567
-0.0020311
-0.0020011
-0.0019519
-0.0018831
-0.0018237
-0.0017875
-0.0017505
-0.001709
-0.0016574
-0.0015607
-0.0014175
-0.0012883
-0.0011828
-0.0010681
-0.0009312
-0.00077127
-0.00060458
-0.00044319
-0.00029301
-0.00015065
-1.1374e-05
0.0001194
0.0002391
0.00034972
0.00044997
0.00054494
0.000653
0.000774
0.00087706
0.00096092
0.0010374
0.0011009
0.0011532
0.0012092
0.0012605
0.001291
0.0013068
0.001314
0.001312
0.0013039
0.0012949
0.0012806
0.0012589
0.0012398
0.0012316
0.0012378
0.001256
0.0012776
0.0012937
0.0013023
0.0013088
0.001316
0.0013256
0.0013375
0.0013485
0.0013532
0.0013558
0.0013621
0.0013587
0.0013372
0.0013047
0.0012553
0.0011807
0.0010795
0.00095677
0.00082927
0.00070875
0.00059971
0.00049428
0.00038705
0.00029118
0.00019885
8.8204e-05
-3.8694e-05
-0.00017067
-0.00029956
-0.00041862
-0.00052443
-0.00062545
-0.00073625
-0.00086706
-0.0010144
-0.0011547
-0.0012788
-0.0013901
-0.0015061
-0.0016345
-0.0017592
-0.0018718
-0.0019683
-0.0020538
-0.0021321
-0.0022
-0.0022483
-0.0022712
-0.0022829
-0.0022912
-0.0022875
-0.0022749
-0.002263
-0.0022415
-0.0022043
-0.0021687
-0.0021361
-0.002096
-0.0020478
-0.0019933
-0.0019335
-0.0018841
-0.0018717
-0.0018854
-0.0018961
-0.0018822
-0.0018448
-0.0018194
-0.0018184
-0.0018389
-0.0018659
-0.0018873
-0.0019029
-0.0019095
-0.0019099
-0.0019242
-0.0019611
-0.0020036
-0.002045
-0.0020845
-0.0021126
-0.002122
-0.0021171
-0.0021026
-0.0020835
-0.0020623
-0.0020422
-0.002028
-0.0020171
-0.0019999
-0.001985
-0.001983
-0.0019903
-0.002
-0.002003
-0.0019906
-0.0019573
-0.0019079
-0.001854
-0.0018129
-0.0017876
-0.0017721
-0.0017629
-0.0017503
-0.0017179
-0.0016645
-0.0016033
-0.0015453
-0.0014999
-0.0014673
-0.0014409
-0.0014106
-0.0013786
-0.001349
-0.0013179
-0.0012818
-0.0012375
-0.0011842
-0.0011266
-0.0010763
-0.0010376
-0.0010012
-0.00096529
-0.00092924
-0.0008882
-0.00083975
-0.00078626
-0.00072695
-0.00066325
-0.00060444
-0.00055569
-0.00051247
-0.00047033
-0.00042434
-0.00036859
-0.00030123
-0.00022922
-0.00015922
-9.769e-05
-4.6243e-05
-1.563e-06
4.3167e-05
8.9718e-05
0.00013449
0.00018105
0.00023087
0.0002763
0.00031449
0.00035229
0.00038943
0.00042361
0.00045701
0.00048908
0.00051483
0.00053509
0.00055458
0.0005722
0.00058548
0.00059349
0.00059469
0.00059033
0.00059002
0.00060428
0.00063437
0.00067344
0.00070445
0.00072205
0.0007273
0.00072523
0.00072143
0.00071909
0.00072117
0.00072797
0.00073522
0.00073986
0.00074254
0.0007422
0.0007379
0.00073015
0.0007207
0.00071232
0.0007045
0.00069575
0.0006874
0.00067968
0.0006707
0.00066089
0.00065218
0.00064432
0.0006367
0.00062898
0.0006217
0.00061609
0.00061277
0.00061149
0.0006108
0.00061013
0.00060961
0.00060929
0.00060925
0.00060941
0.00060907
0.00060687
0.00060318
0.0005991
0.00059555
0.00059286
0.00059048
0.00058771
0.00058389
0.00057897
0.00057338
0.00056788
0.00056234
0.00055622
0.00054894
0.00054052
0.00053194
0.00052353
0.00051549
0.00050793
0.00050075
0.00049354
0.00048597
0.00047797
0.00047011
0.00046256
0.00045473
0.00044686
0.00043958
0.00043275
0.00042609
0.00041946
0.00041292
0.00040665
0.00040045
0.00039413
0.00038782
0.00038165
0.00037579
0.00037024
0.00036485
0.00035933
0.00035375
0.00034853
0.00034364
0.00033897
0.00033445
0.00033003
0.0003257
0.00032125
0.00031661
0.00031197
0.00030745
0.00030296
0.00029859
0.0002944
0.00029038
0.00028643
0.00028243
0.00027843
0.0002746
0.00027093
0.0002674
0.00026406
0.00026088
0.00025781
0.00025481
0.00025185
0.00024893
0.00024604
0.00024317
0.00024035
0.00023759
0.00023484
0.00023208
0.0002293
0.00022655
0.00022385
0.00022117
0.00021849
0.0002158
0.00021311
0.00021044
0.00020781
0.00020521
0.0002026
0.00020001
0.00019742
0.00019483
0.00019224
0.00018967
0.0001871
0.00018455
0.00018201
0.00017947
0.00017693
0.0001744
0.00017187
0.00016935
0.00016683
0.00016431
0.00016179
0.00015927
0.00015675
0.00015422
0.00015169
0.00014916
0.00014662
0.00014408
0.00014154
0.00013899
0.00013643
0.00013387
0.0001313
0.00012873
0.00012616
0.00012357
0.00012099
0.0001184
0.0001158
