1.1278e-05
1.1319e-05
1.1372e-05
1.143e-05
1.1426e-05
1.1327e-05
1.133e-05
1.1417e-05
1.1457e-05
1.1802e-05
1.1788e-05
1.1292e-05
1.1411e-05
1.2027e-05
1.2184e-05
1.136e-05
1.0768e-05
1.0837e-05
1.1038e-05
1.1766e-05
1.2785e-05
1.3204e-05
1.2542e-05
1.0912e-05
9.4999e-06
9.4986e-06
9.7823e-06
1.112e-05
1.348e-05
1.3206e-05
1.2605e-05
1.108e-05
8.7569e-06
1.0739e-05
1.0961e-05
9.9043e-06
1.2596e-05
1.5336e-05
1.654e-05
1.3192e-05
9.7999e-06
8.0238e-06
5.384e-06
6.0067e-06
5.3825e-06
5.4437e-06
1.1409e-05
2.0896e-05
2.7836e-05
2.2363e-05
7.4769e-06
-3.8934e-06
-2.7569e-06
6.4579e-06
1.242e-05
9.9323e-06
6.82e-06
1.0393e-05
1.4227e-05
1.8113e-05
1.7632e-05
4.1505e-06
-6.9873e-06
-5.706e-06
1.3638e-06
1.7387e-05
2.7775e-05
2.6363e-05
2.2411e-05
-6.1309e-07
-1.6243e-05
-2.8528e-06
1.1985e-05
2.0451e-05
1.6902e-05
9.1567e-06
1.2912e-05
9.3277e-06
7.1191e-07
7.3017e-06
6.7414e-06
4.0292e-06
1.674e-05
1.6502e-05
-5.3465e-06
-1.2221e-05
4.8253e-06
1.351e-05
6.4336e-06
-1.1624e-05
-1.1465e-05
1.8404e-05
2.4241e-05
8.1035e-06
9.5711e-06
1.4485e-05
8.2533e-08
-1.6644e-05
-1.2392e-05
5.6652e-06
1.8357e-05
2.5835e-05
2.026e-05
1.0634e-05
5.7133e-06
-2.5621e-05
-3.214e-05
7.0239e-06
2.6167e-05
3.1911e-05
2.13e-05
6.3384e-06
1.1611e-05
-6.6259e-06
-1.8693e-05
-2.9706e-05
-4.9307e-05
-1.4183e-05
2.4123e-05
5.2916e-05
4.817e-05
-5.7604e-06
-2.244e-05
-2.0125e-05
6.2875e-06
2.0483e-05
-1.2941e-05
-2.1316e-05
-2.9282e-05
-4.1602e-06
4.8087e-05
3.768e-05
1.7081e-05
8.9213e-07
-2.8165e-05
-3.505e-05
-3.7284e-05
-3.7032e-05
5.8699e-06
6.119e-05
5.1307e-05
1.3167e-05
-1.2363e-05
-4.3211e-05
-3.6247e-05
-2.0443e-05
-3.1252e-05
1.0649e-06
4.9647e-05
4.4831e-05
1.5081e-05
-3.6624e-05
-7.7016e-05
-5.2115e-05
-1.0887e-05
4.0834e-05
5.2077e-05
-1.9027e-07
-2.6956e-05
-3.6735e-05
-2.4369e-05
-2.2772e-05
-2.2699e-05
1.8351e-05
3.1356e-05
4.5842e-05
2.1234e-05
-3.0853e-05
-3.572e-05
-5.5902e-05
-2.1538e-05
4.7522e-05
4.7678e-05
5.994e-06
-1.5704e-05
-1.9551e-05
-6.3118e-05
-6.7669e-05
-1.5081e-05
5.2468e-05
5.4544e-05
-2.0401e-05
-3.2007e-05
-1.8604e-05
-2.2472e-05
-1.938e-05
1.2608e-05
2.5717e-05
-2.9256e-05
-3.6055e-05
-2.3997e-05
-4.1107e-05
-4.9862e-05
-1.8532e-05
5.2558e-05
-2.8331e-06
-3.916e-05
6.0467e-05
2.566e-05
-3.298e-05
2.4798e-05
3.5586e-05
-3.1383e-05
-0.00014663
-0.0001372
3.5856e-05
6.9775e-05
-3.4215e-06
1.0428e-05
-1.1427e-05
-4.7902e-05
-2.5522e-05
1.3527e-05
7.0335e-05
2.2659e-05
-6.6489e-05
-7.5951e-05
-7.7602e-05
4.0245e-06
7.0046e-05
4.4726e-07
-3.8907e-05
-8.4486e-05
-9.1634e-05
-7.7972e-06
2.2907e-05
5.9665e-05
4.482e-05
-3.0877e-05
-4.9696e-05
-1.1259e-05
7.7452e-05
2.5389e-05
-9.9389e-05
-0.0001267
-7.4225e-05
6.2238e-05
0.00014823
0.00014848
-4.8047e-05
-0.00029148
-0.00021511
-0.00010453
-1.7971e-05
0.00019146
0.0001752
2.0085e-05
1.8554e-05
-1.8427e-05
-0.00012469
-0.00017299
-0.00011631
7.3805e-05
0.00017945
0.00012287
-6.2902e-05
-0.00020831
-8.9344e-05
-5.2642e-05
1.6167e-05
0.00016342
6.7158e-05
-2.0091e-05
-0.00014279
-0.00015697
-2.1122e-06
3.9111e-06
8.6915e-05
0.00016489
3.0778e-05
-0.00015849
-0.00024047
-0.00014285
3.9252e-05
0.00015369
7.8079e-05
-5.7413e-06
5.5963e-05
5.5602e-05
-0.00011498
-0.0002692
-0.00019579
4.4723e-05
0.00024473
0.00025078
-5.1417e-07
-0.00029341
-0.00028763
3.9578e-06
0.00025725
0.00025761
6.2388e-05
-0.00017184
-0.00030002
-0.00021231
2.7058e-05
0.00020682
0.00019867
3.1593e-05
-0.00015155
-0.00023578
-0.00014597
0.00013403
0.00029983
0.00017103
-0.0001112
-0.00039237
-0.00029389
0.00012459
0.00031517
0.00019705
-5.2536e-05
-0.00022421
-0.00019953
-4.5555e-05
0.00017044
0.0002231
3.7755e-06
-0.00022591
-0.00027923
-9.874e-05
0.00024968
0.00035305
8.3579e-05
-0.00018159
-0.00031335
-0.00019719
0.00017009
0.00026975
6.9852e-05
-3.8103e-05
-0.00010811
-0.00021809
-0.00013365
0.00012409
0.00020486
0.00011014
-4.6856e-05
-0.00018062
-0.00012202
3.1207e-05
0.00015736
0.00011754
-9.8065e-05
-0.0001956
6.1257e-05
0.00033504
6.3856e-05
-0.00034588
-0.00035678
-3.3686e-05
0.00031432
0.00026243
5.2458e-06
-0.00015807
-0.00016561
-5.9385e-05
-6.6182e-05
5.0452e-06
0.00012274
9.46e-05
0.00012442
4.9551e-06
-0.00032628
-0.00022905
0.00025151
0.00040614
3.5366e-05
-0.00039501
-0.00028974
0.00011333
0.00032365
0.00027661
-3.279e-05
-0.00029688
-0.0003
-8.0797e-05
0.00024332
0.00024101
4.767e-08
7.1794e-05
0.00019322
-5.0748e-05
-0.00025606
-0.00014591
0.00010828
0.00021544
-0.00015834
-0.00050781
-0.00024919
0.00024143
0.00056157
0.00035011
-0.00014036
-0.00028329
-0.00025743
-1.5717e-05
0.00030155
0.00015458
-0.00014194
-0.00020482
-8.2586e-05
5.6368e-05
1.2425e-05
7.1887e-05
0.00028169
0.00014789
-0.00015788
-0.00022005
-6.2628e-05
0.00013852
0.00014485
-6.0506e-06
-0.00011261
-9.9468e-05
6.2902e-05
6.5188e-05
-9.637e-05
-6.6136e-05
-6.6897e-06
2.2256e-05
9.6991e-05
7.7348e-05
-2.1795e-05
-4.1429e-05
1.9611e-05
7.4454e-05
0.0001304
3.4639e-05
-9.5193e-05
-6.9828e-05
-7.4048e-05
-4.7037e-05
6.803e-05
0.00014554
7.9033e-05
-0.00010598
-0.0001547
-5.1678e-05
0.00011356
0.00024219
0.00010883
-0.00011745
-0.00012754
-7.5702e-05
-1.0292e-05
9.8926e-05
5.2638e-05
5.0188e-05
5.1483e-05
-4.8013e-05
-1.6297e-05
-4.4453e-05
-8.9353e-05
-1.601e-05
3.7359e-05
0.00013953
0.00013042
-3.5505e-06
1.1564e-05
-1.8514e-05
-4.3886e-05
4.3684e-05
-3.9295e-05
-5.2996e-05
9.6065e-05
0.0001014
4.0154e-06
-2.399e-05
3.0841e-06
-2.7403e-07
8.6155e-06
3.7615e-05
3.0086e-05
2.1482e-05
0.00010279
4.8345e-05
-0.00016609
-0.00010109
-3.3488e-05
-4.3816e-05
0.00015073
0.00013385
-3.0566e-06
-1.3812e-05
-4.2306e-05
2.2385e-05
3.9414e-05
8.9931e-06
0.00010899
2.2866e-05
-0.00017963
-8.5747e-05
0.00019181
0.00028202
-2.9004e-05
-0.00017568
9.5044e-05
6.8611e-05
-5.9285e-05
2.3665e-05
-2.448e-05
-8.2849e-05
-1.307e-05
6.4384e-05
8.5333e-05
5.2108e-05
-5.4645e-06
3.5006e-05
4.9378e-05
-7.4114e-05
-7.1288e-05
-9.2843e-07
8.6766e-05
0.00011602
-7.3325e-06
-1.6486e-05
9.4487e-06
3.1245e-05
0.00011704
7.2979e-05
-5.7521e-05
-0.00014039
-0.000107
1.4368e-05
0.00017033
0.00021553
6.7015e-05
-4.7004e-05
-9.608e-05
-4.2077e-05
1.7686e-05
-1.6841e-05
0.00011298
0.00014812
-2.3803e-05
-3.2872e-05
-2.0344e-05
-5.7511e-05
1.3115e-05
3.1312e-05
3.7648e-05
4.3031e-05
-3.6324e-05
6.5501e-05
6.8626e-05
-9.8148e-05
3.6678e-05
9.8833e-05
1.6761e-05
5.2537e-05
-9.3364e-06
1.737e-05
7.5972e-05
-9.7016e-06
-9.3426e-07
1.0259e-05
2.3437e-05
7.0692e-05
-1.2605e-05
-2.6542e-05
6.9952e-05
3.0655e-05
-1.2378e-05
1.531e-05
2.2109e-05
2.6599e-05
-2.6057e-05
-4.9091e-05
1.9829e-06
9.4456e-05
0.00015237
0.00010646
3.3366e-06
-0.00013568
-6.3087e-05
8.869e-05
6.0645e-05
3.7251e-05
-4.9212e-05
-3.7599e-05
0.00010314
4.919e-05
-6.2123e-06
-2.8366e-05
-2.6937e-05
0.00011239
9.7203e-05
-1.7259e-05
-1.2667e-05
-2.2206e-06
4.766e-05
0.00010815
6.1131e-05
1.2189e-05
-4.7974e-05
-0.00012373
-3.6191e-05
7.6989e-05
0.0001233
0.00013264
8.5103e-06
-2.9804e-05
4.4977e-05
1.198e-05
5.8937e-05
0.00012344
-5.6748e-06
-5.9981e-05
-2.9814e-05
8.8409e-06
8.6184e-05
2.9796e-06
-0.00010502
-7.6582e-05
1.4744e-05
0.00015625
0.00020493
0.0001
-9.7883e-05
-0.00017015
1.3264e-05
8.4567e-05
3.2389e-05
6.7346e-05
9.776e-05
9.853e-05
2.6591e-05
-2.7727e-05
-2.338e-05
-2.8162e-05
3.1131e-05
1.4385e-05
2.7077e-07
7.8433e-05
7.3168e-05
3.2675e-05
-4.7998e-06
5.7536e-05
3.0577e-05
-3.168e-05
8.6567e-05
5.1102e-05
-1.3884e-05
-8.9811e-05
-7.4134e-05
0.00015184
7.6174e-05
-2.3327e-05
8.7766e-05
0.00013579
0.00010763
-7.6817e-05
-0.00016583
-5.3165e-06
7.1231e-05
4.6842e-05
5.5309e-05
3.4479e-05
8.9394e-06
4.4527e-06
3.9925e-06
5.1458e-05
0.00010591
7.8813e-05
1.9948e-06
1.7914e-05
6.2694e-05
6.9807e-06
-8.5533e-05
-5.4451e-05
5.1336e-05
2.5935e-05
4.9557e-05
0.00010891
8.7382e-05
7.0723e-05
1.5961e-05
-4.6201e-05
-0.0001197
-1.8046e-05
0.00017861
0.00014219
3.6847e-05
-4.7805e-05
-0.00010723
-4.4902e-05
6.1818e-05
0.00010906
8.1253e-05
2.1284e-05
-7.7017e-05
-0.00013452
-5.822e-05
0.00016427
0.00027571
0.00010172
-3.4328e-05
-0.00017627
-0.00017753
0.00012238
0.00022511
0.00015273
7.941e-05
-0.00013245
-0.00031172
-7.539e-05
0.00024174
0.00024109
0.00014712
-3.7025e-05
-0.00013845
-6.6125e-05
-1.3928e-05
9.0664e-05
0.0001398
4.218e-05
-3.3429e-05
-2.8856e-05
2.0761e-05
0.00011727
0.00010834
-2.1501e-05
-0.00012252
-0.00020422
-3.0722e-05
0.00026705
0.00019731
3.2431e-05
-3.1553e-05
-5.3105e-05
6.5425e-05
7.574e-05
1.4119e-05
2.0383e-05
-2.0703e-05
-2.1756e-05
-1.771e-05
-6.1318e-05
-1.5648e-05
0.00010373
8.1391e-05
-4.2563e-05
-9.3904e-06
7.4553e-05
0.00010992
9.2911e-05
8.0523e-07
-1.4701e-05
-2.8075e-05
-6.6922e-05
-1.3358e-05
6.0277e-05
8.8812e-05
1.7464e-05
-2.8391e-05
-1.5469e-05
-4.6908e-05
7.945e-05
0.0001979
7.6148e-05
-6.6364e-05
-8.785e-05
3.634e-05
9.4551e-05
-4.843e-05
-9.4324e-05
7.3161e-06
3.4102e-05
5.5968e-05
5.4945e-05
1.2909e-05
4.743e-05
4.0436e-05
3.2243e-05
8.3661e-06
-8.2899e-05
-3.0817e-05
6.0435e-05
3.7589e-05
9.3675e-05
0.00016582
2.5099e-05
-0.0001139
-9.3319e-05
-2.626e-05
5.3568e-05
8.8285e-05
5.1562e-05
-1.1985e-05
-6.6079e-05
-4.9904e-05
5.2127e-05
0.00011864
8.371e-05
4.4284e-05
-4.4922e-05
-0.00014697
-9.2399e-05
6.171e-05
0.0001757
0.00011192
-2.8831e-05
-0.00010119
-6.3317e-05
7.173e-05
0.00012278
6.1517e-05
-1.4531e-05
5.8283e-06
1.3732e-05
-7.3372e-05
-7.2154e-05
1.5372e-05
0.00013956
0.00014266
-4.7228e-05
-0.00012528
1.3125e-05
0.00011911
5.4664e-05
-3.6206e-05
3.694e-06
4.94e-05
-2.2807e-05
-5.2497e-05
-3.3211e-05
-6.1153e-08
5.1662e-05
4.5488e-05
1.4837e-05
-1.8569e-05
-1.6683e-07
3.6525e-05
9.9339e-06
-1.7522e-05
-6.2733e-05
-3.7329e-05
0.00010101
6.8185e-05
-4.7792e-05
2.6532e-05
9.2881e-05
5.0627e-05
-3.7978e-05
-6.32e-05
2.2554e-05
1.7382e-05
-3.8913e-05
-7.3743e-05
-8.4866e-05
5.4803e-05
0.00022381
0.00025208
9.6485e-05
-0.0001902
-0.00027489
-0.00014093
-3.6395e-05
0.00010005
0.00018039
7.9779e-05
-5.0835e-05
-1.9988e-05
9.0056e-05
-6.7709e-06
-0.00011281
-5.1385e-05
3.4228e-05
8.8897e-05
3.3196e-05
9.3267e-07
-2.2712e-05
-9.3325e-05
-8.6708e-05
-4.1238e-05
8.8434e-05
0.00013824
4.2035e-05
4.1237e-05
1.9994e-05
-8.1629e-05
-9.8994e-05
-4.4506e-05
2.6231e-06
1.7107e-05
4.1397e-05
1.7812e-05
-3.6894e-05
7.2204e-06
1.0514e-05
-1.7197e-05
-3.932e-05
-9.5641e-05
-4.3639e-06
5.5819e-05
8.2277e-05
0.00011883
-1.5057e-05
-2.359e-05
-3.0394e-05
-0.00015692
-0.00011895
1.3563e-05
9.3807e-05
7.9238e-05
7.7695e-05
-1.0626e-05
-0.0001012
-8.5055e-05
-0.00011304
4.6977e-05
0.00015172
1.9075e-05
-3.2867e-05
-5.6619e-05
-4.4233e-05
-7.342e-05
-4.958e-05
4.9829e-05
-3.9132e-05
-4.7551e-07
7.68e-05
-1.3452e-05
-4.8412e-05
-7.4848e-05
-6.3292e-05
-2.0191e-05
3.3942e-05
4.6596e-05
3.7707e-06
-2.3643e-05
-0.00011978
-7.8834e-05
7.6211e-05
7.2034e-05
-5.0948e-05
-9.6452e-05
-3.7138e-06
1.4553e-05
-1.0205e-05
-2.4877e-05
-4.8877e-05
7.2517e-06
3.9654e-05
1.8833e-05
-8.1018e-05
-0.00021412
-0.00010243
0.00020798
0.0003008
1.3703e-05
-0.00033003
-0.00030641
-2.8561e-05
9.0581e-05
8.4134e-05
4.5994e-05
-1.8955e-05
8.1962e-06
-1.7663e-05
-0.00013502
-0.00019199
-0.00019729
-5.7896e-05
0.00012447
0.00011589
5.2305e-05
4.7122e-05
3.0798e-05
-3.1978e-05
-0.00019372
-0.00026607
-0.00013914
5.3879e-05
0.00022451
0.00018746
-5.7197e-05
-0.00026524
-0.00018742
-1.7335e-06
-2.8821e-05
-7.6926e-05
-2.7259e-05
2.371e-06
-4.1076e-05
-0.00014312
-0.00019877
-7.4215e-05
0.00017808
0.00022454
-4.5947e-05
-0.00022493
-7.2468e-05
8.6996e-05
8.3765e-05
3.3809e-05
3.2737e-05
2.3604e-05
-0.00011607
-0.00016139
-7.3091e-05
-6.0344e-05
-0.00014408
-0.00027891
-0.00020536
-5.4837e-06
-1.4372e-05
-4.744e-06
0.00016036
0.00025663
0.00025856
0.000133
-0.00017387
-0.00033227
-0.00024943
-0.0003049
-0.00026195
0.00011245
9.8453e-05
-0.00017168
4.5331e-05
7.4294e-05
-0.00047133
-0.00060485
4.2135e-05
0.00060445
0.00022155
-0.00047373
-0.00018369
0.00053667
0.00023356
-0.00059659
-0.00033776
0.00026217
-0.00018948
-0.00034184
0.00021085
0.00016549
-4.5e-05
0.00019649
0.00041555
3.0528e-05
-0.00084404
-0.00088098
0.00029974
0.00074195
-0.00027511
-0.00073516
1.3269e-06
0.00042471
1.6893e-05
-0.00029264
0.0001275
0.00044103
0.00013158
-3.4872e-05
-0.0001605
-0.00066731
-0.00074179
0.0001373
0.00083658
0.00018283
-0.00092992
-0.00059659
0.00052178
9.3152e-05
-0.00097865
-0.00045611
0.00065778
0.00053431
-0.00021943
-0.00046106
-0.00052431
-0.00048564
0.00033967
0.0010906
0.00019856
-0.0011706
-0.00028623
0.0017319
0.0009499
-0.0016677
-0.001776
0.00036955
0.0014447
0.00044901
-0.00096053
-0.00098874
-9.7147e-05
0.00029413
6.0792e-05
-0.000564
-0.0010233
-0.00021385
0.0011171
0.001014
-0.00013923
-0.00046279
9.9509e-05
0.00016084
-0.00051224
-0.00093007
-0.0007056
0.00024087
0.0014444
0.0011347
-0.00038526
-0.00057729
0.0003467
8.2294e-05
-0.0011522
-0.001067
0.0004347
0.00081378
-0.00028481
-0.00026591
0.00044231
-0.00065472
-0.0019154
-0.0009331
0.00053422
5.8827e-05
-0.00081973
0.00040304
0.0015712
0.00023596
-0.0011943
-0.00085404
-0.00013362
7.1251e-05
-2.9953e-05
7.7861e-05
0.0001765
-0.00057262
-0.0008877
0.00047323
0.0014517
0.00048042
-0.00052697
0.00014492
0.0014745
0.0015855
-0.00015203
-0.0017373
-0.0014231
-0.00085751
-0.00079908
-0.00036442
-6.3193e-05
9.5591e-05
-0.00011727
-0.00051296
0.00054981
0.0010181
-0.00087634
-0.0013143
0.00049322
0.00091731
-5.7437e-05
-0.00082725
-0.0012567
-0.0013572
-0.0011218
0.00070017
0.0031055
0.002274
-0.00058141
-0.0017172
-0.0016545
-0.0011161
0.00035346
0.0012014
0.00067185
-0.00067196
-0.0019697
-0.0010456
0.00081528
0.00063956
-9.7521e-05
-0.00038552
-0.00064008
9.0466e-05
0.00067292
-0.00032896
-0.00057446
0.00087594
0.00086736
-0.00097009
-0.001581
0.00013642
0.0018221
0.0011508
-2.8144e-05
-0.00033199
-0.0012883
-0.0017448
-0.0003208
5.2745e-05
-0.0014039
-0.0014345
-0.00052173
-0.00071105
-0.0011663
-0.0010925
-0.00027839
0.00048576
0.00025743
-0.00021114
0.00018581
0.0006908
-0.00062551
-0.0021097
-0.0010753
0.00093421
0.0024025
0.0023257
0.00019542
-0.00062909
0.00020123
0.00044391
0.00082959
-8.1026e-05
-0.0024289
-0.0020546
0.0012323
0.0032106
0.0015886
-0.0017914
-0.0034546
-0.001714
0.0007939
0.00071998
-2.6895e-05
-0.00041652
-0.002186
-0.0020877
0.00080818
0.0010606
-0.0018296
-0.0028721
0.00014571
0.003252
0.0021397
-0.00050349
-0.0010679
-0.0004637
7.0623e-06
-0.00041411
-0.0016285
-0.0021654
-0.00093552
0.001737
0.0029673
0.00048032
-0.0026637
-0.0028254
-0.0013032
0.00053598
0.0023154
0.0022571
0.00056352
-0.0017588
-0.0030624
-0.00099065
0.0011356
0.00010367
0.00012085
0.0020298
0.0019415
0.0012379
0.0015113
0.00027257
-0.0012669
0.00050892
0.0023682
0.00024945
-0.001356
0.00010197
0.00016813
-0.0023512
-0.0043398
-0.0026201
0.0006071
-0.00076596
-0.003577
-0.0020699
0.00075828
0.0022268
0.0013007
-0.0014774
-0.0017617
-0.00047181
9.0788e-05
0.0013962
0.0014354
-0.00024789
0.00054681
0.0032754
0.0029288
0.00071362
0.0025108
0.0042418
-0.00058601
-0.0047782
-0.0024804
0.0015451
0.0036339
0.0016151
-0.0022129
-0.0027681
-0.0018784
0.00061613
0.0029762
-0.0019211
-0.0070641
-0.003293
0.0022892
0.0026448
0.00034432
-0.00034066
0.00082533
-0.00042548
-0.0044607
-0.0044329
-0.00029289
0.0018937
0.0027283
0.0028579
0.0012386
0.00038784
0.0010737
0.0028311
0.0035075
0.00053697
-0.00066812
0.0027894
0.0040774
0.00095821
-0.0025777
-0.0033811
-0.00020342
0.0021302
-0.00070592
-0.0048643
-0.0070849
-0.0062065
-0.00096806
0.0043574
0.0044259
0.0022487
0.0026754
0.0040951
0.0029659
-0.0013935
-0.0035419
0.00024287
0.0026889
-8.0779e-05
-0.0023887
-0.0016604
0.0011728
0.0038526
0.0021469
-0.002348
-0.0047386
-0.0055882
-0.0045883
-0.0003627
0.0024045
0.0016522
0.0015647
0.0025971
0.0022834
0.0011818
-0.00084454
-0.0035258
-0.0022511
0.0022856
0.0045747
0.0037119
-9.3667e-05
-0.0045475
-0.0049026
-0.0014793
0.0022603
0.0048835
0.0051696
0.0017011
-0.0043971
-0.0076349
-0.0033384
0.0021941
0.0029292
0.0031782
0.003148
-0.0005547
-0.0056015
-0.0081667
-0.0053468
0.0014309
0.0032237
-0.0011845
-0.001854
0.0018612
0.0041
0.0036083
-0.00011457
-0.0039712
-0.0031606
0.0010184
0.004395
0.0030914
-0.0013961
-0.0012256
0.0010901
-0.0012064
-0.0013936
0.0026712
0.003309
-0.00054234
-0.0053734
-0.0064134
-0.0034055
-0.0015977
-0.00028549
0.00048216
-0.0025116
-0.0040692
-0.0011951
4.3803e-05
-0.0015974
-0.0020181
0.00047899
0.0033903
0.0032563
0.0046303
0.010785
0.011531
0.0043862
0.00093188
0.0028187
0.0040982
0.0033766
0.00041485
-0.00074276
0.00063996
-0.0029369
-0.0084738
-0.0065313
0.0005038
0.002758
-0.00075503
-0.0017697
0.00040304
0.0019334
0.0012773
-0.0029981
-0.0045566
0.00021135
0.0016738
-0.0026128
-0.0042964
-0.0017407
0.0018005
0.0032349
0.0002813
-0.002707
-0.0014148
1.0553e-05
-0.0015479
-0.0013423
0.00050612
-0.00097589
-0.0019132
-0.0021358
-0.0055955
-0.0071937
-0.0069809
-0.007831
-0.0065784
-0.0027454
0.0030043
0.0062663
0.0020836
-0.0037783
-0.0054133
-0.004269
-0.0019827
-6.3523e-05
0.00083786
0.0033295
0.0065049
0.0072023
0.0079082
0.0089424
0.0065814
0.0020786
-0.0011927
-0.0013278
0.0014015
0.0034885
0.001767
-0.0018652
-0.0022593
0.00047982
0.0039455
0.0063762
0.0041363
0.00015309
-0.00053645
-0.0004073
-0.00097908
-0.00069972
0.00010268
0.00085888
0.00047832
-0.0015861
-0.0026612
-0.0019011
-0.00070665
0.0019885
0.0042994
0.0044353
0.0057638
0.0056318
0.002001
-0.00020278
-0.0021401
-0.0046751
-0.0035672
0.00031379
0.0029084
0.0034133
0.0044922
0.007128
0.0087265
0.0068573
0.00068779
-0.0053443
-0.0057496
-0.0014788
0.0054427
0.010107
0.0069836
-0.00050047
-0.0066151
-0.0082198
-0.0058742
-0.00060075
0.009019
0.016188
0.014498
0.0059794
-0.0056707
-0.0094997
-0.0027038
0.001018
-0.0020897
-0.0057041
-0.0094896
-0.013057
-0.010984
-0.0019655
0.0061061
0.0068878
0.0061246
0.0096361
0.0091701
-0.00095551
-0.0076941
-0.0012634
0.01083
0.018538
0.016335
0.0056957
-0.0052871
-0.0088845
-0.0047701
0.00066107
0.0063908
0.012001
0.010638
0.0052375
0.0058687
0.011389
0.015203
0.015258
0.011501
0.0050368
-0.0018513
-0.0070387
-0.008856
-0.0082433
-0.0088736
-0.011478
-0.011532
-0.010976
-0.014998
-0.015128
-0.0069572
-0.0016784
-0.0034504
-0.0064286
-0.0071138
-0.0068609
-0.0072408
-0.0036274
0.0051001
0.012596
0.015535
0.013328
0.011812
0.017485
0.025056
0.024495
0.013876
0.0038333
0.00023553
0.00090325
0.0054718
0.0046518
-0.0058292
-0.01513
-0.020741
-0.024128
-0.023799
-0.023929
-0.02191
-0.012975
-0.0053938
-0.0024955
0.00041723
0.0015194
0.00026212
0.00016045
0.0052638
0.015993
0.020301
0.0092369
-0.0056398
-0.0059086
0.0083758
0.016651
0.011028
0.005134
0.0032047
-0.00068177
-0.0050999
-0.0039442
0.0055712
0.014479
0.0133
0.0072178
-0.0014016
-0.014768
-0.02435
-0.024325
-0.021197
-0.02042
-0.017871
-0.013
-0.012175
-0.012277
-0.0065066
0.0057525
0.017138
0.016456
0.0074778
0.00070258
-0.0021524
-0.0011705
0.0015009
0.0027223
6.9664e-05
-0.0073025
-0.012797
-0.010852
-0.0038411
0.001357
0.0020966
0.0070538
0.022348
0.039718
0.046006
0.038212
0.023081
0.0072293
-0.0045523
-0.010902
-0.014131
-0.015998
-0.017073
-0.020298
-0.025516
-0.025832
-0.019706
-0.014429
-0.015008
-0.014443
-0.010059
-0.01278
-0.019174
-0.01241
0.0089285
0.026477
0.028159
0.024043
0.023024
0.023583
0.022196
0.016216
0.0085995
0.0034702
0.0032439
0.010966
0.023893
0.022985
-4.9381e-05
-0.018547
-0.017071
-0.0091806
-0.0047427
-0.0036395
-0.0029815
-0.0016182
0.0023764
0.0071168
0.0087563
0.0096916
0.0049359
-0.0073116
-0.01432
-0.012736
-0.0093891
-0.0084229
-0.012141
-0.016478
-0.017075
-0.013239
-0.0031291
0.0073152
0.012381
0.014713
0.018383
0.02506
0.02731
0.02465
0.026163
0.030879
0.036026
0.038999
0.035198
0.025986
0.02032
0.023148
0.023749
0.01434
-0.001615
-0.013451
-0.010482
0.0011392
0.011517
0.016504
0.014064
0.0060786
-0.0019375
0.002881
0.021595
0.034998
0.033725
0.027183
0.023678
0.018552
0.0068142
-0.0064452
-0.015957
-0.019209
-0.018254
-0.019323
-0.02252
-0.026764
-0.033528
-0.038658
-0.039164
-0.038458
-0.038352
-0.038693
-0.040322
-0.045787
-0.05316
-0.054102
-0.050013
-0.048416
-0.046101
-0.037249
-0.022889
-0.0079713
0.0047407
0.017487
0.030484
0.04123
0.04911
0.05377
0.053937
0.046928
0.034861
0.025599
0.019338
0.011248
-0.003253
-0.025918
-0.040321
-0.036318
-0.029438
-0.020795
8.3234e-05
0.025821
0.046371
0.0582
0.062641
0.064621
0.064025
0.060123
0.055597
0.049958
0.040311
0.026664
0.013461
0.0028792
-0.0072621
-0.018028
-0.032068
-0.045619
-0.046987
-0.036457
-0.018939
0.0048261
0.026684
0.039955
0.043741
0.037688
0.028486
0.021984
0.012672
-0.0032787
-0.02096
-0.035664
-0.044109
-0.048656
-0.050981
-0.048533
-0.048406
-0.055994
-0.069899
-0.085958
-0.098147
-0.10686
-0.11154
-0.11166
-0.10722
-0.096329
-0.082919
-0.068163
-0.05163
-0.039848
-0.037915
-0.04341
-0.05039
-0.055626
-0.059297
-0.063354
-0.065783
-0.055263
-0.02867
-0.0051108
-0.00011782
-0.0021054
0.0061251
0.022534
0.037908
0.050093
0.059092
0.063354
0.063041
0.060583
0.057064
0.051283
0.038078
0.015726
-0.0027987
-0.0059576
-0.0029689
-0.0024029
0.002787
0.014012
0.024474
0.029342
0.028477
0.026544
0.024753
0.019275
0.0083661
-0.0027317
-0.014628
-0.035631
-0.057402
-0.064329
-0.056936
-0.044074
-0.027887
-0.0040925
0.021965
0.040849
0.055281
0.067029
0.073521
0.078234
0.081721
0.078962
0.069057
0.056638
0.046359
0.035855
0.022958
0.011995
0.006446
0.0049655
-0.0058494
-0.031655
-0.05497
-0.066013
-0.065846
-0.060951
-0.061842
-0.064506
-0.056968
-0.024523
0.02528
0.056038
0.05984
0.053051
0.043025
0.029817
0.014108
0.0049937
0.0022908
-0.0041062
-0.017666
-0.033842
-0.046151
-0.057981
-0.07237
-0.07649
-0.063728
-0.040692
-0.015801
0.0015692
0.017281
0.023369
0.0063003
-0.01157
-0.017897
-0.01646
-0.0088113
0.0048963
0.030879
0.058673
0.079321
0.098107
0.10772
0.10892
0.1105
0.10725
0.096482
0.068139
0.024753
0.0015563
0.0068431
0.023417
0.036952
0.035442
0.027637
0.021158
0.017425
0.021136
0.026673
0.031221
0.031061
0.024997
0.019601
0.011778
0.0029461
0.00088757
0.0012346
-0.0013143
-0.0032043
-0.0025844
-0.0005027
0.0017621
0.0041798
0.010272
0.02002
0.030248
0.038111
0.042048
0.042921
0.038294
0.024665
0.0042781
-0.014316
-0.022382
-0.021415
-0.020052
-0.021026
-0.021597
-0.02187
-0.022066
-0.020332
-0.014347
-0.0018068
0.010185
0.012856
0.0092085
0.0013731
-0.010633
-0.024292
-0.038687
-0.05099
-0.058871
-0.060368
-0.053884
-0.044305
-0.037289
-0.034277
-0.035731
-0.038772
-0.039179
-0.037788
-0.035695
-0.032146
-0.023475
-0.0099362
-0.00071273
-0.00024168
-0.0078325
-0.014275
-0.010068
-0.0001419
0.012479
0.021468
0.014635
-0.003016
-0.019453
-0.027298
-0.025816
-0.026944
-0.030403
-0.031844
-0.028931
-0.013294
-0.0067105
-0.017349
-0.024364
-0.028559
-0.025497
-0.014989
-0.0095135
-0.0048142
0.0035291
0.019152
0.036682
0.045145
0.048938
0.035671
0.0044255
-0.015529
-0.025439
-0.034053
-0.037888
-0.039713
-0.031454
-0.013667
-0.0025805
0.00045515
0.0016893
0.0028871
0.011375
0.024894
0.032963
0.036283
0.03611
0.039883
0.048449
0.050747
0.043877
0.025381
0.0045427
-0.0094192
-0.018963
-0.021278
-0.021643
-0.022275
-0.014474
2.1255e-05
0.012638
0.014924
0.010695
0.0084696
0.004371
0.001392
0.0026296
0.010071
0.022707
0.022288
0.0070895
-0.013884
-0.031628
-0.033874
-0.025813
-0.01327
0.0042681
0.024879
0.041021
0.048562
0.052172
0.046146
0.033333
0.024236
0.012933
-0.0036744
-0.01866
-0.022161
-0.015536
-0.010018
-0.0073516
-0.0059042
-0.0021515
0.0055471
0.011332
0.011217
0.008723
0.0078498
0.0022567
-0.010481
-0.020903
-0.0233
-0.020836
-0.018989
-0.019593
-0.018185
-0.0078832
0.010146
0.027468
0.038144
0.042521
0.041865
0.034878
0.02153
-0.00045261
-0.030458
-0.057164
-0.074071
-0.084701
-0.090654
-0.091505
-0.085615
-0.073908
-0.055196
-0.020726
0.015022
0.024651
0.016999
0.015463
0.018129
0.013175
0.0022909
-0.0047567
-0.00089602
0.010522
0.017366
0.014095
0.00076237
-0.017754
-0.032118
-0.038911
-0.038909
-0.037077
-0.032965
-0.019559
-0.0012995
0.013341
0.020573
0.021277
0.022647
0.029149
0.038971
0.045205
0.041056
0.031694
0.027897
0.031996
0.036518
0.031466
0.018831
0.0080677
0.0003095
-0.0021589
0.0028585
0.012086
0.022917
0.026326
0.02586
0.027508
0.032047
0.050567
0.059852
0.047795
0.036624
0.027604
0.024972
0.021539
0.010658
0.0037033
-0.00088187
-0.00080086
0.0006537
0.0010712
0.0094816
0.025326
0.046293
0.066074
0.081635
0.093867
0.094191
0.078534
0.050006
0.021845
0.0089974
0.0062653
0.0015829
-0.0078914
-0.018963
-0.02884
-0.034052
-0.030502
-0.019313
-0.0032929
0.014535
0.027438
0.027988
0.013335
-0.0095598
-0.028989
-0.04363
-0.051978
-0.053166
-0.051272
-0.04875
-0.051724
-0.03746
-0.019001
-0.039244
-0.05996
-0.062494
-0.053859
-0.02746
-0.013954
-0.018923
-0.0312
-0.041199
-0.03967
-0.039167
-0.038911
-0.033892
-0.024661
-0.007001
0.0073751
0.017088
0.032335
0.032472
0.019256
0.010006
-0.0027657
-0.011692
-0.017451
-0.025365
-0.0297
-0.032268
-0.026374
-0.012675
-0.011803
-0.022499
-0.026689
-0.029787
-0.036366
-0.046259
-0.053856
-0.044843
-0.032377
-0.015716
0.017312
0.040134
0.042953
0.042411
0.042387
0.050372
0.06598
0.075047
0.080787
0.087263
0.090591
0.089412
0.078952
0.055454
0.013177
-0.034145
-0.061369
-0.069049
-0.06867
-0.064658
-0.058252
-0.053433
-0.044832
-0.03812
-0.032035
-0.016204
-0.023024
-0.045717
-0.052509
-0.057521
-0.063356
-0.067963
-0.071923
-0.073734
-0.076874
-0.077935
-0.078819
-0.077212
-0.064043
-0.032311
0.012176
0.048821
0.070194
0.082532
0.092924
0.10079
0.10447
0.10256
0.091864
0.080701
0.063554
0.03563
0.0075511
-0.01523
-0.021402
-0.020151
-0.021036
-0.010924
0.0014924
0.0053984
0.0072612
0.014789
0.031928
0.053052
0.065879
0.060455
0.040858
0.018603
0.0021707
-0.0041932
-0.0032184
-0.00041639
-0.0019578
-0.0065743
-0.0081404
-0.0065703
0.00061903
0.016512
0.033666
0.043984
0.046911
0.044728
0.043063
0.042768
0.040611
0.033948
0.021299
0.0052724
-0.012438
-0.022259
-0.021488
-0.022579
-0.027785
-0.031864
-0.034521
-0.037857
-0.039317
-0.036756
-0.029645
-0.016877
-0.00022577
0.019593
0.036745
0.047824
0.059399
0.066831
0.065576
0.061436
0.054223
0.042713
0.023115
-0.003185
-0.025675
-0.040487
-0.046549
-0.045341
-0.038125
-0.026493
-0.01543
-0.0052169
0.0021137
0.0059317
0.010879
0.015286
0.012445
-0.0010586
-0.020618
-0.037856
-0.050816
-0.061284
-0.067547
-0.069523
-0.068556
-0.062713
-0.044701
-0.0099205
0.025256
0.043766
0.052218
0.062286
0.073878
0.079625
0.073676
0.053159
0.020744
-0.012339
-0.036576
-0.05322
-0.066637
-0.071052
-0.05814
-0.037983
-0.022844
-0.017109
-0.01582
-0.0029319
0.007964
0.0054221
0.0057606
0.010273
0.011179
0.0015468
-0.008922
-0.0074557
-0.00074782
0.0063091
0.010076
0.013108
0.02097
0.030186
0.038374
0.043512
0.043885
0.039925
0.030994
0.018518
0.0069591
-0.0042666
-0.016173
-0.023911
-0.026017
-0.020477
-0.01177
-0.0047633
0.0077933
0.024468
0.04178
0.051763
0.049603
0.048757
0.050381
0.049941
0.044188
0.03176
0.021903
0.012446
0.00074636
-0.0051679
-0.0027016
0.0061913
0.015011
0.019275
0.021511
0.021153
0.017532
0.011957
0.0045007
-0.0050825
-0.017342
-0.030306
-0.042934
-0.055812
-0.066388
-0.070369
-0.067618
-0.061726
-0.056635
-0.056917
-0.061169
-0.064888
-0.061801
-0.04893
-0.035785
-0.027067
-0.021455
-0.018844
-0.017497
-0.019809
-0.026004
-0.033607
-0.042444
-0.048699
-0.050983
-0.050524
-0.046285
-0.039351
-0.029808
-0.018556
-0.0086948
-0.0014455
0.0035229
0.0080889
0.011675
0.01351
0.018025
0.027729
0.037558
0.041237
0.037011
0.024626
0.0078683
-0.0052524
-0.012343
-0.013787
-0.010081
-0.0054739
-0.003925
-0.0076755
-0.015952
-0.024055
-0.026991
-0.020718
-0.0068861
0.0044881
0.0072478
0.0040518
-0.0035891
-0.014289
-0.024065
-0.031521
-0.037457
-0.040507
-0.036905
-0.025357
-0.0079429
0.0091039
0.019109
0.023004
0.023329
0.020699
0.01725
0.015457
0.018738
0.026745
0.032233
0.031049
0.027965
0.028224
0.02883
0.026676
0.02571
0.027602
0.028876
0.024443
0.014224
0.0075189
0.0071177
0.0081982
0.0079153
0.001917
-0.0079204
-0.017841
-0.028116
-0.034265
-0.033793
-0.028828
-0.021797
-0.016689
-0.013812
-0.0091924
-0.0013448
0.0078797
0.01313
0.012671
0.013039
0.015421
0.017461
0.019583
0.021517
0.024806
0.027553
0.027148
0.023297
0.014243
0.00215
-0.0094636
-0.01806
-0.020162
-0.014032
-0.0035606
0.0070165
0.01914
0.031556
0.039973
0.041666
0.035019
0.021593
0.0065802
-0.0052958
-0.012331
-0.013052
-0.011743
-0.015562
-0.021912
-0.025319
-0.024228
-0.01862
-0.0090888
0.0024246
0.009878
0.010865
0.0096679
0.0088553
0.010628
0.015307
0.018118
0.015413
0.0088429
0.0030888
-0.0014513
-0.0070997
-0.011007
-0.0099196
-0.0062109
-0.0034212
-0.0016293
0.0012368
0.0059718
0.009584
0.0073403
0.00069244
-0.0038445
-0.0041606
-0.0031046
-0.0024067
0.0009914
0.0091253
0.02078
0.033476
0.039888
0.036514
0.027526
0.015475
0.0016969
-0.011711
-0.022382
-0.030115
-0.036548
-0.039971
-0.039173
-0.035989
-0.031588
-0.028076
-0.028031
-0.030117
-0.030215
-0.025707
-0.018197
-0.012235
-0.011368
-0.016178
-0.023581
-0.030146
-0.035947
-0.041591
-0.045933
-0.04641
-0.039461
-0.026398
-0.014635
-0.0069697
-0.00053236
0.0057161
0.012493
0.020769
0.028907
0.03546
0.040544
0.042975
0.042316
0.040803
0.039123
0.036522
0.034845
0.035647
0.035927
0.031131
0.020542
0.0094461
0.0035088
-0.0013679
-0.0089237
-0.010432
-0.00291
0.0050879
0.0089147
0.0082847
0.0046528
0.0034553
0.0070935
0.012143
0.014983
0.011863
0.0058018
0.0034652
0.0042759
0.0055405
0.0053558
0.0053687
0.0046931
-0.0019524
-0.011512
-0.019744
-0.026089
-0.029536
-0.03172
-0.034283
-0.03788
-0.042319
-0.044547
-0.042117
-0.036487
-0.031217
-0.027693
-0.025167
-0.023677
-0.022839
-0.020585
-0.01608
-0.011375
-0.007861
-0.0049209
-0.0010792
0.0063102
0.018204
0.031981
0.044073
0.052886
0.058142
0.060344
0.062693
0.067479
0.073102
0.076706
0.077811
0.077964
0.075835
0.068876
0.056143
0.038053
0.018333
0.00042208
-0.012971
-0.018172
-0.017962
-0.016196
-0.011574
-0.0056774
0.00024897
0.0071191
0.013673
0.017853
0.021025
0.028806
0.03905
0.043599
0.040061
0.030791
0.021199
0.014805
0.012867
0.014791
0.013686
0.0057695
-0.0025617
-0.0050412
-0.0036622
-0.002555
-0.0032608
-0.0063293
-0.01013
-0.012755
-0.01323
-0.012625
-0.015832
-0.024381
-0.032541
-0.035059
-0.033123
-0.02989
-0.02641
-0.022309
-0.017033
-0.011811
-0.0069318
-0.00051101
0.009115
0.020277
0.026799
0.027908
0.029147
0.032016
0.034691
0.034376
0.029987
0.024205
0.018842
0.013354
0.0043477
-0.0097673
-0.024484
-0.03553
-0.042092
-0.045301
-0.046969
-0.047417
-0.046409
-0.044342
-0.039427
-0.034322
-0.029207
-0.019573
-0.018856
-0.031588
-0.041776
-0.044679
-0.041239
-0.036467
-0.034591
-0.0333
-0.03293
-0.02998
-0.024255
-0.020209
-0.018188
-0.019069
-0.021644
-0.023323
-0.023748
-0.020755
-0.014505
-0.0092045
-0.0040067
0.0032539
0.012857
0.025478
0.036891
0.045382
0.052499
0.055483
0.056155
0.056517
0.053761
0.048358
0.038511
0.021999
0.0023435
-0.015129
-0.025357
-0.026704
-0.020318
-0.010181
-0.0012932
0.0048813
0.0069128
0.003617
-0.0028071
-0.0085685
-0.012843
-0.017162
-0.019729
-0.01801
-0.011991
-0.00329
0.0055884
0.012206
0.01659
0.022407
0.028414
0.029968
0.028391
0.024894
0.018686
0.011081
0.0039873
0.00098564
0.0055702
0.014481
0.019246
0.0183
0.017868
0.021633
0.029286
0.036216
0.037092
0.031912
0.024091
0.017467
0.010508
0.00035632
-0.010106
-0.017909
-0.020845
-0.018379
-0.010916
0.002769
0.01891
0.030694
0.036297
0.038963
0.041626
0.042553
0.037479
0.030689
0.031285
0.033764
0.030158
0.023389
0.018656
0.018646
0.01887
0.017062
0.014676
0.0055089
-0.0096853
-0.020159
-0.026258
-0.031269
-0.041215
-0.057846
-0.070712
-0.080189
-0.072241
-0.058397
-0.07185
-0.086976
-0.092817
-0.093017
-0.078311
-0.066529
-0.060566
-0.054845
-0.047081
-0.035537
-0.031066
-0.029478
-0.024571
-0.018062
-0.0063043
0.0086319
0.023313
0.036768
0.047045
0.054031
0.059323
0.06147
0.061561
0.065707
0.066824
0.064697
0.066516
0.063917
0.052815
0.034534
0.023575
0.022204
0.011319
0.0024461
0.0057211
0.012701
0.019292
0.019361
0.017619
0.019611
0.022903
0.029883
0.040002
0.046685
0.048102
0.046258
0.043365
0.046382
0.05237
0.050003
0.041018
0.031579
0.023455
0.012359
-0.0035153
-0.015507
-0.020513
-0.021286
-0.020666
-0.019661
-0.014503
-0.0098388
-0.012223
-0.018019
-0.023877
-0.028134
-0.032689
-0.040359
-0.048652
-0.056712
-0.063169
-0.067934
-0.075282
-0.085107
-0.091436
-0.091017
-0.089407
-0.09238
-0.096619
-0.094422
-0.084381
-0.069898
-0.05437
-0.044371
-0.037067
-0.025055
-0.011378
0.0055147
0.021719
0.034389
0.046766
0.048365
0.045809
0.042864
0.028774
0.0098335
-0.012972
-0.032771
-0.039397
-0.039875
-0.035521
-0.030767
-0.032431
-0.03481
-0.035569
-0.031705
-0.027317
-0.028894
-0.024519
-0.014735
-0.0062389
0.0010418
0.00345
0.0053874
0.0068447
0.0065766
0.0076259
0.0077626
0.0073771
0.0078507
0.010299
0.014352
0.018068
0.021813
0.024062
0.023261
0.020676
0.016044
0.0075859
0.00099059
0.002443
0.0072077
0.011779
0.014156
0.013199
0.012595
0.010321
0.0065129
0.0041512
0.0010349
-0.001166
-0.0018275
-0.0027679
-0.0025477
-0.0012081
0.0030154
0.01053
0.01659
0.022132
0.028608
0.034142
0.040025
0.045007
0.049256
0.053181
0.054224
0.055894
0.057622
0.05318
0.04282
0.030388
0.019102
0.0091328
-0.00019626
-0.006385
-0.0079127
-0.0059343
-0.0030956
-0.0035263
-0.0073756
-0.011348
-0.0156
-0.019599
-0.021039
-0.021042
-0.019605
-0.015792
-0.010795
-0.0040747
0.0028627
0.0057779
0.0038463
-0.0013856
-0.0075648
-0.011707
-0.012651
-0.012065
-0.011555
-0.011408
-0.011917
-0.01339
-0.016337
-0.019826
-0.021921
-0.022208
-0.021582
-0.022168
-0.024255
-0.025919
-0.026732
-0.025333
-0.020097
-0.011438
0.00013422
0.011177
0.018495
0.023353
0.025268
0.024765
0.025216
0.026277
0.026979
0.026103
0.022834
0.018531
0.010431
-0.0025128
-0.016517
-0.029697
-0.040121
-0.046464
-0.048708
-0.045128
-0.035582
-0.023213
-0.011918
-0.0043419
0.0010395
0.0067766
0.011676
0.013519
0.012225
0.0099278
0.0068419
0.0025516
-0.001213
-0.004446
-0.0072078
-0.0092706
-0.011023
-0.012067
-0.012936
-0.011901
-0.0065388
0.00090035
0.0065151
0.0080117
0.0065166
0.003975
0.00087046
-0.002416
-0.0060507
-0.0096026
-0.012838
-0.015325
-0.015885
-0.014998
-0.012789
-0.0078868
-0.00062122
0.0070887
0.013907
0.019107
0.022617
0.024704
0.026179
0.028111
0.030898
0.034601
0.039237
0.043187
0.04368
0.041444
0.038652
0.035379
0.031592
0.027393
0.023689
0.02141
0.020052
0.018824
0.015551
0.0087766
0.00014962
-0.0094124
-0.019639
-0.028896
-0.0365
-0.042833
-0.047287
-0.04917
-0.047242
-0.041371
-0.034467
-0.027388
-0.021239
-0.015663
-0.0060763
0.0050634
0.012105
0.014569
0.013215
0.0094205
0.0039233
-0.0025431
-0.0088972
-0.016604
-0.024009
-0.026714
-0.024993
-0.020792
-0.015507
-0.010199
-0.0048169
0.00046616
0.0055979
0.010007
0.013235
0.016473
0.018971
0.018629
0.017099
0.015868
0.014794
0.015235
0.014968
0.010974
0.0062931
0.0042698
0.0047205
0.0057682
0.0051622
0.002455
-0.0017696
-0.0060139
-0.008176
-0.007912
-0.0051215
0.00063592
0.0082615
0.014426
0.017514
0.020093
0.022975
0.02359
0.021103
0.016675
0.010642
0.003144
-0.0042857
-0.0093172
-0.011521
-0.012239
-0.01238
-0.011925
-0.010287
-0.0086459
-0.0086684
-0.0094818
-0.0083409
-0.0035533
0.0028051
0.0071963
0.0084155
0.0071465
0.00342
-0.0016896
-0.0057082
-0.0072079
-0.0042158
0.0030256
0.010105
0.015362
0.020167
0.023625
0.026244
0.029223
0.02951
0.026287
0.022669
0.019303
0.015179
0.011319
0.0088146
0.0075317
0.0084034
0.011604
0.016058
0.020287
0.023731
0.028311
0.032894
0.034932
0.033869
0.029495
0.024065
0.018445
0.011877
0.0050137
-0.0018587
-0.0081406
-0.012705
-0.014833
-0.014836
-0.01305
-0.0098292
-0.0064818
-0.0034051
0.00033518
0.0053508
0.01172
0.018612
0.02493
0.029026
0.029521
0.028045
0.025922
0.023752
0.022092
0.021586
0.022867
0.023382
0.022476
0.021563
0.020828
0.020617
0.019556
0.01774
0.016566
0.015208
0.012606
0.0080175
0.0035475
0.0015991
0.001224
0.0023787
0.0046316
0.0064699
0.0080644
0.0094025
0.0092745
0.0073013
0.0044331
0.0019168
0.00067803
-0.0005631
-0.0032088
-0.0066448
-0.010587
-0.014591
-0.017995
-0.019852
-0.019412
-0.018058
-0.015693
-0.011131
-0.0063666
-0.0033125
-0.0013035
0.00056669
0.002463
0.0040743
0.0049204
0.0042781
0.0012214
-0.003634
-0.0084126
-0.011597
-0.012666
-0.013244
-0.014774
-0.01748
-0.020311
-0.021254
-0.021539
-0.022429
-0.022585
-0.022153
-0.022324
-0.022639
-0.022403
-0.023149
-0.025164
-0.026081
-0.024056
-0.01902
-0.013363
-0.0095109
-0.0073621
-0.0059245
-0.0055912
-0.0078475
-0.012166
-0.0166
-0.020957
-0.025593
-0.030137
-0.03303
-0.03318
-0.031667
-0.029662
-0.028621
-0.029552
-0.030886
-0.030857
-0.030107
-0.028913
-0.027026
-0.025605
-0.024774
-0.024657
-0.025692
-0.0279
-0.030584
-0.031312
-0.029894
-0.027848
-0.025655
-0.023813
-0.021585
-0.017365
-0.011691
-0.0071478
-0.004755
-0.0042271
-0.0052246
-0.0067389
-0.008722
-0.010747
-0.012757
-0.015882
-0.019483
-0.024009
-0.029531
-0.033718
-0.036385
-0.036906
-0.034071
-0.029093
-0.023783
-0.019981
-0.01751
-0.014762
-0.011642
-0.0089939
-0.0074265
-0.006905
-0.0075661
-0.0095537
-0.012122
-0.014425
-0.016337
-0.016904
-0.015456
-0.013896
-0.012507
-0.0093984
-0.0051514
-0.0017963
0.0004482
0.001819
0.0016431
0.0004006
-0.00031998
-0.00019004
-0.00075255
-0.0020076
-0.0022752
-0.0013639
0.0016929
0.0069017
0.011259
0.014008
0.016899
0.020449
0.023703
0.025247
0.023894
0.020505
0.017316
0.015449
0.015245
0.016104
0.017458
0.019625
0.022332
0.025614
0.028797
0.030784
0.03282
0.035239
0.036588
0.036231
0.034788
0.033906
0.033661
0.032746
0.030734
0.028623
0.028217
0.029554
0.031304
0.032967
0.034908
0.037153
0.03915
0.040927
0.042464
0.043214
0.042737
0.040947
0.038325
0.035321
0.032161
0.028929
0.025794
0.023774
0.02313
0.022236
0.020161
0.017432
0.014498
0.012123
0.010848
0.010268
0.010509
0.011353
0.011956
0.012863
0.014658
0.017056
0.019524
0.021202
0.022171
0.022951
0.023479
0.023472
0.022677
0.022029
0.022423
0.022576
0.020246
0.015754
0.012427
0.012254
0.014363
0.016303
0.016849
0.01709
0.016765
0.014876
0.011606
0.007677
0.0038452
0.00024603
-0.0034198
-0.0075321
-0.011111
-0.013807
-0.016443
-0.019387
-0.023232
-0.026851
-0.030114
-0.033248
-0.034205
-0.032836
-0.029445
-0.024744
-0.020949
-0.01891
-0.017787
-0.016167
-0.01413
-0.012897
-0.012303
-0.011333
-0.0095447
-0.0067279
-0.0041023
-0.0035108
-0.0040679
-0.0042382
-0.003465
-0.0020922
-0.0016742
-0.0019913
-0.0018046
-0.00095317
-0.00038851
-0.0018622
-0.0050807
-0.0087703
-0.012062
-0.013781
-0.014042
-0.01355
-0.013185
-0.013417
-0.014161
-0.015741
-0.017479
-0.018977
-0.020156
-0.020358
-0.020085
-0.020062
-0.020374
-0.020429
-0.019155
-0.016965
-0.015099
-0.0139
-0.013379
-0.013415
-0.013572
-0.013387
-0.012593
-0.011459
-0.01053
-0.0096256
-0.0084199
-0.0070587
-0.0051874
-0.0036832
-0.0041533
-0.0059498
-0.0077128
-0.0083899
-0.0084894
-0.0091395
-0.010101
-0.011769
-0.013281
-0.013515
-0.013565
-0.014218
-0.015363
-0.01618
-0.01588
-0.015053
-0.014881
-0.015286
-0.015973
-0.017094
-0.018489
-0.019699
-0.019466
-0.017879
-0.016354
-0.015279
-0.01497
-0.015388
-0.015723
-0.015958
-0.016461
-0.016879
-0.017291
-0.018074
-0.018928
-0.019793
-0.02017
-0.019586
-0.018917
-0.019314
-0.021572
-0.025508
-0.029994
-0.033495
-0.034998
-0.035045
-0.03384
-0.031121
-0.027385
-0.023356
-0.01954
-0.015526
-0.010634
-0.0052365
-0.00060777
0.0027503
0.0050491
0.0057894
0.0048142
0.0033854
0.003297
0.0046676
0.0061418
0.006978
0.0073078
0.0073885
0.0066812
0.0047586
0.0021416
-0.000354
-0.0020469
-0.0032234
-0.0046732
-0.0066071
-0.0075103
-0.0048883
0.00022536
0.0047776
0.0085123
0.011567
0.013246
0.014047
0.015165
0.017222
0.019341
0.02045
0.020621
0.019869
0.018235
0.016122
0.013808
0.012079
0.011603
0.011796
0.011708
0.011714
0.012713
0.014375
0.016462
0.019515
0.023435
0.02679
0.028968
0.031013
0.03306
0.035205
0.037962
0.040452
0.041652
0.041923
0.042567
0.044095
0.045235
0.043557
0.039075
0.035947
0.036105
0.038296
0.041592
0.044606
0.047151
0.049608
0.051266
0.051586
0.051034
0.050377
0.0486
0.045229
0.042194
0.040441
0.038532
0.035573
0.032205
0.028466
0.024298
0.019821
0.015825
0.01355
0.011661
0.0086236
0.0053609
0.0029677
0.0016922
0.0012516
0.0012345
0.00076806
-0.0013886
-0.0048007
-0.0078395
-0.0096664
-0.010286
-0.010475
-0.011365
-0.012945
-0.014328
-0.015591
-0.017352
-0.019664
-0.022068
-0.023372
-0.022409
-0.019346
-0.015486
-0.011917
-0.0087144
-0.0061409
-0.0043417
-0.0020065
0.00065943
0.0017562
0.0011317
-0.00012406
-0.0011656
-0.0020232
-0.0031206
-0.0044411
-0.0062182
-0.0083519
-0.0098203
-0.011163
-0.013417
-0.015183
-0.016242
-0.01788
-0.020256
-0.023037
-0.024901
-0.025259
-0.024498
-0.022342
-0.019043
-0.014521
-0.0088054
-0.0035504
2.1771e-06
0.0012485
0.00042362
-0.00050955
-0.00036364
0.0003218
0.00085887
0.00084239
-0.0002029
-0.0025474
-0.0057263
-0.0093759
-0.013278
-0.016402
-0.018682
-0.02105
-0.022882
-0.023166
-0.021597
-0.018419
-0.015133
-0.013232
-0.012502
-0.012217
-0.012467
-0.01291
-0.012919
-0.012757
-0.012666
-0.012342
-0.011408
-0.0099488
-0.0083836
-0.0064687
-0.0042484
-0.0022805
3.916e-05
0.002522
0.0039225
0.0046314
0.0050751
0.0046938
0.0028234
-0.001244
-0.0067726
-0.011964
-0.015963
-0.018307
-0.019151
-0.01962
-0.019978
-0.020244
-0.02056
-0.020589
-0.020719
-0.021116
-0.021309
-0.021127
-0.020627
-0.019937
-0.018818
-0.017628
-0.017152
-0.017108
-0.017447
-0.018242
-0.018362
-0.01759
-0.016976
-0.017233
-0.018052
-0.017764
-0.01587
-0.013427
-0.010795
-0.0080749
-0.0052251
-0.0020953
0.0010081
0.0039914
0.0064087
0.0073225
0.0072581
0.0074539
0.007977
0.0084505
0.0087788
0.0087135
0.0082629
0.0080958
0.0083969
0.0086148
0.0079281
0.0062169
0.0041005
0.0014552
-0.0012166
-0.0031838
-0.0045968
-0.0047906
-0.0038678
-0.002347
-5.0665e-05
0.0026779
0.0063508
0.010705
0.01414
0.016534
0.018043
0.018628
0.018464
0.017014
0.015088
0.014359
0.014501
0.0151
0.015942
0.016666
0.017722
0.018927
0.020111
0.021591
0.022274
0.021011
0.018895
0.017154
0.016133
0.01561
0.014287
0.012239
0.010029
0.0069789
0.0037392
0.0017818
0.0017661
0.0035041
0.0059967
0.0085766
0.010121
0.0094988
0.0077628
0.005466
0.0021373
-0.0015716
-0.005184
-0.0084393
-0.010806
-0.011892
-0.0115
-0.010297
-0.0088333
-0.0067712
-0.0046905
-0.0033789
-0.002256
-0.00062789
0.001939
0.0050233
0.0072096
0.0078188
0.0069395
0.0053987
0.0043387
0.0036252
0.0027944
0.0021676
0.001763
0.0012599
0.00051809
-0.00036405
-0.00042739
0.00056262
0.0012929
0.0015592
0.0024927
0.004685
0.0070656
0.008629
0.010337
0.01239
0.013485
0.012975
0.011409
0.0099023
0.0092453
0.0097708
0.010404
0.0099068
0.0092427
0.0089324
0.008516
0.008259
0.0078887
0.0073924
0.0071679
0.0071403
0.007691
0.0089545
0.01063
0.012186
0.012691
0.012028
0.010536
0.0088634
0.0080887
0.0081615
0.0084508
0.0079426
0.0053193
0.0010269
-0.0037266
-0.0083837
-0.012302
-0.014923
-0.016149
-0.016269
-0.015978
-0.015985
-0.016541
-0.017255
-0.017393
-0.016587
-0.015048
-0.013376
-0.012013
-0.010719
-0.0095208
-0.0092429
-0.0094683
-0.0090921
-0.0087406
-0.0090576
-0.0098399
-0.011004
-0.012371
-0.0138
-0.014973
-0.015321
-0.014494
-0.012901
-0.011316
-0.010376
-0.010479
-0.011306
-0.012366
-0.013363
-0.014047
-0.014217
-0.013432
-0.011414
-0.0086743
-0.0059815
-0.0034164
-0.00077672
0.0017768
0.0040344
0.0056803
0.0068975
0.0083374
0.0099781
0.011472
0.012237
0.012279
0.012291
0.012508
0.013096
0.013431
0.013079
0.012585
0.011883
0.010947
0.0097573
0.008217
0.0070734
0.0062953
0.004504
0.0014665
-0.0017294
-0.0043076
-0.006065
-0.0074842
-0.0088426
-0.010002
-0.011058
-0.011542
-0.011465
-0.011697
-0.01242
-0.013214
-0.013258
-0.01214
-0.010431
-0.0088261
-0.0077694
-0.0073418
-0.0070733
-0.006449
-0.0054481
-0.0043203
-0.0034861
-0.0030673
-0.0027464
-0.0022236
-0.0014114
-0.00057136
0.00051592
0.0021765
0.0041234
0.006144
0.0080154
0.0097623
0.011564
0.013669
0.016289
0.019225
0.022443
0.025183
0.027543
0.029787
0.029689
0.027497
0.025849
0.025442
0.025862
0.026494
0.027367
0.028643
0.029546
0.029703
0.029372
0.028087
0.025284
0.02142
0.017614
0.014637
0.012438
0.010959
0.010553
0.01113
0.011689
0.01158
0.011159
0.01093
0.011047
0.011432
0.011764
0.011765
0.011156
0.0095247
0.0070493
0.0041861
0.0016442
-5.8539e-05
-0.0014574
-0.0029421
-0.0043203
-0.0050842
-0.0047686
-0.0035388
-0.0019841
-0.00075911
-6.957e-06
0.00035759
0.00056436
0.0010206
0.0014598
0.001476
0.0010409
0.00022251
-0.00086778
-0.0020602
-0.0030332
-0.0037368
-0.0040381
-0.0035994
-0.00281
-0.002354
-0.0026419
-0.0037102
-0.0053014
-0.0069842
-0.0080973
-0.0083901
-0.0079345
-0.0067577
-0.0051887
-0.0037475
-0.0025982
-0.0018168
-0.0015506
-0.0015487
-0.0015144
-0.0011684
-0.00037579
0.00056235
0.00090921
0.00026908
-0.00041023
-0.00058229
-0.00083181
-0.0012358
-0.0017514
-0.002832
-0.0046976
-0.0071207
-0.0097264
-0.011829
-0.012641
-0.012347
-0.012324
-0.013704
-0.015884
-0.017319
-0.017784
-0.018317
-0.019138
-0.01931
-0.018127
-0.015899
-0.013584
-0.011721
-0.010444
-0.0097553
-0.0092334
-0.0087396
-0.0081971
-0.0072775
-0.0058316
-0.0040319
-0.0030662
-0.0035482
-0.0047225
-0.006341
-0.0076249
-0.0072704
-0.0051466
-0.002137
0.00048967
0.0023641
0.0038762
0.0051455
0.005909
0.0058263
0.0048737
0.0033208
0.0017632
0.00068014
0.00023427
0.00052349
0.0010702
0.0013065
0.0010087
0.0001255
-0.00088693
-0.0018925
-0.0030057
-0.0035815
-0.0027683
-0.00090619
0.00042352
-3.1283e-06
-0.002186
-0.0051872
-0.0083395
-0.011641
-0.01492
-0.017586
-0.019097
-0.019563
-0.019651
-0.020023
-0.020776
-0.021926
-0.023379
-0.024686
-0.025481
-0.025167
-0.023946
-0.022111
-0.019344
-0.016117
-0.012677
-0.0095474
-0.0078257
-0.0075991
-0.0082156
-0.0088025
-0.0091456
-0.0090433
-0.0076026
-0.0049757
-0.0020466
0.00043016
0.0018705
0.0026495
0.003346
0.0037872
0.0038011
0.0034854
0.0032277
0.0037469
0.0047248
0.0054874
0.0058807
0.0054985
0.0047902
0.0044031
0.0041243
0.0038339
0.0035337
0.0035137
0.0043484
0.0059528
0.0077848
0.0094519
0.010562
0.010967
0.010725
0.0098189
0.0081353
0.005759
0.0031105
0.00092527
-5.3822e-05
0.00034544
0.0020245
0.0044513
0.0068578
0.0085488
0.0093476
0.01028
0.011517
0.012326
0.012411
0.011465
0.0097865
0.0080162
0.0064757
0.0056712
0.0062543
0.0082534
0.010894
0.013196
0.014784
0.016088
0.017235
0.017999
0.018304
0.01832
0.018231
0.017472
0.015704
0.013152
0.0099383
0.0066373
0.0036321
0.00081967
-0.001757
-0.0040628
-0.0056476
-0.0059494
-0.0052142
-0.0041746
-0.0033894
-0.002678
-0.0017576
-0.00079862
0.00014728
0.00099724
0.001616
0.0017177
0.0009426
-0.00045486
-0.0021721
-0.0042142
-0.0061634
-0.0073952
-0.008091
-0.0088605
-0.0099771
-0.011267
-0.012163
-0.012837
-0.013859
-0.015192
-0.016405
-0.016895
-0.016716
-0.016465
-0.016446
-0.016455
-0.016294
-0.015913
-0.015281
-0.01436
-0.012925
-0.011253
-0.0094496
-0.0076419
-0.0064125
-0.0056685
-0.0051424
-0.0043621
-0.0029716
-0.0014337
-0.00058511
-0.00097068
-0.0021579
-0.0034562
-0.0045208
-0.0052219
-0.0055741
-0.0055362
-0.0051507
-0.0046183
-0.0040257
-0.0032909
-0.002548
-0.002196
-0.0022087
-0.0020702
-0.0014631
-0.00055712
0.00028413
0.00075503
0.00055295
-5.3243e-05
-0.00044332
-0.00085743
-0.0014656
-0.0020465
-0.0030429
-0.0045066
-0.0060429
-0.0072241
-0.0075989
-0.0073824
-0.0068198
-0.0061757
-0.0052886
-0.0035607
-0.001281
0.0014201
0.0046611
0.0078366
0.010467
0.012255
0.01295
0.013131
0.013484
0.01383
0.013942
0.013893
0.013591
0.012975
0.01227
0.011808
0.011744
0.011873
0.011956
0.011762
0.011279
0.011086
0.01131
0.011747
0.012148
0.011562
0.0094932
0.0063277
0.0028258
0.00033612
-0.00035118
0.00019868
0.0012078
0.0025149
0.0045987
0.0073391
0.0097226
0.011379
0.012269
0.012414
0.011974
0.010646
0.0084474
0.0059668
0.0036154
0.0013444
-0.00091081
-0.0026994
-0.0034618
-0.0032019
-0.0025487
-0.0019678
-0.0016606
-0.0018155
-0.0020559
-0.0018371
-0.0012538
-0.00072424
-0.000617
-0.0006703
-5.2381e-05
0.0010234
0.0020212
0.0029057
0.0033972
0.0037454
0.0042325
0.0047568
0.0052639
0.0054286
0.0051627
0.0045115
0.0035845
0.0028558
0.0023231
0.0018546
0.0017123
0.0020615
0.0032422
0.0053928
0.0080425
0.010426
0.01177
0.012109
0.011782
0.010913
0.0099711
0.0088668
0.0069993
0.0047765
0.0033312
0.0031324
0.0036335
0.0042846
0.0052418
0.0066985
0.0080186
0.0083358
0.0077308
0.0068616
0.0061075
0.0053967
0.0043834
0.0028048
0.00059102
-0.0015236
-0.0029428
-0.0042362
-0.0057685
-0.0076558
-0.0096544
-0.011212
-0.012463
-0.013667
-0.014687
-0.015128
-0.014909
-0.014291
-0.013397
-0.012293
-0.011192
-0.010602
-0.010767
-0.01128
-0.011544
-0.01118
-0.010279
-0.0092197
-0.0083467
-0.0083519
-0.0093913
-0.010787
-0.012562
-0.014514
-0.016182
-0.017727
-0.019077
-0.020243
-0.021085
-0.021459
-0.021444
-0.020964
-0.020521
-0.020248
-0.019808
-0.019441
-0.019314
-0.019537
-0.020006
-0.020232
-0.020286
-0.020334
-0.020213
-0.019755
-0.018726
-0.01706
-0.015179
-0.013771
-0.013084
-0.012899
-0.013102
-0.013563
-0.014205
-0.01518
-0.01639
-0.017675
-0.018858
-0.019922
-0.020987
-0.021526
-0.021123
-0.019592
-0.017055
-0.01439
-0.01212
-0.010549
-0.0097455
-0.0091973
-0.0089477
-0.0094301
-0.010714
-0.012353
-0.013866
-0.015393
-0.016845
-0.01771
-0.017556
-0.016137
-0.013756
-0.010993
-0.0082864
-0.0054501
-0.0023508
0.00077896
0.00376
0.0059261
0.0070731
0.0075303
0.0073997
0.0069792
0.0066154
0.0064067
0.0064458
0.0070999
0.0083609
0.0096879
0.010756
0.011735
0.012985
0.014492
0.016168
0.017767
0.018706
0.019028
0.018985
0.01864
0.018372
0.018353
0.018699
0.019171
0.019408
0.019985
0.020803
0.021638
0.022539
0.022548
0.022303
0.022974
0.023897
0.024694
0.025324
0.025787
0.026397
0.026798
0.027043
0.027298
0.026957
0.026252
0.025468
0.024642
0.024221
0.023884
0.023235
0.022456
0.021664
0.020928
0.020182
0.019267
0.018213
0.017014
0.015682
0.014335
0.013161
0.01263
0.012548
0.012103
0.011346
0.010547
0.0095865
0.0083388
0.0067992
0.0054858
0.0046789
0.004261
0.0043824
0.0049359
0.0056839
0.0061347
0.0055844
0.0043415
0.0030306
0.0017046
0.00048489
-0.00047335
-0.0012822
-0.0020078
-0.0027621
-0.0039017
-0.0053581
-0.0065498
-0.0073081
-0.0078917
-0.0084686
-0.0090705
-0.0095528
-0.0099945
-0.010727
-0.011558
-0.012345
-0.013178
-0.013926
-0.014811
-0.015843
-0.016651
-0.017089
-0.017014
-0.016462
-0.015586
-0.014389
-0.012994
-0.011444
-0.0097549
-0.0082435
-0.0072581
-0.0070939
-0.0077177
-0.008713
-0.0097571
-0.010879
-0.012186
-0.013554
-0.014645
-0.015075
-0.014829
-0.013906
-0.01233
-0.01049
-0.008746
-0.0070918
-0.0054339
-0.0040649
-0.003031
-0.0022069
-0.0015669
-0.0013238
-0.0017015
-0.0021409
-0.0025301
-0.0031296
-0.0038904
-0.0048055
-0.0050531
-0.0041449
-0.0025348
-0.00045399
0.0014825
0.0028848
0.0041041
0.0051078
0.0057917
0.0061893
0.0063843
0.0065726
0.0066715
0.006768
0.0071815
0.0081553
0.009762
0.01137
0.012015
0.011781
0.011411
0.011171
0.011279
0.011599
0.011843
0.011854
0.011243
0.01034
0.0098175
0.0098093
0.0099561
0.010084
0.010379
0.010705
0.010931
0.010877
0.010532
0.010252
0.010182
0.010145
0.0098506
0.0095341
0.0096254
0.010278
0.011304
0.012121
0.012455
0.012603
0.013117
0.014206
0.015791
0.017578
0.019019
0.020013
0.020423
0.01999
0.018787
0.017151
0.015671
0.014713
0.01442
0.014499
0.014723
0.015439
0.016631
0.017954
0.018976
0.019495
0.019807
0.020086
0.020176
0.019732
0.018782
0.017684
0.016576
0.01567
0.015137
0.014931
0.014815
0.014482
0.014033
0.013495
0.012822
0.012122
0.011266
0.010505
0.010172
0.010149
0.010109
0.009759
0.008871
0.0073659
0.0055889
0.003819
0.0021522
0.00049548
-0.0010357
-0.0023442
-0.0037312
-0.0050265
-0.0059503
-0.0063644
-0.0062715
-0.0058752
-0.0051023
-0.003843
-0.0025642
-0.0018141
-0.0015042
-0.0016779
-0.0023662
-0.003282
-0.0041479
-0.0045117
-0.0044122
-0.004254
-0.004042
-0.0039115
-0.00375
-0.0032006
-0.0028451
-0.0028498
-0.0029145
-0.0032213
-0.0034722
-0.0036034
-0.0037541
-0.0035871
-0.0029312
-0.0019245
-0.0010009
-0.00052232
-0.00040424
-0.00047752
-0.00057076
-0.00070344
-0.0011876
-0.0019882
-0.0030349
-0.004513
-0.006146
-0.0074813
-0.0087154
-0.010011
-0.011234
-0.012521
-0.013673
-0.014452
-0.014751
-0.014278
-0.013123
-0.011709
-0.010611
-0.010136
-0.010045
-0.01006
-0.010009
-0.0099163
-0.010141
-0.010663
-0.011179
-0.011725
-0.012236
-0.012586
-0.012767
-0.012785
-0.01278
-0.012944
-0.01326
-0.013482
-0.013525
-0.013323
-0.012742
-0.012291
-0.012506
-0.013016
-0.013356
-0.013402
-0.013217
-0.012815
-0.012133
-0.011421
-0.011062
-0.011123
-0.011318
-0.011519
-0.011674
-0.011764
-0.011845
-0.011803
-0.011776
-0.011825
-0.011786
-0.011511
-0.010829
-0.010142
-0.0097558
-0.0094305
-0.0090079
-0.0084499
-0.0080534
-0.0080502
-0.0081284
-0.0079946
-0.0078198
-0.0078177
-0.0080837
-0.0085921
-0.0093013
-0.010415
-0.011962
-0.013717
-0.015177
-0.015999
-0.016565
-0.017314
-0.018477
-0.019824
-0.020746
-0.021378
-0.022182
-0.022862
-0.022708
-0.021691
-0.020517
-0.01959
-0.018846
-0.018358
-0.018178
-0.017785
-0.016907
-0.01588
-0.014925
-0.014126
-0.013398
-0.01272
-0.012255
-0.012009
-0.011931
-0.011894
-0.011659
-0.011079
-0.010076
-0.0087643
-0.0072905
-0.0057021
-0.0040182
-0.0020375
0.00011808
0.0020525
0.0036821
0.0049439
0.0059239
0.0067725
0.0073656
0.0075765
0.0075126
0.0076141
0.0080082
0.0086292
0.0096552
0.010952
0.012505
0.014235
0.015666
0.016635
0.017086
0.017032
0.016691
0.016217
0.015894
0.016163
0.016888
0.017378
0.01748
0.017539
0.017845
0.018491
0.019443
0.020716
0.02213
0.023652
0.025364
0.027003
0.028313
0.029255
0.029974
0.030422
0.030424
0.030143
0.029579
0.028427
0.026809
0.025206
0.0236
0.02186
0.020299
0.018993
0.017928
0.017199
0.016775
0.016724
0.016737
0.016493
0.016064
0.015297
0.014229
0.013076
0.011801
0.010291
0.0086486
0.0073081
0.0062515
0.0050494
0.0037601
0.0027138
0.0017944
0.00076561
-0.0001694
-0.00095481
-0.0016152
-0.0020202
-0.0023048
-0.0026276
-0.0032001
-0.0040419
-0.0049103
-0.005949
-0.0071398
-0.0081696
-0.009067
-0.0097665
-0.01023
-0.010704
-0.01101
-0.010961
-0.010627
-0.0098842
-0.0087686
-0.0073808
-0.0060895
-0.0054237
-0.0052321
-0.0052535
-0.0053032
-0.0052272
-0.005314
-0.0056614
-0.0059453
-0.0060575
-0.006032
-0.0058462
-0.0058462
-0.0062608
-0.0068408
-0.0074763
-0.0081284
-0.0088247
-0.0095626
-0.010319
-0.011169
-0.011931
-0.012649
-0.013503
-0.014302
-0.014814
-0.01499
-0.014977
-0.01494
-0.014907
-0.014846
-0.014885
-0.015158
-0.015506
-0.015813
-0.015902
-0.015615
-0.015269
-0.01504
-0.014895
-0.014978
-0.015229
-0.015562
-0.015999
-0.016513
-0.01715
-0.017771
-0.018282
-0.018795
-0.019428
-0.020314
-0.021236
-0.021865
-0.022063
-0.022037
-0.022023
-0.021892
-0.021641
-0.021156
-0.020462
-0.019763
-0.019047
-0.018466
-0.01816
-0.018057
-0.017588
-0.016437
-0.015074
-0.013998
-0.013399
-0.012901
-0.012245
-0.011595
-0.01119
-0.010879
-0.010139
-0.0090607
-0.0076739
-0.0059805
-0.0043351
-0.0025412
-0.00055377
0.0012669
0.0027923
0.0039683
0.0049192
0.0057858
0.0064889
0.0069095
0.0070009
0.0072035
0.0078802
0.0087612
0.009539
0.010053
0.010316
0.010619
0.011107
0.011592
0.012124
0.012755
0.013561
0.014644
0.015758
0.017148
0.018679
0.019871
0.02084
0.021508
0.022127
0.0228
0.023233
0.023559
0.023652
0.023638
0.02349
0.022881
0.02222
0.021597
0.021102
0.020896
0.020708
0.020614
0.020649
0.020462
0.019893
0.01929
0.018667
0.017908
0.01725
0.016625
0.015969
0.015309
0.014614
0.014015
0.013668
0.013652
0.013874
0.014202
0.014684
0.015281
0.015768
0.015942
0.015749
0.015495
0.015405
0.015415
0.015446
0.015348
0.015109
0.014771
0.01442
0.014273
0.014284
0.014247
0.013962
0.013392
0.012538
0.011506
0.010572
0.0097874
0.0091761
0.0086841
0.0083028
0.0080016
0.0077067
0.0075711
0.007071
0.0060043
0.0046258
0.0025729
0.00028316
-0.0018922
-0.0040113
-0.0056299
-0.0069732
-0.0079081
-0.0080932
-0.0080504
-0.0077638
-0.0070985
-0.0062118
-0.0051313
-0.0044287
-0.0042757
-0.0042424
-0.0044037
-0.004986
-0.0060022
-0.0071324
-0.0081467
-0.0090266
-0.0095625
-0.0096925
-0.0092842
-0.0085872
-0.007895
-0.007393
-0.0071542
-0.0069815
-0.006903
-0.0071502
-0.0075193
-0.007792
-0.0082283
-0.0091192
-0.010133
-0.01082
-0.011214
-0.011595
-0.011987
-0.01221
-0.012261
-0.012385
-0.012803
-0.013447
-0.014255
-0.015101
-0.015777
-0.01629
-0.016709
-0.016989
-0.016949
-0.016611
-0.01622
-0.015991
-0.016071
-0.016546
-0.017418
-0.01858
-0.019814
-0.020898
-0.021849
-0.022785
-0.023769
-0.024666
-0.025259
-0.025523
-0.025466
-0.025158
-0.024637
-0.023932
-0.02334
-0.022982
-0.022555
-0.02192
-0.021146
-0.020194
-0.019092
-0.0179
-0.016613
-0.015357
-0.014262
-0.013314
-0.012368
-0.011359
-0.010453
-0.0096343
-0.0086846
-0.0076018
-0.0066782
-0.0061089
-0.0059296
-0.0059464
-0.0058639
-0.0056101
-0.0048359
-0.0034069
-0.0016026
0.00062835
0.0030563
0.0054637
0.0079339
0.010067
0.01162
0.012744
0.013536
0.014303
0.015171
0.015941
0.01653
0.01679
0.016784
0.016812
0.016764
0.016571
0.01636
0.016099
0.016034
0.016362
0.016975
0.017857
0.018968
0.020324
0.021673
0.022649
0.023404
0.023944
0.024159
0.024134
0.023757
0.02328
0.023059
0.022957
0.023055
0.023526
0.024133
0.02462
0.024978
0.025238
0.025399
0.025602
0.025958
0.026243
0.026131
0.025614
0.024894
0.024241
0.023608
0.022561
0.021116
0.019544
0.017894
0.016344
0.015128
0.014224
0.013539
0.013113
0.012913
0.012952
0.013083
0.013014
0.012824
0.012637
0.012347
0.011729
0.010618
0.0090484
0.0072345
0.0054707
0.004062
0.0031582
0.0026996
0.0025261
0.0024398
0.0024381
0.0026336
0.002989
0.0031136
0.0027449
0.0019965
0.00084772
-0.00056121
-0.0019083
-0.002905
-0.003553
-0.004141
-0.00469
-0.0052081
-0.0056947
-0.0060864
-0.0064349
-0.0064821
-0.0060746
-0.0055049
-0.0049935
-0.0047625
-0.004817
-0.0048474
-0.0048271
-0.0048414
-0.004857
-0.0048642
-0.0049086
-0.0051349
-0.0055513
-0.0059518
-0.0060815
-0.0058829
-0.0055945
-0.0053836
-0.0052147
-0.0049836
-0.0046349
-0.0042604
-0.0040359
-0.0038913
-0.0036275
-0.0033675
-0.0032481
-0.0031242
-0.0028427
-0.0024052
-0.0019385
-0.0016658
-0.001653
-0.0017077
-0.0017816
-0.0018814
-0.0017921
-0.0014361
-0.0010487
-0.00090511
-0.0011142
-0.0015247
-0.0019013
-0.0022617
-0.0026023
-0.0027017
-0.0025809
-0.0024223
-0.0022504
-0.002039
-0.0017644
-0.0014823
-0.0012411
-0.00098717
-0.00067135
-0.00026372
0.00022336
0.00080142
0.0014275
0.0018904
0.0020711
0.0020252
0.0018911
0.0017361
0.0014824
0.0011916
0.00092271
0.00065309
0.00047744
0.00038218
0.0003239
0.0002298
-3.3957e-05
-0.00037355
-0.00058459
-0.00061999
-0.00057328
-0.00052417
-0.00044212
-0.00028685
-0.00018331
-0.0002432
-0.00041213
-0.00060308
-0.00082125
-0.00099759
-0.001048
-0.0011806
-0.0015339
-0.0018521
-0.0018315
-0.0015513
-0.0013182
-0.0013035
-0.001511
-0.0016281
-0.0013223
-0.0008775
-0.00076338
-0.00093308
-0.0011423
-0.0012593
-0.0013283
-0.001506
-0.0017925
-0.0022251
-0.002856
-0.0035571
-0.0042652
-0.0050514
-0.0059597
-0.0070036
-0.0080259
-0.0087776
-0.0092738
-0.0096974
-0.01013
-0.010458
-0.010584
-0.010497
-0.010242
-0.009956
-0.00963
-0.0092871
-0.0089823
-0.008624
-0.0083038
-0.0081172
-0.0080157
-0.007995
-0.0080456
-0.0082064
-0.008515
-0.0089516
-0.009466
-0.0099971
-0.010457
-0.01077
-0.010924
-0.010889
-0.010753
-0.010544
-0.010214
-0.0098045
-0.0093291
-0.0088679
-0.0083988
-0.0078811
-0.0074286
-0.0070609
-0.0068123
-0.0066456
-0.0064645
-0.0063214
-0.0062059
-0.0060703
-0.0059205
-0.0057662
-0.0056317
-0.0055137
-0.0053451
-0.0051389
-0.0050173
-0.0049787
-0.0050286
-0.0051703
-0.00532
-0.0054894
-0.0055947
-0.0055915
-0.0055418
-0.005388
-0.0051453
-0.00483
-0.0044349
-0.0040169
-0.003556
-0.0030623
-0.0025417
-0.0019448
-0.0013573
-0.00085364
-0.00041524
-4.7579e-05
0.00025997
0.00050185
0.00064327
0.00072629
0.00086772
0.0011035
0.0014057
0.0017637
0.002125
0.0024684
0.002825
0.003202
0.0035709
0.0038607
0.0040407
0.0041226
0.0040852
0.0039623
0.0038168
0.0036268
0.0033943
0.0031451
0.0028643
0.0026146
0.0024348
0.0022951
0.0022243
0.0022186
0.0022674
0.0023455
0.0024183
0.0025518
0.0027236
0.0028469
0.0029112
0.0029306
0.0029411
0.0029267
0.0029002
0.0029016
0.0029013
0.0028969
0.0028642
0.0027747
0.0026596
0.0025353
0.0024238
0.0023451
0.0022976
0.0022376
0.0021294
0.0019874
0.0017854
0.0015411
0.0013327
0.0011978
0.0011297
0.0011098
0.0011421
0.0012334
0.0013782
0.0015169
0.0015952
0.0016366
0.001667
0.0016696
0.0016079
0.0015049
0.0014298
0.0014096
0.0014182
0.0014211
0.0014252
0.001453
0.0015006
0.0015358
0.0015616
0.0016152
0.0016769
0.0017072
0.001686
0.0016144
0.0015188
0.0014344
0.0013779
0.0013266
0.00127
0.0012164
0.0011704
0.0011553
0.0011826
0.0012449
0.0013341
0.001427
0.0015055
0.0015693
0.0016172
0.0016484
0.0016608
0.0016615
0.0016551
0.0016283
0.0015921
0.0015678
0.0015476
0.0015258
0.0015062
0.0014938
0.0014943
0.0014958
0.001486
0.0014643
0.0014313
0.0013958
0.0013684
0.001357
0.0013646
0.0013769
0.0013792
0.0013674
0.0013457
0.0013252
0.001303
0.0012657
0.0012129
0.0011541
0.0010953
0.0010402
0.00098915
0.00093951
0.00089262
0.00084952
0.00081079
0.00077651
0.00074093
0.00070287
0.00066255
0.00061896
0.00057531
0.00053193
0.00048904
0.00045135
0.00042272
0.00040446
0.00039548
0.00038741
0.00037476
0.00036085
0.00034863
0.00034019
0.00033462
0.00032894
0.00032274
0.0003159
0.00030653
0.00029321
0.00027612
0.00025593
0.00023597
0.00021959
0.00020713
0.00019873
0.00019347
0.00019052
0.00018874
0.00018563
0.00018055
0.00017319
0.00016339
0.00015199
0.00013937
0.00012657
0.00011468
0.00010388
9.4581e-05
8.6433e-05
7.939e-05
7.3033e-05
6.6005e-05
5.8896e-05
5.2569e-05
4.674e-05
4.1044e-05
3.466e-05
2.7484e-05
2.0878e-05
1.538e-05
1.0248e-05
5.4036e-06
1.0462e-06
-3.0359e-06
-7.0617e-06
-1.1129e-05
-1.5118e-05
-1.8887e-05
-2.2479e-05
-2.6075e-05
-2.9857e-05
-3.3777e-05
-3.7558e-05
-4.103e-05
-4.4308e-05
-4.7496e-05
-5.0509e-05
-5.3261e-05
-5.5841e-05
-5.8357e-05
-6.0805e-05
-6.3141e-05
-6.5314e-05
-6.734e-05
-6.9298e-05
-7.1236e-05
-7.3183e-05
-7.5159e-05
-7.7127e-05
-7.9041e-05
-8.0913e-05
-8.2769e-05
-8.4599e-05
-8.6381e-05
-8.81e-05
-8.9751e-05
-9.1347e-05
-9.2896e-05
-9.4394e-05
-9.5836e-05
-9.7213e-05
-9.8526e-05
-9.9778e-05
-0.00010097
-0.00010211
-0.0001032
-0.00010423
-0.00010521
-0.00010614
-0.00010701
-0.00010784
-0.00010862
-0.00010936
-0.00011005
-0.0001107
-0.0001113
-0.00011185
-0.00011236
-0.00011283
-0.00011325
