0.0014406
0.0014346
0.0014292
0.001423
0.0014132
0.0014099
0.0014172
0.0014291
0.0014326
0.0014327
0.0014248
0.0013927
0.001375
0.0013769
0.0013887
0.0014455
0.001486
0.00144
0.0013576
0.0013429
0.0013846
0.0014932
0.0015576
0.0015477
0.0014417
0.0013619
0.0015167
0.0016496
0.0016457
0.0016426
0.0016371
0.0014501
0.0013811
0.0016623
0.0019744
0.0022114
0.002282
0.0022976
0.0020864
0.0014573
0.001455
0.0019191
0.0019308
0.0014591
0.0010352
0.00091187
0.0012591
0.0014049
0.0012123
0.00068122
0.00039977
0.00046768
0.0010364
0.0027044
0.0046315
0.0045093
0.0030328
0.0018101
0.0012801
0.0014617
0.0022247
0.0029552
0.0035497
0.0026352
0.00041505
-0.0011252
-0.0011478
-0.00024311
-5.2836e-05
-0.0016519
-0.0041873
-0.0056127
-0.0047009
-0.0016656
0.0026603
0.0058098
0.0073795
0.0073737
0.0044914
0.0013344
0.00097607
0.0021862
0.0019309
0.0002765
0.0015492
0.005462
0.0082339
0.0088634
0.0063378
0.0011629
-0.0048328
-0.0085916
-0.0078591
-0.00309
0.0025207
0.0054333
0.0046086
0.00097839
-0.0018435
-0.00064906
0.0028701
0.003999
0.0023908
-0.0013207
-0.0051744
-0.0051118
0.00027769
0.0053364
0.0057831
0.0038013
0.0034022
0.0050583
0.0078738
0.010275
0.010876
0.010732
0.012685
0.015067
0.012427
0.0075557
0.0025759
-0.001974
-0.0054286
-0.002191
0.011212
0.020803
0.019092
0.011627
0.0068693
0.0087078
0.012708
0.013056
0.0096933
0.0045539
0.003465
0.0087249
0.01185
0.0050439
-0.0079541
-0.015944
-0.01343
-0.0073055
-0.0044219
-0.00097839
0.0050743
0.013139
0.022273
0.026987
0.025467
0.022563
0.020482
0.015714
0.0087724
0.005515
0.0078301
0.011288
0.012926
0.012187
0.013189
0.01467
0.010889
0.0051236
-9.7498e-05
-0.0072993
-0.014089
-0.015833
-0.012625
-0.007116
-0.00032012
0.0080612
0.018134
0.028591
0.036253
0.041877
0.043004
0.038663
0.03218
0.024757
0.01905
0.021919
0.030599
0.03382
0.021955
-0.00057788
-0.016335
-0.021026
-0.020576
-0.019272
-0.012813
0.0012173
0.017231
0.026502
0.024815
0.021281
0.027053
0.038992
0.048275
0.047053
0.034394
0.011067
-0.018792
-0.03583
-0.036002
-0.032899
-0.039572
-0.05003
-0.047039
-0.021642
0.011566
0.032796
0.043173
0.046205
0.039304
0.031914
0.035358
0.043019
0.037272
0.016044
-0.00322
-0.011735
-0.016954
-0.02066
-0.013679
0.0027396
0.012618
0.012293
0.012725
0.021032
0.031221
0.037527
0.038297
0.03012
0.013129
-0.0082389
-0.022804
-0.030831
-0.040726
-0.049354
-0.048139
-0.041059
-0.033064
-0.020213
-0.002161
0.0098479
0.0010972
-0.021989
-0.037326
-0.041257
-0.038632
-0.03147
-0.018098
0.0014887
0.017049
0.019778
0.0095044
-0.005989
-0.014937
-0.015463
-0.01348
-0.013806
-0.01705
-0.018783
-0.015685
-0.0037836
0.011574
0.020931
0.027391
0.027043
0.007464
-0.031507
-0.062406
-0.068831
-0.067034
-0.07494
-0.095196
-0.11894
-0.13438
-0.14022
-0.1433
-0.14627
-0.1429
-0.13103
-0.11735
-0.11072
-0.11156
-0.11377
-0.11367
-0.11189
-0.11045
-0.10843
-0.10458
-0.10024
-0.097261
-0.09514
-0.092256
-0.080124
-0.050073
-0.00046055
0.047773
0.068979
0.067371
0.054672
0.03422
0.01282
-0.00017506
-0.0044703
-0.0036131
-0.00012218
0.0074437
0.018919
0.029247
0.0346
0.032496
0.0085563
-0.057446
-0.13631
-0.18451
-0.19653
-0.19307
-0.19086
-0.1902
-0.18882
-0.18857
-0.19099
-0.19343
-0.19365
-0.18879
-0.17587
-0.14386
-0.099039
-0.06587
-0.051636
-0.04751
-0.047314
-0.049855
-0.053694
-0.055025
-0.054541
-0.052553
-0.042792
-0.019245
0.019859
0.065913
0.1134
0.1646
0.21012
0.23045
0.21089
0.12524
-0.0055495
-0.074736
-0.080417
-0.071366
-0.053833
-0.0017325
0.082916
0.14149
0.15571
0.15161
0.14749
0.14626
0.14533
0.14494
0.1462
0.15555
0.1752
0.19764
0.21726
0.22683
0.23342
0.23776
0.23091
0.18835
0.086515
-0.0090251
-0.034913
-0.017142
0.021388
0.079116
0.13066
0.15395
0.15563
0.14385
0.11568
0.076301
0.035118
-0.011226
-0.066686
-0.11721
-0.14243
-0.13848
-0.10878
-0.05042
0.042455
0.15327
0.23985
0.27496
0.28129
0.27698
0.26464
0.23993
0.20241
0.17225
0.1482
0.11034
0.054828
0.005703
-0.013797
0.0012712
0.047296
0.10611
0.16365
0.21884
0.25669
0.26829
0.26225
0.2466
0.21834
0.17364
0.11251
0.049129
-0.0036896
-0.040401
-0.064503
-0.077577
-0.083747
-0.08385
-0.071444
-0.042244
-0.012978
-0.0022086
-0.0046989
-0.013056
-0.030805
-0.061518
-0.084276
-0.09683
-0.10317
-0.10173
-0.097327
-0.092376
-0.089094
-0.095899
-0.12642
-0.17088
-0.20073
-0.2068
-0.20091
-0.19237
-0.18393
-0.17657
-0.17226
-0.17169
-0.17432
-0.17979
-0.18512
-0.18775
-0.19014
-0.18864
-0.17009
-0.11822
-0.043571
0.0065523
0.017165
0.014049
0.012872
0.014108
0.018382
0.025034
0.029088
0.030784
0.026833
0.010813
-0.020456
-0.059743
-0.093978
-0.10985
-0.10685
-0.085545
-0.038438
0.018734
0.074842
0.12729
0.16804
0.18149
0.17137
0.15152
0.13306
0.11915
0.11009
0.10764
0.11346
0.12076
0.12056
0.10083
0.043456
-0.030578
-0.096126
-0.12917
-0.12951
-0.12372
-0.11463
-0.097746
-0.083694
-0.080819
-0.083371
-0.082246
-0.070535
-0.059901
-0.06491
-0.085304
-0.10768
-0.12338
-0.13454
-0.14798
-0.16054
-0.16719
-0.16991
-0.17011
-0.16729
-0.15571
-0.13395
-0.10635
-0.077997
-0.052557
-0.035638
-0.030707
-0.03526
-0.042731
-0.044478
-0.031454
-0.011763
-0.00018348
0.0018229
0.0047182
0.014374
0.024632
0.032752
0.048268
0.077925
0.11882
0.1621
0.20288
0.23236
0.24316
0.23407
0.19952
0.13679
0.077719
0.038668
0.011834
-0.002694
-0.006813
-0.011003
-0.026047
-0.043054
-0.041226
-0.0020061
0.05555
0.077149
0.067276
0.052034
0.036326
0.018435
-0.0026932
-0.017742
-0.014451
0.0067644
0.028475
0.034262
0.024041
0.00012541
-0.03184
-0.0575
-0.068346
-0.060811
-0.022583
0.028729
0.072896
0.09382
0.084709
0.064791
0.059681
0.076248
0.10652
0.13539
0.15597
0.16535
0.16102
0.14715
0.12907
0.11739
0.11772
0.12296
0.12478
0.11836
0.092065
0.053434
0.015953
-0.019381
-0.052107
-0.074108
-0.077392
-0.066487
-0.056558
-0.05224
-0.044055
-0.022573
-0.0035985
-0.0040496
-0.019042
-0.027505
-0.013163
0.021379
0.047194
0.043657
0.0095507
-0.042649
-0.093207
-0.13677
-0.16776
-0.18797
-0.19948
-0.20467
-0.21099
-0.21914
-0.2247
-0.22205
-0.19918
-0.14446
-0.088749
-0.069531
-0.073705
-0.077258
-0.071515
-0.041657
0.0051926
0.023314
0.01737
0.012288
0.014404
0.020483
0.029312
0.043823
0.067701
0.093959
0.11377
0.13403
0.14348
0.11784
0.064713
0.031451
0.03648
0.063902
0.10095
0.14052
0.16923
0.19507
0.22585
0.24437
0.24002
0.22001
0.20584
0.20663
0.21229
0.21234
0.19942
0.16317
0.10875
0.053816
0.0014568
-0.041948
-0.060264
-0.055993
-0.039729
-0.022749
-0.0078721
0.017421
0.061659
0.10437
0.12626
0.13844
0.14519
0.13606
0.097226
0.037302
-0.020137
-0.073874
-0.12119
-0.15364
-0.17372
-0.18988
-0.20158
-0.20381
-0.19805
-0.19151
-0.18436
-0.16424
-0.1171
-0.070265
-0.057388
-0.067665
-0.090342
-0.12761
-0.16488
-0.18318
-0.18199
-0.16736
-0.12967
-0.072818
-0.016693
0.019651
0.028617
0.022166
0.014346
0.013581
0.021568
0.037408
0.067674
0.1132
0.16091
0.19767
0.21902
0.22786
0.19476
0.089161
-0.037953
-0.14417
-0.18639
-0.16728
-0.12312
-0.095291
-0.10333
-0.13513
-0.16946
-0.1935
-0.20582
-0.2099
-0.20765
-0.20145
-0.1982
-0.20456
-0.21748
-0.22742
-0.23117
-0.21099
-0.17364
-0.14197
-0.1132
-0.089292
-0.081753
-0.080635
-0.067765
-0.044996
-0.029609
-0.028148
-0.034827
-0.045301
-0.056728
-0.066109
-0.069497
-0.065394
-0.051031
-0.023734
0.0024332
0.014217
0.020527
0.031702
0.054171
0.086822
0.12507
0.16834
0.2122
0.25377
0.28222
0.29038
0.2804
0.23862
0.17729
0.11774
0.061165
0.0041055
-0.047066
-0.078748
-0.087356
-0.079751
-0.060567
-0.023815
0.025126
0.063364
0.085293
0.096097
0.091133
0.071144
0.052525
0.049925
0.065192
0.091826
0.11712
0.13037
0.12957
0.10695
0.05824
0.0036538
-0.044111
-0.075975
-0.085485
-0.074034
-0.04894
-0.025376
-0.010622
-0.0012385
0.0062305
0.018657
0.039339
0.067134
0.095784
0.10778
0.087675
0.044951
0.01847
0.018551
0.029039
0.0416
0.053617
0.067717
0.078194
0.078578
0.072723
0.06936
0.074711
0.0887
0.10416
0.11624
0.12907
0.14627
0.17104
0.20861
0.25074
0.29108
0.32493
0.3469
0.35528
0.35257
0.33851
0.3153
0.2948
0.28816
0.29501
0.30781
0.31436
0.30031
0.26033
0.2114
0.13875
0.026532
-0.085952
-0.16604
-0.21203
-0.22876
-0.2371
-0.25333
-0.27808
-0.30092
-0.32626
-0.35588
-0.37797
-0.38741
-0.39179
-0.38309
-0.36307
-0.34733
-0.33536
-0.31291
-0.27821
-0.24443
-0.21293
-0.18044
-0.14547
-0.11157
-0.081276
-0.056542
-0.035669
-0.023069
-0.021565
-0.027317
-0.032724
-0.031438
-0.028494
-0.026081
-0.02265
-0.015977
-0.0077435
-0.00046296
0.0096339
0.026752
0.044097
0.048516
0.039169
0.022677
0.0082092
-4.7323e-05
-0.0010647
0.0063208
0.019322
0.033943
0.050844
0.073062
0.10113
0.1306
0.15914
0.17857
0.1796
0.15681
0.10626
0.04566
0.011194
0.0073894
0.010113
0.016025
0.035062
0.061653
0.069037
0.033608
-0.023804
-0.077196
-0.1139
-0.12463
-0.11849
-0.10984
-0.10835
-0.11947
-0.14752
-0.17713
-0.19167
-0.19363
-0.18941
-0.17969
-0.16358
-0.13971
-0.1115
-0.090165
-0.084787
-0.095828
-0.12014
-0.14413
-0.15251
-0.14577
-0.12189
-0.082895
-0.040353
0.00028016
0.042077
0.084246
0.12511
0.1647
0.19696
0.21535
0.22523
0.23216
0.23638
0.23892
0.23985
0.23368
0.21786
0.19616
0.17203
0.14799
0.13015
0.11635
0.097857
0.07317
0.054714
0.052921
0.068934
0.092338
0.10187
0.087697
0.051604
0.0091508
-0.031172
-0.071685
-0.10709
-0.13352
-0.15595
-0.1715
-0.17898
-0.18066
-0.17867
-0.18131
-0.19264
-0.20498
-0.21429
-0.22402
-0.23478
-0.23693
-0.20167
-0.14772
-0.10675
-0.073367
-0.04501
-0.0266
-0.015087
-0.0074209
0.00188
0.021471
0.06061
0.11001
0.1542
0.18072
0.18747
0.17504
0.14817
0.12327
0.11439
0.11766
0.12602
0.13305
0.12908
0.10415
0.053913
-0.0017987
-0.055294
-0.10927
-0.15977
-0.19157
-0.2072
-0.21015
-0.19981
-0.17829
-0.14908
-0.12301
-0.10872
-0.10263
-0.099422
-0.091381
-0.068476
-0.028318
0.017475
0.066243
0.11284
0.14602
0.16416
0.171
0.16923
0.16332
0.15796
0.1562
0.15721
0.158
0.15442
0.14398
0.12722
0.11366
0.10877
0.10804
0.10378
0.096066
0.086075
0.069213
0.037575
-0.0081687
-0.044822
-0.062921
-0.070687
-0.069631
-0.056665
-0.02807
0.01077
0.042353
0.054809
0.049081
0.02481
-0.012486
-0.042127
-0.054053
-0.053252
-0.039754
-0.0091392
0.025072
0.044123
0.045572
0.03515
0.016627
0.00039041
-0.0055143
-0.004449
-0.0020376
-0.00012234
-0.0022476
-0.012247
-0.027197
-0.045539
-0.069866
-0.099469
-0.12896
-0.15288
-0.16485
-0.16566
-0.15816
-0.14462
-0.12678
-0.11022
-0.094589
-0.079665
-0.066347
-0.055789
-0.047012
-0.034892
-0.022416
-0.017639
-0.018171
-0.017479
-0.012865
-0.0044524
0.0030296
0.0042763
-0.0047431
-0.025113
-0.052726
-0.082088
-0.10728
-0.12214
-0.12586
-0.12222
-0.11355
-0.10422
-0.099193
-0.098674
-0.096707
-0.08807
-0.073385
-0.059378
-0.047756
-0.034704
-0.023227
-0.018366
-0.020856
-0.03088
-0.048454
-0.061936
-0.063729
-0.056016
-0.037564
-0.00798
0.025552
0.06367
0.10462
0.14189
0.17202
0.19489
0.21476
0.22901
0.23837
0.24494
0.25013
0.24985
0.2344
0.18687
0.11761
0.049093
-0.01313
-0.065997
-0.10659
-0.13507
-0.1536
-0.16413
-0.16972
-0.17448
-0.17713
-0.17566
-0.16628
-0.14052
-0.097505
-0.046912
0.0036349
0.054306
0.10097
0.13277
0.14861
0.15549
0.15533
0.14585
0.12739
0.10818
0.092726
0.077588
0.059399
0.040169
0.024342
0.013324
0.0076603
0.0060985
0.0051795
0.0066968
0.013626
0.024616
0.035713
0.044665
0.0518
0.057407
0.0617
0.066441
0.074014
0.086783
0.10236
0.11606
0.12322
0.12258
0.11224
0.093218
0.072641
0.053548
0.03602
0.021353
0.01415
0.014327
0.01811
0.023288
0.026466
0.024442
0.015529
0.0012769
-0.015336
-0.029769
-0.03741
-0.0361
-0.02989
-0.022315
-0.013676
-0.0045396
0.0060366
0.01645
0.025111
0.030796
0.031626
0.02666
0.01675
0.0078106
0.0027586
-0.00054292
-0.0032336
-0.0060745
-0.0089291
-0.011089
-0.011198
-0.010846
-0.01083
-0.010999
-0.012718
-0.018358
-0.027265
-0.035083
-0.039447
-0.039693
-0.039124
-0.040281
-0.044142
-0.049025
-0.0555
-0.062609
-0.069623
-0.077184
-0.086442
-0.094547
-0.10009
-0.10572
-0.11411
-0.12624
-0.13702
-0.14237
-0.14372
-0.14342
-0.14162
-0.13626
-0.12529
-0.10381
-0.07489
-0.049628
-0.032284
-0.016164
0.005503
0.033275
0.063449
0.09159
0.12062
0.14917
0.16788
0.17723
0.1804
0.1757
0.16214
0.14432
0.12683
0.11267
0.10131
0.089432
0.075414
0.060307
0.045088
0.030475
0.016552
0.0062215
0.0012987
0.0015187
0.0035954
0.0013351
-0.0064902
-0.016434
-0.02457
-0.02777
-0.023301
-0.013475
-0.00019604
0.013567
0.022463
0.023369
0.014774
-0.0041252
-0.025633
-0.040568
-0.048045
-0.050475
-0.046512
-0.036336
-0.016675
0.011926
0.039807
0.062451
0.077078
0.084034
0.085649
0.081489
0.070703
0.053716
0.031937
0.0050268
-0.022068
-0.04603
-0.061413
-0.064818
-0.062522
-0.057411
-0.049416
-0.042353
-0.037593
-0.034354
-0.029284
-0.015169
0.012284
0.04506
0.072743
0.094351
0.11127
0.12223
0.12617
0.12313
0.11319
0.099502
0.085585
0.074117
0.059815
0.040295
0.017965
-0.0015251
-0.012344
-0.015874
-0.018373
-0.024413
-0.034817
-0.046517
-0.057137
-0.066505
-0.07448
-0.080268
-0.083291
-0.082688
-0.078545
-0.072783
-0.064883
-0.061049
-0.064716
-0.073172
-0.08263
-0.08827
-0.08675
-0.080671
-0.072606
-0.063314
-0.056215
-0.051015
-0.046274
-0.043033
-0.041604
-0.041592
-0.041752
-0.041713
-0.041589
-0.039533
-0.035437
-0.031853
-0.028373
-0.025445
-0.020866
-0.015868
-0.01016
-0.0031503
0.0046984
0.012258
0.016972
0.018502
0.019918
0.022807
0.026616
0.031846
0.037652
0.043564
0.051041
0.059648
0.06738
0.074056
0.079023
0.078152
0.071457
0.0579
0.035683
0.013628
-0.0011482
-0.010609
-0.018212
-0.02436
-0.031152
-0.042294
-0.054639
-0.061157
-0.061798
-0.058091
-0.052333
-0.046449
-0.040711
-0.03447
-0.027302
-0.020131
-0.013564
-0.008368
-0.0056289
-0.0064586
-0.010667
-0.017902
-0.026881
-0.036507
-0.045103
-0.053333
-0.061766
-0.070424
-0.081266
-0.09366
-0.10305
-0.10555
-0.099306
-0.081093
-0.052049
-0.024145
-0.0098142
-0.0072661
-0.0084489
-0.0092793
-0.0066515
0.00030454
0.010269
0.022139
0.035268
0.045683
0.051498
0.054109
0.055675
0.057864
0.057352
0.049418
0.034448
0.020216
0.011732
0.009158
0.012023
0.017763
0.023221
0.025632
0.025352
0.02437
0.022001
0.01756
0.0092186
-0.00095099
-0.011468
-0.022551
-0.032605
-0.037212
-0.036115
-0.02987
-0.018751
-0.004071
0.007066
0.011323
0.014209
0.016572
0.018773
0.022619
0.026753
0.028015
0.02809
0.030846
0.036401
0.042294
0.047777
0.053327
0.057871
0.058145
0.053829
0.047163
0.043568
0.043911
0.044421
0.045095
0.046446
0.046544
0.044195
0.037207
0.024914
0.011032
-0.005965
-0.022056
-0.030218
-0.032032
-0.03176
-0.029224
-0.021997
-0.010984
0.0013937
0.010154
0.01256
0.0096366
0.0044943
-0.0025179
-0.0078005
-0.0060412
0.003768
0.020738
0.041305
0.056968
0.06343
0.063362
0.060219
0.054843
0.049742
0.048347
0.050607
0.055578
0.058978
0.060227
0.060348
0.057233
0.049455
0.03662
0.018908
-0.0026049
-0.021396
-0.0327
-0.038004
-0.038239
-0.036101
-0.032095
-0.027
-0.023705
-0.022216
-0.019222
-0.013145
-0.0045903
0.0053407
0.013281
0.018354
0.020523
0.020377
0.019515
0.017271
0.013296
0.0092439
0.0079355
0.0087769
0.010414
0.010717
0.0068484
-0.0027587
-0.011781
-0.013996
-0.011606
-0.0076037
-0.0058279
-0.0079047
-0.014218
-0.026382
-0.043315
-0.060391
-0.072353
-0.078893
-0.080369
-0.07843
-0.072522
-0.063431
-0.052914
-0.039479
-0.023832
-0.011668
-0.0082309
-0.014455
-0.02784
-0.041067
-0.049735
-0.057385
-0.063562
-0.066075
-0.065068
-0.060669
-0.053268
-0.043514
-0.033483
-0.024427
-0.018706
-0.018848
-0.024131
-0.03029
-0.035573
-0.039049
-0.039342
-0.035514
-0.02663
-0.013577
0.0041069
0.020602
0.034914
0.048383
0.0589
0.065682
0.069228
0.069102
0.065219
0.060611
0.056601
0.053689
0.051121
0.048289
0.046099
0.045575
0.043652
0.038058
0.029944
0.020049
0.010798
0.0044557
0.0014099
-0.00098797
-0.0038114
-0.0067227
-0.010271
-0.014539
-0.017876
-0.021477
-0.023561
-0.023356
-0.022256
-0.021027
-0.022309
-0.026733
-0.030781
-0.033302
-0.033947
-0.030355
-0.022447
-0.01145
-0.0030764
0.00046416
0.00071382
0.00040352
0.0009806
0.0038549
0.006828
0.0095461
0.010065
0.0064781
-0.0014888
-0.010675
-0.015932
-0.016545
-0.013761
-0.0099802
-0.0053593
-0.0023995
0.0015988
0.005023
0.002666
-0.0042697
-0.013051
-0.019984
-0.021581
-0.017424
-0.009252
0.0015217
0.0083307
0.0099932
0.0073207
-0.0011283
-0.014471
-0.027401
-0.033462
-0.033254
-0.030144
-0.023582
-0.016906
-0.013915
-0.014639
-0.017354
-0.019015
-0.018614
-0.01557
-0.0081535
0.003597
0.019804
0.036704
0.049595
0.057248
0.059124
0.056375
0.052928
0.049308
0.048357
0.052947
0.05945
0.065121
0.069014
0.071272
0.071899
0.071617
0.069437
0.065266
0.061675
0.057682
0.052615
0.044842
0.034729
0.023403
0.015365
0.013842
0.014767
0.015728
0.015557
0.013776
0.010176
0.0066207
0.0051173
0.0074558
0.011087
0.016385
0.023465
0.030612
0.036341
0.038737
0.038016
0.034357
0.0252
0.013314
0.0032775
-0.0033423
-0.0060141
-0.009214
-0.013842
-0.020442
-0.026856
-0.028823
-0.027432
-0.022874
-0.013392
0.0013356
0.018684
0.033022
0.043198
0.048449
0.050907
0.052368
0.050517
0.046391
0.040898
0.032573
0.021548
0.013722
0.0087374
0.0035264
-3.8848e-05
-0.0013721
-0.0016924
-0.00029786
0.00058382
0.00018207
-0.0022435
-0.0052401
-0.0091709
-0.014257
-0.017658
-0.018785
-0.018699
-0.018583
-0.018599
-0.019524
-0.022258
-0.026288
-0.029206
-0.031919
-0.03404
-0.036358
-0.039208
-0.042122
-0.045017
-0.047066
-0.04938
-0.05452
-0.060015
-0.062861
-0.065348
-0.063355
-0.050783
-0.033237
-0.018608
-0.0086567
-0.0041788
-0.0051584
-0.0083768
-0.010925
-0.011107
-0.0087328
-0.0066218
-0.0068445
-0.010471
-0.017819
-0.024813
-0.030121
-0.035379
-0.03965
-0.042369
-0.044425
-0.045044
-0.04478
-0.044659
-0.044715
-0.044727
-0.044667
-0.043655
-0.040976
-0.037694
-0.033867
-0.031606
-0.030564
-0.030481
-0.031765
-0.032862
-0.03279
-0.031781
-0.028128
-0.020998
-0.012129
-0.0028377
0.0053533
0.0093441
0.011121
0.010771
0.0068863
-0.00071665
-0.0094333
-0.016671
-0.021972
-0.025603
-0.028273
-0.029537
-0.028213
-0.024999
-0.019379
-0.011625
-0.0037028
0.0015149
0.0030616
0.0013635
-0.0032246
-0.0090208
-0.013347
-0.015017
-0.016994
-0.018769
-0.020507
-0.02326
-0.026196
-0.028968
-0.031725
-0.034554
-0.037002
-0.037694
-0.03658
-0.033692
-0.027767
-0.017988
-0.0082705
-0.00012683
0.0052947
0.007032
0.0074295
0.0062178
0.0051709
0.0053415
0.0073955
0.010571
0.014293
0.01919
0.022929
0.026387
0.031659
0.037622
0.043188
0.04868
0.053566
0.056703
0.058924
0.059032
0.057491
0.055823
0.053768
0.048949
0.041628
0.032642
0.021685
0.013077
0.0082556
0.0076384
0.0096758
0.013897
0.017797
0.020444
0.022961
0.024741
0.025066
0.026048
0.027547
0.030462
0.035754
0.041806
0.048868
0.056882
0.062865
0.065085
0.063008
0.056567
0.04792
0.03937
0.031057
0.023334
0.015553
0.0072746
-6.8549e-05
-0.0059138
-0.0087225
-0.0088689
-0.0086496
-0.0099456
-0.012969
-0.017328
-0.020394
-0.019851
-0.016893
-0.013705
-0.010036
-0.0081633
-0.0084248
-0.0086799
-0.0085648
-0.0082853
-0.0065845
-0.004131
-0.0034329
-0.0037629
-0.0036535
-0.0020632
0.00087006
0.0045278
0.010625
0.017933
0.023871
0.029175
0.034728
0.039558
0.041555
0.040158
0.037158
0.033806
0.028406
0.020274
0.012778
0.0085314
0.0063372
0.0050967
0.0044258
0.0055154
0.0085862
0.013766
0.017962
0.020498
0.02232
0.022536
0.019923
0.015599
0.0099126
0.0014358
-0.0057548
-0.011012
-0.016345
-0.022068
-0.027249
-0.030651
-0.032995
-0.033503
-0.031848
-0.028111
-0.02354
-0.02222
-0.022888
-0.024279
-0.027019
-0.030076
-0.032821
-0.035591
-0.038412
-0.040955
-0.041293
-0.038208
-0.035004
-0.03063
-0.027011
-0.023826
-0.018382
-0.011193
-0.0026251
0.0039767
0.0091509
0.014343
0.017677
0.017265
0.014368
0.011369
0.0089517
0.0079594
0.0080881
0.0082035
0.0080351
0.0066597
0.0038435
0.00041999
-0.0045272
-0.010388
-0.0159
-0.020014
-0.022477
-0.023665
-0.025682
-0.027584
-0.027762
-0.027468
-0.026571
-0.02367
-0.022375
-0.022786
-0.023006
-0.022536
-0.020412
-0.016704
-0.013212
-0.010218
-0.0056345
-0.0028136
-0.0010545
0.0017397
0.0049811
0.008771
0.011294
0.012
0.011016
0.010567
0.012919
0.016024
0.01934
0.022163
0.021667
0.017407
0.010113
0.0013173
-0.0073431
-0.012104
-0.01235
-0.0094509
-0.0048409
0.00078241
0.005803
0.0082229
0.0081926
0.0077079
0.0064515
0.0054716
0.0062127
0.0088879
0.012944
0.01598
0.019531
0.02459
0.028144
0.029383
0.027978
0.024679
0.019818
0.012726
0.0041776
-0.00093125
-0.0015495
0.00021496
0.002269
0.0050835
0.0080572
0.011785
0.015039
0.017714
0.019078
0.016935
0.010983
-5.2606e-05
-0.012026
-0.020407
-0.028215
-0.034795
-0.038706
-0.040047
-0.041263
-0.042078
-0.041161
-0.038397
-0.034257
-0.030264
-0.027349
-0.024743
-0.022907
-0.021431
-0.019059
-0.017848
-0.017482
-0.015321
-0.0099839
-0.0014745
0.0089268
0.019182
0.025456
0.027158
0.026769
0.024938
0.020671
0.017363
0.015391
0.010435
0.003325
-0.0033389
-0.0090465
-0.013854
-0.016199
-0.017175
-0.017949
-0.016518
-0.013401
-0.010475
-0.0086764
-0.0063069
-0.0033861
3.0325e-05
0.0034424
0.0045251
0.0021508
-0.0011572
-0.0035762
-0.0043083
-0.0034791
-0.0011547
0.00079359
0.0023336
0.0045282
0.0054714
0.0052382
0.0051201
0.0051996
0.0052145
0.0051938
0.0051698
0.0051196
0.0051861
0.0052954
0.004909
0.0029145
-8.0453e-05
-0.0020889
-0.0034157
-0.0062415
-0.011153
-0.016312
-0.019632
-0.02207
-0.023516
-0.022861
-0.01884
-0.01281
-0.0053776
0.0029444
0.0090967
0.014218
0.019759
0.025402
0.030013
0.032728
0.033669
0.033566
0.033471
0.03352
0.033534
0.033521
0.033854
0.035294
0.036109
0.035893
0.035754
0.035825
0.035845
0.035799
0.034951
0.032446
0.02928
0.024846
0.01962
0.016094
0.014517
0.014326
0.014928
0.017606
0.020648
0.025664
0.02941
0.030811
0.031395
0.031281
0.030368
0.028671
0.02785
0.026445
0.022987
0.018189
0.014446
0.010668
0.0050625
-0.00098493
-0.0067056
-0.012317
-0.017185
-0.020459
-0.023986
-0.026384
-0.026443
-0.02616
-0.026326
-0.027503
-0.029886
-0.03146
-0.033222
-0.035186
-0.036403
-0.037225
-0.036853
-0.035539
-0.034941
-0.034915
-0.034788
-0.034525
-0.033569
-0.031105
-0.029012
-0.027209
-0.024078
-0.020318
-0.019158
-0.019674
-0.021868
-0.023667
-0.023308
-0.021171
-0.017276
-0.01252
-0.0050893
0.0019476
0.0062202
0.009325
0.011941
0.014246
0.015695
0.015453
0.015619
0.01753
0.018648
0.016823
0.014188
0.013366
0.013566
0.015099
0.016871
0.016742
0.016064
0.015664
0.013572
0.0088616
0.0041063
0.001117
-0.0009942
-0.0031218
-0.0045478
-0.0057049
-0.0076687
-0.0098715
-0.01132
-0.011383
-0.010892
-0.0097842
-0.0091866
-0.010168
-0.011756
-0.013472
-0.014568
-0.015782
-0.016144
-0.015645
-0.015182
-0.014859
-0.014655
-0.015409
-0.01662
-0.016646
-0.015964
-0.015209
-0.012791
-0.0084011
-0.00276
0.0035415
0.0081329
0.0098007
0.010898
0.011687
0.011789
0.012609
0.012687
0.010798
0.0082161
0.0045284
0.00082407
-0.0020933
-0.0036377
-0.0043348
-0.0052893
-0.0055693
-0.0052118
-0.0049408
-0.0045835
-0.0030329
-0.0018022
-0.0011304
0.00018169
0.00071466
0.00057871
0.00023066
-0.001445
-0.003582
-0.0051533
-0.0072795
-0.008755
-0.0092955
-0.0088028
-0.007024
-0.0052297
-0.0029658
-0.00047514
0.0018119
0.0038384
0.0051677
0.0052831
0.0050494
0.0049847
0.0049364
0.0048517
0.0047802
0.0046543
0.0039541
0.0031109
0.002375
0.0017886
0.0011837
0.00069482
0.00073968
0.001477
0.0021623
0.0031208
0.0039877
0.004337
0.0046672
0.0048209
0.0048098
0.004816
0.0045484
0.0040269
0.0035855
0.0033555
0.0033607
0.0035665
0.0036436
0.0038527
0.0040964
0.004174
0.0041008
0.0040563
0.00407
0.0039652
0.0038105
0.0037736
0.0038744
0.0039282
0.0038697
0.0034721
0.0029229
0.0024611
0.0021028
0.0019226
0.0020201
0.002137
0.0021949
0.0021928
0.0021866
0.0021549
0.0021313
0.0020688
0.0019812
0.0019209
0.0018104
0.0016951
0.001574
0.0014078
0.0012362
0.0010898
0.00097719
0.00089411
0.00082602
0.0007463
0.00066572
0.00059791
0.00052022
0.00043087
0.00034448
0.00026282
0.00017981
0.00010017
3.2314e-05
-3.1425e-05
-9.2516e-05
-0.00015599
-0.00022355
-0.00029181
-0.0003573
-0.00041978
-0.00047979
-0.00053773
-0.00059453
-0.00064855
-0.00069984
-0.00074881
-0.00079584
-0.00084117
-0.00088526
-0.00092811
-0.00097003
-0.0010112
-0.0010514
-0.0010908
-0.0011294
-0.0011673
-0.0012044
-0.0012408
-0.0012763
-0.0013111
-0.001345
