-0.00068335
-0.00067995
-0.00067343
-0.00066519
-0.00066025
-0.00066155
-0.00066353
-0.00065914
-0.00065197
-0.00065644
-0.00069296
-0.00075015
-0.00077293
-0.00071877
-0.00059025
-0.00044977
-0.00038448
-0.00045341
-0.00063892
-0.00084717
-0.00095449
-0.00089462
-0.0007204
-0.00056676
-0.00056899
-0.00074882
-0.0010175
-0.0012318
-0.0012655
-0.0010405
-0.00061929
-0.00021089
-1.6304e-05
-0.00015538
-0.00051724
-0.00077948
-0.00072036
-0.00039369
-0.00010086
9.9343e-07
-3.0506e-05
-0.00017112
-0.00039101
-0.00073908
-0.0011379
-0.0013058
-0.0010194
-0.00057453
-0.00061305
-0.0013219
-0.0022227
-0.0025629
-0.0018875
-0.00025778
0.0018306
0.0035423
0.0041061
0.0031777
0.0013322
-0.00032542
-0.00082146
-0.00023947
0.00030393
-0.00026693
-0.0019375
-0.0036367
-0.0042441
-0.0034905
-0.001952
-0.00055026
0.00012411
0.00047982
0.0010473
0.002057
0.0031595
0.0035375
0.0024804
-7.509e-05
-0.0034186
-0.0060442
-0.0066175
-0.0050162
-0.0024078
-0.00041673
-3.7998e-05
-0.0016128
-0.0041364
-0.0060208
-0.0065236
-0.005602
-0.0041233
-0.0035223
-0.0041102
-0.0053832
-0.0057471
-0.0039731
-0.00082148
0.0021259
0.0034103
0.0025316
0.00027046
-0.0017043
-0.0018655
0.00023911
0.0035385
0.0060736
0.0062306
0.0040869
0.0010797
-0.0011838
-0.0018758
-0.0017001
-0.0014269
-0.0015298
-0.0021585
-0.0030432
-0.0037599
-0.0035336
-0.0015821
0.0015416
0.0043205
0.0057405
0.0057322
0.0051906
0.004548
0.003999
0.0035084
0.003216
0.0038181
0.0052981
0.0063693
0.0050375
-0.00039003
-0.0091488
-0.018301
-0.024269
-0.025555
-0.023026
-0.018476
-0.014164
-0.010274
-0.0051715
0.0017727
0.0096855
0.017059
0.022188
0.023286
0.019765
0.013089
0.0053297
-0.0015991
-0.0057721
-0.0080847
-0.010946
-0.015093
-0.018008
-0.016126
-0.0084735
0.0031365
0.015527
0.024959
0.02861
0.027166
0.023918
0.021917
0.022393
0.023464
0.021294
0.013439
0.00087168
-0.011994
-0.019599
-0.019168
-0.012274
-0.0030517
0.0042179
0.0070793
0.0062502
0.0032464
-0.0004429
-0.0031934
-0.0047147
-0.004915
-0.0036982
-0.0018569
-0.00023077
0.00023406
-0.0015753
-0.0057045
-0.011308
-0.016237
-0.018013
-0.015272
-0.0085094
-0.00046664
0.0059584
0.0082327
0.0055163
-3.2084e-05
-0.0057559
-0.0090538
-0.0089171
-0.0069059
-0.0050421
-0.0058032
-0.010562
-0.017148
-0.020008
-0.01525
-0.0039054
0.0079428
0.014083
0.012442
0.0059384
-7.381e-05
-0.00080363
0.0028797
0.0048157
-0.0001638
-0.012829
-0.02836
-0.03936
-0.041608
-0.035209
-0.024161
-0.014224
-0.0089198
-0.0077478
-0.0087526
-0.0098717
-0.0096433
-0.0071092
-0.0019318
0.0051376
0.012185
0.017023
0.01795
0.014438
0.0063424
-0.004479
-0.013524
-0.015749
-0.01027
-0.0018596
0.0038529
0.0042005
-0.00037851
-0.0056131
-0.0066935
-0.0018183
0.0073568
0.016602
0.020604
0.017392
0.0093554
0.00054472
-0.0057421
-0.0094272
-0.012422
-0.014699
-0.014261
-0.0085609
0.0034766
0.019447
0.034381
0.044672
0.049236
0.048989
0.045553
0.039686
0.03075
0.018364
0.0043194
-0.0073363
-0.014294
-0.017454
-0.018366
-0.017468
-0.013398
-0.0045579
0.0072173
0.013846
0.0072273
-0.014083
-0.044009
-0.069795
-0.079986
-0.071911
-0.051928
-0.029723
-0.012913
-0.0057298
-0.0066515
-0.0091084
-0.0068283
0.002071
0.014421
0.025697
0.033773
0.037612
0.037796
0.035884
0.032898
0.028662
0.020251
0.0044192
-0.017393
-0.039105
-0.055167
-0.06067
-0.053255
-0.037776
-0.023198
-0.017011
-0.020814
-0.027957
-0.029314
-0.020414
-0.0057831
0.0056018
0.0079364
0.001242
-0.0061192
-0.006734
-6.6923e-05
0.01134
0.023012
0.029802
0.02876
0.020448
0.0071792
-0.0068521
-0.017421
-0.02358
-0.027764
-0.03193
-0.035594
-0.037325
-0.03507
-0.027613
-0.016772
-0.0077748
-0.0059561
-0.011652
-0.019351
-0.022204
-0.017864
-0.0077347
0.0042291
0.013997
0.021706
0.029502
0.03864
0.049267
0.061412
0.074236
0.085639
0.09377
0.09699
0.095373
0.090088
0.083729
0.079697
0.079744
0.083388
0.089287
0.095886
0.1017
0.10582
0.10817
0.10887
0.1083
0.10637
0.10231
0.096698
0.090876
0.085728
0.080962
0.076054
0.070432
0.062495
0.050424
0.033812
0.013051
-0.010161
-0.032626
-0.051053
-0.064274
-0.073189
-0.07968
-0.085178
-0.09145
-0.10072
-0.11323
-0.12664
-0.13855
-0.14675
-0.14788
-0.14057
-0.12752
-0.11186
-0.095801
-0.082293
-0.074356
-0.072086
-0.07279
-0.071889
-0.063552
-0.044701
-0.017224
0.014279
0.043427
0.065135
0.077757
0.083615
0.088442
0.099293
0.12084
0.15266
0.18893
0.22259
0.24865
0.26396
0.26804
0.26326
0.25382
0.24355
0.23494
0.23048
0.2303
0.23182
0.23358
0.23482
0.23416
0.23208
0.22788
0.21785
0.20012
0.17352
0.13855
0.097896
0.055671
0.015582
-0.019453
-0.048808
-0.075032
-0.10252
-0.13668
-0.18079
-0.23502
-0.29725
-0.36604
-0.43848
-0.50756
-0.56451
-0.6043
-0.62534
-0.62509
-0.60587
-0.57272
-0.53321
-0.49723
-0.46489
-0.43139
-0.396
-0.36181
-0.33267
-0.30819
-0.2848
-0.25953
-0.23
-0.19453
-0.15067
-0.096856
-0.034747
0.029984
0.086724
0.12369
0.1353
0.11996
0.081507
0.031142
-0.013435
-0.035163
-0.025382
0.014111
0.07282
0.1374
0.19769
0.2456
0.27636
0.29088
0.29494
0.29634
0.3021
0.31491
0.33166
0.34935
0.36286
0.36517
0.35293
0.32825
0.29362
0.25087
0.20448
0.16008
0.12407
0.10228
0.097458
0.10823
0.12973
0.15443
0.17686
0.19472
0.20579
0.21005
0.20972
0.20661
0.20367
0.2043
0.20877
0.21507
0.22055
0.22277
0.21944
0.20707
0.18464
0.15518
0.12756
0.11097
0.10976
0.12378
0.14474
0.16448
0.17829
0.18112
0.16862
0.14158
0.10525
0.069571
0.042655
0.024829
0.0094995
-0.011543
-0.038986
-0.067215
-0.091561
-0.11002
-0.12269
-0.13514
-0.15464
-0.18296
-0.21859
-0.25771
-0.2947
-0.32585
-0.34795
-0.35734
-0.35255
-0.3326
-0.29609
-0.24137
-0.17551
-0.11445
-0.060585
-0.010525
0.027071
0.044472
0.039927
0.015713
-0.018305
-0.043823
-0.049989
-0.036794
-0.010888
0.02086
0.055117
0.090887
0.12263
0.1406
0.13709
0.11363
0.077595
0.038537
0.0045409
-0.016383
-0.017302
-0.0028121
0.017919
0.029665
0.015813
-0.025673
-0.082518
-0.14203
-0.2015
-0.26484
-0.34673
-0.45749
-0.57626
-0.66346
-0.69735
-0.67833
-0.61239
-0.51435
-0.41065
-0.32831
-0.27865
-0.25157
-0.22819
-0.19503
-0.14184
-0.06305
0.031654
0.12631
0.20835
0.26708
0.30252
0.31568
0.30251
0.26039
0.19292
0.11019
0.016134
-0.09073
-0.18199
-0.21627
-0.16524
-0.051003
0.056048
0.11543
0.14123
0.15314
0.16618
0.18168
0.18869
0.17422
0.13181
0.06112
-0.030177
-0.13079
-0.22507
-0.30184
-0.36168
-0.4026
-0.42361
-0.43136
-0.43676
-0.4452
-0.44327
-0.4223
-0.3883
-0.345
-0.29167
-0.22347
-0.13423
-0.026376
0.083813
0.17317
0.22592
0.24068
0.22507
0.18813
0.1376
0.079911
0.021802
-0.029815
-0.06719
-0.082139
-0.068476
-0.028977
0.023569
0.075643
0.11628
0.1453
0.1659
0.17831
0.18574
0.19389
0.20637
0.21878
0.22566
0.22701
0.2234
0.21614
0.2066
0.19602
0.18672
0.17963
0.17504
0.17345
0.1739
0.17381
0.1706
0.16307
0.15105
0.13617
0.12163
0.11127
0.10741
0.10991
0.11608
0.12235
0.12618
0.12499
0.11839
0.10779
0.095341
0.084096
0.077077
0.075896
0.079976
0.086402
0.09305
0.098104
0.10116
0.10275
0.10371
0.10523
0.10828
0.11216
0.11615
0.11941
0.12161
0.12308
0.1239
0.12393
0.12266
0.1196
0.11397
0.10467
0.091941
0.07667
0.05968
0.042637
0.027375
0.014648
0.0059001
0.0010151
-0.0014831
-0.002176
-0.0021593
-0.0017715
-0.0018682
-0.0032217
-0.0065764
-0.01271
-0.021732
-0.033615
-0.048564
-0.066346
-0.085544
-0.10371
-0.11905
-0.12978
-0.13373
-0.13025
-0.11943
-0.10286
-0.083433
-0.063063
-0.043873
-0.026879
-0.012599
-0.0012591
0.0086979
0.018932
0.027261
0.030817
0.029735
0.023097
0.0095656
-0.011254
-0.036629
-0.062037
-0.083807
-0.10017
-0.11023
-0.11392
-0.11235
-0.10768
-0.10272
-0.099288
-0.098078
-0.097411
-0.095932
-0.094197
-0.092608
-0.09153
-0.091198
-0.09185
-0.093686
-0.095974
-0.098379
-0.1008
-0.10289
-0.10558
-0.10919
-0.11308
-0.11636
-0.11809
-0.11766
-0.11549
-0.11258
-0.10951
-0.1065
-0.10315
-0.098342
-0.090771
-0.078934
-0.06229
-0.042546
-0.022946
-0.005766
0.0081799
0.018552
0.02605
0.030622
0.032352
0.033549
0.036356
0.041476
0.047683
0.053125
0.056526
0.057737
0.057512
0.057139
0.057308
0.058496
0.060514
0.061836
0.061068
0.0578
0.052322
0.04488
0.036077
0.027059
0.020021
0.01633
0.016261
0.018895
0.022866
0.027396
0.032254
0.038267
0.04613
0.055274
0.064472
0.072004
0.077651
0.080998
0.080556
0.076037
0.069093
0.061725
0.055864
0.053992
0.057564
0.066428
0.079557
0.094757
0.10998
0.12367
0.13358
0.1385
0.13939
0.13649
0.12849
0.11642
0.10335
0.091762
0.083543
0.080647
0.083603
0.090338
0.097707
0.10235
0.10231
0.098042
0.090627
0.082801
0.077083
0.074691
0.075245
0.076786
0.076696
0.072807
0.063618
0.04879
0.030088
0.010111
-0.0085723
-0.023866
-0.034992
-0.040588
-0.041109
-0.03813
-0.033653
-0.029338
-0.026758
-0.027053
-0.030319
-0.036479
-0.044363
-0.052818
-0.060504
-0.066725
-0.071159
-0.07374
-0.07553
-0.077307
-0.079197
-0.081782
-0.085081
-0.088771
-0.092895
-0.097158
-0.10056
-0.10231
-0.10234
-0.10121
-0.099183
-0.096078
-0.09202
-0.087195
-0.082194
-0.076344
-0.068807
-0.059161
-0.04816
-0.03727
-0.027175
-0.018796
-0.013244
-0.01117
-0.012102
-0.014917
-0.017747
-0.018959
-0.018651
-0.017833
-0.017171
-0.017588
-0.019593
-0.022859
-0.026551
-0.029053
-0.028954
-0.026331
-0.022185
-0.017134
-0.012523
-0.0096237
-0.0085065
-0.008775
-0.0096806
-0.010437
-0.0097409
-0.0070434
-0.0032879
0.00062264
0.0037478
0.0049274
0.003276
-0.0013388
-0.0077043
-0.014626
-0.02068
-0.024977
-0.027382
-0.028345
-0.029009
-0.030726
-0.033644
-0.037478
-0.042435
-0.047673
-0.052561
-0.05653
-0.058567
-0.058027
-0.054879
-0.04997
-0.044354
-0.038708
-0.033469
-0.028906
-0.023982
-0.01776
-0.0099246
-0.00085465
0.0088807
0.018495
0.027402
0.034132
0.038635
0.040938
0.041178
0.040103
0.038429
0.037222
0.037304
0.039668
0.04395
0.04926
0.054406
0.058459
0.060946
0.062077
0.061423
0.058685
0.054396
0.04858
0.041853
0.035423
0.030328
0.027129
0.026036
0.026289
0.02706
0.028065
0.028973
0.029151
0.028709
0.02727
0.024382
0.020031
0.014473
0.008105
0.0017025
-0.0039609
-0.0086875
-0.012678
-0.016266
-0.019789
-0.023523
-0.027416
-0.030418
-0.031783
-0.031263
-0.028696
-0.025065
-0.021269
-0.017679
-0.014006
-0.009863
-0.004651
0.0028839
0.013109
0.024728
0.036693
0.04732
0.054705
0.057803
0.056822
0.053186
0.048269
0.043552
0.04022
0.039418
0.041733
0.046507
0.052437
0.057789
0.060915
0.060889
0.057829
0.052931
0.047176
0.041165
0.036249
0.033507
0.033312
0.035057
0.037202
0.038404
0.037322
0.032943
0.024844
0.014238
0.0033384
-0.0055967
-0.011075
-0.013089
-0.012828
-0.011798
-0.011783
-0.014106
-0.019186
-0.026686
-0.035807
-0.04486
-0.05271
-0.058748
-0.062076
-0.061454
-0.056224
-0.046358
-0.032523
-0.016713
-0.0017883
0.0092338
0.014566
0.01416
0.0089476
0.0015403
-0.0045043
-0.0068939
-0.0043513
0.0031646
0.013346
0.02295
0.028774
0.028566
0.023099
0.013939
0.0032213
-0.0064733
-0.013406
-0.016582
-0.01655
-0.015013
-0.014323
-0.016231
-0.021069
-0.028188
-0.036242
-0.043407
-0.047678
-0.048456
-0.046564
-0.04344
-0.041572
-0.042699
-0.046979
-0.053975
-0.061631
-0.067623
-0.070259
-0.069634
-0.066181
-0.061247
-0.056782
-0.053709
-0.05189
-0.05058
-0.049168
-0.046879
-0.043507
-0.039689
-0.035717
-0.032349
-0.029873
-0.027989
-0.026612
-0.025651
-0.024185
-0.021376
-0.017016
-0.011227
-0.0050477
8.6514e-06
0.0028146
0.0030731
0.0012293
-0.0014142
-0.003219
-0.002883
0.00015239
0.0057294
0.01316
0.021277
0.028745
0.03399
0.036721
0.037058
0.034574
0.029624
0.023226
0.017183
0.012461
0.0095283
0.0087588
0.0092111
0.0094356
0.0074575
0.0017016
-0.0070302
-0.017063
-0.026049
-0.03209
-0.035079
-0.035346
-0.034271
-0.033685
-0.035108
-0.038785
-0.044056
-0.049376
-0.052063
-0.050303
-0.043838
-0.033388
-0.020949
-0.0090778
0.00029255
0.0056402
0.0059674
0.0021266
-0.0051958
-0.0145
-0.022099
-0.025001
-0.021746
-0.011745
0.0034723
0.021005
0.039303
0.057089
0.073108
0.085393
0.093161
0.096252
0.094857
0.089572
0.081146
0.070935
0.060284
0.051221
0.045455
0.042561
0.042574
0.045428
0.050136
0.055442
0.060052
0.062365
0.060854
0.054311
0.043579
0.030144
0.015421
0.0010947
-0.011088
-0.020273
-0.026227
-0.028873
-0.029239
-0.028324
-0.02722
-0.02639
-0.025979
-0.025768
-0.024669
-0.021722
-0.016719
-0.010638
-0.0034473
0.0041516
0.010792
0.014784
0.014656
0.010411
0.0033758
-0.0041984
-0.010085
-0.012762
-0.011701
-0.0075955
-0.0020328
0.0031075
0.0067438
0.0091975
0.010857
0.012734
0.015963
0.020761
0.026091
0.031318
0.034585
0.033887
0.028808
0.020408
0.01067
0.0012549
-0.0058536
-0.0088857
-0.0076385
-0.0038572
0.00086661
0.0044068
0.0056815
0.0048289
0.0028587
0.00086245
-0.00013537
0.00043668
0.0022426
0.003785
0.0042534
0.0037416
0.0025526
0.0017098
0.001686
0.0026265
0.0042232
0.0058657
0.0071696
0.0075534
0.0069893
0.0055799
0.0036845
0.0023191
0.0015204
0.0014016
0.0018258
0.0026127
0.0032193
0.0040582
0.006046
0.0096077
0.014466
0.020393
0.027382
0.034008
0.038685
0.040254
0.038327
0.033355
0.027116
0.02258
0.021138
0.022761
0.027099
0.032204
0.035716
0.035753
0.031834
0.024781
0.015968
0.0070033
-0.00083079
-0.0071154
-0.011699
-0.015166
-0.018131
-0.020543
-0.022052
-0.022671
-0.022774
-0.022365
-0.022175
-0.022969
-0.024951
-0.027687
-0.030627
-0.032629
-0.032554
-0.030441
-0.026753
-0.022539
-0.019085
-0.017059
-0.01655
-0.016423
-0.015398
-0.012807
-0.0085173
-0.0042488
-0.0021349
-0.003383
-0.0077873
-0.014354
-0.020657
-0.024569
-0.025603
-0.0236
-0.019203
-0.014582
-0.011518
-0.010136
-0.0098638
-0.0093558
-0.0078622
-0.0043455
0.00066245
0.0057658
0.0094207
0.010822
0.010792
0.01105
0.012687
0.015931
0.020041
0.0229
0.022677
0.018351
0.010113
-0.00091404
-0.012625
-0.023162
-0.031322
-0.036618
-0.039707
-0.041679
-0.043002
-0.044343
-0.045377
-0.045134
-0.043684
-0.041712
-0.039513
-0.03726
-0.035281
-0.032821
-0.029444
-0.025017
-0.019918
-0.014457
-0.0093796
-0.0054381
-0.0026887
-0.0010795
-0.00038304
0.00033053
0.002082
0.0053984
0.010595
0.017564
0.024776
0.030615
0.033791
0.033342
0.029737
0.024213
0.018969
0.015898
0.015791
0.019069
0.023947
0.027838
0.028834
0.025875
0.019593
0.012121
0.0063766
0.0042926
0.0061515
0.011062
0.01666
0.019573
0.017554
0.0095981
-0.0026613
-0.016045
-0.027038
-0.032765
-0.032748
-0.028668
-0.023158
-0.018854
-0.017678
-0.020444
-0.026144
-0.033232
-0.04035
-0.046903
-0.052605
-0.056508
-0.058786
-0.059539
-0.05859
-0.056071
-0.052503
-0.04864
-0.045255
-0.043054
-0.041927
-0.041669
-0.041696
-0.041183
-0.039666
-0.036808
-0.032914
-0.028047
-0.023388
-0.020083
-0.018287
-0.01765
-0.017421
-0.016952
-0.015362
-0.011886
-0.0073444
-0.0024678
0.0021137
0.0054337
0.0070195
0.0072772
0.0067985
0.0069554
0.0093179
0.014181
0.020833
0.028351
0.035669
0.041868
0.046409
0.048487
0.047862
0.044622
0.039387
0.033108
0.02689
0.022046
0.019518
0.019584
0.021639
0.024343
0.026777
0.028267
0.028663
0.028616
0.029132
0.031526
0.03563
0.040217
0.04388
0.045369
0.043866
0.039185
0.032765
0.02687
0.023287
0.02283
0.024886
0.027428
0.028561
0.028193
0.02712
0.026317
0.026864
0.029558
0.033767
0.038056
0.041165
0.041712
0.039667
0.036203
0.032426
0.028738
0.025204
0.021651
0.017801
0.013888
0.010808
0.010188
0.012367
0.016379
0.020433
0.022976
0.022537
0.018359
0.011441
0.003628
-0.0028749
-0.0063426
-0.0073328
-0.0072778
-0.0077711
-0.010449
-0.015595
-0.022593
-0.029978
-0.035606
-0.037937
-0.036752
-0.032777
-0.027449
-0.02227
-0.018545
-0.0164
-0.015723
-0.016044
-0.017031
-0.0182
-0.019412
-0.02086
-0.021794
-0.021662
-0.020298
-0.017462
-0.013126
-0.0078904
-0.0027616
0.0014083
0.0037884
0.0038806
0.0022597
-0.00052907
-0.0038561
-0.0065432
-0.007528
-0.0065303
-0.004447
-0.0022585
-0.001172
-0.0018787
-0.0046819
-0.0092139
-0.014129
-0.017117
-0.017169
-0.015237
-0.012693
-0.011364
-0.012649
-0.01686
-0.023084
-0.029678
-0.034517
-0.036031
-0.033961
-0.030167
-0.026452
-0.024206
-0.02476
-0.028173
-0.032865
-0.036571
-0.037783
-0.035926
-0.031579
-0.025982
-0.020431
-0.015712
-0.012223
-0.010141
-0.0093134
-0.0089137
-0.0081147
-0.0068004
-0.00486
-0.0023542
0.00048314
0.0038866
0.0080883
0.012973
0.018443
0.024189
0.029273
0.033054
0.03467
0.033523
0.029896
0.024778
0.019744
0.016035
0.013735
0.012144
0.010699
0.0091787
0.0074959
0.006333
0.0066744
0.0088395
0.012409
0.01571
0.017618
0.017078
0.014056
0.010114
0.0069286
0.0059471
0.0077207
0.011633
0.016848
0.021805
0.025386
0.02696
0.025888
0.022891
0.019196
0.015485
0.012118
0.0097689
0.0081922
0.0075411
0.0083209
0.010253
0.013549
0.018258
0.023997
0.029609
0.033773
0.035188
0.032794
0.026882
0.019607
0.014175
0.012415
0.014317
0.018641
0.023056
0.02593
0.026769
0.026124
0.025267
0.025578
0.027334
0.029696
0.031835
0.032953
0.032577
0.030881
0.029016
0.027868
0.027555
0.027959
0.027962
0.026656
0.023863
0.019786
0.015351
0.011937
0.010469
0.011432
0.014168
0.017048
0.018086
0.015988
0.01055
0.0027407
-0.0058439
-0.012945
-0.016703
-0.016514
-0.012908
-0.0073503
-0.0013131
0.0034701
0.0059343
0.0060082
0.0041777
0.0012958
-0.001708
-0.0040776
-0.0053821
-0.0052906
-0.0041172
-0.0026606
-0.0015032
-0.0012319
-0.0023641
-0.0051393
-0.0090382
-0.013047
-0.016136
-0.017678
-0.017437
-0.016274
-0.015617
-0.016495
-0.019596
-0.024965
-0.032204
-0.039991
-0.046971
-0.052016
-0.054219
-0.05389
-0.052402
-0.050899
-0.04999
-0.04994
-0.050352
-0.050318
-0.048724
-0.045031
-0.039685
-0.033476
-0.027311
-0.022294
-0.018758
-0.016188
-0.013901
-0.011746
-0.0099744
-0.0086481
-0.0077789
-0.0072547
-0.006149
-0.003975
-0.00029706
0.004479
0.0094706
0.013318
0.014917
0.013669
0.0096311
0.0036476
-0.0026799
-0.0075829
-0.0097653
-0.0087199
-0.0048594
-2.5432e-05
0.0035491
0.0046068
0.0032102
0.00011151
-0.0034123
-0.0061141
-0.0070621
-0.0065488
-0.0049705
-0.0027467
-0.00024671
0.00213
0.0041878
0.006496
0.0090464
0.011425
0.013275
0.01459
0.015286
0.015684
0.016353
0.01694
0.017156
0.017141
0.017134
0.016968
0.016358
0.015567
0.014888
0.014907
0.01555
0.016213
0.016809
0.016586
0.01487
0.011652
0.0072609
0.0025992
-0.0012981
-0.0035846
-0.0036327
-0.0019005
0.0007791
0.003806
0.0063522
0.0082751
0.0096645
0.010418
0.010496
0.0097503
0.0079733
0.0053539
0.0026204
0.00017591
-0.0011221
-0.0012746
-0.00020465
0.0019125
0.0043362
0.006072
0.0064887
0.0050865
0.0020755
-0.0017945
-0.0056375
-0.0091005
-0.011798
-0.013093
-0.012573
-0.010592
-0.007563
-0.004265
-0.0010785
0.0018353
0.0045944
0.0070184
0.0087607
0.0096758
0.0092347
0.0071299
0.0028587
-0.00272
-0.0077938
-0.010761
-0.010597
-0.0080547
-0.0044158
-0.0015161
-0.0014787
-0.0046765
-0.0099097
-0.015294
-0.018691
-0.018854
-0.015662
-0.010094
-0.0041374
0.00052746
0.0025379
0.0011606
-0.0032576
-0.0094228
-0.015943
-0.020743
-0.023168
-0.022869
-0.020184
-0.016415
-0.013092
-0.011692
-0.012341
-0.01434
-0.015975
-0.01595
-0.014176
-0.010973
-0.0071419
-0.0043502
-0.0037926
-0.0055004
-0.0085042
-0.011474
-0.013267
-0.01338
-0.011645
-0.0086776
-0.0053625
-0.0024647
-0.00017464
0.001151
0.0018944
0.0022813
0.0020873
0.0020869
0.0027007
0.0031647
0.0028826
0.0014717
-0.00072819
-0.0034895
-0.0059255
-0.0071665
-0.0070744
-0.0062598
-0.0051519
-0.0043056
-0.0039884
-0.0037184
-0.0024343
-2.705e-05
0.0036079
0.0084134
0.0136
0.017638
0.019528
0.01924
0.017272
0.014371
0.011743
0.010444
0.010936
0.012427
0.014269
0.015445
0.015744
0.014976
0.013911
0.013875
0.015492
0.017482
0.018686
0.017577
0.012878
0.0052043
-0.0037299
-0.011561
-0.015701
-0.01501
-0.009429
-0.00069399
0.0083066
0.014317
0.0154
0.01149
0.0042378
-0.0035029
-0.0088476
-0.010092
-0.007917
-0.0041844
-0.0011569
-0.00039186
-0.0024671
-0.0065968
-0.011159
-0.013925
-0.013205
-0.0089663
-0.0023235
0.0046824
0.0097527
0.011743
0.010635
0.0069006
0.0016743
-0.0030747
-0.0058391
-0.0059346
-0.0035271
-0.00011865
0.0028533
0.0039845
0.0025072
-0.00097569
-0.0048107
-0.0074539
-0.0079618
-0.0062893
-0.0029769
0.0004987
0.0021366
0.0011568
-0.0016827
-0.0047968
-0.0065352
-0.0062903
-0.0041522
-0.0011813
0.0014129
0.0021025
0.0003494
-0.0029129
-0.006389
-0.008965
-0.0098358
-0.0086076
-0.0054674
-0.0012776
0.0026429
0.0055866
0.0067353
0.0057081
0.0030811
-1.0107e-05
-0.0023209
-0.0033538
-0.003354
-0.0029565
-0.003014
-0.0043541
-0.0069725
-0.010269
-0.012782
-0.013322
-0.011383
-0.0074521
-0.0025615
0.0018117
0.0041993
0.0043482
0.003015
0.001401
0.00032217
0.00011093
0.0010141
0.0031997
0.0061963
0.0095561
0.01288
0.015727
0.017821
0.018666
0.018153
0.016574
0.014337
0.011745
0.0092953
0.0076715
0.0071068
0.007549
0.0088431
0.010726
0.012672
0.014199
0.015268
0.015382
0.01507
0.014546
0.014179
0.014006
0.014078
0.014726
0.014978
0.014019
0.011849
0.0081645
0.002688
-0.0033491
-0.0077342
-0.0089553
-0.0066196
-0.0013045
0.0057511
0.012386
0.016638
0.017468
0.015244
0.011428
0.0075041
0.0046204
0.003209
0.0028673
0.0029463
0.0026211
0.0013007
-0.00070549
-0.0027654
-0.003759
-0.0029488
-0.00094815
0.0013421
0.0036779
0.0048431
0.004104
0.0016314
-0.0016893
-0.0047913
-0.0065733
-0.006673
-0.0057873
-0.004918
-0.0050474
-0.0065061
-0.0089375
-0.011649
-0.014099
-0.015282
-0.014805
-0.012911
-0.010234
-0.0072154
-0.005167
-0.0049563
-0.0064559
-0.0089415
-0.011414
-0.013306
-0.014356
-0.014392
-0.013997
-0.013487
-0.013285
-0.013463
-0.013847
-0.014469
-0.014889
-0.014923
-0.014106
-0.012203
-0.0095995
-0.0070182
-0.0056942
-0.0056938
-0.0069932
-0.0090498
-0.011033
-0.012199
-0.012038
-0.010626
-0.008424
-0.0057405
-0.0035647
-0.0028468
-0.0037111
-0.0052968
-0.0065162
-0.0068096
-0.0057883
-0.0033714
-0.0003399
0.00161
0.00179
0.0008511
-0.00053878
-0.0021536
-0.0033194
-0.0033035
-0.0025377
-0.0016375
-0.0010961
-0.00098275
-0.0010566
-0.0013206
-0.0014323
-0.0011147
-5.5312e-05
0.001881
0.0039961
0.0056338
0.0062958
0.005768
0.0042944
0.0019974
-0.0003305
-0.0013893
-0.0005428
0.0016571
0.0040965
0.0063177
0.0080136
0.0084059
0.0077251
0.0063397
0.0049545
0.0039005
0.0030515
0.0029211
0.0029513
0.0027988
0.0027164
0.0024824
0.0017285
0.00090703
0.00062417
0.0011032
0.0023612
0.0039144
0.0049365
0.0046756
0.0030577
0.000864
-0.0011079
-0.0020252
-0.001283
0.00066529
0.0027949
0.0038782
0.0032132
0.00097703
-0.0018576
-0.0044258
-0.0062016
-0.006425
-0.0049608
-0.0027943
-0.00058152
0.001099
0.0014779
0.00046217
-0.0012237
-0.0027261
-0.0029852
-0.0013914
0.0018969
0.0056783
0.0085083
0.0095385
0.0084025
0.0052232
0.0012825
-0.0016109
-0.0021869
-0.00038683
0.0030048
0.006877
0.0093336
0.0095233
0.0075017
0.0036094
-0.00075515
-0.0039364
-0.0052567
-0.0046179
-0.0025409
-0.00057815
0.00049246
0.00039411
-0.0011759
-0.0032266
-0.0047092
-0.0052722
-0.0050693
-0.0048505
-0.0051987
-0.006437
-0.008129
-0.0094006
-0.0093509
-0.0077812
-0.004912
-0.0011961
0.0019786
0.0033811
0.003193
0.0022056
0.00089449
0.00027416
0.0009424
0.0026743
0.0049441
0.0065855
0.0066371
0.005189
0.0028279
-1.4393e-05
-0.0021265
-0.0026741
-0.00206
-0.00050491
0.00082093
0.0010944
0.00054499
-0.0010215
-0.0030861
-0.0043705
-0.0043302
-0.0027676
-9.3942e-05
0.0026811
0.0047592
0.0058188
0.0058287
0.0048621
0.0034835
0.0023795
0.0022001
0.0029093
0.0044472
0.0062766
0.007798
0.0088513
0.0091026
0.0084707
0.0069003
0.0050461
0.003869
0.0037526
0.0040712
0.0043288
0.0037087
0.0011551
-0.0029746
-0.0072609
-0.010747
-0.012474
-0.012049
-0.010141
-0.0076409
-0.005898
-0.0053758
-0.0056096
-0.0064272
-0.0072756
-0.0075094
-0.0069527
-0.0061135
-0.0054841
-0.0054089
-0.0056993
-0.0060603
-0.005593
-0.0040789
-0.001638
0.00098366
0.0031935
0.0050619
0.0062143
0.0066134
0.0060745
0.0047689
0.0031852
0.0016145
0.0002121
-0.00099177
-0.0018332
-0.0022506
-0.0022952
-0.0019104
-0.0012817
-0.00090147
-0.0010601
-0.0015816
-0.0020334
-0.0019213
-0.0010851
0.00077023
0.0028438
0.0042228
0.0044357
0.0028158
-6.3116e-05
-0.0025847
-0.0034655
-0.0028875
-0.0010984
0.0019546
0.005352
0.0078455
0.0087517
0.0078834
0.0054404
0.0017518
-0.0015314
-0.0032507
-0.0034171
-0.0021187
0.00039826
0.0036094
0.0068996
0.0091358
0.0096249
0.0084349
0.0061873
0.0031247
0.00027751
-0.0014546
-0.0019315
-0.0012669
-2.0968e-05
0.00075181
0.00020677
-0.0012638
-0.0031537
-0.0047509
-0.0056103
-0.0057299
-0.0054972
-0.0054214
-0.0055939
-0.0060097
-0.0063924
-0.0060644
-0.0047393
-0.0031346
-0.0014037
0.00024159
0.001555
0.0026325
0.003618
0.0042925
0.0041444
0.0034545
0.0024821
0.0015566
0.00090222
0.0006996
0.001403
0.0027435
0.0043778
0.0061596
0.0075161
0.0079286
0.0070916
0.0049729
0.0019264
-0.0011851
-0.0035292
-0.0041588
-0.0025713
0.00076288
0.0048077
0.0081106
0.0098604
0.0098132
0.0080109
0.0051369
0.0022081
0.00047683
-6.6639e-05
-3.8607e-05
0.00038773
0.00084881
0.00099389
0.0011002
0.0014144
0.0018088
0.0021206
0.0022229
0.0020052
0.0017428
0.0014561
0.001032
0.00028572
-0.00062953
-0.0015511
-0.0023712
-0.0029677
-0.0031571
-0.0032069
-0.0033573
-0.0032507
-0.0026885
-0.0016547
-0.00013486
0.0016092
0.0027415
0.0025568
0.00091035
-0.0020748
-0.0061531
-0.0096075
-0.010847
-0.0093363
-0.0057298
-0.0014456
0.0017782
0.0029748
0.002021
-0.00098675
-0.0050134
-0.0084178
-0.010064
-0.0095912
-0.0079029
-0.00576
-0.0038883
-0.0034022
-0.0042545
-0.0056016
-0.0067695
-0.0072882
-0.0073597
-0.0071265
-0.0067293
-0.0061196
-0.0048759
-0.0033674
-0.0019548
-0.0010632
-0.00088564
-0.0012
-0.0018953
-0.0029777
-0.0036684
-0.0039173
-0.0039915
-0.0040289
-0.0048687
-0.0060854
-0.0070413
-0.0080933
-0.0089699
-0.0089419
-0.0083499
-0.0077269
-0.0068975
-0.006203
-0.0058219
-0.0053921
-0.0052149
-0.0054292
-0.0054511
-0.0050725
-0.0041581
-0.0024048
-0.0001611
0.0022491
0.0040842
0.0049916
0.0049768
0.0043031
0.003788
0.0039725
0.0052396
0.0074953
0.010036
0.012008
0.012991
0.013019
0.012024
0.010141
0.0082122
0.0066154
0.0054768
0.0050456
0.0049815
0.0048136
0.0043579
0.0040189
0.0042862
0.0053542
0.0072291
0.0095628
0.011833
0.013186
0.013111
0.011823
0.0099487
0.0081628
0.0069946
0.0066806
0.0068753
0.0069601
0.0068289
0.0063356
0.0057999
0.0059926
0.0068771
0.0082787
0.0096095
0.010442
0.010695
0.010131
0.0088935
0.0073093
0.0053445
0.0039277
0.0035701
0.0038152
0.0047067
0.0058861
0.0065114
0.0059365
0.0043497
0.0023091
0.00015526
-0.0012978
-0.0022297
-0.0034042
-0.0050845
-0.0074879
-0.010245
-0.012365
-0.01301
-0.012014
-0.0098501
-0.0074831
-0.005884
-0.0057386
-0.0066425
-0.0080047
-0.0092735
-0.0097225
-0.0089443
-0.0073603
-0.0056992
-0.0046922
-0.0048692
-0.0059961
-0.0079138
-0.0096977
-0.011071
-0.012042
-0.012257
-0.011997
-0.011269
-0.010136
-0.0091397
-0.0078726
-0.0062815
-0.0044735
-0.0029292
-0.0017076
-0.00072516
-0.00031982
-0.00071088
-0.0014248
-0.0020144
-0.0022219
-0.0017096
-0.00083846
-0.00013659
0.00029464
0.00033631
0.00033802
0.00094113
0.0018869
0.0027873
0.0038142
0.004404
0.0041408
0.0031585
0.0017695
-4.5047e-05
-0.0020759
-0.0040164
-0.0056939
-0.0068514
-0.0073773
-0.0070573
-0.0061292
-0.0053688
-0.0051975
-0.005609
-0.006361
-0.0070344
-0.0069623
-0.0061975
-0.0052614
-0.0049174
-0.0054913
-0.0060299
-0.0060421
-0.0054463
-0.004485
-0.0031821
-0.0013805
0.00064885
0.0027325
0.0044663
0.0059075
0.0070897
0.0075865
0.0075995
0.007345
0.0064249
0.0051025
0.0042059
0.004201
0.0051652
0.006781
0.0084105
0.0094221
0.0098244
0.0094557
0.0079975
0.0059594
0.004442
0.0037997
0.0041434
0.0051515
0.0061127
0.0064348
0.006032
0.0053968
0.0049866
0.0057609
0.0074712
0.0089649
0.0096976
0.0088646
0.0064549
0.0032159
2.038e-05
-0.0018612
-0.0018349
-0.00027544
0.0017603
0.0030385
0.0028994
0.001555
-0.00061595
-0.0025482
-0.0031585
-0.0024515
-0.0012455
-0.00013736
-1.4584e-05
-0.0011801
-0.0030349
-0.0051142
-0.0061796
-0.0059257
-0.0048885
-0.0032406
-0.0016048
-0.00034623
0.00047884
0.00078895
0.00080156
0.00061883
0.0004655
3.5319e-05
-0.0004364
-0.00083959
-0.0012798
-0.0012147
-0.00072699
0.00021315
0.0015945
0.0030983
0.0042418
0.0046449
0.0043635
0.0032348
0.0016147
-0.00023002
-0.00182
-0.0026846
-0.0031272
-0.003543
-0.0041685
-0.0050989
-0.0061302
-0.0068413
-0.0067135
-0.0062031
-0.005337
-0.0042585
-0.0035646
-0.0037809
-0.0046802
-0.0056707
-0.0066258
-0.0074924
-0.0079525
-0.0080605
-0.0076837
-0.0069423
-0.0059056
-0.0046223
-0.0034075
-0.00224
-0.0013124
-0.00048536
0.00085548
0.0022364
0.0037173
0.0048932
0.0051269
0.004561
0.0032685
0.0020854
0.001542
0.0018561
0.0031309
0.0046405
0.0057425
0.0059236
0.0053749
0.0046947
0.0044392
0.0047346
0.0054547
0.0067632
0.007913
0.0082932
0.0082451
0.0079089
0.0074336
0.007185
0.0070117
0.0068536
0.0066162
0.0068756
0.0070638
0.0063816
0.0053849
0.0042343
0.0030119
0.002282
0.0023312
0.003164
0.0046359
0.0059818
0.0068334
0.006701
0.0054511
0.0039643
0.0028921
0.0025265
0.0030827
0.0035381
0.0031722
0.0017775
-0.00039789
-0.0024242
-0.0036439
-0.0038264
-0.0028168
-0.0016742
-0.0006988
-0.00011717
-9.7841e-05
-0.00037205
-0.00091987
-0.0016898
-0.0024032
-0.0030902
-0.0037671
-0.0040193
-0.0037163
-0.0032085
-0.0027775
-0.0026698
-0.0030493
-0.0034379
-0.0037018
-0.0040869
-0.0043924
-0.0049155
-0.0057803
-0.0064497
-0.0066831
-0.0065179
-0.0059793
-0.0049367
-0.0037875
-0.0029145
-0.0025645
-0.0033826
-0.0052195
-0.0075267
-0.0092155
-0.010022
-0.010325
-0.009906
-0.0090277
-0.0079653
-0.0069236
-0.0060422
-0.0054254
-0.0047883
-0.0040815
-0.0035206
-0.00329
-0.0033494
-0.0038705
-0.0048321
-0.005724
-0.0060284
-0.0055175
-0.0048065
-0.004228
-0.0041408
-0.0046102
-0.0055367
-0.0065233
-0.0068573
-0.0069654
-0.0071451
-0.0071843
-0.0069664
-0.0065487
-0.0058015
-0.0046368
-0.0032701
-0.0020689
-0.001401
-0.0013933
-0.0016373
-0.0016006
-0.000835
0.00037825
0.0016576
0.0031982
0.0046659
0.0054551
0.0059475
0.006577
0.0074867
0.0083891
0.0093245
0.010032
0.010037
0.0095135
0.0090359
0.0086369
0.0084513
0.0085541
0.0086605
0.0081133
0.0071486
0.0061404
0.0053344
0.0050253
0.0053182
0.0060668
0.006829
0.0071993
0.0068318
0.0055108
0.0036655
0.0014427
-0.00018236
-0.00018949
0.00086527
0.0024896
0.0039364
0.0047282
0.0049118
0.0044351
0.003369
0.0021978
0.0013326
0.00070622
0.00054917
0.00057798
0.00077844
0.00094585
0.00086363
0.00034041
-6.9115e-05
-0.00025773
-0.00038175
-0.00028819
0.00026492
0.0010105
0.001559
0.0018636
0.0019244
0.0020828
0.0023165
0.0023881
0.0020426
0.0013584
0.00083268
0.00037223
0.00022349
0.00053679
0.0011748
0.0016115
0.0015339
0.0015082
0.001728
0.0020267
0.0022653
0.0022839
0.002106
0.001665
0.00083605
-3.3646e-05
-0.00068982
-0.00089144
-0.00081232
-0.000709
-0.00095925
-0.0015788
-0.0024451
-0.0029963
-0.0033548
-0.0037331
-0.004074
-0.0044059
-0.0043309
-0.0039725
-0.0034681
-0.0031992
-0.0031971
-0.0035113
-0.0039341
-0.0038013
-0.0032225
-0.0023938
-0.0013262
-0.00031591
0.00048886
0.00073549
0.00019249
-0.00054114
-0.00087899
-0.00057095
0.00010588
0.00090023
0.001757
0.0025294
0.0031174
0.0027438
0.0017149
0.00060216
-0.00049845
-0.0015335
-0.0018961
-0.0014115
-0.00057169
0.00022336
0.00062843
0.00069697
0.00075871
0.00090524
0.0011241
0.0016108
0.0020492
0.0020889
0.0017725
0.00096441
-0.00028699
-0.0015328
-0.002623
-0.0034707
-0.0035271
-0.0025194
-0.00092913
0.00091102
0.0027661
0.0041536
0.0047866
0.0048007
0.0042475
0.0034369
0.002792
0.0020468
0.0012612
0.00020018
-0.0010016
-0.0018982
-0.0025205
-0.0028434
-0.0030177
-0.0030756
-0.0031207
-0.0033106
-0.0037177
-0.0041245
-0.0038858
-0.0031927
-0.0023837
-0.001853
-0.0019498
-0.0025612
-0.0031833
-0.0034789
-0.0032581
-0.0027188
-0.0019502
-0.0013237
-0.0012132
-0.0015343
-0.0019186
-0.0019264
-0.0014594
-0.00054089
0.00068507
0.0015256
0.0014085
0.00025903
-0.0014757
-0.0025619
-0.0028077
-0.0020926
-0.00066392
0.00056665
0.0013214
0.00091757
-0.0003529
-0.0020385
-0.0036161
-0.0044952
-0.0046262
-0.0044267
-0.0040546
-0.0035327
-0.0027453
-0.0018043
-0.00071195
0.00026912
0.00078215
0.00051674
-0.00011101
-0.00081591
-0.0014412
-0.0014541
-0.0012475
-0.00084858
-0.00016648
0.00038722
0.00088469
0.0013268
0.0015944
0.0021996
0.0026622
0.0026836
0.0024452
0.0018646
0.0012092
0.0008109
0.00092958
0.0013252
0.0017847
0.0025034
0.0032672
0.0040189
0.0046888
0.0054208
0.0059761
0.0059647
0.0054057
0.0045805
0.0037076
0.0032626
0.0030627
0.0030383
0.0031204
0.0028029
0.0018258
0.00065651
-0.00046783
-0.0012939
-0.001822
-0.0021093
-0.0020482
-0.0016482
-0.00076977
0.00062566
0.0023367
0.0039284
0.0050248
0.0052516
0.0044401
0.0026286
0.00053465
-0.00063527
-0.00074635
0.00066909
0.0029681
0.0048903
0.005964
0.0061647
0.0057738
0.005151
0.0043283
0.0037736
0.0037837
0.0039909
0.003932
0.0039862
0.0037423
0.0030576
0.0024303
0.0017835
0.0014191
0.0013889
0.0016524
0.0015952
0.001068
0.00026184
-0.00032068
-0.00023287
0.00023362
0.00074129
0.0011892
0.0011319
0.00045452
-9.3948e-05
0.0002074
0.0013435
0.0029482
0.0043894
0.0050293
0.0045685
0.0033035
0.0017606
0.00072971
0.00048978
0.00099092
0.001905
0.002705
0.0030968
0.0028938
0.002346
0.0019782
0.0016263
0.0012173
0.00088608
0.00043752
9.1459e-05
0.00013496
0.00036221
0.00071972
0.00085288
0.00019348
-0.00070505
-0.001726
-0.0028424
-0.0035622
-0.0036697
-0.0033613
-0.0031407
-0.0030957
-0.0038375
-0.0053346
-0.0069777
-0.008543
-0.0098464
-0.010069
-0.0092941
-0.0077633
-0.0059384
-0.0041765
-0.002549
-0.0014693
-0.0011636
-0.0017316
-0.0029852
-0.0045828
-0.0058247
-0.0064788
-0.0063809
-0.0053438
-0.003616
-0.0020324
-0.0013576
-0.0018637
-0.0030178
-0.0041049
-0.0043329
-0.0033475
-0.0016373
-0.0002408
0.00012405
-0.00074634
-0.0026844
-0.0041659
-0.0046329
-0.0038893
-0.0021215
7.2616e-05
0.0019122
0.0027834
0.002632
0.0017532
0.00061609
-7.8998e-05
-0.00034048
-0.00042541
-0.00040569
-0.00026351
2.2097e-05
0.0005679
0.0016848
0.003188
0.0047938
0.0060908
0.0065728
0.0064536
0.0056169
0.0038745
0.0017169
-0.00034261
-0.0015285
-0.0019212
-0.0016356
-0.0012888
-0.0012954
-0.0017293
-0.0026004
-0.0028733
-0.0018483
0.00058852
0.0036321
0.0062348
0.0075578
0.0070658
0.0049392
0.002127
-3.6428e-06
-0.00096259
-0.00094465
-0.00024633
0.00044402
0.00072358
0.00056349
0.0003519
0.00080092
0.0019314
0.0031555
0.0041205
0.0045931
0.0044249
0.0037486
0.0027986
0.0021717
0.0018088
0.001557
0.0017768
0.0025876
0.0036099
0.0047311
0.0056663
0.0060947
0.0058801
0.0049484
0.0036976
0.0027688
0.0022459
0.002514
0.0032859
0.003682
0.0035991
0.0027212
0.0010853
-0.00103
-0.0032982
-0.0046942
-0.0051584
-0.0048767
-0.0043159
-0.0039614
-0.0039652
-0.0043992
-0.0052039
-0.0057429
-0.0056413
-0.0050261
-0.0039322
-0.0027194
-0.0017547
-0.0011878
-0.0012897
-0.0018572
-0.0017753
-0.00097479
-0.00011133
0.00091828
0.0020701
0.0031401
0.0037715
0.0036481
0.0029204
0.0024812
0.0019942
0.0011287
4.6885e-05
-0.00099694
-0.0014008
-0.0012557
-0.00098376
-0.00071421
-0.00051005
-0.00060053
-0.0008937
-0.0013573
-0.0018806
-0.002115
-0.0017465
-0.0010205
-0.0001201
0.00089995
0.0018505
0.0023788
0.0020758
0.0011262
0.00016316
-0.00072655
-0.0012845
-0.0013351
-0.00085791
0.00012781
0.0014604
0.0025429
0.0030172
0.0029218
0.0023217
0.0015478
0.00083444
0.00025465
0.00015089
0.00060387
0.0010352
0.0015386
0.0019006
0.0019571
0.001607
0.00079956
-8.3939e-05
-0.0010858
-0.0019138
-0.0023876
-0.0028392
-0.0032189
-0.0033738
-0.0031588
-0.0025296
-0.0021756
-0.0019229
-0.0018346
-0.0020056
-0.0023357
-0.0024276
-0.0019882
-0.0016836
-0.0017126
-0.0019788
-0.0022648
-0.001973
-0.0012783
-0.00054858
9.7662e-05
0.0003935
0.00016834
-0.00032431
-0.00076432
-0.00091994
-0.00053364
5.401e-05
8.4363e-05
-2.2162e-06
-0.00035221
-0.00074916
-0.00055157
0.00026635
0.0011303
0.0019094
0.0027463
0.0032916
0.0034888
0.0033341
0.0031233
0.00339
0.0037183
0.0038561
0.0039839
0.0038227
0.0033952
0.0028843
0.0022917
0.0017513
0.0012565
0.00073999
0.00011308
-0.00034805
-0.00063978
-0.00064867
-0.00034651
-0.00011974
0.00010742
0.00045932
0.00083922
0.0011577
0.00089401
0.00014146
-0.0010102
-0.0024687
-0.0036679
-0.0040443
-0.0034673
-0.002253
-0.00068934
0.00084409
0.001931
0.0021236
0.0017328
0.0013162
0.0010573
0.00089945
0.00077462
0.0002862
-0.00039554
-0.00086241
-0.001438
-0.002061
-0.0023671
-0.0022196
-0.0020949
-0.0018642
-0.00138
-0.0010846
-0.0012547
-0.0017573
-0.0023701
-0.0031006
-0.0038698
-0.0045505
-0.0050441
-0.0051503
-0.0049419
-0.0048236
-0.0045941
-0.0042033
-0.0036424
-0.0029115
-0.0024738
-0.0018362
-0.0010846
-0.00022149
0.0009162
0.0015595
0.0017869
0.0018208
0.0014087
0.00083833
0.0004774
0.00076244
0.0015324
0.0023847
0.0032593
0.0040556
0.0045689
0.0044314
0.0041974
0.0041251
0.0041151
0.0038095
0.002902
0.001637
0.00037097
-0.0003559
-0.00065576
-0.00058903
-0.00015137
0.00027189
0.00077924
0.0011106
0.00069877
9.6666e-05
-0.000203
-0.00047862
-0.00048845
1.6088e-06
0.00081296
0.0013664
0.0015519
0.0010448
-1.6516e-05
-0.0011663
-0.0020305
-0.0023149
-0.0019534
-0.001286
-0.00033258
0.00069278
0.0014197
0.0015592
0.0010104
7.3391e-05
-0.00090099
-0.0017486
-0.0019898
-0.0015134
-0.00057738
0.00065955
0.0019732
0.0030365
0.0035747
0.0035563
0.0031959
0.0031684
0.0034525
0.0038315
0.0043412
0.0048213
0.0050692
0.0047805
0.0038389
0.0030062
0.0029494
0.0034038
0.0037291
0.0036476
0.0033101
0.0025953
0.0015013
0.00051448
1.5299e-05
-0.00013479
-0.00020654
-6.2895e-05
-8.2493e-05
-0.00049181
-0.0011521
-0.0020105
-0.0028897
-0.0037081
-0.0042695
-0.0045896
-0.0045115
-0.0041652
-0.0037378
-0.0034472
-0.0036587
-0.0040731
-0.0045023
-0.0047297
-0.0045982
-0.004242
-0.003455
-0.0024341
-0.0016084
-0.0010478
-0.00087391
-0.0011313
-0.0017493
-0.0024135
-0.0026371
-0.0022052
-0.0009991
0.00051432
0.0016988
0.0023759
0.0023625
0.0018244
0.0009118
-0.00016028
-0.00062639
-0.00071641
-0.00071062
-0.00028976
0.00017766
0.00064945
0.00097683
0.0011086
0.0011557
0.0010741
0.00073676
0.00034057
6.9028e-05
-0.00012436
-0.00054333
-0.0011299
-0.0017561
-0.0024359
-0.0027816
-0.0026323
-0.0022933
-0.0023127
-0.0026497
-0.0028223
-0.0027731
-0.0027249
-0.002495
-0.0019065
-0.0011857
-0.00046535
-5.5931e-07
0.00024939
0.00038956
0.00052156
0.00088952
0.0013829
0.0015599
0.0013173
0.0009862
0.00071309
0.00043272
0.00045055
0.00077695
0.001087
0.00083449
0.00025605
8.9675e-05
-9.6279e-05
-0.00040831
-0.00046945
-0.00022809
6.594e-05
0.00046204
0.00098201
0.0014306
0.0019119
0.0023532
0.0024346
0.002259
0.0019834
0.0018666
0.0016868
0.0014668
0.0013322
0.0015153
0.001773
0.0021819
0.002542
0.0029332
0.0032061
0.0030326
0.0025326
0.0016819
0.00095735
0.00072049
0.00063377
0.00047979
8.8459e-05
-0.00031497
-0.00067884
-0.0011313
-0.0016539
-0.0021279
-0.0028075
-0.0033844
-0.0036008
-0.0034755
-0.0031507
-0.0026766
-0.0022161
-0.001641
-0.0011519
-0.00064672
-0.00017295
9.5502e-05
0.00065169
0.0011263
0.0013906
0.0014178
0.0011947
0.00098188
0.0005912
-7.8975e-06
-0.00064744
-0.0011488
-0.0015879
-0.0018628
-0.0019605
-0.002213
-0.0026824
-0.0035068
-0.0043381
-0.0050488
-0.0055476
-0.0056165
-0.00537
-0.0052863
-0.0052132
-0.0050974
-0.0049928
-0.0047683
-0.0043946
-0.0037229
-0.0030117
-0.0027142
-0.0028695
-0.00315
-0.0030043
-0.0023127
-0.0014009
-0.0003393
0.00067353
0.0014768
0.0018566
0.0016977
0.0011915
0.00076259
0.00020122
-0.00057278
-0.0010919
-0.0015341
-0.0019492
-0.0021355
-0.0021345
-0.0020327
-0.002061
-0.0020252
-0.0017526
-0.0011389
-0.00043357
0.00025318
0.00095581
0.0016811
0.0021136
0.0021963
0.0020057
0.0017194
0.0016168
0.00174
0.0021261
0.0028679
0.0034385
0.0035122
0.0030703
0.0023004
0.0015006
0.0011103
0.00093159
0.00092669
0.00093945
0.00067702
0.00031964
-7.2107e-05
-0.00017714
9.2814e-05
0.00066185
0.0012414
0.0015713
0.0015578
0.0012319
0.00081312
0.00061061
0.00081609
0.0012227
0.0019356
0.0023239
0.0023819
0.0024171
0.002488
0.0023572
0.0021923
0.0022468
0.0023378
0.0024919
0.0026389
0.0027284
0.0028655
0.0029933
0.0030593
0.0029139
0.002292
0.0016342
0.0010276
0.00038586
-9.3487e-05
-0.00052127
-0.00097481
-0.0012208
-0.0014137
-0.0013298
-0.00090135
-0.0003753
4.367e-05
0.00038205
0.00050406
0.00036349
0.00019551
-2.8764e-05
-0.00025517
-0.00044217
-0.00067122
-0.00095599
-0.0011847
-0.0013036
-0.0012469
-0.0010507
-0.00083141
-0.00069161
-0.00055269
-0.00040167
-0.00021864
8.7328e-05
0.00038851
0.00047005
0.00022779
-0.00029701
-0.00093434
-0.0014869
-0.0017463
-0.0016383
-0.0011177
-0.0004147
0.00023554
0.00057695
0.00045029
3.1748e-05
-0.00029781
-0.00051466
-0.00053126
-0.00034157
-2.0649e-05
0.00026118
0.00028714
6.628e-05
-0.00027553
-0.00058622
-0.00079143
-0.00083069
-0.00075861
-0.0007049
-0.00062853
-0.00053958
-0.00041554
-0.00025735
-9.8635e-05
9.7392e-07
8.8283e-05
0.00014091
0.00014363
0.00012037
4.5652e-05
-6.6344e-05
-0.00010696
-8.1414e-06
0.00016594
0.0003492
0.00048937
0.00059378
0.00062741
0.00052236
0.00044104
0.0003772
0.00031985
0.0002859
0.00022664
7.7688e-05
-0.00010859
-0.00030451
-0.00051264
-0.00066021
-0.00068307
-0.00061474
-0.00053056
-0.00044903
-0.00034732
-0.00026946
-0.00017244
-7.2921e-05
1.334e-05
8.442e-05
0.00010339
5.8105e-05
-5.8322e-06
-6.3155e-05
-0.00010265
-0.00010019
-6.9616e-05
-5.6295e-05
-6.3739e-05
-9.5013e-05
-0.00012356
-0.00013461
-0.00012665
-9.2705e-05
-7.0658e-05
-6.9706e-05
-7.9065e-05
-6.9513e-05
-5.3382e-05
-2.7376e-05
4.9207e-06
1.6589e-05
5.5175e-06
-8.4313e-06
-2.272e-05
-4.6265e-05
-6.4161e-05
-7.2292e-05
-7.7285e-05
-6.5777e-05
-5.329e-05
-4.5572e-05
-4.0783e-05
-2.8947e-05
-7.6183e-06
1.7112e-05
3.0626e-05
3.8944e-05
5.0829e-05
5.2321e-05
3.5876e-05
1.1133e-05
-1.0975e-05
-3.0786e-05
-3.7554e-05
-3.0796e-05
-1.5007e-05
2.7857e-06
2.018e-05
3.5171e-05
4.7913e-05
5.9554e-05
6.7536e-05
7.4238e-05
7.9567e-05
8.3177e-05
8.4832e-05
8.418e-05
8.51e-05
8.6562e-05
8.7859e-05
9.017e-05
9.2982e-05
9.6031e-05
9.7773e-05
0.00010011
0.00010326
0.00010527
0.00010712
0.0001088
0.00011116
0.00011346
0.00011645
0.00012127
0.0001232
0.00012513
0.0001278
0.00013121
0.00013489
0.00013771
0.00014043
0.00014342
0.00014636
0.00014917
0.00015198
0.00015469
0.00015728
0.00016018
0.00016322
0.00016614
0.00016896
0.0001717
0.00017444
0.00017717
0.00017975
0.0001822
0.00018462
0.00018703
0.00018943
0.00019181
0.00019416
0.00019644
0.00019866
0.00020082
0.0002029
0.00020491
0.00020686
0.00020874
0.00021056
0.00021232
0.00021402
0.00021566
0.00021723
0.00021874
0.00022019
0.00022157
