0.0027243
0.0016031
0.00035952
-0.0020164
-0.0026073
-0.0015112
-0.00067838
-0.00087986
0.00023847
0.005397
0.0057665
0.0041592
0.0055089
0.0050816
0.0017677
0.0026796
0.0043187
0.0037219
0.0010768
-0.003951
-0.0077701
-0.0091648
-0.0082033
-0.0028518
0.0027699
0.0048328
0.0020282
-0.0013711
-0.0011667
-0.0014103
0.0052485
0.014186
0.013037
0.010678
0.01002
0.0049876
-0.0066579
-0.015396
-0.019336
-0.021636
-0.016058
-0.0075843
-0.00080378
0.0061001
0.0076153
0.0069161
0.0043889
0.0011283
-0.0031778
-0.009526
-0.0066524
0.0082469
0.022225
0.018412
0.014988
0.010886
-0.0017663
-0.014081
-0.020469
-0.024007
-0.031386
-0.030451
-0.020955
-0.0019792
0.021534
0.027586
0.01948
0.0034881
-0.0012728
0.0066019
0.017474
0.027042
0.028442
0.016947
-0.0021504
-0.0034508
0.014356
0.019434
0.0085262
-0.007495
-0.038824
-0.058025
-0.057239
-0.030668
-0.0027691
0.027386
0.054715
0.061187
0.038244
0.0021527
-0.010235
-0.016847
-0.017278
-0.019443
-0.0021126
0.033617
0.037961
0.015518
-0.021657
-0.048181
-0.04969
-0.042631
-0.020679
0.018211
0.056163
0.064711
0.043564
0.020419
-0.0074269
-0.04483
-0.052762
-0.028905
0.0005651
0.026234
0.046289
0.03653
-0.0049676
-0.021955
-0.012381
-0.00049511
-0.0056976
-0.012056
-0.010437
0.00088794
0.00064151
-0.030274
-0.025712
0.0016871
-0.011426
-0.0459
-0.038294
-0.012724
0.025051
0.069978
0.084675
0.047369
0.023329
0.018637
-0.011359
-0.033539
-0.041856
-0.046966
-0.031992
0.026452
0.07456
0.056945
0.00070448
-0.051259
-0.083877
-0.10377
-0.084723
-0.041636
-0.0053184
0.02602
0.053772
0.070248
0.048903
0.01101
-0.017148
-0.012996
0.025353
0.052128
0.056628
0.049727
0.037888
0.0099114
-0.040812
-0.082274
-0.077615
-0.037665
-0.001193
0.046066
0.073911
0.054647
0.041306
0.054477
0.060357
0.055008
0.047475
0.02915
-0.005118
-0.037342
-0.073643
-0.094866
-0.094094
-0.087972
-0.072552
-0.046406
-0.025472
-0.019361
-0.01582
0.025029
0.072325
0.074762
0.041377
-0.0017113
-0.015745
-0.0051667
0.0034051
-0.0069208
-0.022944
-0.013821
0.021249
0.036986
0.056961
0.073446
0.036414
0.0011001
0.0013618
0.010035
0.021233
0.030003
0.005104
-0.051555
-0.093413
-0.1069
-0.098346
-0.070856
-0.028303
0.0062715
0.01128
0.016438
0.02911
0.024474
0.013672
0.011711
0.005536
-0.013741
-0.033492
-0.045403
-0.052039
-0.058396
-0.033514
0.031543
0.090302
0.10703
0.10815
0.10751
0.069984
0.0063192
-0.034938
-0.044498
-0.048502
-0.032536
-0.013574
-0.012228
-0.020557
-0.024834
-0.0017164
0.023855
0.026771
0.021251
0.014834
0.0075836
-0.0022514
-0.00243
-0.0047853
-0.036846
-0.051873
-0.039341
-0.029789
-0.030352
-0.025878
0.0016997
0.031024
0.049886
0.077907
0.1245
0.14643
0.10455
0.034599
-0.024165
-0.071056
-0.10695
-0.12015
-0.11687
-0.094618
-0.069565
-0.057893
-0.04915
-0.048607
-0.073698
-0.097441
-0.097126
-0.061135
-0.013586
0.037342
0.090986
0.11341
0.10291
0.067076
0.047259
0.040015
0.035666
0.022459
0.0091865
0.00959
0.019202
0.033367
0.031231
-0.0016809
-0.059696
-0.11448
-0.16207
-0.18004
-0.17947
-0.16754
-0.1318
-0.080075
-0.0039715
0.058576
0.047529
-0.0099627
-0.037035
-0.040337
-0.03792
-0.032222
-0.024984
-0.016454
-0.016036
-0.011072
-0.0057993
-0.0024522
-0.012495
-0.062137
-0.091002
-0.081965
-0.0013671
0.11644
0.23535
0.34571
0.39342
0.41218
0.35353
0.21126
0.066703
-0.04323
-0.13479
-0.20091
-0.26799
-0.30955
-0.30782
-0.21187
-0.094787
0.11962
0.40749
0.38741
0.2006
0.031097
-0.055618
-0.075263
-0.043579
0.037724
0.11251
0.13342
0.13416
0.097311
0.017245
-0.066848
-0.091145
-0.063413
-0.033503
0.0057628
0.065512
0.071504
-0.00013097
-0.069716
-0.14064
-0.15059
-0.10677
-0.02416
0.13494
0.3143
0.42661
0.45654
0.32515
0.19939
0.15082
0.094204
0.037323
-0.015865
-0.052012
-0.073093
-0.086919
-0.096111
-0.11607
-0.14704
-0.19288
-0.24363
-0.28803
-0.33755
-0.35067
-0.35401
-0.29863
-0.21836
-0.13535
-0.030092
0.1625
0.1665
-0.0023081
-0.11158
-0.21003
-0.28765
-0.33418
-0.33875
-0.31081
-0.26534
-0.17791
-0.081509
0.26871
0.53888
0.54432
0.56833
0.45876
0.36023
0.2812
0.19933
0.079842
-0.0083264
-0.083059
-0.13939
-0.17005
-0.16729
-0.12039
-0.061264
0.010852
0.07592
0.12103
0.15264
0.17801
0.1746
0.15462
0.12029
0.080356
0.019424
-0.046608
-0.097939
-0.14579
-0.16339
-0.16414
-0.1576
-0.13134
-0.079628
-0.045184
-0.046321
-0.052298
-0.031361
-0.00027667
0.013046
0.037043
0.063729
0.10121
0.15304
0.19033
0.2008
0.21201
0.22333
0.207
0.14309
0.07458
0.021882
-0.0168
-0.049503
-0.099737
-0.14913
-0.19371
-0.22919
-0.25074
-0.26518
-0.27733
-0.28267
-0.28354
-0.27818
-0.26757
-0.23528
-0.16429
-0.075345
0.054847
0.0975
0.03425
0.003998
-0.008822
0.027574
0.088507
0.14626
0.16018
0.10411
0.048551
0.010152
0.013254
0.063021
0.11145
0.13467
0.13763
0.13449
0.1126
0.082917
0.074417
0.073388
0.071779
0.08448
0.10029
0.10174
0.075523
0.03363
-0.0058205
-0.043235
-0.056134
-0.063489
-0.069672
-0.079135
-0.087125
-0.088398
-0.078227
-0.03639
0.015462
0.06101
0.086642
0.083779
0.053761
0.0088705
-0.028525
-0.04174
-0.026195
0.0075312
0.032199
0.042545
0.048946
0.051596
0.052363
0.050767
0.048708
0.050398
0.061239
0.088229
0.10783
0.11374
0.081548
0.033477
-0.0083697
-0.044898
-0.067105
-0.084552
-0.092126
-0.083617
-0.037868
0.011441
0.056108
0.065213
0.0051735
-0.062298
-0.11029
-0.1457
-0.16231
-0.16994
-0.16468
-0.13458
-0.08344
-0.02668
0.026966
0.061377
0.061868
0.039165
0.020668
0.012858
-0.0071505
-0.030561
-0.042239
-0.04816
-0.037109
-0.012357
0.027224
0.070159
0.083504
0.064049
0.016493
-0.024487
-0.042237
-0.046497
-0.039422
-0.025113
-0.010941
-0.0048878
-0.0053176
-0.0096141
-0.012383
-0.011935
-0.0012765
0.020603
0.047651
0.084761
0.12154
0.14084
0.14671
0.14537
0.14095
0.12874
0.10117
0.074968
0.063033
0.050475
0.025937
0.0060053
-0.013192
-0.036652
-0.052366
-0.070605
-0.092408
-0.11153
-0.12758
-0.14059
-0.14995
-0.15076
-0.14058
-0.11948
-0.09698
-0.07655
-0.064648
-0.049907
-0.025028
-0.00058879
0.015655
0.027298
0.04462
0.075132
0.11042
0.14568
0.16669
0.16532
0.12549
0.053673
-0.0065515
-0.051044
-0.072347
-0.083101
-0.069893
-0.024965
0.026056
0.059908
0.05975
0.027793
-0.019089
-0.057596
-0.082012
-0.0906
-0.095903
-0.074307
-0.036397
0.0027458
0.034563
0.045232
0.033333
0.011895
0.0022262
-0.0055534
-0.0091745
-0.014183
-0.019224
-0.024633
-0.027408
-0.021739
-0.014493
-0.010416
-0.007898
-0.006215
-0.0091394
-0.017881
-0.028151
-0.032741
-0.029114
-0.010663
0.018579
0.053925
0.085962
0.098815
0.084451
0.041002
-0.0032982
-0.039705
-0.057741
-0.062585
-0.065175
-0.062284
-0.059706
-0.061701
-0.068051
-0.072965
-0.071059
-0.059431
-0.040309
-0.017349
0.0039919
0.017175
0.02901
0.044561
0.05961
0.072073
0.085565
0.09486
0.099344
0.08859
0.058424
0.042651
0.038572
0.039978
0.050639
0.061276
0.060272
0.037332
0.0064674
-0.02165
-0.042449
-0.052309
-0.053604
-0.043882
-0.033958
-0.033649
-0.043662
-0.062813
-0.077985
-0.08365
-0.083884
-0.061561
-0.018042
0.032578
0.084622
0.13442
0.16279
0.16574
0.1488
0.11844
0.090832
0.064369
0.041075
0.019677
-0.0043675
-0.021438
-0.028017
-0.025648
-0.014814
-0.0021758
0.0028325
0.0032702
-0.0063849
-0.026041
-0.036341
-0.042198
-0.043918
-0.045514
-0.047708
-0.047813
-0.043371
-0.034155
-0.026391
-0.023803
-0.028665
-0.036344
-0.042695
-0.044991
-0.039975
-0.027904
-0.014212
-0.0059739
-0.0028107
-0.0078605
-0.016343
-0.025234
-0.033666
-0.043509
-0.051352
-0.050457
-0.038179
-0.014891
0.012327
0.033841
0.041045
0.038699
0.027173
0.01157
-0.0079005
-0.02611
-0.036419
-0.041233
-0.044078
-0.047833
-0.050067
-0.050045
-0.037052
-0.015719
-0.0022731
0.0072519
0.016207
0.023849
0.029829
0.032207
0.028371
0.018211
0.0052961
-0.0039725
-0.0050575
-0.00093445
0.0041342
0.0085214
0.011274
0.010557
0.0080682
0.0071361
0.012201
0.021206
0.03023
0.034112
0.029695
0.019516
0.0068858
0.0004152
-0.0043204
-0.0084083
-0.0069852
-0.0016504
0.0052614
0.010904
0.015298
0.023215
0.034344
0.040225
0.037337
0.029305
0.016873
0.0026096
-0.0079237
-0.012029
-0.0099
-0.0039858
0.011832
0.029993
0.04173
0.046613
0.043237
0.037174
0.031258
0.025634
0.02084
0.017154
0.012346
0.0069424
0.0049231
0.005414
0.0068728
0.0068251
0.0089705
0.013345
0.016372
0.018678
0.016085
0.0099693
0.0017239
-0.0093735
-0.01968
-0.028301
-0.035119
-0.037201
-0.034332
-0.027422
-0.017364
-0.0071601
0.00019235
0.0021806
0.00087627
-0.00074426
7.8118e-05
0.00071281
-0.0030293
-0.0095836
-0.018693
-0.028011
-0.03638
-0.043539
-0.049816
-0.054076
-0.052712
-0.046703
-0.039066
-0.031577
-0.022305
-0.011853
-0.0028962
0.0035606
0.0077072
0.010074
0.011198
0.012576
0.017026
0.028274
0.042369
0.05331
0.058613
0.055195
0.045009
0.034096
0.026938
0.023582
0.020905
0.017836
0.012558
0.0034937
-0.005887
-0.016316
-0.027536
-0.03509
-0.035282
-0.026164
-0.013281
-0.00084851
0.0074688
0.0057769
-0.0027511
-0.01126
-0.016516
-0.014693
-0.0054246
0.0082263
0.017991
0.021819
0.021161
0.017621
0.015139
0.014364
0.016532
0.020861
0.024077
0.024202
0.020213
0.010522
-0.0027826
-0.014434
-0.019223
-0.019393
-0.018625
-0.015417
-0.011014
-0.0055922
3.9412e-05
0.0041563
0.0053265
0.0025707
-0.0019222
-0.0069914
-0.0074747
-0.0021082
0.0059898
0.014501
0.023003
0.028087
0.02604
0.017101
0.0040265
-0.011986
-0.027993
-0.038585
-0.041945
-0.036315
-0.026246
-0.016253
-0.011924
-0.016557
-0.023761
-0.027549
-0.027528
-0.025573
-0.025036
-0.025579
-0.022766
-0.012813
0.0035046
0.021356
0.034138
0.041876
0.040672
0.031492
0.020456
0.011726
0.0073014
0.011435
0.018807
0.022969
0.023739
0.019472
0.013422
0.0058205
-0.0015886
-0.0084021
-0.011877
-0.01249
-0.0092513
-0.0033147
0.0029584
0.0040408
-0.0036356
-0.018605
-0.037818
-0.052132
-0.062301
-0.067693
-0.067682
-0.058401
-0.03945
-0.024516
-0.016774
-0.013152
-0.011969
-0.012895
-0.011627
-0.0041843
0.0056619
0.014667
0.020675
0.021202
0.018426
0.01269
0.0079382
0.0085819
0.016515
0.029214
0.039458
0.048847
0.056175
0.063695
0.069654
0.071501
0.067945
0.05948
0.045405
0.028886
0.013709
-0.00051408
-0.010966
-0.01843
-0.024063
-0.027669
-0.028664
-0.028136
-0.025415
-0.021201
-0.015214
-0.0057795
0.0074244
0.019132
0.02663
0.028035
0.023284
0.015514
0.0077461
0.0011386
-0.004661
-0.010492
-0.016257
-0.018784
-0.016131
-0.0077861
0.0010788
0.0089583
0.014468
0.015623
0.01381
0.0098877
0.0045807
0.0022245
0.0011801
-0.001272
-0.0047736
-0.0079784
-0.010514
-0.0098317
-0.0085189
-0.008319
-0.0097235
-0.015108
-0.020987
-0.026725
-0.031925
-0.03679
-0.040667
-0.044133
-0.046938
-0.049842
-0.048089
-0.040617
-0.030522
-0.020623
-0.012396
-0.0051702
-0.0012157
-0.00046904
-0.0031221
-0.005769
-0.0058149
-0.0051295
-0.0012474
0.0050858
0.012967
0.020229
0.02427
0.022294
0.014137
0.0048898
-0.0012905
-0.0042301
-0.0057877
-0.0067731
-0.0086652
-0.012293
-0.016802
-0.019032
-0.018135
-0.012612
-0.0019396
0.013226
0.027039
0.035894
0.038859
0.034706
0.025182
0.01763
0.018463
0.027346
0.038404
0.043765
0.043483
0.03872
0.034921
0.031388
0.026592
0.021321
0.014886
0.0082356
0.0013444
-0.0027286
-0.003714
-0.0042547
-0.0060581
-0.010221
-0.014223
-0.01735
-0.017282
-0.012199
-0.0055569
0.00044876
0.0030201
0.0023111
-0.0011448
-0.0046517
-0.0080708
-0.01039
-0.01415
-0.020571
-0.026372
-0.030471
-0.032444
-0.031737
-0.02951
-0.027108
-0.023741
-0.019509
-0.01259
-0.0034294
0.0068755
0.019115
0.030863
0.038274
0.042733
0.041621
0.037322
0.03104
0.023215
0.01403
0.0053828
-0.00034156
-0.00050492
0.0049213
0.0097845
0.013205
0.011521
0.007485
0.0024481
-0.0045942
-0.010394
-0.016384
-0.022007
-0.029152
-0.034983
-0.038305
-0.038364
-0.033275
-0.02627
-0.016526
-0.00862
-0.0053959
-0.0069639
-0.0093274
-0.010699
-0.0084138
-0.0017728
0.0041114
0.0081096
0.0064295
0.0021881
-0.0021155
-0.001214
0.0083759
0.019805
0.027546
0.032869
0.034958
0.03358
0.029534
0.027118
0.027091
0.027211
0.023342
0.015161
0.0051859
-0.0033068
-0.007741
-0.0093232
-0.0080249
-0.0078191
-0.010122
-0.013564
-0.01682
-0.019069
-0.017178
-0.012992
-0.0078074
-0.0039184
-0.0036054
-0.0050989
-0.0052838
-0.005128
-0.0061584
-0.0064483
-0.0083855
-0.01096
-0.011295
-0.01073
-0.008621
-0.0045556
-0.00010961
0.003709
0.0058386
0.0058098
0.0035013
-0.00037906
-0.0038544
-0.0042851
-0.0030195
0.0013703
0.0074462
0.010943
0.014645
0.016369
0.016315
0.015065
0.013836
0.012168
0.0091854
0.0077408
0.0053007
0.0033686
0.0028961
0.0026837
0.0029772
0.0018335
-0.0017347
-0.0070624
-0.011407
-0.013187
-0.013241
-0.012183
-0.010668
-0.0086144
-0.0069714
-0.0076143
-0.0070739
-0.0052351
-0.0045703
-0.0025133
-0.0017251
-0.0042804
-0.0095092
-0.015014
-0.019788
-0.022341
-0.022283
-0.019479
-0.015491
-0.013597
-0.013163
-0.01297
-0.010375
-0.0059941
-0.0030252
-0.0020319
-0.0026646
-0.0035951
-0.0015758
0.0035168
0.011132
0.018264
0.025028
0.027951
0.024611
0.018579
0.012844
0.0083974
0.0057554
0.0037059
0.00011424
-0.0040181
-0.0085481
-0.011166
-0.012045
-0.0095241
-0.0033197
0.0017678
0.005563
0.0073742
0.0088907
0.010381
0.010146
0.0086604
0.0051218
0.0024522
0.0011096
-0.00011364
0.00024309
0.00035605
-0.0017475
-0.0055911
-0.0092878
-0.012185
-0.01286
-0.011673
-0.0099457
-0.008211
-0.0045341
0.0009022
0.0053961
0.010373
0.013756
0.016243
0.017467
0.017197
0.018207
0.018168
0.01805
0.018073
0.017852
0.017681
0.01614
0.013311
0.011495
0.0099792
0.011075
0.011528
0.0082628
0.0031585
-0.0018745
-0.0049123
-0.0044811
-0.0017181
-0.00072183
-0.0027284
-0.005755
-0.0091671
-0.012638
-0.014583
-0.018217
-0.020274
-0.021268
-0.019281
-0.017297
-0.018152
-0.01951
-0.020458
-0.020138
-0.018038
-0.014013
-0.010293
-0.0051753
-0.00063044
0.0025987
0.0039989
0.0062314
0.0073787
0.0092828
0.010235
0.010554
0.01284
0.015294
0.018519
0.021148
0.021579
0.019443
0.014163
0.0075028
0.0031258
-0.0021295
-0.0045032
-0.0036038
-0.00096625
-0.00083386
-0.0023141
-0.0062066
-0.011716
-0.016627
-0.02083
-0.022215
-0.020874
-0.016618
-0.013471
-0.011231
-0.010385
-0.0089799
-0.0071594
-0.0074574
-0.0080237
-0.0065479
-0.0036044
0.0023359
0.009997
0.017727
0.023459
0.025936
0.027493
0.025742
0.022988
0.01806
0.010341
0.0033206
-0.00277
-0.0072755
-0.0089433
-0.0061885
0.00061274
0.0081249
0.015389
0.021239
0.023139
0.020449
0.015773
0.011065
0.0076231
0.005534
0.0045036
0.0027022
0.00097519
-0.0018014
-0.006264
-0.0078105
-0.0064142
-0.0040204
-0.0040562
-0.0036963
-0.0046919
-0.007292
-0.0096412
-0.013727
-0.01642
-0.017281
-0.015988
-0.014101
-0.013564
-0.013061
-0.011825
-0.010955
-0.0086997
-0.0056755
-0.0044128
-0.0043415
-0.004314
-0.0033706
-0.0038205
-0.0026884
-0.0010238
0.00043777
0.0017617
0.00082115
0.0012168
0.00078532
-0.00066212
-0.0012568
-0.0013089
0.0030016
0.007462
0.010275
0.011403
0.0097109
0.0049312
-0.00054119
-0.0030066
-0.004355
-0.0036829
-0.0012278
0.0011518
0.00090803
0.001214
-0.00068525
-0.0029884
-0.0039024
-0.0056262
-0.0076662
-0.0090412
-0.0057405
-0.0035811
-0.0011321
0.0016709
0.0019871
0.00017962
-0.0040473
-0.005922
-0.0074887
-0.0067839
-0.0039126
-0.00078115
0.0022921
0.0039109
0.004783
0.0031062
0.0013283
-0.0021304
-0.0051098
-0.0085808
-0.011643
-0.012691
-0.014833
-0.01389
-0.011955
-0.0098668
-0.0060937
-0.0026155
0.00082095
0.0041187
0.008364
0.012317
0.013944
0.014443
0.013933
0.012398
0.013057
0.014119
0.016434
0.016494
0.014914
0.013213
0.010025
0.0091546
0.0074207
0.0068179
0.0066304
0.0060266
0.0033799
0.00050561
-0.00098959
-0.0018687
-0.0012913
-0.0012626
-0.00064944
-0.00060341
-0.0018089
-0.0028339
-0.0036732
-0.0050011
-0.0053794
-0.0059851
-0.0064174
-0.0060154
-0.0044149
-0.0010069
0.0010394
0.004786
0.0071169
0.0066356
0.0048834
0.0016583
0.00039677
0.00093754
0.0036754
0.0069947
0.0087003
0.0082741
0.0073288
0.0073769
0.0092284
0.0083167
0.0070123
0.0050021
0.0017291
0.00074708
-0.0013967
-0.0013894
-0.0029671
-0.0048427
-0.0049312
-0.0033459
-0.0016933
0.001524
0.0021567
0.0023803
0.00097086
-0.00059766
-0.0012553
-0.0026045
-0.0020086
-0.0016208
-0.0015736
-0.0019661
-0.0036998
-0.0073583
-0.0053915
-0.0048241
-0.0038926
-0.0037444
-0.0029414
-0.0036857
-0.0059764
-0.0084731
-0.012394
-0.015577
-0.018528
-0.018861
-0.017748
-0.015627
-0.014395
-0.015849
-0.018708
-0.019838
-0.021737
-0.019727
-0.014889
-0.010468
-0.0055239
-0.0016619
0.0034109
0.0062937
0.0086655
0.012017
0.014483
0.016457
0.018561
0.019752
0.01985
0.01936
0.018761
0.017367
0.017307
0.015939
0.013541
0.010961
0.0083753
0.0064683
0.0046306
0.0028
0.0019191
0.00072912
-0.0015339
-0.0018008
-0.0032407
-0.0036606
-0.0056778
-0.006472
-0.0064696
-0.0052187
-0.0032477
-0.0014776
-0.0010754
-0.0012994
-0.0013133
-0.0015118
-0.0011024
-0.00043193
0.0014493
0.0027196
0.0029485
0.0020584
0.0014437
-0.00060204
-0.002096
-0.0042529
-0.0050491
-0.0042827
-0.0026727
-0.00028046
0.0019405
0.0030445
0.0017872
0.00019949
-0.0016188
-0.0030535
-0.0032796
-0.0034709
-0.003598
-0.0035456
-0.0022549
-0.00089996
-0.0011311
-0.00076146
-0.00087122
-0.00024453
0.0016337
0.0023032
0.0035082
0.0018318
0.001927
0.0041796
0.0041178
0.0071823
0.0090289
0.010461
0.012392
0.012188
0.011276
0.0089014
0.006825
0.0039582
0.0023297
0.00088986
-0.00060913
-0.0018715
-0.003089
-0.0026479
-0.0017009
-1.1419e-05
-0.00031089
-0.00069911
-0.0035537
-0.0069815
-0.0091659
-0.011671
-0.01155
-0.011125
-0.011247
-0.010957
-0.010867
-0.0096221
-0.0089934
-0.0065817
-0.0039406
-0.0022306
-0.0025536
-0.003616
-0.0037727
-0.0049474
-0.0040361
-0.0027628
-0.0016567
0.00049283
0.0021619
0.0024214
0.0032837
0.003079
0.0029866
0.0021598
0.0041389
0.0051562
0.0035583
0.00066899
-0.0016848
-0.0032542
-0.004486
-0.0036503
-0.0037652
-0.0035986
-0.0016796
-0.0013192
-0.0034149
-0.0030066
-0.0044485
-0.004187
-0.0016642
0.0023845
0.0080081
0.011808
0.015327
0.015326
0.013401
0.010622
0.0084099
0.0079492
0.0070743
0.006836
0.0052767
0.0038143
0.0016094
-0.0024459
-0.0053128
-0.0067507
-0.0071462
-0.0058342
-0.0040326
-0.0033224
-0.0032382
-0.0032354
-0.0035421
-0.0033249
-0.0014317
-0.00061314
-0.0013021
-0.0017386
-0.0011581
7.0465e-05
0.0014897
0.003484
0.0064764
0.0072819
0.0088301
0.0099983
0.011169
0.012673
0.013007
0.011896
0.0088678
0.0062024
0.0042031
0.0026518
-0.00012867
-0.00081304
-0.0017247
-0.0028051
-0.0027264
-0.0034028
-0.0032013
-0.0034307
-0.0042842
-0.0055483
-0.0076042
-0.0080042
-0.0062455
-0.0036216
-0.00079077
0.00096492
0.00089744
6.154e-05
-0.0011787
-0.001667
-0.0017915
-0.0005769
0.00053015
-7.0683e-05
-0.00072421
-0.0024388
-0.003915
-0.005325
-0.0065373
-0.0069482
-0.0072679
-0.0059192
-0.0051351
-0.0042828
-0.0040272
-0.004108
-0.0043083
-0.004888
-0.0039762
-0.0029303
-0.0020394
-0.0010665
0.00033776
0.00092145
0.0011439
0.00064737
-0.00036832
-0.00088515
-0.00095197
-0.00066493
-0.00047764
0.00022055
0.001601
0.0023612
0.0032131
0.0029213
0.0021344
0.00123
0.00097663
0.0010628
0.00082774
0.0008241
7.9179e-05
0.00023296
0.00072904
0.0016412
0.0018933
0.0022577
0.0025561
0.0024902
0.002575
0.0022312
0.0015959
0.00070989
9.4748e-05
-0.00031657
-0.00037491
-3.2041e-05
0.00063474
0.00159
0.0021513
0.0023743
0.0020699
0.0015512
0.0012386
0.00104
0.00064809
0.00012522
-3.8113e-05
-0.00021641
-0.00023253
-0.00015969
-0.00017677
-0.00040205
-0.00068227
-0.00089875
-0.0010077
-0.00087823
-0.00045156
-0.00010805
2.0444e-05
0.00017245
0.00020021
0.00016546
0.00017333
0.00015188
0.00012753
5.3868e-05
4.1534e-05
1.1024e-05
-9.6454e-05
-0.00024589
-0.0002772
-0.00028721
-0.00024826
-0.00022338
-0.00019553
-0.0001675
-0.0001568
-0.00017289
-0.00022968
-0.00022041
-0.00021315
-0.00016403
-0.00010949
-5.082e-05
-3.1905e-05
-2.9824e-05
-6.8562e-06
8.6911e-06
4.9021e-05
6.7953e-05
6.5755e-05
5.8166e-05
4.2977e-05
3.3478e-05
3.7413e-05
4.8462e-05
6.0795e-05
6.5454e-05
6.2068e-05
5.7339e-05
4.0219e-05
2.0607e-05
1.635e-06
-1.7356e-05
-3.5998e-05
-4.8286e-05
-5.5568e-05
-6.1307e-05
-6.5426e-05
-6.6344e-05
-6.6355e-05
-6.762e-05
-6.7963e-05
-6.9351e-05
-7.0296e-05
-7.072e-05
-6.9922e-05
-6.8739e-05
-6.7202e-05
-6.5366e-05
-6.3401e-05
-6.1161e-05
-5.8738e-05
-5.619e-05
-5.3616e-05
-5.1047e-05
-4.8534e-05
-4.6084e-05
-4.3685e-05
-4.1318e-05
-3.8978e-05
-3.6669e-05
-3.44e-05
-3.218e-05
