-4.637e-05
-4.6438e-05
-4.6496e-05
-4.6554e-05
-4.6598e-05
-4.665e-05
-4.6706e-05
-4.6742e-05
-4.6787e-05
-4.6826e-05
-4.6857e-05
-4.6893e-05
-4.692e-05
-4.6948e-05
-4.7008e-05
-4.6992e-05
-4.7018e-05
-4.7049e-05
-4.7057e-05
-4.7084e-05
-4.7092e-05
-4.7133e-05
-4.7113e-05
-4.7135e-05
-4.7107e-05
-4.7092e-05
-4.7199e-05
-4.712e-05
-4.7159e-05
-4.7074e-05
-4.6991e-05
-4.7164e-05
-4.7012e-05
-4.7047e-05
-4.7021e-05
-4.679e-05
-4.6938e-05
-4.6943e-05
-4.6669e-05
-4.6844e-05
-4.6805e-05
-4.6688e-05
-4.6933e-05
-4.6652e-05
-4.6767e-05
-4.6713e-05
-4.633e-05
-4.6681e-05
-4.6466e-05
-4.6527e-05
-4.6631e-05
-4.629e-05
-4.6147e-05
-4.6244e-05
-4.6252e-05
-4.5769e-05
-4.5948e-05
-4.6051e-05
-4.5521e-05
-4.5712e-05
-4.5835e-05
-4.5454e-05
-4.5467e-05
-4.5269e-05
-4.5088e-05
-4.5323e-05
-4.4898e-05
-4.5289e-05
-4.544e-05
-4.4865e-05
-4.5144e-05
-4.4385e-05
-4.4138e-05
-4.443e-05
-4.3924e-05
-4.4672e-05
-4.429e-05
-4.4021e-05
-4.4386e-05
-4.3629e-05
-4.3496e-05
-4.3742e-05
-4.3439e-05
-4.3317e-05
-4.3561e-05
-4.3459e-05
-4.3338e-05
-4.2816e-05
-4.2696e-05
-4.2965e-05
-4.2433e-05
-4.23e-05
-4.2597e-05
-4.2256e-05
-4.2113e-05
-4.1986e-05
-4.1847e-05
-4.2212e-05
-4.2052e-05
-4.119e-05
-4.1277e-05
-4.0882e-05
-4.1276e-05
-4.1373e-05
-3.9896e-05
-4.0835e-05
-4.0984e-05
-3.9721e-05
-4.0398e-05
-3.9694e-05
-3.9214e-05
-3.9035e-05
-3.924e-05
-4.0624e-05
-3.9569e-05
-3.9382e-05
-3.9224e-05
-3.8758e-05
-3.9243e-05
-3.8797e-05
-3.8935e-05
-3.8474e-05
-3.8664e-05
-3.7738e-05
-3.7268e-05
-3.8515e-05
-3.6547e-05
-3.7864e-05
-3.8525e-05
-3.6394e-05
-3.6994e-05
-3.6018e-05
-3.4618e-05
-3.5635e-05
-3.5525e-05
-3.5279e-05
-3.5179e-05
-3.5822e-05
-3.4809e-05
-3.4599e-05
-3.4888e-05
-3.5209e-05
-3.5943e-05
-3.4874e-05
-3.5178e-05
-3.5002e-05
-3.3904e-05
-3.4154e-05
-3.3049e-05
-3.3338e-05
-3.3699e-05
-3.2471e-05
-3.2308e-05
-3.3147e-05
-3.3592e-05
-3.3318e-05
-3.1628e-05
-3.356e-05
-3.2883e-05
-3.1048e-05
-3.3106e-05
-3.2394e-05
-3.0518e-05
-3.2648e-05
-3.3091e-05
-2.9952e-05
-2.921e-05
-2.9582e-05
-2.6389e-05
-2.746e-05
-2.8986e-05
-2.7805e-05
-3.2407e-05
-2.8609e-05
-2.8447e-05
-3.1307e-05
-2.6251e-05
-2.9045e-05
-2.9097e-05
-3.0202e-05
-3.0621e-05
-2.8707e-05
-3.0244e-05
-2.4957e-05
-2.7979e-05
-2.7189e-05
-2.2928e-05
-2.5317e-05
-2.4717e-05
-2.7152e-05
-2.4997e-05
-2.6262e-05
-2.8939e-05
-2.5305e-05
-2.7196e-05
-2.7894e-05
-2.7747e-05
-2.7533e-05
-2.525e-05
-2.6501e-05
-2.5697e-05
-2.6302e-05
-2.6081e-05
-2.5346e-05
-2.6533e-05
-2.0309e-05
-2.24e-05
-2.5424e-05
-2.2255e-05
-2.2672e-05
-2.1156e-05
-2.4924e-05
-2.3199e-05
-2.1561e-05
-2.5267e-05
-2.2187e-05
-2.507e-05
-2.2648e-05
-2.162e-05
-2.2237e-05
-1.8909e-05
-2.1969e-05
-2.2036e-05
-2.4455e-05
-2.4259e-05
-1.9978e-05
-2.4037e-05
-2.1398e-05
-2.0467e-05
-2.3662e-05
-2.0336e-05
-2.3479e-05
-2.1809e-05
-2.1659e-05
-2.1467e-05
-1.7046e-05
-2.1272e-05
-2.1324e-05
-2.1238e-05
-2.0989e-05
-1.9369e-05
-2.1634e-05
-1.6426e-05
-2.1605e-05
-2.0693e-05
-1.7929e-05
-2.512e-05
-2.0578e-05
-1.9457e-05
-2.2182e-05
-1.9418e-05
-2.0119e-05
-2.0225e-05
-2.1007e-05
-1.9063e-05
-1.8049e-05
-1.989e-05
-1.5949e-05
-1.3019e-05
-1.775e-05
-1.8724e-05
-1.8728e-05
-2.0522e-05
-1.8676e-05
-1.9468e-05
-1.9557e-05
-1.9433e-05
-1.8449e-05
-2.0446e-05
-2.1264e-05
-1.8484e-05
-2.1201e-05
-1.7359e-05
-1.6305e-05
-1.8168e-05
-1.6375e-05
-2.114e-05
-2.0285e-05
-2.0262e-05
-2.1147e-05
-1.6272e-05
-1.711e-05
-1.7194e-05
-1.8217e-05
-2.116e-05
-1.9272e-05
-1.8134e-05
-1.5179e-05
-1.3112e-05
-1.4138e-05
-1.6231e-05
-1.6139e-05
-1.7371e-05
-2.2237e-05
-1.7395e-05
-1.6289e-05
-1.6288e-05
-1.3404e-05
-1.7339e-05
-1.7523e-05
-1.8549e-05
-2.0569e-05
-1.9729e-05
-1.9569e-05
-1.8814e-05
-2.0667e-05
-1.6804e-05
-1.5717e-05
-1.7829e-05
-1.5806e-05
-1.3826e-05
-1.5884e-05
-1.5861e-05
-1.4978e-05
-1.8977e-05
-1.6004e-05
-1.3027e-05
-1.7006e-05
-1.7203e-05
-1.7076e-05
-2.0359e-05
-2.3232e-05
-1.9427e-05
-2.2366e-05
-2.1365e-05
-1.8547e-05
-2.2334e-05
-1.5533e-05
-1.6451e-05
-1.7399e-05
-1.3667e-05
-1.8378e-05
-1.4716e-05
-1.7595e-05
-1.7591e-05
-1.382e-05
-1.7511e-05
-1.1847e-05
-1.6712e-05
-1.9835e-05
-1.8038e-05
-2.2829e-05
-1.8104e-05
-1.69e-05
-1.3912e-05
-1.3095e-05
-1.7892e-05
-1.4234e-05
-2.1133e-05
-2.119e-05
-1.7384e-05
-2.3125e-05
-1.747e-05
-1.8228e-05
-1.7306e-05
-1.4391e-05
-2.0346e-05
-1.7441e-05
-1.7514e-05
-2.2443e-05
-1.6583e-05
-1.8557e-05
-2.0548e-05
-1.6736e-05
-2.2628e-05
-2.076e-05
-1.8811e-05
-2.066e-05
-1.5884e-05
-1.9757e-05
-1.9886e-05
-1.6916e-05
-1.9856e-05
-1.8001e-05
-1.7951e-05
-1.7972e-05
-1.6038e-05
-1.8022e-05
-1.81e-05
-1.8133e-05
-2.1187e-05
-2.0177e-05
-2.1358e-05
-2.3142e-05
-1.74e-05
-2.1218e-05
-2.038e-05
-1.6328e-05
-1.8308e-05
-1.7405e-05
-1.8406e-05
-2.0463e-05
-1.9517e-05
-1.7442e-05
-1.6543e-05
-1.748e-05
-1.6606e-05
-1.8605e-05
-1.8652e-05
-1.5644e-05
-1.8762e-05
-1.969e-05
-1.6872e-05
-2.3841e-05
-2.188e-05
-1.6943e-05
-2.2851e-05
-2.207e-05
-2.0927e-05
-2.1028e-05
-1.9987e-05
-2.0038e-05
-2.1038e-05
-1.9013e-05
-1.9137e-05
-2.1005e-05
-1.926e-05
-2.3092e-05
-2.1288e-05
-2.0196e-05
-2.0194e-05
-1.933e-05
-2.1205e-05
-1.9399e-05
-2.1313e-05
-2.0385e-05
-1.8407e-05
-2.142e-05
-2.0479e-05
-1.7431e-05
-1.6416e-05
-1.5425e-05
-1.7514e-05
-2.1559e-05
-2.1648e-05
-2.163e-05
-2.2708e-05
-2.1691e-05
-1.9723e-05
-1.9715e-05
-1.871e-05
-1.7719e-05
-2.0796e-05
-2.0734e-05
-1.9912e-05
-2.2746e-05
-1.894e-05
-2.0852e-05
-2.1909e-05
-1.8984e-05
-2.193e-05
-2.1011e-05
-2.0018e-05
-2.1994e-05
-2.2171e-05
-2.2023e-05
-1.9195e-05
-2.0063e-05
-1.8142e-05
-1.8201e-05
-1.8015e-05
-1.6356e-05
-2.2036e-05
-1.8391e-05
-2.2245e-05
-2.1243e-05
-1.6437e-05
-2.2154e-05
-1.7489e-05
-2.1356e-05
-2.443e-05
-2.1584e-05
-2.8501e-05
-2.7661e-05
-2.4601e-05
-2.5557e-05
-2.2645e-05
-2.2565e-05
-2.2622e-05
-2.3739e-05
-2.2529e-05
-1.7747e-05
-2.2545e-05
-1.969e-05
-1.8693e-05
-2.157e-05
-1.6748e-05
-2.0616e-05
-2.2761e-05
-2.182e-05
-2.2718e-05
-1.9864e-05
-2.1794e-05
-2.082e-05
-1.992e-05
-2.3836e-05
-2.1989e-05
-2.3961e-05
-2.3947e-05
-1.8992e-05
-2.2984e-05
-2.5074e-05
-2.2079e-05
-2.405e-05
-2.6171e-05
-2.6165e-05
-2.6212e-05
-2.6219e-05
-2.317e-05
-2.0158e-05
-2.3204e-05
-2.5227e-05
-2.2224e-05
-2.0182e-05
-2.0219e-05
-2.1255e-05
-2.1248e-05
-2.1329e-05
-2.2274e-05
-2.1372e-05
-2.4379e-05
-2.6442e-05
-2.4428e-05
-2.4423e-05
-2.6507e-05
-2.5412e-05
-2.5624e-05
-2.7385e-05
-2.0572e-05
-2.3433e-05
-2.4489e-05
-2.161e-05
-2.7512e-05
-2.359e-05
-2.0565e-05
-2.4503e-05
-2.0624e-05
-1.9486e-05
-2.161e-05
-2.2617e-05
-2.3669e-05
-2.468e-05
-2.4723e-05
-2.3657e-05
-2.3762e-05
-2.4665e-05
-2.1742e-05
-2.4784e-05
-2.5682e-05
-2.3977e-05
-2.8659e-05
-2.295e-05
-2.5801e-05
-2.5757e-05
-2.3049e-05
-3.073e-05
-2.4071e-05
-2.3805e-05
-2.3847e-05
-2.2005e-05
-2.7822e-05
-2.4064e-05
-2.3884e-05
-2.4994e-05
-2.1972e-05
-2.1951e-05
-2.4046e-05
-2.2926e-05
-2.4133e-05
-3.2081e-05
-2.8154e-05
-2.5117e-05
-2.8051e-05
-2.2099e-05
-2.203e-05
-2.8159e-05
-2.8193e-05
-2.6152e-05
-2.72e-05
-2.7167e-05
-2.5211e-05
-2.6163e-05
-2.5211e-05
-2.4196e-05
-2.5195e-05
-2.6281e-05
-2.6195e-05
-2.5315e-05
-2.722e-05
-2.5307e-05
-2.5267e-05
-2.626e-05
-2.5356e-05
-2.4162e-05
-2.3404e-05
-2.7198e-05
-2.5423e-05
-2.834e-05
-2.8333e-05
-2.4422e-05
-2.6233e-05
-2.1332e-05
-2.2285e-05
-2.8329e-05
-3.1595e-05
-3.3341e-05
-2.8588e-05
-3.1373e-05
-2.8452e-05
-2.4443e-05
-2.6289e-05
-2.5559e-05
-3.0405e-05
-2.9551e-05
-2.9553e-05
-2.8366e-05
-2.1528e-05
-2.431e-05
-2.453e-05
-2.5474e-05
-2.7508e-05
-2.6572e-05
-2.8548e-05
-2.7537e-05
-2.8689e-05
-3.1488e-05
-2.8786e-05
-3.1483e-05
-2.56e-05
-2.4562e-05
-2.6402e-05
-2.2686e-05
-3.0479e-05
-2.8673e-05
-2.6633e-05
-2.743e-05
-2.1701e-05
-2.2258e-05
-2.0653e-05
-2.9523e-05
-3.2677e-05
-3.2848e-05
-3.5531e-05
-2.6827e-05
-2.7439e-05
-2.4638e-05
-2.4602e-05
-2.751e-05
-2.3706e-05
-2.5463e-05
-2.3668e-05
-2.3529e-05
-2.3562e-05
-2.4687e-05
-2.6517e-05
-2.48e-05
-2.752e-05
-2.2699e-05
-2.4646e-05
-2.7579e-05
-2.5832e-05
-3.262e-05
-2.8802e-05
-2.5667e-05
-2.4503e-05
-2.1742e-05
-2.8536e-05
-2.5713e-05
-2.5668e-05
-2.7532e-05
-2.3792e-05
-2.8538e-05
-2.3669e-05
-2.2652e-05
-2.8593e-05
-2.5808e-05
-2.9682e-05
-2.8706e-05
-2.5795e-05
-2.9598e-05
-2.479e-05
-2.3575e-05
-2.3649e-05
-2.3674e-05
-2.6658e-05
-2.4657e-05
-2.363e-05
-2.5586e-05
-2.5714e-05
-2.7647e-05
-2.5661e-05
-2.3649e-05
-2.4591e-05
-2.3663e-05
-2.5614e-05
-2.7689e-05
-2.8703e-05
-2.8649e-05
-2.7726e-05
-2.6551e-05
-2.2633e-05
-2.4566e-05
-2.3512e-05
-2.3741e-05
-2.7421e-05
-2.0743e-05
-2.4439e-05
-2.2549e-05
-2.059e-05
-2.7482e-05
-2.3655e-05
-2.4544e-05
-2.6536e-05
-2.3669e-05
-2.5443e-05
-2.4669e-05
-2.8582e-05
-2.7566e-05
-2.5719e-05
-2.741e-05
-2.0688e-05
-2.3389e-05
-2.1537e-05
-2.2621e-05
-2.7426e-05
-2.3795e-05
-2.8448e-05
-2.3631e-05
-2.3589e-05
-2.6398e-05
-2.0677e-05
-2.7397e-05
-2.6636e-05
-2.4531e-05
-2.6461e-05
-2.4626e-05
-2.4352e-05
-2.0489e-05
-2.2386e-05
-2.1358e-05
-1.8412e-05
-2.2298e-05
-2.0372e-05
-2.24e-05
-2.7375e-05
-2.3458e-05
-2.5436e-05
-2.634e-05
-2.3567e-05
-2.7258e-05
-2.2489e-05
-2.4352e-05
-2.4277e-05
-2.0469e-05
-2.519e-05
-1.9392e-05
-2.0255e-05
-2.427e-05
-2.2418e-05
-2.5224e-05
-2.2334e-05
-2.3303e-05
-2.7285e-05
-2.5386e-05
-2.7278e-05
-2.7355e-05
-2.5275e-05
-2.524e-05
-2.527e-05
-2.2114e-05
-1.9183e-05
-2.1045e-05
-1.9155e-05
-1.9056e-05
-2.0104e-05
-1.9057e-05
-2.1151e-05
-2.3052e-05
-2.0142e-05
-2.3094e-05
-2.2029e-05
-1.9139e-05
-2.6034e-05
-2.5164e-05
-2.6168e-05
-3.1136e-05
-2.7217e-05
-2.7098e-05
-2.8126e-05
-2.4068e-05
-2.1993e-05
-2.1953e-05
-2.3025e-05
-2.3926e-05
-2.1999e-05
-2.2874e-05
-2.3997e-05
-2.3863e-05
-2.1913e-05
-2.2847e-05
-2.391e-05
-2.1791e-05
-2.1878e-05
-2.5841e-05
-2.4916e-05
-2.3826e-05
-2.3808e-05
-2.1788e-05
-2.1775e-05
-1.9653e-05
-1.7769e-05
-2.1622e-05
-2.0805e-05
-2.2722e-05
-2.3735e-05
-2.3834e-05
-2.5635e-05
-2.2838e-05
-2.4589e-05
-2.3769e-05
-2.4658e-05
-2.3636e-05
-2.1671e-05
-2.3517e-05
-2.1648e-05
-2.145e-05
-1.9528e-05
-1.8408e-05
-1.947e-05
-2.1462e-05
-2.1442e-05
-2.1491e-05
-2.2381e-05
-2.1519e-05
-2.3364e-05
-2.2478e-05
-2.3393e-05
-2.4416e-05
-2.5486e-05
-2.5326e-05
-2.1417e-05
-2.3267e-05
-2.1261e-05
-2.0335e-05
-2.104e-05
-1.8383e-05
-2.6107e-05
-2.227e-05
-2.1208e-05
-2.6105e-05
-1.9207e-05
-2.1071e-05
-2.413e-05
-2.0121e-05
-2.2043e-05
-2.3093e-05
-2.002e-05
-2.0005e-05
-2.2043e-05
-1.9942e-05
-1.9021e-05
-2.1896e-05
-1.7949e-05
-1.7874e-05
-2.088e-05
-1.9936e-05
-2.1846e-05
-2.3936e-05
-2.4876e-05
-2.4888e-05
-2.4844e-05
-2.2778e-05
-2.0749e-05
-2.2767e-05
-2.2725e-05
-2.073e-05
-2.4778e-05
-2.2582e-05
-1.8804e-05
-2.5516e-05
-1.972e-05
-1.8504e-05
-2.2576e-05
-1.9562e-05
-2.1552e-05
-2.559e-05
-2.2536e-05
-2.1515e-05
-2.5501e-05
-2.4524e-05
-2.3492e-05
-2.0276e-05
-1.7462e-05
-2.2206e-05
-1.7356e-05
-1.9271e-05
-2.323e-05
-1.8326e-05
-2.3233e-05
-2.2201e-05
-1.4139e-05
-1.9082e-05
-2.2129e-05
-2.2263e-05
-2.3984e-05
-1.8185e-05
-2.0966e-05
-2.0021e-05
-1.8075e-05
-2.189e-05
-1.9116e-05
-2.1911e-05
-2.2042e-05
-1.9969e-05
-1.9867e-05
-2.1065e-05
-1.8663e-05
-1.1951e-05
-1.9639e-05
-1.7839e-05
-1.9885e-05
-2.5615e-05
-2.0003e-05
-2.6545e-05
-2.3847e-05
-2.1603e-05
-2.1511e-05
-2.0742e-05
-2.5414e-05
-2.0707e-05
-2.2389e-05
-2.2546e-05
-2.2523e-05
-2.1322e-05
-1.5454e-05
-1.7166e-05
-1.4317e-05
-1.6264e-05
-1.9222e-05
-1.7398e-05
-2.014e-05
-1.8327e-05
-2.2265e-05
-2.1111e-05
-1.7311e-05
-2.5031e-05
-2.0258e-05
-2.0076e-05
-2.3047e-05
-1.8122e-05
-2.0959e-05
-2.1039e-05
-1.795e-05
-1.7839e-05
-1.6882e-05
-1.7748e-05
-1.7779e-05
-1.874e-05
-2.0767e-05
-2.0738e-05
-2.0742e-05
-2.0662e-05
-1.8653e-05
-2.0619e-05
-2.3668e-05
-2.1597e-05
-2.0622e-05
-2.2557e-05
-1.854e-05
-1.7514e-05
-2.0443e-05
-1.8528e-05
-1.9388e-05
-2.0462e-05
-2.2465e-05
-2.2326e-05
-2.1494e-05
-2.4227e-05
-1.9398e-05
-1.8099e-05
-1.6154e-05
-1.8201e-05
-2.2064e-05
-2.0267e-05
-2.3018e-05
-2.0118e-05
-2.0027e-05
-1.9925e-05
-1.4987e-05
-1.6802e-05
-1.6922e-05
-1.8879e-05
-2.084e-05
-1.7802e-05
-1.8765e-05
-1.9701e-05
-1.7715e-05
-2.0643e-05
-2.0617e-05
-1.9658e-05
-2.2519e-05
-2.062e-05
-2.3589e-05
-2.4526e-05
-2.0621e-05
-2.1326e-05
-1.7474e-05
-1.7257e-05
-1.6256e-05
-1.7351e-05
-1.9099e-05
-1.5383e-05
-1.9025e-05
-1.521e-05
-1.9203e-05
-2.1996e-05
-1.4244e-05
-1.9835e-05
-1.8161e-05
-2.106e-05
-2.2914e-05
-2.0218e-05
-2.5752e-05
-1.8049e-05
-2.1806e-05
-2.3806e-05
-1.898e-05
-2.4635e-05
-1.8864e-05
-1.8653e-05
-1.9574e-05
-1.5727e-05
-1.837e-05
-1.4623e-05
-1.7406e-05
-1.6399e-05
-1.3442e-05
-1.9298e-05
-1.6396e-05
-1.5273e-05
-1.8235e-05
-1.6267e-05
-1.6129e-05
-1.7161e-05
-2.0218e-05
-2.004e-05
-1.7206e-05
-2.3018e-05
-2.1129e-05
-2.1103e-05
-2.1883e-05
-1.6077e-05
-1.9764e-05
-1.7951e-05
-1.7819e-05
-1.8733e-05
-1.3755e-05
-1.3531e-05
-1.4698e-05
-1.5512e-05
-1.3586e-05
-1.6546e-05
-1.6449e-05
-1.4595e-05
-1.9385e-05
-1.4458e-05
-1.6463e-05
-2.0273e-05
-1.3487e-05
-1.7122e-05
-1.6347e-05
-1.8263e-05
-2.0136e-05
-1.5273e-05
-1.7974e-05
-1.6169e-05
-1.4931e-05
-1.4987e-05
-1.5951e-05
-1.6886e-05
-1.5904e-05
-1.6775e-05
-1.6844e-05
-1.6715e-05
-1.3632e-05
-1.5726e-05
-1.8527e-05
-1.1624e-05
-1.3403e-05
-1.4462e-05
-1.5554e-05
-1.9345e-05
-1.5552e-05
-1.7269e-05
-1.5381e-05
-1.3236e-05
-1.6257e-05
-1.829e-05
-1.6141e-05
-1.3134e-05
-1.6073e-05
-1.6039e-05
-1.6099e-05
-1.892e-05
-1.6053e-05
-1.4765e-05
-1.2877e-05
-1.5779e-05
-1.6776e-05
-1.478e-05
-1.5632e-05
-1.3673e-05
-1.5629e-05
-1.758e-05
-1.7669e-05
-2.0528e-05
-1.7563e-05
-1.6441e-05
-1.6359e-05
-1.6485e-05
-1.8216e-05
-1.5441e-05
-1.8151e-05
-1.4209e-05
-1.3121e-05
-1.701e-05
-1.4153e-05
-1.2835e-05
-9.9514e-06
-1.3903e-05
-1.4799e-05
-1.4015e-05
-1.8673e-05
-1.1885e-05
-1.4652e-05
-1.8726e-05
-1.8842e-05
-2.2618e-05
-1.8782e-05
-1.8532e-05
-1.656e-05
-1.3455e-05
-1.3312e-05
-1.5524e-05
-1.6153e-05
-1.0431e-05
-1.6113e-05
-1.3232e-05
-1.1187e-05
-1.4973e-05
-1.0174e-05
-1.493e-05
-1.71e-05
-1.4978e-05
-1.5939e-05
-1.4882e-05
-1.3823e-05
-1.5801e-05
-1.5733e-05
-1.4718e-05
-1.7675e-05
-1.7654e-05
-1.5588e-05
-1.6513e-05
-1.6486e-05
-1.7477e-05
-2.0473e-05
-1.8392e-05
-1.4315e-05
-1.4224e-05
-1.4222e-05
-1.6236e-05
-1.8137e-05
-1.6203e-05
-1.4953e-05
-1.3056e-05
-1.6983e-05
-1.3842e-05
-7.8744e-06
-1.1632e-05
-9.7932e-06
-1.0619e-05
-1.1612e-05
-1.0616e-05
-1.3523e-05
-1.252e-05
-1.1441e-05
-1.5476e-05
-1.7441e-05
-1.6433e-05
-1.7335e-05
-1.633e-05
-1.5251e-05
-1.5183e-05
-1.5217e-05
-1.4023e-05
-1.1081e-05
-1.3947e-05
-1.1892e-05
-9.9047e-06
-1.2701e-05
-9.8564e-06
-1.0598e-05
-9.6829e-06
-1.1664e-05
-1.148e-05
-7.645e-06
-1.2344e-05
-1.1594e-05
-1.3361e-05
-1.4435e-05
-1.5407e-05
-1.7304e-05
-1.6385e-05
-1.7186e-05
-1.5267e-05
-1.507e-05
-1.5145e-05
-1.6037e-05
-1.5e-05
-1.3978e-05
-1.1729e-05
-9.9137e-06
-1.3625e-05
-6.6977e-06
-7.5977e-06
-1.1465e-05
-6.6407e-06
-9.2932e-06
-7.4931e-06
-9.3732e-06
-1.0267e-05
-9.4488e-06
-1.5209e-05
-8.2486e-06
-1.0289e-05
-1.4984e-05
-6.3204e-06
-1.3895e-05
-1.1064e-05
-1.0067e-05
-1.8834e-05
-1.2071e-05
-1.271e-05
-1.1763e-05
-9.7716e-06
-1.1487e-05
-8.7525e-06
-1.2399e-05
-9.5755e-06
-9.3549e-06
-1.2434e-05
-1.0291e-05
-9.3016e-06
-1.117e-05
-8.1635e-06
-7.0462e-06
-9.0585e-06
-7.9763e-06
-9.0214e-06
-1.0861e-05
-7.9522e-06
-8.7385e-06
-8.838e-06
-8.6804e-06
-8.7202e-06
-8.5713e-06
-9.6604e-06
-1.1519e-05
-7.463e-06
-8.4722e-06
-1.234e-05
-6.3397e-06
-9.288e-06
-1.3224e-05
-6.2227e-06
-6.0285e-06
-6.004e-06
-3.9917e-06
-7.9108e-06
-6.8819e-06
-5.8656e-06
-8.7265e-06
-6.8227e-06
-7.6636e-06
-5.5851e-06
-5.6669e-06
-1.1517e-05
-7.5861e-06
-6.4061e-06
-8.3959e-06
-7.3896e-06
-9.316e-06
-9.2638e-06
-7.2267e-06
-7.0711e-06
-6.1069e-06
-6.9979e-06
-3.8876e-06
-2.9328e-06
-6.7485e-06
-4.8899e-06
-9.7947e-06
-9.6975e-06
-4.7844e-06
-6.4192e-06
4.7335e-07
-5.5248e-06
-9.2844e-06
-1.5975e-06
-1.1158e-05
-6.3778e-06
-4.249e-06
-1.1087e-05
-3.1919e-06
-6.0331e-06
-6.8835e-06
-1.0772e-06
-8.7405e-06
-4.9113e-06
-5.8571e-06
-8.5537e-06
-1.9093e-06
-8.4177e-06
-1.6265e-06
-4.5649e-07
-8.4278e-06
-3.4955e-06
-5.3534e-06
-8.3406e-06
-4.3468e-06
-6.1807e-06
-8.2852e-06
-9.1671e-06
-9.1543e-06
-8.0501e-06
-4.9167e-06
-3.9124e-06
-5.7567e-06
-4.8575e-06
-6.696e-06
-3.628e-06
-1.6245e-06
-3.4006e-06
4.8276e-07
-3.3706e-06
-4.355e-06
-1.3683e-06
-4.1407e-06
-3.3176e-06
-4.0687e-06
-2.1083e-06
-3.0405e-06
-4.9277e-06
-4.0365e-06
-7.856e-06
-5.8934e-06
-5.8375e-06
-5.6248e-06
2.8469e-07
-1.4128e-06
-1.5855e-06
-4.4787e-06
-5.4413e-06
-2.4516e-06
-1.1793e-06
1.7193e-06
-2.1335e-06
-2.1554e-06
-1.1372e-07
-9.238e-07
9.682e-07
-3.9121e-06
-5.9581e-06
-2.8841e-06
3.742e-07
1.2427e-06
-4.5799e-06
-2.6446e-06
-2.568e-06
-2.3504e-06
3.5663e-06
-1.242e-06
-1.2706e-06
-1.342e-06
-6.087e-06
-2.3391e-06
-5.0177e-06
-1.0544e-06
3.0655e-06
2.0638e-07
2.1225e-06
2.5943e-07
-7.1639e-07
-7.6605e-07
-2.5808e-06
3.449e-06
3.5246e-06
6.6384e-07
2.492e-06
8.6006e-07
3.6547e-06
-1.1852e-06
-1.1088e-06
7.5851e-07
-5.9457e-06
-1.1596e-06
-1.8807e-06
-2.9051e-06
1.0526e-07
-6.3538e-07
-8.4841e-07
-4.5935e-06
-6.5945e-07
4.8867e-07
6.464e-07
3.5106e-06
1.8581e-06
6.709e-06
3.8686e-06
3.9698e-06
8.8934e-06
2.0566e-06
4.0283e-06
2.9315e-06
-4.8468e-06
1.9567e-06
2.3362e-06
3.257e-06
4.3088e-06
4.4651e-07
3.4294e-07
-3.5416e-06
-2.498e-06
3.6461e-06
3.7783e-06
3.8503e-06
4.8688e-06
4.0353e-06
3.9238e-06
2.1371e-06
5.1042e-06
5.2183e-06
5.3501e-06
5.2037e-06
4.8322e-07
1.194e-06
-2.5301e-06
2.5045e-06
4.4559e-06
1.8262e-06
8.535e-06
-2.2374e-06
-4.3238e-06
6.2799e-07
-9.1877e-07
8.8586e-06
7.2712e-06
4.023e-06
3.145e-06
3.2485e-06
5.194e-06
4.434e-06
7.3883e-06
3.4322e-06
1.5617e-06
4.4487e-06
-1.3296e-06
6.0033e-07
2.7123e-06
2.906e-06
6.8092e-06
9.4499e-07
-8.889e-08
1.9157e-06
1.2042e-06
5.0341e-06
2.3224e-06
5.2688e-06
6.3435e-06
3.4921e-06
5.3449e-06
5.503e-07
4.706e-07
3.6172e-06
5.8116e-06
6.7287e-06
1.8821e-06
2.8283e-06
2.908e-06
3.0482e-06
8.071e-06
5.156e-06
2.1585e-06
2.1164e-06
-1.7831e-06
2.3181e-06
7.4049e-06
5.5921e-06
7.5053e-06
5.6348e-06
4.6621e-06
6.6764e-06
5.8529e-06
5.7363e-06
6.0243e-06
7.9084e-06
4.0702e-06
6.132e-06
8.1403e-06
5.3875e-06
1.0289e-05
7.4643e-06
5.4625e-06
5.3583e-06
1.6163e-06
6.468e-06
7.7942e-06
9.7662e-06
9.8273e-06
7.9744e-06
7.828e-06
4.04e-06
6.965e-06
7.1136e-06
6.1892e-06
8.1724e-06
3.2461e-06
2.2472e-06
7.3852e-06
9.5359e-06
8.4794e-06
1.0741e-05
1.3587e-05
7.8564e-06
1.076e-05
8.8259e-06
5.9795e-06
1.0821e-05
7.158e-06
1.0027e-05
1.0173e-05
6.2053e-06
8.1932e-06
7.3223e-06
6.3468e-06
6.3666e-06
6.5185e-06
9.557e-06
7.613e-06
6.7152e-06
9.71e-06
6.8457e-06
7.8897e-06
7.8403e-06
7.1515e-06
1.5042e-05
1.2332e-05
1.0233e-05
8.1947e-06
6.4387e-06
1.3331e-05
1.0569e-05
1.2628e-05
1.3473e-05
8.9184e-06
1.5492e-05
1.8146e-05
5.1605e-05
8.4122e-05
6.8557e-05
3.176e-06
-3.624e-05
0.00012228
0.00027677
0.00019676
1.2801e-06
-9.8412e-05
0.00020376
0.00061518
0.00046736
-9.7623e-05
-0.00021893
0.00066958
0.0015497
0.0015252
0.0014332
0.0011475
-3.9027e-05
-0.0012208
-0.001524
-0.00073914
0.00070743
0.0012931
0.00048443
-0.00056223
-0.00046412
0.00061971
0.00050217
-0.0017005
-0.0042521
-0.0046508
-0.0020112
0.0017976
0.0039983
0.0028523
0.0002013
-0.0018402
-0.003159
-0.0012397
0.0031596
0.0053438
0.0037563
0.00021235
-0.00036746
0.0023451
0.0038557
0.0035178
0.0014392
-0.00053236
0.0001493
0.00072708
0.00043734
0.00074109
-0.00016666
-0.0026879
-0.0054854
-0.0061248
-0.0036312
-0.0012017
-0.00010683
0.00052371
0.0010413
0.00088754
-0.00026559
-0.0018195
-0.0031122
-0.0016617
0.0011997
0.0018809
0.0015175
0.0014034
0.0033223
0.0069286
0.0075538
0.0048197
0.0023284
0.0030426
0.0056327
0.0044212
0.00032192
-0.00069407
0.0013367
0.0038482
0.0050038
0.0051507
0.0066976
0.0056337
-0.00070648
-0.0060356
-0.0074396
-0.0067212
-0.0062303
-0.0070238
-0.0060882
-0.0037013
-0.0014447
0.0004822
0.0010134
0.0031505
0.0061904
0.0060585
0.0041118
0.0021402
0.00012377
-0.0029093
-0.005837
-0.005017
-0.00065322
0.0052203
0.010003
0.0095352
0.0056184
0.0016528
-0.0016503
-0.0025522
-0.0014134
0.0022403
0.0072515
0.010689
0.011392
0.0060027
-0.0020247
-0.0066243
-0.0077715
-0.0047582
-0.00071358
0.001295
0.0019021
-0.00077005
-0.0046429
-0.0052927
-0.0032533
-0.00074693
0.0021749
0.0064575
0.010234
0.012081
0.011569
0.0081639
0.0057233
0.0040552
0.0014303
0.0020819
0.0039755
0.0050995
0.0073483
0.007692
0.0063173
0.0057954
0.0060426
0.0063779
0.0052059
0.0020135
-0.0024509
-0.0047978
-0.001817
0.0038336
0.0071788
0.0059488
0.0032254
0.0013231
-0.0019129
-0.0044964
-0.0032471
-0.00030534
0.0022409
0.0045421
0.0065677
0.0086358
0.010519
0.010764
0.010352
0.012582
0.015678
0.015242
0.012428
0.0080317
0.0028492
-0.00077898
-0.0024521
-0.002301
-0.0016951
0.0023373
0.0093127
0.012889
0.010683
0.0026049
-0.0037709
-0.0038368
-0.0024351
-0.0011692
-0.0016183
-0.0043128
-0.005823
-0.005297
-0.0048531
-0.0053534
-0.0055331
-0.0041451
-0.0014513
0.0027955
0.010129
0.017509
0.017702
0.010165
0.0059287
0.011779
0.016333
0.0092546
2.3456e-05
0.00072675
0.0086943
0.01633
0.020061
0.018531
0.013559
0.0070442
-0.0025869
-0.0096739
-0.0078004
-0.002926
0.0056426
0.019428
0.029029
0.032171
0.030586
0.026532
0.019892
0.010901
0.0095017
0.013337
0.011659
0.0082405
0.0085208
0.009354
0.0085901
0.0087316
0.0096738
0.0090404
0.0071052
0.0049332
0.0029742
0.0010723
-0.0046265
-0.01138
-0.0077788
0.0031766
0.013253
0.020632
0.023929
0.02581
0.021242
0.0086666
0.00025834
0.0040374
0.01686
0.024263
0.021885
0.016635
0.01017
0.004958
0.00093219
0.0020842
0.012134
0.020152
0.02051
0.018808
0.020056
0.024908
0.025765
0.016958
0.0060033
-0.00043163
-0.0049779
-0.0094557
-0.010922
-0.005019
0.0056324
0.011373
0.007834
-0.0013354
-0.0085817
-0.003332
0.014181
0.026219
0.022414
0.01066
0.00086117
0.0010629
0.010229
0.010151
-0.0054795
-0.024108
-0.037377
-0.040437
-0.03305
-0.024552
-0.02813
-0.043211
-0.052343
-0.044086
-0.021873
-0.0010882
0.0063391
0.0026716
-0.0028707
0.0073514
0.034994
0.060745
0.080877
0.092582
0.088631
0.074661
0.057341
0.043678
0.03183
0.015797
-0.00082301
-0.01563
-0.024257
-0.026849
-0.030952
-0.034062
-0.028152
-0.011113
0.0041096
0.0005065
-0.016709
-0.031314
-0.03535
-0.038017
-0.054769
-0.077063
-0.083154
-0.070238
-0.057095
-0.051463
-0.044945
-0.040526
-0.04009
-0.037764
-0.03389
-0.03339
-0.037254
-0.035781
-0.030375
-0.027387
-0.017701
-0.010551
-0.01934
-0.032492
-0.037616
-0.030684
-0.022472
-0.020256
-0.00772
0.021474
0.056892
0.087131
0.10143
0.10665
0.11353
0.11727
0.11823
0.11758
0.11257
0.10506
0.093469
0.077128
0.055049
0.0294
0.004912
-0.021343
-0.044995
-0.062479
-0.07255
-0.068425
-0.051202
-0.026502
-0.017149
-0.033964
-0.047867
-0.046882
-0.039989
-0.032295
-0.026505
-0.014838
-4.1158e-06
0.0096827
0.021325
0.029171
0.023202
0.0073484
-0.010514
-0.013321
-0.0044815
-0.0034834
-0.0070864
-0.013213
-0.028326
-0.047915
-0.06367
-0.076785
-0.09117
-0.10371
-0.11614
-0.12977
-0.13471
-0.11282
-0.060512
-0.010528
0.013941
0.022852
0.027911
0.04026
0.06691
0.10182
0.13492
0.14491
0.12638
0.11089
0.1067
0.11044
0.11685
0.091318
0.036486
-0.025243
-0.085048
-0.12864
-0.15758
-0.16888
-0.16478
-0.14117
-0.096262
-0.058399
-0.026479
0.003961
0.033348
0.061534
0.074639
0.081728
0.076663
0.049359
0.011543
-0.022604
-0.041389
-0.051457
-0.062242
-0.076367
-0.089289
-0.10114
-0.11213
-0.1124
-0.11051
-0.11253
-0.12106
-0.13597
-0.13715
-0.12114
-0.093873
-0.063887
-0.038988
-0.0078994
0.027435
0.044606
0.037178
0.02719
0.027987
0.036301
0.048165
0.048243
0.030621
-0.0025552
-0.0484
-0.088649
-0.11667
-0.12163
-0.090678
-0.052553
-0.026449
-0.0075907
-0.0023534
-0.0031575
0.002772
0.016615
0.04298
0.078714
0.10457
0.099579
0.068689
0.032279
-0.010572
-0.068877
-0.12835
-0.16695
-0.18487
-0.18209
-0.16604
-0.15277
-0.14221
-0.13686
-0.13615
-0.14251
-0.15098
-0.15171
-0.14684
-0.13076
-0.11197
-0.096423
-0.07338
-0.051127
-0.043551
-0.045958
-0.043852
-0.026382
0.0070276
0.039307
0.061096
0.091372
0.13674
0.17879
0.20536
0.20759
0.17885
0.13127
0.087542
0.060661
0.043211
0.021184
-0.0078322
-0.035726
-0.053684
-0.058453
-0.052633
-0.04307
-0.031431
-0.018402
-0.013407
-0.011667
0.0064109
0.04388
0.082391
0.098831
0.09584
0.094566
0.11254
0.14318
0.13538
0.078719
0.016245
-0.029749
-0.048025
-0.05165
-0.065649
-0.08394
-0.09222
-0.08402
-0.048366
0.0060261
0.054805
0.095134
0.11058
0.11073
0.14501
0.18357
0.19157
0.19395
0.18396
0.16698
0.15733
0.13499
0.098964
0.05452
0.011533
-0.020817
-0.058198
-0.091328
-0.09991
-0.077913
-0.028017
0.02619
0.077178
0.11353
0.11494
0.10447
0.094051
0.077617
0.072815
0.066913
0.040907
-0.0023471
-0.056872
-0.092374
-0.097996
-0.080067
-0.054685
-0.048306
-0.061543
-0.084727
-0.09808
-0.096392
-0.090005
-0.088585
-0.097913
-0.097134
-0.075843
-0.048891
-0.023778
-0.0040494
0.010361
0.023354
0.024208
0.016175
0.0066085
-0.011917
-0.025571
-0.014113
0.024939
0.069697
0.098458
0.10747
0.10559
0.094032
0.076554
0.090632
0.12025
0.13139
0.13801
0.13022
0.10718
0.086695
0.083506
0.098065
0.098914
0.089534
0.086592
0.08284
0.083955
0.085057
0.082272
0.080435
0.088785
0.11417
0.12037
0.10122
0.078973
0.04616
0.011065
-0.014148
-0.027394
-0.025192
-0.011859
-0.0033761
-0.014096
-0.044157
-0.081259
-0.11141
-0.12778
-0.11961
-0.093464
-0.082798
-0.11108
-0.15539
-0.17001
-0.13649
-0.070054
-0.0051174
0.047182
0.083228
0.087778
0.062762
0.022117
-0.018611
-0.065692
-0.1073
-0.12011
-0.12737
-0.12664
-0.097094
-0.042638
0.033652
0.11492
0.17805
0.20531
0.19219
0.14787
0.10305
0.092383
0.096697
0.084471
0.058935
0.034548
0.0046724
-0.041349
-0.084174
-0.1099
-0.11185
-0.095076
-0.07909
-0.058433
-0.033623
-0.015153
-0.0062434
-0.011904
-0.02733
-0.042754
-0.050622
-0.052818
-0.051067
-0.046937
-0.048531
-0.058021
-0.075438
-0.086165
-0.071616
-0.034824
0.0041789
0.032813
0.056309
0.058486
0.029419
-0.006444
-0.037887
-0.06487
-0.089004
-0.10808
-0.11958
-0.14062
-0.17192
-0.19549
-0.21187
-0.21453
-0.18739
-0.13984
-0.085908
-0.02616
0.042218
0.091275
0.085379
0.06531
0.073318
0.094053
0.12098
0.1297
0.097009
0.056277
0.026224
0.010625
0.031723
0.071697
0.1068
0.13302
0.12824
0.10407
0.080363
0.048609
0.016978
-0.010732
-0.039635
-0.07531
-0.11075
-0.13013
-0.1396
-0.13878
-0.13078
-0.11732
-0.084056
-0.040309
0.0023929
0.045807
0.08358
0.10816
0.12651
0.15268
0.18656
0.2165
0.22829
0.22025
0.20449
0.18341
0.15793
0.1329
0.1017
0.057433
0.0035325
-0.055824
-0.10947
-0.1377
-0.13262
-0.094328
-0.039939
-0.0035194
0.010441
0.0202
0.029648
0.027434
0.010269
-0.019651
-0.062984
-0.09587
-0.097578
-0.08505
-0.076781
-0.07195
-0.067153
-0.066107
-0.073629
-0.081045
-0.081229
-0.078205
-0.060494
-0.021751
0.024085
0.062348
0.08178
0.082113
0.077399
0.0825
0.092594
0.10333
0.11876
0.12991
0.13142
0.11883
0.092237
0.071529
0.070055
0.084665
0.10243
0.11101
0.10882
0.095208
0.067179
0.035252
0.018342
0.014265
0.0099874
0.0038065
-0.0022012
-0.0066491
-0.009715
-0.013966
-0.019737
-0.025087
-0.028462
-0.024591
-0.0087751
0.013397
0.034263
0.051256
0.064455
0.073348
0.071702
0.061103
0.050903
0.034135
0.0054422
-0.020717
-0.029989
-0.019872
0.0021809
0.024273
0.030214
0.014902
-0.005698
-0.021393
-0.031363
-0.03225
-0.026706
-0.021688
-0.015975
-0.0045769
0.0093551
0.01754
0.012936
-0.0072969
-0.042385
-0.085458
-0.13
-0.17585
-0.21439
-0.24186
-0.25998
-0.27249
-0.28909
-0.30074
-0.30929
-0.31717
-0.30636
-0.27392
-0.22493
-0.17986
-0.15446
-0.14203
-0.14389
-0.15772
-0.16461
-0.15691
-0.14632
-0.13842
-0.13117
-0.11381
-0.092115
-0.078502
-0.057314
-0.023101
0.024133
0.073857
0.11463
0.16635
0.22632
0.26643
0.29872
0.32352
0.2937
0.22948
0.17595
0.14575
0.13176
0.10968
0.10068
0.097537
0.090978
0.088611
0.062624
0.029521
-0.012304
-0.066282
-0.083056
-0.065601
-0.044786
-0.028099
-0.029369
-0.052363
-0.080474
-0.097107
-0.10059
-0.098154
-0.080453
-0.040795
0.020234
0.092857
0.15709
0.20696
0.21881
0.19054
0.14923
0.10171
0.06933
0.053015
0.036468
0.019968
-0.0070699
-0.037422
-0.062131
-0.10235
-0.15674
-0.197
-0.22312
-0.24581
-0.26145
-0.26985
-0.25742
-0.20887
-0.14311
-0.07952
-0.022227
0.023059
0.057625
0.075803
0.079541
0.075468
0.054238
0.035432
0.03892
0.052344
0.07469
0.10277
0.12341
0.14208
0.16621
0.18886
0.20706
0.22264
0.23126
0.22278
0.19012
0.14057
0.09226
0.060872
0.038969
0.028057
0.039699
0.054892
0.063189
0.049927
0.011009
-0.022588
-0.046245
-0.063305
-0.072487
-0.073506
-0.068096
-0.06642
-0.062271
-0.051505
-0.038198
-0.032051
-0.043074
-0.063926
-0.089078
-0.10186
-0.086337
-0.061681
-0.042046
-0.027428
-0.017389
-0.015551
-0.033541
-0.053516
-0.056542
-0.048409
-0.027146
-0.0010826
0.016472
0.028675
0.036157
0.039743
0.047324
0.062354
0.084552
0.10108
0.10018
0.089975
0.077518
0.074384
0.090897
0.11845
0.1445
0.16076
0.15334
0.1065
0.041739
-0.0068921
-0.035886
-0.041273
-0.021646
0.0098764
0.037928
0.046299
0.03756
0.026467
0.025045
0.038459
0.053966
0.061289
0.059714
0.057213
0.057931
0.046763
0.027653
0.011707
-0.0021638
-0.010208
-0.021205
-0.04208
-0.069869
-0.098927
-0.12107
-0.1387
-0.1526
-0.16324
-0.17219
-0.17885
-0.18
-0.17
-0.15659
-0.14688
-0.13958
-0.12825
-0.10429
-0.067048
-0.020578
0.024718
0.071421
0.12148
0.15169
0.16281
0.16683
0.14689
0.11148
0.091268
0.090194
0.099909
0.10317
0.087781
0.064221
0.042638
0.024355
0.0027297
-0.0303
-0.070448
-0.1099
-0.14092
-0.15053
-0.13648
-0.11287
-0.097642
-0.09207
-0.08736
-0.085962
-0.083484
-0.077515
-0.072764
-0.06971
-0.068502
-0.05936
-0.040553
-0.016872
0.0098951
0.028135
0.032522
0.03017
0.030208
0.043622
0.068661
0.086699
0.096536
0.10268
0.097389
0.085895
0.07739
0.073526
0.064675
0.041298
0.014455
-0.008161
-0.028354
-0.042965
-0.050329
-0.044392
-0.019244
0.0097978
0.026399
0.038417
0.055453
0.079716
0.11253
0.1421
0.15927
0.16312
0.13915
0.08779
0.038273
0.0059816
-0.016827
-0.039655
-0.073658
-0.12209
-0.16706
-0.19292
-0.20357
-0.19762
-0.15221
-0.085425
-0.043714
-0.024258
-0.017692
-0.022456
-0.029819
-0.040224
-0.051199
-0.054237
-0.042235
-0.020625
0.0014082
0.015704
0.016937
0.0071586
-0.012799
-0.039553
-0.065965
-0.080768
-0.082587
-0.076592
-0.058525
-0.030109
0.0019767
0.031011
0.051097
0.06395
0.075046
0.089817
0.11087
0.13638
0.16084
0.17704
0.1791
0.1679
0.14777
0.11972
0.089008
0.061628
0.036647
0.014947
-0.0027943
-0.015301
-0.016406
-0.01001
-0.0053087
-0.0093415
-0.025306
-0.049199
-0.072566
-0.078067
-0.067228
-0.056475
-0.048398
-0.042821
-0.03155
-0.0072158
0.022538
0.044716
0.048377
0.027619
-0.008721
-0.036857
-0.048302
-0.049405
-0.044599
-0.039466
-0.036817
-0.038962
-0.050001
-0.066625
-0.078334
-0.081511
-0.07563
-0.061374
-0.050232
-0.046916
-0.049066
-0.057005
-0.065892
-0.071243
-0.071497
-0.067395
-0.058593
-0.042468
-0.021593
-0.00087375
0.015605
0.024965
0.028752
0.033227
0.043986
0.06164
0.079482
0.09232
0.10093
0.098335
0.08336
0.064742
0.045088
0.025899
0.0070368
-0.010176
-0.024299
-0.031096
-0.024829
-0.017153
-0.020336
-0.032255
-0.038801
-0.026904
-0.0003924
0.035662
0.073477
0.10101
0.11526
0.11458
0.10051
0.084023
0.074974
0.07515
0.080373
0.08557
0.086646
0.078441
0.060475
0.033827
8.4261e-05
-0.032807
-0.052045
-0.04098
-0.0062457
0.023448
0.032409
0.019505
-0.0051434
-0.027799
-0.041227
-0.04069
-0.025069
-0.0053138
0.0084349
0.017485
0.020963
0.020384
0.020074
0.019949
0.01776
0.010547
-0.0019
-0.020139
-0.039828
-0.054726
-0.065674
-0.073024
-0.076969
-0.077227
-0.071391
-0.063767
-0.062077
-0.066617
-0.072414
-0.073502
-0.068138
-0.059391
-0.049212
-0.040643
-0.036385
-0.034039
-0.029491
-0.025105
-0.024311
-0.024424
-0.02374
-0.022362
-0.024189
-0.031753
-0.042743
-0.054952
-0.057505
-0.045161
-0.028336
-0.012374
0.0021347
0.014821
0.027489
0.040079
0.051611
0.061907
0.072896
0.084523
0.092778
0.095617
0.092261
0.083854
0.075328
0.069122
0.065712
0.064835
0.064141
0.06501
0.06896
0.074189
0.078344
0.078404
0.074239
0.066269
0.05487
0.042289
0.029431
0.017983
0.010243
0.0069252
0.0071759
0.0084187
0.0073
0.0024443
-0.0037363
-0.0090852
-0.010875
-0.0053544
0.004257
0.010757
0.011048
0.005273
-0.0039661
-0.014531
-0.024866
-0.029836
-0.028125
-0.023955
-0.020887
-0.024534
-0.036753
-0.050734
-0.05998
-0.059725
-0.047643
-0.027022
-0.0033633
0.019616
0.042277
0.063206
0.076827
0.08099
0.074713
0.05869
0.047052
0.053003
0.073264
0.09692
0.112
0.10964
0.078963
0.027443
-0.017476
-0.049122
-0.06824
-0.071954
-0.064112
-0.050884
-0.042503
-0.042946
-0.050842
-0.069262
-0.09586
-0.11727
-0.12487
-0.11544
-0.088302
-0.055455
-0.025894
-0.0019808
0.012937
0.022102
0.031366
0.048265
0.079576
0.12329
0.16768
0.19225
0.17632
0.12486
0.071692
0.036708
0.015919
-0.0022341
-0.026367
-0.045411
-0.057822
-0.073918
-0.08518
-0.09032
-0.099148
-0.11501
-0.13465
-0.14911
-0.15274
-0.14385
-0.1245
-0.098053
-0.070002
-0.047245
-0.034537
-0.033884
-0.037761
-0.037851
-0.031491
-0.0204
-0.0064928
0.010187
0.027295
0.046395
0.067708
0.08646
0.098173
0.098449
0.080779
0.047173
0.01785
0.0058841
0.0063633
0.010894
0.013641
0.0084547
-0.0065927
-0.024041
-0.038736
-0.041886
-0.031848
-0.024027
-0.024496
-0.030003
-0.033511
-0.027285
-0.0093478
0.013745
0.028192
0.030887
0.025867
0.015313
0.00076482
-0.019439
-0.042558
-0.059291
-0.063466
-0.057484
-0.043716
-0.026933
-0.016861
-0.017811
-0.028945
-0.040986
-0.047225
-0.046591
-0.030848
-0.00032621
0.03647
0.075556
0.10889
0.12865
0.13335
0.12425
0.10584
0.080368
0.050293
0.022339
0.0022016
-0.0049279
0.0043159
0.026537
0.050115
0.067083
0.079174
0.084244
0.07981
0.067736
0.047881
0.024061
0.0033871
-0.008548
-0.016007
-0.028379
-0.043818
-0.056134
-0.061891
-0.064184
-0.063009
-0.056191
-0.049945
-0.049173
-0.062634
-0.083684
-0.092608
-0.091482
-0.084444
-0.072882
-0.063514
-0.054775
-0.044769
-0.034617
-0.021612
-0.0066039
0.0040891
0.010351
0.016178
0.017378
0.011185
0.0022836
-0.0085697
-0.019585
-0.028339
-0.038542
-0.050916
-0.062685
-0.071665
-0.074054
-0.0655
-0.049075
-0.033275
-0.019143
-0.0052548
0.0057999
0.013144
0.017041
0.017092
0.014183
0.010801
0.0093789
0.0093967
0.0083826
0.0039118
-0.0050041
-0.017551
-0.032014
-0.043225
-0.047646
-0.041547
-0.024547
-0.0089832
-0.00033979
0.0013526
-0.0047485
-0.0098091
-0.008091
0.00052491
0.014333
0.028593
0.039858
0.046525
0.049556
0.0489
0.044627
0.040977
0.0419
0.047648
0.056501
0.066685
0.075704
0.080447
0.076622
0.065048
0.052447
0.038747
0.020282
-0.0026956
-0.02855
-0.054802
-0.077901
-0.094728
-0.10217
-0.10061
-0.096148
-0.091339
-0.087531
-0.082585
-0.065627
-0.037263
-0.0083393
0.016287
0.034512
0.046909
0.054189
0.055756
0.055076
0.056266
0.062046
0.06746
0.064437
0.054595
0.038617
0.019464
0.0020023
-0.016588
-0.033546
-0.046034
-0.053936
-0.056967
-0.058607
-0.056052
-0.047572
-0.037373
-0.030287
-0.026617
-0.022708
-0.022256
-0.027341
-0.036248
-0.04718
-0.057367
-0.06436
-0.061893
-0.050025
-0.03542
-0.022222
-0.011492
-0.00053345
0.0096234
0.015755
0.018205
0.015981
0.0092329
0.0029106
0.00019786
-2.5896e-06
0.0028196
0.0080976
0.012448
0.014314
0.013516
0.013398
0.015119
0.016169
0.017631
0.021178
0.029172
0.040626
0.050921
0.059911
0.068381
0.076785
0.086028
0.092754
0.092696
0.086447
0.076221
0.063969
0.050825
0.035766
0.018335
-0.002114
-0.024527
-0.044662
-0.058653
-0.064396
-0.063964
-0.059147
-0.050179
-0.040767
-0.034541
-0.030473
-0.023235
-0.010486
0.0056788
0.0218
0.033138
0.037911
0.033576
0.019983
0.0070307
0.0034164
0.0083906
0.015515
0.019802
0.020058
0.016706
0.011817
0.0058142
-0.00078678
-0.0026917
0.0041103
0.016108
0.027441
0.036335
0.044142
0.052054
0.059961
0.065985
0.066587
0.062122
0.056746
0.052788
0.051161
0.049727
0.046259
0.041909
0.036008
0.02752
0.018316
0.010679
0.0044569
-0.0020427
-0.010507
-0.021541
-0.032334
-0.040045
-0.042121
-0.038711
-0.034981
-0.03293
-0.032053
-0.032763
-0.034165
-0.03251
-0.026
-0.016872
-0.0069769
-0.00091863
-0.002756
-0.010805
-0.020135
-0.025996
-0.028872
-0.032694
-0.038427
-0.043319
-0.045813
-0.045797
-0.043837
-0.0431
-0.044248
-0.043891
-0.039692
-0.031131
-0.019549
-0.007283
0.0047552
0.015169
0.022283
0.025965
0.026248
0.024171
0.019834
0.011437
0.00096927
-0.0072621
-0.012149
-0.014895
-0.016995
-0.019235
-0.021131
-0.021888
-0.021674
-0.02109
-0.020385
-0.019909
-0.02023
-0.022968
-0.028254
-0.031932
-0.030984
-0.025412
-0.015939
-0.0063729
-4.5844e-05
0.0040546
0.0074573
0.011737
0.018169
0.025828
0.032298
0.035526
0.036898
0.038872
0.040896
0.039738
0.034433
0.02831
0.02282
0.01719
0.010442
0.0021756
-0.0055499
-0.011972
-0.017822
-0.023561
-0.030069
-0.036155
-0.039365
-0.03791
-0.029791
-0.015059
0.0026961
0.019163
0.031546
0.039234
0.042521
0.041875
0.039799
0.039234
0.041039
0.044995
0.050872
0.058006
0.064149
0.06709
0.066496
0.06063
0.047181
0.028316
0.0081695
-0.0099865
-0.02386
-0.034511
-0.042902
-0.048322
-0.050318
-0.044859
-0.03252
-0.022429
-0.019153
-0.021852
-0.026806
-0.030116
-0.030207
-0.024779
-0.014869
-0.003679
0.0058721
0.011411
0.013928
0.015537
0.018302
0.022491
0.02591
0.025513
0.020444
0.012897
0.0031949
-0.0074124
-0.01581
-0.020614
-0.021273
-0.020965
-0.023977
-0.030506
-0.038048
-0.043339
-0.045263
-0.043157
-0.037165
-0.030032
-0.02309
-0.01721
-0.011992
-0.0050388
0.0046802
0.017309
0.029997
0.038545
0.040818
0.035157
0.024734
0.016091
0.010707
0.0056908
-0.0013891
-0.010494
-0.019972
-0.027264
-0.030208
-0.029308
-0.027075
-0.024579
-0.020841
-0.015471
-0.0085592
-0.0017129
0.0024568
0.0033772
0.00097219
-0.0041095
-0.0082899
-0.0091419
-0.0071751
-0.0041279
-0.0040455
-0.0070107
-0.009024
-0.010203
-0.01218
-0.015723
-0.021014
-0.028004
-0.036401
-0.043404
-0.045073
-0.037974
-0.024188
-0.011017
-0.00059722
0.0086225
0.017136
0.026004
0.034319
0.040345
0.043731
0.044532
0.045637
0.049445
0.054935
0.061218
0.066301
0.067924
0.064697
0.055701
0.043075
0.030001
0.018817
0.010633
0.0046699
-0.00031876
-0.0053585
-0.010139
-0.012636
-0.011324
-0.0080262
-0.006468
-0.00896
-0.014886
-0.018319
-0.014201
-0.0049174
0.0062565
0.01821
0.028936
0.037045
0.042586
0.044736
0.043008
0.038571
0.033817
0.031326
0.030952
0.031726
0.032977
0.033207
0.030901
0.024638
0.015502
0.0064646
0.00074787
-2.1839e-05
0.0010064
0.00092838
-0.00063644
-0.0036996
-0.0068003
-0.0085965
-0.008573
-0.0074762
-0.0064094
-0.0049568
-0.0047333
-0.0085843
-0.01625
-0.024655
-0.029088
-0.02638
-0.017377
-0.0040063
0.012273
0.029341
0.043596
0.05156
0.052298
0.047771
0.041349
0.035445
0.032327
0.03156
0.02973
0.026595
0.022434
0.017115
0.011907
0.0060585
-0.0012139
-0.0080889
-0.0118
-0.011416
-0.009419
-0.0092017
-0.011579
-0.01491
-0.016955
-0.014683
-0.0068841
0.0034974
0.014098
0.023796
0.030374
0.03344
0.032616
0.025635
0.014266
0.0045872
0.00050336
0.00092238
0.0021301
0.0013203
-0.0029448
-0.010832
-0.020055
-0.027605
-0.032505
-0.033899
-0.030157
-0.022135
-0.013697
-0.0084673
-0.0066781
-0.0063475
-0.0066073
-0.007335
-0.0067086
-0.0024118
0.0046277
0.010672
0.012994
0.011822
0.0091927
0.0068801
0.0052926
0.0042871
0.0037586
0.0029226
0.0012489
-0.0010967
-0.0036876
-0.0054387
-0.0054522
-0.0041572
-0.0025011
-0.0011691
-0.0014905
-0.0034885
-0.0058623
-0.0085571
-0.0096944
-0.0064453
0.0013992
0.011042
0.018975
0.025217
0.030575
0.035789
0.040697
0.041945
0.036946
0.023539
0.0051535
-0.0082228
-0.01435
-0.017438
-0.018263
-0.017569
-0.018619
-0.023072
-0.030614
-0.039419
-0.046111
-0.046845
-0.040676
-0.032168
-0.024442
-0.01771
-0.012579
-0.007355
-9.7836e-05
0.0093689
0.019862
0.029207
0.0354
0.03624
0.031747
0.02565
0.021342
0.019205
0.017611
0.014659
0.010276
0.0056872
0.0013235
-0.0025544
-0.0063093
-0.011196
-0.016973
-0.022056
-0.023764
-0.020043
-0.012804
-0.0048531
0.0023108
0.0079175
0.012668
0.017387
0.022904
0.029141
0.034668
0.038859
0.041122
0.040717
0.03752
0.032936
0.027837
0.020652
0.01228
0.0046107
-0.0030159
-0.011085
-0.019874
-0.029825
-0.040699
-0.051387
-0.060547
-0.066866
-0.068974
-0.065258
-0.05555
-0.044169
-0.034135
-0.024228
-0.014879
-0.007912
-0.0041064
-0.0024875
-0.00053913
0.0038918
0.011352
0.020053
0.02675
0.029223
0.027374
0.022493
0.016758
0.011792
0.0079116
0.005681
0.0051392
0.0048019
0.003527
0.0018746
0.00070169
-0.00038353
-0.0021209
-0.0043721
-0.0058654
-0.0055361
-0.0028793
0.0016578
0.0053026
0.0058646
0.0029735
-0.002955
-0.010599
-0.019093
-0.027496
-0.034313
-0.038739
-0.040211
-0.037858
-0.032835
-0.028403
-0.026232
-0.026054
-0.026318
-0.024186
-0.017984
-0.0095862
-0.0023157
0.0028239
0.0057506
0.0059326
0.0042266
0.0025769
0.002502
0.0038206
0.0048512
0.003691
0.00017797
-0.0030264
-0.0037793
-0.0023708
-0.00071025
-0.00028692
-0.00061745
-0.0010009
-0.0006424
0.0013916
0.0047305
0.0078449
0.0093073
0.0088106
0.0068747
0.0030835
-0.0032691
-0.010706
-0.016984
-0.021149
-0.023644
-0.025573
-0.027762
-0.030876
-0.034725
-0.038539
-0.041727
-0.04243
-0.039329
-0.034408
-0.030326
-0.027969
-0.027102
-0.026787
-0.026026
-0.024728
-0.022891
-0.019815
-0.015374
-0.011018
-0.0080739
-0.006796
-0.0069437
-0.0069049
-0.0056125
-0.004005
-0.0028584
-0.0018452
0.00031793
0.0034234
0.0047638
0.0022634
-0.0034659
-0.010135
-0.015261
-0.016633
-0.014385
-0.010836
-0.0082446
-0.0083652
-0.011144
-0.015095
-0.019103
-0.022338
-0.024236
-0.02464
-0.023121
-0.019614
-0.015271
-0.011291
-0.0083827
-0.0069451
-0.0069223
-0.0077387
-0.0077817
-0.005396
-0.00060184
0.004811
0.0086827
0.01054
0.011488
0.012643
0.014168
0.015201
0.015018
0.013681
0.012246
0.012033
0.01291
0.014233
0.016589
0.020775
0.026328
0.031566
0.035152
0.03642
0.035148
0.0325
0.030092
0.028901
0.028424
0.02703
0.024158
0.021143
0.019823
0.01983
0.0201
0.020513
0.020456
0.019328
0.016737
0.013534
0.010719
0.0078397
0.0050575
0.0028034
0.0014694
0.0014909
0.0024397
0.0032009
0.0026894
0.0006795
-0.0021462
-0.0045077
-0.0056846
-0.0062278
-0.0063503
-0.0051612
-0.0020904
0.002167
0.0049921
0.003564
-0.0016508
-0.00741
-0.010174
-0.0093076
-0.0075256
-0.0079026
-0.01159
-0.016131
-0.017983
-0.015218
-0.0087048
-0.0021026
0.0021542
0.003946
0.0045983
0.005866
0.007928
0.010778
0.014435
0.01824
0.021583
0.023019
0.022038
0.019713
0.017172
0.015382
0.014008
0.012163
0.0083895
0.001376
-0.0079491
-0.018087
-0.028226
-0.037543
-0.044518
-0.048114
-0.048529
-0.046938
-0.045737
-0.046459
-0.049573
-0.053822
-0.055253
-0.051981
-0.044592
-0.034156
-0.022732
-0.011335
-0.00070069
0.0080086
0.014413
0.01774
0.01775
0.014064
0.0057647
-0.0047053
-0.013461
-0.019252
-0.0225
-0.02367
-0.023261
-0.021815
-0.019558
-0.016965
-0.013979
-0.010647
-0.0069709
-0.0020159
0.0035829
0.0091666
0.013911
0.015519
0.01304
0.0077987
0.0027909
-0.00031912
-0.001202
-1.0972e-05
0.00097499
0.00028519
-0.0015909
-0.003782
-0.0046669
-0.0028498
0.001327
0.0058735
0.008812
0.0098996
0.010108
0.0093674
0.0067239
0.0031859
0.0011257
0.0011691
0.0026957
0.00472
0.0060561
0.0060975
0.0045588
0.0022833
0.00053438
-0.00031256
-0.00037139
3.5298e-05
0.00093287
0.0020563
0.0034529
0.0058814
0.008938
0.011363
0.012458
0.012305
0.011451
0.010865
0.011136
0.011537
0.011162
0.0099095
0.0084735
0.0074689
0.0063185
0.0045373
0.0022067
-0.00092632
-0.0046894
-0.008119
-0.010352
-0.011489
-0.011816
-0.011621
-0.011109
-0.0095827
-0.0072673
-0.0052557
-0.0033377
4.9681e-05
0.0058643
0.0128
0.018855
0.022529
0.023072
0.021128
0.017978
0.015145
0.013489
0.012892
0.013206
0.013248
0.011862
0.010054
0.0096449
0.011205
0.013598
0.015985
0.018628
0.021246
0.023814
0.026785
0.030111
0.033911
0.038072
0.042263
0.045685
0.046754
0.044603
0.039772
0.033985
0.028206
0.022489
0.017111
0.011544
0.0055697
-0.00038354
-0.0060294
-0.010638
-0.013899
-0.015725
-0.015777
-0.01491
-0.014809
-0.016432
-0.019531
-0.022687
-0.024221
-0.022903
-0.018051
-0.011066
-0.0051881
-0.0024849
-0.0028694
-0.0052128
-0.0082365
-0.010812
-0.012358
-0.013203
-0.014214
-0.016173
-0.018681
-0.020254
-0.020504
-0.020394
-0.020882
-0.021979
-0.022599
-0.022251
-0.021227
-0.019874
-0.018958
-0.018702
-0.018858
-0.019292
-0.0189
-0.016293
-0.011592
-0.0066323
-0.0031764
-0.0013482
-0.0004909
-0.00016896
0.00032768
0.0023483
0.0066379
0.012054
0.01663
0.019639
0.021723
0.023714
0.025928
0.027862
0.028951
0.029348
0.029709
0.030644
0.031914
0.032428
0.031049
0.027807
0.023889
0.019955
0.016025
0.012116
0.0085458
0.0056072
0.0028473
-7.277e-07
-0.002723
-0.0048433
-0.006126
-0.0074018
-0.0095419
-0.012578
-0.015374
-0.01687
-0.017542
-0.017786
-0.017357
-0.01616
-0.014577
-0.013497
-0.013483
-0.014135
-0.0142
-0.01295
-0.010953
-0.0092842
-0.0084354
-0.0077237
-0.0062138
-0.0040249
-0.0017529
0.00085683
0.0044697
0.0095257
0.014761
0.017927
0.018257
0.016016
0.013241
0.011903
0.012212
0.01441
0.017893
0.021402
0.023567
0.023152
0.019797
0.013968
0.007331
0.0014439
-0.0029818
-0.0057034
-0.0071019
-0.0078667
-0.0087317
-0.0097868
-0.01052
-0.010543
-0.0094661
-0.007209
-0.0042102
-0.0010061
0.0019062
0.0044917
0.0066582
0.0080895
0.0085496
0.0077157
0.0061925
0.0048571
0.0042094
0.004553
0.0056335
0.0074474
0.0096331
0.011319
0.011549
0.0090979
0.0042985
-0.00092995
-0.0045788
-0.0059446
-0.0064273
-0.0071121
-0.0076962
-0.0077044
-0.0067331
-0.0046275
-0.0017087
0.0012549
0.0035169
0.0050908
0.0064248
0.007595
0.0083114
0.0083498
0.0080946
0.0082311
0.0092557
0.011361
0.013221
0.013355
0.012038
0.009629
0.0061623
0.0016366
-0.0037609
-0.0084613
-0.0107
-0.0097658
-0.005649
0.00045296
0.0065821
0.01115
0.013252
0.013226
0.012313
0.01149
0.010803
0.010147
0.010432
0.012447
0.015881
0.01989
0.023356
0.025659
0.027024
0.027832
0.028237
0.027969
0.026533
0.024012
0.021706
0.020798
0.020681
0.020092
0.019016
0.018818
0.019914
0.020282
0.017882
0.01336
0.0093088
0.0072154
0.0064715
0.0056824
0.0038166
0.0016348
0.00052092
8.9843e-05
-0.00031082
-0.00057649
-0.00080648
-0.0011555
-0.001971
-0.0036769
-0.0061697
-0.0087172
-0.010315
-0.01064
-0.010089
-0.0095186
-0.0097351
-0.010905
-0.012695
-0.014237
-0.014762
-0.01434
-0.013895
-0.014357
-0.015721
-0.017084
-0.017486
-0.017095
-0.016697
-0.016584
-0.016464
-0.015866
-0.014443
-0.011905
-0.0086255
-0.0053607
-0.0023867
-0.0001695
0.00052049
-0.00062268
-0.0033896
-0.0071125
-0.010662
-0.013143
-0.014324
-0.013909
-0.011752
-0.0091177
-0.0077852
-0.0084547
-0.010654
-0.012564
-0.012743
-0.011703
-0.010396
-0.0093747
-0.0087561
-0.0080903
-0.0066851
-0.0046495
-0.00297
-0.0020352
-0.0014781
-0.0010567
-0.0007933
-0.00046756
6.8794e-05
0.00040052
-0.00014254
-0.0017784
-0.0035624
-0.0044068
-0.0042901
-0.0038585
-0.0038545
-0.0046354
-0.00593
-0.0074483
-0.0088713
-0.0098893
-0.010282
-0.009131
-0.0062256
-0.0028578
-0.00035928
0.00043273
-0.00040252
-0.0020869
-0.0039534
-0.0056038
-0.006585
-0.0070094
-0.0079038
-0.0095862
-0.011278
-0.012172
-0.011827
-0.01013
-0.0079334
-0.0065376
-0.0054034
-0.0028392
0.0017958
0.0075599
0.012667
0.016153
0.018365
0.019999
0.021379
0.022548
0.02322
0.023154
0.022684
0.022042
0.021471
0.021439
0.021927
0.022256
0.021789
0.020568
0.018703
0.016404
0.013874
0.011078
0.0086379
0.0069037
0.0056279
0.0049035
0.0044541
0.003843
0.0029979
0.001749
-3.8254e-05
-0.0023859
-0.0049536
-0.0071534
-0.008615
-0.0090291
-0.0082642
-0.0064608
-0.0041212
-0.0022048
-0.001327
-0.0018509
-0.0037307
-0.0057405
-0.0071146
-0.0077007
-0.0073504
-0.006898
-0.0069828
-0.007583
-0.0086058
-0.0092573
-0.0090927
-0.0090042
-0.0093265
-0.0088646
-0.0067566
-0.0037133
-0.0011226
0.00021233
0.00056346
0.00071574
0.0011957
0.0020843
0.0031152
0.004051
0.004614
0.0044325
0.0037756
0.003363
0.0032883
0.00303
0.0019128
-0.00070539
-0.0049237
-0.0099215
-0.014456
-0.018081
-0.021064
-0.02359
-0.025891
-0.02813
-0.030163
-0.031503
-0.032172
-0.032961
-0.033936
-0.034446
-0.033622
-0.030967
-0.027052
-0.02255
-0.018231
-0.015087
-0.013596
-0.013134
-0.012424
-0.011102
-0.009464
-0.0081898
-0.0083254
-0.0098746
-0.011955
-0.01383
-0.014654
-0.013778
-0.011739
-0.010013
-0.010037
-0.012387
-0.016196
-0.019453
-0.02024
-0.017351
-0.011263
-0.0048618
-0.00031466
0.0024044
0.003761
0.0046854
0.0056319
0.0061636
0.0059946
0.0049364
0.0034347
0.0023275
0.0022392
0.0032366
0.0043522
0.0048666
0.0049779
0.0050748
0.0054932
0.0059067
0.0055546
0.0043498
0.0028823
0.0019853
0.0018934
0.0023454
0.0030197
0.0032298
0.003159
0.0035084
0.0040233
0.004253
0.003634
0.0017734
-0.00080989
-0.0035237
-0.0059042
-0.0076908
-0.0091273
-0.010319
-0.011312
-0.012156
-0.012424
-0.011201
-0.0081022
-0.0042653
-0.00095653
0.0012995
0.0024426
0.002741
0.0024192
0.001548
-0.00030459
-0.0029324
-0.0049536
-0.0053004
-0.004101
-0.0024148
-0.00067473
0.0016299
0.0049379
0.0089889
0.012812
0.015432
0.016476
0.016561
0.016393
0.016234
0.01634
0.01644
0.016144
0.01558
0.014865
0.013813
0.012031
0.0093769
0.0062647
0.0034508
0.0016643
0.0010778
0.0011745
0.0017135
0.0027269
0.0039418
0.0053396
0.0068969
0.0083246
0.0093269
0.0095765
0.0089133
0.0073673
0.0052089
0.002781
0.00010941
-0.0027141
-0.0050601
-0.0063595
-0.006538
-0.0062102
-0.0064751
-0.0078566
-0.0099475
-0.011642
-0.011718
-0.0094626
-0.0054463
-0.0013051
0.0016775
0.002788
0.0021062
0.0005496
-0.00094227
-0.0021801
-0.0035392
-0.005201
-0.0072035
-0.0090298
-0.010025
-0.010373
-0.010707
-0.011298
-0.011366
-0.0097774
-0.0067108
-0.0038848
-0.0029201
-0.0036188
-0.0043908
-0.0039964
-0.0024779
-0.001188
-0.0012666
-0.0025074
-0.0043903
-0.0060433
-0.006431
-0.0055178
-0.0040208
-0.0027994
-0.0020677
-0.0015572
-0.0011779
-0.00090314
-0.0012317
-0.0024832
-0.0037644
-0.0038429
-0.0023606
-0.00034876
0.00097422
0.0015059
0.0017622
0.0024436
0.0040631
0.0062629
0.0084908
0.010478
0.011748
0.012186
0.012038
0.0114
0.010441
0.0091734
0.0075062
0.0054676
0.0031677
0.0010948
-0.00030094
-0.0011482
-0.0020307
-0.0034442
-0.0050204
-0.0059876
-0.0057837
-0.0041804
-0.0015677
0.0016867
0.0051359
0.0080235
0.010134
0.011284
0.011094
0.0097074
0.0075577
0.0051436
0.0029118
0.0010023
-0.00051761
-0.001313
-0.00078904
0.0010442
0.0031635
0.0047056
0.0056139
0.0062652
0.0071683
0.0084814
0.0096421
0.010231
0.01068
0.011297
0.011467
0.010394
0.0084472
0.0068823
0.0065842
0.0074469
0.0082051
0.0078084
0.0064649
0.0048172
0.0032079
0.0018516
0.0013506
0.0025753
0.0055474
0.0088957
0.011142
0.011759
0.011134
0.0097479
0.0077673
0.0057763
0.0043595
0.0036353
0.0034648
0.0038195
0.0051356
0.0075974
0.010408
0.012208
0.012428
0.011935
0.012005
0.012923
0.013633
0.013121
0.011454
0.008954
0.0061933
0.0042936
0.0042196
0.0059012
0.0082845
0.010607
0.012637
0.014386
0.016033
0.017841
0.019679
0.020472
0.019601
0.017736
0.016052
0.015027
0.014157
0.013013
0.011031
0.0079478
0.0045481
0.0015461
-0.00060711
-0.001892
-0.0029909
-0.0043046
-0.0056811
-0.0065005
-0.0060766
-0.0045528
-0.0026099
-0.00083755
0.00067551
0.0023394
0.0041127
0.0051504
0.0047074
0.0029226
0.00051183
-0.0017495
-0.0034397
-0.0047737
-0.0062581
-0.0077969
-0.0083611
-0.0072335
-0.0046241
-0.0018666
-0.00062476
-0.0012881
-0.0036373
-0.0064991
-0.0079519
-0.0076635
-0.0066031
-0.0056114
-0.0048711
-0.0041869
-0.0034892
-0.002681
-0.0018914
-0.0015888
-0.0015902
-0.00092544
0.00068664
0.0021502
0.0023366
0.0014852
0.00067589
0.00071342
0.0015732
0.0023682
0.002125
0.00056465
-0.0015278
-0.0030555
-0.0037401
-0.0039829
-0.004377
-0.0051688
-0.0060299
-0.0066098
-0.0069294
-0.0071873
-0.0072452
-0.0066705
-0.0052985
-0.0034966
-0.00181
-0.00041665
0.00072617
0.0017391
0.0024988
0.0027376
0.0030293
0.0041657
0.0060068
0.0075889
0.0080408
0.0074942
0.0068361
0.0065149
0.0061583
0.0055582
0.0049517
0.0045107
0.0042004
0.0037528
0.0029033
0.0016867
0.00037671
-0.00099307
-0.0028086
-0.0051695
-0.0075226
-0.0092692
-0.010166
-0.01034
-0.0099317
-0.0088372
-0.0071559
-0.0054006
-0.0046407
-0.0059324
-0.0086328
-0.010984
-0.011992
-0.011508
-0.01028
-0.0090787
-0.0075907
-0.0054454
-0.0026243
0.00041943
0.0026319
0.0033086
0.002432
0.0011381
0.0010551
0.0021984
0.0034482
0.003672
0.0023586
0.00041869
-0.00099043
-0.0015622
-0.0017918
-0.0027099
-0.004901
-0.0078461
-0.010384
-0.011904
-0.012419
-0.012056
-0.01116
-0.010079
-0.009261
-0.0089582
-0.0095767
-0.011661
-0.014258
-0.015262
-0.012495
-0.0069998
-0.0035447
-0.004039
-0.0056159
-0.0050248
-0.002195
0.0004173
0.00098421
-0.00027684
-0.0014768
-0.00080381
0.0018138
0.0051422
0.0080022
0.0094979
0.0091405
0.0072823
0.0051472
0.0038535
0.0031834
0.002693
0.0027692
0.0038768
0.0055703
0.0061004
0.0041171
0.00061652
-0.0021312
-0.0028257
-0.0020757
-0.0014863
-0.0016461
-0.0017543
-0.001067
-0.00022795
-5.9672e-05
-9.442e-05
0.00029567
0.0012591
0.0023166
0.0028173
0.0029027
0.0029482
0.002944
0.0023907
0.0009233
-0.001038
-0.0026391
-0.0035054
-0.0043296
-0.0054719
-0.0062557
-0.0058491
-0.0040357
-0.0019937
-0.00096895
-0.0010934
-0.001785
-0.0018739
-0.00087529
0.00010657
0.00028475
0.00063093
0.002275
0.005225
0.008579
0.010958
0.011326
0.0098069
0.0077771
0.0062351
0.004721
0.0026513
-2.401e-05
-0.0028921
-0.0053795
-0.0075757
-0.0098016
-0.012337
-0.015074
-0.01754
-0.019659
-0.021158
-0.021999
-0.022382
-0.022282
-0.021941
-0.021385
-0.020322
-0.018246
-0.014864
-0.010701
-0.0068277
-0.0041483
-0.0026543
-0.0017247
-0.00082309
0.00025507
0.0012595
0.0017563
0.0014196
-0.00026425
-0.003294
-0.0065799
-0.0090887
-0.010467
-0.010842
-0.01037
-0.0092506
-0.0076932
-0.0056449
-0.0034562
-0.0014919
0.00014356
0.0013566
0.0025716
0.0038647
0.0050761
0.0064481
0.0077936
0.0086538
0.0084609
0.006771
0.0038046
0.00076613
-0.0011157
-0.0023417
-0.0037398
-0.0050653
-0.0056715
-0.0047499
-0.0021913
0.00069628
0.0024798
0.0028232
0.0023695
0.0021552
0.0026403
0.0037773
0.0053715
0.0067098
0.0073128
0.007401
0.0073365
0.0071894
0.0068433
0.0062273
0.0050933
0.0035015
0.0019207
0.0007022
0.00011481
0.00036124
0.001535
0.0032288
0.0048001
0.0061037
0.0072943
0.0083856
0.009236
0.0097904
0.0099621
0.0098044
0.009505
0.0091579
0.0090946
0.0091725
0.008312
0.0057652
0.0018995
-0.0019685
-0.0045794
-0.0055164
-0.0049528
-0.0035616
-0.0020065
-0.00053264
0.00060019
0.0012429
0.0016587
0.0021802
0.0027557
0.0031299
0.0036201
0.0049124
0.0070337
0.0091842
0.010329
0.010076
0.0092476
0.009242
0.010349
0.011509
0.011533
0.0096611
0.0063693
0.0031922
0.0012204
0.00040309
-4.5923e-05
-0.00096441
-0.0028594
-0.0056508
-0.0087691
-0.011332
-0.012712
-0.013078
-0.013121
-0.013198
-0.012813
-0.0115
-0.0095828
-0.0078185
-0.0064346
-0.0049627
-0.0032214
-0.0014495
0.00015117
0.0014213
0.0024168
0.0033013
0.0040602
0.0048257
0.00572
0.0068921
0.008226
0.0089802
0.008963
0.0083237
0.0068319
0.0043272
0.0012383
-0.0013719
-0.0023364
-0.001249
0.00032372
0.00063798
-0.00057724
-0.0028992
-0.0052618
-0.0069545
-0.0074732
-0.0066197
-0.0051955
-0.0035691
-0.0015999
0.00065923
0.0027809
0.0043706
0.0054111
0.0058175
0.0057649
0.0056867
0.0058585
0.0064018
0.0071117
0.0073766
0.0065519
0.0044919
0.0017987
-0.00031888
-0.00082054
0.00021156
0.0017515
0.0026522
0.0020185
-0.00015471
-0.003156
-0.0062983
-0.0086967
-0.009839
-0.0098364
-0.0089418
-0.0074996
-0.0056922
-0.0037247
-0.0017502
6.7613e-05
0.001244
0.0015825
0.0014355
0.0014416
0.0022383
0.0039372
0.0058299
0.0072196
0.0082538
0.0091493
0.0096427
0.0096448
0.0095753
0.0099304
0.010381
0.010277
0.0099159
0.0098592
0.010054
0.010136
0.0098618
0.0092173
0.0081635
0.0067393
0.0052406
0.0037694
0.0020612
-0.00012453
-0.0028209
-0.0055692
-0.0076708
-0.0089133
-0.0094823
-0.0096645
-0.0094893
-0.0086362
-0.0070721
-0.0051967
-0.0034335
-0.0020958
-0.0013709
-0.0011133
-0.00095427
-0.00061242
-9.0923e-05
9.7837e-05
-0.00023767
-0.00068095
-0.0012043
-0.0020688
-0.0034617
-0.0051573
-0.0064102
-0.0068294
-0.0067042
-0.0067269
-0.0073349
-0.0079688
-0.0079034
-0.0071677
-0.0060321
-0.0045571
-0.0029153
-0.0019128
-0.0023625
-0.0040068
-0.0058249
-0.0068646
-0.0069559
-0.0067673
-0.0068514
-0.0071769
-0.0076088
-0.0080899
-0.0086155
-0.0092195
-0.0095144
-0.0092543
-0.0087381
-0.0082546
-0.0080518
-0.0079778
-0.0078533
-0.007649
-0.0070686
-0.0059981
-0.0043868
-0.0023138
-9.2076e-05
0.001824
0.0028962
0.0032106
0.003272
0.0034236
0.0035166
0.0034055
0.0035133
0.0039613
0.0044144
0.0044656
0.0038125
0.0022342
-0.00038534
-0.0034227
-0.0059899
-0.0074128
-0.0072002
-0.0057697
-0.0039599
-0.0021561
-0.00070744
0.00034529
0.0013321
0.0022942
0.0032375
0.0041747
0.0046998
0.0042017
0.0027575
0.001347
0.00081761
0.0011785
0.0018218
0.0018488
0.00068261
-0.0011562
-0.0025617
-0.0024185
-0.00045434
0.0017991
0.0027282
0.0022666
0.0012471
0.00052121
0.00054597
0.0014016
0.0027911
0.0038422
0.0040639
0.0038954
0.0037622
0.0038293
0.0037579
0.0031256
0.0020658
0.0011329
0.0011664
0.0023285
0.0039854
0.0049625
0.0041583
0.0018857
-0.00084994
-0.003208
-0.0047157
-0.0055133
-0.0058048
-0.0057882
-0.0056542
-0.0053244
-0.0048897
-0.0046522
-0.0041453
-0.0026277
-6.1131e-05
0.0025638
0.0042693
0.0046286
0.0035929
0.0015615
-0.00057922
-0.00198
-0.0022885
-0.0015774
-2.7664e-05
0.0015895
0.0021263
0.0013643
2.0342e-05
-0.0010678
-0.0012257
-0.00021606
0.0014776
0.0032672
0.0051985
0.0075791
0.010056
0.011702
0.011982
0.010981
0.0093475
0.0079463
0.0071706
0.0069495
0.0071284
0.0075917
0.0079492
0.0076795
0.0067178
0.0051487
0.0030122
0.00073639
-0.0011698
-0.0024152
-0.0028565
-0.0027231
-0.002454
-0.0025654
-0.0033568
-0.0044653
-0.0052533
-0.0051891
-0.0040518
-0.0021403
-6.0921e-05
0.0017177
0.0030735
0.0041912
0.0052487
0.0060556
0.0062573
0.0056871
0.0045556
0.0034758
0.0028075
0.0024627
0.0022254
0.0016722
0.00068746
-0.00038265
-0.0012351
-0.0015295
-0.0010574
-0.00023118
7.5381e-05
-0.00038608
-0.00089613
-0.00072097
0.00033817
0.0019295
0.0032455
0.0035229
0.0028372
0.0018122
0.00088965
0.00048502
0.0007822
0.0016995
0.0029928
0.0041644
0.0049291
0.0050236
0.0042493
0.0030338
0.0020014
0.0015253
0.0015815
0.0018152
0.0019491
0.002013
0.0024308
0.0035828
0.0053263
0.0071049
0.0081458
0.0081255
0.0074769
0.0067906
0.0065065
0.0066319
0.0068229
0.0068049
0.0065864
0.0062495
0.0055665
0.0043883
0.0028342
0.0013869
0.00083086
0.0014347
0.0027361
0.0039956
0.0051046
0.0061973
0.0068634
0.0069715
0.0064621
0.0051677
0.0033387
0.0014613
4.7136e-05
-0.0005168
-0.00016173
0.0007042
0.0017183
0.0026426
0.0029538
0.0025246
0.0018137
0.0012182
0.00083847
0.00050753
1.1903e-05
-0.00061752
-0.0011593
-0.0014565
-0.0014574
-0.0012393
-0.0010162
-0.00089889
-0.00097518
-0.0014387
-0.0022865
-0.0029415
-0.0027228
-0.0019056
-0.0012659
-0.0011288
-0.0014172
-0.0017914
-0.0019463
-0.0020201
-0.0023733
-0.0031386
-0.0040862
-0.0047879
-0.0052756
-0.0058685
-0.006575
-0.0074677
-0.0086945
-0.010269
-0.011977
-0.013239
-0.013451
-0.012601
-0.011449
-0.010922
-0.011328
-0.012068
-0.01218
-0.011278
-0.0099527
-0.0089086
-0.0083348
-0.008231
-0.008314
-0.0085123
-0.0089387
-0.0092379
-0.0091651
-0.008691
-0.0077334
-0.0064
-0.0051545
-0.0043816
-0.0040156
-0.0040046
-0.0043331
-0.0047583
-0.0048163
-0.0040228
-0.0025349
-0.0010239
2.6616e-05
0.00044423
0.0003957
7.9538e-05
-0.0004147
-0.00086319
-0.0011555
-0.0013537
-0.0014281
-0.0013296
-0.001158
-0.0011103
-0.0012045
-0.0013632
-0.0015841
-0.0017806
-0.0018683
-0.0017258
-0.0011699
-0.00033474
0.00048033
0.0012289
0.0020723
0.00307
0.0040921
0.0050458
0.0058141
0.0062611
0.0063368
0.0060969
0.0056858
0.0051451
0.0045035
0.0038658
0.0032542
0.002619
0.0019675
0.001391
0.00085448
0.00023766
-0.00046955
-0.0012656
-0.0021357
-0.0029486
-0.0034295
-0.0033644
-0.002867
-0.0020892
-0.0010452
0.00017271
0.0013983
0.002514
0.0034427
0.0040237
0.004213
0.0041853
0.0040949
0.0040491
0.0041166
0.0041897
0.0040435
0.0036661
0.0031516
0.0025033
0.0017274
0.00086769
3.7688e-05
-0.00065059
-0.0010894
-0.0012458
-0.0011519
-0.00073194
-4.087e-06
0.00076306
0.001241
0.0013112
0.0010798
0.00071778
0.00037458
6.5876e-05
-0.00025973
-0.00054127
-0.00068215
-0.0006585
-0.00053732
-0.00045848
-0.00047899
-0.00057062
-0.00077111
-0.0011406
-0.0016332
-0.002129
-0.0025366
-0.0027954
-0.0029277
-0.0031048
-0.0034248
-0.0037583
-0.0039983
-0.0041946
-0.0043493
-0.0043958
-0.0043617
-0.0042891
-0.0041969
-0.0041866
-0.0042762
-0.0042949
-0.004078
-0.0036538
-0.0032508
-0.0029713
-0.0026946
-0.0022902
-0.0016673
-0.00084995
1.9582e-05
0.00078054
0.0013336
0.0017141
0.0019983
0.0022727
0.0026323
0.0030222
0.0032943
0.0034518
0.0035747
0.003603
0.0034605
0.0031409
0.0026784
0.0021617
0.0016583
0.0012166
0.00088592
0.00076988
0.0009581
0.0013301
0.0016765
0.0018743
0.0019441
0.0021014
0.0025491
0.0031661
0.0036871
0.0040292
0.004232
0.004358
0.0044316
0.0044586
0.0045494
0.0048362
0.0052486
0.0055802
0.0057038
0.0055451
0.0051203
0.0045235
0.003797
0.0029244
0.0019566
0.0010554
0.00033413
-0.00011381
-0.00024065
-0.00015291
1.6463e-05
0.00023562
0.00059821
0.0011093
0.001609
0.0019878
0.0022148
0.0023166
0.0023924
0.0025672
0.0028886
0.003248
0.0035087
0.00356
0.0033491
0.0029725
0.002531
0.0020877
0.0016833
0.0013308
0.0010316
0.00073902
0.00048892
0.00039582
0.00044318
0.0004444
0.00028479
9.8773e-05
9.7518e-05
0.00037445
0.0008524
0.0013542
0.0017585
0.002038
0.0022038
0.0022513
0.0021815
0.0020644
0.0019448
0.0017897
0.0015599
0.0012449
0.00087653
0.00049574
0.00015547
-0.00010355
-0.00027734
-0.00037075
-0.00042438
-0.00048639
-0.00057534
-0.00069142
-0.00080138
-0.00088337
-0.00092795
-0.00090328
-0.00079814
-0.00060787
-0.00035911
-0.00012321
6.9855e-05
0.00021084
0.0003062
0.00038955
0.00044537
0.00044798
0.00037991
0.00022107
6.8269e-06
-0.00023297
-0.00049641
-0.00076626
-0.0010255
-0.0012345
-0.0013651
-0.0014252
-0.0014228
-0.0013994
-0.0014089
-0.0014708
-0.0015569
-0.0015964
-0.0015732
-0.0015234
-0.0014752
-0.0014255
-0.0013353
-0.0012133
-0.001096
-0.00099596
-0.00092105
-0.00087057
-0.00083684
-0.00081086
-0.00079005
-0.00076729
-0.00073527
-0.00070425
-0.00069157
-0.00070221
-0.00072723
-0.00076719
-0.00082165
-0.00087777
-0.00092189
-0.00094646
-0.00094952
-0.00092745
-0.00088425
-0.00083803
-0.00080959
-0.00080585
-0.00080643
-0.00078296
-0.00073554
-0.00069125
-0.00066642
-0.00065269
-0.00063681
-0.00061275
-0.00058397
-0.00055832
-0.0005377
-0.00051975
-0.00050296
-0.00048942
-0.00048052
-0.00047298
-0.00046063
-0.00044211
-0.00042623
-0.00041588
-0.00040738
-0.00040035
-0.00039349
-0.00038835
-0.00038853
-0.00039494
-0.00040506
-0.00041386
-0.00041996
-0.00042492
-0.00042912
-0.00043214
-0.00043326
-0.00043139
-0.00042654
-0.00042162
-0.00041791
-0.00041082
-0.00039564
-0.00037197
-0.00034433
-0.00031875
-0.00029623
-0.00027563
-0.00025574
-0.00023577
-0.00021821
-0.00020507
-0.00019682
-0.00019279
-0.00019059
-0.00018842
-0.00018458
-0.00017882
-0.00017362
-0.00017103
-0.00017093
-0.00017155
-0.00017119
-0.00016925
-0.00016626
-0.00016311
-0.00015995
-0.00015713
-0.00015498
-0.00015284
-0.00015036
-0.00014767
-0.0001447
-0.00014145
-0.0001378
-0.00013347
-0.0001288
-0.00012461
-0.00012092
-0.00011727
-0.00011377
-0.0001106
-0.00010754
-0.00010448
-0.00010166
-9.9246e-05
-9.7135e-05
-9.5205e-05
-9.334e-05
-9.1479e-05
-8.9674e-05
-8.7894e-05
-8.6025e-05
-8.4021e-05
-8.1929e-05
-7.9786e-05
-7.7588e-05
-7.5332e-05
-7.3031e-05
-7.0703e-05
-6.8379e-05
-6.6084e-05
-6.3812e-05
-6.1542e-05
-5.9267e-05
-5.6991e-05
-5.4718e-05
-5.2449e-05
-5.0189e-05
-4.7935e-05
-4.5682e-05
-4.3431e-05
-4.1181e-05
-3.8929e-05
-3.6676e-05
-3.442e-05
-3.2163e-05
-2.9905e-05
-2.7646e-05
-2.5389e-05
-2.3133e-05
-2.0879e-05
-1.8627e-05
-1.6377e-05
