5372
5346
7576
7575
7818
7818
16392
16392
8339
8339
11999
11999
11999
11999
7998
7998
7923
7930
7858
7863
2200
2200
2499
2499
2000
2000
5747
5746
2000
2000
1991
1991
10938
10938
2000
2000
4096
4096
5437
5437
18000
18000
18000
18000
18000
18000
18000
18000
11200
11200
18000
18000
9800
9800
18000
18000
18000
18000
5679
5678
19598
19598
4040
4040
6000
6000
7000
7000
6000
6000
26000
26000
40200
40200
30000
30000
30000
30000
12036
12036
10800
10800
20510
20510
14288
14288
9001
9001
4401
4401
8401
8401
54600
54600
20001
20001
