-0.00039355
-0.00039296
-0.00039239
-0.00039185
-0.00039132
-0.00039082
-0.00039031
-0.00038983
-0.00038936
-0.00038892
-0.00038848
-0.00038815
-0.00038781
-0.0003874
-0.00038695
-0.00038615
-0.00038522
-0.00038486
-0.00038466
-0.00038394
-0.0003839
-0.00038608
-0.00038637
-0.00038461
-0.00038438
-0.00038563
-0.00038623
-0.00038571
-0.00038365
-0.00038281
-0.00038831
-0.00039
-0.00038682
-0.00038638
-0.00038951
-0.00039141
-0.00039085
-0.00039178
-0.0004052
-0.0004272
-0.00043147
-0.00041932
-0.00041072
-0.00042634
-0.00041538
-0.00041231
-0.00043568
-0.00043896
-0.00042845
-0.00042906
-0.00042639
-0.00039783
-0.00037996
-0.00034411
-0.00030762
-0.00031805
-0.00032853
-0.00031075
-0.00029309
-0.00029175
-0.00029318
-0.00028298
-0.00022155
-0.00018386
-0.00027139
-0.00032494
-0.00025878
-0.00021673
-0.00024417
-0.00024612
-0.0001315
-2.2783e-05
-9.9145e-05
-0.0001136
-0.00014688
-0.00027731
-0.00039717
-0.00049855
-0.00061143
-0.00079482
-0.00098353
-0.00093757
-0.00087091
-0.0010341
-0.0012928
-0.0012524
-0.00095275
-0.00088187
-0.00084574
-0.00058554
-0.00040328
-0.0003347
-0.00032446
-0.00033618
-0.00030622
-0.00023034
-7.3287e-05
-2.9653e-05
-0.00010837
-0.00012274
-7.1244e-05
9.2775e-05
0.00044338
0.00045071
0.00024997
0.0002746
0.00032438
0.00027261
0.00046617
0.00054094
0.00040934
9.1717e-05
-0.00018107
-0.00030028
-0.00046468
-0.00041325
-0.00034691
-0.00043129
-0.00048674
-0.00019125
0.00019239
6.8657e-05
-0.00038128
-0.00045262
-0.00039417
-0.00043195
-0.00043775
-0.00054252
-0.0008495
-0.0007822
-0.00033165
-0.00032023
-0.00060833
-0.00078463
-0.0010772
-0.0014364
-0.0012417
-0.00016655
0.00067742
0.00085137
0.00066838
0.00010824
-0.00046907
-0.00076649
-0.0011176
-0.001214
-0.0010663
-0.0010913
-0.00097194
-0.0004934
-0.00038711
-0.00065491
-0.00031565
0.00046534
0.00050606
8.7336e-05
0.00018495
0.0010089
0.0020592
0.0023694
0.0019364
0.0017972
0.0021591
0.0023949
0.0023269
0.0022595
0.0020051
0.00097504
2.2848e-05
-0.00047419
-0.00045111
-0.00047833
-0.0012853
-0.0021602
-0.002597
-0.0036316
-0.0055287
-0.0061858
-0.0051998
-0.0031499
-0.0011885
-9.2915e-06
0.0011807
0.0014285
0.00083441
0.00013684
0.00015618
0.00077461
-6.8951e-05
-0.00044433
0.00091529
0.0018686
0.0017943
0.0014646
0.001341
0.00087596
0.00036853
0.00084641
0.0021595
0.0033473
0.0038056
0.0042012
0.0033939
0.0018639
0.0010239
0.00038864
-0.0015328
-0.0032568
-0.0039585
-0.0043291
-0.0043513
-0.0039216
-0.0037532
-0.0037436
-0.0039236
-0.003453
-0.0022112
-0.00073039
0.00023086
0.00048668
0.0016534
0.0025163
0.0019223
0.0010076
0.00047471
0.00069329
0.0004107
-0.0010062
-0.0026001
-0.0020076
0.0008185
0.0027423
0.0032169
0.003488
0.0035755
0.003048
0.00163
-0.00010772
-0.00091607
-0.0005548
-0.00021103
-0.00060705
-0.00049719
0.00067901
0.0011995
0.0011175
0.00095009
0.00041108
0.0006096
0.0010761
0.001472
0.0024459
0.0025795
0.0012007
0.00065321
0.00075664
0.0010119
0.00058436
-0.0013646
-0.003931
-0.0060804
-0.0077425
-0.0080619
-0.0085638
-0.010173
-0.011458
-0.011135
-0.010655
-0.011048
-0.010889
-0.0081111
-0.0044933
-0.0023934
-0.00010389
0.00083714
0.00046987
-0.00059715
-0.0013744
-0.0013778
-0.001388
-0.0029685
-0.0028534
-0.00047147
0.00094727
0.0020669
0.003832
0.0035117
0.00029491
-0.0021293
-0.0020719
-0.0026949
-0.0033401
-0.0010375
0.0010411
0.0017426
0.0034202
0.0031361
0.00067709
-0.000296
-0.00024114
-0.0019813
-0.0041954
-0.0048875
-0.0054905
-0.005815
-0.0036888
-0.0015932
-0.00087424
0.0010651
0.0031435
0.0038244
0.0045983
0.0053993
0.0051336
0.0034196
0.00053805
-0.0016609
-0.0032437
-0.0053391
-0.0064997
-0.0070756
-0.0098284
-0.012161
-0.010467
-0.0071176
-0.0049587
-0.0026334
0.0011811
0.0038851
0.0079438
0.011664
0.01222
0.012971
0.014064
0.013931
0.012421
0.010116
0.0091283
0.0089643
0.0077451
0.0059537
0.0057536
0.0076098
0.01092
0.014176
0.015579
0.015366
0.013285
0.009477
0.0042927
-0.00017512
-0.0035377
-0.0054194
-0.0062838
-0.0089296
-0.012681
-0.017623
-0.019353
-0.01613
-0.0097518
-0.0035528
-0.00081009
-0.0025509
-0.0070637
-0.009646
-0.011609
-0.012816
-0.0074427
-0.001336
-0.00040877
-0.00063187
0.0013758
0.0054337
0.0077267
0.0083907
0.011177
0.015452
0.01772
0.014369
0.0091155
0.0076021
0.0078852
0.0073637
0.0065489
0.0052137
0.0049187
0.0065203
0.0075304
0.0086991
0.0089037
0.006059
0.0058514
0.0098374
0.013047
0.01413
0.012689
0.0081333
0.0017116
-0.0059682
-0.01387
-0.019389
-0.021024
-0.018414
-0.012733
-0.008461
-0.0070251
-0.0057321
-0.0056353
-0.00486
-0.00037201
0.0051878
0.010851
0.016102
0.021243
0.024886
0.025988
0.024709
0.021619
0.016025
0.0093066
0.0064985
0.006282
0.0054016
0.0045454
0.003101
0.00084239
-0.0014023
-0.0021497
-0.00079722
0.00057279
0.0022901
0.0046693
0.0079441
0.011865
0.011725
0.0085924
0.0055858
0.0040903
0.0027057
0.0026415
0.0065429
0.0085323
0.0039205
-0.0028595
-0.0061455
-0.0084896
-0.012753
-0.014497
-0.0099119
-0.001346
0.0059471
0.014179
0.021891
0.024335
0.022248
0.018054
0.012132
0.0065349
0.0026689
0.0022048
0.0036212
0.0044494
0.0055196
0.0062447
0.0050568
0.0015717
-0.0026829
-0.0051838
-0.002859
0.0042626
0.010352
0.014126
0.01789
0.020397
0.017365
0.012134
0.0073648
0.0017944
-0.0028257
-0.0036894
-0.0034234
-0.0057748
-0.0080332
-0.010947
-0.014946
-0.018143
-0.020036
-0.016644
-0.0096878
-0.0066819
-0.0068094
-0.0059898
-0.0056167
-0.0044134
-0.00085921
0.004513
0.0099915
0.012571
0.012205
0.010277
0.0076411
0.0076162
0.0090392
0.009152
0.011037
0.015363
0.01711
0.014507
0.008875
0.0020672
-0.004455
-0.0070076
-0.0041908
-0.00040114
0.0022375
0.0032514
0.0023163
0.00099756
-0.00014731
-0.0027848
-0.0081004
-0.011083
-0.0088334
-0.0074077
-0.0084309
-0.0074594
-0.0068866
-0.007321
-0.006669
-0.007143
-0.0076807
-0.0071861
-0.0077268
-0.010414
-0.010561
-0.0076792
-0.0035154
0.0016138
0.0081866
0.013756
0.015696
0.012591
0.005798
-0.0010954
-0.0059128
-0.0057587
0.0008628
0.0083338
0.011405
0.012661
0.012065
0.010528
0.0084599
0.0067364
0.0075128
0.013336
0.021352
0.028525
0.032741
0.030496
0.020225
0.0055072
-0.0099308
-0.023458
-0.033217
-0.0396
-0.041215
-0.037584
-0.032047
-0.02722
-0.025272
-0.025731
-0.026315
-0.026819
-0.026142
-0.022209
-0.015026
-0.0089689
-0.0050337
-0.0011148
0.0017126
0.0041298
0.0073365
0.0097993
0.010726
0.012623
0.015995
0.01543
0.010985
0.0088809
0.0091023
0.011461
0.015895
0.017907
0.015746
0.013124
0.011313
0.0085051
0.0069654
0.0094502
0.013015
0.01236
0.0082513
0.0037699
-0.0029035
-0.0090857
-0.013234
-0.016617
-0.015353
-0.0086904
-0.0017007
0.0052585
0.014683
0.020761
0.020266
0.014371
0.004633
-0.0057205
-0.013299
-0.017955
-0.015684
-0.0066443
0.00064903
0.0036531
0.0060486
0.006723
0.0052968
0.0073146
0.011918
0.015913
0.017882
0.01922
0.021366
0.02241
0.023969
0.025037
0.023891
0.020813
0.017648
0.01452
0.01138
0.010879
0.013083
0.013846
0.013669
0.011453
0.0095589
0.0081464
0.0051503
0.0023033
-0.00022849
-0.0043041
-0.0075796
-0.0059005
-0.0028291
-0.0025102
-0.0028843
-0.0019948
-0.00035444
0.0046778
0.010997
0.014133
0.015395
0.014985
0.011777
0.011155
0.01825
0.026125
0.032091
0.036229
0.037311
0.034768
0.03214
0.031002
0.026354
0.020575
0.018291
0.019839
0.023945
0.026084
0.025244
0.023644
0.022783
0.019871
0.014084
0.0076045
0.0033613
0.00064848
-0.0013663
-0.0029745
-0.0018221
0.0011343
0.003094
0.0067689
0.011042
0.014492
0.01802
0.020166
0.019795
0.017629
0.018537
0.023167
0.026504
0.023896
0.016266
0.0085114
0.0030145
-0.00035328
-0.0018576
-0.0016944
-0.002969
-0.0062907
-0.0091068
-0.0085897
-0.0044159
-0.0019289
-0.002837
-0.0042908
-0.0023177
0.0052893
0.013464
0.019333
0.019696
0.01318
0.0054467
0.00014142
-0.0017741
-0.0009226
0.0029298
0.01065
0.017244
0.020021
0.024427
0.029235
0.029852
0.026581
0.021255
0.016835
0.014772
0.013597
0.012677
0.013282
0.013439
0.012284
0.011564
0.010172
0.006095
0.0029833
0.0041195
0.010322
0.019678
0.027544
0.030014
0.028457
0.023628
0.019747
0.019809
0.022344
0.021705
0.016463
0.012298
0.01103
0.010345
0.0097005
0.0061726
0.00058213
-0.0043157
-0.0094437
-0.011687
-0.0071863
0.0036223
0.014887
0.02361
0.022801
0.013943
0.0049125
-0.00089777
-0.0042013
-0.0098972
-0.016282
-0.019329
-0.017016
-0.012813
-0.0091605
-0.0070955
-0.0018202
0.0082844
0.019864
0.02799
0.032783
0.031807
0.024688
0.014994
0.0059974
0.0011011
0.006396
0.020263
0.030322
0.032263
0.027145
0.016788
0.0054169
-0.0058956
-0.014623
-0.015504
-0.0090101
-0.00083019
0.0014856
-0.0083061
-0.022398
-0.035505
-0.052057
-0.066735
-0.073412
-0.071574
-0.062824
-0.054285
-0.049193
-0.045418
-0.043179
-0.043151
-0.042729
-0.039604
-0.033004
-0.024237
-0.016668
-0.011029
-0.010336
-0.01739
-0.026381
-0.029273
-0.027875
-0.026908
-0.026518
-0.025089
-0.022892
-0.021714
-0.01977
-0.015042
-0.0049707
0.0066134
0.016139
0.022359
0.027026
0.031643
0.031504
0.023574
0.0094878
-0.0070346
-0.019469
-0.02678
-0.032958
-0.04005
-0.044985
-0.044327
-0.040536
-0.038191
-0.035443
-0.02586
-0.0049884
0.026719
0.056685
0.08191
0.10515
0.12702
0.14722
0.16409
0.17697
0.18336
0.18006
0.16794
0.15102
0.13047
0.10765
0.082265
0.051656
0.018543
-0.01666
-0.049998
-0.077914
-0.09885
-0.11052
-0.11422
-0.10832
-0.097189
-0.084134
-0.068943
-0.053776
-0.040658
-0.027705
-0.016472
-0.0081108
0.0001328
0.0041503
0.0064731
0.01067
0.016961
0.023861
0.029028
0.030074
0.030292
0.034036
0.037379
0.035663
0.03189
0.028948
0.028446
0.033872
0.042122
0.045857
0.041216
0.029022
0.010842
-0.0074231
-0.017234
-0.017559
-0.013264
-0.0084977
-0.0025535
0.0051265
0.012373
0.017691
0.02142
0.02388
0.030263
0.03814
0.046456
0.055719
0.061756
0.065451
0.068793
0.071482
0.070208
0.063256
0.053076
0.042828
0.03702
0.036268
0.039444
0.042039
0.041224
0.040199
0.042692
0.045239
0.04358
0.043548
0.049469
0.056336
0.062331
0.068726
0.075496
0.081522
0.083229
0.080069
0.075719
0.073388
0.075027
0.079613
0.082153
0.081621
0.079313
0.072715
0.058272
0.035613
0.0090872
-0.013577
-0.0327
-0.049752
-0.05953
-0.05791
-0.047593
-0.037788
-0.032952
-0.031211
-0.030378
-0.02997
-0.027275
-0.019989
-0.0075009
0.0070137
0.015452
0.015705
0.0080347
-0.0049219
-0.013393
-0.010784
0.0037284
0.023119
0.037978
0.042845
0.033539
0.016403
0.0015161
-0.0050018
0.0016412
0.017344
0.031607
0.037099
0.037559
0.039391
0.038334
0.031693
0.025083
0.01976
0.015007
0.011896
0.011437
0.0095854
0.0034732
-0.001916
-0.0032156
-0.0017894
-0.0011744
-0.0027647
-0.0076118
-0.016683
-0.026599
-0.034883
-0.035543
-0.026519
-0.016237
-0.011227
-0.0097881
-0.0061237
-0.0012374
0.0013814
-0.00080666
-0.0053862
-0.0092942
-0.012254
-0.011295
-0.0044771
0.0055514
0.011044
0.0097229
0.0042938
-0.0033891
-0.014758
-0.030014
-0.04352
-0.052074
-0.056858
-0.056271
-0.048656
-0.04418
-0.046302
-0.051721
-0.062955
-0.076789
-0.085914
-0.089339
-0.084931
-0.073273
-0.061142
-0.049465
-0.038387
-0.029964
-0.027025
-0.038044
-0.06256
-0.087327
-0.10303
-0.11126
-0.11415
-0.10519
-0.086047
-0.064962
-0.04986
-0.041879
-0.037035
-0.0335
-0.030815
-0.030971
-0.031239
-0.022531
-0.0076957
0.0073654
0.020642
0.031943
0.039021
0.035176
0.021777
0.0064398
-0.0078035
-0.021856
-0.032632
-0.038044
-0.032181
-0.012174
0.012665
0.029066
0.037987
0.037932
0.025357
0.0075382
-0.0066743
-0.015848
-0.018107
-0.012869
-0.007595
-0.0051046
0.0030921
0.019471
0.035226
0.03731
0.018601
-0.011104
-0.038345
-0.058858
-0.070812
-0.074506
-0.066703
-0.046685
-0.028325
-0.018163
-0.014945
-0.013471
-0.014624
-0.02161
-0.032431
-0.040298
-0.038433
-0.022605
-0.0012311
0.014304
0.022231
0.026143
0.024107
0.014985
0.0059022
-0.0017153
-0.010747
-0.02045
-0.031323
-0.042555
-0.051176
-0.055465
-0.059755
-0.066007
-0.073485
-0.083596
-0.094327
-0.10749
-0.11885
-0.11913
-0.10667
-0.092381
-0.082343
-0.079691
-0.082404
-0.089383
-0.1022
-0.12082
-0.136
-0.14097
-0.14253
-0.14113
-0.13476
-0.12555
-0.11276
-0.097946
-0.08938
-0.090972
-0.09864
-0.10749
-0.11498
-0.12378
-0.13907
-0.15491
-0.16765
-0.18013
-0.18948
-0.1937
-0.19072
-0.18412
-0.17894
-0.17448
-0.1679
-0.1629
-0.16504
-0.17186
-0.17567
-0.17799
-0.18255
-0.18653
-0.18149
-0.16383
-0.14316
-0.12884
-0.12074
-0.11744
-0.11733
-0.11539
-0.10265
-0.08029
-0.052426
-0.024538
0.0030298
0.022675
0.031066
0.031064
0.020658
0.0083771
0.0012431
-0.0018316
-0.00067696
0.006533
0.013228
0.013179
0.0099536
0.0068905
0.0028571
-0.0039275
-0.010469
-0.0089545
0.0023502
0.01162
0.0117
0.0013145
-0.013081
-0.018839
-0.0179
-0.012153
-0.0081182
-0.0053924
-0.00073264
0.0037126
0.0049587
0.0030009
0.00086918
-0.00070193
-0.0036722
-0.0096197
-0.015457
-0.019078
-0.018689
-0.013288
-0.008634
-0.0077799
-0.011842
-0.022583
-0.032714
-0.037289
-0.038535
-0.040177
-0.045598
-0.05438
-0.065198
-0.080305
-0.099378
-0.12572
-0.15184
-0.16401
-0.16662
-0.16655
-0.16193
-0.15871
-0.15978
-0.16202
-0.16362
-0.16157
-0.15693
-0.15196
-0.14647
-0.13626
-0.11627
-0.087601
-0.052541
-0.014369
0.026637
0.056716
0.070191
0.07522
0.071501
0.052439
0.020819
-0.0092852
-0.030536
-0.046145
-0.048615
-0.028032
0.0039345
0.040469
0.084521
0.12884
0.16417
0.18918
0.2091
0.22442
0.23502
0.2439
0.25253
0.25905
0.2609
0.25946
0.25781
0.25713
0.2546
0.24603
0.22658
0.19714
0.1598
0.11885
0.081978
0.040568
-0.002701
-0.03069
-0.04362
-0.045771
-0.034578
-0.021491
-0.015026
-0.013733
-0.016227
-0.025433
-0.040782
-0.059664
-0.079857
-0.094253
-0.095198
-0.085554
-0.075426
-0.067734
-0.057014
-0.039821
-0.020769
-0.007843
0.0006258
0.0070528
0.011962
0.015275
0.016411
0.014567
0.009205
0.0043272
0.005445
0.014852
0.026674
0.034987
0.042119
0.047287
0.046961
0.03737
0.020957
0.0017853
-0.019544
-0.047661
-0.076494
-0.10023
-0.12192
-0.14198
-0.15955
-0.17241
-0.17723
-0.16498
-0.13323
-0.091416
-0.056008
-0.029433
-0.010197
0.0022687
0.018373
0.037988
0.05362
0.065509
0.081596
0.10048
0.1192
0.13701
0.15209
0.16852
0.18513
0.19727
0.20333
0.19718
0.1803
0.16334
0.13908
0.11361
0.091024
0.062075
0.032266
0.0043213
-0.01346
-0.023192
-0.035358
-0.048536
-0.064347
-0.087947
-0.12005
-0.1556
-0.1927
-0.22438
-0.25666
-0.28783
-0.3011
-0.30788
-0.31569
-0.30885
-0.29287
-0.27299
-0.24142
-0.20864
-0.183
-0.15452
-0.1254
-0.099541
-0.07334
-0.044875
-0.01396
0.019028
0.050827
0.079773
0.11536
0.15482
0.18843
0.21507
0.22608
0.21366
0.17898
0.13013
0.077426
0.0312
-0.012563
-0.058457
-0.10385
-0.14133
-0.16381
-0.17301
-0.17519
-0.17783
-0.18364
-0.19151
-0.20018
-0.20619
-0.20689
-0.1918
-0.15866
-0.12213
-0.091061
-0.056113
-0.017519
0.0058663
0.014589
0.016237
0.011811
0.0010916
-0.013954
-0.024243
-0.024335
-0.018458
-0.016527
-0.020831
-0.026494
-0.030709
-0.03684
-0.044081
-0.046321
-0.039066
-0.02413
-0.0080998
0.0040275
0.014997
0.021521
0.02166
0.017955
0.013489
0.012565
0.021274
0.036223
0.051116
0.063736
0.072488
0.077783
0.081268
0.081926
0.082656
0.084573
0.086578
0.091719
0.10201
0.11373
0.1228
0.12958
0.13433
0.13059
0.11973
0.10649
0.090754
0.071648
0.054297
0.044721
0.052539
0.079826
0.12006
0.16014
0.19402
0.2286
0.25589
0.27731
0.29784
0.31481
0.32501
0.32623
0.31801
0.30674
0.29392
0.27858
0.25929
0.23637
0.21456
0.19251
0.16777
0.13897
0.10061
0.051665
-0.0053112
-0.06204
-0.10892
-0.14559
-0.17629
-0.19633
-0.20415
-0.1986
-0.18452
-0.17054
-0.15587
-0.14582
-0.14443
-0.14724
-0.15839
-0.1791
-0.20209
-0.21836
-0.22666
-0.22249
-0.19991
-0.16384
-0.11175
-0.048093
0.01516
0.078856
0.11642
0.13519
0.15733
0.17432
0.17245
0.14989
0.12074
0.090896
0.063717
0.041995
0.026893
0.015846
0.011043
0.014068
0.021433
0.031921
0.046091
0.061391
0.074469
0.07845
0.076536
0.075232
0.075659
0.082286
0.093979
0.10644
0.12418
0.14497
0.16374
0.1793
0.18757
0.19078
0.19076
0.18999
0.19638
0.20572
0.20746
0.19672
0.17899
0.16553
0.15721
0.14804
0.13545
0.12267
0.10858
0.090406
0.073719
0.065045
0.063326
0.067317
0.075086
0.081319
0.085702
0.088679
0.088187
0.085019
0.081657
0.082333
0.087576
0.091376
0.092487
0.092039
0.089523
0.08481
0.077929
0.068202
0.054479
0.038995
0.028587
0.024644
0.022552
0.019409
0.013029
0.0036538
-0.0062311
-0.01493
-0.024788
-0.039095
-0.052429
-0.061891
-0.069288
-0.074122
-0.073673
-0.060094
-0.031412
0.0083898
0.052539
0.094816
0.12959
0.15628
0.17674
0.18846
0.18433
0.16342
0.13379
0.10443
0.073831
0.052648
0.03583
0.023622
0.021239
0.028089
0.036346
0.043259
0.051218
0.056227
0.056235
0.054004
0.052206
0.050162
0.047565
0.050066
0.05696
0.064008
0.068812
0.072946
0.075905
0.074868
0.073472
0.076088
0.076918
0.072027
0.064209
0.053565
0.038411
0.019231
-0.0015208
-0.025132
-0.050584
-0.075856
-0.10071
-0.12325
-0.1392
-0.14736
-0.15162
-0.14851
-0.13477
-0.11437
-0.088602
-0.057379
-0.014047
0.035273
0.081163
0.11798
0.15121
0.18083
0.19931
0.2108
0.21623
0.21118
0.19798
0.1817
0.16575
0.14816
0.12765
0.10704
0.081157
0.057471
0.027612
-0.0076989
-0.034672
-0.05878
-0.084658
-0.10916
-0.12381
-0.12834
-0.13375
-0.14203
-0.14823
-0.15093
-0.14819
-0.1409
-0.13363
-0.1258
-0.11439
-0.10235
-0.094085
-0.086669
-0.076396
-0.063475
-0.047076
-0.030388
-0.02096
-0.015144
-0.0088236
-0.0017538
0.0056912
0.011425
0.015434
0.018301
0.020246
0.020703
0.017795
0.012628
0.0074791
0.0014247
-0.0062182
-0.02009
-0.039598
-0.060667
-0.080394
-0.098577
-0.11694
-0.13413
-0.14645
-0.15203
-0.15149
-0.14065
-0.11766
-0.085981
-0.058892
-0.037926
-0.022168
-0.010846
-0.0050311
-0.0089103
-0.019299
-0.032626
-0.048502
-0.063058
-0.074775
-0.082242
-0.082791
-0.082434
-0.085178
-0.088677
-0.091795
-0.094418
-0.09635
-0.098727
-0.10375
-0.10942
-0.11497
-0.12147
-0.12675
-0.13035
-0.131
-0.12843
-0.12536
-0.12399
-0.12233
-0.11766
-0.11076
-0.10173
-0.088173
-0.073135
-0.054431
-0.031568
-0.0051739
0.022186
0.041655
0.058694
0.077566
0.09205
0.094299
0.084297
0.06842
0.053156
0.040489
0.030654
0.02803
0.03674
0.049066
0.061635
0.077856
0.094986
0.10843
0.11978
0.13345
0.14912
0.16161
0.16439
0.15895
0.14755
0.13063
0.10661
0.077613
0.049771
0.025542
0.0027767
-0.022747
-0.04952
-0.071815
-0.091022
-0.11407
-0.13111
-0.13416
-0.12735
-0.11376
-0.088554
-0.047467
-0.0032698
0.036152
0.06583
0.090257
0.1096
0.12788
0.13917
0.14009
0.13577
0.13021
0.12049
0.10341
0.083437
0.061071
0.039349
0.018585
0.0012504
-0.010597
-0.022516
-0.03537
-0.045727
-0.054231
-0.059979
-0.063869
-0.069848
-0.074464
-0.076404
-0.078109
-0.079688
-0.079107
-0.076882
-0.075605
-0.074662
-0.070029
-0.05605
-0.024776
0.021528
0.056802
0.070068
0.081873
0.097574
0.10342
0.091353
0.070505
0.05355
0.042426
0.026746
0.010174
-0.0017485
-0.0093841
-0.012219
-0.012271
-0.0095806
-0.0051494
-0.0022709
-0.0045565
-0.015875
-0.032718
-0.049388
-0.066552
-0.076055
-0.074006
-0.060459
-0.046397
-0.033984
-0.018849
-0.0038471
0.0076881
0.016164
0.023
0.024693
0.024255
0.022294
0.017633
0.010537
0.0037804
-0.00053339
-0.0062449
-0.013102
-0.016997
-0.018202
-0.019335
-0.017567
-0.0080032
0.006016
0.018478
0.028933
0.039524
0.047289
0.049824
0.048056
0.03926
0.019511
-0.0072473
-0.028833
-0.045749
-0.054821
-0.056433
-0.054759
-0.049393
-0.039097
-0.025505
-0.012304
0.0013071
0.018008
0.035133
0.051165
0.063715
0.073176
0.078144
0.073953
0.05998
0.047682
0.038956
0.033635
0.036849
0.048148
0.059996
0.066306
0.069997
0.071544
0.068058
0.063817
0.062246
0.060755
0.059904
0.06299
0.068619
0.072463
0.076552
0.081719
0.086206
0.090921
0.091479
0.084052
0.069682
0.053103
0.033435
0.010318
-0.0056684
-0.018273
-0.031191
-0.042264
-0.050193
-0.0576
-0.062842
-0.058991
-0.048318
-0.040014
-0.033192
-0.029335
-0.02949
-0.032848
-0.039595
-0.046591
-0.054021
-0.061115
-0.068514
-0.075896
-0.080553
-0.083957
-0.087678
-0.090447
-0.090838
-0.089826
-0.088154
-0.083241
-0.076133
-0.067735
-0.05953
-0.055354
-0.054929
-0.056259
-0.060454
-0.066546
-0.072623
-0.076864
-0.077132
-0.073796
-0.067099
-0.059339
-0.048502
-0.033088
-0.018187
-0.0016443
0.018425
0.033656
0.049282
0.066944
0.082428
0.090247
0.091913
0.088865
0.080261
0.068911
0.05868
0.049413
0.04162
0.03901
0.041927
0.047036
0.053635
0.064834
0.079753
0.091033
0.097646
0.10258
0.10489
0.10755
0.11238
0.11645
0.12013
0.1267
0.13325
0.13912
0.14524
0.15066
0.15413
0.15599
0.15277
0.14527
0.1369
0.12921
0.12036
0.10988
0.10125
0.09185
0.079199
0.064407
0.05237
0.042961
0.034611
0.029667
0.026546
0.027193
0.031701
0.035997
0.039741
0.045552
0.052531
0.05632
0.058772
0.059841
0.059275
0.055871
0.047697
0.035147
0.020028
0.0033128
-0.011707
-0.025371
-0.037575
-0.047505
-0.055666
-0.060017
-0.058162
-0.053728
-0.050333
-0.048297
-0.047139
-0.045904
-0.043417
-0.039254
-0.034601
-0.030135
-0.023642
-0.016856
-0.012518
-0.0079022
-0.00092125
0.0050654
0.008917
0.01271
0.017006
0.01809
0.016442
0.01312
0.0099822
0.0078879
0.0063263
0.0090326
0.01464
0.017961
0.019439
0.018944
0.01313
0.0035045
-0.0051728
-0.012165
-0.019924
-0.027404
-0.030975
-0.031953
-0.032238
-0.031389
-0.029119
-0.02686
-0.026708
-0.029359
-0.033068
-0.035924
-0.039043
-0.039442
-0.037957
-0.037079
-0.033205
-0.027343
-0.023655
-0.020216
-0.016532
-0.014451
-0.014407
-0.016112
-0.017785
-0.019324
-0.0216
-0.025427
-0.028804
-0.031818
-0.035493
-0.039495
-0.038745
-0.032658
-0.023321
-0.011256
0.0054336
0.022798
0.040657
0.062833
0.081277
0.091634
0.099141
0.10542
0.10373
0.091125
0.075113
0.060629
0.047521
0.035824
0.026071
0.017105
0.012099
0.0090028
0.0048958
0.001986
0.00070447
-0.0025977
-0.0094692
-0.017624
-0.027921
-0.038495
-0.048219
-0.058724
-0.067987
-0.074004
-0.075974
-0.074411
-0.072971
-0.07264
-0.072067
-0.072154
-0.072309
-0.069933
-0.070183
-0.072928
-0.072395
-0.071353
-0.074202
-0.078231
-0.083361
-0.087032
-0.08991
-0.092926
-0.09494
-0.094937
-0.094475
-0.094676
-0.093482
-0.092773
-0.089394
-0.08506
-0.080074
-0.074015
-0.067244
-0.059708
-0.053343
-0.047506
-0.041208
-0.035265
-0.028538
-0.020079
-0.0081889
0.0067573
0.027285
0.05026
0.068106
0.083343
0.098754
0.11122
0.11749
0.11955
0.11735
0.10992
0.10126
0.091036
0.082632
0.076962
0.071778
0.070612
0.071798
0.070733
0.069513
0.069379
0.068561
0.06504
0.058044
0.048897
0.036043
0.020391
0.0023675
-0.015964
-0.03403
-0.052686
-0.068257
-0.080956
-0.091309
-0.10021
-0.10761
-0.1101
-0.1078
-0.10506
-0.10411
-0.1031
-0.10163
-0.10126
-0.099448
-0.096393
-0.095167
-0.093476
-0.088992
-0.085402
-0.085362
-0.086455
-0.08733
-0.089359
-0.092598
-0.095058
-0.097096
-0.10081
-0.10432
-0.1058
-0.10499
-0.10289
-0.1003
-0.096564
-0.091371
-0.086336
-0.082733
-0.077887
-0.06961
-0.058397
-0.047281
-0.037547
-0.026016
-0.011908
0.00094952
0.010613
0.020812
0.030948
0.039465
0.045252
0.050384
0.057548
0.063283
0.06456
0.064418
0.06583
0.066279
0.063861
0.060387
0.056855
0.050265
0.039812
0.027226
0.012234
-0.0059273
-0.023199
-0.036246
-0.047062
-0.056627
-0.06392
-0.067378
-0.068774
-0.066508
-0.063161
-0.061931
-0.061727
-0.061694
-0.06248
-0.064706
-0.067514
-0.069676
-0.07173
-0.074443
-0.078108
-0.080668
-0.079117
-0.076227
-0.074826
-0.073255
-0.071657
-0.07168
-0.07221
-0.070657
-0.067782
-0.065076
-0.060522
-0.05545
-0.050373
-0.046951
-0.044805
-0.041474
-0.03812
-0.035366
-0.032717
-0.028856
-0.024213
-0.020175
-0.014536
-0.0080255
-0.0029515
0.0049973
0.013931
0.021026
0.029684
0.040111
0.050493
0.059215
0.066305
0.073467
0.078934
0.080846
0.081071
0.080185
0.077642
0.073561
0.068451
0.063667
0.060322
0.056491
0.049291
0.041636
0.03717
0.033751
0.029255
0.023975
0.020783
0.017442
0.011901
0.004754
-0.00011089
-0.0024412
-0.0054917
-0.0081242
-0.0069185
-0.0025809
0.0014281
0.0053046
0.012712
0.020226
0.024321
0.024595
0.021493
0.016375
0.010674
0.002763
-0.0072733
-0.017798
-0.027145
-0.034795
-0.041573
-0.048324
-0.054292
-0.057771
-0.056963
-0.049317
-0.041956
-0.036393
-0.030634
-0.025086
-0.021914
-0.023857
-0.027547
-0.028857
-0.030184
-0.030841
-0.030024
-0.029071
-0.025637
-0.019022
-0.011821
-0.0027982
0.0065673
0.013917
0.018853
0.020363
0.018123
0.012287
0.0038853
-0.007511
-0.01918
-0.03124
-0.039945
-0.041406
-0.038955
-0.0357
-0.032388
-0.029696
-0.027995
-0.02587
-0.024834
-0.026486
-0.02817
-0.028497
-0.029131
-0.03061
-0.031154
-0.032763
-0.035528
-0.037573
-0.038896
-0.041087
-0.043468
-0.045399
-0.046851
-0.047896
-0.04952
-0.052045
-0.052359
-0.050773
-0.04898
-0.044868
-0.037868
-0.032391
-0.029218
-0.025899
-0.022021
-0.02094
-0.024532
-0.028398
-0.031032
-0.035978
-0.043159
-0.045408
-0.043765
-0.039288
-0.030648
-0.018291
-0.0066374
0.0037477
0.011557
0.014435
0.014304
0.011265
0.0057952
-0.00040451
-0.007422
-0.014196
-0.018212
-0.02025
-0.021104
-0.021395
-0.02149
-0.0205
-0.019059
-0.016669
-0.011383
-0.006424
-0.0047381
-0.0024182
0.00024842
0.0015017
0.0033509
0.0069694
0.010716
0.014495
0.01763
0.018897
0.018106
0.013743
0.0057079
-0.003091
-0.010317
-0.015442
-0.020218
-0.023061
-0.023627
-0.022546
-0.019828
-0.016575
-0.01396
-0.010369
-0.0060864
-0.0029787
-0.00108
0.0014943
0.0048741
0.0081376
0.0096033
0.0098461
0.010288
0.011674
0.012693
0.012064
0.010451
0.0090307
0.0081095
0.0058871
0.0026198
-6.5952e-05
-0.0034206
-0.0090362
-0.015022
-0.019746
-0.024082
-0.027076
-0.028861
-0.029531
-0.028779
-0.025894
-0.020106
-0.013186
-0.0070214
0.00015263
0.010045
0.021075
0.030121
0.038029
0.046696
0.053989
0.059523
0.063378
0.06594
0.068934
0.070548
0.070395
0.070954
0.070639
0.07033
0.070829
0.071054
0.070763
0.071005
0.073148
0.076124
0.077841
0.080731
0.083904
0.085234
0.084308
0.082714
0.080143
0.077065
0.073366
0.069517
0.065861
0.062769
0.061096
0.059591
0.056196
0.051359
0.046113
0.042089
0.036837
0.030655
0.027256
0.025047
0.022282
0.020213
0.019737
0.018363
0.017185
0.018434
0.019684
0.017901
0.015246
0.01437
0.014039
0.012738
0.011
0.0087227
0.0047744
-0.00064152
-0.0061261
-0.011623
-0.017285
-0.023066
-0.029006
-0.033235
-0.036286
-0.037729
-0.036012
-0.032476
-0.028653
-0.024749
-0.019958
-0.014867
-0.011883
-0.0093027
-0.0043526
0.0018811
0.0085016
0.013938
0.019214
0.025941
0.030723
0.03199
0.030533
0.02866
0.027313
0.023136
0.017844
0.01364
0.0098844
0.0063291
0.0024296
0.00032327
8.4978e-05
2.5922e-05
0.0017642
0.0028491
0.002606
0.0060518
0.011044
0.016188
0.021529
0.024772
0.027601
0.031787
0.03474
0.033884
0.031528
0.030284
0.027243
0.021704
0.018379
0.015199
0.010951
0.0094451
0.0093558
0.0078289
0.0065081
0.0059894
0.0071865
0.0095304
0.012256
0.016022
0.019788
0.021866
0.023449
0.024578
0.02303
0.019389
0.015633
0.012158
0.0075527
0.0028271
0.00018366
-0.0012484
-0.00099661
0.0012326
0.0037829
0.0056672
0.0084453
0.014404
0.021055
0.026677
0.030701
0.033869
0.037148
0.038353
0.037235
0.034476
0.029018
0.023086
0.016963
0.0097052
0.0039732
0.00084906
-0.0032694
-0.0065194
-0.0072715
-0.0079784
-0.0094993
-0.013369
-0.017989
-0.01991
-0.020605
-0.020186
-0.015092
-0.0071027
0.0022565
0.011235
0.019987
0.026734
0.030567
0.033208
0.031839
0.027597
0.023592
0.019547
0.015419
0.01255
0.010493
0.0076021
0.0047623
0.0031055
0.0011301
-0.001053
-0.0045243
-0.0098615
-0.016219
-0.022149
-0.027019
-0.032049
-0.035748
-0.035555
-0.029448
-0.02418
-0.020675
-0.015001
-0.0077266
-0.00055991
0.0040034
0.0055625
0.0086546
0.011808
0.012972
0.013944
0.015711
0.017379
0.017716
0.017026
0.017022
0.017691
0.018905
0.021491
0.025347
0.028589
0.031035
0.033931
0.035561
0.034433
0.031386
0.028069
0.02559
0.02404
0.022654
0.022198
0.022402
0.022
0.020465
0.01824
0.015688
0.011863
0.0053211
-0.0021554
-0.0090612
-0.015315
-0.021111
-0.025519
-0.028811
-0.033071
-0.036766
-0.037939
-0.039484
-0.040955
-0.040471
-0.040281
-0.04208
-0.043205
-0.042232
-0.041545
-0.040866
-0.039378
-0.038192
-0.038405
-0.039059
-0.038855
-0.039417
-0.041131
-0.041262
-0.038977
-0.03588
-0.033383
-0.029763
-0.02518
-0.021542
-0.018394
-0.015747
-0.012946
-0.0085395
-0.0040485
-0.0020895
-0.0020905
-0.0025262
-0.0039748
-0.0078228
-0.012116
-0.015516
-0.019937
-0.024122
-0.026272
-0.028106
-0.029722
-0.029557
-0.027648
-0.025465
-0.02551
-0.025903
-0.025554
-0.025584
-0.027477
-0.031213
-0.035866
-0.040545
-0.043842
-0.046546
-0.04914
-0.05161
-0.053047
-0.053738
-0.053753
-0.052936
-0.049671
-0.044948
-0.041337
-0.038434
-0.034279
-0.028716
-0.024749
-0.022768
-0.020614
-0.018583
-0.019538
-0.021851
-0.022575
-0.022703
-0.023914
-0.024471
-0.022297
-0.02038
-0.019403
-0.017608
-0.016275
-0.015335
-0.014474
-0.014598
-0.014805
-0.01451
-0.014899
-0.016049
-0.015259
-0.012651
-0.010158
-0.007944
-0.0057776
-0.0041928
-0.0032617
-0.0018589
-2.2746e-05
0.0013648
0.0015849
0.0010383
0.0011125
0.0015379
-3.6959e-05
-0.0030272
-0.004858
-0.0059836
-0.0069278
-0.0082145
-0.0089091
-0.0076117
-0.0047633
-0.0019335
0.0013834
0.0046625
0.0075653
0.010596
0.013004
0.014454
0.01553
0.01709
0.017716
0.017258
0.018383
0.020558
0.019561
0.016455
0.015027
0.012693
0.0080436
0.0050738
0.0049141
0.0032909
0.00014716
-0.0024897
-0.0049645
-0.0064771
-0.0083806
-0.012729
-0.016644
-0.019308
-0.022012
-0.025484
-0.027661
-0.026612
-0.02334
-0.01818
-0.011844
-0.0055308
0.0027428
0.01129
0.016443
0.019154
0.02277
0.026342
0.026789
0.026899
0.027952
0.028578
0.030024
0.032701
0.033418
0.034623
0.037635
0.038256
0.03765
0.036486
0.03372
0.030683
0.027624
0.024908
0.021669
0.018775
0.017826
0.016765
0.01373
0.011745
0.012646
0.012957
0.0098601
0.0078407
0.0069291
0.0054987
0.0042329
0.0029477
0.0020075
0.0036621
0.0081114
0.014449
0.019965
0.025269
0.03125
0.036077
0.038915
0.03996
0.037861
0.035098
0.033842
0.03016
0.025863
0.021799
0.018995
0.01597
0.012949
0.010314
0.0080337
0.0067838
0.0061651
0.0057326
0.0044851
0.0035713
0.0020301
-0.0011584
-0.0036587
-0.0040577
-0.005021
-0.0085137
-0.011706
-0.012215
-0.012553
-0.013883
-0.014237
-0.013449
-0.011987
-0.0098799
-0.0069891
-0.0061621
-0.0034049
0.000946
0.0044703
0.0064724
0.0090086
0.01325
0.016324
0.018173
0.020263
0.021829
0.022558
0.022032
0.019974
0.017066
0.014305
0.01082
0.0062571
0.00028287
-0.0062421
-0.010657
-0.012922
-0.015096
-0.017246
-0.01581
-0.011684
-0.0063734
0.00019772
0.0078717
0.015306
0.022577
0.029955
0.035614
0.041005
0.045272
0.04589
0.045072
0.045782
0.046813
0.045903
0.044869
0.044342
0.044038
0.042895
0.041053
0.039779
0.038883
0.037389
0.03419
0.029877
0.027004
0.0241
0.019724
0.015651
0.013163
0.010043
0.0068095
0.0059715
0.0072808
0.0097826
0.011458
0.01389
0.016732
0.017419
0.016841
0.018249
0.020954
0.023174
0.0277
0.033033
0.037741
0.043362
0.047925
0.052297
0.05759
0.060854
0.063255
0.065173
0.065855
0.064591
0.062349
0.059039
0.05546
0.051092
0.045274
0.038872
0.033484
0.029194
0.025271
0.022397
0.019859
0.015483
0.0090585
0.0022785
-0.0028293
-0.0079093
-0.013619
-0.017032
-0.017971
-0.017137
-0.014811
-0.013423
-0.014489
-0.015572
-0.014936
-0.014979
-0.017459
-0.019914
-0.021039
-0.022111
-0.021804
-0.021341
-0.020603
-0.016959
-0.012708
-0.011307
-0.010346
-0.0067647
-0.0023354
-0.0010346
0.0007219
0.0054101
0.0092763
0.012431
0.015538
0.016795
0.018215
0.020072
0.020267
0.019444
0.018344
0.01735
0.017434
0.016485
0.012722
0.0078129
0.0036277
-0.0006083
-0.004647
-0.0069241
-0.0076026
-0.0064831
-0.0037056
-0.00014664
0.0032912
0.0050507
0.0064622
0.008638
0.0093355
0.00786
0.0061126
0.0053624
0.0037783
0.00084503
-0.0010377
-0.00092074
-0.00033316
-0.0013331
-0.0032151
-0.0031415
-0.0015721
0.00010269
0.0016473
0.0039232
0.0066567
0.0098557
0.011327
0.012723
0.014019
0.01382
0.013873
0.015568
0.01691
0.019123
0.021296
0.021276
0.022297
0.023051
0.019775
0.01479
0.0081019
0.0017724
-0.0052972
-0.012859
-0.020829
-0.02729
-0.03107
-0.035009
-0.039467
-0.040464
-0.036396
-0.031205
-0.027302
-0.023485
-0.020373
-0.020331
-0.022441
-0.026001
-0.029976
-0.032935
-0.036444
-0.037624
-0.034913
-0.031367
-0.02923
-0.026378
-0.022087
-0.016596
-0.0086748
-0.00023118
0.0033455
0.0067044
0.0093966
0.0081011
0.0051302
0.0048049
0.0038984
-0.00043367
-0.0039055
-0.0037524
-0.0022635
-0.0011139
0.00043952
0.0027561
0.004077
0.0034876
0.0029181
0.002486
0.0014019
0.0012941
0.0021368
0.0029842
0.0042218
0.0054049
0.0055758
0.0059034
0.0077889
0.0087596
0.0078685
0.006826
0.0062427
0.0062228
0.0043229
0.00062358
-0.0014071
-0.0011251
-0.001099
0.0001679
0.0033494
0.0068012
0.011632
0.016331
0.017828
0.018773
0.020898
0.018125
0.012634
0.008059
0.0024302
-0.0037789
-0.0078941
-0.011715
-0.014359
-0.014588
-0.012467
-0.0092588
-0.0064131
-0.0032795
-0.00098889
0.00077924
0.0027385
0.003297
0.0036804
0.0048212
0.0048504
0.0035472
0.0027115
0.0035612
0.0041913
0.003635
0.0024512
0.00023157
-0.0025846
-0.0045243
-0.0070063
-0.011441
-0.01509
-0.015294
-0.01552
-0.017037
-0.016065
-0.012215
-0.0082148
-0.0061047
-0.0036387
-0.00070692
0.00035142
-0.00023743
-0.0005167
-0.0012916
-0.0035359
-0.0042519
-0.0051955
-0.0084416
-0.01177
-0.013882
-0.014807
-0.015426
-0.014812
-0.012783
-0.0094888
-0.0062595
-0.0035553
-0.0012721
9.5718e-05
0.0011973
0.0026657
0.0034912
0.0021577
0.00012508
-0.0016135
-0.0041855
-0.0087039
-0.013859
-0.017396
-0.020734
-0.024831
-0.027951
-0.029124
-0.030363
-0.029835
-0.027331
-0.024526
-0.021963
-0.018797
-0.0151
-0.011279
-0.010291
-0.0092255
-0.0075321
-0.0077738
-0.010224
-0.012786
-0.012839
-0.011418
-0.010995
-0.010041
-0.0070998
-0.0050368
-0.0057532
-0.0045179
-0.0027564
-0.0037899
-0.007214
-0.010466
-0.013467
-0.016918
-0.018947
-0.017894
-0.015494
-0.012644
-0.0080337
-0.0025066
0.002105
0.0054403
0.0075175
0.0076736
0.0059308
0.002332
-0.0029334
-0.0089134
-0.013339
-0.017637
-0.022259
-0.023367
-0.02082
-0.01752
-0.016041
-0.013945
-0.0094842
-0.0048591
-0.00055371
0.0027454
0.0048411
0.0084595
0.011862
0.013545
0.014255
0.014981
0.014533
0.012811
0.010879
0.0065504
-5.7927e-05
-0.0036691
-0.0060822
-0.010195
-0.014605
-0.016626
-0.016571
-0.015914
-0.014505
-0.011905
-0.0089083
-0.0051868
-0.0015604
0.00060125
0.0027332
0.00546
0.0070292
0.007482
0.0070136
0.0057582
0.0046258
0.0037785
0.0018743
-0.0031729
-0.0070671
-0.0080254
-0.0095426
-0.011387
-0.011455
-0.010934
-0.011369
-0.011981
-0.011933
-0.011655
-0.011645
-0.011764
-0.011776
-0.011725
-0.01181
-0.012993
-0.014917
-0.015999
-0.015586
-0.016126
-0.018478
-0.020178
-0.019775
-0.018867
-0.019129
-0.018543
-0.014892
-0.010189
-0.0066929
-0.0027846
0.0028387
0.0083451
0.011434
0.013614
0.017292
0.020591
0.022277
0.024574
0.026981
0.027065
0.027825
0.028267
0.026447
0.025442
0.02666
0.028487
0.029975
0.029709
0.030298
0.031617
0.031485
0.03032
0.029408
0.030061
0.030057
0.027859
0.0259
0.025699
0.024652
0.019126
0.013483
0.010275
0.0051679
-0.0032521
-0.0093806
-0.013935
-0.018294
-0.020746
-0.021807
-0.019633
-0.014743
-0.01071
-0.0068217
-0.0017528
0.0033429
0.0068485
0.0089767
0.0090201
0.0098318
0.011
0.01069
0.0088308
0.0074336
0.0061673
0.0018184
-0.002502
-0.0042608
-0.0071997
-0.011984
-0.014765
-0.015211
-0.017215
-0.02015
-0.022448
-0.023662
-0.024784
-0.027378
-0.028942
-0.026505
-0.022319
-0.018856
-0.015615
-0.010814
-0.0047707
0.0013522
0.004929
0.0062142
0.0087514
0.012506
0.013805
0.011442
0.0092148
0.00858
0.0060548
0.0034801
0.0016901
-0.00076271
-0.0020661
-0.0011598
0.00053951
0.0014796
0.001711
0.0016514
0.0023291
0.0017153
-0.00036855
-0.0016322
-0.0022586
-0.0028812
-0.0019314
-0.0012437
-0.0018828
-0.0012575
-0.00019473
0.00050715
0.00054026
0.00015266
0.00048916
0.0022083
0.0034947
0.001886
0.00035068
3.3122e-05
-0.0011191
-0.0039925
-0.0071395
-0.0089083
-0.0079796
-0.0056618
-0.0041722
-0.0015789
0.001484
0.0032987
0.0038603
0.0033525
0.0017723
-0.00083048
-0.0040147
-0.0074998
-0.010114
-0.012083
-0.014789
-0.015445
-0.014252
-0.013159
-0.011175
-0.0083639
-0.0059821
-0.003718
-0.0010101
0.0019389
0.0032288
0.0036419
0.0053184
0.0075115
0.009926
0.011758
0.013906
0.017317
0.021181
0.023872
0.025747
0.028346
0.031257
0.032658
0.033328
0.034661
0.035173
0.034463
0.033047
0.031737
0.03061
0.028141
0.024962
0.022227
0.018174
0.011235
0.0046415
-0.0017946
-0.0088303
-0.016259
-0.022497
-0.026349
-0.030894
-0.033837
-0.034183
-0.033675
-0.032273
-0.030122
-0.028853
-0.026813
-0.024099
-0.023296
-0.023834
-0.022332
-0.019775
-0.018484
-0.018286
-0.018239
-0.017422
-0.018085
-0.01864
-0.018006
-0.017646
-0.017566
-0.01621
-0.014882
-0.015467
-0.016216
-0.016189
-0.017211
-0.018503
-0.018625
-0.020458
-0.024204
-0.027012
-0.02873
-0.030442
-0.032274
-0.0341
-0.033756
-0.032481
-0.031929
-0.031531
-0.028489
-0.024971
-0.022943
-0.021016
-0.018257
-0.015891
-0.015006
-0.013977
-0.012176
-0.0099081
-0.0081144
-0.0070405
-0.0031913
0.0020312
0.006367
0.0076079
0.0090214
0.010797
0.011529
0.011356
0.010518
0.01085
0.010727
0.010507
0.01162
0.012683
0.014598
0.015956
0.016705
0.019677
0.022237
0.021782
0.020516
0.019116
0.014907
0.009938
0.0069709
0.0039902
-0.0013325
-0.0063639
-0.0071223
-0.0054534
-0.0044402
-0.003003
-0.00043773
0.0019172
0.0028518
0.0024797
0.0033487
0.0048807
0.0058576
0.0060715
0.005534
0.005734
0.0078092
0.011176
0.013879
0.015125
0.015052
0.017024
0.019937
0.021029
0.021416
0.021244
0.01996
0.01932
0.018161
0.016773
0.014282
0.011035
0.0085407
0.0064674
0.0038712
0.00098618
-0.0017295
-0.0038232
-0.0052174
-0.0075112
-0.0092973
-0.010212
-0.011525
-0.013168
-0.014118
-0.013281
-0.011217
-0.0091476
-0.0068876
-0.0051417
-0.0050527
-0.0057287
-0.0054198
-0.0052703
-0.0069094
-0.0080464
-0.0071571
-0.0059451
-0.0048285
-0.003827
-0.0027749
-0.0014308
-0.00055125
-0.00012143
0.0013592
0.0024114
0.0026666
0.0040587
0.0059555
0.0071226
0.0080939
0.0094102
0.0099065
0.0086255
0.0085026
0.010327
0.0097531
0.0078518
0.0080623
0.0078527
0.0057869
0.0041171
0.0032882
0.0023304
0.001934
0.0012874
0.00039524
-0.00044067
-0.00085922
-0.00051742
-0.0015352
-0.0038393
-0.006499
-0.010375
-0.015583
-0.019366
-0.021659
-0.023902
-0.024996
-0.023228
-0.019769
-0.016237
-0.012697
-0.0081521
-0.0036295
0.0011989
0.0063642
0.0092345
0.011825
0.015456
0.018492
0.019095
0.018216
0.017969
0.016934
0.013943
0.011469
0.011057
0.010505
0.0090538
0.0087527
0.009199
0.0086024
0.0065362
0.00494
0.0035427
0.00044466
-0.0019749
-0.0023307
-0.0030465
-0.0043962
-0.0044762
-0.0040947
-0.0043636
-0.005399
-0.0071748
-0.0084776
-0.0092461
-0.010318
-0.011155
-0.010208
-0.0081717
-0.0053207
0.00018649
0.0042804
0.0067236
0.011999
0.016852
0.019116
0.021818
0.025015
0.026952
0.02682
0.026317
0.026827
0.026531
0.022837
0.016925
0.012809
0.0096024
0.0064778
0.0032597
-0.00020092
-0.002651
-0.0027646
-0.0016723
0.00020218
0.0030228
0.0063253
0.0091749
0.012166
0.015215
0.015434
0.015294
0.016535
0.016762
0.015096
0.013354
0.012557
0.011996
0.011709
0.010535
0.0084805
0.0068897
0.0051728
0.0041966
0.0010357
-0.0043985
-0.0080865
-0.0094507
-0.010801
-0.011383
-0.010716
-0.0089885
-0.0062799
-0.0037769
-0.0025959
-0.0025518
-5.0734e-05
0.002159
0.0013155
0.00040001
0.0011227
0.0022975
0.004653
0.0088412
0.013242
0.019939
0.024827
0.026874
0.029667
0.031848
0.029415
0.022562
0.016182
0.012374
0.008342
0.0051039
0.0041289
0.0059185
0.0077808
0.0067119
0.0049195
0.002273
-0.00058373
-0.0034425
-0.0061884
-0.0083998
-0.0090796
-0.0092132
-0.0086632
-0.0090178
-0.01079
-0.012607
-0.015251
-0.017065
-0.017389
-0.0182
-0.01924
-0.019178
-0.018012
-0.016478
-0.016352
-0.017413
-0.018727
-0.021013
-0.022669
-0.022934
-0.02258
-0.020174
-0.016803
-0.014768
-0.012007
-0.0075406
-0.0045054
-0.0043731
-0.0072416
-0.010663
-0.012329
-0.015798
-0.020075
-0.020636
-0.021462
-0.02252
-0.019655
-0.015633
-0.012865
-0.01077
-0.0077872
-0.0058585
-0.0055581
-0.0057893
-0.006824
-0.0083565
-0.010675
-0.013136
-0.014115
-0.014752
-0.016131
-0.016277
-0.014639
-0.014091
-0.014027
-0.01414
-0.014714
-0.016216
-0.01766
-0.01845
-0.019084
-0.018534
-0.017056
-0.016946
-0.016447
-0.01465
-0.013103
-0.011713
-0.008219
-0.0034072
-0.0012438
-0.00065774
0.0010032
0.0040788
0.0051543
0.0039794
0.003057
0.0022236
0.0024546
0.005764
0.0094587
0.0096004
0.0091196
0.010804
0.010499
0.0072712
0.0039679
0.00041155
-0.0050408
-0.0095728
-0.011368
-0.012143
-0.012791
-0.013191
-0.013574
-0.013075
-0.012192
-0.012638
-0.014201
-0.014603
-0.012539
-0.011225
-0.010227
-0.0084275
-0.0071914
-0.0052889
-0.0042559
-0.0042059
-0.0049003
-0.0065775
-0.0067559
-0.0065715
-0.0070377
-0.0068924
-0.0054387
-0.003747
-0.0030763
-0.0036263
-0.0040097
-0.0035089
-0.0030498
-0.0031432
-0.003084
-0.0015987
0.00013481
-0.00039645
-0.0014205
-0.0014715
-0.0024315
-0.0040901
-0.0052675
-0.0062888
-0.0079952
-0.011025
-0.014061
-0.015807
-0.015955
-0.015445
-0.015743
-0.017064
-0.019173
-0.019899
-0.019358
-0.020047
-0.021163
-0.022012
-0.021079
-0.018915
-0.017639
-0.016453
-0.013636
-0.010514
-0.0093973
-0.0093895
-0.0059392
-0.0022144
-0.0018881
-0.0018927
-0.00087929
-0.00044258
0.00024733
0.00041538
-0.00082108
-0.0017467
-0.0027719
-0.0040488
-0.0053214
-0.0066015
-0.0081439
-0.0095671
-0.0094786
-0.0087856
-0.0091794
-0.0097868
-0.0095989
-0.0082961
-0.0076363
-0.0082583
-0.0074986
-0.0063788
-0.0069109
-0.0084733
-0.0088313
-0.007538
-0.0058774
-0.0046623
-0.0038579
-0.0030296
-0.0030194
-0.0035841
-0.004722
-0.0058359
-0.0051944
-0.0033137
-0.0026603
-0.00097561
0.0026599
0.005164
0.0072572
0.0092597
0.0096957
0.011747
0.013864
0.013706
0.014871
0.017939
0.018801
0.019564
0.01996
0.019233
0.017669
0.015859
0.013036
0.0109
0.0093731
0.0069275
0.0064845
0.0063569
0.0060519
0.0065041
0.0074792
0.0077586
0.0089148
0.011381
0.013805
0.014476
0.015168
0.01624
0.016102
0.014891
0.012502
0.0095923
0.0073614
0.0053805
0.0028861
0.00085323
-3.42e-05
-0.00029215
-0.00017914
0.00054605
0.0023259
0.0048331
0.0064283
0.0082038
0.013445
0.018141
0.02122
0.024058
0.02507
0.025831
0.026776
0.026844
0.025527
0.022666
0.019486
0.017587
0.015474
0.012312
0.009408
0.007027
0.0047998
0.0036741
0.0042779
0.0061554
0.0086642
0.011006
0.013107
0.015481
0.018263
0.02085
0.021931
0.020752
0.018445
0.016495
0.016039
0.015178
0.012789
0.012492
0.013573
0.013785
0.014117
0.014498
0.015769
0.016606
0.015062
0.013755
0.013042
0.011411
0.0082166
0.0053582
0.0032843
0.00095881
-0.0019435
-0.0047818
-0.0072471
-0.0091567
-0.01018
-0.011374
-0.012482
-0.011415
-0.010002
-0.0091507
-0.0073281
-0.0059907
-0.005244
-0.0047972
-0.0041907
-0.0040693
-0.0051117
-0.0059007
-0.0069769
-0.0083282
-0.0096246
-0.0098676
-0.010381
-0.012597
-0.014493
-0.016283
-0.017019
-0.018272
-0.021878
-0.02388
-0.022695
-0.021691
-0.021598
-0.021587
-0.019668
-0.015914
-0.013417
-0.013502
-0.012571
-0.010909
-0.0097857
-0.0086065
-0.0084313
-0.0089582
-0.0088708
-0.0084005
-0.0080471
-0.0071089
-0.0065547
-0.006075
-0.0051948
-0.0029957
-0.0022191
-0.0018744
-0.00059272
1.5813e-05
0.00064214
0.00040054
-0.001042
-0.0014504
-0.0021256
-0.0033152
-0.0035534
-0.004588
-0.0066938
-0.0082776
-0.0078068
-0.0059022
-0.0055981
-0.0058249
-0.0048279
-0.002515
-0.0015504
-0.00043876
0.00063395
0.0023103
0.0029666
0.004187
0.0060066
0.0072492
0.0073611
0.0068539
0.0069266
0.0066232
0.00586
0.0061394
0.0065824
0.0062495
0.0048635
0.0040307
0.0026734
0.0013737
-0.00020922
-0.002361
-0.003383
-0.0039471
-0.0040897
-0.0042602
-0.0057053
-0.0063971
-0.0056326
-0.005326
-0.0053553
-0.0039241
-0.0016771
0.00010506
0.00017217
0.0020803
0.0046545
0.0049641
0.0032859
0.0016046
0.00093101
0.0002891
-0.00040887
-0.0010348
-0.0037147
-0.0065411
-0.0079051
-0.010147
-0.013211
-0.015023
-0.015845
-0.017167
-0.017749
-0.01725
-0.016152
-0.01472
-0.01355
-0.011354
-0.007476
-0.0032103
0.00070228
0.0055384
0.011194
0.016219
0.019755
0.022866
0.02569
0.026897
0.026455
0.026571
0.027033
0.025338
0.021321
0.016609
0.011845
0.0070082
0.0020361
-0.0038
-0.010303
-0.014154
-0.015861
-0.01889
-0.020246
-0.019363
-0.018488
-0.016707
-0.012887
-0.007569
-0.0013935
0.0041801
0.0081744
0.011552
0.014529
0.016969
0.016493
0.013849
0.011701
0.0083202
0.0048939
0.0026005
0.0030345
0.0057818
0.007413
0.0078923
0.0090327
0.011096
0.013092
0.014174
0.012213
0.0068356
0.0041889
0.0039299
0.0023656
0.0011064
0.0024212
0.0043189
0.0040985
0.0035917
0.0046097
0.004966
0.0034561
0.0025753
0.0025518
0.0025993
0.0040962
0.0064492
0.0098392
0.012785
0.014968
0.017328
0.019741
0.02058
0.019447
0.017612
0.016148
0.013922
0.011223
0.0091484
0.0074475
0.0063489
0.006869
0.0071222
0.0073529
0.0089869
0.010554
0.010323
0.010514
0.011432
0.010321
0.0093944
0.010281
0.010837
0.010345
0.010389
0.011735
0.011944
0.011153
0.010583
0.0092392
0.0076984
0.006043
0.003289
0.00084189
-9.1774e-05
-0.00085478
-0.0013237
-0.0012145
-0.0012547
-0.00049576
0.00026668
0.00078711
0.00089114
0.00058745
0.0010964
0.0026435
0.0030739
0.0037903
0.0061209
0.0084076
0.0081122
0.008103
0.0092335
0.010622
0.010495
0.0099084
0.010914
0.012319
0.012853
0.012937
0.012671
0.013746
0.014784
0.013955
0.012073
0.010636
0.0096547
0.0072825
0.003924
0.00090827
-0.00088228
-0.0011611
-0.00020772
0.00083003
0.0011605
0.0030276
0.0048158
0.0048942
0.0040414
0.0030658
0.0017943
0.000815
-3.9135e-05
-0.00020042
0.00043737
0.0016388
0.0033172
0.0062049
0.0082146
0.0081063
0.010862
0.01389
0.013356
0.012478
0.012046
0.010889
0.0076402
0.0032244
-0.00098078
-0.0042672
-0.0081664
-0.011317
-0.012853
-0.013198
-0.014111
-0.014876
-0.014422
-0.012664
-0.010914
-0.009446
-0.0073289
-0.0058107
-0.004184
-0.0027367
-0.0024982
-0.0033873
-0.0051764
-0.0065039
-0.0072505
-0.0084662
-0.010816
-0.01176
-0.012261
-0.013943
-0.015351
-0.014251
-0.012423
-0.012374
-0.011739
-0.010812
-0.0095247
-0.0078227
-0.0061421
-0.0054468
-0.0063904
-0.006565
-0.0060154
-0.0071399
-0.0095214
-0.010849
-0.011793
-0.014217
-0.016203
-0.016938
-0.017353
-0.018007
-0.018248
-0.016414
-0.015344
-0.014348
-0.013276
-0.011765
-0.0093186
-0.0077453
-0.0058589
-0.0038488
-0.0032119
-0.0037207
-0.0037523
-0.0030558
-0.0020506
-0.0011399
-0.0015136
-0.0019686
-0.00081859
0.00071481
0.0024845
0.004525
0.0062824
0.0069428
0.0071778
0.0073616
0.0062605
0.0057182
0.0051548
0.003578
0.001794
0.00063783
-0.00047224
-0.0020231
-0.003529
-0.0058906
-0.0071307
-0.0079663
-0.0092387
-0.011115
-0.012505
-0.013825
-0.014748
-0.015649
-0.016892
-0.017562
-0.01877
-0.019765
-0.018411
-0.016232
-0.016108
-0.015512
-0.013834
-0.012162
-0.011149
-0.010656
-0.0094009
-0.0090467
-0.0096797
-0.0096579
-0.0091117
-0.0083918
-0.0073977
-0.0060488
-0.0047241
-0.0037715
-0.0026145
-0.0028625
-0.0024799
-0.0025044
-0.0035281
-0.0047141
-0.00581
-0.0060114
-0.0069831
-0.0085565
-0.0084151
-0.0076735
-0.0079959
-0.0086328
-0.0085347
-0.0081846
-0.0083033
-0.008531
-0.008465
-0.0083502
-0.0086357
-0.010132
-0.012126
-0.01324
-0.014018
-0.01488
-0.014714
-0.0145
-0.014928
-0.015181
-0.014239
-0.013144
-0.013553
-0.012983
-0.010251
-0.0073948
-0.0060482
-0.0033948
0.0011144
0.0033405
0.0032887
0.003995
0.0052202
0.005728
0.0045209
0.0035759
0.0034968
0.0039745
0.0031157
0.0031295
0.0044765
0.0056404
0.0068693
0.007861
0.0085069
0.011148
0.013064
0.013516
0.014648
0.015824
0.015468
0.015039
0.014544
0.013068
0.011647
0.010412
0.0081081
0.0069628
0.0060606
0.0048385
0.0039839
0.0021835
0.00045125
-0.00078964
-0.0032939
-0.0063284
-0.007395
-0.0074417
-0.0076085
-0.0078855
-0.0077692
-0.0062458
-0.0041271
-0.0023374
-0.0017325
0.00073709
0.0037797
0.0045551
0.0056412
0.0095082
0.013325
0.014245
0.014163
0.013992
0.012498
0.0099723
0.0071012
0.005038
0.004067
0.0031712
0.0015701
0.00091574
0.0017328
0.0032311
0.0044787
0.0052936
0.0064092
0.0079297
0.0095718
0.010527
0.010066
0.0097062
0.010227
0.01066
0.010555
0.010988
0.012735
0.013679
0.01274
0.011592
0.010345
0.0090398
0.0079719
0.0060214
0.0037305
0.0028495
0.0028975
0.0031
0.0028876
0.003674
0.0053399
0.0054808
0.0054926
0.0050936
0.0044191
0.0049499
0.0057434
0.0069967
0.0091166
0.011008
0.011053
0.013251
0.016454
0.015829
0.014214
0.014268
0.013708
0.012141
0.010808
0.0097677
0.0090652
0.0086222
0.0069287
0.0059635
0.0067476
0.0071263
0.0065379
0.0061785
0.0064717
0.0076977
0.0082349
0.0075813
0.0084083
0.0095462
0.0090674
0.0084426
0.0074517
0.0048541
0.0028786
0.0015223
-0.00016489
-0.0023711
-0.0043093
-0.0051613
-0.0051398
-0.0049089
-0.0052579
-0.0056929
-0.0056903
-0.0055166
-0.0055018
-0.0058294
-0.0069582
-0.0072839
-0.0065627
-0.0064061
-0.0066108
-0.0056738
-0.005397
-0.0073893
-0.0093571
-0.0099834
-0.010703
-0.011928
-0.012095
-0.011592
-0.011399
-0.0098804
-0.0065444
-0.0037821
-0.0023274
-0.0016113
-0.00039399
0.0014576
0.0026551
0.0022275
0.0017689
0.0018119
0.0010807
0.00053071
-0.00097473
-0.0043094
-0.0068831
-0.0075496
-0.0087858
-0.0091768
-0.0083444
-0.0073991
-0.006679
-0.0039724
-0.0012859
-0.00081643
0.00034052
0.0033377
0.0050238
0.0055044
0.006685
0.0078561
0.0075658
0.0071815
0.0075674
0.0073181
0.0054861
0.0038282
0.0029935
0.0019805
0.00059042
0.00044848
0.0011844
0.00098082
0.0012893
0.0021752
0.0029297
0.0033127
0.0038606
0.0037532
0.0027156
0.0018131
0.00077218
-0.00060545
-0.00093023
-0.0019734
-0.0030469
-0.0043059
-0.0058254
-0.0062559
-0.0074097
-0.0093946
-0.010866
-0.010669
-0.010941
-0.012012
-0.012001
-0.011535
-0.010532
-0.0089593
-0.0076877
-0.005548
-0.0025488
-0.0020719
-0.0013837
0.0025534
0.0059827
0.0055302
0.0047965
0.0050027
0.0046675
0.0025869
0.00033321
-0.00027123
-0.0010347
-0.0026991
-0.003742
-0.0024184
-0.0012926
-0.0012278
-0.0012685
-0.00037765
0.00020209
5.0878e-05
0.0010872
0.0020701
0.0025953
0.0029012
0.0039627
0.0055179
0.0061354
0.0078044
0.0087463
0.0089514
0.0089293
0.0085354
0.0071547
0.0060303
0.0062765
0.0062037
0.0073072
0.0091949
0.010164
0.010802
0.012116
0.013383
0.013549
0.013778
0.012928
0.012634
0.013384
0.013619
0.013248
0.014316
0.016735
0.016913
0.017284
0.018514
0.018408
0.017213
0.015741
0.014109
0.012073
0.010338
0.0077812
0.0053939
0.0039651
0.0019929
0.00042912
2.6958e-05
0.0010561
0.0029617
0.0050898
0.0075183
0.010752
0.014084
0.016189
0.017446
0.017755
0.017519
0.016948
0.015593
0.013478
0.011551
0.010877
0.010008
0.0081813
0.0056279
0.0034668
0.0019342
0.00013918
-0.0023358
-0.0044003
-0.0039276
-0.0030472
-0.0036718
-0.0033334
-0.0013029
0.00016013
-0.00023042
-0.0010551
-0.0008691
-0.0014979
-0.0045037
-0.0076903
-0.0086605
-0.010894
-0.013898
-0.014512
-0.014032
-0.014036
-0.01454
-0.013767
-0.01181
-0.010421
-0.00962
-0.008519
-0.0070456
-0.0067263
-0.0074827
-0.0085471
-0.0088191
-0.0093173
-0.01085
-0.011044
-0.010315
-0.010366
-0.010439
-0.0082853
-0.0070185
-0.0071981
-0.0070185
-0.0057777
-0.0049189
-0.0046088
-0.005555
-0.0064829
-0.0068687
-0.0067488
-0.0063995
-0.0062766
-0.0054925
-0.0051789
-0.0057821
-0.0060063
-0.0056313
-0.0054073
-0.0055444
-0.0059211
-0.0069944
-0.0072955
-0.0065775
-0.0063474
-0.0064236
-0.0048759
-0.0011929
0.0017765
0.0033441
0.0050808
0.0065171
0.0069568
0.0056701
0.0051259
0.0046742
0.0032321
0.0021676
0.0026754
0.0031386
0.0026395
0.0021815
0.0027155
0.0040986
0.0045421
0.0049858
0.0050547
0.0047782
0.0048899
0.0056316
0.0069347
0.0068492
0.0055879
0.0039835
0.0028802
0.0025286
0.0025387
0.0014444
0.0015701
0.0032255
0.0030817
0.0025924
0.0031557
0.0024034
0.0013758
0.00013376
-0.0018052
-0.0047652
-0.0074899
-0.0095698
-0.0113
-0.011809
-0.011326
-0.011513
-0.012236
-0.012421
-0.011495
-0.009571
-0.0082254
-0.0081134
-0.0079658
-0.0060901
-0.0049241
-0.005661
-0.0052645
-0.0029556
-0.0020545
-0.0023907
-0.0018971
-0.0016245
-0.0018194
-0.0027175
-0.0052179
-0.0083538
-0.010612
-0.012515
-0.014332
-0.016245
-0.01753
-0.01695
-0.016568
-0.016447
-0.015954
-0.015313
-0.01382
-0.01309
-0.013848
-0.01414
-0.013555
-0.013229
-0.013433
-0.013666
-0.013666
-0.014618
-0.015332
-0.014708
-0.0144
-0.0148
-0.01495
-0.013679
-0.012732
-0.012471
-0.01214
-0.011283
-0.010525
-0.0098083
-0.0091916
-0.0084656
-0.007934
-0.0071881
-0.0064507
-0.0057256
-0.0055116
-0.0058834
-0.0058764
-0.0055408
-0.0054231
-0.0054641
-0.0054906
-0.0054941
-0.0052245
-0.0040726
-0.0036287
-0.0043197
-0.0045442
-0.0040996
-0.0041524
-0.0055148
-0.006009
-0.0051789
-0.004572
-0.0038867
-0.0038865
-0.00403
-0.0028273
-0.0028016
-0.0046154
-0.005227
-0.0057634
-0.0072656
-0.0083191
-0.0082248
-0.0089439
-0.0094671
-0.0087729
-0.0075053
-0.0077401
-0.0081736
-0.0068692
-0.0063078
-0.0074096
-0.0087818
-0.0083613
-0.0068448
-0.0059192
-0.0061187
-0.0056774
-0.0048419
-0.0038568
-0.0040848
-0.0046086
-0.0042777
-0.0038689
-0.00396
-0.0041433
-0.0041121
-0.0040049
-0.0033576
-0.0021907
-0.001846
-0.0014434
-0.0014231
-0.0007252
0.00047447
0.001096
0.00231
0.0038656
0.0042316
0.0034899
0.003505
0.0042006
0.0042746
0.0022828
-0.00054361
-0.0012739
-0.0014055
-0.0029552
-0.0051523
-0.0066717
-0.0085802
-0.010287
-0.0090063
-0.0085592
-0.010353
-0.0097249
-0.0079307
-0.0061826
-0.0043297
-0.002384
0.00030723
0.0020014
0.00245
0.0026206
0.0037434
0.0048993
0.0056482
0.0062464
0.006957
0.0075316
0.0082721
0.0088935
0.0096922
0.0099714
0.0095576
0.0097825
0.010998
0.010354
0.0091498
0.0093571
0.0085581
0.0070739
0.0079962
0.008338
0.0084506
0.0090404
0.010332
0.011837
0.012539
0.012024
0.01177
0.012645
0.014243
0.014202
0.013274
0.013315
0.014294
0.015558
0.015356
0.014568
0.014692
0.015174
0.014609
0.013279
0.012881
0.012533
0.012613
0.012821
0.013214
0.013475
0.012156
0.011863
0.012126
0.010547
0.0086041
0.0069544
0.0044034
0.0021941
0.0021192
0.0024425
0.001709
0.0028494
0.0048545
0.0058793
0.0071732
0.010222
0.012735
0.012568
0.011577
0.011933
0.011988
0.010271
0.0085396
0.0077545
0.0076603
0.0071549
0.0060886
0.0061055
0.0065788
0.0073211
0.0079766
0.0074805
0.0070016
0.0072799
0.0068205
0.0057721
0.0060059
0.0057503
0.0046216
0.0047002
0.0052544
0.0051138
0.0047478
0.0047499
0.0049677
0.0058137
0.0066365
0.0061557
0.0056714
0.0060701
0.0074918
0.0082553
0.0073897
0.0070456
0.0086281
0.0096525
0.0087768
0.0082481
0.0087556
0.0090261
0.0077912
0.0068307
0.006355
0.0050137
0.0045953
0.0042701
0.0035287
0.003655
0.0040975
0.0062695
0.0096658
0.0098968
0.0099977
0.011664
0.012924
0.014249
0.014516
0.013852
0.013984
0.0156
0.01643
0.015591
0.014857
0.013916
0.012525
0.011566
0.011447
0.009418
0.0068664
0.0058153
0.0040155
0.0023232
0.0027665
0.0034465
0.0028523
0.0024374
0.0036627
0.0045877
0.0053114
0.006516
0.0068148
0.0070255
0.0066737
0.0072551
0.0079666
0.0065423
0.005699
0.0066017
0.0070601
0.0065576
0.0062404
0.0064223
0.0063218
0.0048621
0.0032285
0.003582
0.0042991
0.0029183
0.0016803
0.0011924
0.00095603
0.00017328
-0.00027622
-0.00016528
-0.0012641
-0.0019796
-0.0013577
-0.001054
-0.0014694
-0.0017163
-0.0015672
-0.0014462
-0.0018202
-0.0031073
-0.0037327
-0.004036
-0.0039926
-0.0039036
-0.0036758
-0.0022373
-0.00048526
0.00014873
-0.00016545
0.00069472
0.0021713
0.0042088
0.0045758
0.0050748
0.0064784
0.0065556
0.0059473
0.0061343
0.0062083
0.0050525
0.0043663
0.0033885
0.0022412
0.0025464
0.0031282
0.002778
0.0022878
0.0023375
0.0025513
0.0025484
0.0024544
0.0020345
0.00089918
0.00087343
0.001587
0.0015571
0.0010953
0.0010148
0.0016194
0.0032623
0.0043913
0.0036628
0.0029908
0.0035017
0.0040406
0.0035096
0.0020928
0.001678
0.0013075
0.00073825
-0.00064189
-0.0024543
-0.0038716
-0.0041056
-0.003482
-0.0035176
-0.0041334
-0.004327
-0.0034889
-0.0016498
-0.00020166
0.00062898
0.001061
0.0019674
0.0041497
0.004768
0.0048588
0.0048354
0.0048847
0.0051045
0.0045958
0.0033399
0.0029103
0.0018876
0.00080028
0.0007291
0.00010855
-0.00078756
-0.0017407
-0.0015244
-0.0010644
-0.0019126
-0.0033882
-0.0031315
-0.0029314
-0.0048737
-0.0063251
-0.0054169
-0.0052748
-0.0069983
-0.007317
-0.0064723
-0.0063759
-0.00616
-0.0052265
-0.0053935
-0.0059387
-0.005757
-0.0061423
-0.0070842
-0.0068256
-0.0055323
-0.0048147
-0.0055458
-0.0060452
-0.0057033
-0.0053964
-0.0063592
-0.0083085
-0.0096706
-0.011294
-0.013372
-0.01438
-0.014461
-0.014976
-0.015264
-0.013423
-0.01159
-0.010972
-0.010273
-0.0095336
-0.008847
-0.0081254
-0.009087
-0.010261
-0.0096293
-0.0097563
-0.01108
-0.011052
-0.010347
-0.0095151
-0.008063
-0.0066156
-0.0056829
-0.0044439
-0.0016176
0.0015744
0.0027428
0.0030178
0.0055111
0.0072723
0.0071618
0.007209
0.0064576
0.0057897
0.004253
0.0020374
0.0010307
-0.00084988
-0.0041636
-0.005857
-0.0060303
-0.0073124
-0.0092383
-0.008496
-0.0068478
-0.0063787
-0.0055196
-0.0040209
-0.0016796
-0.00089538
-0.0010193
0.00055572
0.00047298
-0.0010656
-0.0018867
-0.0027686
-0.0040431
-0.0054989
-0.0078579
-0.0098406
-0.010337
-0.010126
-0.010051
-0.01041
-0.0096132
-0.0076336
-0.0061896
-0.0044337
-0.0036307
-0.0036158
-0.0029657
-0.001793
-0.0021938
-0.003463
-0.0030209
-0.0022368
-0.0024425
-0.0028726
-0.0027091
-0.0016205
-0.00077578
-0.0014322
-0.0019223
-0.0014347
-0.0010754
-0.0012483
-0.0013577
-0.00045117
0.0005856
0.00015946
-0.00037574
0.00068137
0.0020312
0.0024461
0.0027104
0.0034542
0.0051723
0.0058873
0.0058669
0.0065128
0.0067948
0.0075505
0.0085707
0.0082371
0.0076548
0.0070963
0.0065787
0.0069341
0.0064474
0.0051898
0.0044781
0.0041751
0.0045673
0.0046365
0.0033225
0.0013365
0.0010818
0.0014704
-9.7355e-05
-0.0022242
-0.0027256
-0.0024274
-0.0033788
-0.003671
-0.0025761
-0.00089667
-0.00032843
-0.00058475
0.00018422
0.0005308
-0.00036171
-0.0014768
-0.001596
-0.002599
-0.004359
-0.0050264
-0.0042552
-0.0040268
-0.0052599
-0.0066973
-0.0062686
-0.0060493
-0.007434
-0.0083371
-0.0081927
-0.0073566
-0.0084522
-0.0096853
-0.010302
-0.010415
-0.01114
-0.011852
-0.012646
-0.013028
-0.013329
-0.012268
-0.011885
-0.012687
-0.012546
-0.010496
-0.0089914
-0.0098514
-0.010717
-0.010156
-0.0095164
-0.0096433
-0.0099272
-0.0098955
-0.010141
-0.011071
-0.010403
-0.010404
-0.011228
-0.010002
-0.0087896
-0.0084095
-0.0082714
-0.0071975
-0.0055657
-0.0055963
-0.0064419
-0.0062811
-0.0056673
-0.0058763
-0.007333
-0.007863
-0.0081493
-0.0098561
-0.01149
-0.011275
-0.010322
-0.0093748
-0.0082614
-0.0082658
-0.0078401
-0.0058925
-0.0053241
-0.0062125
-0.0053146
-0.0050313
-0.0062876
-0.0061968
-0.0054518
-0.0055679
-0.0068137
-0.0077921
-0.0079754
-0.0083254
-0.0082468
-0.0080562
-0.0074263
-0.0066658
-0.0062588
-0.0056768
-0.0041132
-0.0024493
-0.0031358
-0.0032068
-0.001593
-0.0019171
-0.0037999
-0.0042175
-0.0048867
-0.0071612
-0.0097409
-0.010568
-0.010466
-0.010911
-0.012326
-0.011889
-0.010136
-0.0098485
-0.009234
-0.0082069
-0.0083866
-0.0084401
-0.0073849
-0.0081194
-0.0093378
-0.0099365
-0.0095221
-0.0090983
-0.0093964
-0.010175
-0.011307
-0.011597
-0.012081
-0.012297
-0.012013
-0.012225
-0.013434
-0.012815
-0.011525
-0.011762
-0.011076
-0.0090561
-0.0073905
-0.0056797
-0.0050205
-0.0037647
-0.0023254
-4.5905e-05
0.0028303
0.0029186
0.0027529
0.0047038
0.0055675
0.0047359
0.0045188
0.0048326
0.0038639
0.0032508
0.0036607
0.0029012
0.0021216
0.002204
0.0013704
0.00050929
-0.00038674
-0.0017101
-0.0017408
-0.0012666
-0.0022556
-0.0019825
-0.0009598
-0.0013262
-0.0016364
-0.00022495
0.00048264
-0.00016598
0.0006066
0.0015851
0.0010951
0.00064343
0.0010592
0.0013379
0.0012004
0.0010478
0.0011391
0.0012597
0.0014678
0.0025255
0.0031605
0.0035982
0.004054
0.0049851
0.0056435
0.0065573
0.008026
0.0083354
0.0089409
0.010632
0.010901
0.010283
0.011346
0.012314
0.011851
0.011388
0.011922
0.013442
0.013757
0.013091
0.01404
0.014955
0.014441
0.014056
0.014408
0.014935
0.016188
0.017806
0.018696
0.018361
0.0191
0.021231
0.020614
0.018779
0.019291
0.020242
0.018948
0.017808
0.018542
0.01908
0.018634
0.018369
0.01958
0.020434
0.019685
0.019146
0.018547
0.018189
0.018625
0.017692
0.016476
0.015856
0.014639
0.014281
0.014887
0.013864
0.012619
0.013143
0.013722
0.013313
0.012102
0.012082
0.012888
0.012778
0.012376
0.011361
0.010595
0.0094114
0.0081103
0.0070749
0.005893
0.004432
0.002396
6.2256e-05
-0.00096087
-0.0016711
-0.0031506
-0.004915
-0.0056097
-0.0049467
-0.0042173
-0.0032591
-0.0015694
0.00033517
0.00068812
0.00284
0.0067071
0.0093946
0.011253
0.012921
0.013476
0.015254
0.016888
0.019028
0.020546
0.020786
0.020782
0.022046
0.022885
0.022092
0.020153
0.017609
0.016447
0.016209
0.014884
0.012673
0.010175
0.0089013
0.0084421
0.0081168
0.007033
0.0050759
0.0046469
0.0045186
0.0037369
0.0026357
0.0010982
0.00082884
0.00070806
-0.0010605
-0.0030117
-0.003935
-0.0039668
-0.0044601
-0.0056132
-0.0056519
-0.0059718
-0.0061944
-0.0050472
-0.0031396
-0.00014265
0.0021834
0.0037425
0.006256
0.009361
0.012113
0.014511
0.015758
0.014969
0.014654
0.01498
0.013786
0.012543
0.012682
0.011771
0.010107
0.0099165
0.0095715
0.0088
0.0076756
0.0076417
0.0082183
0.007863
0.0063189
0.005657
0.0054286
0.0050487
0.0040858
0.0034356
0.0028609
0.0023631
0.0025833
0.001689
0.00064169
0.00025403
-0.00107
-0.0019727
-0.0022268
-0.0036594
-0.0053069
-0.0056577
-0.0048846
-0.0047833
-0.0048062
-0.0039411
-0.0039564
-0.0040513
-0.0026861
-0.0022745
-0.0030318
-0.0031641
-0.0026855
-0.0022729
-0.001345
-0.00081908
-0.0003385
-0.00010712
-0.00039579
-0.00040002
-9.2518e-06
0.0012517
0.0029657
0.0029512
0.0018228
0.0010661
0.0009788
0.0023701
0.0025987
0.00010699
-0.001182
-0.0011415
-0.0026948
-0.0029389
-0.0027136
-0.0045254
-0.0061214
-0.0058505
-0.0062143
-0.0067296
-0.0070301
-0.0078431
-0.0069054
-0.0058148
-0.0053623
-0.0052719
-0.0042725
-0.0026475
-0.0023994
-0.0022127
-0.0015408
-0.0015966
-0.0017957
-0.0015335
-0.00042692
0.0003732
-0.00018749
0.0001698
0.0023941
0.0039999
0.0038466
0.0036829
0.004948
0.0053253
0.0041708
0.0025005
0.0011515
-0.0013091
-0.0043151
-0.0066638
-0.0087701
-0.010711
-0.01201
-0.012916
-0.013107
-0.012692
-0.011596
-0.010234
-0.0082336
-0.0074802
-0.0074846
-0.0058472
-0.0049286
-0.0056812
-0.0070131
-0.0071562
-0.0062097
-0.0071057
-0.0084071
-0.0079112
-0.007224
-0.0074069
-0.0066919
-0.0048694
-0.00453
-0.005475
-0.0055717
-0.0049713
-0.0055744
-0.0067029
-0.0063451
-0.0056725
-0.0058036
-0.0052887
-0.0026554
-0.0010082
-0.0015815
-0.0013983
-6.7163e-05
0.00015505
-0.0012917
-0.0013375
-0.0011866
-0.0020411
-0.0029964
-0.0035668
-0.0030817
-0.0018641
-0.00051178
0.00028227
0.00060416
0.00085977
0.0018988
0.0020718
0.0010112
-0.00068556
-0.0013187
-0.00093746
-0.0010621
-0.0010222
-0.0016096
-0.0014938
-0.002228
-0.0025682
-0.0020942
-0.0025443
-0.0040016
-0.004051
-0.0039435
-0.0050898
-0.0052917
-0.0042907
-0.0031289
-0.0039375
-0.0060046
-0.0062938
-0.0062602
-0.0067542
-0.0079565
-0.008132
-0.007135
-0.0055547
-0.0038516
-0.0018877
-0.00087981
-0.00011833
0.00089521
0.00097109
0.00069377
0.00053798
-0.00029659
-0.00080232
-0.0014867
-0.0015288
-0.0010606
-0.0011591
-0.0016414
-0.0017233
-0.0014942
-0.0014364
-0.001543
-0.0015825
-0.0015393
-0.0012639
-0.00016402
0.00018306
-0.00026939
0.00043008
0.00037729
0.00060717
0.0013375
0.0011537
0.00078198
0.00092603
0.001162
0.0014054
0.0025024
0.0028922
0.002489
0.0035053
0.0041491
0.0040357
0.0050706
0.0054836
0.0048917
0.0043303
0.0030544
0.0015744
0.00099307
0.00075739
-0.0013322
-0.0019416
-0.001266
-0.0028811
-0.004981
-0.0043239
-0.0032245
-0.0030513
-0.0025871
-0.0027362
-0.0025232
-0.0012141
-0.00047452
5.7351e-05
0.00044705
0.0012618
0.0012752
0.00090101
0.00098569
0.00040588
-0.0013206
-0.0019973
-0.0019281
-0.0025846
-0.0035762
-0.0042877
-0.0039235
-0.0036122
-0.003927
-0.0042018
-0.0041146
-0.0039028
-0.0029458
-0.0021535
-0.0026338
-0.0020088
0.00013837
0.00057361
-0.00062136
-0.00076374
1.2828e-05
0.00015225
-0.0012913
-0.0022535
-0.0024405
-0.0025698
-0.0013404
-0.00063678
-0.0015913
-0.0018232
-0.00017839
0.00052889
-0.00011382
0.00068517
0.0013965
-0.00014273
-0.00094048
-0.00025826
-0.0011924
-0.0031628
-0.0033735
-0.0037835
-0.0051581
-0.004573
-0.0039535
-0.0023765
-0.0013689
-0.00017869
0.00023477
0.0011563
0.002708
0.0030937
0.0036199
0.0038311
0.0036739
0.0037484
0.0033563
0.0022875
0.0024329
0.002425
0.0010647
0.00029232
-0.00010223
0.0001245
0.00033661
5.0578e-05
-0.00091021
-0.0019276
-0.0021559
-0.0026569
-0.0034257
-0.004114
-0.0038378
-0.0035544
-0.0038384
-0.0041
-0.0040256
-0.0038349
-0.0029576
-0.0031829
-0.003376
-0.0023495
-0.0023159
-0.0027449
-0.0016357
-0.00063801
-0.0013105
-0.0017099
-0.0001491
0.0011887
0.0016729
0.0025909
0.0027584
0.0025361
0.003847
0.0046883
0.0039775
0.0035269
0.0039584
0.0040319
0.0026244
0.0017977
0.0010545
1.8154e-05
0.00019868
0.0003038
-0.0011967
-0.0017728
-0.0010176
-0.0012056
-0.0023732
-0.0020109
-0.0023355
-0.0027526
-0.0025031
-0.0023702
-0.0032119
-0.0045179
-0.0041864
-0.0034111
-0.0036385
-0.0041437
-0.0042512
-0.004993
-0.0067275
-0.0079804
-0.007148
-0.0064063
-0.0079805
-0.0095271
-0.0098428
-0.009897
-0.010706
-0.011893
-0.012351
-0.011667
-0.011548
-0.012024
-0.011143
-0.010236
-0.010819
-0.010195
-0.0088944
-0.0081642
-0.0081572
-0.0086608
-0.0082822
-0.0069542
-0.0076705
-0.0091897
-0.0097926
-0.0094391
-0.0092494
-0.010679
-0.011456
-0.010695
-0.010769
-0.012421
-0.012719
-0.0114
-0.010117
-0.010173
-0.0093689
-0.0074027
-0.0057936
-0.0055114
-0.0055258
-0.0037292
-0.0021842
-0.0022175
-0.0017943
-0.00089447
0.00015848
2.164e-05
0.00033967
0.0014606
0.001379
0.00084317
0.0010477
0.0013592
0.00048035
-0.00058148
-0.0012605
-0.0026118
-0.0029239
-0.003225
-0.004015
-0.0038323
-0.0036101
-0.0048407
-0.004724
-0.0033651
-0.0046051
-0.0059739
-0.0051996
-0.0044757
-0.0048906
-0.0050679
-0.0038176
-0.0032594
-0.004016
-0.0042772
-0.0038085
-0.0031348
-0.002043
-0.0021244
-0.0028447
-0.0027605
-0.0018348
-0.00050378
-0.00017314
0.00019864
0.00013257
-0.00013405
-0.00043982
-0.000666
-3.539e-06
-0.000793
-0.00076529
0.00086748
0.0017046
0.0017117
0.002151
0.0030782
0.002898
0.0025087
0.0026902
0.0029211
0.0028252
0.001827
0.001995
0.0023086
0.001363
0.0012603
0.0017422
0.0017318
0.0015401
0.0025613
0.0033679
0.0029539
0.003929
0.0058965
0.0057915
0.0046627
0.0047763
0.0055754
0.005699
0.004939
0.0036119
0.0036466
0.0040636
0.0028451
0.0022868
0.002929
0.003086
0.0026139
0.0021141
0.0011375
0.000531
4.1837e-05
-0.00040953
-0.0013541
-0.0013507
-0.0008801
-0.00037686
0.00045233
0.00012678
-0.00046734
0.001316
0.0047782
0.0049131
0.0037858
0.0047623
0.0064573
0.0071816
0.0064893
0.0060747
0.0056437
0.0049952
0.0052578
0.0046126
0.0037174
0.0040686
0.0044667
0.0041665
0.0038177
0.0039188
0.0041836
0.0052051
0.0058043
0.0051166
0.0047897
0.0052306
0.005502
0.0053292
0.0051305
0.0052254
0.0052833
0.0049393
0.0041175
0.004998
0.0058904
0.0052786
0.0047623
0.005515
0.0074986
0.0086083
0.0081253
0.0086325
0.0097543
0.010778
0.0105
0.0093733
0.0084592
0.008406
0.007955
0.0078713
0.0074745
0.0062322
0.0062325
0.0068504
0.0066816
0.0062142
0.0053922
0.0046104
0.0042465
0.0037915
0.003884
0.0032311
0.002043
0.0022309
0.0028415
0.0027323
0.0023083
0.0022122
0.0024069
0.0025733
0.0035475
0.0042893
0.0047656
0.0051582
0.0048383
0.0049784
0.0064251
0.0072129
0.0075063
0.0076069
0.0073892
0.0074465
0.0074602
0.0064124
0.0057011
0.0052558
0.0046604
0.0036717
0.0036051
0.0040978
0.0035709
0.0019984
0.0019241
0.0028187
0.0028246
0.0018716
0.00059203
0.00080128
0.002203
0.0031856
0.0024565
0.0023749
0.0045274
0.0059442
0.0049222
0.0041237
0.00395
0.0034988
0.0028686
0.0022662
0.0024696
0.001882
0.00070448
0.0008702
0.00062669
-0.00046672
-0.0004854
-0.0010852
-0.0020598
-0.0028251
-0.0042741
-0.0057201
-0.0056936
-0.0049262
-0.0051247
-0.0056651
-0.0044886
-0.0021178
-0.0011106
-0.001715
-0.0010809
0.00046415
0.0024959
0.0028778
0.001948
0.0032468
0.0056442
0.0055722
0.0047266
0.005622
0.0052827
0.0046186
0.0050095
0.004876
0.0030368
0.0016499
0.0018759
0.00075051
-0.00071221
-0.00084877
-0.0019895
-0.0027089
-0.0011373
-0.00078039
-0.001877
-0.0021646
-0.0016203
-0.0014098
-0.001628
-0.0017387
-0.0016514
-0.0015967
-0.0016318
-0.001659
-0.0016456
-0.0015617
-0.00057253
0.00030194
0.00080842
0.0023003
0.0038182
0.0038093
0.0041656
0.0051496
0.0050481
0.0047105
0.0049232
0.0051869
0.0051334
0.0050113
0.0050237
0.005078
0.0050755
0.0047766
0.003826
0.0043149
0.0040057
0.0019141
0.0017921
0.0021159
-0.00035609
-0.0011585
0.00026734
0.000609
-0.00028353
-0.00064122
-0.00028466
-8.5578e-05
-0.00022226
-0.00031962
-0.00026676
-0.00022044
-0.00024107
-0.00026359
-0.00023398
0.00049452
0.0023556
0.0029668
0.0019482
0.0024689
0.0040836
0.0039627
0.0031931
0.0033345
0.0037293
0.0028162
0.0019837
0.0036223
0.0047073
0.0036874
0.0041824
0.0055055
0.0051667
0.0045608
0.0048377
0.0054804
0.0062726
0.0055886
0.0056522
0.0066336
0.0067973
0.0074406
0.0078934
0.0074569
0.0072811
0.0076451
0.0079139
0.0077976
0.0076521
0.0076976
0.0073608
0.006174
0.0061083
0.0068411
0.0068085
0.0056852
0.0044088
0.0048634
0.005635
0.0053533
0.0048306
0.0042608
0.0033794
0.0036211
0.0041251
0.003861
0.0035003
0.0035506
0.0036976
0.0036835
0.0036218
0.00286
0.0019545
0.0023117
0.0028585
0.0025945
0.0021524
0.0022108
0.0025089
0.0035515
0.0041384
0.0034406
0.0031177
0.0033086
0.0024596
0.0014374
-0.0002163
-0.00097949
-0.0014054
-0.0030319
-0.0048505
-0.0062839
-0.006551
-0.0053482
-0.0058595
-0.0059714
-0.0055484
-0.0057001
-0.0054479
-0.0040318
-0.0038509
-0.0046643
-0.0040987
-0.0024784
-0.0025822
-0.0028512
-0.0016338
-0.0013527
-0.0019853
-0.0020811
-0.0025093
-0.0033093
-0.0030073
-0.0025485
-0.0027942
-0.0031285
-0.0030789
-0.0029298
-0.0029393
-0.0030061
-0.0031021
-0.0041322
-0.0049157
-0.0053734
-0.0058416
-0.0065875
-0.007147
-0.006966
-0.0079496
-0.0087226
-0.0081706
-0.0078415
-0.0082192
-0.0084737
-0.0083424
-0.0082188
-0.0078511
-0.0062865
-0.0049721
-0.0056429
-0.0064098
-0.0059255
-0.0058314
-0.0072008
-0.0080215
-0.0083436
-0.0080768
-0.0085114
-0.009917
-0.0099114
-0.0092
-0.0099851
-0.010738
-0.010317
-0.010924
-0.011216
-0.010854
-0.010775
-0.011095
-0.012244
-0.012911
-0.012106
-0.011737
-0.012241
-0.012633
-0.013511
-0.013952
-0.012265
-0.011288
-0.012401
-0.012767
-0.011064
-0.010294
-0.011212
-0.011325
-0.0096778
-0.0090426
-0.010369
-0.011854
-0.011355
-0.010818
-0.012727
-0.014503
-0.013662
-0.013236
-0.01512
-0.016253
-0.016415
-0.015999
-0.015838
-0.016113
-0.016393
-0.016429
-0.01619
-0.015286
-0.01443
-0.014046
-0.013625
-0.013796
-0.013962
-0.013643
-0.01244
-0.011717
-0.012462
-0.012696
-0.011123
-0.010177
-0.011058
-0.01154
-0.010745
-0.0089392
-0.0076202
-0.0081995
-0.0087741
-0.0072565
-0.0062664
-0.006602
-0.0058632
-0.0053829
-0.0058122
-0.0059477
-0.0056253
-0.0054829
-0.0056066
-0.0056811
-0.0056335
-0.0055977
-0.0056165
-0.0056537
-0.0062547
-0.007348
-0.007106
-0.0064453
-0.0066324
-0.0070124
-0.0061745
-0.0050368
-0.0045837
-0.0032164
-0.0023485
-0.0010532
0.00028474
0.0016465
0.0025673
0.0019457
0.003047
0.0054996
0.005516
0.0042198
0.0043201
0.0051498
0.0052682
0.0049251
0.0048442
0.0049878
0.0050332
0.0049726
0.0049477
0.0049722
0.0049846
0.0049741
0.0049659
0.0049244
0.0048877
0.0049425
0.0048898
0.004888
0.0048929
0.0039796
0.0030448
0.0035636
0.004099
0.0037582
0.0034827
0.0047115
0.0056183
0.0049386
0.0055284
0.0067873
0.0074943
0.0076492
0.0072298
0.0072118
0.0075778
0.0074514
0.0062005
0.0055207
0.0054231
0.0063864
0.0069795
0.0057856
0.0040738
0.0044139
0.0055206
0.0054545
0.0042819
0.0028822
0.0032962
0.0041507
0.0033005
0.0016448
0.0018995
0.0028033
0.0026305
0.0020879
0.0021357
0.0032035
0.0041181
0.0035458
0.0030754
0.0042697
0.0047064
0.0030838
0.002032
0.0020621
0.0026689
0.0027808
0.0023908
0.0021739
0.0022966
0.0024123
0.0024701
0.0034769
0.004172
0.0034042
0.0019767
0.0017049
0.002604
0.0027932
0.0022661
0.0020434
0.0022254
0.0023313
0.0022586
0.0022065
0.0022344
0.0022597
0.0026948
0.0039502
0.0044025
0.0047963
0.0048541
0.0050729
0.006839
0.0082224
0.0080218
0.0085667
0.0089118
0.0080283
0.0068577
0.0073605
0.0075344
0.0061064
0.0052309
0.0048419
0.0051026
0.0046717
0.0031466
0.0023221
0.0022116
0.0026566
0.0027503
0.0023538
0.0021584
0.0022938
0.0023334
0.0022148
0.0022021
0.0023548
0.0035142
0.0053029
0.0053371
0.0042375
0.0042907
0.0051435
0.0063579
0.0066451
0.0048903
0.0049072
0.0059096
0.006097
0.0050868
0.0043504
0.0049396
0.0053528
0.0050286
0.0047588
0.004612
0.0038747
0.0042537
0.0035626
0.0016992
0.0019751
0.0025876
0.0010649
-6.2839e-05
-0.00045052
-0.00021425
3.5826e-05
-0.00020935
-0.0010252
-0.0022952
-0.0020344
-0.0012399
-0.001424
-0.0018933
-0.0018209
-0.0016193
-0.0016471
-0.0017279
-0.0017118
-0.0016719
-0.0016568
-0.0010681
3.301e-05
-0.00020392
-0.00084895
-5.7361e-05
0.0014811
0.0012127
-0.00022938
-0.0005697
0.00068847
1.4211e-05
-0.00081866
-0.00044822
-0.00074957
-0.0021714
-0.0020668
-0.0011869
-0.0013161
-0.0018652
-0.0018304
-0.00075232
0.00017283
-0.00040252
-0.00094006
-0.00058103
-0.0002047
-0.00030243
-0.00047473
-0.00050395
-0.0012605
-0.002164
-0.0017883
-0.0013398
-0.0023751
-0.002858
-0.0013918
-0.001144
-0.0020825
-0.0021653
-0.0016538
-0.0023354
-0.0026483
-0.0012773
-0.0002197
-5.4872e-05
-0.00065961
-0.00079065
-0.00034546
-0.00013004
-0.00027632
-0.00038128
-0.00032702
-0.00027794
-0.00029899
-0.00032268
-0.00031557
-0.0003051
-0.00030809
-0.0003135
-0.00031308
-0.00031117
-0.00031169
-0.00031275
-0.00021789
0.00093611
0.0026771
0.0026637
0.001736
0.0019176
0.0038842
0.0058159
0.0054583
0.0042862
0.0045189
0.0053171
0.0053911
0.0050646
0.0049882
0.005043
0.0050406
0.0050335
0.0050307
0.0050196
0.0050107
0.0050105
0.0050112
0.0050073
0.0047481
0.0033755
0.001902
0.0022559
0.0031333
0.0025708
0.00072836
0.00033012
0.0013619
0.0013156
-0.00040328
-0.0009784
0.00049248
0.0030852
0.0032727
0.0018057
0.0030469
0.00566
0.0058822
0.0059301
0.0076634
0.0081953
0.0073125
0.0069604
0.0062175
0.0049348
0.0050514
0.0058782
0.005335
0.0031258
0.0017265
0.0027569
0.0036368
0.0030671
0.002428
0.0025749
0.002949
0.0029261
0.0027693
0.0024121
0.0012811
0.0013173
0.0017332
0.00054789
7.3656e-05
0.00072968
0.00090988
0.0010243
0.0021194
0.0022543
0.0015863
0.001665
0.002154
0.0027161
0.0037628
0.0037049
0.0030411
0.0031996
0.003655
0.0036824
0.00357
0.0035519
0.0036015
0.0032556
0.0020749
0.0021527
0.002946
0.002922
0.0028333
0.0034149
0.0030463
0.0030438
0.0024704
0.0023339
0.0027517
0.0028416
0.002646
0.0025165
0.0019761
0.00096479
0.0011416
0.00053795
-0.0017947
-0.0016581
-0.00091585
-0.0016365
-0.0011958
-0.00078885
-0.0011409
-0.00073142
0.00061044
0.00052792
0.00034879
0.0015056
0.0017535
0.0017366
0.0033636
0.0046232
0.0038069
0.0031299
0.0036686
0.0041392
0.0033706
0.0014701
0.00066673
0.001689
0.0014203
-0.00039814
-0.0012329
-0.0012669
-0.0008348
-0.00065182
-0.00025738
0.0011187
0.0017281
0.00092087
0.0006226
0.0012364
0.0023056
0.002921
0.0023699
0.0027233
0.0039483
0.0038598
0.0031701
0.0032002
0.002843
0.0019112
0.0013696
0.000934
0.00016961
-0.000485
-0.00096419
-0.00038263
0.00050657
-4.0098e-05
-0.00056233
0.0007201
0.001727
0.0009661
0.00034537
-0.00024833
-0.00056817
-5.2289e-05
0.00012266
-0.00026303
-0.00047352
-0.00035328
-0.000264
-0.00039964
-0.0013316
-0.0019521
-0.0014094
-0.0010755
-0.0016541
-0.0028911
-0.0027946
-0.0010325
-0.00066166
-0.001765
-0.0020363
-0.0014495
-0.0012224
-0.0014561
-0.0018023
-0.0026878
-0.0029553
-0.0026476
-0.0034464
-0.0040768
-0.0037092
-0.0034614
-0.0036328
-0.0038013
-0.0041134
-0.0054659
-0.0062509
-0.0049242
-0.0052476
-0.0062907
-0.0060992
-0.0056317
-0.0057323
-0.0059801
-0.0060054
-0.0058768
-0.0061354
-0.0071023
-0.0072063
-0.0069455
-0.0078596
-0.0082217
-0.0080239
-0.0092165
-0.010586
-0.010085
-0.0092775
-0.0095774
-0.010068
-0.0099676
-0.0096841
-0.0096383
-0.0096915
-0.0096476
-0.0095355
-0.0089474
-0.0079558
-0.0081144
-0.0081503
-0.007051
-0.0068316
-0.0073179
-0.0068013
-0.005524
-0.0051351
-0.0048985
-0.0049567
-0.0050481
-0.00485
-0.0046476
-0.0046452
-0.0046912
-0.0046714
-0.005049
-0.005814
-0.0056508
-0.0052018
-0.0052809
-0.0055194
-0.0054923
-0.0053012
-0.004609
-0.0039357
-0.0042769
-0.00462
-0.0043835
-0.0047181
-0.0054694
-0.0058264
-0.0060516
-0.0058337
-0.005679
-0.0058374
-0.0059413
-0.0058404
-0.0057249
-0.0056958
-0.0056803
-0.0056279
-0.0055667
-0.0055209
-0.0054797
-0.0054319
-0.0053813
-0.0053331
-0.0052023
-0.0039379
-0.0025999
-0.0032537
-0.003964
-0.0033258
-0.0011799
-0.00025141
-0.0015109
-0.0019995
-0.0012113
-0.00076844
-0.0010212
-0.0012015
-0.0010199
-0.00086443
-0.00091993
-0.00096456
-0.00090618
-0.00084882
-0.00084591
-0.00089875
-0.00090452
-0.00078696
-0.000768
-0.00084691
-0.00082261
-0.00074881
-0.00066361
5.0372e-05
0.00052554
7.7821e-05
-8.1547e-05
0.00099393
0.0016014
0.0003468
0.00035415
0.0015908
0.0015677
0.00094452
0.00096438
0.0012939
0.0013315
0.001198
0.0011793
0.0012448
0.001266
0.0012469
0.0012444
0.0012608
0.0012714
0.0014352
0.0019867
0.0015053
0.00083236
0.0011849
0.0015841
0.0014181
0.0011989
0.0012527
0.0013605
0.0013529
0.0013125
0.0013203
0.0013459
0.0013515
0.0013482
0.0015078
0.0021932
0.0025604
0.0027955
0.0028999
0.0027364
0.0027378
0.0028974
0.0029402
0.0028676
0.0028286
0.0029925
0.0038493
0.0047791
0.0044354
0.003841
0.0040514
0.0044314
0.0043814
0.0041803
0.0041494
0.0044513
0.0051455
0.0050946
0.0046089
0.0043558
0.0039041
0.0039035
0.0041965
0.0041219
0.0038627
0.0038025
0.0038691
0.0040892
0.004658
0.0046252
0.0042104
0.0042145
0.0042349
0.0035685
0.003394
0.0037592
0.0037742
0.0034961
0.0033964
0.003467
0.0032462
0.0023116
0.0016529
0.0020479
0.0024036
0.0021092
0.0018066
0.0018605
0.0019764
0.0019454
0.0018756
0.0018669
0.0018794
0.0018665
0.0018581
0.0018884
0.0018805
0.00184
0.0018252
0.0018287
0.0020012
0.0022976
0.0019273
0.0021361
0.0027373
0.0031634
0.0028927
0.0025905
0.0027478
0.0034785
0.0044072
0.0040331
0.003127
0.0030584
0.003471
0.002618
0.0022573
0.0026971
0.0027656
0.0024372
0.0023028
0.002389
0.0024123
0.0023336
0.0022743
0.002261
0.0022425
0.0022034
0.0021651
0.002136
0.002107
0.0020742
0.0020409
0.0020011
0.0017147
0.00122
0.0010684
0.00090473
0.00090606
0.00096366
0.00089641
0.00082537
0.00081141
0.00081397
0.00078181
0.00073922
0.00073696
0.00073869
0.00071666
0.00069223
0.00068023
0.00067113
0.00065695
0.00064115
0.00060858
0.00032268
2.4192e-05
0.00015542
4.9621e-05
-0.00033606
-0.00029958
-0.00012882
-0.00017582
-0.00024285
3.2306e-05
0.00059592
0.0007289
0.00041652
0.00057509
0.0010242
0.0011912
0.001225
0.0011092
0.0010508
0.0011092
0.0011337
0.0010808
0.0010283
0.0010086
0.0010161
0.0012544
0.0014112
0.0014629
0.0015028
0.0013995
0.0013652
0.0016894
0.0021166
0.0020292
0.0016724
0.0016379
0.0017855
0.0017667
0.0016305
0.0015337
0.0012687
0.00085347
0.00079701
0.00098474
0.0009391
0.00074819
0.00067908
0.00066217
0.00044356
0.00030019
0.00039231
0.00046468
0.00055992
0.00054459
0.00036501
8.9037e-05
-0.00011638
-5.1485e-05
5.0059e-05
-7.7235e-05
-0.00038597
-0.00049545
-0.0005187
-0.00055174
-0.00054218
-0.00059475
-0.00079848
-0.00086124
-0.00074568
-0.00071791
-0.00078884
-0.00078331
-0.00060923
-0.00055375
-0.00066418
-0.00069699
-0.00063845
-0.00061697
-0.00064558
-0.00066375
-0.00062977
-0.00052956
-0.00059877
-0.00060401
-0.00051036
-0.00056168
-0.00074314
-0.00075374
-0.00065038
-0.00069187
-0.00091153
-0.0010373
-0.00093875
-0.00086045
-0.00091376
-0.00089015
-0.00066679
-0.00064195
-0.0007754
-0.00077885
-0.00069276
-0.00067751
-0.00071659
-0.00073143
-0.00078638
-0.00095271
-0.00095236
-0.00090486
-0.0010719
-0.0011283
-0.0010804
-0.0012041
-0.0012466
-0.0011527
-0.0011179
-0.0011504
-0.0011017
-0.00092838
-0.00085796
-0.00080863
-0.00080141
-0.00082117
-0.00080048
-0.0007256
-0.00060645
-0.00061635
-0.00068808
-0.00068103
-0.00068906
-0.00077627
-0.00076858
-0.00076349
-0.00088269
-0.00095298
-0.00092457
-0.00092191
-0.0010001
-0.0009931
-0.00093289
-0.00089989
-0.00085292
-0.00081372
-0.00078368
-0.00071862
-0.00070795
-0.00072415
-0.00070998
-0.00071721
-0.00076767
-0.00078018
-0.00078787
-0.00076842
-0.00074435
-0.00074124
-0.0007404
-0.00072719
-0.0007077
-0.00066812
-0.00061316
-0.00060291
-0.0005869
-0.00053256
-0.0004864
-0.00049995
-0.00050436
-0.00045778
-0.00042601
-0.0004421
-0.00045455
-0.00046125
-0.00047696
-0.00046491
-0.00044838
-0.00045048
-0.00045367
-0.00042897
-0.00040185
-0.00041033
-0.00042024
-0.00041019
-0.0003984
-0.00038882
-0.00037368
-0.0003675
-0.00037352
-0.0003736
-0.00036626
-0.00036103
-0.00034875
-0.00033605
-0.0003418
-0.00035254
-0.00035748
-0.00035405
-0.0003521
-0.00035995
-0.00036217
-0.00035351
-0.00034341
-0.00033479
-0.00033158
-0.00033212
-0.00032539
-0.00031277
-0.00030792
-0.00031035
-0.00030883
-0.00030322
-0.00029933
-0.00029759
-0.00029531
-0.00029199
-0.00028873
-0.0002858
-0.00028277
-0.00027951
-0.00027617
-0.00027285
-0.00026946
-0.00026599
-0.00026256
-0.00026056
-0.00025981
-0.0002565
-0.00025085
-0.00024807
-0.00024602
-0.00024224
-0.00023626
-0.00022923
-0.00022506
-0.00022223
-0.00021574
-0.00020928
-0.0002063
-0.00020306
-0.00019816
-0.00019485
-0.00019165
-0.00018633
-0.00018122
-0.00017718
-0.000173
-0.00016823
-0.00016344
-0.00015885
-0.00015427
-0.00014959
-0.00014487
-0.00014018
-0.00013548
-0.00013076
-0.00012602
-0.00012128
-0.00011657
-0.00011229
-0.00010775
-0.00010261
-9.783e-05
-9.3421e-05
-8.8612e-05
-8.3467e-05
-7.8515e-05
-7.3737e-05
-6.8869e-05
-6.3923e-05
-5.9105e-05
-5.4276e-05
-4.9379e-05
-4.4467e-05
-3.9529e-05
-3.4671e-05
-2.9746e-05
-2.4761e-05
-1.9872e-05
-1.5014e-05
-1.0152e-05
-5.2602e-06
-3.4509e-07
4.5118e-06
9.3625e-06
1.4261e-05
1.9149e-05
2.4e-05
2.8816e-05
3.3659e-05
3.854e-05
4.3395e-05
4.8217e-05
5.3023e-05
5.7844e-05
6.2681e-05
6.7497e-05
7.2294e-05
7.7094e-05
8.1891e-05
8.667e-05
9.1437e-05
9.6201e-05
0.00010096
0.00010571
0.00011045
0.00011518
0.0001199
0.00012461
0.00012932
0.00013402
0.00013871
0.00014339
0.00014806
0.00015272
0.00015737
0.00016202
0.00016665
0.00017128
0.00017589
0.0001805
0.00018509
0.00018968
0.00019425
0.00019882
0.00020337
0.00020791
0.00021244
0.00021697
0.00022147
0.00022597
0.00023046
0.00023493
0.0002394
0.00024385
0.00024828
0.00025271
0.00025712
0.00026152
0.00026591
