-0.0015359
-0.0015315
-0.0015271
-0.0015227
-0.0015182
-0.0015137
-0.0015092
-0.0015046
-0.0015
-0.0014953
-0.0014905
-0.0014855
-0.0014805
-0.0014755
-0.0014708
-0.0014666
-0.0014626
-0.0014588
-0.0014554
-0.0014523
-0.0014477
-0.0014409
-0.0014328
-0.0014242
-0.0014144
-0.0014046
-0.0013974
-0.0013944
-0.0013941
-0.0013942
-0.0013959
-0.0014017
-0.0014072
-0.0014049
-0.0013886
-0.0013654
-0.0013437
-0.0013271
-0.0013154
-0.0013146
-0.0013216
-0.0013286
-0.0013341
-0.0013368
-0.0013261
-0.0013049
-0.001284
-0.0012663
-0.0012564
-0.0012741
-0.0013126
-0.0013495
-0.0013675
-0.0013613
-0.0013122
-0.0012368
-0.001164
-0.0011037
-0.001057
-0.001082
-0.0011714
-0.0012647
-0.001353
-0.0014245
-0.0013939
-0.0012893
-0.0011953
-0.001133
-0.00108
-0.0010669
-0.0010915
-0.0011146
-0.0011224
-0.0011277
-0.0011422
-0.0011648
-0.0011919
-0.0012774
-0.0014522
-0.0015864
-0.0015699
-0.0013857
-0.0011674
-0.0010032
-0.00087265
-0.00077677
-0.0008267
-0.00097683
-0.0011099
-0.0011991
-0.0012519
-0.0012132
-0.0011182
-0.0010301
-0.00089351
-0.00070761
-0.00076609
-0.0010749
-0.0013988
-0.0017108
-0.0019543
-0.0017827
-0.0013227
-0.00091385
-0.0005733
-0.0001803
-0.00011954
-0.00054511
-0.0010655
-0.0014753
-0.0018098
-0.0017146
-0.0012507
-0.00081645
-0.00047041
-9.1176e-06
0.00036818
0.00042565
-8.0209e-05
-0.00091451
-0.0016613
-0.0022138
-0.0025344
-0.0023021
-0.0017476
-0.0012916
-0.00099717
-0.00069527
-0.00028682
3.6206e-05
-0.00016248
-0.00070924
-0.0011865
-0.0014953
-0.0016054
-0.0013899
-0.0010619
-0.00082918
-0.00067348
-0.00056248
-0.00063549
-0.00083643
-0.0010132
-0.0011314
-0.001247
-0.0013988
-0.0015763
-0.0017105
-0.0014379
-0.00070026
0.00011009
0.00048479
0.00013348
-0.00043213
-0.00075898
-0.00089725
-0.00092356
-0.00071012
-0.00039153
-0.00020073
-0.0005363
-0.0012419
-0.0019053
-0.0026597
-0.0033489
-0.0029659
-0.0017973
-0.00075138
0.00014275
0.0012903
0.0021719
0.002206
0.0012568
3.6092e-06
-0.00097013
-0.0017099
-0.0022507
-0.0020707
-0.0014157
-0.00090342
-0.0009185
-0.0012842
-0.0015672
-0.0018221
-0.0022523
-0.0021599
-0.0012626
-0.00021086
0.00061925
0.0013865
0.0015904
0.00074951
-0.00038684
-0.0011951
-0.0017466
-0.0021828
-0.0025097
-0.0024646
-0.0021251
-0.0018079
-0.0016113
-0.0014343
-0.0011925
-0.00089957
-0.00062782
-0.00078985
-0.001523
-0.0016899
-0.0010341
-0.00029574
-0.00013588
-0.00055601
-0.00099241
-0.0011636
-0.0012006
-0.0010549
-0.00058751
-3.0335e-05
0.00025084
-0.00013082
-0.00084254
-0.0014334
-0.0021457
-0.0028333
-0.0023315
-0.00093658
0.00028706
0.00083604
0.00095066
0.000677
0.00020463
-0.00018381
-0.00047146
-0.0007874
-0.0011891
-0.0016331
-0.002067
-0.0025118
-0.0029105
-0.0026809
-0.00191
-0.0011784
-0.00069159
-0.00026865
0.0002628
0.00089258
0.001511
0.0017438
0.0013943
0.00091342
0.00063174
0.00047906
0.0002727
-3.3889e-05
-0.00037341
-0.00083751
-0.0017745
-0.0028756
-0.0035278
-0.0029929
-0.0017254
-0.00066324
0.00010436
0.00092853
0.0013234
0.0010375
0.00062272
0.00044976
0.00041474
0.00030457
7.7749e-05
-0.00017914
-0.00040868
-0.00062285
-0.00084414
-0.0010779
-0.0013171
-0.0015558
-0.0017938
-0.0020338
-0.0022888
-0.0025698
-0.0025632
-0.0020448
-0.0013859
-0.00071127
0.00044889
0.0022037
0.0043018
0.0057576
0.0060114
0.0040447
0.00072952
-0.0021613
-0.0039175
-0.0046311
-0.0039455
-0.0026498
-0.0017627
-0.001734
-0.0021795
-0.0024126
-0.0023121
-0.0021166
-0.0015905
-0.00062341
0.00041088
0.0012337
0.0017195
0.00098161
-0.0010341
-0.0031293
-0.0045237
-0.0051472
-0.0045618
-0.0029268
-0.001315
-0.0005437
-0.00078759
-0.001182
-0.0011472
-0.00085723
-0.00034008
0.00075078
0.0021005
0.0030991
0.00252
0.00081097
-0.00067201
-0.0015658
-0.0022236
-0.0022917
-0.0018715
-0.0015138
-0.0013844
-0.0014123
-0.0021356
-0.0034292
-0.0047396
-0.0065053
-0.0080407
-0.0064647
-0.0026846
0.0007064
0.00351
0.0064338
0.0079401
0.0073489
0.0046647
0.0013589
-0.0015194
-0.0050508
-0.0084971
-0.010077
-0.009198
-0.0068934
-0.0049518
-0.0037431
-0.0025851
-0.0010206
0.00081129
0.0026016
0.004102
0.0051648
0.0052764
0.0041511
0.0027898
0.0018612
0.0011778
0.00035523
-0.00067934
-0.0017657
-0.0027653
-0.0036665
-0.0045553
-0.0054845
-0.0064387
-0.0073863
-0.0080214
-0.0066385
-0.0036346
-0.00081924
0.0012221
0.0030701
0.0051985
0.0071073
0.0060209
0.0024185
-0.00096071
-0.0031682
-0.0048347
-0.00619
-0.006686
-0.005974
-0.0049877
-0.0043809
-0.0040228
-0.0039768
-0.0044343
-0.004966
-0.0044444
-0.0018616
0.0021726
0.0066665
0.0096656
0.010657
0.0088798
0.0048614
0.0010168
-0.00067208
-0.00023883
0.00017724
-0.00066957
-0.00269
-0.0048116
-0.0064143
-0.0078827
-0.0090541
-0.0089914
-0.0070248
-0.0037744
-0.00071207
0.001749
0.0041082
0.0066214
0.0088159
0.0082165
0.0045445
0.0006037
-0.0024409
-0.0049616
-0.0046246
-0.0018814
0.00069254
0.0030826
0.0060378
0.0078688
0.0072612
0.0030494
-0.0034379
-0.0093314
-0.012273
-0.011707
-0.0073498
-0.0022316
0.0015902
0.0049397
0.0082176
0.0095767
0.0081844
0.0041301
-0.00037644
-0.0039757
-0.0070944
-0.010355
-0.013132
-0.013586
-0.011874
-0.0090023
-0.0062878
-0.0041251
-0.0023158
-0.00077875
0.00022256
0.00042479
-0.00020772
-0.00096101
-0.0014295
-0.0017679
-0.0022193
-0.0028074
-0.0034108
-0.0033037
-0.0015796
0.0015464
0.004845
0.0056746
0.0023932
-0.0053548
-0.013931
-0.019739
-0.017491
-0.006056
0.0068211
0.016224
0.021754
0.02174
0.014349
0.0029887
-0.0079083
-0.014066
-0.01413
-0.0083514
-0.0017934
0.0028817
0.0069062
0.0092727
0.0086346
0.0045836
-0.00080154
-0.0053371
-0.0076909
-0.0080935
-0.0072332
-0.0053966
-0.0031098
-0.00097641
0.00070996
0.0019486
0.0026979
0.0028191
0.0021354
0.00091919
-0.00015569
0.0021213
0.010552
0.022113
0.030096
0.027653
0.013835
-0.0043997
-0.01993
-0.033028
-0.042347
-0.040753
-0.023941
0.0071917
0.0386
0.051911
0.046198
0.023214
-0.010796
-0.038488
-0.044961
-0.02985
-0.0078621
0.0070859
0.012704
0.0095058
0.0047869
0.0051348
0.01027
0.017805
0.025449
0.029018
0.022963
0.011058
-0.00065322
-0.010092
-0.018802
-0.024111
-0.017089
-0.0030909
0.0040522
-0.0037399
-0.017143
-0.018136
-0.0026591
0.015472
0.024653
0.023615
0.020889
0.021927
0.024293
0.017933
0.00014602
-0.014324
-0.012286
-0.0021063
-0.00018122
-0.012767
-0.024294
-0.013608
0.013383
0.032368
0.03095
0.022066
0.021601
0.029948
0.037928
0.035046
0.01576
-0.010529
-0.032662
-0.047732
-0.052466
-0.04448
-0.019089
0.023136
0.065219
0.090616
0.08944
0.062953
0.015576
-0.025127
-0.044041
-0.048352
-0.053614
-0.063406
-0.068218
-0.056701
-0.026421
0.011345
0.044328
0.065882
0.073127
0.069934
0.054882
0.023008
-0.014673
-0.04531
-0.059799
-0.061138
-0.055143
-0.040343
-0.022019
-0.0058722
0.0080081
0.021941
0.034094
0.037521
0.030476
0.021954
0.019881
0.022973
0.018954
-0.0038525
-0.033701
-0.054168
-0.060054
-0.050502
-0.019668
0.035203
0.085187
0.10374
0.099287
0.085548
0.048223
-0.021027
-0.099509
-0.15459
-0.16201
-0.13602
-0.099014
-0.04713
0.02343
0.082913
0.10908
0.10867
0.097962
0.081816
0.047622
0.0072673
-0.018682
-0.030095
-0.029059
-0.023149
-0.018871
-0.015726
-0.010297
-0.0019317
0.0078459
0.016718
0.023645
0.027842
0.026613
0.014743
-0.0061851
-0.026726
-0.037196
-0.02941
0.00087099
0.047198
0.090733
0.11455
0.10534
0.063587
-0.0093386
-0.075587
-0.10191
-0.099561
-0.089103
-0.067221
-0.025132
0.016212
0.03514
0.032883
0.022609
0.015691
0.014522
0.021258
0.035157
0.049408
0.060433
0.068403
0.07051
0.060042
0.030849
-0.0066183
-0.032812
-0.037549
-0.034137
-0.034903
-0.040749
-0.046584
-0.049136
-0.048565
-0.043187
-0.026612
0.0094065
0.04653
0.062388
0.05811
0.045685
0.024365
-0.0077906
-0.039982
-0.056866
-0.050162
-0.032442
-0.019096
-0.0097393
-0.0064991
-0.010056
-0.015736
-0.019729
-0.02129
-0.022132
-0.021878
-0.013697
0.014343
0.056454
0.094422
0.11782
0.12185
0.11262
0.095846
0.071566
0.036619
-0.011996
-0.056999
-0.082563
-0.086158
-0.075193
-0.05866
-0.043232
-0.029725
-0.015795
-0.0024716
0.0075759
0.021023
0.054436
0.098055
0.12423
0.11841
0.077292
0.012226
-0.042642
-0.06773
-0.066159
-0.055605
-0.0384
0.00064768
0.045053
0.061439
0.044161
0.0047141
-0.036346
-0.057764
-0.056829
-0.046559
-0.031029
-0.0033434
0.025085
0.034858
0.031017
0.030009
0.037181
0.047176
0.054332
0.058558
0.062624
0.067303
0.06492
0.043329
-0.0099211
-0.093432
-0.17732
-0.2196
-0.21703
-0.18753
-0.14199
-0.057859
0.064041
0.16706
0.22844
0.23619
0.19603
0.10684
0.011814
-0.055499
-0.099348
-0.12748
-0.13432
-0.12195
-0.087634
-0.024945
0.050526
0.1049
0.11376
0.083873
0.021993
-0.026646
-0.042845
-0.045755
-0.049467
-0.052843
-0.048571
-0.026775
0.012952
0.059219
0.093216
0.10233
0.090861
0.049357
-0.0048534
-0.036674
-0.036956
-0.028507
-0.031049
-0.042196
-0.058015
-0.076901
-0.088458
-0.087795
-0.077384
-0.049568
0.0062676
0.074807
0.13572
0.16942
0.17571
0.16677
0.13616
0.086442
0.03628
-0.0035445
-0.016889
-0.0033638
0.025718
0.059704
0.086626
0.096448
0.086439
0.055691
0.0039611
-0.045422
-0.067251
-0.060369
-0.045349
-0.031988
-0.015196
0.0092088
0.038863
0.068478
0.095655
0.11676
0.12299
0.10511
0.05991
1.9355e-06
-0.043372
-0.050155
-0.032904
-0.012634
0.01252
0.049012
0.087887
0.11176
0.10671
0.073391
0.035214
0.016078
0.013172
0.011246
0.005158
0.00031518
0.0050812
0.024343
0.050764
0.070615
0.078826
0.07743
0.064271
0.036966
0.0062073
-0.009371
-0.0034887
0.012741
0.03604
0.063778
0.077777
0.06866
0.044592
0.019018
0.00060956
-0.0090315
-0.015342
-0.019367
-0.013963
0.01215
0.05471
0.098531
0.13019
0.13606
0.12119
0.094424
0.05806
0.020285
-0.0091674
-0.01881
-0.0092527
0.012482
0.041265
0.074772
0.10915
0.13216
0.13007
0.10324
0.065202
0.031563
0.0032574
-0.013643
-0.010915
0.0069717
0.030921
0.050851
0.063043
0.065478
0.063245
0.06205
0.06141
0.056737
0.046445
0.034674
0.024588
0.015734
0.0072233
0.0053877
0.015063
0.028733
0.039299
0.046893
0.051057
0.049997
0.046152
0.045828
0.051352
0.05909
0.065313
0.072312
0.085777
0.10118
0.10797
0.1003
0.084955
0.072537
0.062823
0.047216
0.02446
0.010241
0.018256
0.053324
0.10667
0.15516
0.18335
0.1938
0.19526
0.19164
0.17297
0.13693
0.094517
0.055837
0.026521
0.018514
0.029746
0.048906
0.070174
0.09031
0.10881
0.12375
0.13036
0.12355
0.096788
0.052941
0.0096262
-0.01328
-0.014618
-0.010018
-0.0070856
0.0007412
0.021174
0.052882
0.084921
0.10412
0.10928
0.10654
0.097203
0.076532
0.048524
0.026142
0.025692
0.045341
0.068597
0.076577
0.065835
0.052187
0.048278
0.051455
0.053105
0.050437
0.047661
0.050682
0.057723
0.061325
0.056592
0.04898
0.044894
0.044372
0.04155
0.026086
0.0027397
-0.011628
-0.0062695
0.017006
0.045091
0.064315
0.071287
0.070891
0.066084
0.055697
0.03776
0.011606
-0.017771
-0.041397
-0.045316
-0.031435
-0.016823
-0.012036
-0.014266
-0.014743
-0.010907
-0.0070267
-0.005163
-0.0031858
0.0021141
0.011563
0.021674
0.030254
0.037983
0.046161
0.055034
0.063472
0.0656
0.053605
0.030483
0.0099919
0.00093248
0.0040099
0.01248
0.022182
0.037589
0.06573
0.10117
0.13583
0.16481
0.19036
0.21444
0.23338
0.24103
0.23855
0.23358
0.23174
0.23264
0.23338
0.23294
0.23122
0.22834
0.22388
0.2169
0.20591
0.18827
0.16185
0.12836
0.088862
0.045389
0.0074972
-0.014962
-0.024124
-0.029013
-0.038093
-0.051946
-0.067443
-0.084493
-0.10773
-0.1398
-0.17393
-0.19461
-0.18755
-0.15575
-0.11019
-0.073606
-0.065741
-0.084327
-0.11652
-0.14916
-0.17627
-0.1963
-0.21534
-0.23787
-0.25864
-0.26819
-0.26837
-0.26595
-0.26493
-0.26681
-0.27816
-0.30817
-0.3478
-0.37541
-0.38315
-0.37592
-0.35918
-0.33554
-0.30514
-0.2674
-0.22644
-0.1756
-0.10454
-0.016741
0.070359
0.13384
0.16986
0.18865
0.20195
0.21099
0.2166
0.21972
0.22641
0.24131
0.26104
0.28296
0.30566
0.32458
0.335
0.34051
0.34744
0.3571
0.36704
0.37516
0.37535
0.35333
0.31538
0.2801
0.25405
0.23305
0.21018
0.18258
0.15629
0.144
0.14679
0.15098
0.1427
0.11722
0.080282
0.039838
0.0036641
-0.026745
-0.051674
-0.064412
-0.065438
-0.065188
-0.069245
-0.075659
-0.081406
-0.086537
-0.092934
-0.1024
-0.1165
-0.13354
-0.15155
-0.17055
-0.18915
-0.21014
-0.236
-0.26675
-0.30386
-0.33443
-0.34662
-0.34107
-0.32683
-0.30966
-0.29223
-0.27935
-0.2715
-0.2637
-0.25337
-0.24195
-0.23139
-0.22186
-0.21262
-0.20556
-0.20326
-0.20438
-0.2081
-0.21495
-0.22268
-0.22741
-0.22455
-0.20857
-0.18409
-0.16267
-0.15287
-0.15313
-0.1547
-0.15328
-0.15102
-0.15062
-0.15208
-0.15405
-0.15585
-0.15784
-0.16115
-0.16887
-0.18075
-0.19216
-0.19651
-0.18892
-0.17624
-0.16939
-0.17947
-0.20539
-0.23113
-0.24824
-0.25801
-0.26112
-0.25892
-0.25667
-0.25655
-0.25692
-0.2561
-0.25416
-0.25195
-0.25071
-0.25261
-0.25893
-0.26643
-0.27231
-0.27561
-0.27424
-0.2672
-0.2582
-0.25106
-0.24982
-0.25295
-0.25532
-0.25416
-0.2464
-0.23215
-0.21586
-0.2014
-0.1884
-0.17502
-0.16146
-0.14856
-0.13605
-0.12333
-0.11019
-0.096968
-0.083835
-0.070835
-0.062225
-0.065176
-0.08282
-0.10949
-0.13978
-0.17142
-0.19911
-0.2203
-0.23547
-0.24183
-0.23687
-0.22359
-0.2083
-0.19453
-0.18236
-0.17699
-0.17968
-0.18304
-0.18216
-0.17483
-0.1648
-0.15774
-0.16217
-0.177
-0.18764
-0.18183
-0.16075
-0.13684
-0.1183
-0.1031
-0.088028
-0.072579
-0.060412
-0.057755
-0.068993
-0.092242
-0.11737
-0.13607
-0.14512
-0.14264
-0.12887
-0.11252
-0.10028
-0.092098
-0.085967
-0.079856
-0.072728
-0.065199
-0.058133
-0.051604
-0.045177
-0.038832
-0.035073
-0.037793
-0.050457
-0.069787
-0.08838
-0.10151
-0.1031
-0.090207
-0.069027
-0.05014
-0.037629
-0.030457
-0.02836
-0.031305
-0.036643
-0.041844
-0.04583
-0.047607
-0.044293
-0.035542
-0.024111
-0.01249
-0.0038185
-0.0024968
-0.010757
-0.028574
-0.048734
-0.065911
-0.080123
-0.085851
-0.079612
-0.069957
-0.064133
-0.062162
-0.060965
-0.058114
-0.053748
-0.048013
-0.041783
-0.03598
-0.029707
-0.022103
-0.015629
-0.013429
-0.021819
-0.041438
-0.061894
-0.073219
-0.071951
-0.059829
-0.038641
-0.013985
0.0083784
0.022776
0.026289
0.017294
-0.0039088
-0.028011
-0.047122
-0.052496
-0.040653
-0.016687
0.0073962
0.026441
0.036515
0.036618
0.02625
0.010931
-0.0014027
-0.010036
-0.01815
-0.025432
-0.030852
-0.034493
-0.037798
-0.041596
-0.045607
-0.049221
-0.051845
-0.051301
-0.048476
-0.046067
-0.044805
-0.043857
-0.043471
-0.045991
-0.05405
-0.067478
-0.08024
-0.08505
-0.081556
-0.072985
-0.063193
-0.055088
-0.051413
-0.054384
-0.059764
-0.063191
-0.06492
-0.063341
-0.057296
-0.049643
-0.042866
-0.038041
-0.034726
-0.033772
-0.034336
-0.03453
-0.034203
-0.033768
-0.030801
-0.025513
-0.020387
-0.017575
-0.024187
-0.044625
-0.07219
-0.097127
-0.11631
-0.12987
-0.14087
-0.15006
-0.15323
-0.14834
-0.13835
-0.12636
-0.11506
-0.10472
-0.095047
-0.085723
-0.076617
-0.067953
-0.060628
-0.05471
-0.051493
-0.051058
-0.053524
-0.057922
-0.062745
-0.066162
-0.067465
-0.066975
-0.064605
-0.06071
-0.056806
-0.053466
-0.050234
-0.046684
-0.042881
-0.039082
-0.034843
-0.028803
-0.021174
-0.012869
-0.0057723
-0.00089063
0.0015933
0.0022528
0.00080739
-0.0018638
-0.0042554
-0.006128
-0.0080709
-0.010329
-0.010551
-0.0062329
0.0045857
0.018616
0.031247
0.041989
0.051982
0.061271
0.070068
0.078544
0.08699
0.095483
0.10394
0.11232
0.12066
0.12901
0.13739
0.14581
0.15431
0.16284
0.17134
0.17978
0.18823
0.19738
0.20745
0.21823
0.22953
0.24288
0.25854
0.27618
0.29434
0.31193
0.32845
0.34003
0.34304
0.34009
0.33644
0.33289
0.32674
0.31688
0.30279
0.28058
0.2523
0.22224
0.19187
0.16406
0.13921
0.11716
0.10101
0.09702
0.1049
0.12204
0.14493
0.16713
0.18784
0.20592
0.2162
0.221
0.22689
0.23625
0.24711
0.258
0.26786
0.27599
0.28197
0.28456
0.28311
0.27715
0.2661
0.25019
0.23088
0.21253
0.20122
0.19923
0.20194
0.20286
0.20112
0.19943
0.19788
0.19459
0.18891
0.18324
0.18018
0.18106
0.18466
0.19046
0.19696
0.20282
0.20721
0.20977
0.20892
0.20326
0.19151
0.17578
0.15963
0.14406
0.12874
0.118
0.11665
0.12192
0.12656
0.12823
0.12963
0.13247
0.13534
0.13603
0.13384
0.12873
0.12175
0.11494
0.10813
0.10132
0.096113
0.093525
0.09298
0.093323
0.092858
0.090163
0.084174
0.074719
0.06262
0.048338
0.033166
0.018372
0.0039282
-0.010711
-0.025303
-0.038579
-0.047927
-0.053809
-0.058334
-0.063006
-0.067693
-0.071486
-0.073105
-0.07232
-0.071203
-0.070916
-0.070963
-0.072268
-0.076261
-0.083276
-0.090619
-0.095241
-0.095037
-0.091252
-0.08461
-0.075714
-0.064431
-0.052677
-0.041923
-0.031843
-0.022085
-0.014667
-0.01469
-0.020614
-0.025161
-0.025627
-0.023619
-0.021485
-0.019792
-0.018005
-0.015688
-0.013074
-0.0099239
-0.0055256
0.0004861
0.0080614
0.016508
0.025061
0.032231
0.037518
0.040398
0.041037
0.039213
0.034123
0.02538
0.015936
0.0072974
-0.0010265
-0.0090631
-0.014572
-0.016897
-0.01674
-0.014985
-0.011743
-0.00642
0.001439
0.010524
0.018934
0.02494
0.028103
0.029879
0.032251
0.035449
0.03862
0.041293
0.043687
0.04616
0.048797
0.051436
0.054215
0.058701
0.064641
0.070459
0.076166
0.08291
0.089392
0.094004
0.096321
0.096282
0.093546
0.088366
0.081032
0.072612
0.06351
0.052872
0.039206
0.021981
0.0023424
-0.01711
-0.034342
-0.049881
-0.060815
-0.062734
-0.056923
-0.046459
-0.033379
-0.019556
-0.0065599
-2.8565e-05
-0.0039358
-0.011307
-0.015558
-0.016743
-0.013967
-0.0030559
0.016494
0.038097
0.059568
0.081696
0.09957
0.1093
0.11018
0.10863
0.10984
0.11307
0.11604
0.11906
0.12253
0.12619
0.12918
0.13101
0.13202
0.13302
0.1346
0.13617
0.13691
0.13602
0.13293
0.12683
0.11949
0.11288
0.10702
0.10086
0.094662
0.090792
0.090371
0.092654
0.096237
0.099877
0.10075
0.096476
0.087528
0.076035
0.064162
0.055136
0.05011
0.04853
0.047172
0.044413
0.041156
0.037393
0.032126
0.024821
0.017605
0.012901
0.011568
0.012059
0.013311
0.014633
0.015762
0.016923
0.018309
0.019851
0.021385
0.022823
0.02398
0.024872
0.025764
0.026771
0.02782
0.028825
0.029783
0.030734
0.031434
0.031533
0.031384
0.031373
0.031371
0.030766
0.029033
0.026897
0.025081
0.023554
0.021902
0.019798
0.016571
0.011751
0.0048936
-0.0046723
-0.016243
-0.027647
-0.03791
-0.04671
-0.053995
-0.059893
-0.06324
-0.061012
-0.052953
-0.04237
-0.030035
-0.018162
-0.01261
-0.014897
-0.021448
-0.029204
-0.037757
-0.046695
-0.053739
-0.057964
-0.059903
-0.061277
-0.062994
-0.0661
-0.071811
-0.081141
-0.091512
-0.10135
-0.11066
-0.11808
-0.12254
-0.12409
-0.12254
-0.11862
-0.11474
-0.11134
-0.10734
-0.10454
-0.10566
-0.10984
-0.11435
-0.11753
-0.11905
-0.11812
-0.11337
-0.10407
-0.089046
-0.069608
-0.050307
-0.033923
-0.022103
-0.017091
-0.019518
-0.024044
-0.026437
-0.028036
-0.030652
-0.032837
-0.033061
-0.030919
-0.028239
-0.026455
-0.026011
-0.026028
-0.025504
-0.023915
-0.021665
-0.019606
-0.017844
-0.015961
-0.014452
-0.014236
-0.016607
-0.020513
-0.023853
-0.025377
-0.02573
-0.026422
-0.027833
-0.029428
-0.031069
-0.033784
-0.03964
-0.047302
-0.054406
-0.060744
-0.06636
-0.070364
-0.072138
-0.071967
-0.070405
-0.068449
-0.066777
-0.065904
-0.065993
-0.067155
-0.068679
-0.069904
-0.071305
-0.074242
-0.07834
-0.081812
-0.08376
-0.084296
-0.083919
-0.082213
-0.077086
-0.068128
-0.057086
-0.046791
-0.039414
-0.034069
-0.030077
-0.026577
-0.023138
-0.019843
-0.016723
-0.013109
-0.0088561
-0.0042387
-0.00074896
-0.00028161
-0.0038683
-0.01101
-0.020906
-0.031518
-0.039685
-0.043327
-0.043224
-0.040129
-0.033556
-0.023837
-0.010541
0.0033388
0.013139
0.019495
0.022314
0.022552
0.020989
0.018768
0.016621
0.014119
0.010824
0.0066279
0.00056613
-0.0071485
-0.014806
-0.022546
-0.030734
-0.038454
-0.044609
-0.048792
-0.05062
-0.050104
-0.047577
-0.043458
-0.038133
-0.031722
-0.024483
-0.016453
-0.0080247
0.00040244
0.0082128
0.014263
0.017823
0.018207
0.015782
0.010822
0.0038255
-0.0033633
-0.0094065
-0.016052
-0.023918
-0.031932
-0.039923
-0.047771
-0.054661
-0.059898
-0.063259
-0.064172
-0.062515
-0.05836
-0.052966
-0.047322
-0.043419
-0.041829
-0.042914
-0.045518
-0.047902
-0.047524
-0.043149
-0.034338
-0.022722
-0.0092595
0.0029937
0.01067
0.013887
0.014729
0.015282
0.015891
0.017751
0.021798
0.02833
0.035632
0.042413
0.047853
0.052105
0.054881
0.056249
0.055842
0.053219
0.048044
0.038773
0.02421
0.0051847
-0.014792
-0.034564
-0.050331
-0.059847
-0.062928
-0.06012
-0.050898
-0.038768
-0.027744
-0.019538
-0.015684
-0.016473
-0.020456
-0.027477
-0.03525
-0.040799
-0.042368
-0.039706
-0.034268
-0.026945
-0.020058
-0.01766
-0.019985
-0.025958
-0.033263
-0.039035
-0.04132
-0.039275
-0.033954
-0.027319
-0.019962
-0.010873
-0.00022347
0.011183
0.02221
0.030768
0.036642
0.040125
0.041845
0.042524
0.042354
0.041059
0.038642
0.035869
0.034178
0.035065
0.038876
0.0447
0.051442
0.058721
0.06703
0.076171
0.085518
0.094161
0.10227
0.11081
0.11951
0.12674
0.13103
0.13123
0.12756
0.11974
0.10837
0.094575
0.078116
0.058563
0.039215
0.021578
0.0049676
-0.010861
-0.025209
-0.035972
-0.041938
-0.042574
-0.036718
-0.024352
-0.0098126
0.004327
0.017122
0.026744
0.03287
0.033963
0.030537
0.023935
0.01542
0.0057819
-0.0021629
-0.0065355
-0.0069447
-0.0043782
-0.00030647
0.0045048
0.0089868
0.011821
0.012495
0.01096
0.0074662
0.0024693
-0.0038771
-0.010892
-0.016228
-0.017314
-0.014758
-0.0098681
-0.0035231
0.0030699
0.0085054
0.011958
0.012747
0.011304
0.0081397
0.0046735
0.0023527
0.0020259
0.0034082
0.0055631
0.0075708
0.0098066
0.013277
0.018154
0.023997
0.029745
0.034781
0.038859
0.042381
0.04561
0.048209
0.049833
0.051125
0.052731
0.054886
0.057663
0.061136
0.063546
0.063824
0.061034
0.055583
0.048363
0.041567
0.036556
0.03349
0.032418
0.032963
0.03429
0.035565
0.036464
0.036809
0.036626
0.035549
0.033691
0.031494
0.029382
0.027296
0.024815
0.021906
0.018904
0.016394
0.014775
0.014307
0.015117
0.01726
0.022725
0.031088
0.040211
0.048666
0.056521
0.062352
0.064698
0.063783
0.060457
0.055167
0.047401
0.036246
0.022171
0.0076711
-0.0043502
-0.012374
-0.016352
-0.017121
-0.015246
-0.012164
-0.0090456
-0.0063005
-0.003889
-0.0029046
-0.0036359
-0.0055633
-0.0081238
-0.011103
-0.013693
-0.01631
-0.020118
-0.025189
-0.030692
-0.036082
-0.041101
-0.045741
-0.049942
-0.053006
-0.054356
-0.054081
-0.053257
-0.052871
-0.053206
-0.053878
-0.053437
-0.050502
-0.044332
-0.035454
-0.022094
-0.0074122
0.0024939
0.0060535
0.0030857
-0.0044267
-0.015676
-0.028738
-0.041265
-0.050949
-0.055278
-0.056123
-0.05576
-0.054497
-0.051997
-0.048501
-0.044413
-0.039848
-0.034434
-0.027923
-0.02117
-0.014825
-0.009103
-0.003697
0.0016138
0.0067034
0.011025
0.014635
0.016881
0.017591
0.017068
0.015531
0.012871
0.0094938
0.0058947
0.0023811
0.00022433
1.2758e-05
0.0013512
0.0037894
0.0073486
0.012888
0.020684
0.031487
0.043635
0.053197
0.056702
0.055061
0.049784
0.04207
0.034345
0.028355
0.024304
0.022413
0.023218
0.026731
0.030938
0.034263
0.034686
0.031514
0.024732
0.016092
0.0067021
-0.0037357
-0.013065
-0.020327
-0.026212
-0.030222
-0.031641
-0.03031
-0.027346
-0.023924
-0.021313
-0.019922
-0.021153
-0.025386
-0.032087
-0.038758
-0.043463
-0.045602
-0.044136
-0.039089
-0.029018
-0.015855
-0.0031651
0.0082217
0.018807
0.02633
0.028685
0.027591
0.023699
0.017367
0.0094439
0.002076
-0.0029805
-0.0053611
-0.005046
-0.0034166
-0.0020052
-0.0019919
-0.0037824
-0.0077608
-0.013589
-0.020648
-0.026875
-0.030913
-0.032663
-0.03296
-0.031939
-0.028889
-0.024492
-0.020114
-0.016871
-0.01501
-0.01432
-0.014894
-0.017357
-0.021504
-0.026641
-0.032063
-0.037037
-0.040933
-0.04373
-0.045331
-0.044855
-0.042379
-0.038684
-0.034534
-0.030356
-0.02678
-0.023451
-0.019728
-0.016626
-0.015444
-0.017337
-0.022046
-0.027766
-0.033505
-0.039687
-0.047055
-0.05442
-0.060208
-0.063637
-0.064693
-0.063723
-0.061608
-0.059503
-0.058338
-0.058087
-0.058281
-0.05835
-0.058081
-0.057295
-0.055478
-0.052173
-0.046446
-0.038041
-0.027532
-0.017292
-0.0092616
-0.0021892
0.0041567
0.0064828
0.0045964
0.00014984
-0.0037923
-0.0057246
-0.0055638
-0.0033205
0.0011709
0.0081934
0.016715
0.023842
0.028659
0.030946
0.030845
0.027542
0.021337
0.014181
0.0077624
0.0039777
0.003549
0.0065702
0.011111
0.015277
0.017378
0.017454
0.01532
0.011177
0.0053312
-0.0011159
-0.0079883
-0.015898
-0.023009
-0.027709
-0.029661
-0.02912
-0.026772
-0.022209
-0.016648
-0.012597
-0.0103
-0.0088109
-0.0080882
-0.0089117
-0.011676
-0.015161
-0.017569
-0.016483
-0.010988
-0.0010811
0.011471
0.025755
0.039441
0.051246
0.061353
0.069371
0.074929
0.076792
0.076609
0.076168
0.076244
0.076832
0.077887
0.078787
0.07904
0.078194
0.07592
0.071825
0.066182
0.059283
0.050745
0.040807
0.030997
0.022979
0.017198
0.013384
0.01185
0.011813
0.012047
0.011052
0.008348
0.0030773
-0.0051637
-0.015859
-0.027944
-0.039487
-0.049943
-0.059509
-0.065562
-0.064667
-0.05776
-0.046149
-0.032728
-0.019027
-0.0075604
-0.0015529
-0.00090472
-0.0027838
-0.006224
-0.01054
-0.014985
-0.018565
-0.02025
-0.019756
-0.01814
-0.016768
-0.016503
-0.017753
-0.020605
-0.024987
-0.030181
-0.035447
-0.04023
-0.044068
-0.046737
-0.049037
-0.051596
-0.05428
-0.056801
-0.059155
-0.061573
-0.064213
-0.067075
-0.069557
-0.071134
-0.071778
-0.071735
-0.071073
-0.070124
-0.069208
-0.068622
-0.068089
-0.067083
-0.065405
-0.063257
-0.060546
-0.057458
-0.054396
-0.051903
-0.050227
-0.049448
-0.049505
-0.050279
-0.051211
-0.051734
-0.051107
-0.049159
-0.045362
-0.039965
-0.033855
-0.029205
-0.026665
-0.026226
-0.027015
-0.028728
-0.031052
-0.033565
-0.03557
-0.037022
-0.038274
-0.039517
-0.04085
-0.042548
-0.044508
-0.046328
-0.047141
-0.046814
-0.045238
-0.041596
-0.035478
-0.028114
-0.020825
-0.015286
-0.012029
-0.011964
-0.014336
-0.018427
-0.023228
-0.027995
-0.032569
-0.036568
-0.039744
-0.04207
-0.043667
-0.044607
-0.04489
-0.044965
-0.045504
-0.046417
-0.047218
-0.047455
-0.046993
-0.045812
-0.04382
-0.040812
-0.036719
-0.032101
-0.027527
-0.023104
-0.01869
-0.014067
-0.0092406
-0.0046724
-0.00053446
0.0032489
0.0066002
0.0092386
0.011832
0.015033
0.018864
0.022837
0.026607
0.030249
0.033831
0.03632
0.037291
0.036792
0.03568
0.034819
0.034574
0.035028
0.036943
0.040181
0.044021
0.047862
0.051618
0.054844
0.057408
0.059444
0.061057
0.062219
0.063424
0.064996
0.066937
0.069119
0.071647
0.073888
0.075205
0.075655
0.075677
0.075693
0.075859
0.076184
0.077151
0.079066
0.08185
0.084997
0.088196
0.091046
0.093341
0.094394
0.094571
0.094803
0.095269
0.095586
0.095216
0.094325
0.093475
0.093267
0.093697
0.094567
0.095611
0.096629
0.09717
0.09712
0.096465
0.095522
0.094638
0.093807
0.092844
0.091624
0.090261
0.088809
0.086724
0.084202
0.081953
0.079921
0.077739
0.075357
0.072659
0.069444
0.066352
0.063634
0.060909
0.058011
0.055259
0.053264
0.052143
0.051623
0.051573
0.051805
0.051748
0.050909
0.049243
0.047125
0.04502
0.043161
0.041641
0.040424
0.0398
0.039764
0.040059
0.040235
0.040023
0.039281
0.03806
0.036315
0.034348
0.032535
0.031196
0.030629
0.030964
0.032157
0.033885
0.036129
0.038773
0.041575
0.044087
0.045977
0.04694
0.046972
0.045913
0.043897
0.041181
0.037895
0.03508
0.033686
0.033968
0.035059
0.036027
0.036126
0.035402
0.033904
0.032066
0.030362
0.028583
0.026544
0.024606
0.023336
0.022974
0.023452
0.024167
0.024484
0.024221
0.023561
0.02291
0.022568
0.022636
0.023141
0.024095
0.025205
0.026061
0.026431
0.026635
0.026991
0.027594
0.028276
0.028857
0.029231
0.029493
0.030286
0.031624
0.033042
0.034353
0.035662
0.036826
0.037623
0.037855
0.037585
0.037038
0.0367
0.036525
0.035986
0.034798
0.033174
0.03193
0.031353
0.031157
0.030558
0.029168
0.027218
0.025007
0.022527
0.019921
0.017582
0.016186
0.01662
0.019163
0.023181
0.027655
0.031254
0.03376
0.035496
0.037034
0.038432
0.039187
0.039499
0.040173
0.04156
0.043364
0.04469
0.045197
0.044816
0.043694
0.041946
0.039475
0.036278
0.0324
0.02816
0.023877
0.019752
0.015842
0.012231
0.0094938
0.0079395
0.0075636
0.0076709
0.007591
0.0069392
0.0055901
0.0033408
0.00064793
-0.0019531
-0.0042024
-0.0059241
-0.007016
-0.0074544
-0.0074155
-0.0070593
-0.0066952
-0.0064871
-0.0064571
-0.0063114
-0.0057036
-0.0045125
-0.0028155
-0.0010469
0.00049561
0.0017167
0.0025177
0.0028267
0.0027171
0.0023378
0.0015936
0.00040242
-0.0012352
-0.0034734
-0.0061265
-0.008763
-0.010477
-0.011352
-0.012654
-0.014877
-0.017461
-0.019163
-0.019921
-0.020406
-0.02114
-0.022124
-0.023052
-0.023807
-0.024526
-0.025636
-0.027407
-0.029777
-0.032518
-0.035483
-0.037991
-0.039713
-0.04087
-0.041759
-0.042493
-0.043417
-0.044968
-0.047711
-0.050634
-0.052588
-0.053794
-0.054901
-0.056014
-0.056797
-0.057114
-0.05703
-0.056705
-0.056218
-0.055627
-0.054943
-0.054008
-0.052851
-0.05162
-0.05006
-0.047957
-0.045937
-0.044434
-0.043543
-0.043542
-0.04463
-0.046462
-0.048763
-0.051961
-0.055396
-0.058019
-0.059316
-0.059532
-0.058738
-0.057494
-0.0563
-0.05544
-0.05465
-0.053536
-0.052071
-0.050456
-0.048681
-0.046832
-0.04511
-0.043695
-0.04263
-0.041773
-0.041164
-0.041106
-0.041236
-0.041052
-0.040638
-0.04011
-0.039109
-0.036884
-0.033147
-0.028482
-0.023518
-0.018583
-0.013705
-0.0089286
-0.0046579
-0.0014743
0.00051565
0.0013369
0.00088293
-0.00048194
-0.002253
-0.003722
-0.0047326
-0.0055747
-0.0064667
-0.007336
-0.0078441
-0.0079511
-0.0079971
-0.0078552
-0.0070414
-0.0058286
-0.0046569
-0.003468
-0.0018859
0.00033692
0.0026276
0.0044556
0.0054017
0.005461
0.0047325
0.0036331
0.0025108
0.0015775
0.00085796
0.00044918
0.0010417
0.0024816
0.0034112
0.0031218
0.0016437
-0.00040299
-0.0024421
-0.0041074
-0.0057031
-0.0076804
-0.010335
-0.012999
-0.01472
-0.01558
-0.016253
-0.017245
-0.018553
-0.019954
-0.020891
-0.02102
-0.020208
-0.01937
-0.019547
-0.021072
-0.023418
-0.025822
-0.027914
-0.029715
-0.031026
-0.031492
-0.030769
-0.0293
-0.027707
-0.026323
-0.025156
-0.024173
-0.023105
-0.021867
-0.020958
-0.020594
-0.020737
-0.02093
-0.020906
-0.021213
-0.022275
-0.024073
-0.026154
-0.028204
-0.029804
-0.031101
-0.032512
-0.033948
-0.035261
-0.036671
-0.038347
-0.040201
-0.041808
-0.042821
-0.043124
-0.043223
-0.043444
-0.043524
-0.043005
-0.041623
-0.039605
-0.037238
-0.035075
-0.033266
-0.031718
-0.030749
-0.030651
-0.030961
-0.031153
-0.031096
-0.031152
-0.031661
-0.032863
-0.034283
-0.035257
-0.035778
-0.036071
-0.035849
-0.035042
-0.033858
-0.032455
-0.030928
-0.030071
-0.030098
-0.030637
-0.031129
-0.031445
-0.031816
-0.032226
-0.03242
-0.032618
-0.03307
-0.033429
-0.033598
-0.033855
-0.034214
-0.034555
-0.034931
-0.035246
-0.035223
-0.034522
-0.033193
-0.031278
-0.029268
-0.027755
-0.026576
-0.025384
-0.024306
-0.023341
-0.022198
-0.021144
-0.020521
-0.019899
-0.01883
-0.017086
-0.014992
-0.012938
-0.011097
-0.0095241
-0.0084442
-0.00779
-0.0074483
-0.0072533
-0.0070152
-0.0064826
-0.0053796
-0.0033704
-0.00053542
0.0026883
0.0058353
0.0087062
0.011086
0.012432
0.012432
0.011266
0.0095342
0.0081947
0.0075274
0.0073717
0.0082079
0.010162
0.012983
0.016183
0.019538
0.022473
0.024564
0.025559
0.025865
0.025776
0.025347
0.024772
0.024603
0.025087
0.026237
0.027462
0.028351
0.028755
0.028592
0.027726
0.026762
0.026143
0.025732
0.025249
0.024643
0.024013
0.023502
0.023275
0.023289
0.023409
0.023578
0.023717
0.023582
0.023037
0.022114
0.020735
0.01904
0.017554
0.016556
0.016054
0.016432
0.017642
0.019309
0.02055
0.020773
0.019475
0.017287
0.015008
0.012974
0.011062
0.0088882
0.0063739
0.003672
0.00074242
-0.0024254
-0.0056419
-0.0086251
-0.011241
-0.013463
-0.015223
-0.016357
-0.017103
-0.017738
-0.018145
-0.018287
-0.018373
-0.018997
-0.020308
-0.022164
-0.024041
-0.02544
-0.02642
-0.027299
-0.028231
-0.028668
-0.0282
-0.027534
-0.027436
-0.02825
-0.028835
-0.028154
-0.026456
-0.024471
-0.022641
-0.020889
-0.018999
-0.017226
-0.015881
-0.015508
-0.016002
-0.016908
-0.017782
-0.018486
-0.018641
-0.018338
-0.017954
-0.017648
-0.01736
-0.017264
-0.017243
-0.016963
-0.016237
-0.015076
-0.013603
-0.012111
-0.010896
-0.0095926
-0.0077506
-0.0052818
-0.0025268
-3.0486e-05
0.0022625
0.0046883
0.0069254
0.0087355
0.010426
0.012259
0.014166
0.015108
0.014371
0.012533
0.010482
0.0088842
0.0080235
0.0078551
0.0081455
0.0087762
0.0098454
0.011337
0.013057
0.014066
0.014168
0.013635
0.013083
0.012853
0.012817
0.012868
0.013244
0.014058
0.015192
0.016345
0.016975
0.016076
0.013264
0.0089345
0.0042408
0.00056331
-0.0011055
-0.00090889
0.00037431
0.00304
0.0067925
0.010731
0.014102
0.01676
0.018611
0.019678
0.02017
0.020615
0.021385
0.022732
0.024514
0.026283
0.027673
0.028478
0.028421
0.02756
0.026257
0.025256
0.02509
0.025185
0.024906
0.024203
0.02358
0.023335
0.023021
0.022115
0.020316
0.017785
0.014837
0.011852
0.0088805
0.0057463
0.0024082
-0.00098288
-0.0042118
-0.0071721
-0.0099252
-0.01276
-0.015498
-0.017582
-0.018499
-0.01835
-0.017584
-0.016709
-0.015878
-0.015135
-0.014465
-0.013919
-0.013802
-0.014461
-0.015463
-0.016275
-0.016733
-0.016847
-0.016496
-0.015741
-0.014763
-0.013699
-0.012586
-0.011387
-0.010148
-0.0089786
-0.008196
-0.0077991
-0.0076454
-0.0081549
-0.009351
-0.010358
-0.010629
-0.010283
-0.010417
-0.011497
-0.013017
-0.014631
-0.016478
-0.018911
-0.021699
-0.023858
-0.025082
-0.025571
-0.024744
-0.022678
-0.019981
-0.017185
-0.01434
-0.011596
-0.0093202
-0.0081227
-0.0082012
-0.0097024
-0.011818
-0.014082
-0.017003
-0.020627
-0.02436
-0.026954
-0.02811
-0.028204
-0.027757
-0.026995
-0.025917
-0.024543
-0.022851
-0.020692
-0.018158
-0.015627
-0.013501
-0.012284
-0.011853
-0.011764
-0.011512
-0.010907
-0.009809
-0.0082628
-0.0064989
-0.0054798
-0.0055085
-0.006003
-0.0060391
-0.005284
-0.0041532
-0.0029763
-0.0014657
0.00057111
0.0029778
0.0052634
0.0071782
0.0083955
0.0089173
0.0089348
0.0090848
0.0096477
0.010506
0.011077
0.010716
0.0089671
0.0060043
0.0022774
-0.0020149
-0.0067987
-0.011239
-0.014186
-0.014745
-0.013478
-0.011314
-0.0085548
-0.0057008
-0.0032824
-0.001533
-0.0005367
-0.00049243
-0.001077
-0.0019518
-0.003028
-0.0042935
-0.0054102
-0.0063702
-0.0074639
-0.0087807
-0.010304
-0.012174
-0.014236
-0.016226
-0.017812
-0.018686
-0.018353
-0.016364
-0.012791
-0.0087914
-0.0053337
-0.0030611
-0.0014295
0.00021388
0.0019997
0.0035971
0.00441
0.0043809
0.0037791
0.0027715
0.0011668
-0.0015579
-0.0055743
-0.010757
-0.01594
-0.020216
-0.023348
-0.024779
-0.02455
-0.022486
-0.019329
-0.016148
-0.01361
-0.011896
-0.01174
-0.012685
-0.013784
-0.014676
-0.015517
-0.016366
-0.017363
-0.018721
-0.020682
-0.023441
-0.027259
-0.03176
-0.03621
-0.039884
-0.042439
-0.043701
-0.043667
-0.04213
-0.038728
-0.034072
-0.028786
-0.024254
-0.021373
-0.019625
-0.018058
-0.015682
-0.012813
-0.010461
-0.0091555
-0.0087698
-0.0094214
-0.011227
-0.014084
-0.017628
-0.021473
-0.024796
-0.027206
-0.028604
-0.028429
-0.026716
-0.02431
-0.021846
-0.019248
-0.016493
-0.01374
-0.011323
-0.0091975
-0.0071292
-0.0050147
-0.0029648
-0.0015549
-0.00095345
-0.00076797
-0.0010896
-0.0026145
-0.0054397
-0.0091991
-0.013704
-0.018214
-0.021972
-0.024232
-0.024688
-0.023176
-0.020769
-0.01853
-0.017196
-0.016832
-0.017337
-0.018307
-0.019564
-0.020871
-0.021943
-0.022488
-0.022107
-0.020859
-0.018776
-0.016416
-0.014456
-0.012659
-0.010584
-0.0084752
-0.0066449
-0.0052252
-0.0043813
-0.0042313
-0.0049951
-0.0066826
-0.0090391
-0.011588
-0.014018
-0.016086
-0.017744
-0.018915
-0.019138
-0.018359
-0.016592
-0.014092
-0.011159
-0.0088496
-0.007844
-0.008048
-0.0088296
-0.0093307
-0.0092807
-0.0088855
-0.0082646
-0.0074317
-0.0062102
-0.0047548
-0.0033602
-0.0022599
-0.0016242
-0.0017627
-0.0024236
-0.0031474
-0.0035114
-0.0037488
-0.0046619
-0.0065175
-0.0090394
-0.01196
-0.015027
-0.017957
-0.019784
-0.020008
-0.018752
-0.017122
-0.015951
-0.01546
-0.015334
-0.015349
-0.015442
-0.015634
-0.016032
-0.016589
-0.017053
-0.017234
-0.016979
-0.015849
-0.013706
-0.010752
-0.0073609
-0.0023697
0.0039006
0.0098178
0.014632
0.018502
0.021659
0.02402
0.025661
0.026692
0.027179
0.027242
0.027019
0.026765
0.026589
0.02645
0.026111
0.025472
0.024932
0.024581
0.024068
0.023376
0.022772
0.02252
0.02264
0.023217
0.024199
0.02542
0.026534
0.027402
0.027994
0.028467
0.028985
0.029729
0.030741
0.032108
0.033306
0.033826
0.033645
0.032758
0.030761
0.028068
0.02538
0.02308
0.021269
0.020061
0.019321
0.018923
0.019479
0.021131
0.023514
0.025881
0.027952
0.029954
0.031981
0.033705
0.035062
0.036185
0.036722
0.036506
0.035869
0.035478
0.035709
0.036677
0.038036
0.03954
0.041051
0.042523
0.043984
0.045368
0.046457
0.0474
0.048448
0.049362
0.049941
0.050238
0.050474
0.050776
0.050917
0.050745
0.050221
0.04913
0.047187
0.04514
0.043541
0.042128
0.040624
0.039103
0.037875
0.036988
0.036397
0.036413
0.037211
0.038055
0.038415
0.038243
0.038142
0.038556
0.039293
0.040001
0.040615
0.041177
0.041734
0.042473
0.043334
0.044054
0.044656
0.045292
0.045774
0.045924
0.045773
0.045527
0.045337
0.045365
0.045517
0.045453
0.045294
0.045327
0.045454
0.045507
0.04552
0.045587
0.045745
0.046043
0.046258
0.045885
0.044699
0.042808
0.040399
0.0377
0.034793
0.0315
0.027737
0.02366
0.020515
0.019191
0.019006
0.018816
0.018229
0.017819
0.018055
0.018544
0.018823
0.018849
0.019054
0.019704
0.020492
0.021141
0.021671
0.022073
0.022302
0.022479
0.022567
0.022216
0.021398
0.020424
0.019989
0.020118
0.02034
0.019978
0.018826
0.017405
0.016022
0.014541
0.013287
0.01244
0.011741
0.010858
0.0097073
0.0088661
0.0086246
0.0086818
0.0089231
0.0095672
0.0099914
0.0095636
0.0080884
0.0060033
0.0035663
0.00096364
-0.0017844
-0.0047853
-0.0078476
-0.010523
-0.011663
-0.011253
-0.010018
-0.0087143
-0.0074803
-0.0059057
-0.0040935
-0.0025906
-0.0016566
-0.0012383
-0.0011925
-0.001337
-0.0016596
-0.0020126
-0.002145
-0.0015866
-0.0004267
0.0010795
0.0025047
0.0035473
0.0037601
0.0029851
0.0013107
-0.00078757
-0.0029182
-0.0048047
-0.0062344
-0.0070146
-0.0074208
-0.0076833
-0.0078225
-0.0080236
-0.0086115
-0.0096675
-0.011022
-0.012666
-0.014298
-0.015289
-0.015428
-0.014751
-0.013434
-0.011386
-0.0089829
-0.0066266
-0.0045047
-0.0026715
-0.0012099
2.7498e-05
0.0012283
0.0024676
0.0034593
0.0038229
0.0035186
0.0026119
0.0010564
-0.00081991
-0.0025166
-0.0034809
-0.0037491
-0.0035776
-0.003319
-0.0032652
-0.0038552
-0.0051347
-0.0071515
-0.0094209
-0.011256
-0.012212
-0.012051
-0.01025
-0.0069288
-0.0021459
0.0033946
0.008808
0.01251
0.013998
0.013548
0.011815
0.0089097
0.0052057
0.0015306
-0.0012434
-0.0020367
-0.00069535
0.0022373
0.0060317
0.010587
0.014673
0.017512
0.018582
0.017927
0.015598
0.012037
0.0080072
0.0044783
0.0021209
0.00092414
0.00013959
-0.00062093
-0.0012752
-0.0021469
-0.0037004
-0.0062157
-0.0092632
-0.012365
-0.015123
-0.017385
-0.019151
-0.020273
-0.020356
-0.019157
-0.017036
-0.014427
-0.012179
-0.011168
-0.011495
-0.012883
-0.014534
-0.015894
-0.016816
-0.016921
-0.016153
-0.014374
-0.011531
-0.0076044
-0.0032576
0.00089465
0.004328
0.0066762
0.0076413
0.0077708
0.0074632
0.006674
0.0056049
0.0046443
0.0037039
0.0026542
0.0019056
0.0016541
0.0017198
0.0014853
0.00051281
-0.0014229
-0.0042786
-0.008175
-0.01232
-0.016015
-0.019134
-0.021863
-0.024198
-0.025454
-0.025662
-0.025387
-0.025034
-0.024628
-0.024549
-0.024831
-0.025146
-0.024931
-0.024065
-0.022453
-0.020531
-0.018931
-0.018172
-0.018078
-0.018156
-0.017847
-0.016765
-0.015097
-0.013304
-0.011875
-0.010996
-0.010776
-0.011585
-0.013318
-0.015529
-0.01779
-0.019896
-0.021787
-0.023538
-0.025266
-0.026891
-0.028276
-0.029353
-0.030175
-0.030851
-0.031347
-0.031508
-0.030937
-0.030099
-0.030048
-0.030422
-0.030259
-0.029165
-0.027497
-0.025441
-0.023437
-0.02182
-0.020503
-0.019153
-0.017404
-0.015446
-0.013658
-0.012279
-0.011324
-0.010818
-0.01085
-0.011376
-0.011739
-0.011467
-0.010405
-0.0088051
-0.006982
-0.0054131
-0.0042961
-0.0036672
-0.0034515
-0.0035252
-0.0034437
-0.0031106
-0.0028648
-0.0028099
-0.0028139
-0.0029933
-0.0034387
-0.0040458
-0.0047661
-0.0055025
-0.0054573
-0.0043716
-0.0021646
0.00072888
0.0037692
0.0062675
0.0083736
0.010702
0.013302
0.015922
0.01907
0.022732
0.025804
0.027961
0.029476
0.030166
0.029943
0.028604
0.026343
0.023442
0.019883
0.015791
0.011687
0.0082481
0.0058503
0.0049115
0.0051289
0.0059745
0.0068139
0.0074305
0.0076914
0.0077704
0.0078961
0.0083726
0.0093385
0.010636
0.012122
0.013851
0.016008
0.018587
0.020704
0.02202
0.022641
0.022561
0.021717
0.020443
0.018909
0.016729
0.014348
0.012545
0.011844
0.012016
0.012673
0.013383
0.013964
0.013949
0.013368
0.012582
0.011955
0.011637
0.012086
0.013168
0.01441
0.01567
0.017039
0.018051
0.018648
0.019154
0.01971
0.020255
0.020915
0.021962
0.023885
0.025991
0.027356
0.027594
0.027075
0.026452
0.025838
0.025002
0.023992
0.023052
0.022456
0.022398
0.022905
0.024003
0.02553
0.02701
0.027879
0.027951
0.027395
0.02652
0.025724
0.025316
0.02532
0.025441
0.025375
0.024809
0.023508
0.021458
0.018809
0.015689
0.012213
0.0085843
0.0050545
0.0023177
0.00070872
0.00018577
3.6463e-05
-0.0001426
-0.00034906
-0.00059097
-0.0010276
-0.0016053
-0.0021254
-0.0021678
-0.0016777
-0.00085816
-0.00010709
0.00032788
2.2252e-05
-0.00068067
-0.0010922
-0.001171
-0.0012627
-0.00164
-0.0023103
-0.0031737
-0.0039298
-0.0044556
-0.0047953
-0.005067
-0.0053725
-0.0060711
-0.0071189
-0.0076443
-0.0072719
-0.0061838
-0.0045684
-0.0025452
4.342e-05
0.00268
0.0045183
0.005535
0.0060287
0.0060013
0.0054788
0.0045734
0.0037765
0.0034582
0.0038618
0.0044981
0.0046549
0.0040592
0.002966
0.0013937
-0.00053067
-0.0024873
-0.0035459
-0.0031585
-0.0012233
0.0018081
0.0058194
0.010003
0.013751
0.016665
0.018599
0.019406
0.019167
0.017989
0.016705
0.015912
0.015647
0.015449
0.014986
0.013982
0.012508
0.01073
0.0087847
0.00674
0.0046488
0.0024213
5.8584e-05
-0.0018546
-0.003239
-0.0044357
-0.005778
-0.007397
-0.0095692
-0.012243
-0.015145
-0.017675
-0.019627
-0.020938
-0.021526
-0.021193
-0.020155
-0.018818
-0.017395
-0.016088
-0.015119
-0.014237
-0.013271
-0.012449
-0.012005
-0.012074
-0.012645
-0.013542
-0.014533
-0.015398
-0.015929
-0.015546
-0.014161
-0.012295
-0.0099775
-0.006685
-0.0032598
-0.0007963
0.00013697
-0.00020662
-0.0018597
-0.0049774
-0.0090716
-0.012955
-0.015856
-0.017655
-0.017907
-0.017171
-0.016289
-0.015642
-0.015259
-0.015576
-0.016619
-0.01835
-0.020328
-0.022064
-0.022977
-0.022931
-0.022022
-0.020626
-0.018954
-0.017499
-0.016485
-0.015834
-0.015138
-0.01419
-0.013087
-0.012106
-0.011417
-0.010742
-0.0098811
-0.0090433
-0.0083554
-0.00772
-0.0069992
-0.0062053
-0.0055431
-0.0051778
-0.0051662
-0.0053418
-0.0055596
-0.0059214
-0.0063405
-0.0065571
-0.0065481
-0.0063547
-0.0058368
-0.0051189
-0.0044514
-0.0042373
-0.0046424
-0.0056579
-0.0070522
-0.0086579
-0.010612
-0.013098
-0.016151
-0.01908
-0.021196
-0.02209
-0.022107
-0.021712
-0.02133
-0.021062
-0.020889
-0.020653
-0.020235
-0.019893
-0.019762
-0.019509
-0.018987
-0.018361
-0.018011
-0.018153
-0.01887
-0.020075
-0.021777
-0.023453
-0.024672
-0.025303
-0.025014
-0.023525
-0.020679
-0.016734
-0.012409
-0.0086912
-0.0059851
-0.0039231
-0.0021913
-0.00087003
-5.5049e-05
0.0001592
7.0454e-06
-0.00046789
-0.0017005
-0.0033771
-0.0049526
-0.0066766
-0.008799
-0.011013
-0.013232
-0.015456
-0.016729
-0.016721
-0.015817
-0.014853
-0.014106
-0.013235
-0.012063
-0.010743
-0.0092589
-0.007525
-0.0058357
-0.0047264
-0.0046754
-0.0057831
-0.0076585
-0.010105
-0.012819
-0.015417
-0.017574
-0.019207
-0.020276
-0.020731
-0.020588
-0.020033
-0.019478
-0.019643
-0.020379
-0.021053
-0.020842
-0.019505
-0.017151
-0.014554
-0.012341
-0.010853
-0.010041
-0.0098069
-0.01024
-0.011347
-0.012358
-0.012994
-0.013784
-0.01471
-0.015301
-0.015173
-0.01442
-0.013039
-0.011685
-0.010957
-0.010669
-0.01011
-0.0085514
-0.0063762
-0.0043088
-0.0026524
-0.0012461
5.3442e-05
0.0008644
0.00081533
-7.2925e-05
-0.0014356
-0.0027254
-0.0037233
-0.0045898
-0.0057809
-0.0073707
-0.0091921
-0.010929
-0.012322
-0.012873
-0.012419
-0.011019
-0.008871
-0.0060932
-0.0034525
-0.0012216
0.00085996
0.0026892
0.0039244
0.004362
0.0043494
0.0042667
0.0046362
0.0057214
0.0072338
0.0088699
0.010758
0.012358
0.01307
0.012958
0.012294
0.011128
0.0097617
0.0085308
0.0076433
0.0068596
0.0057609
0.0041689
0.0021868
7.9982e-05
-0.0023044
-0.0053292
-0.0082538
-0.010182
-0.010607
-0.0098233
-0.0079768
-0.0057429
-0.0035961
-0.0014822
0.00051814
0.0020845
0.0035844
0.0054878
0.0083733
0.011851
0.015121
0.017854
0.020023
0.020811
0.020031
0.01808
0.015928
0.014038
0.012577
0.011516
0.010926
0.011064
0.011869
0.013147
0.014778
0.01677
0.018902
0.020941
0.022589
0.023508
0.023392
0.022712
0.022042
0.021643
0.021322
0.020818
0.020013
0.019114
0.018544
0.018521
0.01905
0.019311
0.018828
0.017847
0.017094
0.017024
0.017206
0.01704
0.016229
0.015443
0.015287
0.015307
0.01494
0.014112
0.013282
0.012783
0.012442
0.012109
0.011984
0.012063
0.012142
0.011962
0.011457
0.010676
0.009763
0.0088957
0.0088057
0.0096583
0.011133
0.012901
0.014823
0.016001
0.01599
0.014912
0.013137
0.010752
0.0080703
0.0057393
0.0043643
0.0038766
0.0039343
0.0044493
0.0053518
0.0066824
0.0084569
0.01033
0.011574
0.012297
0.01299
0.013768
0.014398
0.014607
0.014184
0.012904
0.011191
0.0095188
0.0080297
0.0068085
0.005977
0.0057868
0.0061333
0.0069289
0.0078705
0.0087192
0.009571
0.010436
0.011053
0.011546
0.012273
0.013699
0.015652
0.017751
0.019403
0.020264
0.020302
0.019923
0.019353
0.018951
0.018897
0.018658
0.018094
0.017642
0.017614
0.017977
0.018637
0.01948
0.020454
0.021553
0.022741
0.023655
0.024134
0.024257
0.024109
0.023714
0.023496
0.023289
0.022499
0.021228
0.019898
0.018618
0.017188
0.015339
0.012643
0.0093836
0.0066534
0.0050043
0.0041753
0.0035825
0.0031347
0.0031971
0.0039786
0.0053631
0.007122
0.0091204
0.011244
0.013302
0.01515
0.016581
0.017547
0.018153
0.018428
0.018388
0.018383
0.018746
0.01972
0.020964
0.022026
0.02254
0.02236
0.02131
0.019761
0.018155
0.016597
0.015088
0.013901
0.013288
0.013181
0.012871
0.012063
0.010983
0.01005
0.0094156
0.0090665
0.0087976
0.0084272
0.0079715
0.0075479
0.007305
0.0073158
0.007624
0.0082519
0.0090904
0.0099189
0.010299
0.0098174
0.0090397
0.0085275
0.0082481
0.0079093
0.0071277
0.0058065
0.0042876
0.0027533
0.0010935
-0.00071458
-0.0025023
-0.0038075
-0.0045975
-0.0053654
-0.0063523
-0.0074123
-0.0082659
-0.0088759
-0.0094298
-0.01018
-0.011201
-0.012351
-0.01339
-0.014021
-0.01452
-0.015251
-0.016007
-0.016582
-0.017033
-0.017569
-0.01825
-0.018759
-0.01894
-0.018782
-0.018216
-0.017248
-0.016324
-0.015705
-0.015418
-0.015562
-0.016194
-0.016993
-0.017802
-0.018878
-0.020437
-0.022402
-0.024346
-0.026266
-0.028483
-0.030329
-0.031056
-0.030666
-0.029776
-0.02879
-0.027515
-0.025683
-0.023793
-0.022207
-0.020885
-0.019763
-0.018902
-0.018508
-0.018409
-0.018257
-0.017808
-0.017073
-0.016382
-0.015819
-0.015161
-0.014666
-0.014679
-0.014975
-0.015201
-0.015249
-0.015086
-0.014682
-0.014015
-0.01312
-0.01192
-0.010857
-0.010363
-0.010317
-0.010403
-0.010438
-0.010574
-0.010972
-0.011453
-0.012019
-0.013085
-0.014624
-0.016198
-0.016956
-0.016684
-0.015218
-0.012572
-0.0090264
-0.0055914
-0.0027306
-0.000397
0.0012266
0.0018783
0.0014116
-0.00011571
-0.0024861
-0.0046225
-0.0057409
-0.0060926
-0.0060125
-0.0052903
-0.0044155
-0.0040575
-0.0045515
-0.0056466
-0.0067977
-0.0075886
-0.0079753
-0.0080617
-0.0079374
-0.0076729
-0.0074075
-0.0071643
-0.0063847
-0.004961
-0.0035283
-0.0024035
-0.0013367
0.00047757
0.0031227
0.0057674
0.0073875
0.0077642
0.0077618
0.0078825
0.0078859
0.0077398
0.0077306
0.00843
0.0098463
0.011332
0.012111
0.011949
0.010969
0.0091244
0.0059953
0.0021994
-0.0013901
-0.0044452
-0.0067762
-0.0079817
-0.0080743
-0.0076106
-0.0074467
-0.0079196
-0.0089794
-0.010387
-0.011897
-0.013217
-0.014441
-0.015782
-0.016745
-0.016876
-0.016139
-0.015179
-0.014474
-0.013646
-0.012233
-0.010155
-0.0078307
-0.0056868
-0.0046339
-0.0048769
-0.0058063
-0.0066184
-0.007033
-0.0072156
-0.0071706
-0.0064493
-0.0049244
-0.0026301
-0.00013337
0.0019546
0.0031437
0.0036518
0.0036863
0.0030178
0.0017433
0.00057843
-0.00024958
-0.00096782
-0.0015745
-0.0019292
-0.0019715
-0.0019427
-0.0020582
-0.0022339
-0.0024097
-0.0027345
-0.0027808
-0.002148
-0.001378
-0.0010306
-0.0012309
-0.0014571
-0.0012708
-0.00065437
0.00014952
0.00091219
0.0015416
0.0020282
0.0021005
0.0014689
-0.00011872
-0.002259
-0.0043701
-0.0058234
-0.0068052
-0.0078058
-0.0084814
-0.0082435
-0.007009
-0.0053033
-0.0035641
-0.0016076
0.00065613
0.0016553
0.001232
0.00044953
0.00022365
0.00069188
0.0017355
0.003023
0.0044295
0.0060569
0.0078826
0.0092095
0.0098823
0.01014
0.0099788
0.0092846
0.0083478
0.0074627
0.0067001
0.0063293
0.0065688
0.0071946
0.007896
0.0085667
0.0087645
0.0082218
0.0075585
0.0070167
0.0062349
0.0053254
0.004601
0.0040478
0.0035639
0.0031177
0.0022743
0.00085165
-0.001148
-0.0033835
-0.0054387
-0.0067333
-0.0072886
-0.0077047
-0.008297
-0.00893
-0.0095741
-0.010258
-0.010894
-0.011207
-0.011079
-0.010866
-0.010691
-0.010199
-0.0092308
-0.0079887
-0.0070936
-0.0068645
-0.0072992
-0.0080031
-0.0086435
-0.0089678
-0.0089007
-0.0083624
-0.0075513
-0.0066851
-0.0057417
-0.0045828
-0.0031469
-0.0020537
-0.0018361
-0.0023951
-0.0034668
-0.0050028
-0.00653
-0.0075889
-0.0081014
-0.0085266
-0.0093555
-0.0098797
-0.0093505
-0.0083748
-0.0077363
-0.0076729
-0.0079854
-0.0083944
-0.00835
-0.0079031
-0.0074744
-0.0069987
-0.0062204
-0.0054419
-0.0049155
-0.0046543
-0.0045153
-0.0043828
-0.0041238
-0.0038041
-0.0036154
-0.0036208
-0.0036457
-0.0029876
-0.0018443
-0.0011346
-0.0013244
-0.0021284
-0.0025461
-0.0025021
-0.0028219
-0.0039933
-0.0057603
-0.0071677
-0.0076945
-0.0074025
-0.0068256
-0.006229
-0.0057003
-0.0049694
-0.003737
-0.0029423
-0.0034017
-0.0045051
-0.0051021
-0.0046298
-0.0039616
-0.0039839
-0.0050732
-0.0064771
-0.0072722
-0.0074987
-0.0076911
-0.008493
-0.0097929
-0.01111
-0.012318
-0.013485
-0.014291
-0.01469
-0.014934
-0.01543
-0.016238
-0.017144
-0.017849
-0.01818
-0.018376
-0.018667
-0.019011
-0.019362
-0.019759
-0.019973
-0.019965
-0.020223
-0.020998
-0.022175
-0.023324
-0.024142
-0.024502
-0.024837
-0.025552
-0.026001
-0.025641
-0.024621
-0.023556
-0.022803
-0.022254
-0.021858
-0.02196
-0.022487
-0.02316
-0.023702
-0.024066
-0.024337
-0.024538
-0.024602
-0.024812
-0.025241
-0.025521
-0.02574
-0.026285
-0.026851
-0.026994
-0.026579
-0.025963
-0.025405
-0.024577
-0.023388
-0.022354
-0.021507
-0.020481
-0.019397
-0.018501
-0.017772
-0.017077
-0.016406
-0.016023
-0.015969
-0.015909
-0.015832
-0.016001
-0.016062
-0.0157
-0.014852
-0.014046
-0.01388
-0.014076
-0.014111
-0.013652
-0.01312
-0.013147
-0.013707
-0.014355
-0.014719
-0.014888
-0.015047
-0.014815
-0.014011
-0.012989
-0.011973
-0.010842
-0.0095969
-0.0085424
-0.008211
-0.0083343
-0.008416
-0.0085721
-0.0091283
-0.010203
-0.011172
-0.011296
-0.010557
-0.0095256
-0.0088453
-0.0088143
-0.0095514
-0.010793
-0.012176
-0.01343
-0.014549
-0.015615
-0.016536
-0.017416
-0.018565
-0.0197
-0.020372
-0.020448
-0.020146
-0.019508
-0.019022
-0.019054
-0.01903
-0.018621
-0.01807
-0.017608
-0.017304
-0.017532
-0.018025
-0.018155
-0.017943
-0.017736
-0.01773
-0.017847
-0.01793
-0.01753
-0.016404
-0.014976
-0.013569
-0.012107
-0.010789
-0.0098879
-0.0095171
-0.0096365
-0.010252
-0.011256
-0.012526
-0.013557
-0.014251
-0.014879
-0.015555
-0.016103
-0.016049
-0.015396
-0.014491
-0.013855
-0.013573
-0.013348
-0.013062
-0.012855
-0.012803
-0.012865
-0.013105
-0.013591
-0.014358
-0.015283
-0.016125
-0.01657
-0.016565
-0.016126
-0.015477
-0.014852
-0.014541
-0.014408
-0.014133
-0.013782
-0.013515
-0.013268
-0.012978
-0.012664
-0.01236
-0.012038
-0.011435
-0.010509
-0.0095521
-0.0087723
-0.0084999
-0.0086871
-0.0088628
-0.0088287
-0.0087241
-0.0087022
-0.0087635
-0.0088311
-0.0088639
-0.0088744
-0.0086986
-0.0081008
-0.0073328
-0.006679
-0.006141
-0.0055889
-0.0049662
-0.0043115
-0.0036772
-0.0035053
-0.0043316
-0.0055467
-0.0064696
-0.0068226
-0.0066914
-0.0063261
-0.0058392
-0.0050086
-0.0036883
-0.0021828
-0.0020189
-0.002984
-0.0035014
-0.0030674
-0.0022665
-0.0017356
-0.0015437
-0.0014881
-0.0013372
-0.0010458
-0.00077901
-0.00077893
-0.0013707
-0.0023141
-0.0031558
-0.0034848
-0.0032656
-0.0026169
-0.0018725
-0.0012433
-0.0010756
-0.0013008
-0.0017073
-0.0020437
-0.0021677
-0.0019171
-0.0014271
-0.00094047
-0.00057214
-0.00032523
-0.00039295
-0.00077548
-0.0013389
-0.0022227
-0.0035627
-0.0048038
-0.0055483
-0.0058
-0.0056688
-0.0053565
-0.0052684
-0.0053217
-0.0051702
-0.0050724
-0.0052393
-0.0052332
-0.0046506
-0.0033973
-0.0017549
-3.0028e-05
0.0016365
0.0030705
0.0040432
0.0046408
0.0050527
0.0056933
0.0064776
0.0070158
0.0075405
0.0084311
0.0095493
0.01057
0.011371
0.012247
0.013441
0.014816
0.016207
0.01767
0.018923
0.019637
0.019772
0.019657
0.019493
0.018979
0.01787
0.016654
0.015611
0.014498
0.01332
0.012274
0.011288
0.010593
0.010623
0.010803
0.010628
0.01088
0.011893
0.01322
0.014323
0.015038
0.015153
0.014994
0.015128
0.015427
0.015492
0.015316
0.015319
0.016093
0.017419
0.018685
0.019238
0.019501
0.020508
0.021727
0.022055
0.021143
0.019734
0.018567
0.017918
0.017654
0.017352
0.016756
0.015784
0.014871
0.014395
0.014214
0.013905
0.013207
0.01223
0.011191
0.010454
0.010193
0.010388
0.010646
0.010819
0.011483
0.012711
0.014094
0.015372
0.016519
0.017273
0.017623
0.017612
0.016967
0.015633
0.014801
0.014757
0.014877
0.015409
0.016595
0.017932
0.019067
0.020083
0.02117
0.022427
0.023889
0.024821
0.024683
0.024231
0.023988
0.023582
0.023017
0.022625
0.022355
0.022104
0.022026
0.022372
0.023178
0.024085
0.024681
0.024553
0.023979
0.02343
0.02311
0.023066
0.023534
0.024126
0.024346
0.024115
0.023661
0.023203
0.022739
0.022238
0.022124
0.022394
0.022674
0.02246
0.021602
0.020535
0.019745
0.019509
0.019345
0.018743
0.01775
0.017111
0.017524
0.01845
0.01914
0.019081
0.018574
0.018138
0.017672
0.016879
0.016158
0.015972
0.016452
0.017184
0.017828
0.018423
0.018975
0.019327
0.019501
0.019556
0.019371
0.019099
0.01907
0.01934
0.019709
0.019901
0.019913
0.019844
0.019333
0.01823
0.016643
0.014895
0.013266
0.01197
0.011088
0.010706
0.010534
0.010297
0.010088
0.010054
0.010142
0.010271
0.010455
0.010787
0.011158
0.011211
0.010978
0.010736
0.010755
0.011152
0.012054
0.013243
0.01449
0.016065
0.017898
0.019183
0.019779
0.019982
0.01978
0.019089
0.01801
0.016804
0.015651
0.014925
0.014722
0.014818
0.015126
0.015706
0.01643
0.017125
0.017619
0.017772
0.017565
0.017137
0.01677
0.016906
0.017086
0.016691
0.015838
0.015042
0.014788
0.014919
0.015031
0.014837
0.014468
0.014198
0.01419
0.014454
0.015046
0.015806
0.016513
0.017185
0.017917
0.018529
0.018976
0.01937
0.019754
0.020094
0.020416
0.020494
0.01972
0.018405
0.017235
0.01657
0.016237
0.015977
0.015411
0.014401
0.013213
0.012112
0.011133
0.010181
0.009227
0.0084338
0.0077928
0.0071556
0.0065216
0.0059892
0.0057966
0.0059371
0.0062369
0.0064307
0.0064678
0.0065028
0.0065324
0.0064162
0.0063575
0.0065542
0.0069888
0.0076929
0.0088198
0.0099312
0.010653
0.010775
0.010454
0.0099099
0.0093699
0.0090184
0.0090943
0.0094517
0.0098645
0.010175
0.010357
0.0104
0.010317
0.010046
0.0094135
0.0086122
0.0082993
0.0084565
0.0086909
0.0088828
0.0091985
0.0098359
0.010568
0.011015
0.010911
0.010353
0.0096227
0.0090398
0.0086973
0.0083851
0.0078752
0.0070106
0.0059704
0.0050088
0.0043714
0.0041305
0.0043093
0.0047186
0.005229
0.006224
0.0077429
0.0091468
0.010177
0.011023
0.011665
0.011828
0.011128
0.010132
0.0095727
0.0097132
0.010302
0.010988
0.011705
0.012511
0.012958
0.012844
0.012458
0.012032
0.01153
0.01079
0.0097085
0.0082474
0.0068009
0.005734
0.0050634
0.0045065
0.0038612
0.0030021
0.0018977
0.00061782
-0.00044915
-0.00064012
-0.00043549
-0.00066884
-0.0016469
-0.0029269
-0.004048
-0.0048833
-0.005546
-0.006195
-0.0068908
-0.0076038
-0.0083024
-0.0089481
-0.00932
-0.0095492
-0.009988
-0.010874
-0.012148
-0.013203
-0.013686
-0.013643
-0.013425
-0.01325
-0.01307
-0.013029
-0.013432
-0.014034
-0.014485
-0.014567
-0.01445
-0.014401
-0.014579
-0.014825
-0.014506
-0.013727
-0.013174
-0.013558
-0.014711
-0.015787
-0.016056
-0.015211
-0.013773
-0.012334
-0.011143
-0.010171
-0.0093954
-0.0085595
-0.0075047
-0.0063068
-0.0052089
-0.0043868
-0.003729
-0.003127
-0.0027521
-0.0025875
-0.0024517
-0.0024486
-0.002771
-0.0033948
-0.0041262
-0.0048188
-0.005188
-0.0051027
-0.0049378
-0.0049717
-0.0051884
-0.0054045
-0.0055194
-0.0055475
-0.0054842
-0.0052471
-0.00452
-0.003199
-0.0021797
-0.0017707
-0.0015589
-0.0010271
-9.0384e-05
0.00084079
0.0014244
0.0014763
0.0011592
0.00077884
0.00090863
0.0017109
0.0030208
0.0043878
0.0056143
0.0067112
0.0075595
0.0079091
0.0078684
0.0076084
0.0072377
0.0067928
0.006263
0.0054708
0.0043536
0.0034257
0.0029655
0.002857
0.0027984
0.0027734
0.0035064
0.0048667
0.0060341
0.0064602
0.0063715
0.0062961
0.0061678
0.0055396
0.0046999
0.004085
0.0038903
0.0039115
0.0039243
0.0040952
0.0045023
0.0047464
0.0045776
0.004017
0.0031823
0.0023857
0.0021978
0.0025324
0.0030198
0.003259
0.0031813
0.0029299
0.0029055
0.0034046
0.0039151
0.0040105
0.0038115
0.0038612
0.0045436
0.0053478
0.0057587
0.0057571
0.0057218
0.0059282
0.0064453
0.0069897
0.0070106
0.0064247
0.0055281
0.0046551
0.0034971
0.0020523
0.00092685
0.00041172
0.00033936
0.00037914
0.0003874
0.00033606
0.00034804
0.00064992
0.0012263
0.0018792
0.0021911
0.0018926
0.00080648
-0.00066536
-0.0021292
-0.0037793
-0.0055724
-0.0071407
-0.0085034
-0.0097515
-0.010317
-0.010074
-0.009351
-0.0084937
-0.0077601
-0.0079651
-0.0088771
-0.0095921
-0.0096817
-0.0093818
-0.0088164
-0.0082921
-0.0082028
-0.0085695
-0.009124
-0.0096588
-0.010042
-0.010176
-0.010187
-0.010211
-0.010259
-0.010199
-0.0098998
-0.0094726
-0.0090548
-0.0086526
-0.0082715
-0.0079635
-0.0077462
-0.007476
-0.0068465
-0.0059044
-0.0048598
-0.0040393
-0.0035798
-0.0038145
-0.0046985
-0.0059099
-0.0066443
-0.0066545
-0.0063698
-0.0062548
-0.0064182
-0.0069518
-0.007805
-0.0087716
-0.0096292
-0.010304
-0.010763
-0.010871
-0.010324
-0.0094532
-0.008759
-0.0084985
-0.0087879
-0.0099645
-0.011775
-0.013639
-0.014668
-0.014807
-0.014234
-0.013088
-0.011513
-0.010209
-0.0095103
-0.0095034
-0.009985
-0.01074
-0.011594
-0.012291
-0.012563
-0.01224
-0.011253
-0.0097518
-0.0081085
-0.006608
-0.0053886
-0.0044557
-0.0036877
-0.0028747
-0.0018352
-0.0010289
-0.00088947
-0.001164
-0.0014903
-0.0017867
-0.0022452
-0.0029882
-0.0038198
-0.0043392
-0.0042372
-0.0035321
-0.0023523
-0.0010809
-2.3724e-05
0.00062327
0.00092338
0.0010227
0.00106
0.0012563
0.001986
0.0030589
0.0041603
0.0055824
0.0070747
0.0076203
0.0069276
0.0054467
0.0038821
0.0024855
0.0010756
-0.00058982
-0.0024409
-0.0037837
-0.0042987
-0.0041208
-0.0034846
-0.0024327
-0.0012836
-0.00047377
-0.00031088
-0.0011039
-0.0030004
-0.0054178
-0.007355
-0.0080979
-0.0079089
-0.0074991
-0.0074838
-0.0075949
-0.0072312
-0.0064789
-0.0058383
-0.0060882
-0.0069697
-0.0076224
-0.0073235
-0.0061894
-0.0044452
-0.0026182
-0.0012077
2.8345e-05
0.0014024
0.0024754
0.0028106
0.0023333
0.0015554
0.00091129
0.00099051
0.0017807
0.0029321
0.0040167
0.0048706
0.0051679
0.0049035
0.0040444
0.0029444
0.00194
0.00094014
-7.7978e-05
-0.00092684
-0.0016266
-0.0023245
-0.0031708
-0.0040987
-0.0049494
-0.0056751
-0.0063213
-0.0068231
-0.0072032
-0.007559
-0.0079475
-0.0084948
-0.0095028
-0.010925
-0.012559
-0.013829
-0.014447
-0.014476
-0.014093
-0.013322
-0.011708
-0.0095604
-0.0083653
-0.0081331
-0.0079754
-0.0077508
-0.007755
-0.0080169
-0.0084861
-0.0091767
-0.0096355
-0.0096354
-0.0094185
-0.0090714
-0.008478
-0.0076071
-0.0066078
-0.0057709
-0.0050584
-0.004255
-0.0033028
-0.0022867
-0.0012455
-0.000723
-0.0014399
-0.0028678
-0.0041221
-0.0047571
-0.0049932
-0.0051106
-0.0055344
-0.0062997
-0.0070278
-0.007402
-0.0074238
-0.0072585
-0.0067899
-0.0055251
-0.00379
-0.0022524
-0.0015302
-0.0016561
-0.0023576
-0.0032337
-0.0041078
-0.0050459
-0.0061835
-0.0075522
-0.0082548
-0.0075667
-0.0059598
-0.0044487
-0.0037117
-0.0037984
-0.0044262
-0.0050251
-0.0052559
-0.0049263
-0.0039732
-0.0024522
-0.00067145
0.0011609
0.0031087
0.0047694
0.0057528
0.0063546
0.0068574
0.0071438
0.0071168
0.006811
0.0060727
0.005056
0.004435
0.0044795
0.0050575
0.0063207
0.0081989
0.010684
0.013337
0.015685
0.01731
0.018195
0.018557
0.01868
0.018599
0.018436
0.018282
0.018113
0.018006
0.01809
0.01811
0.017826
0.017222
0.016486
0.015744
0.014909
0.014101
0.013853
0.014078
0.014348
0.0145
0.014625
0.014818
0.014878
0.014604
0.014106
0.013512
0.012698
0.011848
0.011275
0.011203
0.011447
0.011718
0.011854
0.011852
0.011648
0.011166
0.010343
0.0093415
0.0083555
0.0075823
0.0072925
0.0077331
0.0083049
0.0085122
0.0084426
0.0084946
0.0088833
0.00937
0.0096085
0.0093582
0.0087568
0.00792
0.0066578
0.0049642
0.0032005
0.0017022
0.00051804
-0.00042852
-0.0011473
-0.0015482
-0.0018211
-0.0021689
-0.0024367
-0.0025842
-0.0028255
-0.003387
-0.0042679
-0.0050945
-0.005374
-0.0047984
-0.0037828
-0.0026975
-0.001556
-0.00038503
0.00067511
0.0017748
0.003033
0.0040501
0.0045952
0.0045759
0.0038094
0.0022062
4.3425e-05
-0.0021636
-0.0039989
-0.0049524
-0.0051007
-0.0048373
-0.0041655
-0.0028141
-0.0016265
-0.0011663
-0.0011781
-0.0014465
-0.0021705
-0.0032949
-0.0045798
-0.0058868
-0.0069661
-0.0075077
-0.0076965
-0.0078074
-0.0078567
-0.0079651
-0.0083304
-0.0087466
-0.0089617
-0.0089023
-0.008402
-0.0073543
-0.0059443
-0.0043948
-0.0028797
-0.0016774
-0.001116
-0.0011686
-0.0016094
-0.002307
-0.0029421
-0.0031619
-0.002729
-0.001919
-0.0014175
-0.0014118
-0.0017089
-0.0019741
-0.0022101
-0.002773
-0.003646
-0.004565
-0.0054034
-0.0061297
-0.0066041
-0.0068233
-0.006847
-0.0065482
-0.0059734
-0.0052356
-0.0044637
-0.0037721
-0.0035813
-0.004112
-0.0053399
-0.0072782
-0.0098552
-0.012276
-0.013688
-0.013651
-0.012528
-0.010674
-0.0086151
-0.006709
-0.005145
-0.004095
-0.0036547
-0.0038918
-0.00468
-0.0056385
-0.0064478
-0.0070175
-0.0072373
-0.0068757
-0.0052326
-0.0025797
0.00032839
0.0029299
0.0049657
0.0059766
0.0065419
0.0074436
0.0086304
0.0097543
0.010966
0.01239
0.013932
0.015501
0.01698
0.017677
0.017414
0.016147
0.014185
0.01189
0.0096317
0.0078884
0.007115
0.007018
0.0070853
0.007203
0.0074368
0.0077583
0.0079555
0.0078907
0.0073016
0.0061295
0.004443
0.0025331
0.00058082
-0.0014267
-0.0033279
-0.0049599
-0.0064657
-0.0080908
-0.010073
-0.012428
-0.01502
-0.017607
-0.01965
-0.020524
-0.020036
-0.018608
-0.016335
-0.013733
-0.011522
-0.0097052
-0.0080134
-0.0065553
-0.0052404
-0.0037068
-0.0021471
-0.00099804
-0.00079594
-0.0016683
-0.0034573
-0.0052312
-0.0062295
-0.0059581
-0.0043321
-0.001302
0.0027154
0.0074287
0.011335
0.013648
0.013808
0.012221
0.0094549
0.006096
0.0028907
0.0010366
0.00064277
0.0015144
0.0034449
0.0058717
0.0072161
0.0066527
0.0041478
0.00056204
-0.0032463
-0.0067147
-0.0094099
-0.011046
-0.011096
-0.0097702
-0.0075484
-0.0045641
-0.00081158
0.0021937
0.003786
0.0039927
0.002958
0.00074466
-0.0026353
-0.0066063
-0.0098921
-0.011814
-0.012826
-0.013441
-0.013501
-0.012451
-0.010363
-0.0078263
-0.005409
-0.0036152
-0.0028404
-0.0027511
-0.0030222
-0.0035763
-0.0043705
-0.0052966
-0.0059763
-0.0062069
-0.0056654
-0.004473
-0.0030219
-0.0021358
-0.0020479
-0.0026651
-0.0037519
-0.0051902
-0.0065987
-0.0076738
-0.0082589
-0.0084391
-0.0083052
-0.0075404
-0.0061383
-0.0046971
-0.0035806
-0.0028128
-0.0027198
-0.0034997
-0.0050957
-0.0069895
-0.0087326
-0.0098996
-0.010344
-0.0099851
-0.0089275
-0.0073953
-0.0060024
-0.0050583
-0.0046921
-0.0049863
-0.0059212
-0.0071193
-0.0082812
-0.0093777
-0.010128
-0.010156
-0.0090061
-0.007118
-0.0051666
-0.003876
-0.0035357
-0.00389
-0.0043673
-0.0046333
-0.0045577
-0.004099
-0.0031596
-0.0018472
-0.00019549
0.0015157
0.0029813
0.0038491
0.0038596
0.0026768
0.00056019
-0.0019441
-0.0040136
-0.0052946
-0.0057849
-0.005646
-0.0052633
-0.0055536
-0.0063708
-0.0068889
-0.0068848
-0.0066669
-0.006308
-0.0059136
-0.0056552
-0.0053887
-0.0050549
-0.0049248
-0.004938
-0.0047848
-0.0041758
-0.0031899
-0.0021587
-0.0014713
-0.0013781
-0.001698
-0.0022136
-0.0029755
-0.0041254
-0.0056762
-0.0074378
-0.0088549
-0.0088831
-0.0076754
-0.0060923
-0.0050408
-0.0044753
-0.0039018
-0.003109
-0.0022449
-0.0015327
-0.00089327
-1.6924e-05
0.0009344
0.0016138
0.0018009
0.0014693
0.0005812
-0.00064719
-0.0019255
-0.0028301
-0.0031755
-0.0029626
-0.0024467
-0.0017944
-0.0013102
-0.0010455
-0.00086112
-0.00069494
-0.00058571
-0.00043507
-7.4567e-05
0.00062784
0.0017824
0.0034543
0.0054923
0.0072954
0.0082626
0.0084698
0.0081238
0.0070983
0.0057796
0.0048093
0.0041913
0.0035916
0.0028711
0.0021408
0.0015508
0.0012024
0.0011182
0.0013429
0.001846
0.0025548
0.003397
0.0042823
0.005031
0.0054649
0.0054006
0.0047931
0.0037586
0.0024349
0.0011449
0.00011075
-0.00069977
-0.0013593
-0.0018293
-0.0021852
-0.0025212
-0.0029859
-0.0035891
-0.0042223
-0.0045661
-0.0044715
-0.0036218
-0.0019513
0.000434
0.0029378
0.0050697
0.006046
0.0061514
0.0060668
0.0058544
0.005199
0.0039936
0.0026603
0.0016964
0.0012829
0.0013578
0.0017205
0.0020964
0.0023077
0.002301
0.0021076
0.001926
0.0019234
0.0021407
0.0023536
0.0023799
0.0021397
0.0016965
0.0011231
0.000579
0.00025327
0.00082859
0.0018558
0.0022483
0.0019217
0.0014311
0.0010093
0.00080784
0.0010131
0.0012049
0.0010667
0.00070372
0.00041742
0.000356
0.00022727
-0.00018879
-0.00081207
-0.0012697
-0.0012438
-0.00084418
-0.00027676
0.00046624
0.0013933
0.002478
0.0034331
0.0041235
0.0045999
0.0049252
0.0050549
0.0049244
0.0046196
0.004417
0.0042899
0.003968
0.0032167
0.0021064
0.00088247
-0.00048759
-0.0022137
-0.0036667
-0.0042412
-0.0037469
-0.0023416
-0.00026038
0.0020868
0.0043512
0.0061
0.0072647
0.0078362
0.0078708
0.0076203
0.0076292
0.0077139
0.0072954
0.0067286
0.0064585
0.0063383
0.0062824
0.0064593
0.0066737
0.0067417
0.0067603
0.0066998
0.0063631
0.0058303
0.0052771
0.0047612
0.0044126
0.0044229
0.004689
0.0051931
0.006277
0.007798
0.0093359
0.01001
0.0094324
0.0077107
0.0056355
0.0037389
0.0021753
0.00094833
0.00025388
0.00011932
0.00032437
0.00015683
-0.00055627
-0.001595
-0.0023181
-0.0023154
-0.0016154
-0.00086425
-0.00081719
-0.0012948
-0.0017544
-0.0020123
-0.002281
-0.0028696
-0.0038975
-0.0051907
-0.0060398
-0.006233
-0.00605
-0.0059464
-0.0060269
-0.0060254
-0.0057571
-0.005252
-0.0047052
-0.004239
-0.0039623
-0.0037351
-0.0033421
-0.0030052
-0.0029886
-0.0031493
-0.0032438
-0.0032113
-0.0032342
-0.0034733
-0.0042011
-0.005184
-0.0059065
-0.0059215
-0.0053275
-0.0043156
-0.0030916
-0.0018053
-0.00078501
-0.00020483
-0.00049324
-0.0014367
-0.0024592
-0.0030725
-0.0031528
-0.0026513
-0.0019726
-0.001501
-0.0013415
-0.0013529
-0.0014886
-0.0016866
-0.0018388
-0.001774
-0.0015238
-0.001333
-0.0013556
-0.0016389
-0.0022987
-0.0032397
-0.0041026
-0.004809
-0.0054852
-0.0059344
-0.0059418
-0.005449
-0.0046053
-0.0035866
-0.0026622
-0.0020475
-0.0020087
-0.0025327
-0.0034316
-0.0044925
-0.0055599
-0.0063712
-0.0066447
-0.0062936
-0.0053417
-0.0039623
-0.002525
-0.0015094
-0.0010328
-0.00039601
0.00050079
0.0007271
-8.752e-05
-0.0014679
-0.0021299
-0.0016532
-0.00055563
0.00032753
0.000718
0.001034
0.0015768
0.0022087
0.0027618
0.003212
0.0034339
0.0034117
0.0032839
0.0028505
0.0019385
0.0011178
0.00065286
0.00031052
-0.00019188
-0.00092658
-0.0019514
-0.003167
-0.0043764
-0.0050247
-0.0050435
-0.0049323
-0.0050257
-0.0052973
-0.0056309
-0.0059116
-0.0059912
-0.0059048
-0.0057236
-0.0053768
-0.0048793
-0.0044365
-0.0042467
-0.0044297
-0.0048915
-0.005469
-0.0060419
-0.0062676
-0.0059097
-0.0050153
-0.0039016
-0.0030829
-0.002691
-0.0025438
-0.0025047
-0.0025313
-0.0025132
-0.0022771
-0.0017755
-0.0012764
-0.0008667
-0.00033661
-4.4226e-05
-0.0003953
-0.0010202
-0.0016209
-0.0024045
-0.0031339
-0.0034761
-0.0038273
-0.0042244
-0.003975
-0.0031226
-0.0022495
-0.0019182
-0.0020932
-0.0026306
-0.0032713
-0.0037935
-0.0038371
-0.0027995
-0.00012001
0.0030456
0.0055862
0.006933
0.0071515
0.006304
0.0045137
0.001969
-0.00073775
-0.0029349
-0.0041791
-0.0046257
-0.0046867
-0.004347
-0.0036423
-0.0028364
-0.0026065
-0.0030683
-0.0037362
-0.0042304
-0.0044856
-0.004307
-0.0038385
-0.0037041
-0.0039752
-0.0043232
-0.0044926
-0.0044973
-0.0044436
-0.0044056
-0.0043653
-0.0042483
-0.0040296
-0.0037433
-0.0035706
-0.0036668
-0.0036552
-0.0031441
-0.0019784
-0.00071605
9.2855e-05
0.00080571
0.0018161
0.0028832
0.0033807
0.0027609
0.00088072
-0.0015734
-0.0032912
-0.0035805
-0.0026569
-0.0011255
0.00064013
0.0023557
0.00385
0.0049646
0.0054997
0.0055536
0.0053883
0.0051762
0.0050097
0.0054215
0.0064924
0.0076349
0.0084163
0.0087621
0.0085216
0.0077878
0.0068556
0.0060875
0.0057647
0.0059776
0.0064835
0.0068365
0.0068467
0.0065457
0.0062046
0.0059805
0.005835
0.0056379
0.0053149
0.0048823
0.0043503
0.0036631
0.0032074
0.0032748
0.0032633
0.0028643
0.00253
0.0023936
0.002197
0.0017092
0.0010519
0.00063873
0.00091223
0.0019048
0.0028586
0.0032776
0.0031239
0.0024287
0.0012103
-0.00020821
-0.0016029
-0.0030078
-0.0040565
-0.0043496
-0.0038841
-0.0030306
-0.0020511
-0.00095815
0.00028607
0.0012258
0.0018577
0.0026286
0.0036187
0.0046278
0.0056727
0.0067982
0.0079623
0.0087266
0.0087691
0.0082109
0.0072636
0.0060189
0.0051518
0.0052071
0.0059209
0.0066917
0.007263
0.0076247
0.0077757
0.0075315
0.0070133
0.0064971
0.0062628
0.0063966
0.0067536
0.0071222
0.0074127
0.00772
0.0081128
0.008406
0.0083213
0.0076631
0.0063906
0.004616
0.0031855
0.0025881
0.0027697
0.0032782
0.0037649
0.0040208
0.0040414
0.0038671
0.0037191
0.0036689
0.0035545
0.0035188
0.0038999
0.0045529
0.0050532
0.0050001
0.0046553
0.0043798
0.0037803
0.0026256
0.0013238
4.2316e-05
-0.0013049
-0.0023425
-0.0029024
-0.0029517
-0.0024325
-0.0014026
-0.00048634
0.00019387
0.0010998
0.0019608
0.0022212
0.001892
0.0013678
0.00081189
0.00017169
-0.00065061
-0.0018383
-0.0032026
-0.0043942
-0.0054431
-0.0065261
-0.0076372
-0.0086849
-0.0095926
-0.010178
-0.01041
-0.010435
-0.010461
-0.01059
-0.010896
-0.011275
-0.011421
-0.011217
-0.010757
-0.010122
-0.0093437
-0.0084897
-0.0076441
-0.0068859
-0.0065548
-0.0066857
-0.0068906
-0.0071085
-0.0074856
-0.0076342
-0.0072628
-0.0064417
-0.0054374
-0.0043657
-0.0030064
-0.0014129
-0.00016598
0.00052692
0.00085226
0.00076166
0.00020663
-0.00060831
-0.001237
-0.0014701
-0.001607
-0.0017249
-0.0013969
-0.00078577
-0.00032365
-5.4067e-06
0.00036476
0.00087174
0.0015421
0.0023595
0.0031989
0.0039355
0.0044462
0.0047875
0.0051269
0.0059154
0.007167
0.0083409
0.0088556
0.00866
0.0084992
0.0085818
0.008258
0.0074616
0.0066246
0.0059751
0.005436
0.0049218
0.0046473
0.0048196
0.0053034
0.0058019
0.0061198
0.0059178
0.0050334
0.0039282
0.003079
0.002601
0.0022703
0.0019544
0.0017636
0.0017819
0.0019817
0.0021976
0.0023679
0.002678
0.0030968
0.0033884
0.0034127
0.0032044
0.002605
0.0017126
0.00081606
0.00023416
0.00016897
0.00086531
0.0021858
0.0039691
0.0055511
0.0066181
0.0072336
0.0073535
0.0067158
0.0056899
0.0047171
0.0039018
0.0033866
0.003491
0.0042745
0.0054539
0.006635
0.0074856
0.0077817
0.0074821
0.006702
0.0055462
0.004222
0.0029093
0.002193
0.0022401
0.0026434
0.0029599
0.0031045
0.0031996
0.0032505
0.0030455
0.0027184
0.0024973
0.0021833
0.0016939
0.0013649
0.0013227
0.0014375
0.0016295
0.0018169
0.0018807
0.001775
0.0015942
0.0017823
0.0024255
0.0033904
0.0041741
0.0043974
0.0039683
0.0032073
0.0023433
0.0018687
0.0021627
0.0032814
0.0047686
0.0062715
0.00765
0.0089238
0.010228
0.011311
0.011392
0.010324
0.0084969
0.0061233
0.0034091
0.00098394
-0.00045216
-0.00070167
-0.00016099
0.00066954
0.001635
0.0026306
0.0035934
0.0044424
0.005113
0.0054364
0.0054588
0.0064298
0.0062571
0.0060235
0.0057286
0.0054315
0.0051766
0.004921
0.004604
0.004173
0.0037385
0.0033812
0.0028592
0.0021761
0.0016362
0.0015153
0.0017842
0.0019253
0.0017223
0.0013035
0.0010562
0.0011616
0.0013265
0.0013511
0.001313
0.0012732
0.0012326
0.0013355
0.001612
0.0019769
0.0023271
0.0026972
0.0032327
0.0037745
0.0040606
0.0037883
0.0029626
0.0018369
0.00060512
-0.00058191
-0.00095362
-0.00057489
-5.9603e-05
-1.6707e-05
-0.00052665
-0.00095548
-0.00097536
-0.00070809
-0.00029572
0.00025569
0.00091648
0.0015941
0.0021012
0.0022999
0.0022427
0.0024295
0.0031557
0.0044056
0.0056821
0.0065853
0.007325
0.0080665
0.008494
0.0081761
0.0067668
0.004802
0.0029935
0.0023073
0.0027912
0.0036877
0.0042375
0.0042351
0.0039992
0.0038412
0.0038404
0.0039075
0.0039738
0.0039486
0.003902
0.0040865
0.004397
0.0045723
0.0044598
0.00417
0.0039623
0.0039287
0.0039238
0.0033241
0.002192
0.0015233
0.0017488
0.0024774
0.0028063
0.0025387
0.0019647
0.0012565
0.00040864
-0.000296
-0.00058669
-0.00036262
0.00014023
0.00079549
0.0017734
0.0028396
0.0035005
0.0035176
0.0029246
0.0019607
0.00089112
-0.00016781
-0.0011362
-0.0018594
-0.0020288
-0.001753
-0.001253
-0.00084132
-0.00056922
-0.00022914
0.00028055
0.00090711
0.0015223
0.0019848
0.002114
0.0019433
0.0015175
0.0008055
-0.00016721
-0.0012622
-0.0019393
-0.0018204
-0.00088239
0.00059426
0.0021931
0.0036028
0.0046364
0.0047194
0.0038015
0.0025271
0.0017131
0.0016002
0.0018095
0.0020386
0.0022905
0.0025497
0.0026912
0.0022507
0.0010658
-0.00061348
-0.0021615
-0.0031897
-0.0036242
-0.0035794
-0.0030718
-0.0022005
-0.0010722
-0.00019169
8.4699e-05
-0.00029736
-0.00086136
-0.0013015
-0.0016321
-0.0017815
-0.0015228
-0.0010242
-0.00059269
-0.00057527
-0.0009419
-0.0014789
-0.0019038
-0.0021797
-0.0025085
-0.0029025
-0.0031639
-0.0031007
-0.0026906
-0.0019691
-0.00088149
0.00073755
0.0023751
0.0036
0.0042054
0.004283
0.0039475
0.0035848
0.0034095
0.0034369
0.0035988
0.0038623
0.0039546
0.003856
0.0039411
0.004116
0.0039318
0.0031075
0.0018379
0.00057367
-8.3218e-05
8.0052e-05
0.00069813
0.001325
0.0015982
0.0016269
0.0016999
0.0021045
0.0026617
0.0027458
0.0016921
-0.00045191
-0.0020955
-0.0023291
-0.0009035
0.0010722
0.002458
0.0024993
0.0015828
3.5681e-05
-0.0022568
-0.0051783
-0.0068437
-0.006011
-0.0026207
0.0015896
0.0051462
0.0067789
0.0068713
0.0058926
0.0045077
0.0031314
0.0018076
0.00026025
-0.0016921
-0.0034085
-0.0041527
-0.0034194
-0.0020963
-0.0012049
-0.0010352
-0.0012405
-0.0017013
-0.0025008
-0.0037471
-0.0052738
-0.0067489
-0.0077709
-0.0079317
-0.0071481
-0.0058114
-0.0045745
-0.0043751
-0.0051237
-0.0061857
-0.0071684
-0.0079327
-0.0080912
-0.0074647
-0.0062946
-0.0055927
-0.0057135
-0.0065319
-0.007486
-0.0081647
-0.0083496
-0.0080061
-0.0071046
-0.0060393
-0.0051797
-0.0050886
-0.0056061
-0.0063117
-0.0069006
-0.0072838
-0.007258
-0.0068036
-0.0058352
-0.0049238
-0.0046999
-0.0055063
-0.0067562
-0.0076568
-0.0076576
-0.0067597
-0.0056394
-0.004735
-0.0039611
-0.0032814
-0.0027837
-0.0023872
-0.002138
-0.0023361
-0.0027524
-0.0029629
-0.0026877
-0.0021378
-0.0018615
-0.0019753
-0.0022694
-0.0023818
-0.0022423
-0.0020566
-0.0020515
-0.0023107
-0.0026727
-0.0029457
-0.0030186
-0.0030489
-0.0032083
-0.0034811
-0.0037977
-0.004163
-0.004394
-0.0043116
-0.0038344
-0.0030236
-0.0020039
-0.0010599
-0.00048483
-0.00072664
-0.0016755
-0.0026462
-0.0029364
-0.0021801
-0.00081622
0.00054982
0.0014727
0.0017862
0.0014012
0.00067764
1.9862e-05
-0.00016821
0.00021321
0.0011119
0.0020999
0.0028395
0.0028238
0.0020904
0.00096788
-0.0002008
-0.0013564
-0.0024323
-0.0031809
-0.0032776
-0.0026983
-0.001785
-0.0010481
-0.00073845
-0.00088919
-0.0012854
-0.0017243
-0.0021576
-0.002691
-0.0034135
-0.004121
-0.0046115
-0.0046321
-0.0043301
-0.0040308
-0.0039444
-0.0039997
-0.0039868
-0.0038592
-0.0036872
-0.0033574
-0.002842
-0.0023417
-0.0021681
-0.0025263
-0.0029487
-0.0030279
-0.002826
-0.0026441
-0.0026478
-0.0027998
-0.0029674
-0.0028213
-0.0022734
-0.0014497
-0.00077737
-0.00052551
-0.00082008
-0.0014536
-0.0021765
-0.0027467
-0.003071
-0.003025
-0.002732
-0.0023999
-0.0021096
-0.0018079
-0.0014481
-0.0010559
-0.00068781
-0.00046617
-0.00047179
-0.00070817
-0.00099619
-0.0011176
-0.0010741
-0.00099304
-0.001019
-0.0011332
-0.0012307
-0.0011597
-0.00085415
-0.0003568
0.00015509
0.00049477
0.00056979
0.00039893
3.7701e-05
-0.00038006
-0.00058939
-0.00062769
-0.00069123
-0.00089664
-0.0011888
-0.0014854
-0.0016207
-0.0015423
-0.0015592
-0.0017935
-0.0021318
-0.0024505
-0.0026987
-0.0027108
-0.0025706
-0.0025141
-0.0025635
-0.0025831
-0.0024152
-0.0021322
-0.0019183
-0.0018865
-0.0020188
-0.0022084
-0.0023816
-0.002538
-0.0025233
-0.0022302
-0.0018929
-0.0016907
-0.0016167
-0.0015715
-0.0014949
-0.0013228
-0.0010787
-0.00086358
-0.00072391
-0.00063301
-0.00045169
-0.00017203
3.5748e-05
0.00010679
8.2969e-05
1.4247e-05
-0.0001095
-0.00035029
-0.0006201
-0.00078398
-0.00082941
-0.00081043
-0.0007426
-0.00065555
-0.00058351
-0.00059844
-0.00081167
-0.001396
-0.0021077
-0.0026426
-0.0029937
-0.0032279
-0.0032391
-0.0029831
-0.0025182
-0.001888
-0.001212
-0.00076563
-0.00069352
-0.0010493
-0.0016516
-0.0022411
-0.002577
-0.0025953
-0.0023624
-0.0019778
-0.0015729
-0.0012417
-0.0010276
-0.00098956
-0.001212
-0.0016359
-0.0020659
-0.0023667
-0.0025205
-0.0024814
-0.0022972
-0.001998
-0.0016349
-0.0012622
-0.00097113
-0.00083044
-0.00090621
-0.0010753
-0.0011951
-0.0012337
-0.0012268
-0.0011813
-0.0011297
-0.0010945
-0.0010171
-0.00086232
-0.00065659
-0.00047127
-0.00034632
-0.0002915
-0.00028746
-0.00030573
-0.00034545
-0.00042782
-0.00051339
-0.00055127
-0.00051186
-0.00043714
-0.00038081
-0.00042966
-0.00057708
-0.00072188
-0.00079254
-0.00079204
-0.00072517
-0.00061797
-0.00053227
-0.00049365
-0.00050381
-0.00060661
-0.00078001
-0.00091144
-0.0009563
-0.00094626
-0.00089299
-0.00078955
-0.0006384
-0.00049465
-0.00040641
-0.000408
-0.00049749
-0.00065706
-0.00080695
-0.00088835
-0.00088837
-0.00083968
-0.00078889
-0.00074935
-0.00070703
-0.0006414
-0.00055274
-0.0004585
-0.00039521
-0.00037793
-0.00037638
-0.000377
-0.00040199
-0.00041739
-0.00038148
-0.00030415
-0.00022623
-0.00019124
-0.00021224
-0.00028912
-0.00037521
-0.00043392
-0.0004575
-0.00045268
-0.00042673
-0.00038833
-0.00034124
-0.00028849
-0.00024224
-0.00021209
-0.00020393
-0.00021469
-0.00023481
-0.00023072
-0.00018568
-0.00013546
-0.00010967
-0.00011142
-0.00012806
-0.00015456
-0.00017561
-0.00017861
-0.00015543
-9.962e-05
-1.6584e-05
5.0875e-05
8.5383e-05
9.5147e-05
9.2434e-05
7.8076e-05
5.1155e-05
1.9688e-05
9.476e-06
1.5374e-05
1.3596e-05
-7.9537e-07
-1.5604e-05
-1.202e-05
1.0085e-05
3.9473e-05
5.9643e-05
6.6725e-05
6.1933e-05
4.9972e-05
3.4165e-05
2.058e-05
1.2644e-05
1.5903e-05
2.4488e-05
2.8173e-05
2.4895e-05
1.7963e-05
3.3274e-06
-1.4574e-05
-2.5973e-05
-2.7163e-05
-2.2111e-05
-1.3157e-05
-1.7563e-06
1.0849e-05
2.1681e-05
2.9411e-05
3.2382e-05
3.0856e-05
2.6165e-05
2.3313e-05
2.4479e-05
2.9056e-05
3.434e-05
3.811e-05
3.8697e-05
3.7363e-05
3.7262e-05
3.904e-05
4.1517e-05
4.5583e-05
5.0688e-05
5.3376e-05
5.4464e-05
5.7166e-05
6.5295e-05
7.907e-05
9.6497e-05
0.00011415
0.00012992
0.00014107
0.00014888
0.00015826
0.00016978
0.00018119
0.00019221
0.0002038
0.00021661
0.00023065
0.00024545
0.00026018
0.00027431
0.00028732
0.00030036
0.0003152
0.00033245
0.00035041
0.00036594
0.00037788
0.00038557
0.00038851
0.00038676
0.00037968
0.00036913
0.00035843
0.0003507
0.00034985
0.0003568
0.00037038
0.00038876
0.00041237
0.0004398
0.00046781
0.00049371
0.00051685
0.0005365
0.00055032
0.00055743
0.00056082
0.00056315
0.00056508
0.00056716
0.00057108
0.0005779
0.0005877
0.00059943
0.00061167
0.00062342
0.00063425
0.0006436
0.00065164
0.00065893
0.00066606
0.00067385
0.0006827
0.00069265
0.00070316
0.00071399
0.00072506
0.00073616
0.00074672
0.00075662
0.00076596
0.00077457
0.00078244
0.00079006
0.00079773
0.00080582
0.0008144
0.00082334
0.00083249
0.0008417
0.00085087
0.00085991
0.00086873
0.00087735
0.00088579
0.00089408
0.00090225
0.0009103
0.00091827
0.0009262
0.00093411
0.00094198
0.00094981
0.0009576
0.00096534
0.00097303
0.00098065
0.00098819
0.00099565
0.001003
0.0010104
0.0010176
0.0010248
0.001032
0.0010391
0.0010461
0.0010531
0.00106
0.0010668
0.0010735
0.0010802
0.0010868
0.0010933
0.0010997
0.0011061
0.0011124
0.0011186
0.0011248
0.0011308
0.0011368
0.0011427
0.0011486
0.0011544
0.00116
0.0011657
0.0011712
0.0011766
0.001182
0.0011873
0.0011925
0.0011977
0.0012027
0.0012077
0.0012126
0.0012174
0.0012221
0.0012267
0.0012313
0.0012358
0.0012402
0.0012445
0.0012487
0.0012528
