   0.0000000e+00   1.3611680e-02
   6.6000000e-03   1.3655720e-02
   1.3200000e-02   1.3699160e-02
   1.9800000e-02   1.3742340e-02
   2.6400000e-02   1.3784550e-02
   3.3000000e-02   1.3826470e-02
   3.9600000e-02   1.3865740e-02
   4.6200000e-02   1.3905320e-02
   5.2800000e-02   1.3942290e-02
   5.9400000e-02   1.3978950e-02
   6.6000000e-02   1.4012360e-02
   7.2600000e-02   1.4054000e-02
   7.9200000e-02   1.4081640e-02
   8.5800000e-02   1.4095160e-02
   9.2400000e-02   1.4102290e-02
   9.9000000e-02   1.4119180e-02
   1.0560000e-01   1.4138690e-02
   1.1220000e-01   1.4191670e-02
   1.1880000e-01   1.4194350e-02
   1.2540000e-01   1.4109410e-02
   1.3200000e-01   1.3991620e-02
   1.3860000e-01   1.3961780e-02
   1.4520000e-01   1.4103350e-02
   1.5180000e-01   1.4248730e-02
   1.5840000e-01   1.4132550e-02
   1.6500000e-01   1.3829360e-02
   1.7160000e-01   1.3545220e-02
   1.7820000e-01   1.3459680e-02
   1.8480000e-01   1.3559580e-02
   1.9140000e-01   1.3927460e-02
   1.9800000e-01   1.3910550e-02
   2.0460000e-01   1.3552960e-02
   2.1120000e-01   1.3159720e-02
   2.1780000e-01   1.2630220e-02
   2.2440000e-01   1.2654000e-02
   2.3100000e-01   1.3591200e-02
   2.3760000e-01   1.3514090e-02
   2.4420000e-01   1.1513480e-02
   2.5080000e-01   9.6359680e-03
   2.5740000e-01   1.1611040e-02
   2.6400000e-01   1.4035220e-02
   2.7060000e-01   1.2755640e-02
   2.7720000e-01   1.0491470e-02
   2.8380000e-01   9.9770920e-03
   2.9040000e-01   9.2207490e-03
   2.9700000e-01   9.6560150e-03
   3.0360000e-01   1.1530590e-02
   3.1020000e-01   1.1707390e-02
   3.1680000e-01   8.1751450e-03
   3.2340000e-01   2.9157800e-03
   3.3000000e-01   3.4578410e-03
   3.3660000e-01   9.6659540e-03
   3.4320000e-01   1.2938820e-02
   3.4980000e-01   7.6035720e-03
   3.5640000e-01  -2.0734670e-03
   3.6300000e-01  -7.5527050e-03
   3.6960000e-01  -3.3193570e-03
   3.7620000e-01   6.0316720e-03
   3.8280000e-01   8.5483190e-03
   3.8940000e-01   6.0686320e-03
   3.9600000e-01   1.4002700e-03
   4.0260000e-01  -3.2941470e-03
   4.0920000e-01  -2.6030840e-03
   4.1580000e-01   3.4529470e-03
   4.2240000e-01   7.9397560e-03
   4.2900000e-01   4.7581680e-03
   4.3560000e-01  -2.3262530e-03
   4.4220000e-01  -8.4434400e-03
   4.4880000e-01  -7.8203410e-03
   4.5540000e-01   7.7675780e-04
   4.6200000e-01   7.1230160e-03
   4.6860000e-01   1.9140350e-03
   4.7520000e-01  -4.6167230e-03
   4.8180000e-01  -1.5742200e-03
   4.8840000e-01  -1.0445700e-03
   4.9500000e-01  -1.0797630e-02
   5.0160000e-01  -1.7058660e-02
   5.0820000e-01  -1.6499010e-02
   5.1480000e-01  -6.3967770e-03
   5.2140000e-01   4.1869740e-03
   5.2800000e-01  -3.6507790e-04
   5.3460000e-01  -1.1501770e-02
   5.4120000e-01  -2.1568140e-02
   5.4780000e-01  -2.3909320e-02
   5.5440000e-01  -1.5721930e-02
   5.6100000e-01  -2.5720030e-03
   5.6760000e-01   6.8125340e-03
   5.7420000e-01   1.4017450e-02
   5.8080000e-01   1.2997690e-02
   5.8740000e-01  -3.4815890e-03
   5.9400000e-01  -2.1772780e-02
   6.0060000e-01  -3.4995490e-02
   6.0720000e-01  -3.5241600e-02
   6.1380000e-01  -2.1042920e-02
   6.2040000e-01  -1.1002300e-02
   6.2700000e-01  -8.1103130e-03
   6.3360000e-01  -1.3631180e-02
   6.4020000e-01  -2.8949250e-02
   6.4680000e-01  -1.7450330e-02
   6.5340000e-01   4.5416240e-03
   6.6000000e-01  -2.4240670e-03
   6.6660000e-01  -1.5251910e-02
   6.7320000e-01  -9.3455720e-03
   6.7980000e-01  -4.4940590e-03
   6.8640000e-01  -2.0524030e-02
   6.9300000e-01  -3.4268780e-02
   6.9960000e-01  -2.8708700e-02
   7.0620000e-01  -8.8016440e-03
   7.1280000e-01   7.7601300e-03
   7.1940000e-01   6.3975160e-04
   7.2600000e-01  -1.6551350e-02
   7.3260000e-01  -2.8241030e-02
   7.3920000e-01  -2.7198650e-02
   7.4580000e-01  -2.1871920e-02
   7.5240000e-01  -2.4874090e-02
   7.5900000e-01  -1.5542150e-02
   7.6560000e-01   6.4637730e-03
   7.7220000e-01   6.2410760e-03
   7.7880000e-01  -1.9929440e-02
   7.8540000e-01  -4.4313010e-02
   7.9200000e-01  -4.2811370e-02
   7.9860000e-01  -2.5201910e-02
   8.0520000e-01  -2.4667620e-03
   8.1180000e-01   9.8816140e-03
   8.1840000e-01   3.7132340e-03
   8.2500000e-01  -6.2390580e-03
   8.3160000e-01  -9.0201070e-03
   8.3820000e-01  -8.6107590e-03
   8.4480000e-01  -1.8391280e-02
   8.5140000e-01  -3.1756170e-02
   8.5800000e-01  -3.1897640e-02
   8.6460000e-01  -2.0138640e-02
   8.7120000e-01  -7.3143440e-03
   8.7780000e-01   3.7403650e-03
   8.8440000e-01  -1.9743270e-03
   8.9100000e-01  -1.1884240e-02
   8.9760000e-01  -8.2369300e-03
   9.0420000e-01   4.2764740e-03
   9.1080000e-01   1.5449200e-02
   9.1740000e-01   1.0074250e-02
   9.2400000e-01  -1.7552570e-02
   9.3060000e-01  -3.4891630e-02
   9.3720000e-01  -2.4515080e-02
   9.4380000e-01  -1.6271430e-02
   9.5040000e-01  -1.7513310e-02
   9.5700000e-01  -9.4737980e-03
   9.6360000e-01  -4.4968160e-04
   9.7020000e-01   2.5972360e-03
   9.7680000e-01  -4.2841820e-03
   9.8340000e-01  -2.4185660e-02
   9.9000000e-01  -3.2069010e-02
   9.9660000e-01  -2.5808170e-02
   1.0032000e+00  -1.3597150e-02
   1.0098000e+00   1.0737210e-02
   1.0164000e+00   1.4201400e-02
   1.0230000e+00  -2.0280200e-02
   1.0296000e+00  -5.7391560e-02
   1.0362000e+00  -5.4563870e-02
   1.0428000e+00  -3.3226980e-02
   1.0494000e+00  -2.5505340e-02
   1.0560000e+00  -9.6019560e-03
   1.0626000e+00   9.8441200e-03
   1.0692000e+00   4.9127730e-04
   1.0758000e+00  -1.3138840e-02
   1.0824000e+00   3.4030100e-03
   1.0890000e+00   3.9181740e-02
   1.0956000e+00   3.7042340e-02
   1.1022000e+00  -1.0547130e-02
   1.1088000e+00  -3.9899820e-02
   1.1154000e+00  -3.6317200e-02
   1.1220000e+00  -3.9574650e-02
   1.1286000e+00  -2.8339620e-02
   1.1352000e+00   9.1251350e-03
   1.1418000e+00   1.7045630e-02
   1.1484000e+00  -8.9469010e-03
   1.1550000e+00  -1.6230740e-02
   1.1616000e+00   3.8046470e-04
   1.1682000e+00   8.8364910e-03
   1.1748000e+00   6.0209650e-03
   1.1814000e+00   1.3000150e-02
   1.1880000e+00   1.6132980e-02
   1.1946000e+00   5.1526430e-03
   1.2012000e+00  -3.9600760e-03
   1.2078000e+00  -2.8220400e-03
   1.2144000e+00   5.3941630e-05
   1.2210000e+00  -8.2134580e-03
   1.2276000e+00  -2.8514860e-02
   1.2342000e+00  -3.9910380e-02
   1.2408000e+00  -4.3753260e-02
   1.2474000e+00  -2.6922810e-02
   1.2540000e+00   9.1860620e-03
   1.2606000e+00   2.1092790e-02
   1.2672000e+00   4.5448090e-03
   1.2738000e+00  -1.2478390e-02
   1.2804000e+00  -1.1603500e-02
   1.2870000e+00  -8.1713120e-03
   1.2936000e+00  -1.0753050e-02
   1.3002000e+00  -9.5023370e-03
   1.3068000e+00   6.1311550e-03
   1.3134000e+00   9.3338500e-03
   1.3200000e+00  -1.6556330e-03
   1.3266000e+00  -9.8402160e-03
   1.3332000e+00  -1.3859420e-02
   1.3398000e+00  -5.8506510e-03
   1.3464000e+00   9.1749160e-03
   1.3530000e+00   1.1901150e-03
   1.3596000e+00  -2.4152830e-02
   1.3662000e+00  -3.0541240e-02
   1.3728000e+00  -1.0059030e-02
   1.3794000e+00   2.1031700e-02
   1.3860000e+00   2.6430740e-02
   1.3926000e+00   9.9592320e-03
   1.3992000e+00  -3.8115420e-03
   1.4058000e+00  -1.3456290e-02
   1.4124000e+00  -2.2937630e-02
   1.4190000e+00  -1.0047460e-02
   1.4256000e+00   1.5003360e-02
   1.4322000e+00   1.3466030e-02
   1.4388000e+00  -9.1953510e-03
   1.4454000e+00  -2.5139620e-02
   1.4520000e+00  -2.4268910e-02
   1.4586000e+00  -3.1441650e-03
   1.4652000e+00   2.5053750e-02
   1.4718000e+00   2.5032230e-02
   1.4784000e+00   3.5479530e-03
   1.4850000e+00  -1.5964510e-02
   1.4916000e+00  -2.0284000e-02
   1.4982000e+00  -1.6212890e-02
   1.5048000e+00  -8.0546910e-03
   1.5114000e+00  -1.7454890e-03
   1.5180000e+00  -7.0978240e-03
   1.5246000e+00  -1.4119390e-02
   1.5312000e+00  -6.3353580e-03
   1.5378000e+00   9.3080880e-03
   1.5444000e+00   3.3732520e-03
   1.5510000e+00  -1.8454170e-02
   1.5576000e+00  -1.5233840e-02
   1.5642000e+00   2.1533500e-02
   1.5708000e+00   4.4514050e-02
   1.5774000e+00   3.0684060e-02
   1.5840000e+00   3.2357550e-03
   1.5906000e+00  -1.3246950e-02
   1.5972000e+00  -1.0473410e-02
   1.6038000e+00  -1.9862200e-02
   1.6104000e+00  -1.7946340e-02
   1.6170000e+00   1.5293230e-02
   1.6236000e+00   2.3826570e-02
   1.6302000e+00   3.2735810e-03
   1.6368000e+00  -2.5256970e-02
   1.6434000e+00  -4.0502300e-02
   1.6500000e+00  -1.2663610e-02
   1.6566000e+00   3.3318600e-02
   1.6632000e+00   4.2435280e-02
   1.6698000e+00   2.7087410e-02
   1.6764000e+00   1.1970240e-02
   1.6830000e+00  -3.3266450e-03
   1.6896000e+00  -1.6522700e-02
   1.6962000e+00  -1.9937360e-02
   1.7028000e+00  -1.5470970e-02
   1.7094000e+00  -8.4222250e-03
   1.7160000e+00   2.4760910e-03
   1.7226000e+00   9.0669570e-03
   1.7292000e+00  -1.4254190e-03
   1.7358000e+00  -1.1864050e-02
   1.7424000e+00   3.2795140e-03
   1.7490000e+00   1.8960230e-02
   1.7556000e+00   2.4403840e-02
   1.7622000e+00   2.8291240e-02
   1.7688000e+00   2.8977310e-02
   1.7754000e+00   1.6707030e-02
   1.7820000e+00  -1.4580400e-02
   1.7886000e+00  -3.6865570e-02
   1.7952000e+00  -3.9161860e-02
   1.8018000e+00  -2.4901180e-02
   1.8084000e+00   7.1356530e-03
   1.8150000e+00   2.4158580e-02
   1.8216000e+00   7.2382910e-03
   1.8282000e+00  -1.5916600e-02
   1.8348000e+00  -2.0440040e-02
   1.8414000e+00  -1.7524380e-02
   1.8480000e+00  -7.5025880e-03
   1.8546000e+00   2.6870390e-02
   1.8612000e+00   4.7731750e-02
   1.8678000e+00   1.8678410e-02
   1.8744000e+00  -2.9189740e-02
   1.8810000e+00  -4.9423590e-02
   1.8876000e+00  -2.8577050e-02
   1.8942000e+00   1.2102480e-02
   1.9008000e+00   4.5286140e-02
   1.9074000e+00   5.5538940e-02
   1.9140000e+00   1.2154740e-02
   1.9206000e+00  -3.5692670e-02
   1.9272000e+00  -3.9955480e-02
   1.9338000e+00  -1.1151290e-02
   1.9404000e+00   4.4130880e-02
   1.9470000e+00   6.1620480e-02
   1.9536000e+00   2.7852520e-03
   1.9602000e+00  -4.1723130e-02
   1.9668000e+00  -2.6182110e-02
   1.9734000e+00   1.9917740e-02
   1.9800000e+00   5.7009490e-02
   1.9866000e+00   3.4142350e-02
   1.9932000e+00  -1.1265520e-02
   1.9998000e+00  -1.1644110e-02
   2.0064000e+00   5.8539920e-03
   2.0130000e+00  -1.8885570e-02
   2.0196000e+00  -4.8837860e-02
   2.0262000e+00  -2.1987120e-02
   2.0328000e+00   4.7001580e-02
   2.0394000e+00   6.6210910e-02
   2.0460000e+00   2.5227560e-03
   2.0526000e+00  -5.1920460e-02
   2.0592000e+00  -2.6976900e-02
   2.0658000e+00   3.5488420e-02
   2.0724000e+00   6.7815930e-02
   2.0790000e+00   3.6963030e-02
   2.0856000e+00  -1.9563180e-02
   2.0922000e+00  -4.4978730e-02
   2.0988000e+00  -4.4854770e-02
   2.1054000e+00  -2.4246230e-02
   2.1120000e+00   2.2078480e-02
   2.1186000e+00   4.8687460e-02
   2.1252000e+00   3.7848280e-02
   2.1318000e+00   2.3638710e-02
   2.1384000e+00   5.4571040e-03
   2.1450000e+00  -9.9860710e-04
   2.1516000e+00   7.2285890e-03
   2.1582000e+00   1.7587660e-02
   2.1648000e+00   3.0810280e-02
   2.1714000e+00   2.8602350e-02
   2.1780000e+00  -1.0601850e-02
   2.1846000e+00  -4.4704910e-02
   2.1912000e+00  -3.8171520e-02
   2.1978000e+00   9.3607590e-03
   2.2044000e+00   4.8453290e-02
   2.2110000e+00   3.6751320e-02
   2.2176000e+00  -9.8845320e-03
   2.2242000e+00  -3.2797520e-02
   2.2308000e+00  -1.3993980e-02
   2.2374000e+00   1.4028140e-02
   2.2440000e+00   2.4851730e-02
   2.2506000e+00   3.7211840e-02
   2.2572000e+00   5.0220770e-02
   2.2638000e+00   1.5654470e-02
   2.2704000e+00  -1.4236370e-02
   2.2770000e+00   2.0773530e-02
   2.2836000e+00   5.4985360e-02
   2.2902000e+00   2.6823260e-02
   2.2968000e+00  -2.6054520e-02
   2.3034000e+00  -3.5886050e-02
   2.3100000e+00  -4.0462410e-03
   2.3166000e+00   4.1115330e-02
   2.3232000e+00   5.1637390e-02
   2.3298000e+00   1.4354110e-02
   2.3364000e+00  -2.6353270e-02
   2.3430000e+00  -1.8883370e-02
   2.3496000e+00   4.8249180e-02
   2.3562000e+00   1.3071170e-01
   2.3628000e+00   1.3149860e-01
   2.3694000e+00   4.7069350e-02
   2.3760000e+00  -2.3470760e-02
   2.3826000e+00  -4.0448770e-02
   2.3892000e+00  -2.4775140e-02
   2.3958000e+00   1.4490140e-02
   2.4024000e+00   3.6459790e-02
   2.4090000e+00   3.8386100e-03
   2.4156000e+00  -4.4295590e-02
   2.4222000e+00  -3.1651950e-02
   2.4288000e+00   3.7888150e-02
   2.4354000e+00   7.2098890e-02
   2.4420000e+00   6.7859870e-02
   2.4486000e+00   7.2682590e-02
   2.4552000e+00   3.4422250e-02
   2.4618000e+00  -3.9591100e-02
   2.4684000e+00  -6.8252970e-02
   2.4750000e+00  -1.4027070e-02
   2.4816000e+00   9.1520630e-02
   2.4882000e+00   1.0905270e-01
   2.4948000e+00   1.8987010e-03
   2.5014000e+00  -6.2181750e-02
   2.5080000e+00  -3.2876870e-02
   2.5146000e+00   2.6520070e-02
   2.5212000e+00   1.0870130e-01
   2.5278000e+00   1.0449660e-01
   2.5344000e+00  -3.1854100e-02
   2.5410000e+00  -1.3127680e-01
   2.5476000e+00  -1.2392100e-01
   2.5542000e+00   6.6801810e-03
   2.5608000e+00   2.0546750e-01
   2.5674000e+00   1.8760940e-01
   2.5740000e+00  -1.8986530e-02
   2.5806000e+00  -1.2597790e-01
   2.5872000e+00  -7.6489850e-02
   2.5938000e+00  -2.3613750e-02
   2.6004000e+00   8.9673520e-03
   2.6070000e+00   6.6601990e-02
   2.6136000e+00   9.2254850e-02
   2.6202000e+00   2.2065480e-02
   2.6268000e+00  -1.0581070e-01
   2.6334000e+00  -2.0124610e-01
   2.6400000e+00  -1.0213520e-01
   2.6466000e+00   7.3939960e-02
   2.6532000e+00   1.4247360e-01
   2.6598000e+00   9.6014910e-02
   2.6664000e+00  -1.8857330e-02
   2.6730000e+00  -8.7853520e-02
   2.6796000e+00  -9.6381530e-02
   2.6862000e+00  -5.0930880e-02
   2.6928000e+00   7.1724620e-02
   2.6994000e+00   1.4611710e-01
   2.7060000e+00   7.3048710e-02
   2.7126000e+00  -3.4588180e-02
   2.7192000e+00  -4.8942070e-02
   2.7258000e+00   2.9486860e-02
   2.7324000e+00   1.5155310e-01
   2.7390000e+00   2.2557110e-01
   2.7456000e+00   2.0646590e-01
   2.7522000e+00   1.4079910e-01
   2.7588000e+00   1.1989350e-01
   2.7654000e+00   1.3217990e-01
   2.7720000e+00   1.4878570e-01
   2.7786000e+00   1.6452490e-01
   2.7852000e+00   1.8143670e-01
   2.7918000e+00   1.2834490e-01
   2.7984000e+00  -9.0568080e-02
   2.8050000e+00  -2.6485580e-01
   2.8116000e+00  -2.7049750e-01
   2.8182000e+00  -2.0032490e-01
   2.8248000e+00  -1.0822530e-01
   2.8314000e+00  -3.5701590e-03
   2.8380000e+00   4.0211810e-02
   2.8446000e+00   3.5222940e-03
   2.8512000e+00  -1.5532330e-02
   2.8578000e+00   4.8811600e-02
   2.8644000e+00   1.2462990e-01
   2.8710000e+00   1.3593750e-01
   2.8776000e+00   9.5301800e-02
   2.8842000e+00  -2.3434680e-03
   2.8908000e+00  -1.1669280e-01
   2.8974000e+00  -1.6299410e-01
   2.9040000e+00  -1.7061210e-01
   2.9106000e+00  -1.5736010e-01
   2.9172000e+00  -9.7808770e-02
   2.9238000e+00  -5.6584210e-02
   2.9304000e+00  -6.4954130e-02
   2.9370000e+00  -6.1448520e-02
   2.9436000e+00  -1.1194630e-03
   2.9502000e+00   1.3347220e-01
   2.9568000e+00   2.2556950e-01
   2.9634000e+00   1.0193900e-01
   2.9700000e+00  -9.9673420e-02
   2.9766000e+00  -1.3117870e-01
   2.9832000e+00  -2.8240860e-03
   2.9898000e+00   1.2183780e-01
   2.9964000e+00   1.2996790e-01
   3.0030000e+00   4.9782830e-02
   3.0096000e+00  -1.1885720e-02
   3.0162000e+00  -2.6225670e-03
   3.0228000e+00   2.0163910e-02
   3.0294000e+00   4.0754360e-02
   3.0360000e+00   7.8939000e-02
   3.0426000e+00   8.0472830e-02
   3.0492000e+00   2.2396320e-02
   3.0558000e+00  -1.5160390e-02
   3.0624000e+00   4.5126310e-03
   3.0690000e+00   3.1730520e-02
   3.0756000e+00   3.6784230e-02
   3.0822000e+00   2.0332750e-02
   3.0888000e+00  -1.6648660e-02
   3.0954000e+00  -6.0556170e-02
   3.1020000e+00  -9.4953370e-02
   3.1086000e+00  -1.0358270e-01
   3.1152000e+00  -8.3309810e-02
   3.1218000e+00  -3.2676910e-02
   3.1284000e+00   2.4797810e-02
   3.1350000e+00   2.4869700e-03
   3.1416000e+00  -8.9413040e-02
   3.1482000e+00  -1.1598950e-01
   3.1548000e+00  -8.4467880e-02
   3.1614000e+00  -3.9933190e-02
   3.1680000e+00   3.5607030e-02
   3.1746000e+00   5.2091230e-02
   3.1812000e+00  -2.0998930e-02
   3.1878000e+00  -5.8252770e-02
   3.1944000e+00  -1.0833620e-02
   3.2010000e+00   8.0957100e-02
   3.2076000e+00   1.6772330e-01
   3.2142000e+00   1.3221870e-01
   3.2208000e+00  -7.0766580e-04
   3.2274000e+00  -7.7787320e-02
   3.2340000e+00  -5.2885880e-02
   3.2406000e+00  -1.2131910e-02
   3.2472000e+00   1.8490230e-02
   3.2538000e+00   4.3177010e-02
   3.2604000e+00   6.5501440e-02
   3.2670000e+00   7.1966350e-02
   3.2736000e+00   5.7230160e-02
   3.2802000e+00   3.8543620e-02
   3.2868000e+00   4.0138240e-02
   3.2934000e+00   5.6018370e-02
   3.3000000e+00   5.1923590e-02
   3.3066000e+00   2.4717750e-02
   3.3132000e+00   1.4233270e-02
   3.3198000e+00   2.7109850e-02
   3.3264000e+00   4.6592310e-02
   3.3330000e+00   6.6194910e-02
   3.3396000e+00   7.0740150e-02
   3.3462000e+00   4.7596440e-02
   3.3528000e+00   3.9970230e-02
   3.3594000e+00   5.0086920e-02
   3.3660000e+00   4.6940760e-02
   3.3726000e+00   1.6831310e-02
   3.3792000e+00  -2.3454150e-02
   3.3858000e+00  -6.4188900e-02
   3.3924000e+00  -9.4608740e-02
   3.3990000e+00  -1.2357710e-01
   3.4056000e+00  -1.5909770e-01
   3.4122000e+00  -1.4046520e-01
   3.4188000e+00  -5.8766250e-02
   3.4254000e+00  -1.0561000e-02
   3.4320000e+00  -4.1591890e-02
   3.4386000e+00  -1.1232200e-01
   3.4452000e+00  -1.4113340e-01
   3.4518000e+00  -1.0605870e-01
   3.4584000e+00  -5.3807900e-02
   3.4650000e+00  -1.8261750e-02
   3.4716000e+00  -1.9845170e-03
   3.4782000e+00  -4.8583560e-03
   3.4848000e+00  -4.8712500e-02
   3.4914000e+00  -7.0506410e-02
   3.4980000e+00  -5.8866100e-02
   3.5046000e+00   5.0491630e-02
   3.5112000e+00   2.6173160e-01
   3.5178000e+00   2.6092670e-01
   3.5244000e+00   6.7347300e-02
   3.5310000e+00  -5.9924310e-02
   3.5376000e+00  -3.9359530e-02
   3.5442000e+00   4.7643010e-02
   3.5508000e+00   1.3946940e-01
   3.5574000e+00   1.3422190e-01
   3.5640000e+00  -1.8536010e-02
   3.5706000e+00  -1.3736390e-01
   3.5772000e+00  -6.0781520e-02
   3.5838000e+00   7.9338790e-02
   3.5904000e+00   9.2022460e-02
   3.5970000e+00   2.7272720e-02
   3.6036000e+00  -4.4485600e-02
   3.6102000e+00  -1.0960460e-01
   3.6168000e+00  -1.2560290e-01
   3.6234000e+00  -1.1848500e-01
   3.6300000e+00  -1.1293930e-01
   3.6366000e+00  -1.0177520e-01
   3.6432000e+00  -9.7679500e-02
   3.6498000e+00  -9.7170860e-02
   3.6564000e+00  -8.5500880e-02
   3.6630000e+00  -5.6231780e-02
   3.6696000e+00  -3.3171170e-02
   3.6762000e+00  -2.4395320e-02
   3.6828000e+00  -1.2816470e-02
   3.6894000e+00  -2.1224980e-03
   3.6960000e+00   6.3343200e-03
   3.7026000e+00   1.7524950e-02
   3.7092000e+00   4.1037410e-02
   3.7158000e+00   5.4801900e-02
   3.7224000e+00   3.4149090e-02
   3.7290000e+00  -4.1574150e-03
   3.7356000e+00  -2.4058550e-02
   3.7422000e+00  -3.4751340e-02
   3.7488000e+00  -2.5785810e-02
   3.7554000e+00   4.7936170e-02
   3.7620000e+00   1.2225440e-01
   3.7686000e+00   1.0492720e-01
   3.7752000e+00   4.2280990e-02
   3.7818000e+00   9.7182650e-03
   3.7884000e+00  -2.8303100e-03
   3.7950000e+00  -3.3910750e-02
   3.8016000e+00  -3.1276100e-02
   3.8082000e+00   2.2247980e-02
   3.8148000e+00   4.6870510e-03
   3.8214000e+00  -9.7424740e-02
   3.8280000e+00  -1.8613130e-01
   3.8346000e+00  -2.1029530e-01
   3.8412000e+00  -1.3640800e-01
   3.8478000e+00   9.3175760e-02
   3.8544000e+00   2.8003700e-01
   3.8610000e+00   1.7578370e-01
   3.8676000e+00  -6.5060680e-02
   3.8742000e+00  -1.1567230e-01
   3.8808000e+00   1.1456840e-02
   3.8874000e+00   1.0615340e-01
   3.8940000e+00   7.5994580e-02
   3.9006000e+00  -2.0042490e-02
   3.9072000e+00  -9.7418740e-02
   3.9138000e+00  -1.5371390e-01
   3.9204000e+00  -1.6535140e-01
   3.9270000e+00  -7.5461650e-02
   3.9336000e+00   6.7596660e-02
   3.9402000e+00   1.1415970e-01
   3.9468000e+00   1.0258540e-02
   3.9534000e+00  -1.1976750e-01
   3.9600000e+00  -9.9854890e-02
   3.9666000e+00  -3.6992270e-03
   3.9732000e+00   3.8705130e-02
   3.9798000e+00   3.5940260e-03
   3.9864000e+00  -5.8587990e-02
   3.9930000e+00  -7.9160300e-02
   3.9996000e+00  -4.9269260e-02
   4.0062000e+00   3.4108170e-03
   4.0128000e+00   5.7189570e-02
   4.0194000e+00   9.6969930e-02
   4.0260000e+00   8.3745370e-02
   4.0326000e+00   4.5864750e-02
   4.0392000e+00   5.9259710e-02
   4.0458000e+00   1.0286390e-01
   4.0524000e+00   8.5229830e-02
   4.0590000e+00  -2.8387000e-02
   4.0656000e+00  -9.6157970e-02
   4.0722000e+00  -4.5915000e-02
   4.0788000e+00   1.6649070e-02
   4.0854000e+00   1.2891400e-02
   4.0920000e+00  -2.6325850e-02
   4.0986000e+00  -8.0097920e-02
   4.1052000e+00  -9.9105520e-02
   4.1118000e+00  -8.4613150e-02
   4.1184000e+00  -6.3732760e-02
   4.1250000e+00  -2.8728520e-02
   4.1316000e+00   1.6186230e-02
   4.1382000e+00   1.8438530e-02
   4.1448000e+00  -5.1576290e-02
   4.1514000e+00  -9.5415120e-02
   4.1580000e+00  -6.5099330e-02
   4.1646000e+00  -2.1889540e-02
   4.1712000e+00  -1.4887640e-02
   4.1778000e+00  -1.3499850e-02
   4.1844000e+00   9.3348810e-03
   4.1910000e+00   1.9378740e-02
   4.1976000e+00  -1.3879210e-03
   4.2042000e+00   2.6475110e-02
   4.2108000e+00   1.0139400e-01
   4.2174000e+00   1.4607370e-01
   4.2240000e+00   1.3014640e-01
   4.2306000e+00   7.7912320e-02
   4.2372000e+00   1.5994230e-02
   4.2438000e+00  -3.1954930e-02
   4.2504000e+00  -4.0726800e-02
   4.2570000e+00  -6.8827810e-02
   4.2636000e+00  -9.5811980e-02
   4.2702000e+00  -6.8829820e-02
   4.2768000e+00  -4.1659920e-02
   4.2834000e+00  -5.0899770e-02
   4.2900000e+00  -5.6911910e-02
   4.2966000e+00  -4.0507450e-02
   4.3032000e+00   1.4068030e-02
   4.3098000e+00   5.8806470e-02
   4.3164000e+00   1.1528110e-02
   4.3230000e+00  -6.0279180e-02
   4.3296000e+00  -8.6650980e-02
   4.3362000e+00  -1.0073610e-01
   4.3428000e+00  -1.4417190e-01
   4.3494000e+00  -1.6325610e-01
   4.3560000e+00  -1.1760310e-01
   4.3626000e+00  -7.6333540e-02
   4.3692000e+00  -8.3039820e-02
   4.3758000e+00  -8.1687050e-02
   4.3824000e+00  -6.1826720e-02
   4.3890000e+00  -5.5654510e-02
   4.3956000e+00  -9.9383160e-02
   4.4022000e+00  -1.3463170e-01
   4.4088000e+00  -1.0938540e-01
   4.4154000e+00  -2.8475490e-02
   4.4220000e+00   1.1313780e-01
   4.4286000e+00   2.4115520e-01
   4.4352000e+00   2.4364210e-01
   4.4418000e+00   1.7422070e-01
   4.4484000e+00   1.2017360e-01
   4.4550000e+00   7.5002630e-02
   4.4616000e+00   4.8358330e-02
   4.4682000e+00   4.6283470e-02
   4.4748000e+00   5.7479310e-02
   4.4814000e+00   7.7778240e-02
   4.4880000e+00   8.2680650e-02
   4.4946000e+00   7.1322350e-02
   4.5012000e+00   5.2464810e-02
   4.5078000e+00   6.5777330e-02
   4.5144000e+00   1.4994110e-01
   4.5210000e+00   2.3360340e-01
   4.5276000e+00   2.0084650e-01
   4.5342000e+00   5.6690140e-02
   4.5408000e+00  -4.5627850e-02
   4.5474000e+00  -3.8507780e-02
   4.5540000e+00  -5.0445740e-02
   4.5606000e+00  -1.0522350e-01
   4.5672000e+00  -4.7911660e-02
   4.5738000e+00   6.2263450e-02
   4.5804000e+00   3.1775620e-02
   4.5870000e+00  -1.1494060e-01
   4.5936000e+00  -1.8958990e-01
   4.6002000e+00  -1.6989980e-01
   4.6068000e+00  -1.5028670e-01
   4.6134000e+00  -1.3980520e-01
   4.6200000e+00  -1.4338760e-01
   4.6266000e+00  -1.8704100e-01
   4.6332000e+00  -2.2305510e-01
   4.6398000e+00  -2.0296650e-01
   4.6464000e+00  -1.4137360e-01
   4.6530000e+00  -3.7894090e-02
   4.6596000e+00   3.4170680e-02
   4.6662000e+00  -5.6179790e-02
   4.6728000e+00  -2.0786600e-01
   4.6794000e+00  -2.1480760e-01
   4.6860000e+00  -6.3064050e-02
   4.6926000e+00   4.7581520e-02
   4.6992000e+00   5.5625130e-02
   4.7058000e+00   8.5348880e-03
   4.7124000e+00  -7.4433890e-02
   4.7190000e+00  -1.8478940e-01
   4.7256000e+00  -1.9785890e-01
   4.7322000e+00   8.1565510e-02
   4.7388000e+00   3.7323730e-01
   4.7454000e+00   2.2481900e-01
   4.7520000e+00  -7.1674030e-02
   4.7586000e+00  -4.0987620e-02
   4.7652000e+00   2.3693640e-01
   4.7718000e+00   3.8623650e-01
   4.7784000e+00   2.3801660e-01
   4.7850000e+00   4.1581820e-02
   4.7916000e+00  -4.7636630e-02
   4.7982000e+00  -6.5057880e-02
   4.8048000e+00  -3.8315190e-02
   4.8114000e+00   2.8557940e-02
   4.8180000e+00   1.7095190e-01
   4.8246000e+00   2.5919820e-01
   4.8312000e+00   2.1435580e-01
   4.8378000e+00   1.6095340e-01
   4.8444000e+00   1.5705210e-01
   4.8510000e+00   1.0894110e-01
   4.8576000e+00   3.0422600e-02
   4.8642000e+00   1.6069870e-02
   4.8708000e+00   1.1921870e-02
   4.8774000e+00  -3.7725040e-02
   4.8840000e+00  -1.0501880e-01
   4.8906000e+00  -1.5449800e-01
   4.8972000e+00  -1.5890570e-01
   4.9038000e+00  -1.1383650e-01
   4.9104000e+00  -5.5446720e-02
   4.9170000e+00  -8.4685850e-03
   4.9236000e+00  -1.1597150e-02
   4.9302000e+00  -9.4264600e-02
   4.9368000e+00  -1.4187730e-01
   4.9434000e+00  -1.0159810e-01
   4.9500000e+00  -3.9659220e-02
   4.9566000e+00  -1.8084630e-02
   4.9632000e+00  -4.7579540e-02
   4.9698000e+00  -1.3150670e-01
   4.9764000e+00  -2.2440840e-01
   4.9830000e+00  -2.5565280e-01
   4.9896000e+00  -2.0376910e-01
   4.9962000e+00  -1.2815630e-01
   5.0028000e+00  -7.5493880e-02
   5.0094000e+00  -1.7792480e-02
   5.0160000e+00  -9.1145840e-03
   5.0226000e+00  -1.5516210e-01
   5.0292000e+00  -2.5354100e-01
   5.0358000e+00  -9.4714820e-02
   5.0424000e+00   9.5861010e-02
   5.0490000e+00   7.6677210e-02
   5.0556000e+00  -3.4404340e-02
   5.0622000e+00  -5.8807540e-02
   5.0688000e+00   1.6144020e-02
   5.0754000e+00   7.4216940e-02
   5.0820000e+00   8.7990500e-02
   5.0886000e+00   1.1357700e-01
   5.0952000e+00   1.5783740e-01
   5.1018000e+00   1.6364750e-01
   5.1084000e+00   9.0091590e-02
   5.1150000e+00   1.8160150e-02
   5.1216000e+00   1.3598410e-02
   5.1282000e+00   2.2338440e-02
   5.1348000e+00   5.7647250e-02
   5.1414000e+00   2.0480430e-01
   5.1480000e+00   3.3559880e-01
   5.1546000e+00   2.6881960e-01
   5.1612000e+00   8.9142700e-02
   5.1678000e+00  -3.3903320e-02
   5.1744000e+00  -9.0805570e-02
   5.1810000e+00  -8.2082460e-02
   5.1876000e+00   6.4270440e-04
   5.1942000e+00   6.3160860e-02
   5.2008000e+00   2.7143070e-02
   5.2074000e+00  -1.0006080e-01
   5.2140000e+00  -2.0818270e-01
   5.2206000e+00  -1.8188820e-01
   5.2272000e+00   2.1639380e-02
   5.2338000e+00   2.4453460e-01
   5.2404000e+00   2.5036400e-01
   5.2470000e+00   1.2353340e-01
   5.2536000e+00   6.3239010e-02
   5.2602000e+00   8.8378800e-02
   5.2668000e+00   1.3536420e-01
   5.2734000e+00   1.9703750e-01
   5.2800000e+00   2.3210540e-01
   5.2866000e+00   1.9681730e-01
   5.2932000e+00   1.0234750e-01
   5.2998000e+00   5.7240770e-02
   5.3064000e+00   1.0908520e-01
   5.3130000e+00   1.7916820e-01
   5.3196000e+00   1.5636040e-01
   5.3262000e+00   4.7397540e-02
   5.3328000e+00  -3.7164130e-02
   5.3394000e+00  -1.4346040e-02
   5.3460000e+00   8.7989630e-02
   5.3526000e+00   1.1024760e-01
   5.3592000e+00   4.1077510e-02
   5.3658000e+00  -3.6907860e-02
   5.3724000e+00   2.2598430e-03
   5.3790000e+00   1.5761490e-01
   5.3856000e+00   2.0802770e-01
   5.3922000e+00   1.3416950e-01
   5.3988000e+00   6.3139720e-02
   5.4054000e+00   1.9419590e-02
   5.4120000e+00  -4.9438160e-02
   5.4186000e+00  -7.8330760e-02
   5.4252000e+00   2.8351150e-02
   5.4318000e+00   1.4200720e-01
   5.4384000e+00   7.9534770e-02
   5.4450000e+00  -1.6796700e-01
   5.4516000e+00  -3.6090510e-01
   5.4582000e+00  -2.7863950e-01
   5.4648000e+00  -1.0380940e-01
   5.4714000e+00  -9.1699670e-02
   5.4780000e+00  -1.7354740e-01
   5.4846000e+00  -1.6276960e-01
   5.4912000e+00  -7.8880860e-02
   5.4978000e+00  -5.2607540e-02
   5.5044000e+00  -7.2390200e-02
   5.5110000e+00  -6.9777870e-02
   5.5176000e+00   8.3639890e-02
   5.5242000e+00   3.5256740e-01
   5.5308000e+00   4.0795370e-01
   5.5374000e+00   3.3938870e-01
   5.5440000e+00   3.1455710e-01
   5.5506000e+00   2.3951480e-01
   5.5572000e+00   9.1162530e-02
   5.5638000e+00  -3.9436750e-02
   5.5704000e+00  -1.2657610e-01
   5.5770000e+00  -1.6490830e-01
   5.5836000e+00  -1.6412770e-01
   5.5902000e+00  -1.4244240e-01
   5.5968000e+00  -1.3615400e-01
   5.6034000e+00  -1.5967980e-01
   5.6100000e+00  -2.2126140e-01
   5.6166000e+00  -2.5272790e-01
   5.6232000e+00  -1.6372450e-01
   5.6298000e+00  -5.2123250e-03
   5.6364000e+00   4.1093250e-02
   5.6430000e+00  -7.8584820e-02
   5.6496000e+00  -1.7146530e-01
   5.6562000e+00  -1.6860200e-01
   5.6628000e+00  -1.8498730e-01
   5.6694000e+00  -2.2059700e-01
   5.6760000e+00  -2.0744690e-01
   5.6826000e+00  -2.0823570e-01
   5.6892000e+00  -2.9573850e-01
   5.6958000e+00  -3.5817260e-01
   5.7024000e+00  -3.3079190e-01
   5.7090000e+00  -3.0748770e-01
   5.7156000e+00  -3.4592840e-01
   5.7222000e+00  -3.9553740e-01
   5.7288000e+00  -4.0707550e-01
   5.7354000e+00  -4.2645140e-01
   5.7420000e+00  -4.8973900e-01
   5.7486000e+00  -5.5650580e-01
   5.7552000e+00  -5.4078040e-01
   5.7618000e+00  -4.1199570e-01
   5.7684000e+00  -1.4482150e-01
   5.7750000e+00   1.3148970e-01
   5.7816000e+00   2.9618200e-02
   5.7882000e+00  -2.7149030e-01
   5.7948000e+00  -2.7188730e-01
   5.8014000e+00   3.1466040e-02
   5.8080000e+00   2.1031770e-01
   5.8146000e+00   1.7284860e-01
   5.8212000e+00   6.8868980e-02
   5.8278000e+00  -5.5868590e-03
   5.8344000e+00   1.2439830e-03
   5.8410000e+00   8.6936900e-02
   5.8476000e+00   1.9030900e-01
   5.8542000e+00   2.0112660e-01
   5.8608000e+00   1.3376670e-01
   5.8674000e+00   1.2652930e-01
   5.8740000e+00   2.1883640e-01
   5.8806000e+00   3.0793980e-01
   5.8872000e+00   3.1221140e-01
   5.8938000e+00   2.0982270e-01
   5.9004000e+00   1.2771350e-01
   5.9070000e+00   1.1776130e-01
   5.9136000e+00   1.1447270e-01
   5.9202000e+00   7.8863290e-02
   5.9268000e+00   2.7286740e-02
   5.9334000e+00  -4.7777470e-03
   5.9400000e+00   1.4999670e-02
   5.9466000e+00   9.3266290e-02
   5.9532000e+00   1.5489140e-01
   5.9598000e+00   1.5151750e-01
   5.9664000e+00   9.1301050e-02
   5.9730000e+00  -1.7517970e-02
   5.9796000e+00  -6.4943570e-02
   5.9862000e+00  -5.1076050e-05
   5.9928000e+00   1.6459710e-01
   5.9994000e+00   2.4123720e-01
   6.0060000e+00   6.5969660e-02
   6.0126000e+00  -7.6874530e-02
   6.0192000e+00   2.9818450e-02
   6.0258000e+00   2.1141300e-01
   6.0324000e+00   2.2210520e-01
   6.0390000e+00   7.6797100e-02
   6.0456000e+00  -3.6749680e-02
   6.0522000e+00  -6.2766200e-02
   6.0588000e+00  -9.1701910e-02
   6.0654000e+00  -1.0165950e-01
   6.0720000e+00  -7.0450390e-02
   6.0786000e+00  -6.7127870e-02
   6.0852000e+00  -1.7237040e-01
   6.0918000e+00  -3.2719320e-01
   6.0984000e+00  -3.7775190e-01
   6.1050000e+00  -3.5734180e-01
   6.1116000e+00  -3.6380720e-01
   6.1182000e+00  -4.0527010e-01
   6.1248000e+00  -4.2632860e-01
   6.1314000e+00  -3.1333250e-01
   6.1380000e+00  -1.0048950e-02
   6.1446000e+00   1.5642970e-01
   6.1512000e+00   1.0801850e-02
   6.1578000e+00  -1.2508410e-01
   6.1644000e+00  -5.1322740e-02
   6.1710000e+00   5.8713760e-02
   6.1776000e+00   1.0312770e-01
   6.1842000e+00   1.2855190e-01
   6.1908000e+00   1.5191970e-01
   6.1974000e+00   1.4530890e-01
   6.2040000e+00   1.3074490e-01
   6.2106000e+00   1.4724830e-01
   6.2172000e+00   1.8961930e-01
   6.2238000e+00   1.9837570e-01
   6.2304000e+00   1.5501260e-01
   6.2370000e+00   1.3344360e-01
   6.2436000e+00   1.5897670e-01
   6.2502000e+00   1.4644140e-01
   6.2568000e+00   3.5605530e-02
   6.2634000e+00  -8.0194340e-02
   6.2700000e+00  -1.0247820e-01
   6.2766000e+00  -9.6534740e-02
   6.2832000e+00  -4.9568890e-02
   6.2898000e+00   1.7275340e-01
   6.2964000e+00   4.8770020e-01
   6.3030000e+00   5.3059330e-01
   6.3096000e+00   2.9447580e-01
   6.3162000e+00   1.8098420e-01
   6.3228000e+00   2.3227230e-01
   6.3294000e+00   3.1151720e-01
   6.3360000e+00   4.4088740e-01
   6.3426000e+00   5.3209150e-01
   6.3492000e+00   5.6264980e-01
   6.3558000e+00   5.5742400e-01
   6.3624000e+00   4.8330030e-01
   6.3690000e+00   3.8309930e-01
   6.3756000e+00   2.2606550e-01
   6.3822000e+00   2.6535210e-02
   6.3888000e+00  -1.7175120e-02
   6.3954000e+00   1.0643680e-01
   6.4020000e+00   2.1963240e-01
   6.4086000e+00   2.5631450e-01
   6.4152000e+00   1.7832820e-01
   6.4218000e+00   6.6531680e-02
   6.4284000e+00   5.1279340e-02
   6.4350000e+00   7.4091870e-02
   6.4416000e+00   5.2063220e-02
   6.4482000e+00   9.9004170e-03
   6.4548000e+00  -4.1213880e-02
   6.4614000e+00  -1.3918060e-01
   6.4680000e+00  -2.2593010e-01
   6.4746000e+00  -2.8239650e-01
   6.4812000e+00  -3.5864890e-01
   6.4878000e+00  -4.5111060e-01
   6.4944000e+00  -4.9868910e-01
   6.5010000e+00  -4.4637610e-01
   6.5076000e+00  -1.4231050e-01
   6.5142000e+00   3.5833310e-01
   6.5208000e+00   5.3147770e-01
   6.5274000e+00   2.4562850e-01
   6.5340000e+00  -7.6964340e-04
   6.5406000e+00   2.8630980e-02
   6.5472000e+00   4.9137220e-02
   6.5538000e+00  -1.1435570e-01
   6.5604000e+00  -2.7529860e-01
   6.5670000e+00  -2.8314520e-01
   6.5736000e+00  -2.2246320e-01
   6.5802000e+00  -2.1656400e-01
   6.5868000e+00  -2.7440130e-01
   6.5934000e+00  -3.5613180e-01
   6.6000000e+00  -4.2169490e-01
   6.6066000e+00  -4.1321670e-01
   6.6132000e+00  -3.5293610e-01
   6.6198000e+00  -2.1899200e-01
   6.6264000e+00   8.0388690e-02
   6.6330000e+00   2.6427610e-01
   6.6396000e+00   4.5944570e-02
   6.6462000e+00  -2.0766100e-01
   6.6528000e+00  -2.1793980e-01
   6.6594000e+00  -9.7575250e-03
   6.6660000e+00   1.4010020e-01
   6.6726000e+00   1.0170690e-02
   6.6792000e+00  -1.6241910e-01
   6.6858000e+00  -2.5588500e-02
   6.6924000e+00   3.7874650e-01
   6.6990000e+00   4.6724440e-01
   6.7056000e+00   2.1038640e-01
   6.7122000e+00  -7.2899310e-04
   6.7188000e+00  -1.2610790e-02
   6.7254000e+00   1.2759570e-01
   6.7320000e+00   2.7275840e-01
   6.7386000e+00   2.8432400e-01
   6.7452000e+00   2.0356950e-01
   6.7518000e+00   1.0529340e-01
   6.7584000e+00   3.9621730e-02
   6.7650000e+00   2.8062760e-02
   6.7716000e+00   9.3557790e-02
   6.7782000e+00   2.0519940e-01
   6.7848000e+00   1.8002840e-01
   6.7914000e+00   6.6067980e-02
   6.7980000e+00   5.5003240e-02
   6.8046000e+00   1.3563740e-01
   6.8112000e+00   1.7198440e-01
   6.8178000e+00   1.3742870e-01
   6.8244000e+00   9.0155920e-02
   6.8310000e+00   1.1762800e-01
   6.8376000e+00   2.2406220e-01
   6.8442000e+00   2.6214780e-01
   6.8508000e+00   1.7452020e-01
   6.8574000e+00   7.7350130e-02
   6.8640000e+00   4.1275600e-02
   6.8706000e+00   6.1655820e-02
   6.8772000e+00   7.3099920e-02
   6.8838000e+00   3.7525650e-02
   6.8904000e+00  -3.6373160e-03
   6.8970000e+00  -4.7573030e-02
   6.9036000e+00  -1.6880780e-01
   6.9102000e+00  -3.1274930e-01
   6.9168000e+00  -3.5678890e-01
   6.9234000e+00  -3.1078250e-01
   6.9300000e+00  -2.8282500e-01
   6.9366000e+00  -2.8823330e-01
   6.9432000e+00  -2.8048000e-01
   6.9498000e+00  -2.7500080e-01
   6.9564000e+00  -3.2201250e-01
   6.9630000e+00  -2.9453490e-01
   6.9696000e+00  -1.1959720e-01
   6.9762000e+00  -1.9417850e-02
   6.9828000e+00  -5.2365440e-02
   6.9894000e+00  -1.1212170e-01
   6.9960000e+00   1.7764930e-02
   7.0026000e+00   4.6495590e-01
   7.0092000e+00   7.5038620e-01
   7.0158000e+00   5.8225690e-01
   7.0224000e+00   3.7296710e-01
   7.0290000e+00   2.7945400e-01
   7.0356000e+00   1.6871560e-01
   7.0422000e+00   7.2991300e-02
   7.0488000e+00   8.1458690e-02
   7.0554000e+00   1.2862820e-01
   7.0620000e+00   1.9067740e-01
   7.0686000e+00   2.1696910e-01
   7.0752000e+00   1.4244610e-01
   7.0818000e+00   7.7117830e-02
   7.0884000e+00   7.7490600e-02
   7.0950000e+00   7.6543420e-02
   7.1016000e+00   6.0293620e-02
   7.1082000e+00   7.6495810e-02
   7.1148000e+00   1.1876640e-01
   7.1214000e+00   1.4071520e-01
   7.1280000e+00   9.6999830e-02
   7.1346000e+00  -8.1621340e-03
   7.1412000e+00  -1.0957690e-01
   7.1478000e+00  -1.5410000e-01
   7.1544000e+00  -1.6674540e-01
   7.1610000e+00  -9.8235730e-02
   7.1676000e+00   8.5365150e-02
   7.1742000e+00   1.5063140e-01
   7.1808000e+00   5.7430080e-02
   7.1874000e+00   6.8539940e-03
   7.1940000e+00   3.2127450e-03
   7.2006000e+00  -5.5341660e-02
   7.2072000e+00  -1.2588920e-01
   7.2138000e+00  -1.5499780e-01
   7.2204000e+00  -1.5999440e-01
   7.2270000e+00  -1.5842360e-01
   7.2336000e+00  -1.5646000e-01
   7.2402000e+00  -1.9310050e-01
   7.2468000e+00  -2.5503340e-01
   7.2534000e+00  -2.6327030e-01
   7.2600000e+00  -1.8597620e-01
   7.2666000e+00  -5.4409180e-02
   7.2732000e+00   7.1829290e-02
   7.2798000e+00   7.7020130e-02
   7.2864000e+00  -2.5654060e-02
   7.2930000e+00  -1.0772210e-01
   7.2996000e+00  -1.3576870e-01
   7.3062000e+00  -1.1595530e-01
   7.3128000e+00  -6.4818810e-02
   7.3194000e+00  -5.2812520e-03
   7.3260000e+00   4.9951680e-02
   7.3326000e+00   8.8189110e-02
   7.3392000e+00   8.9210190e-02
   7.3458000e+00   8.4183460e-02
   7.3524000e+00   1.3363890e-01
   7.3590000e+00   2.5442560e-01
   7.3656000e+00   3.6490350e-01
   7.3722000e+00   3.1654870e-01
   7.3788000e+00   1.5842680e-01
   7.3854000e+00   1.0094440e-01
   7.3920000e+00   1.3603240e-01
   7.3986000e+00   1.3479710e-01
   7.4052000e+00   7.6325040e-02
   7.4118000e+00   1.6038580e-02
   7.4184000e+00  -4.5049190e-02
   7.4250000e+00  -1.0996510e-01
   7.4316000e+00  -1.5356010e-01
   7.4382000e+00  -1.3083370e-01
   7.4448000e+00  -3.7509860e-02
   7.4514000e+00   5.4665490e-03
   7.4580000e+00  -3.1360600e-02
   7.4646000e+00  -1.1997180e-01
   7.4712000e+00  -2.4414580e-01
   7.4778000e+00  -2.8039260e-01
   7.4844000e+00  -1.3595040e-01
   7.4910000e+00   1.3329170e-01
   7.4976000e+00   3.8835050e-01
   7.5042000e+00   3.2437080e-01
   7.5108000e+00   5.2369600e-02
   7.5174000e+00  -8.6826000e-02
   7.5240000e+00  -1.2693870e-01
   7.5306000e+00  -1.4217050e-01
   7.5372000e+00  -9.7687450e-02
   7.5438000e+00  -2.3104270e-02
   7.5504000e+00  -6.4127610e-03
   7.5570000e+00  -7.3787640e-02
   7.5636000e+00  -2.3145900e-01
   7.5702000e+00  -3.5105120e-01
   7.5768000e+00  -3.9319190e-01
   7.5834000e+00  -3.4794990e-01
   7.5900000e+00  -1.1234190e-01
   7.5966000e+00   2.8200990e-01
   7.6032000e+00   4.3653890e-01
   7.6098000e+00   1.2417310e-01
   7.6164000e+00  -1.2067640e-01
   7.6230000e+00  -2.1200110e-02
   7.6296000e+00   6.9616370e-02
   7.6362000e+00  -1.9306960e-02
   7.6428000e+00  -8.4293020e-02
   7.6494000e+00  -1.0347520e-02
   7.6560000e+00   5.9099590e-02
   7.6626000e+00   4.9813050e-03
   7.6692000e+00  -8.4351370e-02
   7.6758000e+00  -1.0983750e-01
   7.6824000e+00  -1.1901740e-01
   7.6890000e+00  -1.7055720e-01
   7.6956000e+00  -2.2045400e-01
   7.7022000e+00  -2.1409400e-01
   7.7088000e+00  -1.4571020e-01
   7.7154000e+00  -7.2535110e-02
   7.7220000e+00  -8.1360960e-02
   7.7286000e+00  -1.5299930e-01
   7.7352000e+00  -1.8724990e-01
   7.7418000e+00  -1.7001810e-01
   7.7484000e+00  -1.6274940e-01
   7.7550000e+00  -1.7361570e-01
   7.7616000e+00  -1.3150730e-01
   7.7682000e+00  -2.1673100e-02
   7.7748000e+00   4.8800560e-02
   7.7814000e+00   4.8429540e-02
   7.7880000e+00   7.9924350e-02
   7.7946000e+00   1.5348270e-01
   7.8012000e+00   2.4161250e-01
   7.8078000e+00   3.0233110e-01
   7.8144000e+00   2.3820750e-01
   7.8210000e+00   1.0882670e-01
   7.8276000e+00  -5.7133680e-03
   7.8342000e+00  -9.4914350e-02
   7.8408000e+00  -1.6181200e-01
   7.8474000e+00  -1.9030450e-01
   7.8540000e+00  -1.6256420e-01
   7.8606000e+00  -9.5959380e-02
   7.8672000e+00  -4.0686000e-02
   7.8738000e+00  -7.8207770e-03
   7.8804000e+00   5.0319650e-02
   7.8870000e+00   9.8504160e-02
   7.8936000e+00   8.3362740e-02
   7.9002000e+00   7.2549090e-02
   7.9068000e+00   1.1066230e-01
   7.9134000e+00   1.4750870e-01
   7.9200000e+00   1.5753400e-01
   7.9266000e+00   1.9449250e-01
   7.9332000e+00   2.4133080e-01
   7.9398000e+00   2.7428360e-01
   7.9464000e+00   3.0098940e-01
   7.9530000e+00   2.6159250e-01
   7.9596000e+00   1.7842050e-01
   7.9662000e+00   1.2484310e-01
   7.9728000e+00   8.9181670e-02
   7.9794000e+00   7.0986410e-02
   7.9860000e+00   9.6983570e-02
   7.9926000e+00   1.7231610e-01
   7.9992000e+00   2.7455410e-01
   8.0058000e+00   3.5775970e-01
   8.0124000e+00   4.3349430e-01
   8.0190000e+00   4.7701130e-01
   8.0256000e+00   3.1811400e-01
   8.0322000e+00   1.9192430e-02
   8.0388000e+00  -1.1340960e-01
   8.0454000e+00  -7.5327400e-02
   8.0520000e+00  -1.0420690e-02
   8.0586000e+00   4.6963030e-02
   8.0652000e+00   9.4294910e-02
   8.0718000e+00   1.3574910e-01
   8.0784000e+00   1.9256000e-01
   8.0850000e+00   2.1699350e-01
   8.0916000e+00   1.1895480e-01
   8.0982000e+00  -1.1195610e-02
   8.1048000e+00  -4.9735290e-02
   8.1114000e+00  -4.7510510e-02
   8.1180000e+00  -8.9805170e-02
   8.1246000e+00  -1.6994060e-01
   8.1312000e+00  -2.3251240e-01
   8.1378000e+00  -2.6232820e-01
   8.1444000e+00  -2.8140170e-01
   8.1510000e+00  -2.9245320e-01
   8.1576000e+00  -2.6530210e-01
   8.1642000e+00  -2.2842360e-01
   8.1708000e+00  -2.0867210e-01
   8.1774000e+00  -1.8541060e-01
   8.1840000e+00  -1.9072120e-01
   8.1906000e+00  -2.5300530e-01
   8.1972000e+00  -2.9200250e-01
   8.2038000e+00  -2.7747800e-01
   8.2104000e+00  -1.5849850e-01
   8.2170000e+00   1.0710240e-01
   8.2236000e+00   2.0269490e-01
   8.2302000e+00  -4.4236880e-02
   8.2368000e+00  -2.6441560e-01
   8.2434000e+00  -2.5406240e-01
   8.2500000e+00  -2.4651410e-01
   8.2566000e+00  -3.5764460e-01
   8.2632000e+00  -4.5915000e-01
   8.2698000e+00  -3.9302150e-01
   8.2764000e+00  -2.0261730e-01
   8.2830000e+00  -5.3402350e-02
   8.2896000e+00  -1.0897000e-02
   8.2962000e+00   2.5954230e-02
   8.3028000e+00   1.0694710e-01
   8.3094000e+00   1.6002690e-01
   8.3160000e+00   1.9875490e-01
   8.3226000e+00   3.1085940e-01
   8.3292000e+00   4.5789080e-01
   8.3358000e+00   6.0241250e-01
   8.3424000e+00   6.2972090e-01
   8.3490000e+00   3.9722640e-01
   8.3556000e+00   4.5150140e-02
   8.3622000e+00  -1.3304990e-01
   8.3688000e+00  -2.1378330e-01
   8.3754000e+00  -2.3369350e-01
   8.3820000e+00  -2.7668430e-04
   8.3886000e+00   2.2591780e-01
   8.3952000e+00   2.4844060e-01
   8.4018000e+00   2.8945590e-01
   8.4084000e+00   4.4860300e-01
   8.4150000e+00   5.3280830e-01
   8.4216000e+00   3.6149440e-01
   8.4282000e+00   1.4577000e-01
   8.4348000e+00   6.2570850e-02
   8.4414000e+00   3.5424110e-01
   8.4480000e+00   8.6394650e-01
   8.4546000e+00   6.1808050e-01
   8.4612000e+00   5.2609400e-02
   8.4678000e+00  -7.2614080e-03
   8.4744000e+00   1.8217470e-01
   8.4810000e+00   1.0612840e-01
   8.4876000e+00  -1.6153480e-01
   8.4942000e+00  -3.4858580e-01
   8.5008000e+00  -3.6711370e-01
   8.5074000e+00  -1.8837040e-01
   8.5140000e+00   7.6382880e-02
   8.5206000e+00   1.9323460e-01
   8.5272000e+00   1.7291330e-01
   8.5338000e+00   1.1728630e-01
   8.5404000e+00   4.1722940e-02
   8.5470000e+00  -9.7799220e-03
   8.5536000e+00  -1.6924260e-02
   8.5602000e+00  -3.0928900e-02
   8.5668000e+00  -3.2283430e-02
   8.5734000e+00   9.7604390e-02
   8.5800000e+00   3.2286810e-01
   8.5866000e+00   4.5677480e-01
   8.5932000e+00   4.4948630e-01
   8.5998000e+00   3.1307940e-01
   8.6064000e+00   1.6286570e-01
   8.6130000e+00   9.0282410e-02
   8.6196000e+00   7.7549840e-02
   8.6262000e+00   3.0608640e-02
   8.6328000e+00  -1.1765660e-01
   8.6394000e+00  -2.5833320e-01
   8.6460000e+00  -3.0181040e-01
   8.6526000e+00  -3.5520470e-01
   8.6592000e+00  -4.8968390e-01
   8.6658000e+00  -6.4497990e-01
   8.6724000e+00  -7.2628770e-01
   8.6790000e+00  -7.1867690e-01
   8.6856000e+00  -6.8716190e-01
   8.6922000e+00  -6.3151790e-01
   8.6988000e+00  -5.2005400e-01
   8.7054000e+00  -3.4840940e-01
   8.7120000e+00  -1.6023410e-01
   8.7186000e+00  -1.6736680e-02
   8.7252000e+00   6.6606070e-02
   8.7318000e+00   6.6074520e-02
   8.7384000e+00   5.1208710e-02
   8.7450000e+00   8.8898230e-02
   8.7516000e+00   1.2247640e-01
   8.7582000e+00   4.3125610e-02
   8.7648000e+00  -1.7776330e-01
   8.7714000e+00  -3.7443680e-01
   8.7780000e+00  -3.2188710e-01
   8.7846000e+00  -1.0208630e-01
   8.7912000e+00   9.2983190e-02
   8.7978000e+00   1.1469410e-01
   8.8044000e+00   5.0841830e-03
   8.8110000e+00  -1.1064610e-01
   8.8176000e+00  -2.2083770e-01
   8.8242000e+00  -3.5309650e-01
   8.8308000e+00  -4.0313960e-01
   8.8374000e+00  -2.7042950e-01
   8.8440000e+00   1.3232760e-01
   8.8506000e+00   5.2848620e-01
   8.8572000e+00   4.1112900e-01
   8.8638000e+00  -1.2554900e-01
   8.8704000e+00  -4.2955430e-01
   8.8770000e+00  -1.8885080e-01
   8.8836000e+00   1.0527260e-01
   8.8902000e+00   1.0752690e-01
   8.8968000e+00  -3.2920060e-03
   8.9034000e+00  -4.8780440e-02
   8.9100000e+00  -3.9092050e-02
   8.9166000e+00   1.4404220e-02
   8.9232000e+00   1.4024000e-01
   8.9298000e+00   1.5610320e-01
   8.9364000e+00   4.1883550e-02
   8.9430000e+00  -3.7151960e-02
   8.9496000e+00  -4.7297000e-02
   8.9562000e+00  -4.4770470e-02
   8.9628000e+00  -5.0865160e-02
   8.9694000e+00  -3.5682050e-02
   8.9760000e+00  -1.6554520e-02
   8.9826000e+00  -1.8224140e-02
   8.9892000e+00  -3.5599210e-02
   8.9958000e+00  -4.2931150e-02
   9.0024000e+00  -2.3330560e-02
   9.0090000e+00  -1.0904990e-02
   9.0156000e+00  -1.7938470e-02
   9.0222000e+00  -6.7239130e-03
   9.0288000e+00  -1.0095630e-02
   9.0354000e+00  -9.0733750e-02
   9.0420000e+00  -2.0359520e-01
   9.0486000e+00  -2.6463440e-01
   9.0552000e+00  -2.5113530e-01
   9.0618000e+00  -2.5535590e-01
   9.0684000e+00  -2.5651010e-01
   9.0750000e+00  -1.3214820e-01
   9.0816000e+00   1.7704010e-02
   9.0882000e+00   4.7788800e-02
   9.0948000e+00  -8.7957930e-02
   9.1014000e+00  -2.6595390e-01
   9.1080000e+00  -2.7151450e-01
   9.1146000e+00  -1.7101890e-01
   9.1212000e+00  -1.1488700e-01
   9.1278000e+00  -1.1653330e-01
   9.1344000e+00  -1.2223040e-01
   9.1410000e+00  -1.2554340e-01
   9.1476000e+00  -1.2617640e-01
   9.1542000e+00  -1.0515180e-01
   9.1608000e+00  -9.7444000e-02
   9.1674000e+00  -1.4210010e-01
   9.1740000e+00  -1.8063470e-01
   9.1806000e+00  -1.7956820e-01
   9.1872000e+00  -2.0598280e-01
   9.1938000e+00  -2.8341150e-01
   9.2004000e+00  -2.8042960e-01
   9.2070000e+00  -1.9635670e-01
   9.2136000e+00  -2.2238650e-01
   9.2202000e+00  -3.1395790e-01
   9.2268000e+00  -3.5215540e-01
   9.2334000e+00  -3.2817760e-01
   9.2400000e+00  -2.0109020e-01
   9.2466000e+00   3.0543560e-02
   9.2532000e+00   1.8383450e-01
   9.2598000e+00   6.4233270e-02
   9.2664000e+00  -1.2531210e-01
   9.2730000e+00  -1.4419160e-01
   9.2796000e+00  -7.9920620e-02
   9.2862000e+00  -9.4292300e-02
   9.2928000e+00  -1.4376780e-01
   9.2994000e+00  -1.3531000e-01
   9.3060000e+00  -4.1189780e-02
   9.3126000e+00   1.0580460e-01
   9.3192000e+00   1.3348670e-01
   9.3258000e+00   2.2063260e-02
   9.3324000e+00  -6.4810670e-02
   9.3390000e+00  -5.0550100e-02
   9.3456000e+00  -5.2404740e-03
   9.3522000e+00  -1.1242830e-02
   9.3588000e+00  -1.0491280e-01
   9.3654000e+00  -2.6230840e-01
   9.3720000e+00  -2.8924680e-01
   9.3786000e+00  -1.5746280e-01
   9.3852000e+00  -8.2224320e-02
   9.3918000e+00  -1.2939830e-01
   9.3984000e+00  -1.9593190e-01
   9.4050000e+00  -1.6112300e-01
   9.4116000e+00  -3.9959480e-02
   9.4182000e+00   1.7310870e-02
   9.4248000e+00  -2.6362320e-02
   9.4314000e+00  -6.7275010e-02
   9.4380000e+00  -6.0794400e-02
   9.4446000e+00  -3.8127420e-02
   9.4512000e+00  -1.8659630e-02
   9.4578000e+00  -2.2874160e-02
   9.4644000e+00  -5.7314700e-02
   9.4710000e+00  -4.1662720e-02
   9.4776000e+00   5.8257590e-02
   9.4842000e+00   1.2333270e-01
   9.4908000e+00   6.9951180e-02
   9.4974000e+00  -4.5125410e-02
   9.5040000e+00  -1.1166220e-01
   9.5106000e+00  -8.5612560e-02
   9.5172000e+00  -3.9946250e-03
   9.5238000e+00   1.5044230e-01
   9.5304000e+00   2.5255820e-01
   9.5370000e+00   8.2092920e-02
   9.5436000e+00  -7.9637820e-02
   9.5502000e+00   2.9718320e-02
   9.5568000e+00   3.6634400e-01
   9.5634000e+00   5.7531540e-01
   9.5700000e+00   4.2159150e-01
   9.5766000e+00   2.3166960e-01
   9.5832000e+00   2.0986370e-01
   9.5898000e+00   2.0794840e-01
   9.5964000e+00   1.3149590e-01
   9.6030000e+00   1.3217750e-02
   9.6096000e+00   1.3328440e-02
   9.6162000e+00   1.6607520e-01
   9.6228000e+00   2.9436140e-01
   9.6294000e+00   2.9277130e-01
   9.6360000e+00   1.9314990e-01
   9.6426000e+00   1.4298600e-01
   9.6492000e+00   1.6445870e-01
   9.6558000e+00   1.5145970e-01
   9.6624000e+00   9.4694930e-02
   9.6690000e+00   4.9676670e-02
   9.6756000e+00   1.1018530e-02
   9.6822000e+00  -3.5371700e-02
   9.6888000e+00  -1.4972830e-01
   9.6954000e+00  -3.2423620e-01
   9.7020000e+00  -3.7708030e-01
   9.7086000e+00  -3.0001200e-01
   9.7152000e+00  -1.4362010e-01
   9.7218000e+00  -1.2110490e-01
   9.7284000e+00  -2.7068920e-01
   9.7350000e+00  -3.5893220e-01
   9.7416000e+00  -2.7529260e-01
   9.7482000e+00  -1.6339770e-01
   9.7548000e+00  -1.6645520e-01
   9.7614000e+00  -2.5345180e-01
   9.7680000e+00  -2.7987560e-01
   9.7746000e+00  -1.8195060e-01
   9.7812000e+00  -9.0492690e-02
   9.7878000e+00  -9.3657290e-02
   9.7944000e+00  -1.2315050e-01
   9.8010000e+00  -1.2802160e-01
   9.8076000e+00  -1.6250760e-01
   9.8142000e+00  -2.3060290e-01
   9.8208000e+00  -3.1480580e-01
   9.8274000e+00  -4.3713990e-01
   9.8340000e+00  -5.0390980e-01
   9.8406000e+00  -4.4562190e-01
   9.8472000e+00  -3.4718450e-01
   9.8538000e+00  -3.4473930e-01
   9.8604000e+00  -2.3941120e-01
   9.8670000e+00   6.1816030e-02
   9.8736000e+00   1.0654680e-01
   9.8802000e+00  -6.4915690e-02
   9.8868000e+00  -9.6651850e-02
   9.8934000e+00  -2.1516900e-03
   9.9000000e+00   4.6265380e-02
   9.9066000e+00   1.6886520e-02
   9.9132000e+00  -4.3682670e-02
   9.9198000e+00  -8.1316290e-02
   9.9264000e+00  -8.7602140e-02
   9.9330000e+00  -9.2174880e-02
   9.9396000e+00  -9.5051290e-02
   9.9462000e+00   2.4392960e-02
   9.9528000e+00   3.7076330e-01
   9.9594000e+00   6.2129170e-01
   9.9660000e+00   4.7586430e-01
   9.9726000e+00   2.7357950e-01
   9.9792000e+00   2.8338730e-01
   9.9858000e+00   4.1329340e-01
   9.9924000e+00   5.7351390e-01
   9.9990000e+00   6.4040390e-01
   1.0005600e+01   5.8532700e-01
   1.0012200e+01   5.1296160e-01
   1.0018800e+01   4.6440290e-01
   1.0025400e+01   4.3701150e-01
   1.0032000e+01   4.0209310e-01
   1.0038600e+01   3.5941190e-01
   1.0045200e+01   3.3067960e-01
   1.0051800e+01   2.9189430e-01
   1.0058400e+01   2.0540840e-01
   1.0065000e+01   1.5858700e-01
   1.0071600e+01   1.6464340e-01
   1.0078200e+01   2.7198470e-01
   1.0084800e+01   6.1564900e-01
   1.0091400e+01   8.0120690e-01
   1.0098000e+01   5.0446940e-01
   1.0104600e+01   1.4585490e-01
   1.0111200e+01   1.5817170e-01
   1.0117800e+01   3.6263230e-01
   1.0124400e+01   4.7613340e-01
   1.0131000e+01   4.9347400e-01
   1.0137600e+01   5.2303900e-01
   1.0144200e+01   5.2771510e-01
   1.0150800e+01   4.5033570e-01
   1.0157400e+01   3.5109870e-01
   1.0164000e+01   2.3001560e-01
   1.0170600e+01   7.9208610e-02
   1.0177200e+01  -1.5725800e-02
   1.0183800e+01  -7.3376190e-03
   1.0190400e+01   1.3553810e-02
   1.0197000e+01  -5.5783440e-04
   1.0203600e+01  -2.1292730e-02
   1.0210200e+01  -7.4770910e-02
   1.0216800e+01  -1.2123220e-01
   1.0223400e+01  -1.3412960e-01
   1.0230000e+01  -1.2955280e-01
   1.0236600e+01  -1.3908930e-01
   1.0243200e+01  -1.6621210e-01
   1.0249800e+01  -1.4492820e-01
   1.0256400e+01   3.8192380e-02
   1.0263000e+01   2.1319730e-01
   1.0269600e+01   8.6041840e-02
   1.0276200e+01  -1.0160270e-01
   1.0282800e+01  -5.3433560e-02
   1.0289400e+01   7.9141690e-02
   1.0296000e+01   9.3647860e-02
   1.0302600e+01   4.6775210e-02
   1.0309200e+01   5.2262710e-02
   1.0315800e+01   1.1118960e-01
   1.0322400e+01   1.5955510e-01
   1.0329000e+01   1.4640620e-01
   1.0335600e+01   9.2076600e-02
   1.0342200e+01   2.3437210e-02
   1.0348800e+01  -5.2586480e-02
   1.0355400e+01  -1.1471090e-01
   1.0362000e+01  -1.3078720e-01
   1.0368600e+01  -1.1772050e-01
   1.0375200e+01  -7.7456790e-02
   1.0381800e+01  -2.1075890e-02
   1.0388400e+01  -6.4476210e-03
   1.0395000e+01  -4.0236690e-03
   1.0401600e+01   2.9618180e-02
   1.0408200e+01   1.1528180e-01
   1.0414800e+01   2.1692310e-01
   1.0421400e+01   2.0474980e-01
   1.0428000e+01   8.4340590e-02
   1.0434600e+01  -3.2641840e-02
   1.0441200e+01  -6.5933890e-02
   1.0447800e+01  -1.5373390e-02
   1.0454400e+01   1.2151100e-01
   1.0461000e+01   2.4085640e-01
   1.0467600e+01   2.2190410e-01
   1.0474200e+01   1.5359780e-01
   1.0480800e+01   1.2489190e-01
   1.0487400e+01   1.1372440e-01
   1.0494000e+01   9.9490490e-02
   1.0500600e+01   6.2147240e-02
   1.0507200e+01  -8.3982970e-03
   1.0513800e+01  -7.1714970e-02
   1.0520400e+01  -1.0288630e-01
   1.0527000e+01  -1.6584340e-01
   1.0533600e+01  -3.0528110e-01
   1.0540200e+01  -4.1247720e-01
   1.0546800e+01  -4.2226410e-01
   1.0553400e+01  -3.8490570e-01
   1.0560000e+01  -3.2880730e-01
   1.0566600e+01  -2.5457620e-01
   1.0573200e+01  -1.8330730e-01
   1.0579800e+01  -1.4933710e-02
   1.0586400e+01   1.9094610e-01
   1.0593000e+01   1.7309880e-01
   1.0599600e+01  -3.5716220e-03
   1.0606200e+01  -9.8362390e-02
   1.0612800e+01  -1.0208650e-01
   1.0619400e+01  -1.3537270e-01
   1.0626000e+01  -1.4077190e-01
   1.0632600e+01  -1.1065800e-01
   1.0639200e+01  -1.4423970e-01
   1.0645800e+01  -2.2265690e-01
   1.0652400e+01  -2.6912260e-01
   1.0659000e+01  -2.8730930e-01
   1.0665600e+01  -2.9825480e-01
   1.0672200e+01  -2.9656150e-01
   1.0678800e+01  -2.3291670e-01
   1.0685400e+01  -5.3993080e-02
   1.0692000e+01   1.9437270e-01
   1.0698600e+01   3.1902490e-01
   1.0705200e+01   2.1429060e-01
   1.0711800e+01   9.3835040e-02
   1.0718400e+01   1.2458940e-01
   1.0725000e+01   1.8357480e-01
   1.0731600e+01   1.4539290e-01
   1.0738200e+01   4.1587690e-02
   1.0744800e+01  -3.3536960e-02
   1.0751400e+01   5.4314540e-03
   1.0758000e+01   1.1053290e-01
   1.0764600e+01   1.8701960e-01
   1.0771200e+01   2.3053780e-01
   1.0777800e+01   2.5013210e-01
   1.0784400e+01   2.9115170e-01
   1.0791000e+01   3.3249760e-01
   1.0797600e+01   2.8132380e-01
   1.0804200e+01   2.1513330e-01
   1.0810800e+01   2.3144130e-01
   1.0817400e+01   2.5615350e-01
   1.0824000e+01   1.9693820e-01
   1.0830600e+01   1.2306480e-02
   1.0837200e+01  -2.3961010e-01
   1.0843800e+01  -3.1211600e-01
   1.0850400e+01  -2.0115120e-01
   1.0857000e+01  -1.2305470e-01
   1.0863600e+01  -1.0338400e-01
   1.0870200e+01  -6.8214790e-02
   1.0876800e+01  -7.6654770e-02
   1.0883400e+01  -1.5190450e-01
   1.0890000e+01  -2.1910730e-01
   1.0896600e+01  -2.2124310e-01
   1.0903200e+01  -1.7709140e-01
   1.0909800e+01  -1.2018660e-01
   1.0916400e+01  -8.7242430e-02
   1.0923000e+01  -8.7640420e-02
   1.0929600e+01  -7.6089230e-02
   1.0936200e+01  -5.7625200e-02
   1.0942800e+01  -4.6508160e-02
   1.0949400e+01  -5.4204700e-02
   1.0956000e+01  -7.4259800e-02
   1.0962600e+01  -9.4500740e-02
   1.0969200e+01  -6.1837530e-02
   1.0975800e+01   4.3170850e-02
   1.0982400e+01   4.7248780e-02
   1.0989000e+01  -1.2853930e-01
   1.0995600e+01  -3.1984530e-01
   1.1002200e+01  -3.3840950e-01
   1.1008800e+01  -2.0563850e-01
   1.1015400e+01  -3.7387130e-02
   1.1022000e+01   4.4010660e-02
   1.1028600e+01  -2.3368680e-02
   1.1035200e+01  -1.8740810e-01
   1.1041800e+01  -2.8953800e-01
   1.1048400e+01  -2.6171990e-01
   1.1055000e+01  -1.8015620e-01
   1.1061600e+01  -1.1326970e-01
   1.1068200e+01  -1.0565980e-01
   1.1074800e+01  -1.3802700e-01
   1.1081400e+01  -1.8247750e-01
   1.1088000e+01  -1.4367550e-01
   1.1094600e+01   3.7896130e-02
   1.1101200e+01   2.0314320e-01
   1.1107800e+01   2.1630410e-01
   1.1114400e+01   1.5451730e-01
   1.1121000e+01   1.6866550e-01
   1.1127600e+01   2.2876520e-01
   1.1134200e+01   1.9119660e-01
   1.1140800e+01   1.6057250e-01
   1.1147400e+01   2.7574350e-01
   1.1154000e+01   3.8617660e-01
   1.1160600e+01   3.3381660e-01
   1.1167200e+01   2.2085490e-01
   1.1173800e+01   1.9826330e-01
   1.1180400e+01   2.0119180e-01
   1.1187000e+01   1.4428790e-01
   1.1193600e+01  -2.6717380e-02
   1.1200200e+01  -2.9649450e-01
   1.1206800e+01  -4.0321420e-01
   1.1213400e+01  -3.0082490e-01
   1.1220000e+01  -2.1612580e-01
   1.1226600e+01  -2.6338730e-01
   1.1233200e+01  -3.0801680e-01
   1.1239800e+01  -2.5314730e-01
   1.1246400e+01  -1.8024030e-01
   1.1253000e+01  -1.4856340e-01
   1.1259600e+01  -1.3054390e-01
   1.1266200e+01  -1.0109600e-01
   1.1272800e+01  -6.5089120e-02
   1.1279400e+01  -5.9896310e-02
   1.1286000e+01  -1.3342100e-01
   1.1292600e+01  -1.7907730e-01
   1.1299200e+01  -1.6637140e-01
   1.1305800e+01  -7.8096550e-02
   1.1312400e+01   1.2907430e-01
   1.1319000e+01   2.6238330e-01
   1.1325600e+01   2.8104900e-01
   1.1332200e+01   2.4584450e-01
   1.1338800e+01   1.9904070e-01
   1.1345400e+01   1.1919700e-01
   1.1352000e+01   6.7201390e-02
   1.1358600e+01   8.9127400e-02
   1.1365200e+01   1.4060690e-01
   1.1371800e+01   1.9707030e-01
   1.1378400e+01   2.3954100e-01
   1.1385000e+01   2.1184200e-01
   1.1391600e+01   1.1943130e-01
   1.1398200e+01   4.0120700e-02
   1.1404800e+01   9.3481670e-03
   1.1411400e+01  -2.5740220e-02
   1.1418000e+01  -7.0019580e-02
   1.1424600e+01  -7.6400590e-02
   1.1431200e+01   3.7704190e-02
   1.1437800e+01   2.0211040e-01
   1.1444400e+01   2.2504600e-01
   1.1451000e+01   1.9072840e-01
   1.1457600e+01   2.4759000e-01
   1.1464200e+01   3.4235320e-01
   1.1470800e+01   3.3858450e-01
   1.1477400e+01   2.5526130e-01
   1.1484000e+01   2.2976090e-01
   1.1490600e+01   2.7514670e-01
   1.1497200e+01   3.1031830e-01
   1.1503800e+01   3.1837020e-01
   1.1510400e+01   3.0570670e-01
   1.1517000e+01   2.6278770e-01
   1.1523600e+01   1.8723660e-01
   1.1530200e+01   6.0611820e-02
   1.1536800e+01  -5.9562680e-02
   1.1543400e+01  -7.6790250e-02
   1.1550000e+01  -4.6191100e-02
   1.1556600e+01  -5.6760240e-02
   1.1563200e+01  -8.4373230e-02
   1.1569800e+01  -5.7544940e-02
   1.1576400e+01  -6.1148120e-03
   1.1583000e+01   1.9117480e-02
   1.1589600e+01   5.3342140e-02
   1.1596200e+01   8.9661430e-02
   1.1602800e+01   6.8601820e-02
   1.1609400e+01  -7.1956900e-04
   1.1616000e+01  -5.3575710e-02
   1.1622600e+01  -8.2651560e-02
   1.1629200e+01  -1.2598070e-01
   1.1635800e+01  -1.9555620e-01
   1.1642400e+01  -2.5868420e-01
   1.1649000e+01  -2.6093950e-01
   1.1655600e+01  -2.4914670e-01
   1.1662200e+01  -2.1932080e-01
   1.1668800e+01  -8.7594800e-02
   1.1675400e+01   1.7469670e-02
   1.1682000e+01   3.5973810e-02
   1.1688600e+01   1.0663100e-01
   1.1695200e+01   1.4486370e-01
   1.1701800e+01  -6.7566920e-02
   1.1708400e+01  -2.5039250e-01
   1.1715000e+01  -1.8353640e-01
   1.1721600e+01  -9.1217710e-02
   1.1728200e+01  -1.1988600e-01
   1.1734800e+01  -1.6905160e-01
   1.1741400e+01  -1.5948380e-01
   1.1748000e+01  -1.1868730e-01
   1.1754600e+01  -4.7919170e-02
   1.1761200e+01   5.4933710e-02
   1.1767800e+01   9.1070570e-02
   1.1774400e+01   7.1303980e-02
   1.1781000e+01   8.5783460e-02
   1.1787600e+01   1.2491430e-01
   1.1794200e+01   1.0842580e-01
   1.1800800e+01   7.4582740e-02
   1.1807400e+01   7.7092820e-02
   1.1814000e+01   7.8684230e-02
   1.1820600e+01   7.0518330e-02
   1.1827200e+01   6.8138430e-02
   1.1833800e+01   4.2310060e-02
   1.1840400e+01   9.1772370e-03
   1.1847000e+01   9.1831570e-03
   1.1853600e+01   1.2950940e-02
   1.1860200e+01  -2.2471420e-02
   1.1866800e+01  -5.5810020e-02
   1.1873400e+01  -5.4532610e-02
   1.1880000e+01  -3.7216840e-02
   1.1886600e+01  -3.2992690e-02
   1.1893200e+01  -3.4116120e-02
   1.1899800e+01  -3.1361010e-02
   1.1906400e+01  -4.6462580e-02
   1.1913000e+01  -7.1715190e-02
   1.1919600e+01  -8.3046920e-02
   1.1926200e+01  -8.0674980e-02
   1.1932800e+01  -8.2454350e-02
   1.1939400e+01  -6.9672290e-02
   1.1946000e+01  -8.9564720e-02
   1.1952600e+01  -1.7874020e-01
   1.1959200e+01  -2.3967400e-01
   1.1965800e+01  -1.8329820e-01
   1.1972400e+01  -7.4541000e-02
   1.1979000e+01  -1.1191970e-02
   1.1985600e+01   5.0098150e-02
   1.1992200e+01   8.4299340e-02
   1.1998800e+01   7.3505180e-02
   1.2005400e+01   4.6001330e-02
   1.2012000e+01   2.3392920e-02
   1.2018600e+01   2.2305920e-05
   1.2025200e+01  -2.0191990e-03
   1.2031800e+01  -1.3154850e-02
   1.2038400e+01  -1.0093490e-01
   1.2045000e+01  -1.9429520e-01
   1.2051600e+01  -1.8200490e-01
   1.2058200e+01  -1.0037660e-01
   1.2064800e+01  -6.9464500e-02
   1.2071400e+01  -1.0151400e-01
   1.2078000e+01  -8.8770480e-02
   1.2084600e+01  -8.4683090e-03
   1.2091200e+01   3.7680800e-02
   1.2097800e+01  -2.0884340e-02
   1.2104400e+01  -8.2410750e-02
   1.2111000e+01  -7.0030310e-02
   1.2117600e+01  -3.2357540e-02
   1.2124200e+01  -1.0939690e-02
   1.2130800e+01   3.1013040e-02
   1.2137400e+01   4.9422180e-02
   1.2144000e+01  -5.1677480e-03
   1.2150600e+01  -6.1653700e-02
   1.2157200e+01  -2.9233200e-02
   1.2163800e+01   7.5006280e-02
   1.2170400e+01   1.5239180e-01
   1.2177000e+01   1.4508260e-01
   1.2183600e+01   1.0552520e-01
   1.2190200e+01   8.6274120e-02
   1.2196800e+01   9.2206130e-02
   1.2203400e+01   8.8727010e-02
   1.2210000e+01   7.4293240e-02
   1.2216600e+01   8.0043040e-02
   1.2223200e+01   9.6535180e-02
   1.2229800e+01   8.4371980e-02
   1.2236400e+01   4.6209170e-02
   1.2243000e+01   1.5003520e-02
   1.2249600e+01   3.0529080e-03
   1.2256200e+01  -4.3421360e-02
   1.2262800e+01  -1.3192470e-01
   1.2269400e+01  -1.5480770e-01
   1.2276000e+01  -1.2554640e-01
   1.2282600e+01  -1.1275130e-01
   1.2289200e+01  -7.1839890e-02
   1.2295800e+01  -7.9197610e-03
   1.2302400e+01  -2.9011820e-02
   1.2309000e+01  -9.4897000e-02
   1.2315600e+01  -9.3957340e-02
   1.2322200e+01  -3.5422260e-02
   1.2328800e+01  -2.7495450e-02
   1.2335400e+01  -1.0121150e-01
   1.2342000e+01  -1.5580970e-01
   1.2348600e+01  -1.4144570e-01
   1.2355200e+01  -1.2406860e-01
   1.2361800e+01  -1.4845850e-01
   1.2368400e+01  -1.7498960e-01
   1.2375000e+01  -1.7157840e-01
   1.2381600e+01  -1.5419100e-01
   1.2388200e+01  -1.4163190e-01
   1.2394800e+01  -1.3704270e-01
   1.2401400e+01  -1.3278290e-01
   1.2408000e+01  -1.2593180e-01
   1.2414600e+01  -1.2160300e-01
   1.2421200e+01  -1.1975310e-01
   1.2427800e+01  -1.1639570e-01
   1.2434400e+01  -1.1192510e-01
   1.2441000e+01  -1.0770380e-01
   1.2447600e+01  -8.8091320e-02
   1.2454200e+01  -4.1230860e-02
   1.2460800e+01   3.1448050e-03
   1.2467400e+01   2.1680940e-02
   1.2474000e+01   2.8997090e-02
   1.2480600e+01   2.4595090e-02
   1.2487200e+01  -6.7477680e-05
   1.2493800e+01  -1.1095330e-02
   1.2500400e+01  -1.6582740e-03
   1.2507000e+01   1.1831850e-03
   1.2513600e+01  -2.8906380e-03
   1.2520200e+01   3.3979010e-03
   1.2526800e+01   1.5829720e-02
   1.2533400e+01   2.1099310e-02
   1.2540000e+01   1.1738260e-02
   1.2546600e+01   4.9325290e-04
   1.2553200e+01   4.2308460e-03
   1.2559800e+01   2.1266470e-02
   1.2566400e+01   3.3566340e-02
   1.2573000e+01   4.0408480e-02
   1.2579600e+01   4.2798080e-02
   1.2586200e+01   3.8792080e-02
   1.2592800e+01   3.4606040e-02
   1.2599400e+01   3.0648710e-02
   1.2606000e+01   2.6571510e-02
   1.2612600e+01   2.2507180e-02
   1.2619200e+01   1.6370810e-02
   1.2625800e+01   1.3281400e-02
   1.2632400e+01   1.5632310e-02
   1.2639000e+01   1.6565760e-02
   1.2645600e+01   1.5368360e-02
   1.2652200e+01   1.6103260e-02
   1.2658800e+01   1.7468200e-02
   1.2665400e+01   1.7509710e-02
   1.2672000e+01   1.8239580e-02
   1.2678600e+01   2.0538560e-02
   1.2685200e+01   2.4333060e-02
   1.2691800e+01   2.7871510e-02
   1.2698400e+01   2.9609420e-02
   1.2705000e+01   3.0892130e-02
   1.2711600e+01   3.3055480e-02
   1.2718200e+01   3.5280340e-02
   1.2724800e+01   3.6475550e-02
   1.2731400e+01   3.6171480e-02
   1.2738000e+01   3.4372640e-02
   1.2744600e+01   3.2952980e-02
   1.2751200e+01   3.2475440e-02
   1.2757800e+01   3.1682230e-02
   1.2764400e+01   3.1034250e-02
   1.2771000e+01   3.0922170e-02
   1.2777600e+01   3.1370720e-02
   1.2784200e+01   3.2553450e-02
   1.2790800e+01   3.4481100e-02
   1.2797400e+01   3.4534220e-02
   1.2804000e+01   3.1857660e-02
   1.2810600e+01   2.9991720e-02
   1.2817200e+01   3.0308570e-02
   1.2823800e+01   3.0591180e-02
   1.2830400e+01   3.0067230e-02
   1.2837000e+01   2.9662140e-02
   1.2843600e+01   2.9563070e-02
   1.2850200e+01   2.9047150e-02
   1.2856800e+01   2.8124510e-02
   1.2863400e+01   2.7430380e-02
   1.2870000e+01   2.6954130e-02
   1.2876600e+01   2.6371010e-02
   1.2883200e+01   2.5781270e-02
   1.2889800e+01   2.5148760e-02
   1.2896400e+01   2.4446230e-02
   1.2903000e+01   2.3684190e-02
   1.2909600e+01   2.2912870e-02
   1.2916200e+01   2.2356920e-02
   1.2922800e+01   2.1610180e-02
   1.2929400e+01   2.0777830e-02
   1.2936000e+01   2.0079630e-02
   1.2942600e+01   1.9373920e-02
   1.2949200e+01   1.8653440e-02
   1.2955800e+01   1.7871200e-02
   1.2962400e+01   1.7055120e-02
   1.2969000e+01   1.6267960e-02
   1.2975600e+01   1.5486060e-02
   1.2982200e+01   1.4693830e-02
   1.2988800e+01   1.3892000e-02
   1.2995400e+01   1.3072900e-02
   1.3002000e+01   1.2249490e-02
   1.3008600e+01   1.1426600e-02
   1.3015200e+01   1.0597950e-02
   1.3021800e+01   9.7625980e-03
   1.3028400e+01   8.9231080e-03
   1.3035000e+01   8.0805990e-03
   1.3041600e+01   7.2350530e-03
   1.3048200e+01   6.3864260e-03
   1.3054800e+01   5.5352480e-03
   1.3061400e+01   4.6820890e-03
   1.3068000e+01   3.8273620e-03
   1.3074600e+01   2.9714900e-03
   1.3081200e+01   2.1149020e-03
   1.3087800e+01   1.2580240e-03
