0.00010422
0.00010358
0.00010412
0.00010433
0.00010533
0.00010598
0.00010782
0.00010888
0.00010986
0.00010961
0.00010993
0.00010863
0.00010559
9.9967e-05
9.7053e-05
0.00010179
0.00012546
0.00016557
0.00020569
0.00022329
0.00020952
0.00018775
0.0001877
0.00021352
0.00024378
0.00024547
0.00020758
0.00014558
9.4416e-05
7.9415e-05
0.00010889
0.00015955
0.0001833
0.00015208
8.6883e-05
1.6782e-05
-1.4537e-05
1.5815e-06
7.8241e-06
-8.3488e-05
-0.00026322
-0.00047682
-0.00063148
-0.00066538
-0.00061261
-0.00058939
-0.00060906
-0.00062186
-0.00059722
-0.00052138
-0.00038945
-0.00020568
3.9659e-05
0.00031133
0.00060872
0.00091753
0.0012427
0.0015647
0.0017787
0.0018552
0.0018248
0.0017173
0.001628
0.0015839
0.0016499
0.0017146
0.0016879
0.0015841
0.0014635
0.0012949
0.0010092
0.00063882
0.00027901
3.7514e-05
-0.00010608
-0.00028004
-0.00051992
-0.00073247
-0.00079904
-0.00077422
-0.00080728
-0.0010492
-0.0015459
-0.0021299
-0.0026352
-0.0029264
-0.0029572
-0.0028404
-0.002621
-0.0022373
-0.0015835
-0.00062975
0.00027497
0.00099201
0.0016441
0.0024968
0.0036295
0.0046967
0.0053267
0.0053333
0.0047307
0.0040633
0.003572
0.0032573
0.0033789
0.0038718
0.004079
0.0037455
0.0031511
0.0026496
0.0023348
0.0019199
0.0012076
0.00013533
-0.0009701
-0.0016659
-0.0015839
-0.00082541
-0.00020724
-0.00064785
-0.0018712
-0.0031749
-0.0039437
-0.0036899
-0.0024586
-0.00097956
0.00039476
0.0013041
0.0015083
0.00079306
-0.00031492
-0.0010182
-0.0010582
-0.00072639
-0.00073467
-0.0014361
-0.0024834
-0.0034514
-0.0038947
-0.0032935
-0.0016959
0.00012485
0.0016296
0.0024947
0.0034106
0.0049649
0.0067164
0.0078684
0.007954
0.0068353
0.0050664
0.0032726
0.0025551
0.0032593
0.0044229
0.0053428
0.0057378
0.005766
0.0055632
0.0050574
0.0041676
0.0029202
0.0017213
0.00094298
0.00059772
0.00019712
-0.00055328
-0.0021834
-0.0048326
-0.00766
-0.00981
-0.01046
-0.0095675
-0.0077974
-0.0063332
-0.0056768
-0.0054366
-0.004796
-0.0035871
-0.0020362
-0.0006636
0.00032691
0.00094958
0.001102
0.0010937
0.0015056
0.0025172
0.00363
0.0043448
0.0048663
0.0056261
0.0069569
0.0083285
0.0091382
0.009242
0.0087594
0.008511
0.0087503
0.0091079
0.0087607
0.0071414
0.0045861
0.001999
9.222e-05
-0.00059945
-0.00017387
0.0010722
0.0022759
0.002731
0.0023668
0.0011537
-0.00063585
-0.0026683
-0.0041395
-0.0044763
-0.0040157
-0.003238
-0.0024536
-0.0022816
-0.0031863
-0.0043843
-0.0045123
-0.003175
-0.00076456
0.0019834
0.0036964
0.0036412
0.0020425
2.9867e-05
-0.0014782
-0.0022034
-0.0020745
-0.0018377
-0.0018838
-0.0023567
-0.0025971
-0.00090266
0.0026015
0.007277
0.011619
0.013996
0.01429
0.013605
0.012874
0.012496
0.012343
0.011754
0.009784
0.0067648
0.0034921
0.00066074
-0.0010151
-0.0021484
-0.0032582
-0.0040127
-0.0039288
-0.0031011
-0.0018356
-0.00020581
0.00081094
0.00051862
-0.00087096
-0.0030821
-0.0058273
-0.0085998
-0.010322
-0.0099583
-0.007911
-0.0052616
-0.003163
-0.0025948
-0.0035422
-0.0052227
-0.0067335
-0.0074302
-0.006896
-0.0056384
-0.0053653
-0.0073512
-0.0091975
-0.0081455
-0.0042382
0.00057782
0.0047013
0.0076017
0.0097015
0.011929
0.01583
0.021285
0.026073
0.02592
0.020147
0.012618
0.0064113
0.0026998
0.0012114
-8.7796e-05
-0.0017201
-0.0032445
-0.0041106
-0.004463
-0.0046023
-0.005609
-0.0083283
-0.012134
-0.015632
-0.017347
-0.017664
-0.017655
-0.01762
-0.016884
-0.015089
-0.012225
-0.0094744
-0.0077547
-0.0072249
-0.0067002
-0.0053649
-0.0036349
-0.002022
-0.00084291
-0.00032955
-0.00042954
-0.00041541
0.00034278
0.0013795
0.0012671
-0.00045446
-0.0023624
-0.0032277
-0.0019419
0.001251
0.0044018
0.0063472
0.0065446
0.0060894
0.005768
0.0050886
0.0035952
0.0011961
-0.0016719
-0.003853
-0.0046056
-0.0041321
-0.0030376
-0.0016856
-0.00065041
-0.00023557
-0.00058085
-0.0013332
-0.0024931
-0.0046292
-0.0076172
-0.011089
-0.014204
-0.016137
-0.016656
-0.01614
-0.013992
-0.010652
-0.0065185
-0.0019593
0.0023164
0.0060409
0.0096076
0.013057
0.015553
0.016546
0.016934
0.016723
0.016154
0.015919
0.016084
0.015837
0.014899
0.013813
0.012525
0.010989
0.0085411
0.0036144
-0.00412
-0.012945
-0.018981
-0.021798
-0.022418
-0.021385
-0.019794
-0.018188
-0.016044
-0.012273
-0.0070366
-0.0013838
0.0028472
0.0045196
0.0037088
0.0015686
-0.00079962
-0.0028197
-0.0037536
-0.0036371
-0.0028127
-0.0013621
0.0008997
0.0039766
0.007924
0.012574
0.0171
0.020587
0.022413
0.023368
0.024442
0.026249
0.028393
0.030056
0.030211
0.028638
0.025658
0.022379
0.018953
0.014394
0.0092653
0.0036156
-0.0030971
-0.011093
-0.018161
-0.022948
-0.025753
-0.028239
-0.03079
-0.032379
-0.032117
-0.029294
-0.024539
-0.019577
-0.014968
-0.01021
-0.0051786
-0.0015088
0.0011654
0.0023363
0.0010749
-0.0013872
-0.0027099
-0.0016141
0.0012146
0.0038795
0.0057326
0.0067949
0.0078827
0.010173
0.013716
0.017293
0.019159
0.017224
0.01259
0.0093841
0.0096752
0.012871
0.01659
0.018415
0.016703
0.011482
0.0057052
0.00052391
-0.0019911
-0.0015672
0.00076933
0.0021751
0.00018668
-0.0033502
-0.0079641
-0.014914
-0.02342
-0.030281
-0.032631
-0.032478
-0.031206
-0.03137
-0.035373
-0.039927
-0.040612
-0.035552
-0.026581
-0.016521
-0.0072372
-0.00083813
0.0028633
0.0057559
0.0078473
0.0095849
0.011393
0.013224
0.015384
0.017419
0.019017
0.019326
0.017992
0.016436
0.017339
0.020847
0.024092
0.02627
0.026316
0.02339
0.020653
0.018903
0.01587
0.011224
0.0047103
-0.0018164
-0.0053052
-0.0037972
0.00071945
0.004728
0.0069341
0.0079724
0.0090207
0.010875
0.013377
0.014733
0.01236
0.0052655
-0.0047764
-0.0137
-0.017634
-0.016919
-0.013801
-0.0098667
-0.0052655
-0.00084257
0.0024478
0.0050948
0.0078312
0.011204
0.014441
0.01611
0.015234
0.012639
0.010674
0.0090881
0.0072941
0.0059778
0.0062076
0.0075878
0.0065544
0.002242
-0.0018474
-0.0024375
0.00051282
0.0042622
0.0055062
0.0031924
-0.0016778
-0.005545
-0.0069587
-0.0048314
0.00031863
0.0058707
0.010538
0.01341
0.015312
0.017223
0.020047
0.023085
0.025592
0.02664
0.024875
0.020631
0.015807
0.010971
0.0066815
0.0033557
0.00062167
-0.0028972
-0.0072174
-0.0095777
-0.0070938
-0.00074221
0.0044671
0.0053681
6.1377e-05
-0.0087056
-0.01591
-0.020109
-0.021057
-0.020606
-0.021271
-0.02461
-0.030145
-0.035043
-0.03732
-0.036939
-0.034331
-0.031969
-0.030735
-0.028906
-0.025878
-0.023181
-0.022761
-0.026689
-0.03438
-0.043454
-0.050957
-0.054339
-0.055155
-0.057882
-0.064295
-0.073847
-0.083287
-0.088805
-0.090774
-0.09054
-0.089494
-0.089403
-0.091892
-0.094371
-0.093067
-0.088619
-0.082237
-0.074993
-0.067965
-0.06102
-0.054369
-0.04658
-0.036122
-0.024091
-0.013727
-0.0065429
-0.0010863
0.0039872
0.0097354
0.01575
0.022195
0.027986
0.031461
0.032518
0.032328
0.031228
0.02939
0.027648
0.026329
0.025724
0.026598
0.029407
0.034221
0.040419
0.045713
0.048458
0.048552
0.047397
0.046373
0.045837
0.045195
0.044335
0.043698
0.043427
0.044147
0.046389
0.049983
0.054109
0.058436
0.062336
0.063351
0.059286
0.051782
0.042789
0.034423
0.028586
0.023257
0.016653
0.0080897
-0.0024384
-0.012524
-0.021879
-0.031186
-0.040781
-0.050814
-0.061048
-0.070675
-0.078248
-0.082838
-0.085237
-0.085706
-0.084775
-0.083422
-0.081349
-0.076327
-0.066779
-0.055132
-0.044335
-0.034849
-0.027508
-0.02281
-0.018439
-0.013626
-0.0094119
-0.0049162
-0.00040754
0.002537
0.0036551
0.0040166
0.0044879
0.0055079
0.0067204
0.0084773
0.01104
0.014558
0.017988
0.020839
0.02265
0.023906
0.025436
0.027662
0.029971
0.032246
0.034875
0.038587
0.044145
0.051131
0.0566
0.058973
0.05765
0.049996
0.035832
0.019258
0.0057728
-0.002998
-0.010241
-0.018603
-0.027857
-0.037126
-0.044111
-0.048322
-0.050486
-0.052326
-0.054129
-0.054602
-0.052918
-0.049298
-0.044693
-0.039673
-0.034297
-0.029456
-0.025005
-0.020259
-0.014691
-0.0073653
0.0016045
0.012088
0.02273
0.031817
0.037761
0.040899
0.04254
0.04365
0.044758
0.046304
0.048662
0.051309
0.053369
0.054242
0.053004
0.050693
0.049082
0.047065
0.042109
0.033385
0.0227
0.014358
0.010284
0.0077003
0.0049321
0.0021111
5.4036e-05
-2.1282e-06
0.0020987
0.005055
0.0081097
0.011329
0.013284
0.014052
0.013602
0.012239
0.011544
0.010829
0.007997
0.0044543
0.0011332
-0.0043847
-0.01142
-0.018945
-0.026522
-0.033423
-0.03995
-0.047313
-0.05563
-0.063513
-0.067676
-0.065311
-0.055372
-0.039663
-0.02311
-0.0067938
0.0096608
0.021908
0.029607
0.035364
0.041824
0.048261
0.052444
0.053019
0.049416
0.043879
0.038705
0.035415
0.034341
0.033385
0.029265
0.02041
0.0086903
-0.0023742
-0.010178
-0.015558
-0.019775
-0.024372
-0.029698
-0.034674
-0.037417
-0.035572
-0.02952
-0.021847
-0.013774
-0.0071544
-0.0018113
0.0038731
0.01055
0.01779
0.02448
0.029864
0.033638
0.036629
0.039395
0.042241
0.046291
0.052095
0.058725
0.064405
0.067766
0.067997
0.065272
0.062517
0.060438
0.056619
0.050593
0.043999
0.038449
0.034193
0.031391
0.029359
0.026914
0.0237
0.020208
0.017089
0.015512
0.014847
0.014817
0.015689
0.017088
0.018717
0.020567
0.022681
0.025299
0.028837
0.032982
0.036994
0.040474
0.043238
0.045867
0.048715
0.051913
0.053469
0.050388
0.042723
0.032624
0.022468
0.016692
0.015276
0.016959
0.021794
0.025717
0.027836
0.029119
0.03033
0.032039
0.033956
0.035297
0.036239
0.036877
0.037325
0.036806
0.034349
0.03012
0.02653
0.025799
0.028697
0.033344
0.037263
0.040647
0.041623
0.037845
0.031304
0.026268
0.022274
0.019121
0.016526
0.013764
0.010883
0.008103
0.0053175
0.0027475
0.00089577
0.00054742
0.0024131
0.0061937
0.011256
0.017845
0.025257
0.031209
0.035776
0.040031
0.044806
0.049824
0.053774
0.056578
0.058855
0.05997
0.059728
0.05727
0.05183
0.043668
0.033776
0.023481
0.014199
0.0067937
0.00098291
-0.0047012
-0.011672
-0.019186
-0.0274
-0.034879
-0.039621
-0.042043
-0.044388
-0.048896
-0.056042
-0.065013
-0.074714
-0.083596
-0.089722
-0.092577
-0.092531
-0.090939
-0.08984
-0.091191
-0.094566
-0.096852
-0.096607
-0.093736
-0.08956
-0.084597
-0.07814
-0.070825
-0.063533
-0.056083
-0.048633
-0.040976
-0.033699
-0.027958
-0.024473
-0.02241
-0.021045
-0.019459
-0.017725
-0.015769
-0.013519
-0.010799
-0.0084461
-0.0081821
-0.010473
-0.014326
-0.018394
-0.022558
-0.026739
-0.029953
-0.032206
-0.033993
-0.035351
-0.036453
-0.037202
-0.03747
-0.03715
-0.036245
-0.034773
-0.032684
-0.030327
-0.027842
-0.025577
-0.023567
-0.02121
-0.018331
-0.015231
-0.011777
-0.0072463
-0.0022499
0.0020055
0.0056
0.0092861
0.013433
0.01778
0.020975
0.020431
0.014072
0.0038302
-0.0071161
-0.015168
-0.02002
-0.024288
-0.028955
-0.033174
-0.036758
-0.03963
-0.04192
-0.043679
-0.043896
-0.042124
-0.038755
-0.03433
-0.028184
-0.020955
-0.013656
-0.007382
-0.0036131
-0.004812
-0.013137
-0.025535
-0.038215
-0.046621
-0.050405
-0.051421
-0.049263
-0.044329
-0.037239
-0.028026
-0.017802
-0.007324
0.0031169
0.012295
0.020963
0.028589
0.034922
0.040949
0.046338
0.049805
0.050197
0.047276
0.044111
0.043707
0.045529
0.046446
0.04221
0.034089
0.022965
0.011223
0.00088617
-0.0082726
-0.016279
-0.024182
-0.033051
-0.042568
-0.050626
-0.056547
-0.061717
-0.065781
-0.069154
-0.072284
-0.075182
-0.077952
-0.079897
-0.078762
-0.074833
-0.06902
-0.060723
-0.051677
-0.043531
-0.035321
-0.026521
-0.017208
-0.0080322
-0.00056636
0.0034175
0.0032618
-0.0017173
-0.009055
-0.016305
-0.02309
-0.028675
-0.032867
-0.034796
-0.033113
-0.029605
-0.027838
-0.027031
-0.025348
-0.022019
-0.017189
-0.011959
-0.0070808
-0.0021381
0.0028743
0.0082006
0.014104
0.020426
0.027599
0.034729
0.04099
0.04597
0.05084
0.056631
0.062975
0.06869
0.07281
0.073201
0.067085
0.056213
0.045176
0.035751
0.030726
0.028373
0.025278
0.020643
0.015226
0.011112
0.0096968
0.010951
0.01281
0.011259
0.0052222
-0.0042637
-0.017053
-0.030491
-0.041786
-0.05009
-0.055704
-0.060922
-0.066403
-0.071846
-0.076016
-0.07679
-0.072914
-0.065836
-0.057691
-0.049287
-0.042833
-0.038496
-0.034444
-0.030815
-0.026518
-0.019966
-0.01058
0.00033466
0.010726
0.019499
0.02763
0.03586
0.043574
0.049663
0.054334
0.057942
0.058883
0.055988
0.050145
0.042729
0.034952
0.027036
0.019587
0.012447
0.0048767
-0.0022946
-0.0064308
-0.0068503
-0.0028535
0.003829
0.010108
0.014801
0.017745
0.020423
0.023586
0.027898
0.032988
0.037355
0.0401
0.041289
0.041664
0.042519
0.044534
0.047214
0.049722
0.051984
0.054817
0.058797
0.0651
0.073716
0.082686
0.091178
0.099642
0.10772
0.11424
0.1185
0.12105
0.12041
0.11635
0.11078
0.10344
0.09339
0.082266
0.070845
0.05889
0.046816
0.036335
0.030006
0.028088
0.026811
0.024409
0.021392
0.018765
0.018777
0.021937
0.025603
0.028357
0.029678
0.028465
0.025633
0.023498
0.021549
0.017722
0.011569
0.0041135
-0.0027241
-0.008564
-0.013556
-0.017083
-0.018231
-0.015907
-0.011981
-0.006877
0.0003315
0.0089912
0.017065
0.023449
0.027696
0.031279
0.036026
0.041952
0.048761
0.055596
0.061389
0.066141
0.070822
0.074608
0.076906
0.077077
0.074296
0.068995
0.061436
0.052012
0.042788
0.034111
0.025589
0.017005
0.0077252
-0.002244
-0.014267
-0.027941
-0.043385
-0.058372
-0.071449
-0.082682
-0.091343
-0.097504
-0.10095
-0.10057
-0.09609
-0.088779
-0.078986
-0.067366
-0.055412
-0.044559
-0.036125
-0.02878
-0.020881
-0.012699
-0.0046636
0.0030999
0.0076678
0.009709
0.0084665
0.0042491
0.00084379
-0.00084276
-0.001698
-0.0021605
-0.0037244
-0.0073817
-0.011967
-0.016767
-0.022203
-0.029098
-0.037409
-0.046384
-0.054162
-0.059389
-0.061253
-0.058876
-0.053299
-0.047065
-0.040055
-0.032358
-0.023316
-0.011643
0.0021428
0.016185
0.028863
0.037248
0.041007
0.040813
0.038257
0.035476
0.036141
0.041875
0.047346
0.05021
0.048754
0.041071
0.029969
0.017024
0.0033092
-0.0093144
-0.021305
-0.033061
-0.04299
-0.048875
-0.05078
-0.05215
-0.054767
-0.058168
-0.061474
-0.062434
-0.059339
-0.054352
-0.050586
-0.047277
-0.044741
-0.042986
-0.040439
-0.035905
-0.028525
-0.019547
-0.012009
-0.007205
-0.0033437
0.0018504
0.010066
0.020507
0.03028
0.037688
0.040332
0.03656
0.026456
0.01317
-0.00016908
-0.01435
-0.028907
-0.040899
-0.0507
-0.061917
-0.073768
-0.082562
-0.087029
-0.089772
-0.092695
-0.095504
-0.098231
-0.099777
-0.098798
-0.095672
-0.09264
-0.088931
-0.084197
-0.078472
-0.071403
-0.063245
-0.053623
-0.04273
-0.032226
-0.023005
-0.014501
-0.0056774
0.0036883
0.014209
0.026396
0.038555
0.050151
0.061141
0.070062
0.076289
0.080024
0.082202
0.08438
0.086537
0.087444
0.085915
0.081727
0.075209
0.068258
0.063655
0.061225
0.058416
0.053531
0.047191
0.04072
0.03453
0.028579
0.023364
0.017905
0.011692
0.0045919
-0.0039124
-0.014711
-0.027851
-0.042165
-0.058201
-0.074305
-0.087992
-0.098875
-0.10727
-0.11176
-0.11343
-0.11269
-0.10949
-0.10485
-0.097784
-0.088416
-0.078736
-0.068142
-0.05595
-0.04215
-0.026977
-0.011675
0.0011526
0.010466
0.012446
0.011019
0.0082133
0.0034556
-0.0025675
-0.008419
-0.013447
-0.01827
-0.02295
-0.02758
-0.031494
-0.033688
-0.032876
-0.029764
-0.02694
-0.023214
-0.017518
-0.010263
-0.0019619
0.006318
0.014588
0.022692
0.029526
0.033689
0.034272
0.03011
0.024025
0.018872
0.016071
0.016459
0.01915
0.021472
0.023599
0.027337
0.032691
0.03929
0.045895
0.051123
0.055762
0.059723
0.063214
0.066335
0.069515
0.073435
0.077308
0.079869
0.080536
0.079336
0.077466
0.075425
0.073386
0.072043
0.071872
0.073192
0.076446
0.08244
0.090907
0.099849
0.10676
0.11045
0.11201
0.11281
0.11265
0.11083
0.10608
0.096609
0.081833
0.062681
0.042087
0.020562
0.0007261
-0.015669
-0.027477
-0.034533
-0.040916
-0.047658
-0.055622
-0.065076
-0.075145
-0.085316
-0.094467
-0.10238
-0.10735
-0.11031
-0.11287
-0.11476
-0.11623
-0.11787
-0.12027
-0.12344
-0.12725
-0.13075
-0.13254
-0.1314
-0.12656
-0.11866
-0.10766
-0.092811
-0.077036
-0.06232
-0.047147
-0.030464
-0.013887
0.001125
0.013609
0.023824
0.032763
0.038903
0.041997
0.043739
0.043415
0.040135
0.033958
0.026431
0.019143
0.014585
0.014229
0.017605
0.022589
0.027529
0.031912
0.035168
0.037894
0.039981
0.040909
0.040122
0.037144
0.031109
0.021117
0.0078099
-0.0062156
-0.019939
-0.033801
-0.046421
-0.056937
-0.06432
-0.068072
-0.067195
-0.062358
-0.054681
-0.043496
-0.029962
-0.015036
-0.00030036
0.013244
0.026247
0.038162
0.049479
0.058679
0.065968
0.07183
0.076807
0.081442
0.085492
0.088099
0.088147
0.08594
0.083001
0.08005
0.075593
0.066765
0.052573
0.03581
0.02342
0.017228
0.016077
0.017717
0.018561
0.015749
0.010608
0.0056949
0.0011608
-0.0030223
-0.0071476
-0.01251
-0.02055
-0.03095
-0.042131
-0.053151
-0.063027
-0.073619
-0.086574
-0.097118
-0.10606
-0.11438
-0.12014
-0.12083
-0.11656
-0.10984
-0.10282
-0.096064
-0.090303
-0.086076
-0.082217
-0.078255
-0.075023
-0.073936
-0.074693
-0.076701
-0.079033
-0.081529
-0.083765
-0.084331
-0.083016
-0.080512
-0.077809
-0.075171
-0.071533
-0.065747
-0.058293
-0.050304
-0.043084
-0.037989
-0.034856
-0.034614
-0.038041
-0.044679
-0.054054
-0.064907
-0.077028
-0.090359
-0.10329
-0.11329
-0.12018
-0.12701
-0.13402
-0.13953
-0.14322
-0.14507
-0.14503
-0.14184
-0.13403
-0.12199
-0.10819
-0.091523
-0.069343
-0.04709
-0.026178
-0.0065309
0.011292
0.028744
0.046835
0.065513
0.083777
0.10262
0.11987
0.13397
0.14652
0.15769
0.16782
0.17828
0.18449
0.18536
0.18381
0.18053
0.17733
0.17357
0.16858
0.16341
0.15896
0.15518
0.15221
0.15096
0.15089
0.15056
0.14838
0.14144
0.12814
0.11275
0.10135
0.095464
0.093841
0.094137
0.09572
0.097746
0.10007
0.10329
0.10689
0.11041
0.11414
0.11742
0.11894
0.11831
0.11597
0.11225
0.10675
0.09925
0.088887
0.075971
0.064048
0.054526
0.048357
0.044421
0.040284
0.036563
0.033408
0.030887
0.029212
0.027845
0.026345
0.024596
0.022822
0.021287
0.019809
0.017931
0.015603
0.013802
0.013785
0.015727
0.01841
0.021093
0.023911
0.02819
0.034222
0.041721
0.049517
0.05599
0.060209
0.062601
0.064698
0.066681
0.068704
0.070958
0.07354
0.07609
0.077691
0.078515
0.077743
0.075556
0.072904
0.070322
0.067631
0.062952
0.054152
0.041701
0.029361
0.017826
0.0067994
-0.0033563
-0.013028
-0.023146
-0.032339
-0.039318
-0.045354
-0.049784
-0.052659
-0.054355
-0.055526
-0.056956
-0.058941
-0.061401
-0.064123
-0.066683
-0.069236
-0.072051
-0.07494
-0.077134
-0.077046
-0.074799
-0.072551
-0.07081
-0.068669
-0.066142
-0.063441
-0.060901
-0.05915
-0.058229
-0.057042
-0.054871
-0.051447
-0.046687
-0.04123
-0.035864
-0.031789
-0.028757
-0.026112
-0.022922
-0.01938
-0.015956
-0.011493
-0.0051865
0.0027564
0.011736
0.02042
0.027368
0.031292
0.033262
0.034469
0.035454
0.036227
0.036493
0.036248
0.03574
0.035292
0.034904
0.034363
0.033414
0.032471
0.031569
0.030641
0.029046
0.026378
0.0235
0.020567
0.018011
0.015865
0.01439
0.01352
0.012878
0.012328
0.011478
0.0096344
0.0065556
0.0025578
-0.0016444
-0.0052852
-0.0082148
-0.010484
-0.012679
-0.014796
-0.016441
-0.018257
-0.020912
-0.024337
-0.027947
-0.03137
-0.035294
-0.040363
-0.04661
-0.053373
-0.059779
-0.064781
-0.068479
-0.07102
-0.071004
-0.067917
-0.064105
-0.060749
-0.058438
-0.056901
-0.055629
-0.054796
-0.054829
-0.055532
-0.056512
-0.057377
-0.057463
-0.05657
-0.054776
-0.052286
-0.0494
-0.045387
-0.04067
-0.036134
-0.032011
-0.027975
-0.024312
-0.02147
-0.01907
-0.016693
-0.01534
-0.01539
-0.016492
-0.01838
-0.021259
-0.025859
-0.032362
-0.039681
-0.047049
-0.053095
-0.056927
-0.059265
-0.061157
-0.062503
-0.063366
-0.063523
-0.062477
-0.061021
-0.060133
-0.059728
-0.059064
-0.058209
-0.057068
-0.055575
-0.053746
-0.051706
-0.049298
-0.046595
-0.043861
-0.04175
-0.04064
-0.040071
-0.039487
-0.038591
-0.037361
-0.035949
-0.034449
-0.033247
-0.033492
-0.036092
-0.03976
-0.043368
-0.046888
-0.050295
-0.053201
-0.055334
-0.056953
-0.057621
-0.056776
-0.054751
-0.052261
-0.049499
-0.045733
-0.040301
-0.0327
-0.023637
-0.014915
-0.0065684
0.0018561
0.010007
0.017074
0.023504
0.029526
0.034511
0.038025
0.040895
0.043275
0.044222
0.04393
0.042858
0.041719
0.041199
0.041229
0.041812
0.043314
0.046007
0.049592
0.054128
0.059552
0.065195
0.070342
0.075812
0.081875
0.087408
0.091553
0.094091
0.095232
0.094388
0.09159
0.087046
0.080967
0.074312
0.068448
0.064222
0.06154
0.059977
0.059219
0.059329
0.059556
0.059421
0.059081
0.058609
0.057799
0.056927
0.05615
0.054483
0.051028
0.045423
0.038782
0.032866
0.028355
0.025039
0.02303
0.021641
0.020597
0.01932
0.017685
0.015544
0.012327
0.0075581
0.0015358
-0.0055451
-0.014245
-0.022941
-0.03078
-0.037813
-0.043549
-0.047628
-0.050175
-0.051742
-0.052702
-0.053101
-0.053077
-0.052622
-0.052003
-0.050868
-0.049305
-0.047596
-0.045824
-0.043817
-0.041946
-0.040372
-0.038846
-0.037726
-0.037255
-0.03787
-0.039807
-0.042678
-0.045684
-0.04847
-0.050539
-0.051571
-0.051274
-0.049399
-0.046208
-0.042317
-0.038416
-0.035406
-0.033848
-0.033597
-0.034338
-0.035619
-0.036925
-0.037604
-0.037523
-0.036419
-0.034503
-0.032052
-0.029465
-0.027093
-0.02478
-0.022151
-0.018998
-0.015447
-0.011918
-0.0086847
-0.0058526
-0.0028141
-0.00019878
0.0012847
0.0020356
0.0022315
0.0021402
0.0019425
0.0015725
0.0014011
0.00098628
3.6398e-05
-0.00087664
-0.0013189
-0.0010675
-0.0005162
-0.0001327
0.00039014
0.0015331
0.0033915
0.0059394
0.0097683
0.014983
0.021473
0.028594
0.035193
0.041034
0.047662
0.055872
0.064118
0.071586
0.078786
0.085474
0.091253
0.096189
0.099622
0.10128
0.10153
0.10042
0.097909
0.094366
0.090516
0.086299
0.080228
0.071519
0.061344
0.050441
0.039876
0.031219
0.024916
0.020735
0.017876
0.0165
0.016032
0.016463
0.018372
0.020944
0.023531
0.026116
0.028808
0.03136
0.033344
0.034967
0.036454
0.037504
0.038202
0.038577
0.038631
0.038381
0.038288
0.0388
0.039902
0.040949
0.041716
0.041694
0.040915
0.039681
0.037673
0.034599
0.030398
0.025179
0.019992
0.015795
0.012749
0.010373
0.0083755
0.0065186
0.0045019
0.0028919
0.0019896
0.0017191
0.0021305
0.0036322
0.0060348
0.0088805
0.012678
0.017576
0.023181
0.029012
0.034229
0.038352
0.041466
0.043435
0.044268
0.044472
0.044565
0.044274
0.043149
0.04115
0.037776
0.032984
0.027012
0.020937
0.015686
0.010903
0.0062348
0.0018448
-0.0028765
-0.0079222
-0.012269
-0.016241
-0.019821
-0.023401
-0.027986
-0.033258
-0.038308
-0.042928
-0.045936
-0.047876
-0.049573
-0.051312
-0.053506
-0.056122
-0.05865
-0.060589
-0.06193
-0.062734
-0.062985
-0.062733
-0.062181
-0.061313
-0.060113
-0.059025
-0.057983
-0.057494
-0.057214
-0.057029
-0.056446
-0.055604
-0.054582
-0.053598
-0.052734
-0.052079
-0.051566
-0.051096
-0.050999
-0.051521
-0.052629
-0.05465
-0.057292
-0.060127
-0.062531
-0.06412
-0.065278
-0.066659
-0.068056
-0.069498
-0.070475
-0.071098
-0.071339
-0.071196
-0.070719
-0.06948
-0.067596
-0.064887
-0.060357
-0.053348
-0.044647
-0.035467
-0.025757
-0.015738
-0.0057459
0.0037947
0.012017
0.018505
0.023183
0.025579
0.026059
0.025169
0.023297
0.02083
0.01801
0.014947
0.012297
0.01044
0.0087894
0.007488
0.006862
0.0066335
0.0071897
0.0081556
0.0095097
0.010997
0.012101
0.012906
0.013699
0.014986
0.016782
0.018702
0.020855
0.023323
0.025793
0.028553
0.031481
0.034013
0.036464
0.038603
0.040243
0.041391
0.042045
0.042203
0.041462
0.040193
0.039141
0.03825
0.037417
0.036573
0.03571
0.03494
0.034398
0.033334
0.031647
0.03
0.028527
0.026916
0.024675
0.021694
0.017497
0.012465
0.0072554
0.0022419
-0.0022364
-0.0062754
-0.010181
-0.014333
-0.0183
-0.021895
-0.024625
-0.02581
-0.025493
-0.024217
-0.021969
-0.019214
-0.015886
-0.012295
-0.0086067
-0.0058567
-0.0042151
-0.0032443
-0.002951
-0.0035763
-0.0047998
-0.0060309
-0.0071461
-0.0080891
-0.0085045
-0.0089199
-0.0095022
-0.0099225
-0.010231
-0.010588
-0.010921
-0.011256
-0.011606
-0.012191
-0.012951
-0.013798
-0.01501
-0.01617
-0.016927
-0.017914
-0.019126
-0.02022
-0.021792
-0.023258
-0.024176
-0.025125
-0.025785
-0.025708
-0.025065
-0.024206
-0.023063
-0.021253
-0.018505
-0.014749
-0.010156
-0.0047219
0.00052291
0.0055113
0.010899
0.016912
0.022981
0.028732
0.033689
0.037327
0.039694
0.041529
0.042517
0.042483
0.041482
0.039436
0.036166
0.031949
0.027044
0.022007
0.01773
0.013863
0.0099481
0.0062205
0.0027051
-0.00037586
-0.0027156
-0.0039394
-0.0041195
-0.0044496
-0.0051594
-0.0062398
-0.007538
-0.0088547
-0.010055
-0.011829
-0.014843
-0.018903
-0.023643
-0.02815
-0.031411
-0.033087
-0.03418
-0.034734
-0.034685
-0.034366
-0.033503
-0.032031
-0.030174
-0.028381
-0.026879
-0.025407
-0.024144
-0.023151
-0.022168
-0.021121
-0.019953
-0.018637
-0.017386
-0.016372
-0.015335
-0.014131
-0.012835
-0.011464
-0.0097281
-0.0074909
-0.0045993
-0.0013894
0.0022005
0.006122
0.010391
0.014839
0.019138
0.023428
0.027791
0.031538
0.034454
0.036452
0.03718
0.03667
0.034786
0.031138
0.026394
0.020737
0.01415
0.0070996
0.00022292
-0.0051059
-0.0083718
-0.010789
-0.012195
-0.012768
-0.012967
-0.013171
-0.013373
-0.013637
-0.014212
-0.015066
-0.015951
-0.017067
-0.018566
-0.020649
-0.023369
-0.026687
-0.029602
-0.031841
-0.033736
-0.035239
-0.03624
-0.036431
-0.035427
-0.032627
-0.028181
-0.02303
-0.017742
-0.013401
-0.0099991
-0.0072386
-0.004865
-0.00295
-0.00099775
0.0010336
0.0035017
0.0067445
0.010443
0.014606
0.018926
0.023021
0.026821
0.029681
0.030835
0.030678
0.030117
0.029451
0.028365
0.026898
0.025227
0.023506
0.02166
0.019747
0.018103
0.016686
0.015487
0.014476
0.013704
0.013168
0.01262
0.011722
0.010445
0.0089754
0.0071178
0.0048502
0.0025776
2.9001e-05
-0.0027372
-0.0063979
-0.010617
-0.014561
-0.01778
-0.019805
-0.020434
-0.019984
-0.018538
-0.016498
-0.014442
-0.012558
-0.010822
-0.0091461
-0.0074414
-0.0058021
-0.004154
-0.0029271
-0.0024353
-0.0022468
-0.0018937
-0.0011457
0.00028297
0.0030896
0.0071
0.011603
0.016428
0.021266
0.02595
0.030704
0.035331
0.038043
0.039739
0.041475
0.043214
0.044659
0.045471
0.04588
0.045869
0.045721
0.045162
0.044121
0.042858
0.041942
0.04117
0.040379
0.039683
0.038628
0.037156
0.035416
0.033751
0.032436
0.031333
0.030367
0.028727
0.026351
0.023455
0.019838
0.015518
0.010427
0.0047013
-0.0011643
-0.0064386
-0.010851
-0.014865
-0.018564
-0.021682
-0.02409
-0.025852
-0.026754
-0.026744
-0.026093
-0.025265
-0.024625
-0.024169
-0.024069
-0.02465
-0.025598
-0.026746
-0.027659
-0.027882
-0.028073
-0.028737
-0.028781
-0.027318
-0.024624
-0.020744
-0.015896
-0.010616
-0.0051438
0.00045309
0.0057381
0.010459
0.014832
0.018778
0.02201
0.024664
0.027176
0.029746
0.032143
0.034294
0.036117
0.037147
0.037569
0.037419
0.036749
0.035909
0.035009
0.034099
0.032865
0.031398
0.029872
0.0283
0.02644
0.024435
0.022144
0.019463
0.016347
0.012343
0.0074529
0.0019575
-0.0036349
-0.0092663
-0.014883
-0.020576
-0.026741
-0.032428
-0.037839
-0.043389
-0.048075
-0.051719
-0.054745
-0.057169
-0.059279
-0.060568
-0.060968
-0.060517
-0.059362
-0.057735
-0.056224
-0.054943
-0.053741
-0.05266
-0.051636
-0.050452
-0.048819
-0.04645
-0.043144
-0.038952
-0.033794
-0.027691
-0.019892
-0.011001
-0.0020203
0.0059653
0.012241
0.017136
0.021308
0.025264
0.028742
0.031471
0.033998
0.035819
0.036714
0.037298
0.036958
0.035454
0.033188
0.030273
0.027114
0.024091
0.021531
0.01939
0.017273
0.014946
0.012196
0.0083178
0.0036686
-0.00077581
-0.004097
-0.0072444
-0.010932
-0.014988
-0.01933
-0.022983
-0.02558
-0.027278
-0.028236
-0.028393
-0.028304
-0.02811
-0.027905
-0.027619
-0.027397
-0.027254
-0.027021
-0.027044
-0.027047
-0.02645
-0.02513
-0.02374
-0.022826
-0.022097
-0.020926
-0.019191
-0.0171
-0.0149
-0.012494
-0.0097323
-0.0065944
-0.0033295
-0.00036595
0.0023974
0.00489
0.0072101
0.0097047
0.01201
0.014149
0.016647
0.019787
0.023823
0.028369
0.032928
0.037082
0.040976
0.044504
0.047845
0.050627
0.052729
0.054165
0.054649
0.054629
0.054521
0.054085
0.053378
0.052815
0.052265
0.051158
0.049528
0.047297
0.044158
0.040306
0.036311
0.032323
0.028565
0.025425
0.023028
0.020965
0.0192
0.017312
0.015331
0.013355
0.011282
0.0091498
0.0070697
0.005235
0.0037004
0.0023426
0.0010644
4.4353e-06
-0.00078993
-0.001591
-0.002496
-0.0035822
-0.0045682
-0.0054731
-0.0062348
-0.0068308
-0.0073081
-0.0079386
-0.0085277
-0.0094746
-0.010467
-0.011557
-0.013392
-0.015494
-0.017957
-0.020596
-0.022469
-0.023565
-0.024952
-0.02645
-0.027816
-0.029084
-0.029601
-0.029254
-0.028687
-0.028387
-0.027882
-0.026475
-0.024466
-0.021787
-0.018659
-0.015436
-0.012436
-0.010137
-0.0084745
-0.007167
-0.0064071
-0.0061077
-0.0060217
-0.0060213
-0.0059577
-0.0055795
-0.0045667
-0.003039
-0.001225
0.00071523
0.0024019
0.0040608
0.0056279
0.0068989
0.0078022
0.0078139
0.0073082
0.0064936
0.0056842
0.0051262
0.0042164
0.0027774
0.0013612
-5.9749e-05
-0.0013749
-0.002297
-0.0027016
-0.0025113
-0.0018994
-0.001175
-0.00031865
0.00040939
0.00090383
0.001234
0.0017414
0.0022333
0.0021315
0.0020487
0.0022339
0.0027569
0.0035237
0.0042956
0.0052706
0.0063417
0.0074257
0.0084441
0.0094572
0.010502
0.011188
0.011468
0.011489
0.011785
0.012225
0.012917
0.013942
0.015122
0.016107
0.017064
0.017986
0.019432
0.021345
0.023641
0.026232
0.029104
0.032192
0.035002
0.037155
0.038885
0.040379
0.041324
0.041608
0.041132
0.040135
0.038407
0.035758
0.032967
0.030666
0.028699
0.026357
0.023938
0.021817
0.020382
0.019541
0.01821
0.015985
0.013056
0.010345
0.0088366
0.0075477
0.005814
0.0043934
0.0032547
0.0021794
0.0012276
8.8425e-05
-0.0011382
-0.0020333
-0.0026335
-0.0029028
-0.0031211
-0.0035401
-0.0041634
-0.0050854
-0.0060877
-0.0071921
-0.0087854
-0.010809
-0.013119
-0.015551
-0.017958
-0.020722
-0.024175
-0.02758
-0.030966
-0.033982
-0.036727
-0.038782
-0.039949
-0.040691
-0.040935
-0.040631
-0.039958
-0.038971
-0.037824
-0.036614
-0.035403
-0.034079
-0.032991
-0.032416
-0.032282
-0.032048
-0.031587
-0.031136
-0.031086
-0.030956
-0.030367
-0.02964
-0.029094
-0.028696
-0.028506
-0.028029
-0.027567
-0.027158
-0.026448
-0.025825
-0.025552
-0.025386
-0.025202
-0.024945
-0.024827
-0.024907
-0.024861
-0.024462
-0.023731
-0.022456
-0.021069
-0.019893
-0.018839
-0.017779
-0.016635
-0.015404
-0.014435
-0.014003
-0.014008
-0.014166
-0.0144
-0.014735
-0.014945
-0.0151
-0.015117
-0.015053
-0.014916
-0.014556
-0.013916
-0.013455
-0.012867
-0.012181
-0.011379
-0.010772
-0.010459
-0.0098534
-0.0084437
-0.0068205
-0.0053332
-0.0041225
-0.0030646
-0.0021471
-0.0012593
-0.00046585
-0.0002081
-1.8056e-05
0.00050761
0.0011304
0.0010354
0.00050247
-0.00042367
-0.0015614
-0.0031066
-0.0051601
-0.0075668
-0.0099207
-0.011726
-0.013431
-0.015445
-0.017565
-0.019362
-0.020848
-0.022042
-0.023283
-0.024438
-0.025448
-0.025929
-0.025814
-0.025359
-0.024305
-0.022743
-0.020551
-0.017943
-0.015607
-0.013223
-0.010797
-0.0086855
-0.0071811
-0.0061264
-0.0051864
-0.0042018
-0.0034375
-0.0027396
-0.0021072
-0.0011311
0.00014165
0.0015705
0.0031456
0.0046624
0.0060798
0.0068377
0.00701
0.0070195
0.0065391
0.0054454
0.0037402
0.0019203
9.6277e-05
-0.0017802
-0.0029759
-0.0034808
-0.0031415
-0.0021544
-0.00070637
0.00088891
0.0023996
0.0045707
0.0073389
0.01052
0.013592
0.016069
0.01802
0.019968
0.021646
0.022721
0.024093
0.025441
0.026108
0.025886
0.025153
0.024204
0.022977
0.021607
0.020497
0.019153
0.017654
0.01616
0.015139
0.014265
0.013499
0.012888
0.012397
0.011795
0.010762
0.0097476
0.0091551
0.0089811
0.0085716
0.00764
0.006402
0.0049726
0.0036094
0.0025781
0.0020452
0.001907
0.0019439
0.0026073
0.0038534
0.005033
0.0058036
0.0063608
0.006544
0.0064386
0.0065077
0.0066018
0.0065783
0.0065088
0.0065913
0.0067421
0.0072504
0.0081593
0.0090152
0.0099717
0.010926
0.011657
0.012188
0.012444
0.012581
0.012619
0.012372
0.011938
0.011041
0.0098524
0.008225
0.006509
0.0047309
0.0030203
0.0016909
0.00039883
-0.00086673
-0.0018682
-0.0026588
-0.0036547
-0.0047355
-0.0057309
-0.0068455
-0.0079556
-0.0090361
-0.0099189
-0.010478
-0.010558
-0.010339
-0.0098087
-0.0092078
-0.0088365
-0.0082288
-0.0077129
-0.007107
-0.0062138
-0.0053558
-0.0044295
-0.0032686
-0.0020188
-0.00098079
-0.00013733
0.00062194
0.0014793
0.0026491
0.0044411
0.0070404
0.0099333
0.012488
0.014768
0.016889
0.019108
0.021351
0.022966
0.024147
0.024779
0.024802
0.024306
0.023222
0.02197
0.020978
0.019986
0.019089
0.018232
0.01718
0.016105
0.01496
0.013792
0.012676
0.011134
0.0093239
0.00749
0.0058772
0.0050201
0.0048219
0.0050807
0.0055982
0.0061577
0.0068
0.0074247
0.007782
0.0077524
0.0076913
0.0073334
0.0063419
0.0048713
0.0031211
0.0011947
-0.00071984
-0.0027662
-0.0051658
-0.0077465
-0.0098808
-0.011574
-0.012862
-0.013587
-0.013728
-0.013652
-0.013354
-0.012687
-0.012128
-0.011712
-0.011471
-0.010966
-0.010459
-0.010142
-0.0095788
-0.0092328
-0.0091069
-0.0089681
-0.0090335
-0.0087815
-0.0080646
-0.007427
-0.0066911
-0.0058272
-0.0048554
-0.0036042
-0.002523
-0.0013515
-0.00038744
0.00038515
0.00080896
0.00069318
0.00075532
0.0010861
0.0014688
0.0017465
0.0019176
0.0020096
0.0023646
0.003446
0.0049551
0.0068424
0.0087568
0.010757
0.012385
0.014072
0.016109
0.017739
0.019119
0.020152
0.020252
0.019683
0.018629
0.017448
0.016345
0.015193
0.013648
0.01176
0.0098277
0.0078962
0.0061891
0.0049311
0.0041673
0.0036303
0.0033369
0.0034962
0.0040272
0.0049613
0.0060841
0.0073838
0.0091735
0.011383
0.013739
0.015622
0.017508
0.019162
0.020068
0.020712
0.021144
0.021259
0.021355
0.021912
0.022902
0.023751
0.02441
0.024672
0.024465
0.024011
0.023876
0.023745
0.023169
0.022008
0.020695
0.019225
0.017683
0.016556
0.015512
0.014558
0.01396
0.01375
0.013722
0.013921
0.01445
0.014865
0.014812
0.014797
0.014598
0.014118
0.013217
0.011907
0.01009
0.007845
0.0056936
0.0032379
0.00084446
-0.0011979
-0.0032009
-0.005133
-0.0066634
-0.0076178
-0.0080097
-0.0079961
-0.0078123
-0.0072006
-0.0062193
-0.0052164
-0.004201
-0.0033562
-0.0027663
-0.0025362
-0.002935
-0.0038709
-0.0050209
-0.0062487
-0.0072451
-0.007836
-0.0081432
-0.0081446
-0.0080768
-0.007957
-0.0076423
-0.0071923
-0.006938
-0.007155
-0.0074142
-0.0076875
-0.0079631
-0.0081807
-0.0082595
-0.0085247
-0.00891
-0.0093471
-0.0099654
-0.010467
-0.011423
-0.012579
-0.013869
-0.015441
-0.016743
-0.01763
-0.017823
-0.01764
-0.016956
-0.015586
-0.013803
-0.011614
-0.0093925
-0.0073731
-0.0054225
-0.0034425
-0.0014781
2.3657e-05
0.0015343
0.0028394
0.0040919
0.0052445
0.0062261
0.0066133
0.0064376
0.0064704
0.0067222
0.0070256
0.0071558
0.0071293
0.0067838
0.0066973
0.00692
0.0069343
0.0068203
0.0067276
0.0067468
0.0065629
0.0060538
0.0053408
0.0042816
0.0032104
0.00186
0.00030516
-0.00088247
-0.0021001
-0.0035112
-0.0050357
-0.0060714
-0.0065939
-0.0070203
-0.0071158
-0.0071447
-0.0074112
-0.0079393
-0.0083697
-0.0088829
-0.00979
-0.010562
-0.011257
-0.011801
-0.012126
-0.012244
-0.012369
-0.012617
-0.01254
-0.012036
-0.011452
-0.010614
-0.0094825
-0.0083366
-0.0070658
-0.0058172
-0.0046344
-0.0033354
-0.0018816
-0.00026283
0.0011156
0.0023868
0.0035693
0.0048682
0.0061247
0.0074191
0.0087507
0.0096994
0.010124
0.0097695
0.008791
0.0075072
0.005898
0.0042843
0.0028545
0.0017135
0.0009358
0.00038439
0.00012643
-0.00015214
-0.00082772
-0.0013482
-0.0011242
-0.00087277
-0.0010343
-0.0018126
-0.0029156
-0.0038766
-0.0047184
-0.0052347
-0.0054861
-0.0056988
-0.0057729
-0.0058047
-0.0055657
-0.0048896
-0.0041344
-0.0036371
-0.0030048
-0.002402
-0.0021739
-0.0019443
-0.0019958
-0.0022747
-0.0025844
-0.0032812
-0.0040856
-0.0049428
-0.0060344
-0.0068198
-0.0068831
-0.0066161
-0.0064605
-0.0064889
-0.0066875
-0.0068444
-0.0071517
-0.0076943
-0.0085392
-0.0094131
-0.010126
-0.010741
-0.011444
-0.012241
-0.012744
-0.013272
-0.013404
-0.01343
-0.013334
-0.012838
-0.012398
-0.012124
-0.011961
-0.011766
-0.011534
-0.011229
-0.010622
-0.010117
-0.0097259
-0.0092955
-0.0092255
-0.0092281
-0.0090705
-0.0089329
-0.0084656
-0.0079845
-0.0079083
-0.0074801
-0.0068085
-0.0063785
-0.0055762
-0.0047707
-0.0037715
-0.0028147
-0.0020737
-0.0013914
-0.00077528
-0.00034391
-5.8735e-05
-8.4426e-05
-0.00038067
-0.00092028
-0.0014293
-0.0018067
-0.0024867
-0.0031248
-0.0036119
-0.0040402
-0.0044645
-0.0048291
-0.0051723
-0.0053479
-0.005672
-0.0059755
-0.0064651
-0.0069245
-0.0072575
-0.0075409
-0.0078868
-0.0084676
-0.0092757
-0.0099192
-0.01042
-0.011134
-0.01195
-0.012985
-0.014221
-0.015119
-0.015161
-0.014341
-0.013159
-0.011468
-0.0094486
-0.0074794
-0.0054059
-0.0032575
-0.001146
0.00076989
0.0026253
0.0046824
0.0067062
0.0082943
0.0095669
0.010595
0.011294
0.011469
0.010983
0.009881
0.0084465
0.0073234
0.0066442
0.0057961
0.0047214
0.0032233
0.0015452
0.00043456
-0.00029829
-0.00083508
-0.00092576
-0.0010804
-0.0011691
-0.00062256
0.00038647
0.0014467
0.0022621
0.003003
0.0035906
0.0039842
0.0044239
0.0046349
0.0050086
0.0056836
0.0062825
0.0068979
0.0073902
0.0073565
0.0068223
0.0057773
0.0048584
0.0039196
0.0026096
0.00092145
-0.00078126
-0.0021508
-0.0033382
-0.0041695
-0.0049976
-0.0058502
-0.0064047
-0.0069301
-0.0072019
-0.0071804
-0.0074934
-0.0080442
-0.0085353
-0.0091621
-0.010089
-0.011141
-0.012274
-0.013382
-0.014628
-0.015791
-0.016928
-0.017971
-0.018867
-0.019606
-0.020176
-0.020661
-0.020885
-0.020837
-0.020727
-0.020428
-0.019973
-0.019717
-0.019313
-0.018275
-0.017129
-0.016178
-0.015079
-0.013764
-0.012252
-0.010265
-0.0078761
-0.0057508
-0.0043051
-0.0030963
-0.0019967
-0.0010723
-0.00020628
0.00079927
0.00186
0.0024709
0.0026582
0.0027151
0.0028719
0.0025803
0.0016158
-2.9106e-05
-0.0017585
-0.0033287
-0.0049339
-0.0060976
-0.0071048
-0.0078882
-0.0084154
-0.0089946
-0.0092329
-0.0092922
-0.0091958
-0.0084712
-0.0072347
-0.005938
-0.0044686
-0.0030247
-0.0018399
-0.0006425
0.00067585
0.0021774
0.003594
0.0050451
0.0063008
0.0075284
0.0088999
0.010521
0.012064
0.013337
0.014275
0.015281
0.016275
0.016797
0.016889
0.016584
0.016395
0.016167
0.015734
0.015315
0.014816
0.01392
0.012889
0.011733
0.010395
0.0091766
0.0082777
0.0077132
0.0072256
0.006748
0.0069849
0.0078378
0.009077
0.010765
0.012746
0.014708
0.016506
0.018328
0.020059
0.021628
0.022812
0.023785
0.024591
0.025163
0.025455
0.02568
0.025854
0.025855
0.025824
0.025814
0.025503
0.025175
0.025002
0.024877
0.024896
0.024611
0.023966
0.023251
0.022273
0.020945
0.019468
0.017704
0.016061
0.014541
0.01291
0.01102
0.0093142
0.0080152
0.0061628
0.0037828
0.0014449
-0.00022193
-0.0013847
-0.0029026
-0.0040942
-0.0048627
-0.005462
-0.0057142
-0.0055723
-0.0051249
-0.0047226
-0.004124
-0.0033989
-0.0023724
-0.00094351
0.00056411
0.0021373
0.0037631
0.0054798
0.0070063
0.0082925
0.0094124
0.010329
0.011529
0.012959
0.014446
0.015162
0.015269
0.015537
0.015689
0.015534
0.01506
0.014448
0.014006
0.013271
0.012568
0.011855
0.011348
0.01087
0.010156
0.0095112
0.0087368
0.00797
0.006995
0.0062416
0.0057764
0.0051023
0.0043236
0.0036769
0.0027982
0.0017389
0.00049598
-0.00089809
-0.0024199
-0.0041515
-0.0058506
-0.007359
-0.0087092
-0.0097426
-0.01051
-0.011161
-0.011493
-0.011482
-0.011556
-0.011519
-0.011092
-0.010334
-0.0097069
-0.0093442
-0.0090017
-0.0084899
-0.008197
-0.0081553
-0.0078877
-0.0075234
-0.0073669
-0.0071409
-0.0070342
-0.0069245
-0.0064251
-0.0057787
-0.0054584
-0.004947
-0.0045101
-0.004385
-0.0041684
-0.0037066
-0.003179
-0.002881
-0.002792
-0.0027263
-0.0023974
-0.0021396
-0.0016815
-0.0012583
-0.00087938
6.1492e-05
0.0012234
0.0024114
0.0031054
0.0037503
0.0048681
0.0066014
0.0082509
0.0097078
0.011348
0.01275
0.01394
0.014793
0.015558
0.016112
0.0164
0.016246
0.015965
0.01575
0.015088
0.014041
0.013238
0.012377
0.011278
0.010124
0.0087103
0.0068078
0.0052041
0.004137
0.0033474
0.0026781
0.0024496
0.0024565
0.0024803
0.0027611
0.0033204
0.0040262
0.0048162
0.0055222
0.0058562
0.0061575
0.0066709
0.0068527
0.0067071
0.0061746
0.005579
0.0052908
0.0046106
0.003964
0.0034249
0.0031013
0.0026353
0.0018556
0.001141
0.00083272
0.00030312
-0.00036533
-0.00083768
-0.00099342
-0.0011419
-0.0016751
-0.0022691
-0.0029569
-0.0040121
-0.0047783
-0.0053347
-0.0061201
-0.0068497
-0.0072961
-0.0076355
-0.0078665
-0.007939
-0.0079275
-0.0077414
-0.0072289
-0.006334
-0.0057015
-0.0051195
-0.0041391
-0.0030137
-0.002126
-0.0011641
-0.00035303
0.00039313
0.0013704
0.002341
0.0032715
0.0041997
0.0050992
0.005844
0.0066929
0.007523
0.0082434
0.0085405
0.008504
0.0086038
0.0089258
0.0092028
0.0092591
0.0093409
0.0093895
0.0094991
0.0094603
0.0088686
0.0075533
0.0061354
0.0050235
0.0037995
0.0027758
0.0016113
0.00028783
-0.0010267
-0.0021376
-0.0028719
-0.0034825
-0.0039925
-0.0044131
-0.0049089
-0.0056391
-0.0060983
-0.0066142
-0.0069562
-0.0075641
-0.0083886
-0.0092651
-0.0098882
-0.01012
-0.0094435
-0.0084043
-0.0075822
-0.0068316
-0.0059876
-0.0050103
-0.0040001
-0.0028061
-0.0015551
-0.00039743
0.00084518
0.001891
0.0027552
0.0034997
0.0043286
0.0051464
0.005933
0.0065025
0.0069165
0.0072778
0.0074265
0.0073661
0.007132
0.0070713
0.0068062
0.0061247
0.0055165
0.0052349
0.0046662
0.0037873
0.0032316
0.0028661
0.0024629
0.0017214
0.00096052
4.899e-06
-0.0012097
-0.0024704
-0.0034376
-0.0042088
-0.005038
-0.0057872
-0.0063755
-0.0067618
-0.0073291
-0.0077708
-0.0079325
-0.0081563
-0.0082408
-0.0084762
-0.0087837
-0.0089684
-0.0094035
-0.0098023
-0.0099528
-0.0099463
-0.010031
-0.0099866
-0.0098484
-0.0099228
-0.0099605
-0.0097506
-0.0092757
-0.008813
-0.0086735
-0.0088343
-0.0090249
-0.0094038
-0.010178
-0.010867
-0.011813
-0.012982
-0.014322
-0.015676
-0.016989
-0.01838
-0.02017
-0.021882
-0.023419
-0.02476
-0.025844
-0.02665
-0.026812
-0.026725
-0.026838
-0.026976
-0.026933
-0.026611
-0.026062
-0.02528
-0.024744
-0.024765
-0.024829
-0.024582
-0.024248
-0.024284
-0.02459
-0.024535
-0.024171
-0.024121
-0.023993
-0.023301
-0.022144
-0.020683
-0.019226
-0.01763
-0.015906
-0.014162
-0.012232
-0.0099103
-0.007142
-0.0044577
-0.0017938
0.0009423
0.0030854
0.0052851
0.0075888
0.0096254
0.011515
0.013089
0.014091
0.014867
0.015422
0.015813
0.015565
0.014856
0.014112
0.013286
0.011954
0.010298
0.0088196
0.0075313
0.0062955
0.0053269
0.0048315
0.0044485
0.0041387
0.0041038
0.0041634
0.0042646
0.0043322
0.0042652
0.0039136
0.0034863
0.0027154
0.0015233
-0.00021329
-0.0022542
-0.0042301
-0.0057991
-0.0076429
-0.009702
-0.011505
-0.012866
-0.013915
-0.014677
-0.015144
-0.015249
-0.015268
-0.015431
-0.015613
-0.01568
-0.015571
-0.015902
-0.016461
-0.016698
-0.016551
-0.016477
-0.016498
-0.016551
-0.016623
-0.016686
-0.016649
-0.016358
-0.01575
-0.015104
-0.014784
-0.014619
-0.014007
-0.012916
-0.011707
-0.010346
-0.0090023
-0.0077418
-0.0061895
-0.0049303
-0.00388
-0.0028804
-0.0018914
-0.0013139
-0.0011717
-0.0011275
-0.0011381
-0.0015685
-0.0020173
-0.0025786
-0.0034979
-0.0044909
-0.005734
-0.0071981
-0.0085252
-0.0095306
-0.01014
-0.01101
-0.012128
-0.013021
-0.013873
-0.014763
-0.015564
-0.016003
-0.016418
-0.01659
-0.01662
-0.016508
-0.016325
-0.015968
-0.015605
-0.015557
-0.015101
-0.014633
-0.014191
-0.01353
-0.012589
-0.011791
-0.011
-0.0099143
-0.0088074
-0.0077036
-0.0064747
-0.0052347
-0.0039112
-0.0026082
-0.0015467
-0.00067551
0.00038191
0.001712
0.0026186
0.0032035
0.0038544
0.0046041
0.0050044
0.005229
0.0053721
0.0054754
0.0052285
0.0051336
0.0054252
0.0056592
0.0056612
0.0057385
0.0054355
0.0051039
0.0050097
0.0047285
0.0044784
0.0043249
0.0041993
0.0042234
0.0045855
0.0048225
0.0049203
0.0051405
0.0052438
0.005561
0.0062038
0.0070078
0.0079593
0.0089478
0.010082
0.011017
0.012115
0.013471
0.014901
0.016149
0.017438
0.01849
0.019021
0.019604
0.01991
0.019707
0.019454
0.01935
0.019269
0.019005
0.018508
0.017967
0.017643
0.01699
0.015866
0.014818
0.013694
0.012351
0.010866
0.0090291
0.0069849
0.0051206
0.0033252
0.0014977
-0.00015283
-0.0017066
-0.0027514
-0.0029677
-0.0029383
-0.0026277
-0.002552
-0.0021833
-0.0013176
-0.00053399
0.00036052
0.0013358
0.0024048
0.0034627
0.0045326
0.0056257
0.0066258
0.0071108
0.0073335
0.0074413
0.0076555
0.0077074
0.0072481
0.0067867
0.0063678
0.0061217
0.0056821
0.0051535
0.0047723
0.0040637
0.0036204
0.0034457
0.0033629
0.003217
0.0029395
0.0028152
0.002579
0.0023951
0.002409
0.0023553
0.0025653
0.0029092
0.003114
0.003329
0.0036271
0.0040639
0.0046179
0.0049338
0.0052577
0.0055728
0.0059314
0.0066358
0.0076552
0.0085295
0.0090305
0.0097812
0.010511
0.010911
0.011268
0.011426
0.011613
0.011979
0.012097
0.012023
0.011968
0.011916
0.011919
0.012126
0.012418
0.012463
0.01249
0.012694
0.012839
0.01293
0.012794
0.012979
0.013429
0.013448
0.013125
0.012686
0.012124
0.011869
0.011904
0.011936
0.012088
0.011952
0.011962
0.012026
0.01223
0.012683
0.013096
0.013484
0.014074
0.014803
0.015331
0.015984
0.016551
0.016653
0.016633
0.016531
0.015962
0.014912
0.014139
0.013739
0.013249
0.012683
0.011612
0.010212
0.0085276
0.0069812
0.0055636
0.0044755
0.0032568
0.0018938
0.0007597
-0.00021578
-0.0011501
-0.002169
-0.0029085
-0.0033224
-0.003237
-0.0031679
-0.0030832
-0.0028378
-0.0025401
-0.0021142
-0.0013691
-0.00053337
7.9643e-05
0.00048853
0.00098967
0.0011509
0.001066
0.0012328
0.0016092
0.0020464
0.0025239
0.0029027
0.0032217
0.0035307
0.003662
0.0035914
0.0033451
0.00297
0.002367
0.0018909
0.0013401
0.00063555
2.5502e-05
-0.00062661
-0.0013291
-0.0020353
-0.0026184
-0.0030709
-0.0036074
-0.0040961
-0.0045331
-0.0050148
-0.0053931
-0.0062978
-0.0073135
-0.0082027
-0.0090286
-0.0097579
-0.010415
-0.011082
-0.011715
-0.012225
-0.012282
-0.01196
-0.011448
-0.010646
-0.0097603
-0.0092386
-0.0086819
-0.0076248
-0.0062089
-0.0049589
-0.0043999
-0.0043265
-0.0041912
-0.0039791
-0.0033698
-0.0024666
-0.0013693
-0.00031968
0.00054101
0.0012643
0.0019554
0.0023688
0.0027466
0.003277
0.0035566
0.003799
0.0043224
0.004677
0.0047639
0.0050471
0.0053054
0.0048815
0.0039556
0.0028896
0.002104
0.0018845
0.002088
0.0021346
0.0019016
0.0014858
0.0010638
0.00085483
0.00069132
0.00087046
0.0011218
0.0012639
0.0014554
0.0018354
0.0023759
0.0029302
0.0034105
0.0036715
0.0040139
0.0047232
0.0058845
0.0070351
0.0078624
0.0081116
0.0080538
0.0083762
0.0087646
0.0087985
0.0087012
0.0084187
0.0079488
0.0075783
0.0071481
0.0064146
0.0056016
0.004692
0.0037342
0.0031348
0.0028896
0.002625
0.0019975
0.0012538
0.00067226
0.00014569
-0.00052038
-0.0011078
-0.0015232
-0.0020666
-0.0026122
-0.0026399
-0.0025513
-0.0024574
-0.002156
-0.0016973
-0.0010237
-0.00028241
0.0001316
0.00042606
0.00065233
0.00078406
0.0010979
0.0014155
0.001241
0.0008343
0.00054665
0.00038093
0.0002469
0.00028417
0.00019824
3.64e-05
-1.4556e-05
4.6119e-06
0.00039774
0.00086065
0.00093843
0.00070201
0.00022327
-0.00044438
-0.0010534
-0.001758
-0.0022823
-0.0025808
-0.0024585
-0.0024311
-0.0025713
-0.0027535
-0.0028673
-0.0026508
-0.002046
-0.0013819
-0.0006435
9.6183e-05
0.0010701
0.0022431
0.0032151
0.003916
0.0044666
0.0046798
0.0044202
0.0040562
0.0039809
0.0043377
0.0043953
0.0040565
0.0034251
0.0027891
0.0022315
0.0018315
0.0015827
0.0010132
0.000169
-0.00048237
-0.00059457
-0.00043196
-0.00029631
-0.00040994
-0.00025656
-8.0622e-05
0.00014596
0.00046062
0.0007201
0.00069975
0.00038792
0.00012844
1.865e-05
-0.00035179
-0.00056105
-0.0010907
-0.0018075
-0.0022275
-0.0026339
-0.0026576
-0.0028656
-0.0032745
-0.0033797
-0.0033054
-0.0030384
-0.0028201
-0.0027649
-0.0028015
-0.0027551
-0.0023676
-0.0017617
-0.0014518
-0.0015959
-0.0020422
-0.0026
-0.0029097
-0.0032841
-0.0041582
-0.0049946
-0.0057614
-0.0064085
-0.0068062
-0.0071813
-0.0076847
-0.008282
-0.0084605
-0.0081343
-0.0077223
-0.0073857
-0.0073652
-0.0072812
-0.0070494
-0.0067271
-0.0064068
-0.0062279
-0.0061312
-0.0060551
-0.0058365
-0.0055457
-0.0050362
-0.004191
-0.0032745
-0.0023745
-0.001597
-0.0010404
-0.0006393
-7.3642e-05
0.00025676
0.00057135
0.00097183
0.0012314
0.0013013
0.0013786
0.0015385
0.0015553
0.0014719
0.00096638
0.00056264
0.00022497
-0.00032324
-0.00086045
-0.0016011
-0.0022969
-0.0030566
-0.0035697
-0.0040031
-0.004686
-0.0056308
-0.0065797
-0.007144
-0.0070776
-0.0072214
-0.0080522
-0.009053
-0.0094769
-0.0098758
-0.010535
-0.011285
-0.011975
-0.012626
-0.013587
-0.014307
-0.014889
-0.015247
-0.015116
-0.01511
-0.015243
-0.015355
-0.015336
-0.015054
-0.014531
-0.014135
-0.014016
-0.013594
-0.01297
-0.012691
-0.012272
-0.011708
-0.011096
-0.010736
-0.010251
-0.0094445
-0.0088258
-0.0082565
-0.0074771
-0.0065749
-0.0055406
-0.0045689
-0.0035792
-0.0026858
-0.0021197
-0.0017933
-0.0014405
-0.0011037
-0.0010206
-0.0010934
-0.0012989
-0.0016406
-0.0018347
-0.0018813
-0.0021767
-0.0025982
-0.0032392
-0.0039602
-0.0044027
-0.0045729
-0.0047959
-0.00504
-0.004955
-0.0047428
-0.0044849
-0.0043254
-0.0039204
-0.003384
-0.0031565
-0.0029534
-0.0028121
-0.0028971
-0.0029692
-0.003003
-0.0030966
-0.0033299
-0.0032176
-0.0031377
-0.0034493
-0.00384
-0.0042994
-0.0045553
-0.0044975
-0.0040665
-0.0035188
-0.003142
-0.0029163
-0.0028125
-0.0027448
-0.002687
-0.0030406
-0.0037241
-0.0045416
-0.0051231
-0.0056943
-0.0062401
-0.0062558
-0.0058659
-0.0052492
-0.00467
-0.0043883
-0.0041975
-0.0037616
-0.002804
-0.0015868
-0.00057464
0.00020262
0.00059086
0.00083534
0.001163
0.0015293
0.0014997
0.0014665
0.0017052
0.0017377
0.0015938
0.0015114
0.0016938
0.0019535
0.0022777
0.0026091
0.0028275
0.0030175
0.003568
0.0039492
0.0043608
0.0046335
0.0047549
0.0049744
0.0050468
0.0051236
0.005086
0.0051007
0.0052583
0.0055461
0.0057867
0.0057604
0.0058382
0.0059589
0.0058485
0.005617
0.0052833
0.0048335
0.0042934
0.003754
0.0035424
0.0035972
0.0037335
0.0036544
0.0036428
0.0035959
0.0035637
0.0038593
0.0041281
0.0040568
0.0041664
0.004462
0.0045953
0.0045433
0.0044871
0.0044929
0.0045928
0.0048375
0.0051328
0.00518
0.0052333
0.0054854
0.0056761
0.005744
0.006113
0.0066634
0.0068319
0.0067763
0.0071677
0.0080363
0.008943
0.0097182
0.010231
0.010339
0.0099511
0.0097134
0.0095383
0.0092849
0.0087514
0.0084002
0.0080982
0.0077728
0.0073328
0.0070105
0.0071306
0.0073593
0.0073376
0.0072679
0.007701
0.0080841
0.0079434
0.0079067
0.0080623
0.0082468
0.0082444
0.0079558
0.0078551
0.0083586
0.0091071
0.0094319
0.0092134
0.0089615
0.0090047
0.0090197
0.0089111
0.0087919
0.0086769
0.0082228
0.0078179
0.0073066
0.0064498
0.0058674
0.0053515
0.0046245
0.0037512
0.0028319
0.0020598
0.0014821
0.0010763
0.0012138
0.0016015
0.0022105
0.002776
0.0034867
0.004456
0.0055253
0.0066587
0.0078644
0.0090653
0.010148
0.011312
0.012196
0.012927
0.013401
0.013599
0.013614
0.013558
0.013154
0.012324
0.011475
0.010442
0.0092893
0.0082112
0.0071252
0.0059588
0.0047427
0.0037572
0.0028706
0.0021151
0.0012968
0.00057516
-0.00029757
-0.0010986
-0.0017289
-0.0020125
-0.0022031
-0.0024665
-0.0030452
-0.0035245
-0.0035251
-0.0034788
-0.0034936
-0.0033411
-0.0028589
-0.0022674
-0.0020157
-0.001576
-0.0011854
-0.00089892
-0.00022873
0.00027207
0.0007814
0.0011931
0.0011478
0.00099015
0.00049569
-4.6948e-06
-0.0003208
-0.00063627
-0.0011058
-0.0013422
-0.0016182
-0.0020953
-0.0025723
-0.0029289
-0.0032909
-0.0034999
-0.0036349
-0.0040148
-0.0043568
-0.0046557
-0.0049674
-0.0055702
-0.0061859
-0.0066578
-0.0072871
-0.0081575
-0.0090036
-0.0093008
-0.0090651
-0.0087958
-0.0086384
-0.0088683
-0.0093829
-0.0096255
-0.0098233
-0.009892
-0.0099786
-0.010135
-0.010225
-0.010076
-0.010075
-0.010342
-0.010775
-0.010984
-0.010864
-0.010599
-0.010103
-0.0098592
-0.0096891
-0.0093523
-0.0089622
-0.0085385
-0.0077475
-0.0068411
-0.0061904
-0.0057218
-0.0054072
-0.0049728
-0.0048269
-0.0047242
-0.0047937
-0.0051445
-0.0056568
-0.0059091
-0.0062317
-0.0066425
-0.0068555
-0.0068306
-0.0065105
-0.0058059
-0.0051387
-0.0043314
-0.0032662
-0.002022
-0.00081633
0.00014177
0.00088073
0.0014816
0.002233
0.0028733
0.0034614
0.0040941
0.0045651
0.0048346
0.00528
0.005527
0.0054863
0.005539
0.0057516
0.005958
0.0058959
0.0059042
0.0057096
0.0056905
0.0054792
0.0050547
0.0045911
0.0042583
0.003905
0.0033439
0.0032855
0.0033945
0.0033345
0.0032035
0.0031383
0.0032729
0.0032999
0.003261
0.0032222
0.003189
0.0032329
0.003444
0.0038306
0.004118
0.0042504
0.0045113
0.0049749
0.0055163
0.0057106
0.0061471
0.0066742
0.0066497
0.0066554
0.0068201
0.0068926
0.0067681
0.0070051
0.0075943
0.0084176
0.0089791
0.0092253
0.0093649
0.0093157
0.0091168
0.0089811
0.0089618
0.0087974
0.0084745
0.008203
0.0080803
0.0079658
0.0079315
0.007809
0.0074624
0.0071383
0.0068955
0.0063932
0.0059048
0.0055741
0.0054762
0.0055514
0.0055154
0.0054116
0.0053421
0.0053391
0.0050451
0.0047817
0.0048953
0.0050095
0.005046
0.0052007
0.0054825
0.0054378
0.005372
0.0053793
0.0053907
0.0053967
0.005408
0.0054592
0.0055471
0.0055666
0.0053032
0.0048579
0.0044979
0.0040046
0.0033697
0.0024846
0.00194
0.0011076
0.00040497
-5.2033e-05
-0.00037233
-0.0011525
-0.0020295
-0.0028134
-0.0037704
-0.0047737
-0.0057754
-0.0069866
-0.0080536
-0.0090629
-0.0098669
-0.010929
-0.012045
-0.012789
-0.013267
-0.013373
-0.013064
-0.012575
-0.011968
-0.010999
-0.0099014
-0.0091211
-0.0086702
-0.0078556
-0.0069294
-0.0065663
-0.0060091
-0.0051452
-0.0048999
-0.0048276
-0.0047007
-0.0050075
-0.0054013
-0.0058488
-0.006281
-0.0064745
-0.0069473
-0.0073148
-0.0075746
-0.0080747
-0.0083603
-0.0082593
-0.0079872
-0.0078004
-0.0076597
-0.0069482
-0.0058372
-0.0049058
-0.0043587
-0.0040664
-0.0041306
-0.0039854
-0.0038798
-0.0040276
-0.0044072
-0.0047774
-0.004878
-0.0048643
-0.0048468
-0.0048716
-0.004915
-0.004915
-0.004799
-0.0045385
-0.00426
-0.0039457
-0.0032864
-0.0027585
-0.0024178
-0.0020874
-0.0017897
-0.0015316
-0.0015681
-0.0017439
-0.0020892
-0.0024936
-0.0027267
-0.0025766
-0.0025395
-0.0025781
-0.002513
-0.0023362
-0.0021783
-0.0020884
-0.0023895
-0.0027786
-0.0030625
-0.0035733
-0.0043
-0.0051173
-0.005811
-0.0063078
-0.0065021
-0.0067365
-0.0066734
-0.006366
-0.0062512
-0.0061604
-0.0060523
-0.0058248
-0.0054027
-0.005095
-0.0048364
-0.0046524
-0.0043358
-0.0040769
-0.003707
-0.0034922
-0.0035383
-0.0031097
-0.0027607
-0.0025882
-0.0026317
-0.0026234
-0.0025366
-0.0024797
-0.0025073
-0.0026132
-0.0023069
-0.0016345
-0.0010651
-0.0012883
-0.0018898
-0.0020463
-0.0019205
-0.0016447
-0.0013826
-0.0013016
-0.0012356
-0.00093788
-0.00073099
-0.00081111
-0.0010152
-0.0012987
-0.0014551
-0.0016009
-0.0016944
-0.0018016
-0.0020638
-0.0022026
-0.0022767
-0.0024752
-0.0029126
-0.0035795
-0.0041274
-0.0045115
-0.0045043
-0.0043199
-0.0041267
-0.004158
-0.0042068
-0.0040014
-0.003527
-0.0030064
-0.0025352
-0.0020579
-0.0014667
-0.00099326
-0.00043293
5.3366e-05
0.00031083
0.00049706
0.00096851
0.0012771
0.00093852
0.0003877
4.8445e-05
-0.00013667
-0.0003902
-0.00077871
-0.0010051
-0.0011197
-0.0012737
-0.001283
-0.0013547
-0.0014983
-0.0016339
-0.0016522
-0.0015346
-0.001315
-0.0010957
-0.00082366
-0.00048825
-0.00022175
9.3452e-06
0.00035602
0.00069071
0.00071265
0.00066469
0.0006932
0.00072483
0.0007284
0.0007285
0.00081222
0.0010662
0.0014408
0.0016273
0.0016698
0.0019862
0.0024417
0.0024926
0.0023875
0.002375
0.0024107
0.0026486
0.0031042
0.0032676
0.0030619
0.0028478
0.002482
0.002295
0.0022463
0.0019425
0.001566
0.0013565
0.0011196
0.00090589
0.00074963
0.000803
0.00099795
0.001374
0.0017641
0.0019326
0.0021412
0.0022054
0.0021249
0.0022374
0.002501
0.0027954
0.0030592
0.0031513
0.0033518
0.0035224
0.0036136
0.003552
0.0035387
0.0036164
0.0036991
0.0036442
0.0033421
0.003173
0.0031369
0.0033468
0.0034596
0.0033173
0.0032194
0.0032771
0.0035547
0.0039675
0.0042606
0.0044312
0.0045931
0.0046638
0.0045912
0.0045264
0.0045147
0.0045394
0.0045939
0.0045992
0.0044074
0.004237
0.0043788
0.0045498
0.0044925
0.0043147
0.0041138
0.0039434
0.0039304
0.0038368
0.0035255
0.003124
0.0029032
0.0026303
0.0023229
0.0020955
0.0019939
0.001859
0.0017652
0.0016679
0.0016299
0.0014996
0.0012137
0.0010248
0.00085062
0.00052955
0.00019914
-0.00020703
-0.00065761
-0.0010606
-0.0015893
-0.0019354
-0.0021211
-0.0023249
-0.0025175
-0.0025365
-0.002394
-0.002278
-0.0022514
-0.002118
-0.0020389
-0.0019817
-0.0019617
-0.0020668
-0.0021099
-0.0020251
-0.002012
-0.0019901
-0.0019492
-0.0018757
-0.0018801
-0.0018588
-0.0016639
-0.0013924
-0.0011726
-0.00091015
-0.00073253
-0.0005976
-0.0003418
8.7897e-05
0.00051723
0.000817
0.0009042
0.00090327
0.00094157
0.00099309
0.0010277
0.00098411
0.00096889
0.0009049
0.00079486
0.00075566
0.00078206
0.00078195
0.00077998
0.00081814
0.00090649
0.00097971
0.00095197
0.00093557
0.00094333
0.00093217
0.00086919
0.00075042
0.00059139
0.00032635
0.00018917
0.00027342
0.00042357
0.00050269
0.00056984
0.00059301
0.00060051
0.00065272
0.0007221
0.0008213
0.00087888
0.00092464
0.00094785
0.00097893
0.0010791
0.0011693
0.0012228
0.0012807
0.0013764
0.0014149
0.0014459
0.0015328
0.0015572
0.0015063
0.0015227
0.0015793
0.0016524
0.0016725
0.0016411
0.0016183
0.0016009
0.0015689
0.0014803
0.0013725
0.0013155
0.0012648
0.0011525
0.001029
0.0009039
0.00078319
0.00064843
0.00052994
0.0003838
0.00020736
5.9044e-05
-6.3055e-05
-0.00011393
-0.0001013
-8.0601e-05
-7.023e-05
-2.9302e-05
6.0856e-05
0.00015582
0.00025858
0.00040243
0.00050479
0.00056919
0.00060493
0.0006211
0.00067988
0.00075414
0.00081231
0.00085644
0.00087486
0.00089329
0.00091004
0.00094825
0.00098494
0.0010244
0.0010628
0.0011002
0.0010876
0.0010718
0.0011
0.0011182
0.0011376
0.0011203
0.0010716
0.0010379
0.00098952
0.00091169
0.00086277
0.0008298
0.00077789
0.00069226
0.00061255
0.0005279
0.00043995
0.00037094
0.00030126
0.00022181
0.000135
4.6773e-05
-3.4423e-05
-0.00010279
-0.00015364
-0.00019781
-0.00025583
-0.0003172
-0.00035782
-0.00038159
-0.00038391
-0.00037099
-0.00035444
-0.00034059
-0.000332
-0.00032975
-0.00033251
-0.00032846
-0.00031795
-0.00030893
-0.00030466
-0.00030863
-0.00031296
-0.00031685
-0.00032657
-0.0003438
-0.00035835
-0.00036102
-0.00036479
-0.00036562
-0.00036866
-0.00037239
-0.00037063
-0.00037055
-0.00036987
-0.00037287
-0.0003706
-0.00036874
-0.00036955
-0.00037091
-0.00037377
-0.00037702
-0.00037817
-0.00037891
-0.00037902
-0.00038135
-0.00038271
-0.00038258
-0.00038228
-0.00037984
-0.00037551
-0.00036924
-0.00036455
-0.00036072
-0.00035612
-0.00035203
-0.0003481
-0.00034277
-0.00033679
-0.00033386
-0.00033196
-0.00032687
-0.00032131
-0.0003177
-0.00031449
-0.0003114
-0.00030922
-0.00030807
-0.00030636
-0.00030499
-0.00030406
-0.00030267
-0.00030095
-0.00029945
-0.00029858
-0.00029794
-0.00029637
-0.00029416
-0.00029226
-0.0002907
-0.00028931
-0.0002876
-0.00028511
-0.00028273
-0.00028085
-0.00027865
-0.00027601
-0.00027353
-0.00027145
-0.00026944
-0.00026741
-0.00026507
-0.00026245
-0.00025976
-0.00025699
-0.00025409
-0.00025119
-0.00024831
-0.00024536
-0.00024241
-0.00023944
-0.00023644
-0.00023348
-0.00023057
-0.00022766
-0.00022475
-0.00022183
-0.00021893
-0.00021603
-0.00021312
-0.00021023
-0.00020735
-0.00020448
-0.0002016
-0.00019872
-0.00019584
-0.00019298
-0.00019012
-0.00018726
-0.0001844
-0.00018153
-0.00017866
-0.00017578
-0.00017289
-0.00017
-0.0001671
-0.0001642
-0.00016129
-0.00015837
-0.00015545
-0.00015252
-0.00014959
-0.00014665
