3.42e-05
0.00026154
-0.00012618
-0.00063528
0.00012553
0.00015397
0.00012223
0.00015782
0.00011894
0.00016472
-0.00030765
-0.00037611
9.196e-05
0.00015815
0.00012335
0.00015792
-0.00030833
5.2636e-05
0.00019533
7.9954e-05
0.00021142
-0.00038029
0.00015918
-7.4505e-05
-0.00066927
-0.00027668
-0.00040021
0.00010662
0.00014732
0.00012885
0.00014608
0.00012456
0.00015913
-0.00031425
5.5904e-05
0.00019554
-0.00034924
0.00010047
0.00012281
0.00019921
-0.00051489
-0.00077305
0.00021421
7.5385e-05
0.00018443
0.00010375
-0.00026457
2.5679e-06
0.00066547
0.00014517
-0.00024865
-0.00016204
-0.00063848
0.00012846
0.00013959
0.00013337
0.00013226
0.00016072
-3.215e-05
-0.0007493
0.0002604
-0.00014667
-0.00019368
0.00021321
-0.00034789
0.00019466
0.00084329
0.0001496
-0.00068281
-0.0002902
-0.00038311
7.4782e-05
0.00019097
-0.00035889
0.00011532
8.9731e-05
-6.8456e-05
-2.3663e-05
2.7708e-06
0.00019648
0.0001046
-0.00027391
1.263e-05
0.00065005
0.0001573
0.00014804
-0.00030595
-0.00038559
0.00010291
-0.00029293
4.7666e-05
-0.00023802
-0.00044108
0.00014432
0.00010242
0.00017068
0.00010226
-0.00025788
-1.3154e-05
0.00027951
-0.00016223
-0.00017557
0.00017931
0.00012926
0.00012612
0.00014951
0.00012291
-0.00028007
2.0759e-05
-0.00019862
-0.00049857
0.00023882
-0.0001611
-0.00015505
-0.00027956
-0.0003388
-0.00012773
-0.00022776
0.00023729
6.4836e-05
0.00020042
5.4494e-05
0.00026046
-0.00060253
-0.0001283
0.000859
0.00033567
0.00013568
0.00013663
1.3142e-05
-0.00093859
-0.00018793
-0.0002186
-0.00044409
0.00016071
-0.00035548
0.00013406
-5.777e-05
-0.00027101
0.00027972
2.2616e-05
-0.00015697
-0.00026515
-8.1614e-05
-0.00035504
0.00018142
-0.00013688
-0.00013898
-3.1946e-05
-0.00023907
-0.00020649
5.6103e-06
0.00021159
8.301e-05
0.00019107
-0.00034449
0.00010017
-0.00028953
5.1093e-05
0.00018262
0.00011524
0.00014068
0.00018244
-0.00049796
-0.00035623
0.00033935
-2.2805e-05
0.00032394
-0.00062268
-0.00023513
0.00022381
-0.00030358
-0.00010474
-0.00026187
0.00032254
-0.00015998
-0.00059047
6.9416e-05
0.00026622
-0.00057839
-0.00025612
0.00023547
0.000112
0.00015172
0.00015881
0.00011898
-0.00021155
-0.00061552
-0.00025857
0.00027484
-0.00036883
0.000135
-0.0003016
8.7987e-05
-0.00025172
-0.00039151
0.00012048
0.0001643
0.00013773
0.00017236
0.00012642
-0.00022145
-0.00015418
-0.0006071
0.00012827
0.00018229
0.00012716
-0.000236
3.6518e-06
0.00030553
-0.00045646
0.00041662
0.00043494
0.00031963
0.00055827
4.5168e-05
0.00022567
0.0001175
0.00019192
0.00014088
0.0001745
0.00016324
-0.00026928
6.3195e-05
0.00025389
-6.5405e-05
-0.00022763
0.00032926
-0.00011754
-0.00016858
0.0002557
-0.00031656
0.0001169
0.00019132
0.00015864
0.00017799
0.00016979
0.00016975
0.00018705
-0.00026484
-0.00034036
0.00012167
0.00021343
0.00013077
0.00025518
-6.0038e-05
-0.00018655
0.00027955
0.00011836
0.00023154
0.00013359
0.00023249
0.00012536
-0.00014701
-0.00060911
-0.00017972
0.00024967
-0.0002165
-0.00054906
-0.00022779
0.00030258
0.00013119
0.00022194
0.00018518
-0.00024427
0.00011168
0.00023405
0.00016976
0.00021563
0.00017888
0.00022169
-0.00025672
0.00012575
0.0002369
0.00017363
0.00022358
0.0001848
0.00021843
0.0001929
0.00021429
0.000201
0.0002071
0.00021217
0.00019582
0.00023557
-0.00024997
0.00014882
0.00023958
0.00019467
0.00023952
-0.00024092
0.00014665
0.00024557
0.00021392
-0.00021756
0.00013839
0.00025669
0.00020974
0.00021176
0.00027701
6.6903e-06
-0.00056963
-0.00022388
0.00060026
0.00032892
0.00020343
-0.00020969
0.00019319
-0.00034539
-0.00075036
0.0004267
-0.00053212
-0.00013332
0.0003073
0.0002318
-0.00020784
0.00018789
-0.00018137
-0.00024157
1.5307e-07
-0.00013247
0.00036119
0.00017451
0.00030709
0.00019997
0.00029889
0.00020504
0.0003111
-0.00023258
0.00021518
0.00027126
-0.00017756
0.0001682
-0.00010313
9.0649e-05
0.00043845
-0.00048467
-0.00054588
0.0002446
0.00033128
5.2806e-05
-0.00055207
0.00031083
-0.00019612
0.00021696
0.00029548
0.00027711
0.00024853
0.00046374
0.00072076
-0.00034005
0.00038209
-0.00042984
-0.0001259
0.00039429
0.00023821
0.00031062
0.00031265
0.00010761
-0.00011986
0.00044418
0.00018815
0.00039418
0.0002075
0.00039925
0.00018198
0.00057773
0.00065421
-0.00021484
0.00028087
-0.00012204
0.00023188
-7.7187e-05
0.00018902
0.00040117
0.00024408
0.00039503
-0.00018026
0.00028994
0.00032869
0.00032154
0.00033581
0.00030316
0.00038169
-0.00019156
0.00049489
0.0007305
0.00023069
-3.9618e-05
0.00021333
0.00040508
0.00032449
-0.00022937
-0.00064962
0.00010415
-0.0003977
0.00070083
0.0005417
0.00061411
0.00051109
-0.00057012
0.00045701
-0.00016826
0.00037029
0.00017649
-0.00018154
-0.00053345
-0.00065076
-0.000612
-0.00047635
0.00041716
0.0003223
0.00041715
0.00032126
0.00044468
0.00017437
-0.00058349
-0.00063042
-0.00054577
-0.00070081
0.00011314
-0.00020408
-0.00053661
2.7446e-05
0.00025388
5.2936e-05
0.00010597
-0.00056417
-0.00044484
2.937e-06
-0.00013579
-0.00018985
-0.00076004
0.00014266
0.00029158
-0.00065295
-0.00034899
-0.00017866
-0.00072538
-0.00031738
0.00035071
0.00048229
0.00030175
0.0011157
0.00084948
0.0002742
0.00054144
-0.00024703
-0.00061627
-0.00052855
-0.00058975
-3.2565e-06
0.0011677
0.001386
0.0015196
0.00015382
-0.00071013
-0.00048879
-0.00045003
0.00052509
0.00021807
-0.00042147
0.00055671
-0.00028786
4.2623e-05
0.00051998
0.00043226
0.00030272
-0.00099982
-0.00061834
-0.00045718
-0.0007489
-0.0013935
0.00019358
0.0017766
0.0016257
-0.0003409
-0.002232
-0.001979
-0.00074686
-0.00057652
0.00024254
0.0014818
-0.00043678
-0.0014456
0.00025274
0.0021204
0.0025233
0.0016848
-0.00039699
-0.0015282
0.00091269
0.0027589
0.0027191
-7.3645e-05
-0.0015159
0.00018748
0.0004231
-0.0012334
-0.0013262
-0.0010804
-0.0020596
-0.00098755
0.00079847
0.0016645
9.1619e-05
-0.002286
-0.00041736
0.00081889
-0.0018423
-0.002642
-0.001777
-0.0012782
0.0020653
0.0044583
0.00024261
-0.0015414
-0.00020721
0.00030484
-0.0010915
-0.0015811
-0.0015352
-0.0025205
1.4156e-05
0.0016298
0.00071796
-0.0013608
-0.0024767
0.00047624
0.0034414
0.0026723
0.0020266
-0.00026631
-0.0023706
0.0010709
0.0043186
0.0030977
2.7476e-05
7.2361e-05
0.0024857
0.0031456
0.0003131
-0.0013628
-0.00081297
-0.00044373
-0.0004937
-0.00048452
-0.00091495
-0.00058855
-0.00041922
-0.0005304
-0.00056711
-0.0015014
0.00038456
-0.00058851
-0.0040606
-0.002605
0.0005182
0.00072425
-0.00062827
-0.00026004
0.00049579
0.00036421
-0.00054766
-0.00040077
-0.00061701
0.00034996
0.0014556
-0.00023755
0.0006927
0.003974
0.0018433
-0.00097702
0.00078962
0.0030255
0.0017107
-9.7756e-05
-0.0020021
-0.0052243
-0.002813
-0.00021911
-0.0013605
-0.0025926
-0.00363
-0.0042654
-0.0028221
-0.0022948
-0.0030383
-0.0016991
-0.0002629
0.0011671
0.0028206
0.0032347
0.0043394
0.004679
0.00019002
-0.002768
0.00097952
0.005492
0.0074586
0.0040579
-0.001142
-0.0030035
-0.0023426
-0.00077789
0.00083168
-0.0011828
-0.0009533
0.0039478
0.001764
-0.004865
-0.0044253
0.0020843
0.0019721
-0.0013949
-0.00072781
0.0012296
0.00039114
-0.0015366
-0.0023934
-0.0024944
0.0001627
0.0051648
0.0067234
-0.00048498
-0.0070221
-0.0071537
-0.0039407
0.00010666
0.0014745
-0.0003921
-0.0015529
-0.00094595
0.00027194
-0.00023907
-0.0021658
-3.4029e-05
0.0060054
0.0087941
0.0032218
-0.002025
-0.0023677
0.0010176
0.0017174
-0.001462
-0.00050213
0.0044031
0.0048753
0.0024794
0.0024947
-0.00032664
-0.0042628
-0.001317
0.0047887
0.0057444
0.0033128
0.00058326
-0.0032234
-0.0081224
-0.010373
-0.0061589
-0.0050226
-0.0065189
-0.0022319
-0.00053254
-0.0021156
-0.00084362
0.0011056
-0.00040704
-0.0010466
-0.0003244
-0.0014627
-0.0017758
0.0046573
0.0094319
0.0029774
-0.00057628
-5.3013e-05
-0.0014208
-0.0037454
-0.0047878
-0.0029426
-5.6023e-05
-0.0012005
-0.0010413
0.0091403
0.018536
0.013698
-0.0003436
-0.0032802
0.0027613
0.0018127
-0.0038381
-0.0086688
-0.013019
-0.014397
-0.012884
-0.0035973
0.0057745
0.0073524
0.0065721
0.0063875
0.0096056
0.0082664
-0.0013645
-0.0030546
0.0061275
0.0087601
0.00052973
-0.0096876
-0.010488
-0.0041112
-0.0038746
-0.0080872
-0.0077118
-0.0062685
-0.0049598
-0.0044019
-0.0044365
0.0021149
0.011895
0.011612
0.0045772
0.00050336
0.0016896
0.005378
0.0035063
0.0013031
0.00057074
-0.00079401
5.679e-06
0.00037391
-0.0020282
-0.0018109
0.0035461
0.0048161
0.00054022
-0.0033021
-0.0076024
-0.010197
-0.0063845
-0.0043557
-0.0044526
0.0014185
0.0085432
0.0077058
0.0044061
0.0060463
0.0044755
-0.0038344
-0.0027512
0.009087
0.012416
0.0057179
0.0017756
0.0029017
0.0031975
0.0014156
-0.0023767
-0.0070922
-0.006728
-0.0037976
-0.0036823
-0.0029989
-0.0025827
-0.0057284
-0.0096044
-0.0079142
-0.0042565
-0.0034578
-0.0032763
-0.001532
-0.0017381
-0.0029264
0.00091293
0.0017391
0.0012414
0.0052949
0.0054
-0.00014374
-0.0027376
0.0010323
-1.9249e-06
-0.0095756
-0.014306
-0.01434
-0.012054
-0.0072408
-0.003018
0.0010355
0.0083377
0.014436
0.0077726
-0.00015685
0.0042975
0.01088
0.011312
0.0091293
0.0050462
0.00041442
6.7626e-05
0.0005195
-0.0058514
-0.0095662
-0.0011094
0.0084133
0.010628
0.0061275
-0.00079725
-0.0051016
-0.0033299
-0.0015949
-0.0058809
-0.0051251
-0.00011583
0.0025362
0.0053432
0.01004
0.012198
0.0048384
-0.0060012
-0.0073221
-0.0010103
-0.00024323
-0.0054952
-0.0050913
-0.00010142
-0.0012785
-0.0068263
-0.0036928
0.0072436
0.0065154
-0.0048372
-0.011181
-0.012647
-0.0086428
0.00019244
0.0055148
0.0026292
0.0021141
0.0077119
0.00081469
-0.015372
-0.017983
-0.01197
-0.0050829
-0.002894
-0.0020086
0.0069552
0.011427
0.0044358
-0.004225
-0.0056245
-0.0039945
-0.0030183
0.0023193
0.0065217
0.0046164
0.0021633
1.4169e-05
0.0010291
-6.6392e-05
4.2758e-05
0.0067125
0.0082313
0.002197
-0.00423
-0.007343
-0.0077439
-0.0066596
-0.0015463
0.00034681
-0.0014933
0.00080684
0.0065668
0.010998
0.010027
0.0067066
0.0011058
-0.0051458
-0.010228
-0.0090463
-0.0054304
-0.0052243
-0.00044765
0.0092301
0.011623
0.0035855
-0.003886
-0.0045409
-0.0013931
0.0019311
0.0042587
0.0015792
-0.0015879
-0.0010983
-0.0007974
-0.0017154
0.0025809
0.0043383
-0.0055883
-0.017368
-0.017816
-0.008991
-0.0013981
0.0028757
0.00656
0.0096526
0.016212
0.024346
0.026694
0.024782
0.021515
0.018735
0.010984
0.0076422
0.012968
0.012206
0.0088398
0.0090121
0.0022404
-0.0085278
-0.0084992
0.0022649
0.012779
0.022108
0.02821
0.016483
-0.0010746
-0.0058257
-0.0046445
-0.010891
-0.018014
-0.015103
-0.009819
-0.0079697
-0.006608
-0.0039427
-0.0061592
-0.011792
-0.012766
-0.0035551
0.011739
0.018973
0.013082
0.003641
-0.0068711
-0.018314
-0.023581
-0.016725
0.004455
0.023927
0.025521
0.016081
0.015438
0.025402
0.029963
0.021833
0.0055771
-0.007537
-0.0058448
0.00021907
-0.0019698
-0.010446
-0.020255
-0.027613
-0.028079
-0.022392
-0.019568
-0.015776
-0.0015342
0.014285
0.019612
0.017021
0.0054926
-0.016887
-0.035845
-0.034259
-0.024705
-0.017099
-0.013249
-0.019356
-0.022188
-0.012358
0.0063933
0.016105
0.002758
-0.02355
-0.046776
-0.053547
-0.037811
-0.0022695
0.03907
0.059471
0.052756
0.032619
0.0078836
-0.016217
-0.036559
-0.037116
-0.013622
0.0079754
0.0063853
-0.0056303
-0.0079029
-0.0064351
-0.01919
-0.041931
-0.041564
-0.009031
0.024063
0.042942
0.046012
0.027551
-0.0035505
-0.015238
0.010225
0.025292
-0.0022428
-0.035482
-0.032747
-0.0093767
-0.0033107
-0.013413
-0.015601
0.0060029
0.031067
0.034081
0.020704
0.011312
0.01642
0.021723
0.015787
0.0077676
0.0051798
0.010543
0.015502
0.014905
0.015348
0.014033
0.0073351
0.0040793
0.0064518
0.0051401
-0.0065399
-0.014231
0.00078777
0.028111
0.040399
0.032008
0.014488
-0.011074
-0.031979
-0.043678
-0.04334
-0.031235
-0.020246
-0.018349
-0.026816
-0.030628
-0.023259
-0.012682
-0.011827
-0.015451
-0.0059166
0.016232
0.02765
0.020578
0.0085562
0.011792
0.032265
0.051875
0.060254
0.052144
0.034028
0.016151
0.011967
0.020114
0.029102
0.028724
0.0099302
-0.020977
-0.04654
-0.059545
-0.051517
-0.02142
0.015999
0.039799
0.034863
0.014131
-0.0026668
-0.011715
-0.011845
-0.0043202
0.010601
0.031513
0.044751
0.048377
0.0465
0.034978
0.030265
0.044944
0.060357
0.065325
0.054346
0.027881
0.0018091
-0.01804
-0.032794
-0.035288
-0.022066
-0.014057
-0.023576
-0.040927
-0.056255
-0.059549
-0.049234
-0.030596
-0.013871
-0.00024109
0.012822
0.019815
0.01168
-0.011861
-0.038593
-0.053683
-0.046898
-0.028402
-0.020078
-0.028602
-0.038264
-0.038803
-0.037465
-0.038848
-0.042336
-0.043712
-0.034133
-0.017289
-0.0098933
-0.016454
-0.018572
-0.0052288
0.0093796
0.010248
-0.0054542
-0.027847
-0.049647
-0.057823
-0.040066
-0.0068251
0.025978
0.050472
0.062532
0.061822
0.052906
0.045355
0.046456
0.046245
0.0296
-0.010755
-0.051093
-0.053757
-0.020835
0.0057566
0.0029129
-0.0028063
0.0099631
0.034692
0.03897
0.021345
0.013219
0.024279
0.04403
0.050857
0.036073
-7.1619e-05
-0.042879
-0.06438
-0.05549
-0.0269
0.0077671
0.034003
0.043407
0.036642
0.0082414
-0.02978
-0.042716
-0.016352
0.029757
0.055455
0.053401
0.041925
0.035219
0.035578
0.03684
0.027335
0.012625
0.014829
0.029767
0.032518
0.0035066
-0.042103
-0.072803
-0.07531
-0.071935
-0.083246
-0.088949
-0.074886
-0.053379
-0.039181
-0.02838
-0.0065475
0.017496
0.026821
0.02448
0.022047
0.028032
0.043926
0.054428
0.045353
0.026216
0.015144
0.017689
0.028868
0.037435
0.039943
0.03616
0.029331
0.021194
0.014119
0.019085
0.033894
0.035959
0.016828
-0.0019718
-0.013063
-0.020577
-0.022108
-0.01271
0.0037024
0.014689
0.018071
0.016802
0.00066489
-0.033007
-0.06365
-0.07329
-0.060647
-0.041907
-0.034514
-0.038048
-0.044793
-0.045554
-0.034336
-0.011486
0.016739
0.041995
0.055128
0.047887
0.022862
0.00072201
-0.0028541
0.0099051
0.022531
0.014509
-0.013055
-0.038653
-0.035785
-0.0052042
0.020039
0.011591
-0.0081734
-0.0012476
0.018256
0.0093145
-0.025016
-0.04643
-0.034847
-0.0027899
0.014646
0.00776
-0.0047401
0.0018858
0.026557
0.041115
0.038456
0.034715
0.041082
0.041545
0.028578
0.011355
0.0059964
0.017949
0.018674
-0.0067261
-0.041137
-0.06012
-0.058835
-0.05154
-0.045717
-0.045817
-0.054849
-0.062418
-0.062171
-0.054079
-0.038103
-0.010141
0.024854
0.047469
0.051348
0.041782
0.034892
0.039887
0.044462
0.037797
0.023829
0.0070194
-0.010707
-0.017273
-0.012379
-0.022176
-0.048714
-0.066712
-0.04767
-0.0010263
0.030774
0.02437
-0.014595
-0.043096
-0.038613
-0.027645
-0.03127
-0.035555
-0.027769
-0.0068516
0.011911
0.014345
-0.0060794
-0.038735
-0.056881
-0.049799
-0.038436
-0.039952
-0.0384
-0.025304
-0.012147
-0.010097
-0.0063487
0.00455
0.013791
0.012726
0.0072295
0.0022152
0.003839
0.011937
0.0091399
-0.0097168
-0.033922
-0.047712
-0.039014
-0.0013192
0.044314
0.0689
0.06748
0.050285
0.030703
0.019873
0.015728
0.013585
0.015852
0.027747
0.04713
0.068454
0.089414
0.10336
0.10322
0.084967
0.057799
0.040626
0.036012
0.035623
0.031054
0.019386
0.007159
-0.0041497
-0.015092
-0.01817
-0.017098
-0.026426
-0.040417
-0.043388
-0.038951
-0.038402
-0.044757
-0.056722
-0.0676
-0.07076
-0.062157
-0.036905
0.0024721
0.030652
0.028227
0.0099884
0.0015704
0.0069917
0.0048436
-0.0097924
-0.016271
-0.0074913
0.0028148
0.0035471
-0.00033602
0.00034126
0.0021752
0.0031524
0.0035706
0.0036205
0.0097008
0.019484
0.024645
0.028852
0.038359
0.052399
0.063502
0.068831
0.068559
0.057834
0.046589
0.042702
0.043826
0.045484
0.050758
0.066225
0.07879
0.074575
0.051989
0.022624
-0.0019446
-0.019605
-0.030899
-0.037354
-0.034252
-0.024831
-0.010663
0.0078483
0.026429
0.048091
0.073521
0.089753
0.082799
0.058827
0.03148
0.015012
0.0087724
0.002785
-0.012285
-0.03794
-0.06107
-0.072405
-0.07467
-0.076592
-0.074095
-0.065143
-0.05594
-0.053449
-0.056142
-0.0574
-0.056531
-0.056985
-0.058201
-0.051414
-0.036722
-0.016716
0.0056348
0.023896
0.027976
0.021845
0.020974
0.028122
0.031163
0.011288
-0.033474
-0.083389
-0.11594
-0.12612
-0.1242
-0.11042
-0.08548
-0.065522
-0.058543
-0.056456
-0.055155
-0.055943
-0.053674
-0.043862
-0.034384
-0.025905
-0.012596
-0.0079221
-0.023767
-0.041372
-0.036512
-0.0086494
0.031591
0.075072
0.10162
0.10014
0.083534
0.067078
0.048249
0.038487
0.038026
0.028345
0.010582
-0.0076121
-0.018201
-0.029237
-0.047769
-0.070859
-0.09278
-0.10466
-0.09246
-0.064893
-0.050229
-0.054787
-0.0537
-0.036079
-0.0060862
0.026133
0.044885
0.056173
0.068037
0.078145
0.080986
0.080703
0.080298
0.076386
0.068915
0.064176
0.069832
0.077299
0.076242
0.06764
0.068012
0.082267
0.09141
0.084243
0.061697
0.037817
0.023035
0.01247
-0.0074654
-0.034078
-0.058802
-0.070064
-0.06614
-0.060707
-0.048556
-0.024748
-0.00023054
0.016262
0.02203
0.021381
0.021505
0.020454
0.015493
0.0048419
-0.0025174
-0.0070931
-0.015617
-0.02346
-0.0255
-0.018147
0.0047082
0.033663
0.048955
0.044217
0.034998
0.034584
0.033831
0.021756
-0.0060212
-0.031913
-0.033415
-0.021127
-0.017644
-0.023577
-0.024661
-0.019719
-0.021007
-0.027159
-0.016249
0.013108
0.040231
0.06421
0.092747
0.11857
0.12357
0.11277
0.10106
0.098861
0.10735
0.11641
0.12066
0.11096
0.083669
0.048071
0.01505
-0.015249
-0.047197
-0.078558
-0.099623
-0.099239
-0.075834
-0.046485
-0.028018
-0.013674
0.0032066
0.014552
0.018586
0.019872
0.020811
0.021125
0.015509
-0.0036784
-0.035531
-0.065621
-0.075151
-0.060379
-0.035976
-0.0248
-0.026938
-0.032216
-0.03799
-0.049752
-0.071886
-0.09194
-0.09853
-0.094605
-0.094797
-0.1008
-0.10299
-0.097853
-0.086892
-0.062366
-0.021992
0.019392
0.053673
0.075672
0.078133
0.062394
0.034837
0.0035226
-0.02752
-0.056801
-0.076419
-0.081617
-0.080309
-0.076366
-0.067548
-0.053357
-0.033779
-0.011094
0.0044528
0.0069794
0.0028759
0.0023067
0.0044161
0.0033767
-0.00010049
-0.002372
0.00092257
0.0071976
0.014224
0.016535
0.0089969
0.0017804
0.0059124
0.015636
0.015604
0.0025158
-0.0091857
-0.012101
-0.0076496
-0.00020357
0.0061276
0.0085684
0.0079268
0.0095588
0.0073148
0.0013356
0.00051754
0.011205
0.024501
0.027557
0.017166
-0.0011798
-0.016533
-0.024205
-0.030948
-0.04191
-0.047214
-0.039657
-0.029299
-0.029212
-0.041674
-0.057137
-0.065371
-0.057276
-0.028781
0.0046128
0.028386
0.038737
0.045988
0.052524
0.05348
0.052709
0.055402
0.064412
0.074602
0.082997
0.091223
0.098271
0.10572
0.11104
0.11067
0.10437
0.097325
0.089858
0.073756
0.051199
0.030357
0.013178
-0.0027701
-0.016796
-0.028245
-0.038562
-0.046673
-0.046695
-0.038258
-0.029473
-0.026858
-0.025595
-0.021438
-0.018105
-0.017058
-0.014187
-0.0078997
0.00015316
0.0022829
-0.0039197
-0.019151
-0.036154
-0.044141
-0.04359
-0.038703
-0.039201
-0.043887
-0.04373
-0.034635
-0.023313
-0.015178
-0.007808
0.00076
0.0089985
0.014223
0.015723
0.015467
0.018989
0.028199
0.033092
0.02505
0.0089893
-0.0016687
-0.0023215
-0.00099955
-0.0062954
-0.019128
-0.025482
-0.018745
-0.0088699
0.0016749
0.013446
0.024066
0.037737
0.056216
0.070677
0.069479
0.057634
0.047698
0.041567
0.033155
0.019129
0.00095063
-0.016083
-0.023145
-0.018463
-0.0044676
0.0091167
0.011933
0.0037556
-0.0063414
-0.010074
-0.0058712
0.0047338
0.012441
0.0054396
-0.018465
-0.048197
-0.06922
-0.075266
-0.070442
-0.057892
-0.042239
-0.027805
-0.0135
0.00089139
0.012019
0.015383
0.016262
0.017337
0.019638
0.020934
0.01459
-0.00058866
-0.011893
-0.012007
-0.006319
-0.0021615
-0.0025246
-0.0063109
-0.01148
-0.015344
-0.017983
-0.015396
-0.0066363
0.0056945
0.014223
0.015436
0.012906
0.011397
0.0081915
-0.0026461
-0.019315
-0.03303
-0.042133
-0.052138
-0.062842
-0.070996
-0.072206
-0.064797
-0.053428
-0.047202
-0.052572
-0.063002
-0.06843
-0.064815
-0.052571
-0.039735
-0.032584
-0.0284
-0.022204
-0.012282
-0.001007
0.010554
0.027569
0.049735
0.06632
0.072466
0.071111
0.067813
0.064691
0.062901
0.059965
0.05188
0.040115
0.029884
0.022923
0.015477
0.010062
0.011179
0.017711
0.023092
0.022131
0.01662
0.01213
0.014819
0.023535
0.03247
0.038319
0.041161
0.043128
0.042293
0.039038
0.033611
0.027618
0.018415
0.0036064
-0.013105
-0.02552
-0.032724
-0.041678
-0.050262
-0.058109
-0.065889
-0.071327
-0.07198
-0.069535
-0.067017
-0.063581
-0.055329
-0.039413
-0.018887
0.00029955
0.014468
0.020529
0.016317
0.0073365
0.0031719
0.0087941
0.018491
0.025728
0.026593
0.019545
0.0093989
-0.0017191
-0.0095394
-0.010893
-0.011729
-0.012986
-0.0097006
-0.00091326
0.011986
0.024335
0.035263
0.049066
0.064786
0.073721
0.072835
0.068636
0.067508
0.07069
0.073113
0.071881
0.066182
0.05575
0.044969
0.033306
0.016356
-0.0049617
-0.021541
-0.028281
-0.028435
-0.025892
-0.024092
-0.023143
-0.022008
-0.020217
-0.021214
-0.02585
-0.032863
-0.035345
-0.031534
-0.029731
-0.034058
-0.040667
-0.041236
-0.03287
-0.015404
0.0014184
0.011891
0.018589
0.022796
0.024709
0.023621
0.021847
0.017321
0.0075598
-0.0057134
-0.015489
-0.019827
-0.019242
-0.017259
-0.017018
-0.017073
-0.019462
-0.023719
-0.028478
-0.031555
-0.031391
-0.024096
-0.012005
-0.00018503
0.01042
0.020117
0.027351
0.026558
0.020136
0.017972
0.017541
0.012023
-8.0997e-05
-0.012992
-0.021163
-0.024128
-0.016353
-0.0003156
0.01805
0.03553
0.04616
0.049174
0.04954
0.051834
0.055958
0.056658
0.051283
0.045722
0.041483
0.036094
0.028147
0.018913
0.0092173
6.6906e-05
-0.0043925
-0.0031563
0.0024619
0.0079321
0.0073813
0.0033809
-0.00049001
-0.0025759
-0.0025769
-0.0029594
-0.0058817
-0.014331
-0.025986
-0.034232
-0.034752
-0.031322
-0.023031
-0.009875
0.001297
0.0013654
-0.007835
-0.014983
-0.014373
-0.0073556
-0.00018094
0.00043004
-0.0042456
-0.0054839
-0.001508
0.0029484
0.0041102
-3.9153e-05
-0.0084807
-0.019034
-0.029116
-0.037205
-0.041252
-0.036653
-0.02483
-0.012404
-0.0017986
0.006649
0.017042
0.027599
0.032675
0.030209
0.022475
0.015262
0.011183
0.010356
0.0072365
4.655e-05
-0.0072893
-0.012151
-0.016031
-0.018236
-0.020345
-0.023167
-0.021865
-0.015871
-0.0086408
-0.0026442
0.0033779
0.011917
0.022312
0.032001
0.03592
0.032421
0.024849
0.013942
0.005782
-0.00015946
-0.0025422
-0.0036203
-0.0049932
-0.0059581
-0.0067415
-0.009927
-0.016551
-0.024339
-0.031125
-0.031484
-0.02698
-0.021
-0.012672
-0.0034806
0.0040766
0.010149
0.012713
0.013871
0.012954
0.0091124
0.0036615
-0.0024891
-0.0073861
-0.011534
-0.016797
-0.024451
-0.034268
-0.044036
-0.048808
-0.046433
-0.039879
-0.030138
-0.017389
-0.004578
0.0052793
0.0084719
0.0045081
0.0011126
0.0015889
0.0019643
-0.00045823
-0.0052767
-0.0080868
-0.0050911
-0.00044088
0.0035177
0.0050488
0.0065033
0.0067399
0.0052773
0.003987
0.0028578
0.0028639
0.0035157
0.0038493
0.0021449
-0.00053672
-0.0051971
-0.010078
-0.011993
-0.0091343
-0.0036457
0.0018399
0.0032047
0.00051798
-0.0031765
-0.0083734
-0.013569
-0.016407
-0.017464
-0.020028
-0.023763
-0.028861
-0.032379
-0.033419
-0.033233
-0.032246
-0.031255
-0.030428
-0.030451
-0.030541
-0.03217
-0.034231
-0.03551
-0.033863
-0.027236
-0.017181
-0.0067698
-0.0027459
-0.0013506
0.00014271
0.00096075
-0.0010762
-0.0064985
-0.0096146
-0.007342
0.00012539
0.004745
0.0040116
0.0021185
0.002399
0.0054059
0.0061965
0.0024928
-0.0062506
-0.018562
-0.030223
-0.037727
-0.039919
-0.038484
-0.034785
-0.030749
-0.025032
-0.015756
-0.0066025
0.0003672
0.005662
0.01227
0.020562
0.027226
0.032121
0.034146
0.034784
0.034666
0.033234
0.029087
0.025203
0.024564
0.025875
0.026532
0.025468
0.024261
0.024588
0.024776
0.023578
0.021538
0.020492
0.021816
0.026585
0.035011
0.040725
0.039533
0.033625
0.028735
0.026451
0.024637
0.02187
0.017849
0.014027
0.0098095
0.0032682
-0.0034311
-0.0072602
-0.0067818
-0.0040502
-0.0017175
-0.0018562
-0.0038003
-0.0062544
-0.0076314
-0.0054833
0.00059997
0.0069648
0.012089
0.015316
0.013258
0.0082908
0.0056765
0.0077288
0.0079287
0.00167
-0.0079731
-0.01705
-0.02135
-0.017299
-0.0097999
-0.0054312
-0.004911
-0.0048396
-0.0037747
-0.0029812
-0.0030791
-0.0047529
-0.0054669
-0.001546
0.004011
0.0073913
0.0096567
0.013322
0.017029
0.020219
0.023386
0.024592
0.023507
0.017763
0.0098903
0.0041243
0.0030777
0.0064815
0.012256
0.019763
0.027722
0.03465
0.03617
0.032732
0.028958
0.028346
0.028234
0.024991
0.020756
0.016086
0.011621
0.005993
0.00060229
-0.0028779
-0.0038021
-0.0021905
-0.0026036
-0.007164
-0.013059
-0.01649
-0.015646
-0.010942
-0.008595
-0.0093722
-0.0096833
-0.0059073
-0.002783
-0.0048414
-0.01003
-0.015826
-0.018366
-0.017781
-0.016161
-0.013739
-0.0074352
0.0034125
0.012899
0.017455
0.018202
0.014513
0.0078189
-0.0006552
-0.0065773
-0.0068731
-0.0038386
-0.0053533
-0.010385
-0.013243
-0.011154
-0.0069414
-0.0039273
-0.0040334
-0.0061866
-0.0055042
0.0002384
0.0081444
0.012605
0.016455
0.020354
0.021743
0.017404
0.010474
0.0079619
0.010461
0.012761
0.012859
0.011179
0.0069246
0.0018246
-0.0016893
-0.0033213
-0.0063313
-0.011754
-0.015933
-0.015798
-0.012222
-0.0053429
0.0019073
0.0085985
0.016717
0.025232
0.031729
0.033237
0.032434
0.029143
0.025199
0.020577
0.016981
0.015443
0.016816
0.019803
0.021595
0.021354
0.020174
0.017362
0.013763
0.01162
0.0092402
0.0055202
0.00061813
-0.0042595
-0.0046471
-0.0022756
-0.0014565
-0.00064664
-0.0023143
-0.0045491
-0.00913
-0.014573
-0.021361
-0.02899
-0.03347
-0.033032
-0.029915
-0.02708
-0.026635
-0.028355
-0.028148
-0.025564
-0.020569
-0.013067
-0.0057404
-0.0015666
-0.00041497
-0.00113
-0.0021255
-0.0030312
-0.0018011
0.00093453
0.0033132
0.0020708
-0.0027946
-0.0067705
-0.0077905
-0.0055037
-0.0018837
0.0021433
0.0028726
0.0003991
-0.0040185
-0.0065389
-0.0060493
-0.0053414
-0.0059667
-0.0083127
-0.010992
-0.012468
-0.012463
-0.0095499
-0.0039083
0.0013743
0.0040773
0.0035102
0.0041946
0.0065029
0.0092049
0.011028
0.0094691
0.0041916
-0.0017652
-0.0051006
-0.0051159
-0.0040561
-0.00074822
0.0050005
0.010694
0.015102
0.018015
0.018141
0.014662
0.0096497
0.0049638
0.0040234
0.0054779
0.0071487
0.0082656
0.010916
0.013196
0.013436
0.013388
0.013478
0.01322
0.012423
0.0098314
0.001807
-0.0082583
-0.014737
-0.017912
-0.020698
-0.02435
-0.025055
-0.020977
-0.016267
-0.013511
-0.014286
-0.015077
-0.014326
-0.013127
-0.011749
-0.010577
-0.010891
-0.011568
-0.012789
-0.014659
-0.016807
-0.017191
-0.014882
-0.012072
-0.01104
-0.011643
-0.011079
-0.0092628
-0.0067159
-0.0053634
-0.0048738
-0.0044219
-0.0030143
-0.0019749
-0.0010548
-0.0020453
-0.0044473
-0.004275
-0.0023125
-0.00034795
0.0017063
0.0052957
0.0093135
0.01244
0.01183
0.0099449
0.0091055
0.0097879
0.010063
0.0063025
-0.0013352
-0.0065321
-0.0069432
-0.0056722
-0.0033619
-0.001173
-0.0001887
-0.0019523
-0.0056712
-0.011839
-0.018807
-0.023178
-0.02297
-0.0213
-0.021405
-0.024165
-0.027625
-0.03025
-0.032121
-0.032992
-0.031198
-0.028252
-0.024083
-0.020625
-0.0197
-0.020274
-0.023212
-0.024512
-0.020352
-0.011407
-0.0019633
0.0052695
0.0085335
0.0087028
0.0088742
0.009833
0.011382
0.013523
0.014777
0.015643
0.015379
0.014536
0.012886
0.013358
0.014699
0.01202
0.0060519
-0.0040603
-0.013047
-0.019003
-0.023223
-0.0246
-0.022122
-0.017355
-0.011302
-0.006394
-0.004097
-0.0029505
-0.0029678
-0.0011736
0.0025626
0.0075066
0.010953
0.012188
0.013099
0.013734
0.014779
0.015652
0.014871
0.012359
0.010878
0.011343
0.014065
0.017057
0.018812
0.016891
0.011264
0.0059614
0.0032767
0.0040122
0.0067631
0.0094151
0.0096977
0.0077893
0.0049598
0.0031778
0.002215
0.0017193
0.0025863
0.0021497
-0.0025025
-0.010118
-0.017338
-0.021641
-0.021998
-0.019136
-0.017578
-0.017824
-0.01751
-0.016762
-0.016723
-0.017198
-0.016751
-0.014827
-0.012014
-0.010591
-0.010564
-0.010222
-0.0059928
6.7005e-05
0.0046489
0.0068449
0.0061401
0.0055852
0.006592
0.0077374
0.0051834
-0.0011488
-0.0073473
-0.0089997
-0.0065119
-0.0016914
0.0038003
0.0094501
0.014205
0.017596
0.019509
0.019408
0.019471
0.019423
0.01945
0.019463
0.01877
0.016554
0.015
0.013098
0.010709
0.0094247
0.0086372
0.0088065
0.0091564
0.0076346
0.0044165
0.0011515
-0.00014698
0.0014799
0.0018318
0.001686
-8.576e-05
-0.003516
-0.0066341
-0.0077204
-0.007749
-0.0066219
-0.0071645
-0.01053
-0.014494
-0.016406
-0.015966
-0.015134
-0.013213
-0.012769
-0.011923
-0.012029
-0.011891
-0.012115
-0.01114
-0.0099072
-0.0076285
-0.0029712
0.002854
0.010111
0.013258
0.01534
0.016392
0.017062
0.019358
0.021663
0.023272
0.022602
0.019077
0.012217
0.0049961
0.00065189
-0.002096
-0.0033618
-0.0055793
-0.009898
-0.01278
-0.015452
-0.017184
-0.01612
-0.013667
-0.0080038
-0.0024815
0.00058054
0.0016587
0.0017903
0.0026226
0.0026501
0.0018994
0.00030007
0.00041126
0.0030694
0.0078032
0.011956
0.014211
0.015547
0.016259
0.016833
0.017693
0.019304
0.020866
0.021126
0.019421
0.017942
0.017261
0.014833
0.012585
0.012258
0.012899
0.011524
0.0084051
0.0049922
0.00093461
-0.0010279
-0.0020999
-0.0023885
-0.0024212
-0.0016868
0.00098359
0.0034755
0.0044424
0.0046566
0.0054145
0.0055114
0.0047882
0.004319
0.0026727
0.0013631
-0.00085951
-0.00522
-0.0098049
-0.011302
-0.0088043
-0.0039603
0.0012386
0.0048515
0.0072301
0.0066171
0.0051014
0.0045027
0.0041997
0.0034347
0.0035306
0.0045139
0.0041457
0.0034103
0.0015375
0.00050123
-0.00017809
-0.00045859
0.0011877
0.0033348
0.0042569
0.0033654
0.0033685
0.0041396
0.0085021
0.013462
0.017739
0.01904
0.016753
0.013548
0.012127
0.014653
0.018719
0.022427
0.024817
0.026428
0.024696
0.021201
0.017745
0.016419
0.016706
0.016129
0.012067
0.0067406
0.0011041
-0.003545
-0.0060124
-0.0075618
-0.005428
-0.0023914
-0.00054726
0.00027384
0.0011857
0.002526
0.0039703
0.0067967
0.010833
0.014518
0.016903
0.016235
0.014345
0.011487
0.008391
0.0081544
0.0087633
0.0093202
0.0089051
0.0086562
0.008747
0.010029
0.011167
0.01109
0.011101
0.011248
0.011648
0.0094957
0.0057533
0.0032757
0.0028504
0.0035042
0.0042661
0.0036388
0.0030564
0.002017
-0.00051051
-0.0042702
-0.006861
-0.0069702
-0.0051281
-0.0027433
-0.00084303
0.00040035
0.00027897
-0.00032691
-0.0031034
-0.0061348
-0.0095722
-0.010123
-0.0084992
-0.0086348
-0.0097986
-0.012202
-0.013729
-0.014273
-0.015177
-0.017135
-0.019182
-0.020261
-0.018491
-0.016701
-0.01613
-0.015416
-0.015362
-0.015425
-0.015421
-0.017332
-0.020074
-0.022169
-0.022713
-0.021964
-0.021245
-0.019383
-0.016412
-0.013031
-0.010577
-0.0084084
-0.0064551
-0.0039357
-0.0018672
-0.0022966
-0.0033951
-0.0056707
-0.0081901
-0.009254
-0.0095019
-0.0072568
-0.0039704
-0.00026781
0.0021506
0.0032695
0.0024933
-0.00015562
-0.0033003
-0.0066846
-0.0093754
-0.013252
-0.017471
-0.019969
-0.02044
-0.019599
-0.01685
-0.012871
-0.010771
-0.0084911
-0.0065541
-0.0066092
-0.0067377
-0.0077547
-0.0086268
-0.0079413
-0.0074895
-0.0081637
-0.0093887
-0.011257
-0.013907
-0.016296
-0.018063
-0.017868
-0.016647
-0.015844
-0.014592
-0.012691
-0.010802
-0.0099457
-0.0093215
-0.010456
-0.011444
-0.012789
-0.01604
-0.020521
-0.024891
-0.026813
-0.027368
-0.025717
-0.020949
-0.014788
-0.0082658
-0.0035901
-0.0024722
-0.0030281
-0.0053752
-0.0073876
-0.0095388
-0.011323
-0.012373
-0.011912
-0.008885
-0.0050641
-0.00113
0.0010304
0.0026022
0.001726
-0.0024978
-0.0072204
-0.011511
-0.015132
-0.016398
-0.016364
-0.014411
-0.011766
-0.0090187
-0.0068033
-0.0045766
-0.0020195
0.0010578
0.0051878
0.0084936
0.01151
0.01404
0.016694
0.018651
0.018785
0.016683
0.012711
0.0078581
0.0039607
0.0018544
0.0020614
0.0025276
0.0030172
0.0022317
0.0023174
0.0014606
0.0002876
0.0016167
0.0040626
0.0071593
0.01049
0.01244
0.012699
0.010207
0.0067676
0.0035148
0.0010127
-0.00026023
-0.0006917
0.00067101
0.0029803
0.0044419
0.0033801
0.002153
0.003021
0.0050417
0.0069909
0.0088269
0.0093185
0.01026
0.01115
0.0105
0.0094429
0.0090441
0.0092552
0.0083688
0.0064318
0.0038308
0.0013787
0.0001496
-0.00067151
-0.00049812
0.00049943
0.0015633
0.0040959
0.0058768
0.0063848
0.0055035
0.005377
0.006755
0.0081259
0.0090582
0.0080596
0.0064765
0.0049638
0.0043661
0.003748
0.0049291
0.0072374
0.010115
0.012961
0.014833
0.016898
0.018133
0.017226
0.015404
0.013883
0.012193
0.010467
0.0082878
0.0072138
0.007276
0.0066905
0.0059795
0.0053777
0.0051992
0.0059438
0.0068822
0.0075798
0.0075696
0.00723
0.0072391
0.0078644
0.0083978
0.0074992
0.0054633
0.0036935
0.0028204
0.0034661
0.0049318
0.0061129
0.008107
0.0094962
0.010164
0.010935
0.013055
0.01528
0.017661
0.019855
0.02082
0.019443
0.017506
0.01559
0.011475
0.0060413
0.0019664
0.0013126
0.0021796
0.0042563
0.0060647
0.0088034
0.010529
0.011802
0.012364
0.01206
0.010531
0.0090206
0.0077506
0.0046457
-0.00041755
-0.0065019
-0.010262
-0.012147
-0.011489
-0.0094589
-0.0076301
-0.00676
-0.0054769
-0.0043284
-0.0048211
-0.0049649
-0.003285
-0.0013449
0.0013009
0.00263
0.0018252
0.0012866
0.00064294
0.0012029
0.00067555
0.00088361
0.0020505
0.002433
0.0020015
0.00012976
-0.0025151
-0.0044154
-0.0041931
-0.0033026
-0.0035801
-0.0043063
-0.0044267
-0.0036036
-0.0015544
-0.00016725
0.00049063
0.001171
0.0017054
0.00022843
-0.002902
-0.0057202
-0.0077174
-0.007849
-0.0081489
-0.009223
-0.0092761
-0.0089915
-0.0082969
-0.0081001
-0.0090599
-0.010339
-0.01184
-0.011596
-0.011042
-0.011215
-0.01114
-0.010637
-0.0093212
-0.0078942
-0.005535
-0.002934
0.00017288
0.0022822
0.0026749
0.0018997
0.0015661
0.0010265
-4.8591e-05
-0.001037
-0.0013818
-0.0018724
-0.0031321
-0.0050936
-0.0064553
-0.0072469
-0.0069226
-0.0050295
-0.0043175
-0.0036709
-0.0030793
-0.0011321
0.0024144
0.0053887
0.0086455
0.010232
0.0095594
0.0080294
0.0038147
0.00079243
-0.0011068
-0.0031316
-0.0044821
-0.0051349
-0.003403
0.0002578
0.0035871
0.0045244
0.004762
0.0056076
0.0073732
0.0080168
0.0065755
0.002522
-0.0027025
-0.0062501
-0.0089725
-0.010173
-0.0079086
-0.0030565
-3.0219e-05
0.00046445
-0.00042603
-0.0014124
-0.0010065
-0.00099425
-0.001285
-0.001998
-0.0040839
-0.0059026
-0.0061025
-0.0050295
-0.0036597
-0.002554
-0.0021644
-0.0029907
-0.0050929
-0.0062568
-0.0061221
-0.0062344
-0.0062028
-0.0080184
-0.0095607
-0.0098024
-0.010056
-0.0083286
-0.0064834
-0.0055696
-0.0044282
-0.0018731
0.00076558
0.0033921
0.0050006
0.0071038
0.0082329
0.0087153
0.0089968
0.0071955
0.0058613
0.0054706
0.0062335
0.0066211
0.0065456
0.0060468
0.0046983
0.0035457
0.0037904
0.0047461
0.0057314
0.0071502
0.0076989
0.0068595
0.0064269
0.0048357
0.0028314
0.00082297
-0.00031029
0.0020632
0.004652
0.0073825
0.008638
0.0083106
0.0075456
0.0075496
0.007518
0.0075903
0.0073598
0.0060766
0.0040274
0.0001636
-0.0020305
-0.0022426
-0.00231
-0.0021275
-0.0030802
-0.0042705
-0.0042094
-0.0041492
-0.0049571
-0.0064474
-0.0071032
-0.00724
-0.0095289
-0.013793
-0.017177
-0.018779
-0.018667
-0.017957
-0.014933
-0.011963
-0.0087019
-0.006411
-0.0053482
-0.0021822
0.00046467
0.0018508
0.00093685
0.0006808
0.00062874
0.00086841
0.0016446
0.0017772
0.0032531
0.0038273
0.0047289
0.0056316
0.0050695
0.0056682
0.0066199
0.0064709
0.0066728
0.0057497
0.0043604
0.003678
0.0055191
0.0083179
0.010343
0.0114
0.0097305
0.007005
0.0030107
0.0010135
-0.00013307
-0.001556
-0.0022099
-0.002774
-0.0021722
-0.0012338
-0.0014277
-0.0030964
-0.0062666
-0.0088891
-0.010454
-0.011242
-0.010765
-0.0093615
-0.0073848
-0.0053387
-0.0036598
-0.0024053
-0.0012201
-0.0013843
-0.00068771
0.0002996
0.00095134
0.00086154
-0.00057874
-0.0018283
-0.0026168
-0.0030534
-0.0022843
-0.0024221
-0.003436
-0.004811
-0.0059504
-0.0062401
-0.006234
-0.0056415
-0.0049826
-0.0037627
-0.0024061
-0.0006987
-0.00012245
0.0011729
0.0023244
0.0026875
0.0013421
-0.0020596
-0.0051227
-0.0067558
-0.0061673
-0.004466
-0.0026423
-0.0016203
-0.0018315
-0.0030443
-0.0033677
-0.0026751
-0.0021427
-0.00068011
-0.00098921
-0.0027773
-0.0048174
-0.0054294
-0.0046124
-0.0036353
-0.0032008
-0.0039057
-0.0049747
-0.0058265
-0.0071392
-0.0082236
-0.0082756
-0.0074464
-0.0060113
-0.0051515
-0.0042468
-0.0043397
-0.0042551
-0.0043602
-0.0041123
-0.0033127
-0.003835
-0.0052243
-0.0054141
-0.0060934
-0.0063526
-0.0062139
-0.0063037
-0.0062589
-0.0061661
-0.0050809
-0.0047525
-0.0048453
-0.0043425
-0.0043324
-0.0042029
-0.0026229
-0.00054933
0.0014264
0.0045791
0.0070271
0.0081378
0.0089354
0.010281
0.011359
0.011339
0.011318
0.010932
0.011082
0.010253
0.009188
0.0077283
0.0055128
0.0039144
0.0026496
0.00084615
0.0006166
0.0016804
0.003754
0.0064743
0.0078778
0.0087712
0.0086416
0.0078134
0.0070789
0.006013
0.0042962
0.0024887
0.0024683
0.002098
0.0023111
0.0031985
0.0034473
0.0036614
0.0038756
0.0031901
0.0024179
0.0011592
-0.0016479
-0.0057372
-0.0092297
-0.010861
-0.011832
-0.010558
-0.0084292
-0.0065872
-0.0045023
-0.0033161
-0.0040353
-0.0046116
-0.0054134
-0.0047637
-0.0042946
-0.004566
-0.0055677
-0.0062429
-0.0047936
-0.0037022
-0.0034932
-0.005059
-0.0054813
-0.0052243
-0.0037607
-0.0010006
0.0014412
0.0047123
0.0060607
0.0065778
0.0072968
0.0073651
0.0072671
0.0075006
0.0084237
0.0094579
0.010797
0.011546
0.012109
0.012323
0.012043
0.013064
0.014218
0.014051
0.012856
0.010555
0.0077192
0.0037044
0.00051175
-0.00061847
0.00017401
0.0023598
0.0058747
0.0093783
0.011835
0.011789
0.0097127
0.0074125
0.0060916
0.0047931
0.003618
0.0032252
0.0021909
0.0013126
-0.00023891
-0.00061127
-0.00055319
-0.00045329
0.0010369
0.0020201
0.0030594
0.003398
0.0033418
0.0033142
0.0039435
0.0044402
0.0042361
0.0044125
0.0041003
0.0033771
0.0027783
0.0015287
-0.00025839
-0.0012081
-0.0018365
-0.0019528
-0.0013143
-0.00053206
0.0011509
0.00366
0.0068638
0.0088262
0.010035
0.011758
0.012844
0.01312
0.013065
0.011149
0.0089634
0.0080739
0.0066683
0.0054045
0.0035653
0.0013835
0.00053172
0.00085703
0.00198
0.0036588
0.0041229
0.0049827
0.0051519
0.0043145
0.0032866
0.002409
0.0018573
0.00044547
-0.0008324
-0.0023229
-0.0028252
-0.0027164
-0.0028945
-0.0022863
-0.0010671
0.0020082
0.0038135
0.0037976
0.0029065
0.0015511
0.0012698
0.00088215
-0.00063429
-0.002283
-0.0023933
-0.0027279
-0.0033781
-0.0024083
-0.0015995
1.2755e-05
0.0013027
0.0016295
0.0010666
-0.00017485
-0.0016963
-0.0020127
-0.002726
-0.002932
-0.0022117
-0.0014478
-0.00030075
-0.00039485
-0.0016747
-0.0047787
-0.0072893
-0.0086898
-0.0088577
-0.0088612
-0.0087674
-0.00936
-0.0097539
-0.0096762
-0.010632
-0.010136
-0.0097427
-0.0096914
-0.0094401
-0.01072
-0.011747
-0.01289
-0.013439
-0.013323
-0.013225
-0.013028
-0.013484
-0.013769
-0.013336
-0.012429
-0.010858
-0.0089853
-0.0071672
-0.0060006
-0.0061165
-0.005731
-0.0050887
-0.0044286
-0.0035423
-0.0025104
-0.00095019
-0.00051929
0.00027688
0.00097975
0.00092512
0.00096782
0.00091639
0.00093998
0.0013357
0.002302
0.0023941
0.0025819
0.0026601
0.0021628
0.0010289
-0.00066923
-0.0019572
-0.0040371
-0.0056185
-0.0073907
-0.0077809
-0.0075585
-0.0069512
-0.0064559
-0.0067031
-0.0067093
-0.0067451
-0.0057277
-0.0051386
-0.004481
-0.0040839
-0.0039943
-0.0042773
-0.0042166
-0.003776
-0.0033755
-0.0029597
-0.0027681
-0.0034437
-0.0041908
-0.005226
-0.0060263
-0.0061508
-0.0064743
-0.006081
-0.0054117
-0.0048028
-0.0042316
-0.0032695
-0.0023148
-0.0016074
-0.0012108
-0.0012592
-0.0013608
-0.00073135
0.00053768
0.0017964
0.0035309
0.0053807
0.0068103
0.0081233
0.0091563
0.0095934
0.0093242
0.0086208
0.0077176
0.0063966
0.0058685
0.005069
0.0046624
0.0054696
0.0064584
0.0074011
0.007595
0.0074348
0.007296
0.0070817
0.0072562
0.0072527
0.0071135
0.0073504
0.0068618
0.0062388
0.0056606
0.0052754
0.0048108
0.0047581
0.0049648
0.0048351
0.0043944
0.0036552
0.0031073
0.0026592
0.0024604
0.0017378
0.0010582
0.00071672
0.00039208
0.00059326
0.0010608
0.0014192
0.0013706
0.001286
0.00073004
-1.5251e-07
-0.00037584
-0.00066329
-0.00030845
9.9706e-05
0.00063089
0.0009709
0.00099151
0.00103
0.00068937
0.00038029
0.00029333
0.00012281
6.8817e-06
3.9793e-05
6.6428e-05
-0.00014393
-0.00048803
-0.00081622
-0.0013136
-0.0015134
-0.0013959
-0.0013519
-0.0010649
-0.00050935
0.00024251
0.00080312
0.0009578
0.00078301
0.00071349
0.00098431
0.0010119
0.0012164
0.0011832
0.0010653
0.0010363
0.0011038
0.0011862
0.0012736
0.0015233
0.0016959
0.0017344
0.0016253
0.0014495
0.0013745
0.0012775
0.0011636
0.00099035
0.00085832
0.00081891
0.00066134
0.00059491
0.0005529
0.00056479
0.00062678
0.00060089
0.00054945
0.00045793
0.00024683
3.4212e-05
-0.00011787
-0.00014982
-8.14e-05
0.00011596
0.00022288
0.00024219
0.00024822
0.00013139
-1.7233e-05
-0.00015456
-0.00025878
-0.00028972
-0.00030334
-0.00039179
-0.0004383
-0.00049939
-0.00059522
-0.00067914
-0.00070066
-0.00069931
-0.0006336
-0.00053345
-0.00044152
-0.00030932
-0.00022367
-0.00021514
-0.00023892
-0.00034799
-0.00047339
-0.00055558
-0.00066372
-0.00072023
-0.00082232
-0.00089836
-0.00098195
-0.00099616
-0.00099218
-0.00096401
-0.00088559
-0.00083055
-0.00075169
-0.00070869
-0.00065265
-0.00063615
-0.00060836
-0.00055946
-0.00056667
-0.00056513
-0.00052681
-0.0005129
-0.00048935
-0.00046444
-0.00044973
-0.00040641
-0.00037523
-0.00032741
-0.00031651
-0.00032518
-0.00035322
-0.00037296
-0.00038574
-0.00040512
-0.00040501
-0.00039002
-0.00035254
-0.00031001
-0.0002723
-0.00026261
-0.00026859
-0.00027822
-0.00027435
-0.00026972
-0.00025592
-0.00024692
-0.00023412
-0.0002153
-0.0002015
-0.00019729
-0.00018307
-0.00016509
-0.00014307
-0.00011715
-9.768e-05
-8.4702e-05
-8.9556e-05
-9.3242e-05
-9.6746e-05
-9.7767e-05
-9.6145e-05
-9.4249e-05
-8.8324e-05
-8.2588e-05
-7.4102e-05
-6.4657e-05
-5.6583e-05
-5.1795e-05
-4.3069e-05
-3.6921e-05
-3.0902e-05
-2.7128e-05
-2.6376e-05
-2.9613e-05
-3.4294e-05
-3.7317e-05
-3.8231e-05
-3.7971e-05
-3.583e-05
-3.1517e-05
-2.8107e-05
-2.2171e-05
-1.8172e-05
-1.4694e-05
-1.1343e-05
-8.1359e-06
-5.7805e-06
-3.8729e-06
-2.2714e-06
-1.0225e-06
6.2763e-07
2.2949e-06
4.3332e-06
6.1744e-06
7.1889e-06
8.0374e-06
9.0276e-06
1.0038e-05
1.1029e-05
1.1799e-05
1.2716e-05
1.3823e-05
1.5078e-05
1.6235e-05
1.7248e-05
1.7914e-05
1.8246e-05
1.8411e-05
1.849e-05
1.8472e-05
1.8444e-05
1.8416e-05
1.8368e-05
1.8308e-05
1.8206e-05
1.81e-05
1.7984e-05
1.7868e-05
1.7726e-05
1.7558e-05
1.7379e-05
1.7192e-05
1.7004e-05
1.682e-05
1.6643e-05
1.6476e-05
1.632e-05
1.6179e-05
1.6055e-05
1.5953e-05
1.5876e-05
1.5827e-05
1.5809e-05
