3.038220E-03
7.611264E-03
7.347063E-03
4.091812E-03
6.880670E-03
1.133171E-02
8.023195E-03
-2.259484E-03
4.381251E-03
4.076376E-03
3.157030E-03
5.084067E-03
4.918450E-04
3.763381E-03
3.348191E-03
4.570114E-04
-7.366319E-03
-4.313847E-03
3.346527E-03
-2.659521E-03
-4.846141E-04
5.572963E-03
-2.543850E-03
-8.108081E-03
-7.690487E-03
-3.552415E-03
7.231492E-03
3.865472E-03
-1.506318E-02
1.975351E-02
2.770393E-02
-2.201410E-03
-6.395608E-05
-3.729679E-04
2.825291E-03
-6.834063E-03
-6.245992E-03
-2.642300E-03
-7.944748E-03
-1.337624E-02
-7.347545E-03
-2.790215E-03
-1.176066E-02
-2.225552E-02
-2.689714E-02
-1.373623E-02
-7.587336E-03
-1.187359E-02
-1.773426E-02
-1.134120E-02
-1.356566E-02
-7.595998E-03
8.792401E-03
-2.303665E-03
-1.381441E-02
-2.062604E-03
9.923236E-03
-1.299560E-03
7.378285E-03
5.836167E-03
-1.076835E-03
-6.865365E-03
4.474374E-03
-6.968181E-03
-3.690699E-02
-1.093119E-03
-3.394421E-02
-2.615706E-02
1.532008E-02
-1.329779E-02
-2.044834E-02
-1.224238E-02
3.146815E-02
2.411482E-02
1.215964E-02
2.141474E-02
-1.133745E-02
-1.235995E-03
1.203499E-02
-3.312434E-02
-3.105830E-02
-1.423351E-02
-3.992704E-02
-2.817396E-02
-2.226103E-02
-3.992460E-03
1.889095E-02
8.769567E-03
2.435803E-03
-1.130076E-02
-2.364364E-02
-3.241923E-02
-4.682794E-02
-6.274385E-02
-6.147751E-02
-6.144707E-02
-4.063378E-02
-5.183156E-03
4.941206E-03
1.490984E-02
-3.810725E-03
-2.788863E-03
3.460551E-02
4.027719E-02
4.788106E-02
2.766069E-02
-2.742399E-02
-3.021499E-02
-1.872058E-02
-3.885401E-02
-1.828914E-02
2.276784E-02
2.258754E-02
4.017086E-02
3.316635E-02
2.085916E-02
4.671761E-02
1.671197E-02
4.140474E-03
4.807725E-02
2.361926E-02
-2.252468E-02
-2.383934E-02
-3.747992E-03
-8.888106E-03
-1.030392E-02
3.679378E-02
3.904439E-02
9.307053E-03
6.221567E-03
4.451128E-03
4.490434E-03
-3.106188E-02
-8.809513E-02
-1.090405E-01
-1.233617E-01
-1.436702E-01
-1.489201E-01
-1.479263E-01
-1.596261E-01
-1.655087E-01
-1.466142E-01
-1.407795E-01
-1.019578E-01
9.403697E-02
2.009309E-01
2.756400E-01
4.256702E-01
5.847673E-01
4.707976E-01
1.587573E-01
1.729315E-01
2.566924E-01
2.588658E-01
2.986988E-01
3.012582E-01
1.869411E-01
1.442517E-01
1.448737E-01
1.319830E-01
1.300279E-01
8.650288E-02
-2.021600E-02
-2.116650E-01
-2.555954E-01
-1.165753E-01
-6.133671E-02
-1.684545E-01
-2.867695E-01
-3.501594E-01
-4.617207E-01
-5.907891E-01
-5.797735E-01
-3.595527E-01
-1.901358E-01
-1.700958E-01
-1.884596E-01
-1.383393E-01
-4.871533E-02
7.069996E-02
1.896187E-01
3.011854E-01
3.648450E-01
8.396100E-02
7.576598E-02
2.926862E-01
3.520298E-01
4.501397E-01
3.433939E-01
1.889328E-01
2.554282E-01
3.136159E-01
2.680607E-01
1.726632E-01
5.513702E-02
-2.895035E-02
-1.707869E-01
-2.897865E-01
-3.925660E-01
-1.297600E-01
1.605067E-01
-6.769867E-02
-1.298611E-01
-1.437312E-02
-1.630738E-02
-7.461382E-02
-1.581264E-01
-1.880817E-01
-1.911812E-01
-2.046785E-01
-1.737016E-01
-1.797589E-01
-2.011995E-01
-1.518062E-01
-1.593226E-01
-1.743430E-01
-5.429901E-02
7.514347E-03
1.773222E-03
6.012188E-02
7.633649E-02
1.979621E-01
2.929148E-01
4.246478E-01
3.284253E-01
-1.248788E-01
-1.396063E-02
8.891703E-02
-2.418102E-02
-5.137967E-02
-8.599463E-02
-7.745942E-02
2.085528E-02
1.146035E-01
1.075218E-01
1.240573E-01
8.353003E-02
-2.547488E-02
-1.537974E-01
-1.808472E-01
-1.252361E-01
-1.584577E-01
-1.659905E-01
-1.349019E-01
-1.899472E-01
-2.308807E-01
-2.288537E-01
-2.690862E-02
6.831389E-02
1.291211E-03
7.022951E-02
1.375848E-01
8.157841E-02
6.386998E-02
1.077706E-01
8.628940E-02
9.618853E-02
1.235389E-01
1.617635E-01
1.453326E-01
8.284264E-02
6.886187E-02
1.084472E-02
8.266682E-03
-9.560296E-03
-1.131365E-01
-7.509495E-02
-2.556298E-02
-8.465380E-02
-1.198133E-01
-1.274940E-01
-1.337191E-01
-2.965960E-02
-3.635206E-03
-1.365959E-02
4.564751E-02
8.867751E-02
1.103243E-01
1.224117E-01
1.081556E-01
8.156570E-02
1.622722E-03
-8.452181E-02
-8.564215E-02
3.610583E-03
5.462458E-02
-4.312124E-02
-7.328181E-02
-7.093596E-02
-4.924782E-02
-3.013206E-02
-3.916520E-02
1.267733E-02
2.942987E-02
9.887778E-03
4.158645E-02
1.115790E-01
1.068811E-01
1.090040E-01
7.637648E-02
-6.705153E-02
-9.467278E-02
-6.644186E-02
5.025980E-02
1.839210E-01
1.419822E-01
4.393619E-02
-6.168892E-04
9.061961E-02
1.352054E-01
5.580717E-02
6.890766E-02
1.160588E-01
1.173202E-01
1.042864E-01
7.304960E-02
7.145812E-02
6.616101E-02
-1.998944E-02
-8.788595E-02
-1.148345E-01
-1.657225E-01
-2.290239E-01
-2.575391E-01
-2.349728E-01
-1.572305E-01
-1.205809E-01
-9.542785E-02
1.032538E-01
1.539355E-01
1.704503E-01
2.877523E-01
3.313807E-01
2.317299E-01
7.162348E-02
1.643537E-02
-5.732692E-02
-7.644984E-02
-1.375458E-01
-1.872850E-01
-1.219498E-01
-9.407730E-02
-5.227967E-02
1.903982E-02
9.034912E-02
1.183992E-01
5.783677E-02
1.396563E-02
5.098559E-02
-1.723193E-02
-1.108046E-01
-1.272602E-01
-7.943229E-02
8.802221E-02
9.612620E-02
4.697757E-02
-2.307799E-02
-8.419529E-02
-9.481446E-02
-1.302553E-01
-1.441375E-01
-1.550473E-01
-1.452522E-01
-1.226652E-01
-7.850229E-02
-6.909581E-02
-8.344720E-02
-1.253702E-01
-1.510457E-01
-1.438301E-01
-6.900194E-02
-3.995236E-02
-3.926491E-02
9.811807E-04
7.185888E-02
9.586554E-02
1.132350E-01
1.339797E-01
2.073115E-01
1.029368E-01
-1.279352E-01
-6.001150E-02
-6.095414E-02
-9.993157E-02
-9.754190E-02
-1.123290E-01
-8.163950E-02
-2.543773E-02
3.098535E-02
-4.036596E-02
-1.495879E-01
-1.236322E-01
-1.167425E-01
-3.148810E-02
2.419537E-02
1.677143E-02
4.374391E-02
2.996533E-02
3.238229E-02
6.933337E-02
9.415052E-02
1.311780E-01
8.528875E-02
-2.006148E-02
5.239773E-02
1.234330E-01
1.392781E-01
1.466011E-01
1.747279E-01
1.952466E-01
1.725335E-01
1.683202E-01
1.376144E-01
9.135045E-02
5.571186E-02
9.575410E-03
-7.567570E-03
-2.656137E-03
-7.766229E-03
-3.668417E-02
-9.155095E-02
-1.387840E-01
-1.817474E-01
-5.819999E-02
2.138043E-03
-1.176621E-01
-1.471462E-01
-1.436427E-01
-1.592938E-01
-2.042189E-01
-1.637068E-01
1.830996E-02
5.033767E-02
-1.143385E-02
-1.620167E-02
-3.291985E-02
-1.077913E-02
1.330876E-02
3.925096E-02
5.338562E-02
1.173758E-01
1.840118E-01
2.758877E-01
1.297701E-01
-1.032740E-01
-1.835569E-02
2.770066E-02
-1.124778E-02
-4.004317E-02
-2.953187E-02
-3.997039E-02
-5.004991E-02
-6.375453E-02
-7.119435E-02
5.060897E-02
1.489268E-01
1.749459E-01
2.504880E-01
2.269841E-01
5.744157E-02
1.292654E-02
4.473591E-03
6.681642E-03
5.711934E-02
2.289904E-02
-4.447130E-02
-3.909221E-02
-5.478126E-02
-8.351411E-02
-1.082537E-01
-1.240540E-01
-1.468648E-01
-1.689280E-01
-2.398870E-01
-1.942346E-01
1.155653E-01
5.887086E-02
3.364650E-02
7.205582E-02
-1.311402E-01
-1.112063E-01
-1.396960E-02
2.995981E-02
5.871502E-03
1.901928E-02
7.019975E-02
1.318689E-01
4.123662E-02
-3.219336E-02
4.581195E-02
4.505078E-02
5.248051E-03
-3.682829E-02
-2.839019E-02
-7.512217E-03
-8.584674E-03
-6.330611E-02
-8.863731E-02
-9.086961E-02
-1.054725E-01
-3.350602E-02
2.117040E-02
1.034036E-02
3.524496E-02
6.145002E-02
5.740898E-02
5.807828E-02
4.164415E-02
6.727610E-03
2.272228E-02
6.021239E-02
5.941983E-02
6.286328E-02
9.347032E-02
1.148269E-01
8.809154E-02
3.061332E-02
3.531015E-02
4.808843E-02
1.908847E-02
1.070473E-02
2.014136E-02
1.938204E-02
-7.907520E-03
-3.536032E-02
-7.651074E-02
-1.052254E-01
-1.278496E-01
-7.126984E-02
3.773889E-02
1.120081E-02
1.719121E-03
2.907368E-02
4.201138E-03
-1.720650E-02
3.582205E-03
3.852439E-02
4.791656E-02
5.188637E-02
4.709231E-02
2.124439E-02
1.747739E-02
2.374066E-03
-1.024559E-02
1.250220E-02
1.792831E-02
3.049948E-02
5.102355E-02
4.031213E-02
-5.896338E-03
-2.594695E-02
-2.154922E-02
-1.859177E-02
-1.530082E-02
-2.121437E-02
-2.334888E-02
-1.055978E-02
-4.988257E-03
-1.183628E-02
-1.011838E-02
7.930697E-03
-1.412768E-02
-6.040701E-02
-6.480618E-02
-7.245616E-02
-7.733787E-02
-5.820271E-02
-4.314859E-02
-3.624023E-02
-1.310269E-02
1.470437E-02
1.742042E-02
1.900933E-02
3.321357E-02
4.301547E-02
4.485009E-02
3.657343E-02
3.250219E-02
2.931731E-02
2.341509E-02
1.762811E-02
1.446964E-02
9.135473E-03
1.209693E-02
1.171056E-03
-2.910221E-02
-4.101858E-02
-2.057038E-02
1.264820E-02
1.225774E-02
1.413674E-02
1.855041E-02
8.394373E-03
-1.337381E-03
1.707354E-03
-1.300920E-02
-3.346431E-02
-3.088072E-02
-2.667841E-02
2.252626E-02
6.363618E-02
6.695915E-02
7.376131E-02
7.719234E-02
6.867302E-02
5.066970E-02
3.932798E-02
2.552527E-03
-2.691160E-02
-3.681216E-02
-5.159956E-02
-5.904810E-02
-3.632099E-02
2.768936E-03
1.679844E-02
2.748437E-02
2.756227E-02
1.592543E-02
8.990769E-03
-1.094382E-02
-4.151705E-02
-5.570195E-02
-6.128625E-02
-6.139930E-02
-5.104105E-02
-4.621429E-02
-4.665995E-02
-4.568987E-02
-4.057862E-02
-2.949426E-02
-1.507557E-02
-6.554536E-03
-6.918751E-03
-6.163033E-03
2.163099E-03
2.033526E-02
2.933352E-02
3.169360E-02
1.687582E-02
-1.003306E-02
-1.774454E-02
2.296112E-03
1.909823E-02
2.324315E-02
3.085095E-02
3.126365E-02
1.988613E-02
-1.239937E-02
-3.392287E-02
-4.250872E-02
-4.823247E-02
-4.307794E-02
-1.730414E-02
1.304230E-02
2.022655E-02
3.099813E-02
4.651573E-02
4.953118E-02
3.858587E-02
1.410105E-02
2.044912E-03
1.440290E-03
-3.659134E-04
6.207161E-03
2.623299E-02
3.290905E-02
3.586922E-02
4.580617E-02
4.782178E-02
2.584493E-02
-3.974720E-03
-1.806599E-02
-3.546514E-02
-4.548257E-02
-3.515714E-02
-2.274583E-02
-1.567424E-02
-8.963749E-03
4.874644E-04
1.049762E-02
1.624925E-02
2.342887E-02
2.701909E-02
2.587445E-02
5.699660E-03
-3.872253E-03
2.650397E-03
-4.217531E-03
-1.140474E-02
-1.258008E-02
-1.369015E-02
-2.357939E-02
-3.211714E-02
-2.839961E-02
1.049452E-03
2.897767E-02
3.974641E-02
4.655347E-02
4.811260E-02
4.486855E-02
2.289830E-02
9.041108E-03
4.579126E-03
-1.372937E-02
-2.482342E-02
-2.330314E-02
6.524157E-03
3.390447E-02
2.893037E-02
1.426318E-02
8.638557E-04
1.016233E-03
1.685738E-03
5.528913E-04
-4.429448E-03
-2.171300E-02
-2.646586E-02
-2.114623E-02
-1.551552E-02
-1.544484E-02
-2.764884E-02
-2.801474E-02
-1.631303E-02
9.129905E-04
9.758682E-03
1.133687E-02
1.710621E-02
2.080700E-02
-9.587771E-03
-3.342293E-02
-3.230991E-02
-3.252189E-02
-2.999721E-02
-2.859046E-02
-3.958998E-02
-2.718867E-02
1.541688E-02
2.568433E-02
2.066504E-02
-1.345418E-03
-5.081563E-03
4.336205E-03
-2.330671E-02
-4.094242E-02
-3.697453E-02
-2.841257E-02
-2.982872E-03
9.701917E-03
9.914142E-03
1.499482E-02
2.020402E-02
1.905758E-02
1.883221E-02
1.689425E-02
1.181672E-02
1.412910E-02
2.168834E-02
1.452694E-02
8.468164E-03
8.006120E-03
-4.493968E-03
-1.425434E-02
-2.342821E-02
-2.771221E-02
-2.746435E-02
-2.000052E-03
1.059389E-02
-6.021922E-03
-1.109440E-02
-3.915410E-04
1.595497E-02
1.182906E-02
-1.994702E-02
-2.395665E-02
-3.453652E-03
-2.298009E-03
4.610739E-04
-1.815437E-04
-5.701815E-04
1.057721E-03
-6.171370E-04
-1.579781E-02
-8.829192E-03
1.272237E-02
5.775138E-03
7.720264E-03
1.797023E-02
9.082961E-03
-1.193313E-02
-1.384768E-02
-9.583064E-03
-9.595309E-03
-4.313750E-03
-3.633408E-03
-8.292766E-03
3.976410E-04
1.147076E-02
8.050723E-03
7.751878E-03
1.463894E-02
1.574668E-02
7.395966E-03
-6.290363E-03
-1.073345E-02
-3.251710E-03
7.433853E-03
1.906496E-02
2.180371E-02
2.343985E-02
2.531366E-02
2.481494E-02
2.706819E-02
3.255791E-02
4.242854E-02
4.186763E-02
4.386693E-02
2.272038E-02
4.930675E-03
1.262873E-02
4.684071E-03
1.561980E-03
3.460336E-03
9.068440E-03
2.005399E-02
1.034783E-02
6.197613E-03
2.594295E-02
4.241816E-02
5.599966E-02
5.884666E-02
4.650691E-02
5.099513E-02
7.340475E-02
8.262986E-02
6.836030E-02
-5.528249E-03
-4.547629E-02
-6.858106E-02
-1.552471E-01
-2.009499E-01
-2.516019E-01
-2.868344E-01
-3.040803E-01
-1.419192E-01
-9.631189E-04
-8.679066E-02
-5.169823E-02
-1.542565E-02
-1.254784E-02
1.741402E-02
2.265722E-02
7.968616E-03
-3.469240E-03
2.293695E-02
5.285197E-02
1.088269E-01
1.698020E-01
1.811419E-01
1.553373E-01
1.108302E-01
9.553782E-02
1.015982E-01
9.092135E-02
5.955588E-02
2.542930E-02
-1.687841E-03
-2.070005E-02
-2.825049E-02
-3.742784E-02
-4.459575E-02
-6.369562E-02
-9.409097E-02
-1.335827E-01
-1.702235E-01
-1.797036E-01
-1.555911E-01
-1.361787E-01
-1.314085E-01
-8.741717E-02
-5.164909E-02
-4.034362E-02
-1.460516E-02
9.547226E-03
3.597320E-02
7.753804E-02
1.035499E-01
1.195220E-01
1.372372E-01
1.383153E-01
1.275929E-01
1.156088E-01
1.155200E-01
8.244039E-02
4.905983E-02
4.648228E-02
2.467876E-02
2.103125E-03
-6.552557E-03
-1.851608E-02
-4.019407E-02
-6.827763E-02
-8.328379E-02
-9.314809E-02
-1.033816E-01
-1.104265E-01
-7.566278E-02
-2.368544E-02
-9.674507E-03
1.527389E-02
4.027127E-02
6.133249E-02
9.033750E-02
1.148229E-01
1.289267E-01
1.517006E-01
1.743408E-01
1.790342E-01
1.039004E-01
4.488362E-02
4.348358E-02
-8.265686E-03
-5.356445E-02
-8.039303E-02
-1.276900E-01
-1.581548E-01
-1.124950E-01
-8.226369E-02
-8.809444E-02
-9.047556E-02
-1.158168E-01
-1.121615E-01
-5.652300E-02
-3.421187E-02
-2.867566E-02
-1.555266E-02
-1.264697E-02
-3.369335E-03
2.214162E-02
5.995890E-02
1.013911E-01
1.203445E-01
8.165573E-02
8.298871E-02
1.047502E-01
6.292401E-02
-3.446477E-03
-4.095604E-02
-6.216598E-02
-6.838395E-02
-7.510272E-02
-1.037117E-01
-1.100571E-01
-1.100234E-01
-9.166335E-02
-2.776334E-02
2.717293E-02
4.752613E-02
5.552816E-02
4.766514E-02
4.056305E-02
2.358738E-02
1.335495E-02
2.059821E-02
5.021519E-02
7.470260E-02
8.235800E-02
8.435751E-02
3.219913E-02
3.175681E-02
5.835267E-02
6.675073E-02
6.284965E-02
4.198700E-02
2.597959E-02
-1.959864E-02
-7.101225E-02
-1.080571E-01
-1.122396E-01
-1.061945E-01
-1.187705E-01
-1.220523E-01
-6.308544E-02
-2.240924E-02
-3.443642E-02
-1.884095E-02
1.395990E-02
5.885082E-02
9.035632E-02
9.781023E-02
8.325970E-02
3.961267E-02
5.356813E-02
1.019649E-01
9.594983E-02
2.052173E-02
-1.028442E-02
1.568775E-02
-2.985632E-02
-5.989129E-02
-8.199777E-02
-8.380420E-02
-9.654703E-02
-9.449067E-02
-1.522022E-01
-1.075986E-01
1.032937E-01
9.746247E-02
8.552863E-02
-1.483332E-03
-2.786646E-02
9.291501E-02
1.333480E-01
1.330198E-01
1.312453E-01
1.427767E-01
8.770617E-02
-5.761200E-03
-2.008063E-02
-1.552800E-02
-2.906505E-02
-1.550068E-02
-2.450583E-02
-7.134378E-02
-1.196159E-01
-8.103794E-02
-4.472031E-02
-1.037400E-01
-9.009189E-02
8.270337E-03
-8.889551E-03
-7.045614E-02
-5.415285E-02
-2.579518E-02
8.988508E-03
1.063105E-01
1.336870E-01
8.952780E-02
8.533328E-02
3.027037E-02
1.382366E-02
7.853225E-02
1.328695E-01
1.223021E-01
1.269827E-01
6.321424E-02
-2.225472E-02
-3.913378E-02
-8.381905E-02
-9.276145E-02
-4.840270E-02
-3.384324E-02
-5.718288E-02
-8.712496E-02
-1.118527E-01
-1.243947E-01
-1.277596E-01
-1.210194E-01
-8.514173E-02
-2.634573E-02
-8.791392E-03
-9.612327E-03
2.990470E-02
8.603549E-02
1.679305E-01
2.338360E-01
2.534324E-01
1.901958E-01
-4.554935E-02
-5.169046E-02
-2.531702E-02
-1.234651E-01
-9.277707E-02
2.640011E-02
-2.965294E-03
-7.793998E-02
-4.217631E-02
-3.259602E-02
-2.027600E-02
1.340284E-02
1.958046E-02
-5.992599E-02
-2.980078E-02
2.695155E-02
-1.871839E-02
-6.953217E-02
-5.163260E-02
-2.068825E-02
1.069369E-02
6.840389E-02
7.632790E-02
3.766244E-02
1.787689E-03
1.901823E-02
2.369565E-02
1.419102E-02
2.698412E-03
-1.057918E-02
-3.888645E-02
-7.086162E-02
-8.302025E-02
-8.325197E-02
-5.830702E-02
-4.952091E-02
-3.591425E-02
-4.852330E-03
1.100549E-02
1.972639E-02
2.603091E-02
2.714162E-02
2.383064E-02
1.402533E-02
9.309832E-03
5.378730E-03
8.211263E-03
1.837760E-02
3.268108E-02
2.702317E-02
-1.373394E-02
-2.132167E-02
-1.330847E-02
-1.150707E-02
-1.129890E-02
-3.240973E-02
-4.342765E-02
-4.351423E-02
-4.013380E-02
-1.654615E-02
7.715738E-03
2.482029E-02
3.537136E-02
3.480138E-02
3.027177E-02
2.385722E-02
1.442347E-02
4.976476E-03
2.469905E-04
-7.055944E-03
-1.177929E-02
-3.426222E-03
4.315874E-03
2.750479E-03
5.990315E-03
9.042481E-03
7.743335E-03
1.007540E-02
-1.227142E-02
-2.765878E-02
-2.168631E-02
-2.245501E-02
-2.474656E-02
-2.640570E-02
-1.495375E-02
-2.823500E-03
2.161664E-03
2.484415E-03
-1.352386E-03
8.503301E-03
2.443615E-02
3.336366E-02
3.698819E-02
3.299230E-02
2.041109E-02
1.462716E-02
1.452157E-02
9.255818E-03
1.494129E-03
-9.603975E-03
-1.866105E-02
-2.485396E-02
-2.528183E-02
-1.788017E-02
-9.817545E-03
-2.672913E-03
8.659843E-03
1.138789E-02
5.279668E-03
5.875921E-03
9.099696E-03
3.206716E-03
-9.634499E-03
-9.610451E-03
-1.298900E-03
1.278280E-02
2.672884E-02
3.361647E-02
1.343945E-02
-1.913160E-02
-2.249190E-02
-2.175586E-02
-1.663076E-02
-1.645674E-02
-1.883578E-02
-2.502910E-03
1.099639E-02
1.398461E-02
1.582735E-02
8.395250E-03
-2.241368E-04
1.544778E-02
2.549644E-02
1.407205E-02
3.826788E-03
-4.177533E-03
-1.156883E-02
-5.951056E-03
1.298792E-02
1.389840E-02
-4.554195E-04
-1.125941E-03
5.405756E-03
-9.849274E-04
-1.265718E-02
-1.903664E-02
-2.308132E-02
-2.635999E-02
-2.702236E-02
-1.631887E-02
-3.230627E-03
-6.585829E-04
8.762759E-03
2.946631E-02
2.888962E-02
8.592230E-03
5.992860E-03
1.397803E-02
1.397659E-02
1.339273E-02
1.383703E-02
1.335924E-02
7.216374E-03
3.607179E-03
3.754639E-03
-1.275424E-03
-7.396893E-03
-8.647867E-03
-4.169244E-04
3.818672E-03
-2.063117E-03
-6.589332E-03
-1.460905E-02
-1.350488E-02
1.187529E-02
7.988590E-03
-5.946135E-03
2.535673E-03
-1.086866E-03
-7.565411E-03
-7.127344E-03
-1.050511E-02
-1.182349E-02
-4.196488E-03
-5.536107E-04
-4.540342E-03
-7.166402E-03
-4.664929E-03
-4.258546E-03
-1.384307E-02
-2.146309E-02
-1.956140E-02
-2.031786E-02
-1.988296E-02
-1.437766E-02
-1.000558E-02
-1.714666E-03
1.118969E-02
2.173886E-02
2.629246E-02
2.719240E-02
9.945525E-03
-8.736512E-03
-8.346596E-03
-8.789138E-04
5.313757E-03
3.210758E-03
4.165706E-03
6.795482E-03
6.071486E-03
6.052298E-03
4.652016E-03
3.171824E-04
1.487276E-03
5.427676E-03
2.297423E-03
-1.480543E-03
6.962366E-04
5.170042E-03
4.874315E-03
4.400074E-03
1.123208E-02
1.608016E-02
1.760814E-02
1.829358E-02
1.552631E-02
1.688798E-02
2.430639E-02
2.512437E-02
1.578008E-02
4.733386E-03
-3.891612E-04
-3.194284E-03
-6.834804E-03
-5.542621E-03
-4.965473E-03
-3.645783E-03
-2.077230E-03
-4.238833E-03
-7.682594E-03
-9.316892E-03
-6.622327E-03
-3.045481E-03
-3.248772E-03
-6.828282E-03
-5.273129E-03
-2.554175E-03
-2.323019E-03
2.598078E-03
8.062816E-03
9.455695E-03
5.888296E-03
-3.372434E-04
-4.869602E-03
-8.150440E-03
-1.262878E-02
-1.368809E-02
-1.288185E-02
-1.377393E-02
-1.380311E-02
-7.419569E-03
5.424631E-03
6.355211E-03
2.442810E-03
2.184028E-03
-1.198016E-03
-7.171901E-03
-6.813648E-03
-5.955160E-04
5.055474E-03
5.642142E-03
6.780608E-03
1.337911E-02
2.001737E-02
2.074880E-02
1.879657E-02
1.449526E-02
8.054991E-03
9.935181E-04
-9.839941E-03
-1.615788E-02
-1.989932E-02
-2.094595E-02
-1.726388E-02
-1.305653E-02
-7.456908E-03
-4.078912E-04
2.754902E-03
1.876432E-03
2.412675E-03
3.944416E-03
6.905152E-03
9.593522E-03
9.937906E-03
1.057602E-02
1.100095E-02
6.948030E-03
1.164154E-03
2.513113E-03
3.690685E-03
-1.440481E-04
-3.045508E-03
-3.631593E-03
-3.807664E-03
-3.571682E-03
-4.305747E-03
-6.179177E-03
-9.369455E-03
-1.075130E-02
-6.778169E-03
-5.550908E-03
-5.078473E-03
-1.569526E-03
1.621155E-03
4.398709E-03
5.040354E-03
7.932093E-03
1.102270E-02
1.244966E-02
1.300348E-02
1.071045E-02
5.233967E-03
-2.273362E-03
-4.171740E-03
-6.045665E-03
-7.020999E-03
-6.730541E-03
-6.163692E-03
-8.503871E-03
-6.369339E-03
3.435563E-03
6.130018E-03
4.706704E-03
4.155459E-03
3.585826E-03
-1.184195E-03
-4.970966E-03
-6.626986E-03
-4.926216E-03
-5.479754E-04
-2.216324E-03
-3.104402E-03
-3.333589E-03
-6.744187E-03
-1.058015E-02
-1.219357E-02
-1.154568E-02
-9.392293E-03
-9.657356E-03
-8.474057E-03
5.597937E-03
1.515640E-02
4.016994E-03
-8.209762E-03
-8.525499E-04
7.830633E-03
1.626886E-03
-4.032212E-03
-7.051579E-03
-1.072582E-02
-1.114425E-02
-4.643026E-03
-4.827357E-04
6.324424E-03
1.714321E-02
8.862473E-03
-5.042579E-03
-2.628682E-03
1.289524E-02
2.068754E-02
1.477407E-02
4.827484E-03
-1.879612E-03
3.427843E-03
1.895056E-02
1.928138E-02
5.465781E-03
1.109633E-03
-3.358746E-03
-8.947116E-03
-4.533395E-03
6.700013E-03
8.757472E-03
4.738761E-03
-1.156782E-03
-6.055815E-03
2.740661E-03
9.579727E-03
6.612482E-03
8.064867E-03
1.031690E-02
8.021747E-03
7.168840E-03
7.978504E-03
8.817717E-03
5.923700E-03
-2.304947E-03
-1.133637E-02
-1.654179E-02
-1.943185E-02
-2.179153E-02
-2.226936E-02
-1.460556E-02
-8.888977E-03
-6.139604E-03
-4.060400E-03
-8.535746E-03
-1.230222E-02
-9.587647E-03
-4.931022E-03
-3.027406E-03
1.736203E-04
-3.157421E-04
-3.636653E-03
-1.202754E-03
2.136876E-03
6.579977E-04
-2.309090E-03
-8.480025E-03
-1.374625E-02
-9.944703E-03
-3.590124E-03
-2.532433E-03
-9.525309E-04
5.601884E-03
6.868588E-03
4.876369E-03
9.748720E-03
1.525039E-02
5.499958E-03
-7.129952E-03
-6.464191E-03
-9.466377E-03
-7.862270E-03
2.867752E-03
4.548306E-03
-1.295706E-03
-4.805985E-03
-4.015970E-03
-7.247841E-03
-9.679038E-03
-6.393160E-03
-4.396589E-03
2.335979E-04
4.607739E-03
6.499175E-03
1.059990E-02
1.455271E-02
1.075248E-02
5.082553E-03
3.242706E-03
3.381636E-03
-2.483584E-04
-6.148896E-03
-6.650597E-03
-1.931962E-03
3.138551E-03
3.857720E-03
7.330867E-03
1.271445E-02
1.512165E-02
1.274402E-02
1.151284E-02
1.305807E-02
1.319263E-02
8.120063E-03
1.503198E-03
4.371292E-03
5.490066E-03
3.704879E-03
9.372812E-03
1.652279E-02
1.398580E-02
8.782517E-03
3.430295E-03
1.044213E-03
-9.748644E-05
-3.454644E-03
-1.182439E-03
-2.374172E-03
-8.076363E-03
-1.062269E-02
-9.024772E-03
-4.345452E-03
1.992122E-04
-2.902059E-03
-1.912126E-03
-6.247444E-06
-2.484344E-03
-1.218035E-03
3.675202E-04
-1.725058E-03
-8.970848E-06
3.972523E-03
5.783856E-04
-9.054085E-03
-1.240132E-02
-7.910902E-03
-5.581868E-03
-4.416665E-03
-2.718013E-03
9.828886E-04
6.526921E-03
8.464222E-03
9.154056E-03
1.675132E-02
1.627120E-02
1.107050E-02
8.791082E-03
2.978375E-03
1.094700E-03
2.661679E-03
-1.216108E-03
-2.921301E-03
-1.014679E-03
-1.852882E-03
-5.108489E-03
-4.704341E-03
-3.781017E-03
-9.324496E-03
-1.036060E-02
-2.550240E-03
-1.560626E-03
-5.825033E-03
-3.392121E-03
-3.369469E-03
-5.040017E-03
-3.047746E-03
-6.301311E-05
1.620201E-03
4.818117E-03
6.812435E-03
4.701256E-03
1.876080E-03
-3.845891E-03
-5.826499E-03
-4.925602E-03
-6.921500E-03
-8.427791E-03
-6.114176E-03
-4.316674E-03
-4.807026E-03
-6.436709E-03
-5.695903E-03
-3.352670E-03
-1.943746E-03
-1.461189E-05
5.405266E-05
-4.339771E-03
-3.522404E-03
2.433736E-03
1.239688E-03
-1.129385E-03
-7.421641E-04
-2.421633E-03
-4.482526E-03
3.751653E-04
2.822276E-03
-1.154834E-03
-9.218922E-04
4.001800E-03
3.029045E-03
-1.155547E-03
-2.259748E-03
-2.127385E-03
-2.906878E-03
-5.548225E-03
-7.962330E-03
-7.152641E-03
-4.595969E-03
-2.467694E-03
1.397387E-03
5.245144E-03
6.293183E-03
2.981233E-03
-2.473530E-03
-3.785969E-03
-3.336700E-03
-5.487739E-03
-4.811588E-03
-4.296432E-03
-2.716945E-03
8.362931E-04
-1.030248E-03
-4.869646E-03
-5.447701E-03
-2.820916E-03
-3.341384E-03
-2.431402E-03
1.744493E-03
7.429981E-04
7.977516E-04
2.586501E-03
3.533296E-03
4.166414E-03
1.874982E-03
5.380988E-04
1.336663E-04
-1.841791E-03
-5.219972E-03
-6.805724E-03
-6.190264E-03
-4.709062E-03
-3.128705E-03
6.970644E-04
3.434407E-03
4.447400E-03
5.778412E-03
4.756062E-03
4.127197E-03
2.526033E-03
4.024159E-05
-1.412834E-03
3.684069E-04
3.011560E-03
2.721749E-03
2.618028E-03
1.780739E-03
7.789066E-04
1.621033E-03
2.825219E-03
3.429014E-03
2.208160E-03
3.338038E-04
-3.713559E-04
-6.581881E-04
-5.959241E-04
2.393134E-04
1.273947E-03
1.656502E-03
2.135553E-03
2.476948E-03
2.645526E-03
2.459532E-03
2.560049E-03
3.389711E-03
3.090073E-03
2.500160E-03
2.330366E-03
1.673688E-03
4.889141E-04
2.465904E-04
-2.787908E-04
-1.065083E-03
-1.796777E-03
-1.810116E-03
-1.321389E-03
-1.275012E-03
-2.799245E-04
-5.977124E-05
-4.917843E-04
6.548190E-05
4.501443E-04
9.269490E-05
-2.138603E-05
-1.244807E-05
2.379808E-04
1.861121E-04
4.701280E-04
1.202933E-03
1.402138E-03
1.247767E-03
1.157845E-03
1.190126E-03
9.914651E-04
5.792655E-04
4.751928E-04
4.988501E-04
1.165225E-04
-2.845534E-04
-6.283326E-04
-6.490562E-04
-5.563742E-04
-4.217838E-04
-2.941766E-04
-2.551564E-04
-3.245310E-04
-2.895328E-04
-1.673359E-04
-2.434535E-04
-4.289143E-04
-5.625535E-04
-6.845455E-04
-7.689921E-04
-6.826586E-04
-5.901567E-04
-4.825635E-04
-3.940643E-04
-3.020912E-04
-1.864262E-04
-1.541486E-04
-9.818439E-05
4.347323E-06
9.759453E-05
1.301817E-04
1.542443E-04
2.050432E-04
2.218878E-04
2.209774E-04
2.095610E-04
2.273281E-04
2.574686E-04
2.573704E-04
2.694431E-04
2.812782E-04
2.810272E-04
2.875297E-04
2.888987E-04
2.785733E-04
2.850670E-04
2.939082E-04
2.962887E-04
2.955567E-04
2.925764E-04
2.893290E-04
2.842289E-04
2.764256E-04
2.673401E-04
2.578902E-04
2.462369E-04
2.328438E-04
2.203260E-04
2.077622E-04
1.933853E-04
1.775119E-04
1.604581E-04
1.421272E-04
1.225133E-04
1.017091E-04
7.976979E-05
5.675819E-05
3.273942E-05
7.759292E-06
