0.00085897
0.00085784
0.0008567
0.00085563
0.00085459
0.0008536
0.00085264
0.00085175
0.00085089
0.00085008
0.00084931
0.00084857
0.00084785
0.00084718
0.00084656
0.00084606
0.00084569
0.0008454
0.00084513
0.0008448
0.00084427
0.00084348
0.00084248
0.00084138
0.00084021
0.00083907
0.00083797
0.00083659
0.00083464
0.00083266
0.00083158
0.00083151
0.00083217
0.00083292
0.00083296
0.00083184
0.00083011
0.00083045
0.00083398
0.00083646
0.00083425
0.00082953
0.00082741
0.00083087
0.00083901
0.00084912
0.00086105
0.0008772
0.00089587
0.00091448
0.00093432
0.00095395
0.00096896
0.00097589
0.00097639
0.00097325
0.00096532
0.00095217
0.00093183
0.0008973
0.00085583
0.00082579
0.00081389
0.00081213
0.00079951
0.00076961
0.00073778
0.00072674
0.00074024
0.00076256
0.00077841
0.00077895
0.00076523
0.00073672
0.00069048
0.00063293
0.00058172
0.00052699
0.00046888
0.00042791
0.00041717
0.00042655
0.00043022
0.00042464
0.00043232
0.00046248
0.00050506
0.00055414
0.00062508
0.00072182
0.00083438
0.00095465
0.0010695
0.0011491
0.0011741
0.0011586
0.0011229
0.001079
0.0010347
0.00099648
0.00096803
0.00095174
0.00094476
0.00094541
0.00097168
0.0010312
0.0011009
0.0011532
0.0012007
0.0012775
0.001355
0.0013696
0.0012867
0.0011321
0.00098588
0.00088999
0.00080844
0.00070337
0.00055664
0.00032625
-4.7461e-06
-0.00040565
-0.00082855
-0.0011793
-0.0013642
-0.001357
-0.001214
-0.00099319
-0.00072007
-0.00043404
-0.00017318
2.8306e-05
0.00017259
0.00025162
0.00035499
0.00056551
0.00084639
0.0011288
0.0013081
0.0012869
0.0010783
0.00082934
0.00064289
0.00052539
0.00046399
0.00045998
0.00050812
0.00064323
0.00087785
0.001097
0.0011662
0.0010687
0.00089716
0.00073168
0.00058783
0.00043328
0.00024863
-3.5043e-05
-0.00042978
-0.00084131
-0.0011535
-0.0013586
-0.0014576
-0.001419
-0.0012587
-0.00097887
-0.00063165
-0.00028315
7.3307e-05
0.00042184
0.00070575
0.000924
0.0010936
0.0012285
0.0013209
0.0013248
0.0012337
0.0010109
0.00060873
0.00010066
-0.00044534
-0.00095646
-0.0013709
-0.0016359
-0.0017767
-0.0018366
-0.0018823
-0.0019039
-0.0018001
-0.0015291
-0.0010914
-0.00051541
0.00012328
0.00077855
0.0014427
0.002111
0.0027042
0.0030922
0.0032949
0.0034153
0.0035213
0.0036353
0.0037316
0.0037003
0.0034292
0.0028773
0.0021004
0.0012295
0.00040825
-0.00031627
-0.00095835
-0.0017212
-0.0025268
-0.00294
-0.0026649
-0.0017829
-0.00073788
2.5526e-05
0.00045782
0.00076932
0.0010451
0.0014262
0.0020253
0.0027555
0.0034628
0.0039198
0.0039898
0.0037183
0.0032545
0.002737
0.001926
0.00062315
-0.00082686
-0.0019745
-0.0027668
-0.0034528
-0.0041115
-0.0046603
-0.005179
-0.0058052
-0.0065194
-0.0069566
-0.0069675
-0.0067064
-0.0063452
-0.005972
-0.0056898
-0.005574
-0.0055269
-0.0053436
-0.0049452
-0.004381
-0.0038464
-0.0034884
-0.0031462
-0.002613
-0.0018791
-0.0010955
-0.00036715
0.00033856
0.0010102
0.0015229
0.0018479
0.0020683
0.0022767
0.0025024
0.0024441
0.0018281
0.00088352
3.1648e-05
-0.00054103
-0.00092821
-0.001343
-0.0020026
-0.0029927
-0.0041509
-0.0051958
-0.0059265
-0.0062114
-0.0059309
-0.0048855
-0.0031922
-0.001228
0.00052181
0.0017603
0.0024615
0.0026831
0.0024686
0.0018607
0.00089724
-0.00039084
-0.0018726
-0.0033821
-0.004746
-0.005809
-0.0064767
-0.0068478
-0.0070718
-0.0070696
-0.0067138
-0.0059876
-0.004836
-0.0032974
-0.0016236
-0.00011739
0.0011824
0.0023983
0.0035807
0.0046407
0.0053908
0.0057273
0.0056402
0.0051104
0.004352
0.0037922
0.0034742
0.002988
0.002088
0.0010144
0.00016387
-0.00038215
-0.00073147
-0.00088894
-0.00078839
-0.00050722
-0.00020685
-1.573e-06
6.7686e-05
-4.1595e-05
-0.00047753
-0.0013362
-0.0024643
-0.0035466
-0.0043671
-0.0050662
-0.0058124
-0.0064274
-0.006787
-0.0070216
-0.0072154
-0.0073376
-0.0071813
-0.0063868
-0.0048289
-0.0027882
-0.00059098
0.0016455
0.0038594
0.006024
0.0080767
0.0097507
0.010681
0.01066
0.0097222
0.0080692
0.0059794
0.0037717
0.0016
-0.00053362
-0.0025094
-0.0041087
-0.0052162
-0.0057277
-0.0057018
-0.0052743
-0.0045464
-0.0035295
-0.0022073
-0.00072933
0.00057217
0.0014498
0.0018885
0.0020019
0.0019713
0.0019611
0.0019732
0.0018781
0.0017001
0.0014004
0.00087526
8.6154e-05
-0.00072435
-0.0013787
-0.00217
-0.0032875
-0.0047211
-0.0064528
-0.0084906
-0.010543
-0.012201
-0.013275
-0.013701
-0.013378
-0.012193
-0.010322
-0.0081718
-0.0061156
-0.0041386
-0.0020484
6.2778e-05
0.0019805
0.0035146
0.0044705
0.0047641
0.0045572
0.0040979
0.0036185
0.0034366
0.0036161
0.0038843
0.0037891
0.003081
0.0019799
0.0010279
0.00056973
0.0005956
0.00073638
0.0004832
-0.00041198
-0.0018139
-0.0033343
-0.0046275
-0.0054159
-0.0055489
-0.0049222
-0.0035811
-0.0018676
-0.00016627
0.0012889
0.0023806
0.0031263
0.0034717
0.0032659
0.002446
0.0011568
-0.00029622
-0.001596
-0.0026765
-0.0034938
-0.003929
-0.0037614
-0.0029662
-0.0017977
-0.00064221
0.00041112
0.0016844
0.0034342
0.0054215
0.0072439
0.0087228
0.0098798
0.010812
0.01172
0.012744
0.013754
0.014521
0.014834
0.014494
0.013332
0.011505
0.0093718
0.0071096
0.0049007
0.0029857
0.001245
-0.00033201
-0.0017455
-0.0029752
-0.0040456
-0.0049939
-0.0058261
-0.0066346
-0.0075749
-0.0087123
-0.0099824
-0.011253
-0.012374
-0.01319
-0.01354
-0.013463
-0.013114
-0.012771
-0.01269
-0.012917
-0.013299
-0.013578
-0.013614
-0.013404
-0.012889
-0.011956
-0.010551
-0.008753
-0.0067674
-0.0045103
-0.0019282
0.00072151
0.0032013
0.0052342
0.0066306
0.0073878
0.0076566
0.0075939
0.007337
0.0069428
0.0061828
0.0049878
0.0035966
0.0022232
0.00096087
-4.5766e-05
-0.00083251
-0.0020068
-0.0038505
-0.0057572
-0.0069114
-0.0070815
-0.0066249
-0.0060913
-0.0056876
-0.0054407
-0.005549
-0.005879
-0.0060968
-0.0060735
-0.0059873
-0.0061165
-0.0065136
-0.0070852
-0.0077063
-0.0082996
-0.0087248
-0.0086955
-0.0079591
-0.006566
-0.0048261
-0.0028343
-0.00045314
0.0023873
0.0051384
0.0068812
0.0071511
0.0061565
0.0044932
0.0028626
0.001658
0.00089298
0.00048173
0.00034899
0.00052496
0.0010837
0.0018782
0.0025724
0.0028571
0.0024872
0.0014537
-3.2327e-05
-0.0015399
-0.0026616
-0.0031007
-0.0027621
-0.0017854
-0.00041952
0.00091987
0.0019245
0.0026193
0.003066
0.0032039
0.0030052
0.0024672
0.0016211
0.0004598
-0.00087994
-0.002033
-0.0027124
-0.0026306
-0.0015839
0.00058126
0.0038086
0.0073617
0.010062
0.011029
0.010043
0.0073032
0.0034108
-0.00072682
-0.0043662
-0.0071633
-0.0089768
-0.009773
-0.0095966
-0.0087838
-0.0079084
-0.0072995
-0.0069175
-0.0065171
-0.0059228
-0.0053291
-0.0050539
-0.005221
-0.0055682
-0.0055933
-0.0049499
-0.003523
-0.0015919
0.00040237
0.0020626
0.003181
0.0037693
0.0039007
0.0037412
0.003496
0.003106
0.0023848
0.001428
0.00057135
3.5533e-06
-0.00033584
-0.00057706
-0.00076463
-0.0008555
-0.00084012
-0.00083981
-0.0011131
-0.0016843
-0.0022483
-0.0024192
-0.0020129
-0.0013279
-0.0010997
-0.0020071
-0.0041502
-0.0070994
-0.01028
-0.01292
-0.014253
-0.014056
-0.012794
-0.011377
-0.010644
-0.011075
-0.012515
-0.014428
-0.016223
-0.017342
-0.017429
-0.016414
-0.014346
-0.011544
-0.0082094
-0.0043854
-0.00022513
0.0041368
0.0083563
0.012002
0.014778
0.016588
0.017256
0.016931
0.016111
0.015267
0.014727
0.014648
0.015
0.015575
0.016132
0.016393
0.01623
0.015767
0.015063
0.013915
0.011969
0.0089429
0.0048019
-9.365e-05
-0.0048479
-0.0085139
-0.010869
-0.012489
-0.014199
-0.016532
-0.019113
-0.020665
-0.020026
-0.017116
-0.012878
-0.008478
-0.0046627
-0.0014828
0.0013865
0.0040841
0.0062958
0.0075982
0.0076092
0.0063855
0.0047566
0.0039438
0.0049385
0.0079294
0.012138
0.016143
0.018783
0.019705
0.019181
0.017543
0.014982
0.011494
0.0071263
0.0023378
-0.0019687
-0.0048577
-0.005818
-0.0051687
-0.0038005
-0.0023083
-0.00087605
0.00030336
0.00091548
0.00061446
-0.0010279
-0.0045082
-0.010011
-0.0168
-0.023105
-0.027199
-0.028698
-0.028224
-0.026258
-0.022998
-0.018407
-0.012994
-0.0075736
-0.0026934
0.00098364
0.0029106
0.0031953
0.0024863
0.001566
0.0010251
0.00094106
0.0010053
0.00097381
0.00092402
0.0012874
0.0024352
0.0044054
0.0070136
0.0099999
0.013047
0.01577
0.017914
0.01922
0.01949
0.018658
0.016777
0.014003
0.010618
0.0069377
0.0033006
6.1968e-05
-0.0023712
-0.0037433
-0.0042741
-0.0046222
-0.0054817
-0.0071333
-0.0091414
-0.010821
-0.011877
-0.012323
-0.012243
-0.011794
-0.011192
-0.010508
-0.0096005
-0.008114
-0.0055494
-0.0019959
0.0015799
0.0041533
0.005209
0.0047843
0.0033934
0.0020748
0.0016842
0.002332
0.0033072
0.0036531
0.0030307
0.0017407
0.00037364
-0.00060153
-0.0012698
-0.0020597
-0.0033756
-0.0052998
-0.0074556
-0.0091386
-0.0098118
-0.0095286
-0.0089045
-0.0085637
-0.0084041
-0.0076269
-0.0056725
-0.0026078
0.00096391
0.0038216
0.0046739
0.0030055
-0.00060754
-0.0049264
-0.0086802
-0.010907
-0.011252
-0.0099378
-0.0078628
-0.0061116
-0.0053102
-0.0050726
-0.0044945
-0.0030243
-0.00075977
0.0016778
0.0036689
0.0052452
0.0070022
0.0092125
0.01143
0.012673
0.012016
0.009135
0.0045031
-0.00078654
-0.0055326
-0.0089843
-0.010872
-0.011189
-0.010279
-0.0090023
-0.0081516
-0.0079127
-0.0079773
-0.0078418
-0.0071713
-0.0060678
-0.0048293
-0.0035912
-0.0023904
-0.0009528
0.0010605
0.0037148
0.006573
0.0091928
0.011438
0.013274
0.014531
0.014862
0.013882
0.011615
0.0086515
0.0057795
0.0037604
0.0029713
0.0031226
0.0036232
0.0040092
0.0041299
0.0041678
0.0044601
0.0048588
0.0045858
0.0027449
-0.00090236
-0.0058678
-0.011243
-0.015828
-0.01881
-0.020096
-0.020195
-0.01978
-0.019305
-0.018743
-0.017666
-0.015783
-0.013318
-0.010829
-0.0087989
-0.0074605
-0.0066557
-0.0061107
-0.0056538
-0.0052801
-0.0052426
-0.0059546
-0.0076531
-0.010143
-0.012841
-0.01495
-0.015919
-0.015588
-0.01397
-0.01118
-0.0075708
-0.0034975
0.00067793
0.0048918
0.0098062
0.016033
0.023773
0.031928
0.038556
0.041843
0.040805
0.035775
0.028187
0.020109
0.013502
0.0089621
0.0057814
0.0029145
-0.00037
-0.0043851
-0.0089365
-0.013403
-0.017221
-0.019852
-0.020632
-0.019275
-0.016439
-0.013346
-0.011057
-0.0096823
-0.0084702
-0.006799
-0.0048583
-0.0036409
-0.0041433
-0.0063827
-0.009344
-0.011276
-0.01081
-0.0078432
-0.0034171
0.00065838
0.0029429
0.0034262
0.0032355
0.0034806
0.004443
0.0057385
0.0068608
0.0077557
0.0086657
0.0095147
0.0096212
0.0082542
0.0053958
0.0018539
-0.0010926
-0.0024223
-0.0021874
-0.001493
-0.0016389
-0.0033929
-0.0065094
-0.0094511
-0.010219
-0.0077493
-0.0025171
0.0039266
0.0095941
0.012969
0.013687
0.012437
0.010232
0.0078717
0.0055472
0.0027694
-0.0016013
-0.0084156
-0.017267
-0.026536
-0.033026
-0.034737
-0.032386
-0.027678
-0.021603
-0.014588
-0.0076178
-0.0020638
0.0015467
0.0040149
0.0068775
0.01137
0.017221
0.022619
0.025785
0.026389
0.025345
0.024049
0.023593
0.023887
0.024025
0.023087
0.020473
0.01638
0.012078
0.0093081
0.0089807
0.010634
0.012991
0.014664
0.014865
0.013671
0.011776
0.0097871
0.0077278
0.005171
0.0018679
-0.0015788
-0.0039775
-0.0051362
-0.0061793
-0.0085949
-0.013278
-0.019134
-0.023718
-0.025486
-0.024875
-0.02346
-0.022407
-0.021858
-0.021135
-0.019436
-0.01647
-0.012518
-0.0079333
-0.0028337
0.0021886
0.0062589
0.0088547
0.0099874
0.0098966
0.0089992
0.0080357
0.0075241
0.0076171
0.0083519
0.0096553
0.011402
0.01355
0.015818
0.017676
0.018635
0.018485
0.017548
0.016579
0.016186
0.015907
0.015007
0.013337
0.011036
0.0083096
0.0054656
0.0029532
0.0010241
-0.00058261
-0.0025182
-0.0054233
-0.0094165
-0.013754
-0.017513
-0.020044
-0.021137
-0.021183
-0.0209
-0.020615
-0.020103
-0.018711
-0.015664
-0.010653
-0.0038581
0.0042422
0.012656
0.020839
0.028854
0.035632
0.039603
0.040324
0.038501
0.035264
0.031448
0.027244
0.022618
0.017815
0.013151
0.008887
0.005003
0.001055
-0.0026771
-0.0054057
-0.0069456
-0.0077005
-0.0081453
-0.008755
-0.010029
-0.012363
-0.015701
-0.018965
-0.020593
-0.019986
-0.018066
-0.016466
-0.016004
-0.016177
-0.016115
-0.015317
-0.014066
-0.013041
-0.012432
-0.01179
-0.01055
-0.0081064
-0.0040395
0.0015782
0.0085893
0.016318
0.02348
0.028435
0.03035
0.029667
0.027578
0.025413
0.024127
0.024007
0.02465
0.025296
0.025195
0.023586
0.019764
0.013687
0.0061688
-0.0013221
-0.007812
-0.013296
-0.018042
-0.022488
-0.026576
-0.029569
-0.030329
-0.028377
-0.024459
-0.020138
-0.016799
-0.01504
-0.0148
-0.015472
-0.015898
-0.014837
-0.011728
-0.0068848
-0.001378
0.003522
0.0070049
0.0092471
0.010931
0.012402
0.013442
0.01334
0.011749
0.0091091
0.0063698
0.0044095
0.0039415
0.0053459
0.0083852
0.012312
0.016015
0.018542
0.019563
0.019222
0.017867
0.015685
0.012631
0.0088407
0.0052502
0.0031914
0.003119
0.0041667
0.0047585
0.003601
0.00037958
-0.0039408
-0.0079694
-0.011058
-0.013604
-0.016378
-0.019722
-0.023264
-0.02619
-0.02765
-0.027426
-0.026379
-0.026063
-0.028075
-0.033233
-0.040603
-0.047588
-0.051931
-0.052819
-0.050487
-0.045413
-0.037692
-0.026836
-0.0135
0.00035095
0.012825
0.022693
0.029532
0.033994
0.037127
0.039547
0.041032
0.041054
0.039464
0.036487
0.032426
0.027692
0.022816
0.018456
0.015151
0.012501
0.0094695
0.0057004
0.002203
0.00077227
0.0026218
0.0072334
0.012735
0.016945
0.018697
0.018386
0.017009
0.015412
0.013932
0.012713
0.012208
0.013126
0.015801
0.019841
0.024307
0.028199
0.030833
0.032056
0.032298
0.032186
0.032216
0.032571
0.03316
0.034088
0.035639
0.037841
0.040085
0.041596
0.042003
0.041352
0.039942
0.038277
0.036778
0.035569
0.034488
0.033202
0.031272
0.028311
0.02421
0.019292
0.013983
0.0088646
0.00418
-0.00011596
-0.0040394
-0.0074563
-0.010224
-0.012333
-0.013772
-0.01468
-0.015372
-0.016245
-0.017361
-0.018409
-0.019105
-0.019487
-0.019948
-0.020719
-0.021425
-0.021249
-0.019647
-0.016704
-0.013258
-0.010611
-0.009719
-0.01071
-0.012965
-0.015792
-0.01872
-0.021425
-0.023762
-0.025692
-0.026964
-0.027375
-0.026847
-0.025726
-0.024898
-0.025214
-0.026851
-0.029279
-0.032014
-0.034675
-0.036854
-0.038544
-0.039944
-0.041011
-0.041677
-0.042038
-0.042251
-0.042422
-0.042526
-0.042458
-0.042032
-0.041123
-0.039712
-0.038076
-0.036928
-0.03693
-0.038133
-0.039843
-0.041059
-0.040881
-0.038891
-0.035656
-0.03222
-0.029399
-0.027017
-0.024013
-0.01972
-0.014254
-0.0086283
-0.0042771
-0.0023818
-0.0032535
-0.0059849
-0.0090969
-0.011505
-0.013094
-0.014393
-0.015832
-0.017313
-0.018298
-0.018321
-0.017356
-0.015856
-0.014787
-0.015039
-0.017027
-0.020461
-0.024559
-0.028536
-0.031872
-0.034236
-0.035389
-0.035241
-0.033729
-0.030674
-0.026183
-0.020772
-0.015125
-0.010042
-0.0060339
-0.002975
-0.00026768
0.0024528
0.0051634
0.0075879
0.0093115
0.010142
0.010385
0.010477
0.010333
0.0095532
0.0078183
0.0050859
0.0018089
-0.0010487
-0.0023079
-0.0010592
0.0029183
0.0092076
0.017244
0.026822
0.03744
0.0479
0.056925
0.063639
0.067633
0.068881
0.067616
0.064113
0.058192
0.049813
0.039834
0.029314
0.019075
0.009443
0.00091363
-0.0062196
-0.011839
-0.015911
-0.01852
-0.019722
-0.019507
-0.01798
-0.015491
-0.012326
-0.0085397
-0.0040689
0.00129
0.0070812
0.011878
0.01454
0.01513
0.01476
0.014695
0.015602
0.017123
0.018314
0.018176
0.016248
0.012502
0.006884
-8.764e-05
-0.0072492
-0.01365
-0.018787
-0.022416
-0.02466
-0.025801
-0.026273
-0.026752
-0.027833
-0.029523
-0.031057
-0.031525
-0.03042
-0.027688
-0.023259
-0.016858
-0.0084671
0.0012299
0.011264
0.020892
0.029656
0.037433
0.044269
0.050065
0.05474
0.058677
0.062557
0.066797
0.071577
0.076556
0.080926
0.083892
0.085093
0.084645
0.082765
0.079194
0.073101
0.06413
0.052837
0.040685
0.029587
0.020923
0.015217
0.011825
0.0094234
0.0072051
0.0054392
0.0050386
0.0066475
0.010352
0.015399
0.020789
0.025955
0.03089
0.036072
0.041933
0.048318
0.054329
0.058474
0.059701
0.05815
0.055165
0.052714
0.052536
0.055109
0.059503
0.064054
0.06715
0.068156
0.067916
0.067762
0.067872
0.06717
0.064709
0.060352
0.054782
0.049291
0.044776
0.041249
0.038065
0.034586
0.030714
0.026804
0.023068
0.019281
0.01523
0.010806
0.0059629
0.00091374
-0.0038299
-0.0078926
-0.011259
-0.014133
-0.016989
-0.020347
-0.024594
-0.029657
-0.03519
-0.040956
-0.046611
-0.051947
-0.056905
-0.061242
-0.064847
-0.067834
-0.070176
-0.07171
-0.072566
-0.073176
-0.073861
-0.074669
-0.075466
-0.075849
-0.075203
-0.073119
-0.069382
-0.063334
-0.053758
-0.040765
-0.025654
-0.011008
0.0007346
0.008135
0.011157
0.010754
0.0083759
0.0051662
0.0015191
-0.00282
-0.0080747
-0.013821
-0.019153
-0.023152
-0.025433
-0.026425
-0.026871
-0.027457
-0.028633
-0.030464
-0.032563
-0.034196
-0.034817
-0.034365
-0.033137
-0.031223
-0.028186
-0.023134
-0.015763
-0.0069364
0.0019746
0.0098221
0.016422
0.022605
0.029013
0.035684
0.042656
0.049841
0.057106
0.064079
0.070215
0.074968
0.078023
0.079305
0.078974
0.077459
0.075642
0.074424
0.074139
0.074762
0.076301
0.078596
0.081295
0.084375
0.088231
0.093163
0.09884
0.1042
0.10802
0.10959
0.10903
0.10732
0.10553
0.10431
0.10377
0.10363
0.10377
0.10431
0.10538
0.10673
0.10795
0.1088
0.10929
0.10934
0.10878
0.10745
0.10541
0.10308
0.10089
0.098713
0.095841
0.091755
0.086635
0.081398
0.076793
0.072727
0.068762
0.064761
0.060947
0.057755
0.055579
0.054704
0.055221
0.057013
0.059588
0.062441
0.065372
0.068373
0.071903
0.07648
0.0822
0.088884
0.095999
0.10285
0.10924
0.11528
0.12095
0.12588
0.12944
0.13137
0.1322
0.13285
0.13383
0.13509
0.13602
0.13583
0.13387
0.12995
0.12446
0.11759
0.10983
0.10179
0.093567
0.084321
0.073039
0.058708
0.041271
0.022504
0.0050572
-0.01005
-0.022942
-0.034576
-0.045957
-0.057892
-0.070815
-0.08425
-0.097859
-0.11088
-0.1224
-0.13264
-0.14212
-0.15058
-0.15748
-0.16224
-0.16465
-0.16537
-0.16535
-0.1649
-0.1639
-0.16241
-0.16072
-0.15908
-0.15787
-0.15755
-0.15784
-0.15795
-0.15749
-0.15688
-0.1568
-0.15741
-0.15822
-0.15844
-0.15763
-0.1557
-0.15265
-0.14859
-0.14361
-0.13764
-0.13086
-0.12375
-0.117
-0.11122
-0.10669
-0.10311
-0.099728
-0.095746
-0.090904
-0.085989
-0.082078
-0.079773
-0.079123
-0.07952
-0.079504
-0.077638
-0.073478
-0.06769
-0.061165
-0.054191
-0.04686
-0.039835
-0.033775
-0.029225
-0.0263
-0.024398
-0.022532
-0.020144
-0.017259
-0.014018
-0.010703
-0.0079887
-0.0064494
-0.0061266
-0.0066021
-0.0074061
-0.0084428
-0.010202
-0.013372
-0.018411
-0.025059
-0.03255
-0.040867
-0.050768
-0.062167
-0.074185
-0.086042
-0.097109
-0.10712
-0.11598
-0.12324
-0.12847
-0.13156
-0.13282
-0.13279
-0.13186
-0.13017
-0.12776
-0.12513
-0.12298
-0.12123
-0.11925
-0.11666
-0.11349
-0.10975
-0.10567
-0.10172
-0.098538
-0.096524
-0.095734
-0.095825
-0.096164
-0.096118
-0.095401
-0.094086
-0.092265
-0.08965
-0.085976
-0.081118
-0.074985
-0.067959
-0.060613
-0.05302
-0.045029
-0.037048
-0.029697
-0.022914
-0.016086
-0.0089272
-0.0020889
0.003201
0.0061456
0.0065369
0.0042837
-0.00088009
-0.0091183
-0.020134
-0.032842
-0.045299
-0.056431
-0.066326
-0.07559
-0.084016
-0.090925
-0.095795
-0.098596
-0.099616
-0.099134
-0.097039
-0.09266
-0.084911
-0.072886
-0.056466
-0.034973
-0.009669
0.014207
0.032962
0.046606
0.057321
0.067135
0.076323
0.083878
0.089552
0.095247
0.10247
0.11069
0.11829
0.12391
0.12698
0.12765
0.1266
0.12437
0.12097
0.11637
0.11047
0.10358
0.096635
0.091138
0.088332
0.088405
0.090582
0.093857
0.097597
0.10143
0.10505
0.10862
0.11284
0.11851
0.12603
0.13502
0.1444
0.15263
0.15857
0.16177
0.16241
0.16098
0.1583
0.15499
0.15119
0.14713
0.14322
0.13973
0.13671
0.134
0.13109
0.1274
0.12244
0.11626
0.10936
0.10189
0.094011
0.086114
0.078956
0.073233
0.068737
0.064452
0.05938
0.053106
0.046395
0.040262
0.035135
0.030503
0.025651
0.019772
0.012845
0.0058599
0.00019305
-0.0034419
-0.0056159
-0.0074166
-0.0096201
-0.012264
-0.015004
-0.017365
-0.018672
-0.018171
-0.015463
-0.010788
-0.0047909
0.0020135
0.0093564
0.016846
0.023181
0.0269
0.027026
0.021815
0.0092022
-0.010696
-0.034009
-0.056635
-0.076417
-0.094714
-0.11286
-0.13068
-0.14628
-0.15822
-0.16581
-0.16905
-0.16838
-0.16416
-0.15651
-0.14544
-0.13155
-0.11574
-0.098699
-0.081675
-0.067107
-0.056732
-0.050823
-0.047701
-0.044854
-0.040847
-0.035909
-0.031194
-0.027776
-0.026093
-0.026222
-0.028035
-0.031612
-0.037865
-0.047199
-0.058361
-0.069296
-0.078398
-0.084703
-0.088113
-0.089614
-0.090276
-0.090299
-0.089129
-0.086627
-0.083096
-0.078617
-0.073392
-0.068211
-0.06381
-0.060702
-0.058855
-0.057555
-0.056113
-0.054652
-0.054037
-0.054854
-0.056689
-0.058646
-0.060081
-0.06046
-0.059297
-0.056511
-0.052368
-0.047282
-0.042184
-0.038242
-0.036255
-0.036117
-0.037147
-0.038792
-0.040876
-0.043704
-0.047595
-0.052226
-0.056785
-0.060408
-0.062773
-0.064116
-0.064678
-0.064026
-0.0614
-0.055881
-0.046905
-0.034267
-0.017988
0.00081989
0.019742
0.036487
0.050315
0.061812
0.071774
0.080676
0.088504
0.095186
0.10061
0.10478
0.10804
0.11096
0.11384
0.11683
0.12026
0.12464
0.13043
0.13726
0.14456
0.15213
0.1598
0.16746
0.17513
0.18235
0.18829
0.19257
0.19478
0.19385
0.19008
0.18485
0.17888
0.17236
0.16562
0.15807
0.148
0.13262
0.1133
0.093502
0.076235
0.062403
0.052427
0.046649
0.045428
0.047937
0.052498
0.057897
0.063895
0.070579
0.077202
0.082652
0.085628
0.085767
0.084111
0.081823
0.079051
0.074979
0.068847
0.061638
0.054918
0.049095
0.042739
0.034348
0.023839
0.012241
-0.00048279
-0.014701
-0.028579
-0.039681
-0.047211
-0.051823
-0.054652
-0.056812
-0.059026
-0.061655
-0.064958
-0.068954
-0.073056
-0.076023
-0.076587
-0.074293
-0.069605
-0.063102
-0.055142
-0.046195
-0.037239
-0.029649
-0.024383
-0.021163
-0.018964
-0.017078
-0.015656
-0.015416
-0.016618
-0.018474
-0.019946
-0.020801
-0.021727
-0.023907
-0.028379
-0.035307
-0.044067
-0.053421
-0.061559
-0.067474
-0.071804
-0.076249
-0.082519
-0.090808
-0.099332
-0.10612
-0.11006
-0.11132
-0.11078
-0.10914
-0.10634
-0.10158
-0.094002
-0.083531
-0.070922
-0.057759
-0.045801
-0.035952
-0.027993
-0.021029
-0.014801
-0.0097025
-0.0061048
-0.0038414
-0.0022767
-0.00072553
0.00081568
0.0016153
0.0011621
-0.00015629
-0.0015032
-0.0020803
-0.0012077
0.001177
0.0044647
0.0080623
0.012068
0.016975
0.022751
0.02859
0.033304
0.036173
0.037408
0.037903
0.038751
0.040502
0.043078
0.046158
0.049148
0.05138
0.052442
0.052373
0.051445
0.049932
0.048252
0.047056
0.046942
0.048118
0.050099
0.05214
0.053674
0.054516
0.054603
0.053556
0.050786
0.045831
0.038438
0.028086
0.014335
-0.0015767
-0.017085
-0.029946
-0.038798
-0.043799
-0.045801
-0.045473
-0.043197
-0.039314
-0.033987
-0.027608
-0.021067
-0.014972
-0.0091133
-0.0030075
0.0033465
0.0093066
0.014413
0.01878
0.022594
0.025781
0.027785
0.027901
0.025844
0.021836
0.015727
0.0076569
-0.0019695
-0.012135
-0.02256
-0.032946
-0.042358
-0.049733
-0.05439
-0.056083
-0.055142
-0.052364
-0.048459
-0.043802
-0.038592
-0.033163
-0.027702
-0.021917
-0.014782
-0.0056274
0.0050289
0.015302
0.023603
0.029805
0.034479
0.038114
0.04073
0.041914
0.041417
0.03927
0.035662
0.030299
0.023311
0.01592
0.0093093
0.0038786
-0.00041598
-0.003638
-0.0059587
-0.0075996
-0.0087313
-0.0093349
-0.0093431
-0.0088455
-0.0079107
-0.0065272
-0.0044495
-0.0017043
0.0010876
0.0033045
0.0045992
0.0049361
0.0045096
0.0037167
0.0029384
0.0023322
0.0024348
0.0042135
0.0081501
0.014105
0.021659
0.029913
0.038247
0.046704
0.054769
0.061663
0.067229
0.071461
0.0739
0.074515
0.073716
0.07164
0.067861
0.062187
0.054833
0.046345
0.037624
0.02942
0.022413
0.017075
0.013496
0.011555
0.01135
0.012859
0.01551
0.018904
0.02301
0.028265
0.034896
0.042352
0.048907
0.052893
0.053936
0.052742
0.050143
0.046806
0.04294
0.03851
0.033725
0.02897
0.024316
0.019564
0.014009
0.0073159
-0.0002049
-0.0077572
-0.01476
-0.020888
-0.026018
-0.030232
-0.033398
-0.034969
-0.034424
-0.031781
-0.027449
-0.022023
-0.015985
-0.0097215
-0.0033232
0.0034207
0.010389
0.017182
0.023054
0.027448
0.03056
0.032816
0.034413
0.03523
0.034909
0.033338
0.030711
0.027224
0.022762
0.016995
0.0096257
0.0013378
-0.0069124
-0.014536
-0.021301
-0.027471
-0.033052
-0.037774
-0.041206
-0.043076
-0.043632
-0.043343
-0.042506
-0.041372
-0.040383
-0.040002
-0.040339
-0.041358
-0.043017
-0.045008
-0.047388
-0.050505
-0.054327
-0.058337
-0.061795
-0.064224
-0.065438
-0.065518
-0.06476
-0.063248
-0.060656
-0.056456
-0.050803
-0.043892
-0.035784
-0.026412
-0.016051
-0.0051417
0.0060287
0.017012
0.027151
0.035665
0.041917
0.045618
0.046904
0.046596
0.045444
0.043508
0.040366
0.035383
0.028818
0.021002
0.012367
0.0032468
-0.0060288
-0.015034
-0.023438
-0.03086
-0.036642
-0.040229
-0.041791
-0.042123
-0.041482
-0.039781
-0.037038
-0.033644
-0.030173
-0.026798
-0.02344
-0.020178
-0.017421
-0.015226
-0.013431
-0.012266
-0.012242
-0.013853
-0.016906
-0.020911
-0.026038
-0.032627
-0.040204
-0.048344
-0.056573
-0.06376
-0.068811
-0.071444
-0.07218
-0.071959
-0.071721
-0.072012
-0.072704
-0.073355
-0.073904
-0.074551
-0.075326
-0.075724
-0.075211
-0.073867
-0.072005
-0.069424
-0.065883
-0.061089
-0.05466
-0.046714
-0.038426
-0.030864
-0.025106
-0.021907
-0.021137
-0.021969
-0.023582
-0.025415
-0.027164
-0.028809
-0.030502
-0.03225
-0.034131
-0.036334
-0.038971
-0.041931
-0.044873
-0.04728
-0.048971
-0.05011
-0.050748
-0.050804
-0.050309
-0.049521
-0.048382
-0.04641
-0.043328
-0.03924
-0.033723
-0.026539
-0.018559
-0.01015
-0.00076132
0.009867
0.02134
0.032006
0.039919
0.044364
0.04576
0.044532
0.040726
0.033944
0.023704
0.010297
-0.0053429
-0.022451
-0.039983
-0.056175
-0.069271
-0.079298
-0.08672
-0.091582
-0.093641
-0.092787
-0.089611
-0.084827
-0.078639
-0.071765
-0.064747
-0.057008
-0.048181
-0.03838
-0.028847
-0.021128
-0.015255
-0.0098435
-0.0046114
-0.00082964
0.00062455
0.00058762
0.00080798
0.0021444
0.0043226
0.0069816
0.0097703
0.011998
0.013177
0.013331
0.01254
0.011198
0.0095918
0.007545
0.0052068
0.002925
0.0010287
-0.00092803
-0.0033054
-0.0061864
-0.0098509
-0.014794
-0.021355
-0.029221
-0.037349
-0.045004
-0.051962
-0.058381
-0.064511
-0.070557
-0.076265
-0.080879
-0.083472
-0.083907
-0.082555
-0.079815
-0.075842
-0.070212
-0.06226
-0.052247
-0.041581
-0.031649
-0.022992
-0.015737
-0.010118
-0.0065797
-0.0051844
-0.005404
-0.006661
-0.0085597
-0.011034
-0.014438
-0.018835
-0.023401
-0.026835
-0.028511
-0.028749
-0.028119
-0.027057
-0.025796
-0.024491
-0.023226
-0.021833
-0.019703
-0.016701
-0.013232
-0.0096943
-0.0064065
-0.0037717
-0.002
-0.00080588
0.00038433
0.0022088
0.005181
0.0093831
0.014616
0.020308
0.025888
0.031069
0.035551
0.039138
0.041804
0.043633
0.044896
0.045682
0.046322
0.047183
0.048239
0.049197
0.049882
0.050461
0.051077
0.051526
0.051327
0.050101
0.047828
0.044943
0.041926
0.038605
0.034466
0.029965
0.02581
0.022279
0.019343
0.016406
0.012572
0.0071536
0.00061948
-0.0058432
-0.011447
-0.015671
-0.017945
-0.018056
-0.016315
-0.013546
-0.010481
-0.0074925
-0.0045323
-0.0016045
0.0012117
0.0039855
0.0063007
0.0076128
0.0076702
0.0064141
0.0037721
-0.00053745
-0.0068385
-0.014719
-0.023212
-0.03099
-0.037329
-0.042322
-0.04604
-0.048564
-0.049956
-0.050234
-0.049447
-0.047791
-0.045434
-0.042499
-0.039064
-0.03511
-0.030641
-0.025807
-0.020926
-0.016258
-0.011552
-0.006374
-0.0011563
0.0031325
0.006109
0.0082562
0.010109
0.011721
0.013194
0.014571
0.015599
0.016168
0.016732
0.018095
0.020905
0.025301
0.031181
0.037734
0.043355
0.046872
0.048355
0.048472
0.047843
0.046562
0.044185
0.040458
0.035405
0.029081
0.022355
0.015746
0.0097712
0.0049077
0.0012581
-0.0011791
-0.0023785
-0.0024788
-0.0015707
0.00049257
0.0040656
0.0096062
0.01686
0.02458
0.031655
0.037904
0.043774
0.049512
0.054918
0.059579
0.063451
0.066975
0.070168
0.072492
0.073667
0.073997
0.073609
0.072787
0.071625
0.069841
0.067175
0.063595
0.059162
0.054207
0.048655
0.042102
0.034932
0.028963
0.025561
0.024455
0.024792
0.026076
0.028131
0.030833
0.033987
0.036696
0.038354
0.038915
0.038429
0.036861
0.034234
0.030384
0.025494
0.02028
0.015282
0.010388
0.0046438
-0.0025391
-0.010472
-0.018053
-0.024607
-0.029753
-0.033651
-0.036153
-0.036586
-0.034844
-0.030983
-0.024963
-0.016965
-0.0069845
0.0038202
0.013636
0.021502
0.027466
0.031634
0.033759
0.034658
0.035025
0.034732
0.033525
0.031809
0.03015
0.028678
0.027184
0.025555
0.023943
0.02252
0.021274
0.020116
0.018925
0.017584
0.01631
0.015321
0.014439
0.013285
0.011687
0.0098086
0.0081707
0.0072183
0.0068437
0.0067462
0.0068785
0.0074057
0.0084937
0.010052
0.011832
0.013649
0.015414
0.017022
0.018286
0.018861
0.018294
0.016053
0.011938
0.0060059
-0.0020079
-0.011377
-0.019803
-0.025347
-0.028303
-0.030191
-0.032049
-0.034161
-0.036174
-0.037571
-0.037975
-0.037537
-0.036702
-0.035328
-0.033022
-0.029511
-0.024636
-0.018546
-0.012097
-0.0060351
-0.00012758
0.0059649
0.011439
0.015165
0.016768
0.01682
0.016247
0.015956
0.016681
0.01849
0.021065
0.023798
0.02603
0.027712
0.029131
0.030217
0.03073
0.030613
0.030208
0.029967
0.03007
0.030167
0.029781
0.028756
0.027277
0.025848
0.024915
0.024413
0.024027
0.023661
0.023773
0.02481
0.026913
0.030195
0.034391
0.038927
0.043192
0.046616
0.048825
0.049711
0.049627
0.049001
0.047558
0.044631
0.0402
0.034923
0.028836
0.022458
0.017014
0.012898
0.0097179
0.0072001
0.0053177
0.0041016
0.00346
0.0033754
0.0039225
0.0052689
0.0074994
0.01015
0.012621
0.014863
0.017073
0.019196
0.020736
0.021291
0.0207
0.019106
0.016949
0.014661
0.012023
0.0090123
0.0064362
0.0049928
0.0045417
0.0048319
0.0059285
0.0079594
0.010523
0.012784
0.014224
0.014734
0.014288
0.012658
0.0094407
0.0044577
-0.0018609
-0.0087556
-0.015454
-0.021331
-0.026003
-0.029739
-0.033173
-0.036364
-0.038731
-0.040005
-0.040427
-0.040203
-0.039554
-0.038782
-0.037797
-0.036166
-0.033997
-0.032007
-0.030679
-0.030009
-0.029664
-0.029168
-0.028192
-0.026823
-0.025144
-0.023133
-0.020933
-0.018719
-0.016243
-0.013557
-0.011162
-0.0091747
-0.0074283
-0.0059347
-0.0045857
-0.0031749
-0.0016358
-9.501e-05
0.0014016
0.0028724
0.004481
0.0069318
0.011086
0.017043
0.023933
0.030027
0.034087
0.036207
0.036972
0.037187
0.037665
0.038644
0.039669
0.040062
0.039531
0.038469
0.037611
0.037545
0.038277
0.038978
0.038958
0.03828
0.037681
0.037838
0.038533
0.038836
0.037778
0.035204
0.031805
0.028081
0.023683
0.017587
0.010052
0.0025992
-0.00296
-0.0058565
-0.00695
-0.0076944
-0.0088159
-0.0099837
-0.01064
-0.010615
-0.0099399
-0.0088329
-0.0076407
-0.0067797
-0.0063718
-0.0061675
-0.0062188
-0.0073721
-0.0099879
-0.013209
-0.016398
-0.020107
-0.02464
-0.029293
-0.033341
-0.036823
-0.040258
-0.044241
-0.04857
-0.052359
-0.05502
-0.056325
-0.056506
-0.05578
-0.054244
-0.051922
-0.048758
-0.044897
-0.040581
-0.036151
-0.031979
-0.028386
-0.025358
-0.022727
-0.020296
-0.017758
-0.015085
-0.01265
-0.010804
-0.0093341
-0.0076648
-0.0051431
-0.0014172
0.003502
0.009441
0.01599
0.022719
0.029508
0.036256
0.042665
0.048348
0.053155
0.057127
0.060295
0.062763
0.064662
0.066001
0.066542
0.06598
0.064237
0.061524
0.058173
0.0543
0.049671
0.044459
0.039119
0.033927
0.02875
0.023391
0.017902
0.012081
0.0056836
-0.00062148
-0.005764
-0.0091973
-0.010928
-0.011125
-0.010062
-0.0080499
-0.0055166
-0.0030049
-0.0010929
8.1623e-05
0.00074782
0.0012155
0.0015518
0.0015881
0.0012105
0.00065846
0.00018966
-0.0002724
-0.00084331
-0.001393
-0.0019207
-0.0026443
-0.0037662
-0.0053289
-0.0070981
-0.0090313
-0.011218
-0.013622
-0.01622
-0.018824
-0.020916
-0.022017
-0.022152
-0.021796
-0.021085
-0.019873
-0.018339
-0.016894
-0.016023
-0.015685
-0.015471
-0.015086
-0.014713
-0.014964
-0.016329
-0.018655
-0.021429
-0.024241
-0.026795
-0.028824
-0.030079
-0.030733
-0.031365
-0.032265
-0.033269
-0.034223
-0.035085
-0.035788
-0.035967
-0.035294
-0.033629
-0.03095
-0.027499
-0.02378
-0.020492
-0.018047
-0.016135
-0.014191
-0.011873
-0.0090376
-0.0056166
-0.0015814
0.0029775
0.0075549
0.011539
0.014715
0.017085
0.018726
0.019637
0.01972
0.018954
0.017602
0.016038
0.01448
0.013001
0.011577
0.0102
0.0088417
0.007475
0.0059996
0.0045575
0.0034823
0.0029057
0.0026775
0.0025215
0.0022375
0.001858
0.0015506
0.0013738
0.0014974
0.0021116
0.0029996
0.0036235
0.0036078
0.002904
0.0015515
-0.00024904
-0.0020821
-0.0035684
-0.0044925
-0.0046717
-0.0039868
-0.0025871
-0.0007559
0.0012197
0.0030882
0.0046868
0.0061083
0.0073931
0.0085104
0.0096195
0.011016
0.012814
0.015016
0.017441
0.019695
0.021383
0.022429
0.022953
0.022985
0.022514
0.021555
0.020061
0.017752
0.014352
0.010132
0.0056063
0.00093137
-0.0037633
-0.0083017
-0.012831
-0.017587
-0.022739
-0.028055
-0.032935
-0.036716
-0.038947
-0.039454
-0.038366
-0.036014
-0.032812
-0.029258
-0.025886
-0.02309
-0.021071
-0.019719
-0.01865
-0.017495
-0.015991
-0.013977
-0.01137
-0.0081439
-0.0043994
-0.00039634
0.0034775
0.0070207
0.010232
0.012898
0.014661
0.015216
0.014489
0.012729
0.010259
0.0071544
0.0035522
-0.00023089
-0.0038867
-0.0072845
-0.010444
-0.013478
-0.016294
-0.018463
-0.019647
-0.019751
-0.018737
-0.016566
-0.013531
-0.0099087
-0.0057607
-0.0012126
0.0035557
0.0083093
0.012713
0.016378
0.01889
0.020144
0.020241
0.019484
0.018187
0.016349
0.01387
0.011219
0.0091206
0.0075352
0.0060763
0.0046625
0.0031241
0.0010537
-0.0018303
-0.0054795
-0.0098305
-0.014425
-0.018642
-0.022013
-0.024201
-0.025113
-0.02496
-0.024092
-0.022852
-0.021461
-0.019976
-0.018251
-0.016131
-0.013657
-0.011031
-0.0083835
-0.0058602
-0.0036567
-0.0019234
-0.00091955
-0.00074974
-0.00096963
-0.0010519
-0.00094195
-0.00094002
-0.0012768
-0.0021541
-0.0037555
-0.005871
-0.0077562
-0.0087129
-0.0086846
-0.0080747
-0.0072365
-0.0061084
-0.004432
-0.0020337
0.0010084
0.0042994
0.0072958
0.0094151
0.010262
0.0099157
0.0086438
0.0066852
0.0041226
0.0012898
-0.0013403
-0.003294
-0.0041482
-0.0037224
-0.0018866
0.00138
0.0058749
0.011146
0.016529
0.021374
0.025456
0.028835
0.031377
0.032614
0.032333
0.030704
0.027969
0.024278
0.019748
0.0147
0.0096511
0.0052533
0.0019223
-0.00045109
-0.0021316
-0.0030913
-0.0028219
-0.0011111
0.0014809
0.0042503
0.0070161
0.0099392
0.013278
0.017311
0.022169
0.027127
0.031331
0.034408
0.036563
0.038205
0.039571
0.040709
0.041414
0.041416
0.040778
0.039784
0.038474
0.03688
0.035261
0.033893
0.032852
0.032425
0.032665
0.033243
0.033966
0.035058
0.036702
0.038764
0.040874
0.042576
0.043699
0.044641
0.045728
0.046759
0.04748
0.048175
0.049021
0.049667
0.049794
0.049313
0.048468
0.047686
0.047141
0.046555
0.045505
0.043824
0.041731
0.039553
0.037366
0.03459
0.030928
0.027072
0.023236
0.019092
0.01453
0.0097358
0.0051923
0.0014826
-0.0011655
-0.0030111
-0.0045001
-0.0058697
-0.0069834
-0.007558
-0.0074787
-0.0067386
-0.0054041
-0.0035186
-0.00093285
0.0023968
0.0062733
0.010357
0.014086
0.016881
0.018552
0.019332
0.019589
0.01954
0.019377
0.019201
0.019034
0.019009
0.019164
0.019482
0.020039
0.021002
0.022406
0.023885
0.024947
0.025238
0.02458
0.023229
0.021744
0.020304
0.018336
0.015602
0.012461
0.0093749
0.0066531
0.0043814
0.0025516
0.0013742
0.0011436
0.0019427
0.0035867
0.0058917
0.0084757
0.010867
0.012677
0.014079
0.015388
0.01677
0.018273
0.019414
0.019634
0.01894
0.017989
0.017372
0.017246
0.017616
0.01845
0.019655
0.021416
0.024055
0.027329
0.030334
0.032419
0.033504
0.03368
0.032996
0.031292
0.02833
0.024479
0.02017
0.015691
0.011348
0.0072818
0.0035509
5.854e-05
-0.0032312
-0.0059567
-0.0079398
-0.0092454
-0.010022
-0.010403
-0.010418
-0.0097951
-0.0083823
-0.0065367
-0.0048329
-0.0038334
-0.0036203
-0.003516
-0.0031148
-0.0028824
-0.0035095
-0.0051925
-0.0074973
-0.0096909
-0.011357
-0.012421
-0.013093
-0.013687
-0.014128
-0.014206
-0.014089
-0.013964
-0.013839
-0.013815
-0.014112
-0.01495
-0.016379
-0.018465
-0.021189
-0.024183
-0.027016
-0.029752
-0.032673
-0.035824
-0.038954
-0.041827
-0.0443
-0.04603
-0.046901
-0.047225
-0.047291
-0.047042
-0.046239
-0.044729
-0.042449
-0.039429
-0.035989
-0.032556
-0.029549
-0.02751
-0.026732
-0.027207
-0.028645
-0.030732
-0.033246
-0.03575
-0.037815
-0.039383
-0.040533
-0.0416
-0.042807
-0.043905
-0.044716
-0.045587
-0.046673
-0.047501
-0.047685
-0.047706
-0.047741
-0.047037
-0.045178
-0.042619
-0.040218
-0.038371
-0.036506
-0.03411
-0.031378
-0.028602
-0.026069
-0.023939
-0.02207
-0.020232
-0.018461
-0.016865
-0.015428
-0.014401
-0.014116
-0.014766
-0.016048
-0.016951
-0.016814
-0.015886
-0.014731
-0.013621
-0.012287
-0.010542
-0.0086636
-0.0073352
-0.0071066
-0.0080597
-0.010163
-0.013361
-0.017558
-0.022185
-0.026612
-0.030701
-0.03455
-0.037729
-0.039521
-0.039892
-0.039365
-0.038304
-0.036842
-0.035029
-0.032837
-0.030324
-0.027811
-0.025544
-0.023441
-0.02154
-0.020292
-0.020094
-0.021044
-0.022895
-0.025207
-0.027562
-0.029896
-0.032344
-0.034761
-0.036771
-0.038006
-0.038445
-0.038398
-0.038086
-0.037317
-0.035877
-0.03389
-0.031545
-0.028927
-0.026218
-0.023751
-0.021672
-0.019736
-0.017541
-0.01484
-0.011633
-0.0082338
-0.0050221
-0.0021165
0.0004912
0.0028196
0.0046453
0.0055503
0.0052775
0.003878
0.0017228
-0.00085991
-0.0037187
-0.0068211
-0.010021
-0.013212
-0.016505
-0.01987
-0.022994
-0.025581
-0.027469
-0.028804
-0.029945
-0.030943
-0.031264
-0.030206
-0.027768
-0.024456
-0.02077
-0.016894
-0.012843
-0.0088157
-0.0049592
-0.0011354
0.0026738
0.0062711
0.0094753
0.01201
0.013414
0.013476
0.012524
0.011093
0.0095698
0.0081735
0.0069565
0.0059476
0.0051454
0.0043576
0.0031863
0.0015024
-0.00043655
-0.0022103
-0.0035437
-0.0047438
-0.0061175
-0.0075712
-0.0087498
-0.0094314
-0.0097519
-0.010104
-0.01089
-0.01209
-0.013063
-0.013366
-0.013539
-0.014296
-0.015571
-0.01672
-0.017324
-0.017412
-0.017052
-0.016184
-0.014627
-0.012256
-0.0090055
-0.0048703
-5.3234e-05
0.0050367
0.0098826
0.013995
0.017314
0.019836
0.021357
0.021743
0.021534
0.021229
0.020649
0.019429
0.017561
0.015488
0.01378
0.012838
0.012448
0.012064
0.011264
0.010028
0.0086439
0.0072861
0.0059109
0.0047397
0.0041091
0.0038786
0.0038291
0.0040463
0.004521
0.005071
0.0055449
0.0059311
0.0061736
0.0062088
0.0061574
0.0061189
0.0059502
0.0054318
0.004597
0.0036937
0.0028665
0.0022653
0.0020467
0.0023237
0.0030043
0.0037542
0.004662
0.0059844
0.0074548
0.0084217
0.00844
0.007621
0.0064196
0.0051783
0.0040298
0.0031099
0.0026509
0.0026482
0.0028512
0.0030985
0.0034319
0.0040726
0.0051557
0.006262
0.0069587
0.0070571
0.0065406
0.0056373
0.0045598
0.0032898
0.0015413
-0.0010531
-0.0046722
-0.0091488
-0.014043
-0.018785
-0.022586
-0.024841
-0.025707
-0.025475
-0.023972
-0.021121
-0.017388
-0.013271
-0.008911
-0.004226
0.00041904
0.0044428
0.007765
0.010319
0.011669
0.011605
0.010551
0.009143
0.0079254
0.0070893
0.0066033
0.0065107
0.0069557
0.0081161
0.0099843
0.012279
0.014534
0.016531
0.018348
0.020102
0.021833
0.023513
0.025328
0.027403
0.029513
0.031267
0.032306
0.032596
0.032476
0.032354
0.032816
0.033789
0.03466
0.034929
0.034475
0.033546
0.032456
0.031245
0.029663
0.028054
0.026773
0.02561
0.024299
0.022702
0.020718
0.018752
0.01728
0.016397
0.016131
0.016715
0.01787
0.019094
0.020007
0.021004
0.022564
0.024623
0.026832
0.029077
0.031695
0.034999
0.038705
0.042499
0.046035
0.048904
0.051217
0.053263
0.054623
0.054899
0.054101
0.052568
0.050729
0.048592
0.045991
0.042319
0.037442
0.032114
0.027186
0.022972
0.019339
0.016207
0.013585
0.011175
0.0088003
0.0065744
0.0047769
0.003456
0.0026511
0.0023844
0.0022432
0.0017941
0.0011623
0.00095765
0.0015446
0.0025988
0.0034239
0.0040483
0.0047486
0.0053728
0.0054896
0.0051178
0.0049856
0.005413
0.0059261
0.0059631
0.005361
0.004242
0.0028311
0.0016121
0.00095402
0.00076729
0.00051554
-0.00020272
-0.0012623
-0.0022795
-0.0030101
-0.0035346
-0.0039614
-0.0041976
-0.0041571
-0.0038908
-0.003614
-0.003489
-0.0034993
-0.0035685
-0.0038977
-0.0047837
-0.0065026
-0.0090445
-0.01188
-0.014206
-0.015608
-0.016476
-0.017147
-0.017731
-0.018327
-0.018959
-0.019576
-0.020225
-0.020965
-0.021675
-0.022253
-0.022911
-0.023924
-0.025385
-0.027122
-0.0288
-0.030185
-0.031157
-0.031424
-0.030566
-0.028675
-0.026097
-0.023295
-0.020583
-0.018129
-0.016126
-0.014557
-0.0132
-0.011971
-0.011038
-0.01057
-0.010445
-0.010448
-0.010615
-0.011114
-0.0119
-0.012715
-0.013328
-0.01351
-0.013055
-0.012007
-0.01059
-0.0089796
-0.0071344
-0.0048118
-0.0019338
0.001102
0.0037816
0.0058715
0.0073972
0.008395
0.0087899
0.0083257
0.0067737
0.0041585
0.00050987
-0.0041465
-0.0094822
-0.014908
-0.019812
-0.023471
-0.025243
-0.025549
-0.025763
-0.026896
-0.028961
-0.031276
-0.033282
-0.035032
-0.036751
-0.038202
-0.038987
-0.039163
-0.039151
-0.039239
-0.03939
-0.039323
-0.038864
-0.037961
-0.036585
-0.034926
-0.033143
-0.0313
-0.029527
-0.028086
-0.027136
-0.026674
-0.026631
-0.026915
-0.027623
-0.028851
-0.030524
-0.032258
-0.033484
-0.034052
-0.034355
-0.034727
-0.035135
-0.035275
-0.034949
-0.034208
-0.033197
-0.031933
-0.03044
-0.028808
-0.027179
-0.02568
-0.024233
-0.022753
-0.021182
-0.019439
-0.017429
-0.014853
-0.011464
-0.0074627
-0.0031678
0.0011703
0.0052289
0.0087251
0.011538
0.013596
0.014883
0.015583
0.015909
0.016029
0.015952
0.015576
0.014918
0.01412
0.013279
0.012409
0.01156
0.010834
0.01031
0.0099818
0.0095493
0.0086215
0.0070679
0.0051579
0.0032577
0.0014552
-0.0003557
-0.0021324
-0.0038115
-0.0053449
-0.0064381
-0.0069038
-0.0068726
-0.0067008
-0.0064083
-0.0055881
-0.0038647
-0.0013516
0.0013506
0.0037173
0.0056925
0.007465
0.0090872
0.010497
0.011608
0.012323
0.012657
0.012567
0.011822
0.01043
0.0086789
0.0068802
0.0052552
0.0038239
0.0023652
0.0010832
0.00059021
0.001295
0.003096
0.0054028
0.0077116
0.010026
0.012609
0.015359
0.018122
0.020945
0.02358
0.02572
0.027204
0.027954
0.027831
0.026851
0.025051
0.022549
0.019725
0.01697
0.014441
0.012179
0.010334
0.00902
0.0081873
0.0077919
0.0075652
0.0071939
0.0064628
0.005501
0.0045881
0.0038451
0.003052
0.0020764
0.001204
0.00074919
0.00057292
0.00025697
-0.00037525
-0.0010691
-0.0015224
-0.001752
-0.0020971
-0.0029066
-0.0043575
-0.0063569
-0.0086626
-0.011106
-0.013641
-0.016123
-0.018415
-0.020388
-0.021935
-0.023043
-0.023777
-0.024179
-0.024283
-0.02414
-0.023896
-0.023662
-0.023408
-0.023033
-0.022401
-0.021554
-0.020785
-0.020187
-0.019599
-0.018794
-0.017696
-0.016598
-0.015813
-0.015409
-0.015273
-0.01507
-0.014624
-0.014377
-0.014872
-0.016121
-0.017724
-0.019399
-0.021111
-0.022918
-0.024946
-0.027228
-0.029398
-0.030933
-0.031683
-0.031695
-0.030754
-0.028403
-0.024785
-0.020411
-0.015405
-0.0097359
-0.0038952
0.0013891
0.0056556
0.008923
0.011437
0.013478
0.015304
0.017124
0.018775
0.020031
0.020921
0.021555
0.022088
0.022539
0.022777
0.022667
0.022344
0.022001
0.021641
0.021182
0.020482
0.019694
0.019162
0.019076
0.019268
0.019318
0.018953
0.018383
0.018076
0.018091
0.017884
0.017001
0.015618
0.014263
0.01357
0.013999
0.015334
0.017099
0.018875
0.020539
0.021977
0.023111
0.024077
0.024951
0.025634
0.025895
0.025713
0.025308
0.024993
0.024931
0.024826
0.024264
0.023203
0.021967
0.020747
0.019341
0.017663
0.01626
0.015581
0.01535
0.014874
0.013787
0.012288
0.010855
0.0097399
0.0088914
0.0081178
0.0072506
0.0063776
0.0058278
0.0058264
0.0064185
0.0072687
0.0080189
0.0085675
0.0090173
0.0093661
0.0095103
0.009405
0.0090187
0.0083286
0.00744
0.0066797
0.006097
0.005451
0.0047308
0.004217
0.0041045
0.0043764
0.0047427
0.0050039
0.0052317
0.0054199
0.0054342
0.005196
0.0048038
0.0044716
0.0042506
0.0040448
0.0038585
0.0037934
0.0038775
0.0039335
0.0039384
0.0040955
0.0046003
0.0053555
0.00607
0.0065758
0.0069322
0.0072973
0.0076441
0.0077803
0.0075744
0.0068966
0.0056385
0.0039267
0.002385
0.0016229
0.0014885
0.0015804
0.0015924
0.0014604
0.0011539
0.00056355
-0.00029119
-0.0010819
-0.0012971
-0.00067614
0.00054618
0.0021324
0.0039118
0.0058001
0.0079974
0.010294
0.012056
0.012904
0.012585
0.011335
0.0097443
0.0081234
0.0064488
0.0046341
0.0028289
0.0012236
-9.4184e-05
-0.00093637
-0.0013033
-0.0013913
-0.0011664
-0.00093976
-0.0011628
-0.0019183
-0.0030147
-0.0041715
-0.0054706
-0.0070781
-0.0089939
-0.011381
-0.013961
-0.016033
-0.017208
-0.017042
-0.015142
-0.012199
-0.0091049
-0.006063
-0.0026665
0.0013672
0.0059174
0.010666
0.015066
0.018814
0.02205
0.024836
0.02677
0.02752
0.027227
0.026377
0.025374
0.023878
0.021447
0.018188
0.014808
0.012097
0.010451
0.0095594
0.0088934
0.008061
0.0071356
0.0066258
0.0067396
0.0071032
0.0072038
0.0068786
0.0063171
0.0056129
0.004681
0.0034257
0.0018535
0.00014716
-0.0013029
-0.0022858
-0.0028341
-0.0030778
-0.0028649
-0.0017951
0.00025567
0.0026232
0.0044815
0.0054586
0.0056888
0.0055015
0.0051833
0.0049255
0.0046245
0.0040355
0.003158
0.0021586
0.0012027
0.00055081
0.00055285
0.0013638
0.002736
0.0042441
0.0054547
0.0062079
0.0067474
0.0074631
0.0079938
0.0071418
0.0046339
0.0014818
-0.0011466
-0.0030444
-0.0046709
-0.0064489
-0.0085217
-0.010766
-0.012889
-0.01462
-0.015721
-0.016274
-0.016507
-0.016384
-0.015709
-0.014449
-0.012749
-0.010766
-0.0086434
-0.0064526
-0.0041702
-0.0017285
0.00086403
0.0034501
0.0057119
0.0073272
0.0082504
0.0087117
0.0091259
0.0097572
0.010483
0.011048
0.011364
0.011432
0.011318
0.01111
0.01097
0.011077
0.011174
0.010967
0.010557
0.010232
0.01009
0.0099989
0.0097615
0.0091591
0.0081502
0.0068037
0.0050887
0.0030807
0.00090171
-0.0016181
-0.0044041
-0.0067786
-0.0083166
-0.0091447
-0.0094219
-0.0092144
-0.0085908
-0.0075068
-0.0059398
-0.0040053
-0.0020556
-0.00032642
0.0012569
0.002771
0.0041327
0.0051279
0.005637
0.0057978
0.0057058
0.0051969
0.0038661
0.0017103
-0.00059299
-0.0020913
-0.0024206
-0.0019137
-0.0011161
-0.00022121
0.0009127
0.0025636
0.0048835
0.007475
0.0099536
0.012162
0.013885
0.015068
0.015761
0.016045
0.015903
0.015407
0.01489
0.014662
0.014984
0.015941
0.017231
0.018633
0.019962
0.020916
0.021239
0.020847
0.019993
0.019059
0.018173
0.017227
0.016193
0.015234
0.014519
0.014001
0.013562
0.013406
0.013927
0.015281
0.017309
0.019542
0.021555
0.023279
0.024834
0.026132
0.027038
0.027607
0.027784
0.027256
0.02595
0.024025
0.021707
0.019204
0.016709
0.01433
0.012129
0.010077
0.0079123
0.0054449
0.0029936
0.00077903
-0.0011961
-0.0026737
-0.0035157
-0.0039023
-0.0039899
-0.0038203
-0.0034622
-0.0030366
-0.0026037
-0.0022541
-0.0019862
-0.0017055
-0.0014335
-0.0012927
-0.0012432
-0.0010758
-0.00086084
-0.00088447
-0.0011884
-0.0015496
-0.0018948
-0.0025269
-0.0037136
-0.0052352
-0.0066763
-0.0080435
-0.0095339
-0.011102
-0.012397
-0.013061
-0.013178
-0.01304
-0.012724
-0.012212
-0.011679
-0.011436
-0.01148
-0.011426
-0.010946
-0.0099643
-0.0086754
-0.0075072
-0.0067193
-0.0062913
-0.0062328
-0.0064012
-0.0065528
-0.0065995
-0.0066349
-0.0067127
-0.006737
-0.0066722
-0.0065803
-0.0066084
-0.0067823
-0.0069141
-0.0069072
-0.0069007
-0.0070543
-0.0074203
-0.0079005
-0.0082863
-0.008371
-0.0083652
-0.008881
-0.010125
-0.011707
-0.013105
-0.013853
-0.013838
-0.013424
-0.013043
-0.012749
-0.012403
-0.012142
-0.012311
-0.013162
-0.014622
-0.016352
-0.018082
-0.019604
-0.020737
-0.021357
-0.021514
-0.02129
-0.020579
-0.019387
-0.017856
-0.016134
-0.014293
-0.012323
-0.010322
-0.0084311
-0.0066414
-0.0049574
-0.0035732
-0.0025094
-0.0016792
-0.001002
-0.00044515
1.3539e-05
0.00039573
0.00071414
0.0010204
0.0012954
0.0014153
0.00137
0.0010947
0.00055059
-3.4969e-06
-0.00061904
-0.0015713
-0.0030025
-0.0049541
-0.0072304
-0.0094893
-0.011397
-0.012954
-0.014518
-0.016229
-0.018012
-0.019634
-0.020916
-0.021687
-0.021922
-0.021907
-0.021952
-0.022096
-0.022277
-0.022346
-0.022028
-0.021145
-0.019867
-0.018555
-0.017521
-0.016743
-0.016256
-0.016086
-0.01588
-0.015104
-0.013513
-0.011343
-0.0090318
-0.0067645
-0.0046346
-0.0027962
-0.0014174
-0.00066461
-0.00060543
-0.0013651
-0.0029534
-0.0050387
-0.0073852
-0.0099415
-0.012806
-0.016046
-0.019462
-0.022737
-0.025476
-0.027325
-0.028067
-0.027689
-0.026443
-0.02474
-0.023058
-0.021597
-0.020078
-0.018201
-0.015831
-0.0131
-0.010517
-0.0084154
-0.0067323
-0.0053624
-0.0043757
-0.0038184
-0.0034993
-0.0033319
-0.0034454
-0.0038025
-0.0041666
-0.0042635
-0.003957
-0.0033698
-0.0027769
-0.0022226
-0.0013809
-6.5753e-05
0.0011287
0.0018394
0.0027455
0.0043838
0.0064122
0.0081415
0.0092527
0.01
0.010702
0.011441
0.012178
0.012842
0.013405
0.013928
0.014524
0.015141
0.015565
0.015661
0.015371
0.014699
0.013786
0.012881
0.012223
0.011783
0.011497
0.011349
0.01126
0.011134
0.010987
0.010839
0.010722
0.010743
0.010929
0.011131
0.011157
0.010921
0.010451
0.0098763
0.009401
0.0090681
0.0088095
0.0085332
0.0082879
0.0081024
0.0080129
0.0080565
0.008124
0.0080291
0.0076269
0.0067684
0.0055243
0.0042483
0.0031507
0.0020919
0.00079406
-0.00083396
-0.0023976
-0.0037637
-0.0056765
-0.0086157
-0.012279
-0.016054
-0.019506
-0.022551
-0.025323
-0.02754
-0.028989
-0.029833
-0.03036
-0.030901
-0.031114
-0.030302
-0.028531
-0.026423
-0.02432
-0.02221
-0.019932
-0.017273
-0.014191
-0.010709
-0.0070395
-0.0034063
-7.8079e-05
0.002765
0.0052134
0.0074634
0.0095975
0.01148
0.012927
0.013794
0.014093
0.013944
0.013546
0.012994
0.012244
0.011291
0.010087
0.0086625
0.0072472
0.0061514
0.005393
0.0048114
0.0042815
0.0038487
0.003649
0.0039589
0.0048713
0.0060645
0.0073262
0.0088389
0.010649
0.012548
0.014172
0.015187
0.015377
0.014829
0.01369
0.01195
0.0095829
0.0067552
0.0038134
0.001025
-0.0015627
-0.0038629
-0.005843
-0.0073989
-0.0081419
-0.0082995
-0.0084224
-0.0086299
-0.008576
-0.0077301
-0.0058642
-0.0035562
-0.0016906
-0.00059552
5.6891e-05
0.00067476
0.0014939
0.0024812
0.0032907
0.0036217
0.0036948
0.0040015
0.0048066
0.0060658
0.0075972
0.0090752
0.010335
0.011623
0.013391
0.015792
0.018512
0.02104
0.022954
0.024085
0.024504
0.024353
0.023754
0.022926
0.021813
0.020146
0.018042
0.015858
0.013915
0.012085
0.0097548
0.0071306
0.0051088
0.0041585
0.0043873
0.0058521
0.0085131
0.012085
0.015921
0.019565
0.022765
0.025453
0.027515
0.028922
0.029735
0.029812
0.029206
0.028174
0.026915
0.025576
0.024068
0.022148
0.019907
0.017979
0.016927
0.016469
0.016026
0.015292
0.014202
0.012834
0.011572
0.010615
0.0096491
0.0084462
0.0070325
0.0056433
0.0046143
0.0041366
0.0039035
0.0036684
0.0034131
0.0030595
0.0027023
0.0025891
0.0028362
0.0033243
0.0038562
0.0043965
0.0049309
0.0055922
0.0065587
0.007696
0.0087333
0.0094051
0.0098124
0.010637
0.012047
0.013421
0.01407
0.013904
0.013469
0.013207
0.013105
0.01295
0.012432
0.011555
0.01066
0.010044
0.0095588
0.0089548
0.0081109
0.0070816
0.0059794
0.0052035
0.0049861
0.0048586
0.0043299
0.003578
0.0032404
0.0036027
0.0043256
0.0047416
0.0043061
0.002964
0.0015207
0.00089278
0.0013537
0.0022518
0.0029067
0.0031428
0.0030752
0.0029433
0.0028714
0.0029544
0.0032132
0.0035377
0.0038463
0.0041601
0.004472
0.0046591
0.0046256
0.0043226
0.0036879
0.00271
0.001375
-0.00042512
-0.0025762
-0.0046538
-0.0063032
-0.0076815
-0.009307
-0.011362
-0.013486
-0.015214
-0.016306
-0.016972
-0.017502
-0.017942
-0.018328
-0.018668
-0.018866
-0.018698
-0.01812
-0.017353
-0.016792
-0.016698
-0.017053
-0.017635
-0.01828
-0.019102
-0.02029
-0.021754
-0.023385
-0.025055
-0.026614
-0.027938
-0.028899
-0.029504
-0.02976
-0.029523
-0.028861
-0.028136
-0.027677
-0.027267
-0.02653
-0.025575
-0.024691
-0.023944
-0.023321
-0.022697
-0.021979
-0.02112
-0.020213
-0.019382
-0.018892
-0.018952
-0.019223
-0.019029
-0.018231
-0.01728
-0.016454
-0.015628
-0.014547
-0.013512
-0.012825
-0.012377
-0.012031
-0.011861
-0.011803
-0.011845
-0.011975
-0.012037
-0.012029
-0.011973
-0.011754
-0.011365
-0.011141
-0.011296
-0.011438
-0.011108
-0.010025
-0.0084238
-0.0069762
-0.0060399
-0.0053762
-0.0044584
-0.0031804
-0.0019005
-0.00094191
-0.0004123
-0.00023506
-0.00023454
-0.00019282
-0.0001932
-0.00048283
-0.0012642
-0.0026774
-0.0045785
-0.0066241
-0.0084957
-0.0098755
-0.010751
-0.011702
-0.012698
-0.013086
-0.012642
-0.011636
-0.01043
-0.0093809
-0.0086356
-0.0080864
-0.0075095
-0.0066936
-0.0056705
-0.0047149
-0.0040581
-0.0036713
-0.0033735
-0.0030097
-0.0025826
-0.0021018
-0.0014954
-0.00091265
-0.00052156
-0.00028002
-0.00010584
-1.2893e-05
4.9155e-05
0.000129
8.0588e-05
-0.00032737
-0.0011513
-0.0022824
-0.0035323
-0.0047217
-0.0057129
-0.0065196
-0.0072684
-0.0079962
-0.0087086
-0.0094598
-0.010188
-0.010971
-0.011863
-0.012703
-0.013292
-0.013545
-0.013429
-0.012773
-0.011596
-0.010143
-0.0085549
-0.0070946
-0.0060368
-0.0052555
-0.004517
-0.0038305
-0.003299
-0.0028883
-0.0026316
-0.0025604
-0.0023458
-0.0015919
-0.00030985
0.0012845
0.0027244
0.003617
0.0040602
0.0044324
0.0049483
0.0054288
0.0056051
0.0054715
0.0052927
0.0052175
0.0053537
0.0055018
0.0051521
0.0045118
0.004216
0.0044259
0.0048244
0.0051933
0.0055309
0.0059576
0.0064826
0.0070029
0.0074532
0.0078699
0.0081857
0.0081761
0.007584
0.0066408
0.0059754
0.0056731
0.0054232
0.0049989
0.0044731
0.0039927
0.0035425
0.0030637
0.0026126
0.002295
0.0022261
0.0025057
0.0031172
0.0041422
0.0057264
0.0075414
0.0089302
0.0095717
0.0097485
0.0097822
0.0097795
0.0096756
0.0095885
0.0095186
0.0093176
0.008954
0.0084752
0.0079952
0.0075617
0.0070946
0.0064696
0.0056113
0.0045006
0.0031821
0.0017594
0.00038046
-0.00070637
-0.0013776
-0.001777
-0.0020185
-0.0021475
-0.0021309
-0.0020118
-0.0019789
-0.0020979
-0.0022463
-0.0021996
-0.0020772
-0.0024017
-0.0032525
-0.0040798
-0.0043825
-0.0042297
-0.0040122
-0.0039774
-0.0040698
-0.0041392
-0.0041904
-0.0043318
-0.0046291
-0.0051128
-0.0056829
-0.0060814
-0.0060764
-0.0058308
-0.0056684
-0.0056501
-0.0054543
-0.0048864
-0.0041708
-0.0034071
-0.0025295
-0.0016695
-0.0009569
-0.00021614
0.00089261
0.0023556
0.0037386
0.0048155
0.0057387
0.0067722
0.0080356
0.0094392
0.010787
0.01191
0.012731
0.013259
0.013462
0.013243
0.012514
0.011345
0.010178
0.0094596
0.0091614
0.009
0.0087295
0.0083938
0.008271
0.0085755
0.0092179
0.010064
0.011243
0.012774
0.01434
0.01581
0.017309
0.018702
0.019516
0.019651
0.019452
0.019286
0.01923
0.019133
0.018982
0.018942
0.01911
0.019292
0.019106
0.018409
0.01744
0.016487
0.015757
0.015327
0.015
0.014411
0.013463
0.012256
0.010691
0.0092353
0.0081659
0.0072275
0.0061326
0.0050604
0.0043828
0.0040428
0.0037231
0.0033633
0.0031353
0.003137
0.0032031
0.0031109
0.0027477
0.0021782
0.0017902
0.0018565
0.0022774
0.0029489
0.0040417
0.0056726
0.0074747
0.0090244
0.010466
0.011979
0.013363
0.014256
0.014636
0.014626
0.014285
0.013609
0.012723
0.011799
0.010899
0.0099461
0.008889
0.0079084
0.0073797
0.0074035
0.007608
0.0076238
0.0074132
0.0073319
0.007573
0.0080303
0.008529
0.0089528
0.0091377
0.0090073
0.0087424
0.0084323
0.0078799
0.0069057
0.0055516
0.0041871
0.002976
0.0018467
0.00076823
-0.00015342
-0.00086636
-0.0014424
-0.0017795
-0.0018903
-0.0018234
-0.0014112
-0.00049168
0.00062364
0.0013727
0.0014396
0.00085752
-0.00013733
-0.0012544
-0.002257
-0.0030298
-0.0036858
-0.0043058
-0.004747
-0.0049198
-0.0047748
-0.0042947
-0.0037313
-0.003327
-0.0029631
-0.0025843
-0.0023804
-0.0025601
-0.003112
-0.0039718
-0.0051553
-0.0066275
-0.0082484
-0.0098837
-0.011253
-0.012
-0.012001
-0.011581
-0.011186
-0.010878
-0.010376
-0.0095037
-0.008472
-0.0077263
-0.0074642
-0.0074249
-0.0072839
-0.0069237
-0.0065655
-0.0065385
-0.0067469
-0.0068427
-0.0066869
-0.0063756
-0.0060386
-0.0056181
-0.005094
-0.0046998
-0.0045588
-0.004519
-0.0043973
-0.0041641
-0.0039681
-0.003907
-0.0039225
-0.0038384
-0.0034794
-0.0028185
-0.0019639
-0.0011298
-0.00043658
7.2208e-05
0.00036318
0.00042409
0.00023717
-0.00021959
-0.00095678
-0.0019049
-0.0029638
-0.0041985
-0.0055015
-0.0065606
-0.0072559
-0.0077038
-0.007993
-0.0080764
-0.0078701
-0.0073787
-0.0066751
-0.0059531
-0.0053287
-0.0049064
-0.0047912
-0.0049694
-0.0052595
-0.0055892
-0.0061811
-0.0070975
-0.0080108
-0.0085089
-0.0086065
-0.0086075
-0.0087069
-0.0086722
-0.0081799
-0.0071367
-0.0054729
-0.0033985
-0.0013629
0.00037139
0.0018519
0.0032024
0.0044576
0.0052455
0.005428
0.0051461
0.0046018
0.0039896
0.0032431
0.0021114
0.00047792
-0.0015487
-0.0036801
-0.0057764
-0.0078263
-0.009789
-0.011474
-0.012472
-0.012563
-0.012116
-0.01166
-0.011459
-0.01138
-0.011081
-0.010361
-0.0093846
-0.0085382
-0.008089
-0.007983
-0.0080876
-0.0082889
-0.0085798
-0.0090992
-0.0099615
-0.011195
-0.012794
-0.014683
-0.016692
-0.018547
-0.020095
-0.021325
-0.022287
-0.023025
-0.023561
-0.023804
-0.023708
-0.023349
-0.022928
-0.022647
-0.022433
-0.022045
-0.021436
-0.020705
-0.020035
-0.019471
-0.018874
-0.018071
-0.016979
-0.015773
-0.014577
-0.013452
-0.012423
-0.011387
-0.0103
-0.009474
-0.0092298
-0.0096218
-0.010455
-0.011483
-0.012617
-0.01373
-0.014679
-0.015394
-0.015914
-0.016343
-0.016697
-0.016732
-0.016411
-0.01603
-0.015747
-0.015524
-0.015339
-0.015168
-0.015066
-0.014911
-0.014494
-0.014006
-0.013781
-0.013876
-0.014067
-0.014065
-0.013728
-0.013339
-0.01325
-0.013324
-0.013098
-0.012223
-0.010738
-0.0089549
-0.0071042
-0.0054392
-0.004016
-0.0024758
-0.00087742
0.00038371
0.0012887
0.0020456
0.0026491
0.003097
0.0034108
0.0035648
0.003648
0.0037135
0.0038641
0.0041276
0.0043727
0.0044346
0.0044225
0.0044947
0.0044566
0.0040195
0.0031157
0.0019115
0.00066952
-0.00037048
-0.0010556
-0.001314
-0.0012647
-0.0010746
-0.00089632
-0.00074661
-0.00044972
3.134e-05
0.00056767
0.0010407
0.0014526
0.001827
0.0021686
0.0025377
0.0027899
0.0027827
0.0027724
0.0030052
0.0034101
0.0037975
0.0040737
0.0041816
0.0041421
0.0041142
0.0041607
0.0041875
0.0041749
0.0043635
0.0045787
0.0043916
0.0040714
0.0040165
0.0042753
0.0046879
0.0050658
0.0052962
0.0054455
0.0056314
0.0059042
0.0063655
0.0070544
0.0077441
0.0082723
0.0086955
0.009148
0.0096623
0.01017
0.010538
0.010638
0.010455
0.010138
0.0098729
0.0097156
0.0096007
0.0094159
0.0091471
0.0088156
0.0084813
0.0081648
0.0078506
0.0075359
0.0071805
0.0068334
0.0066184
0.0066016
0.0067123
0.0068342
0.0069589
0.0070199
0.0069434
0.006944
0.0071621
0.0073629
0.0069446
0.0057289
0.0044274
0.0036788
0.0033605
0.0030637
0.002541
0.0019692
0.0017322
0.0017985
0.0019342
0.0021131
0.0025427
0.003285
0.0043194
0.0054917
0.0065743
0.0073767
0.0078905
0.0085918
0.0099291
0.01131
0.011855
0.011283
0.010006
0.0085631
0.0071913
0.0059973
0.0051483
0.0045977
0.003979
0.0031005
0.0022533
0.0016921
0.0013201
0.00083177
0.00024819
-0.00012812
-0.00020065
-0.00014212
-8.9464e-05
-5.8885e-05
5.7251e-05
0.00040708
0.0011106
0.0022093
0.0036
0.0050553
0.0063881
0.0074542
0.0081863
0.0085992
0.0087975
0.0086911
0.0080439
0.006801
0.0051234
0.0033142
0.0014674
-0.00053406
-0.0026123
-0.0044761
-0.0058234
-0.0066742
-0.0073769
-0.0082067
-0.009044
-0.0095291
-0.0095995
-0.0095058
-0.0093456
-0.0090716
-0.0087102
-0.0083108
-0.0078099
-0.0071624
-0.0063807
-0.005547
-0.0047584
-0.0040759
-0.0035133
-0.0031275
-0.0030346
-0.0032129
-0.003451
-0.0036358
-0.0037418
-0.0039046
-0.0042339
-0.0045236
-0.0044956
-0.0041489
-0.0037174
-0.0033897
-0.0032448
-0.0032492
-0.0031831
-0.0026288
-0.0014937
-0.00025859
0.00063337
0.0011279
0.0013086
0.0012973
0.0012603
0.0013549
0.0016423
0.0019767
0.0022095
0.0024187
0.0027156
0.0031443
0.0037888
0.0043475
0.0046351
0.0048296
0.0051469
0.0055631
0.0059773
0.0064127
0.0069259
0.0074556
0.0077651
0.0076109
0.0071095
0.0067202
0.0067425
0.0069648
0.0069587
0.0065047
0.0057035
0.0048789
0.004208
0.0035762
0.0028799
0.0021805
0.0015086
0.00086009
0.00031296
-4.1378e-05
-0.00027569
-0.00038535
-0.00034933
-0.00024874
-0.0002044
-0.00027643
-0.00039934
-0.00040168
-0.00022417
-2.2928e-05
5.0645e-05
3.1227e-05
6.5148e-05
0.00025002
0.0005959
0.00099298
0.0013386
0.0016063
0.0018353
0.0021732
0.0026621
0.0031867
0.0036307
0.0040063
0.0043557
0.0046515
0.0048534
0.0050608
0.005407
0.0058643
0.0063373
0.0067697
0.007133
0.0075046
0.0080168
0.0085317
0.0088457
0.0089162
0.0089021
0.0089643
0.0090564
0.0090463
0.0089909
0.0089842
0.0090403
0.0091035
0.0091367
0.0091461
0.0091964
0.0092609
0.0092682
0.0093092
0.0095246
0.009828
0.0099929
0.0099124
0.0096874
0.0096589
0.010103
0.010852
0.011502
0.011867
0.011977
0.011945
0.011925
0.012023
0.012228
0.012422
0.012645
0.012982
0.013342
0.013639
0.013916
0.014114
0.014121
0.013888
0.013383
0.012567
0.011546
0.010507
0.0095669
0.0086129
0.0073604
0.0056387
0.0035452
0.0014534
-0.00030584
-0.0016793
-0.0027731
-0.0036712
-0.004372
-0.0048069
-0.0049289
-0.0047408
-0.004278
-0.0036658
-0.0030755
-0.0026041
-0.0022371
-0.0019154
-0.0015431
-0.0011419
-0.00083206
-0.00074651
-0.00090557
-0.0012642
-0.0017811
-0.0023903
-0.0031052
-0.0038037
-0.0042373
-0.0043205
-0.0041399
-0.0037806
-0.0033237
-0.0028709
-0.0025084
-0.0022967
-0.0022815
-0.0024604
-0.002798
-0.0033266
-0.003962
-0.0045181
-0.0048947
-0.0049787
-0.0048268
-0.0045986
-0.0042485
-0.003655
-0.0028052
-0.0017988
-0.00084049
-0.0001825
7.7269e-05
-2.2689e-06
-0.00027456
-0.0006633
-0.0010969
-0.0014775
-0.0017138
-0.0017046
-0.0013453
-0.00068764
3.326e-05
0.00062919
0.0010173
0.0013025
0.0015838
0.0018421
0.0019722
0.001914
0.0018522
0.0019404
0.0020997
0.0020399
0.001659
0.001347
0.0015313
0.0021484
0.0028686
0.0033249
0.0034062
0.0032855
0.003144
0.0031118
0.0032239
0.0032613
0.0030341
0.0025219
0.0018331
0.0010717
0.00026281
-0.0005906
-0.0014202
-0.0021569
-0.0027881
-0.0033985
-0.0038512
-0.0038927
-0.0034552
-0.0028013
-0.0023756
-0.0023467
-0.0024997
-0.0024766
-0.0020856
-0.0014013
-0.00060297
0.00022282
0.001074
0.0019419
0.0028311
0.003494
0.0037488
0.0037899
0.0039021
0.0041486
0.0044026
0.0045145
0.0043852
0.0040379
0.0036291
0.003223
0.002743
0.0022986
0.0019958
0.0016982
0.0012735
0.00077594
0.00030716
-8.1918e-05
-0.00040341
-0.00070365
-0.0010181
-0.001251
-0.0012801
-0.001091
-0.00067286
-5.7457e-05
0.00073966
0.0016846
0.0027564
0.0039617
0.0052234
0.0064068
0.0075157
0.0084867
0.0093557
0.010348
0.011383
0.012222
0.012709
0.012935
0.013028
0.012962
0.012712
0.012354
0.012122
0.012086
0.012069
0.011962
0.011849
0.011904
0.012161
0.012414
0.012528
0.012443
0.012189
0.011913
0.01172
0.011495
0.011066
0.010392
0.0094708
0.0081789
0.0066783
0.0054246
0.0047085
0.00447
0.0044672
0.0043801
0.0040597
0.0036283
0.0032966
0.0031735
0.0032144
0.0031952
0.0029326
0.002518
0.0021935
0.001912
0.0015463
0.0010816
0.00056446
4.5709e-05
-0.00040793
-0.00071323
-0.00081504
-0.00057335
0.00015553
0.0012817
0.0024264
0.0032695
0.0038136
0.0042527
0.0047947
0.0055055
0.0062078
0.0066981
0.0068934
0.0068244
0.0065207
0.006066
0.0054793
0.0047775
0.004108
0.0035942
0.0032682
0.003105
0.0030994
0.0032589
0.0035657
0.0040332
0.0046038
0.0051521
0.0056625
0.0060232
0.0059566
0.0054286
0.00473
0.0038736
0.0028077
0.0016553
0.00049779
-0.00069758
-0.0018661
-0.0027855
-0.0033761
-0.0037326
-0.0039669
-0.0041863
-0.004381
-0.0044437
-0.0043276
-0.0040237
-0.0034998
-0.0028792
-0.0022887
-0.0017706
-0.0012706
-0.00069823
4.5601e-05
0.00092473
0.0018099
0.0025114
0.0030271
0.0035218
0.0039713
0.0042211
0.0041861
0.00391
0.0035424
0.0031755
0.0028202
0.0023589
0.0016624
0.00082346
-9.769e-06
-0.00076817
-0.0014216
-0.002006
-0.0025859
-0.0031726
-0.0037838
-0.0045598
-0.0055564
-0.0064992
-0.0070123
-0.0071539
-0.0073156
-0.0078736
-0.0088691
-0.0099402
-0.010745
-0.011295
-0.011697
-0.011905
-0.011867
-0.011753
-0.011735
-0.011676
-0.011421
-0.011025
-0.010696
-0.010571
-0.010569
-0.010546
-0.01051
-0.010443
-0.010181
-0.0096719
-0.0092125
-0.0091467
-0.0093951
-0.0095781
-0.0095053
-0.009232
-0.0088008
-0.0083433
-0.0079326
-0.0076177
-0.0073629
-0.0069546
-0.0063076
-0.0056308
-0.005147
-0.0048331
-0.0045283
-0.0040559
-0.0033676
-0.0026172
-0.0020052
-0.0014646
-0.00089068
-0.00035481
4.9965e-05
0.00025278
0.00026323
0.00011733
-0.00017993
-0.00073087
-0.0016102
-0.0026035
-0.0034063
-0.0039288
-0.0041725
-0.0042395
-0.0042151
-0.0040148
-0.0034458
-0.0025772
-0.0017166
-0.00094818
-0.00017079
0.00065958
0.0013868
0.0019521
0.0024025
0.00276
0.003061
0.0033514
0.0035405
0.0035916
0.0036236
0.0036554
0.003605
0.0035018
0.0032925
0.0027984
0.0020809
0.0014233
0.00089765
0.00045251
-3.6913e-05
-0.00062803
-0.0012592
-0.001797
-0.0021127
-0.0023221
-0.0026308
-0.0030112
-0.0034208
-0.0037801
-0.004103
-0.0045823
-0.0052348
-0.0056824
-0.0055671
-0.0049181
-0.0041436
-0.003656
-0.0036529
-0.0039607
-0.004248
-0.0043345
-0.0043204
-0.0043093
-0.0043518
-0.0044391
-0.0045274
-0.0044642
-0.004126
-0.0035715
-0.0028716
-0.0020857
-0.0013068
-0.00064952
-0.00014441
0.00041431
0.0011327
0.0018318
0.0021722
0.0019355
0.001204
0.0002459
-0.00070573
-0.0015217
-0.0020693
-0.0023539
-0.002506
-0.0024903
-0.0022238
-0.0017135
-0.0010757
-0.00037688
0.00043466
0.0013708
0.0023827
0.0033183
0.0039372
0.0041907
0.0042816
0.0044477
0.0048849
0.0054089
0.0056997
0.0056654
0.0053695
0.0048911
0.0045155
0.0042844
0.0039713
0.0036034
0.0034184
0.0034899
0.0038117
0.004381
0.0051468
0.0058752
0.0064466
0.0069763
0.0074645
0.0077639
0.0077975
0.0075558
0.0070531
0.0063941
0.0056685
0.0049978
0.0044892
0.0041941
0.0040524
0.0038889
0.0036235
0.0033096
0.0029995
0.0027232
0.0025345
0.0023659
0.0020984
0.0018259
0.0016473
0.0015335
0.0014531
0.0013633
0.0012694
0.0011888
0.0011112
0.00096095
0.00069093
0.00045845
0.00032003
0.00014724
-8.6745e-05
-0.0003669
-0.00057218
-0.00040715
0.00039772
0.001644
0.0027708
0.0035318
0.003955
0.0040277
0.0038538
0.003659
0.0035508
0.0034766
0.0034521
0.0035534
0.0037308
0.0039148
0.0041562
0.0044753
0.0047466
0.0049548
0.0050857
0.0050779
0.0050495
0.0052195
0.0056943
0.0062937
0.0066365
0.0064297
0.0057863
0.0050276
0.0044784
0.0041558
0.0039016
0.0036385
0.0032955
0.0028231
0.0022485
0.0016718
0.0011772
0.00079482
0.0004859
0.00013964
-0.00024818
-0.00055661
-0.00071245
-0.00083277
-0.0011092
-0.0015507
-0.0019052
-0.002041
-0.0020227
-0.0020133
-0.0021466
-0.0023907
-0.0026099
-0.002802
-0.0030636
-0.0033941
-0.0036975
-0.0040671
-0.0045721
-0.0051614
-0.0058523
-0.0066535
-0.0075765
-0.00847
-0.0092803
-0.010092
-0.010701
-0.01101
-0.01123
-0.011564
-0.011924
-0.012136
-0.012188
-0.012168
-0.01203
-0.011714
-0.011256
-0.010727
-0.010264
-0.0098872
-0.0095014
-0.0090883
-0.008683
-0.0082886
-0.0079341
-0.0076801
-0.0075527
-0.0075374
-0.0076844
-0.0080239
-0.0084205
-0.0087008
-0.0089141
-0.0090762
-0.009108
-0.0090408
-0.0090621
-0.0092575
-0.0094959
-0.0095126
-0.0090897
-0.0083562
-0.0076926
-0.0073002
-0.0070995
-0.0069653
-0.0068755
-0.0068118
-0.0067153
-0.0065545
-0.0064132
-0.0063336
-0.0061633
-0.0057802
-0.0052055
-0.0046927
-0.0044742
-0.0045145
-0.0046057
-0.0044852
-0.0041307
-0.0036365
-0.0030525
-0.0024893
-0.0021417
-0.0021005
-0.0022329
-0.0022916
-0.0020454
-0.0015034
-0.00087645
-0.00033789
6.445e-05
0.0004353
0.00085866
0.0012303
0.001464
0.0015893
0.0016868
0.0018388
0.0020857
0.0023112
0.0023721
0.0022344
0.0019933
0.0017242
0.0012928
0.00061874
-0.00021008
-0.0010551
-0.0018602
-0.0025878
-0.0032626
-0.0039887
-0.0047687
-0.0055099
-0.0060679
-0.0064131
-0.0066523
-0.0069714
-0.00741
-0.0078226
-0.0080706
-0.0081424
-0.0080733
-0.0079937
-0.0080073
-0.0080338
-0.0079971
-0.0079372
-0.0079236
-0.0080009
-0.008244
-0.0085374
-0.0086884
-0.0086973
-0.0086444
-0.0085227
-0.0082989
-0.0080605
-0.0079246
-0.0079228
-0.0080022
-0.0080019
-0.0078282
-0.0075412
-0.0072737
-0.0070791
-0.0068598
-0.0066588
-0.0065615
-0.0065288
-0.0064605
-0.0064229
-0.0065293
-0.0066866
-0.0068346
-0.0071495
-0.0077044
-0.0082052
-0.0081823
-0.0074637
-0.0064599
-0.0058091
-0.0057067
-0.0058466
-0.005975
-0.0059465
-0.0057062
-0.0053592
-0.005088
-0.0049925
-0.0049973
-0.0049941
-0.0048676
-0.0045799
-0.004179
-0.0037911
-0.0033866
-0.0028941
-0.0023395
-0.001727
-0.00098377
-0.00019179
0.0003467
0.00050286
0.00037675
0.00015867
7.4969e-05
0.00024594
0.00065499
0.0011784
0.0017475
0.0022469
0.0026612
0.003123
0.0036672
0.0041986
0.0046703
0.0050622
0.0053208
0.0054742
0.005601
0.0057085
0.0057895
0.0058744
0.0058506
0.0055735
0.0052297
0.0050501
0.0049793
0.004898
0.0046665
0.0042649
0.0037999
0.0033755
0.0030198
0.0027269
0.0024245
0.0020985
0.001775
0.0015134
0.0014384
0.0015131
0.0016149
0.0017525
0.0020162
0.0024133
0.0029011
0.003454
0.004034
0.0045763
0.0051071
0.005638
0.0061634
0.0066649
0.0070179
0.0071987
0.0073779
0.0076619
0.0078403
0.0077941
0.0076727
0.007538
0.0074329
0.0074601
0.0075006
0.0074935
0.0075435
0.0077163
0.0080033
0.0083213
0.0086495
0.0089759
0.00928
0.0095932
0.0098416
0.009851
0.0096584
0.0095014
0.0095039
0.0095944
0.0096063
0.0094424
0.0090748
0.0086222
0.008177
0.0078346
0.0076799
0.0077629
0.0079843
0.0081735
0.0082513
0.0082385
0.0082237
0.0083408
0.0086762
0.0091654
0.0096474
0.010003
0.01024
0.010609
0.01144
0.012556
0.013369
0.013516
0.013217
0.012856
0.012625
0.012459
0.012123
0.011443
0.010466
0.0093826
0.0082725
0.007167
0.0061387
0.0053146
0.0048003
0.0045277
0.0044466
0.0046388
0.0051394
0.0057782
0.0062966
0.0066668
0.0070166
0.0073958
0.0077506
0.0079779
0.008003
0.0079206
0.0078775
0.0078964
0.0079047
0.0078387
0.0077138
0.0075416
0.0073472
0.0071702
0.0068167
0.0061162
0.0052098
0.0043655
0.0036061
0.0028254
0.0020015
0.0011825
0.00039978
-0.00028448
-0.00083871
-0.0012535
-0.0015416
-0.0017129
-0.001699
-0.0014648
-0.0010764
-0.00056803
5.725e-05
0.00084184
0.001665
0.0023229
0.0026896
0.0028256
0.002848
0.0027979
0.0025541
0.0020141
0.0013365
0.00071606
0.00015045
-0.00049248
-0.0011926
-0.001805
-0.0022129
-0.0024237
-0.0025403
-0.0027865
-0.0032403
-0.0035338
-0.0033363
-0.0026909
-0.0020629
-0.0018828
-0.0022338
-0.0027318
-0.0029845
-0.0029928
-0.0029962
-0.0031263
-0.0033634
-0.0035952
-0.0036825
-0.0036135
-0.0034305
-0.0031949
-0.0029891
-0.0028451
-0.0027347
-0.0026132
-0.0025027
-0.0024067
-0.002258
-0.0020131
-0.0019421
-0.0023254
-0.0030977
-0.0039305
-0.0044934
-0.004618
-0.0044449
-0.0042324
-0.0041332
-0.0041785
-0.0043218
-0.0044663
-0.0045015
-0.0044529
-0.004542
-0.0048661
-0.0053432
-0.0057951
-0.0060975
-0.0062696
-0.0064232
-0.0066159
-0.0066952
-0.0066356
-0.0065104
-0.0063198
-0.0059911
-0.0055437
-0.0050739
-0.004681
-0.0043958
-0.0041211
-0.0037222
-0.0033123
-0.0031011
-0.0031055
-0.0032804
-0.0036153
-0.0040616
-0.0045529
-0.0050298
-0.0054554
-0.0058006
-0.006135
-0.0065563
-0.0069908
-0.0072359
-0.0072363
-0.0071875
-0.0072428
-0.0073746
-0.0074712
-0.0074724
-0.007493
-0.0077195
-0.0082143
-0.0087888
-0.0092802
-0.0097639
-0.010197
-0.010571
-0.010927
-0.011215
-0.011376
-0.011558
-0.011868
-0.012281
-0.012814
-0.01338
-0.013658
-0.013487
-0.013052
-0.012692
-0.012747
-0.013195
-0.013665
-0.013797
-0.013486
-0.012944
-0.012577
-0.012686
-0.013176
-0.013634
-0.013814
-0.013787
-0.013713
-0.013697
-0.01373
-0.013788
-0.013897
-0.014065
-0.014271
-0.014484
-0.014617
-0.014593
-0.014427
-0.014178
-0.0139
-0.013574
-0.013139
-0.012721
-0.012445
-0.012262
-0.012116
-0.011959
-0.011658
-0.01114
-0.010489
-0.009868
-0.0093296
-0.008758
-0.0081513
-0.0076561
-0.0073813
-0.0072834
-0.0072072
-0.0070754
-0.0069467
-0.0069519
-0.0069929
-0.007019
-0.00709
-0.0071354
-0.0070026
-0.0066284
-0.0060489
-0.005307
-0.0044731
-0.0036805
-0.0028919
-0.0021292
-0.0014612
-0.00084337
-0.00014471
0.00054339
0.00095814
0.0011272
0.0012659
0.0014314
0.0015383
0.0014406
0.0011727
0.00087014
0.00070933
0.00070269
0.00078793
0.00094316
0.0010794
0.0011237
0.0012615
0.0016056
0.0019577
0.0021906
0.0023314
0.0023862
0.0023819
0.0024003
0.0024281
0.002386
0.0022602
0.0020368
0.0016744
0.0013006
0.001053
0.00091797
0.00083798
0.00078482
0.00074584
0.00073818
0.00089272
0.0012375
0.0017082
0.0020817
0.0022376
0.0022235
0.002364
0.0029846
0.0040331
0.0050762
0.0057613
0.0060496
0.0061876
0.0064193
0.0067337
0.0069676
0.0070956
0.0072302
0.0073642
0.0073813
0.0072765
0.0071515
0.0070344
0.0068398
0.0066545
0.0065621
0.0065881
0.0067162
0.0070533
0.0077256
0.0085555
0.0091617
0.0092398
0.0088552
0.0084047
0.0081851
0.0082035
0.0082986
0.0083229
0.0082545
0.0081419
0.0080212
0.0079092
0.0078753
0.0079511
0.008092
0.0082453
0.0083243
0.0082794
0.008238
0.0083444
0.0086679
0.0090983
0.0094322
0.0095645
0.0095853
0.0096498
0.0097328
0.0098133
0.0098727
0.0098997
0.0098878
0.0098313
0.0097996
0.0099031
0.010088
0.01022
0.010286
0.010336
0.010316
0.010107
0.0097498
0.0093003
0.0087319
0.0081346
0.0074918
0.0067176
0.0058632
0.005054
0.0043397
0.0036967
0.0031316
0.0025883
0.0019793
0.0013899
0.00094115
0.00057689
0.00030683
0.00029527
0.00055104
0.00096004
0.0014846
0.0020714
0.0026896
0.0033741
0.0041215
0.0048113
0.0054286
0.0059819
0.0064509
0.0067699
0.0070133
0.0072009
0.0072078
0.0069646
0.0066441
0.0064917
0.0066791
0.0071295
0.0075394
0.007691
0.0076489
0.0076524
0.0077962
0.0080722
0.0083573
0.0085883
0.0088008
0.0089626
0.0089749
0.0088311
0.0086341
0.0084478
0.0083255
0.0080838
0.0079905
0.0080587
0.0081949
0.00847
0.0090397
0.0097148
0.010101
0.010046
0.0097112
0.0093896
0.0092654
0.0093139
0.0094528
0.0095705
0.0095873
0.009474
0.009295
0.0090396
0.0087068
0.0083771
0.0081308
0.0079102
0.0076217
0.0072578
0.0068852
0.0065543
0.0063421
0.0062234
0.0061663
0.006164
0.0061777
0.006128
0.0059909
0.0058507
0.0057367
0.0055903
0.0053191
0.0049393
0.0044814
0.0039871
0.0035126
0.0030811
0.0027258
0.0024387
0.002152
0.0018711
0.0016859
0.0016992
0.0019564
0.0023225
0.0026541
0.0029443
0.0032306
0.0035467
0.0038548
0.00407
0.0041455
0.0041043
0.0039297
0.0036517
0.0033126
0.0029272
0.0025979
0.0024013
0.0022822
0.0021841
0.0021082
0.0021129
0.0021187
0.001982
0.0017102
0.0013923
0.0011035
0.00092787
0.00083831
0.00066441
0.00035901
2.363e-07
-0.00034153
-0.00084033
-0.0015633
-0.002221
-0.0025066
-0.0024388
-0.0022617
-0.0022823
-0.0025626
-0.0029019
-0.0030913
-0.0031153
-0.0030443
-0.0029934
-0.0030099
-0.0030723
-0.0031338
-0.0031846
-0.0031528
-0.0029477
-0.0025849
-0.002265
-0.0020294
-0.001763
-0.0014919
-0.0012313
-0.00084641
-0.00030235
0.00019996
0.00044321
0.00038054
0.00019834
0.00019507
0.00045501
0.00074083
0.0008196
0.00071543
0.00061984
0.00064541
0.00071909
0.0007087
0.00055323
0.00035042
0.00021884
0.00011925
-3.629e-05
-0.000163
-0.00020532
-0.00023992
-0.0003686
-0.00062359
-0.00088803
-0.00097748
-0.00081126
-0.00046867
-0.00018793
-0.00011082
-0.00014058
-0.00011858
9.5013e-06
0.000196
0.00036406
0.00050579
0.00058507
0.00053738
0.00036967
0.00013783
-3.4047e-05
-0.00013668
-0.00021934
-0.0002718
-0.00025983
-0.00018321
-8.9929e-05
-9.8081e-05
-0.00014687
-0.00013036
-7.4473e-05
-0.00017434
-0.00045955
-0.00081999
-0.0011975
-0.0016012
-0.0020701
-0.0025997
-0.0031505
-0.003661
-0.0040866
-0.0044455
-0.0047355
-0.0049461
-0.0050714
-0.0050874
-0.0049906
-0.0048524
-0.0047066
-0.0045339
-0.0043548
-0.0042188
-0.0041221
-0.0041138
-0.0043143
-0.0046395
-0.0047759
-0.004523
-0.0040292
-0.0036112
-0.0033625
-0.003258
-0.0032411
-0.0032856
-0.003433
-0.0037387
-0.0040947
-0.004381
-0.0045156
-0.0045218
-0.0045364
-0.0045998
-0.0045946
-0.0044393
-0.0042287
-0.0040153
-0.0037725
-0.0035891
-0.0034413
-0.0031327
-0.0026836
-0.0023744
-0.0024425
-0.0028321
-0.0033024
-0.0035956
-0.0036118
-0.0035059
-0.0034826
-0.0035802
-0.0037549
-0.0039331
-0.0040706
-0.0041268
-0.0041995
-0.0044556
-0.0048923
-0.0053852
-0.005759
-0.0060192
-0.0063077
-0.0067093
-0.0071259
-0.0074659
-0.0077808
-0.0081319
-0.0085832
-0.0091222
-0.0096721
-0.010143
-0.010496
-0.010776
-0.010968
-0.01105
-0.011048
-0.011017
-0.010964
-0.010898
-0.010863
-0.010854
-0.010844
-0.010836
-0.010797
-0.010677
-0.010524
-0.010363
-0.010189
-0.010047
-0.0099541
-0.0098311
-0.0096858
-0.0096301
-0.0096993
-0.0098163
-0.0098223
-0.0096799
-0.0095221
-0.0095285
-0.0097327
-0.0099634
-0.010038
-0.0099192
-0.0097231
-0.0095707
-0.0094805
-0.0094403
-0.009326
-0.0089293
-0.0082868
-0.0077124
-0.007431
-0.0073062
-0.0071107
-0.0068446
-0.0067152
-0.0067911
-0.00687
-0.006678
-0.006176
-0.0055475
-0.0050433
-0.0047975
-0.0046883
-0.0045163
-0.0042135
-0.0038907
-0.0036825
-0.003638
-0.0037069
-0.0038067
-0.0039211
-0.0040437
-0.0041748
-0.0043073
-0.0043981
-0.0044269
-0.0043958
-0.0042969
-0.0041056
-0.003766
-0.0033251
-0.0029262
-0.0027036
-0.0026906
-0.0028341
-0.0029718
-0.0030052
-0.0029629
-0.0029099
-0.0029385
-0.0030704
-0.0032781
-0.0035269
-0.0037267
-0.0038372
-0.0038654
-0.003823
-0.0037339
-0.0035772
-0.003326
-0.0029483
-0.0024754
-0.0019807
-0.0014999
-0.0011259
-0.00088931
-0.00066335
-0.00035475
-1.1983e-05
0.00026012
0.00038193
0.00038773
0.00039572
0.00044872
0.00052779
0.00058655
0.00055844
0.00045808
0.00036523
0.00032557
0.00031417
0.00025762
0.0001167
-6.814e-06
-1.9286e-05
6.7431e-05
0.00016546
0.00018924
8.1474e-05
-8.4966e-05
-0.00017219
-0.00015661
-0.00011059
-0.00010413
-0.00017294
-0.00029191
-0.00037956
-0.00036975
-0.00030071
-0.00024966
-0.00020077
-0.000121
2.4631e-05
0.00024532
0.00052598
0.00082418
0.0010731
0.001219
0.0012987
0.0013911
0.0015423
0.0017211
0.0018656
0.0019292
0.0019162
0.0019224
0.002086
0.0024769
0.0030656
0.0036282
0.003935
0.0039898
0.0038918
0.0037679
0.0036724
0.0036085
0.0035649
0.0035299
0.0035126
0.0035223
0.0035321
0.003499
0.0034429
0.0034005
0.0033643
0.0033237
0.0032709
0.0032219
0.0032368
0.0033714
0.003589
0.0037233
0.0036334
0.0033657
0.0030926
0.0029446
0.0029316
0.0029748
0.0029902
0.0029302
0.002788
0.0025986
0.0024087
0.0022684
0.0021931
0.0021143
0.0019733
0.0017778
0.0015714
0.0014328
0.0013664
0.0013022
0.0012035
0.0011232
0.0011334
0.001202
0.0012637
0.0012745
0.0012596
0.0012583
0.0012785
0.0013487
0.0014422
0.0014955
0.0015277
0.001561
0.0015733
0.0015841
0.0015928
0.0015825
0.0015507
0.0015115
0.0014788
0.0014583
0.0014491
0.0014658
0.0015239
0.001614
0.0017081
0.0018116
0.0019501
0.0021185
0.0022804
0.0023878
0.0024221
0.0024064
0.0024074
0.0024748
0.002592
0.0026856
0.0027219
0.0027319
0.0027634
0.0028402
0.0029404
0.0030095
0.0030422
0.0030707
0.0030829
0.0030573
0.0030193
0.0030122
0.0030463
0.0030708
0.0030352
0.0029782
0.0030032
0.0031643
0.0034069
0.0036202
0.0037291
0.0037549
0.0037642
0.0037772
0.0038095
0.0038764
0.0039509
0.0039902
0.0039896
0.0039662
0.0039421
0.003917
0.0038775
0.0038273
0.0037726
0.0037094
0.0036548
0.0036212
0.0036115
0.0036309
0.0036762
0.0036944
0.0036306
0.0035149
0.003408
0.0033367
0.0032895
0.0032323
0.0031571
0.0030911
0.0030611
0.0030454
0.0030139
0.0029763
0.0029507
0.0029392
0.0029328
0.0029269
0.0029144
0.0028716
0.0027989
0.002713
0.0026285
0.0025605
0.0025132
0.0024707
0.0024254
0.0023779
0.0023344
0.002299
0.0022666
0.0022441
0.0022316
0.0022222
0.002212
0.0021973
0.0021752
0.0021456
0.0021073
0.0020637
0.0020166
0.0019657
0.0019021
0.0018203
0.0017337
0.0016717
0.001637
0.0016056
0.0015672
0.0015216
0.0014738
0.0014395
0.0014259
0.0014198
0.0014057
0.0013825
0.001358
0.0013408
0.0013357
0.0013344
0.0013275
0.0013189
0.0013118
0.0013045
0.0012962
0.0012846
0.001267
0.0012487
0.0012311
0.0012081
0.0011787
0.0011485
0.0011244
0.0010983
0.0010616
0.001018
0.00098504
0.00097616
0.00098764
0.0010031
0.001009
0.00099972
0.00098029
0.00096035
0.00094456
0.00093154
0.00092115
0.00091093
0.00089831
0.00088411
0.00086733
0.00084958
0.00083583
0.00082484
0.0008126
0.00079565
0.00077268
0.00074922
0.00073212
0.00072269
0.00071456
0.00069924
0.00067115
0.0006338
0.00059692
0.00056744
0.00054623
0.00052882
0.0005103
0.00048953
0.00046804
0.00044789
0.00042948
0.00041125
0.00039155
0.00037148
0.00035249
0.00033565
0.00032164
0.00030891
0.0002953
0.00028159
0.0002695
0.00025868
0.00024825
0.00023751
0.00022662
0.00021669
0.00020863
0.00020152
0.00019364
0.00018452
0.00017486
0.00016465
0.00015381
0.00014254
0.00013135
0.00012058
0.00011065
0.00010116
9.1007e-05
8.0387e-05
7.045e-05
6.1321e-05
5.2634e-05
4.4505e-05
3.6497e-05
2.7892e-05
1.9245e-05
1.1314e-05
4.1839e-06
-2.6972e-06
-9.9855e-06
-1.7969e-05
-2.6486e-05
-3.4876e-05
-4.3023e-05
-5.1069e-05
-5.908e-05
-6.7051e-05
-7.4858e-05
-8.2469e-05
-8.9912e-05
-9.7107e-05
-0.00010419
-0.00011152
-0.00011915
-0.00012679
-0.00013439
-0.00014211
-0.00014982
-0.00015726
-0.00016455
-0.00017213
-0.00018015
-0.00018808
-0.00019538
-0.00020196
-0.00020821
-0.0002147
-0.00022166
-0.00022896
-0.00023626
-0.00024336
-0.00025029
-0.0002571
-0.00026386
-0.00027065
-0.00027749
-0.00028431
-0.00029106
-0.00029773
-0.00030433
-0.00031087
-0.00031738
-0.00032387
-0.00033029
-0.00033663
-0.0003429
-0.00034911
-0.00035536
-0.00036172
-0.00036817
-0.00037465
-0.0003811
-0.00038748
-0.00039382
-0.00040012
-0.0004064
-0.00041267
-0.00041894
-0.00042518
-0.00043138
-0.00043756
-0.00044373
-0.00044989
-0.00045604
-0.00046219
-0.00046834
-0.00047445
-0.00048055
-0.00048663
-0.00049269
-0.00049874
-0.00050476
-0.00051077
-0.00051676
-0.00052272
-0.00052866
-0.00053458
-0.00054047
-0.00054634
-0.00055218
-0.000558
-0.00056379
-0.00056956
-0.0005753
-0.00058101
-0.0005867
-0.00059236
-0.00059798
-0.00060359
-0.00060916
-0.0006147
-0.00062021
-0.0006257
-0.00063115
-0.00063658
-0.00064198
-0.00064734
-0.00065268
-0.00065799
-0.00066328
-0.00066853
-0.00067375
-0.00067894
-0.0006841
-0.00068924
-0.00069434
-0.00069941
-0.00070445
-0.00070946
-0.00071444
-0.00071939
-0.00072431
-0.00072919
-0.00073405
-0.00073887
-0.00074366
-0.00074842
-0.00075315
-0.00075784
-0.00076251
-0.00076714
-0.00077173
-0.0007763
-0.00078083
-0.00078532
-0.00078979
-0.00079422
-0.00079862
-0.00080298
-0.00080731
-0.0008116
-0.00081586
