-1.069904E-02
-1.066485E-02
-1.063078E-02
-1.059759E-02
-1.056559E-02
-1.053352E-02
-1.049964E-02
-1.046528E-02
-1.043116E-02
-1.039503E-02
-1.035699E-02
-1.032019E-02
-1.028454E-02
-1.025061E-02
-1.022243E-02
-1.019891E-02
-1.017187E-02
-1.013981E-02
-1.010721E-02
-1.007670E-02
-1.004328E-02
-9.996560E-03
-9.933748E-03
-9.866608E-03
-9.820453E-03
-9.810244E-03
-9.817862E-03
-9.816758E-03
-9.796618E-03
-9.769676E-03
-9.731260E-03
-9.663676E-03
-9.600230E-03
-9.591951E-03
-9.588140E-03
-9.515680E-03
-9.397828E-03
-9.288267E-03
-9.215928E-03
-9.192014E-03
-9.223493E-03
-9.285836E-03
-9.336876E-03
-9.344399E-03
-9.318173E-03
-9.285318E-03
-9.253433E-03
-9.225514E-03
-9.206212E-03
-9.162598E-03
-9.031510E-03
-8.826224E-03
-8.674559E-03
-8.731988E-03
-8.921524E-03
-9.009943E-03
-8.984476E-03
-8.932153E-03
-8.829708E-03
-8.633761E-03
-8.383792E-03
-8.181480E-03
-8.105160E-03
-8.092999E-03
-8.009493E-03
-7.791327E-03
-7.618443E-03
-7.679109E-03
-7.790849E-03
-7.806246E-03
-7.868777E-03
-8.071401E-03
-8.319756E-03
-8.469956E-03
-8.482588E-03
-8.455901E-03
-8.385118E-03
-8.159835E-03
-7.802794E-03
-7.447998E-03
-7.225256E-03
-7.150896E-03
-7.118994E-03
-7.057848E-03
-7.000413E-03
-7.078333E-03
-7.377601E-03
-7.780114E-03
-7.972307E-03
-7.738780E-03
-7.301734E-03
-6.782115E-03
-6.056447E-03
-5.324195E-03
-4.976402E-03
-4.915648E-03
-4.884829E-03
-4.807020E-03
-4.665985E-03
-4.547277E-03
-4.779356E-03
-5.441485E-03
-5.936634E-03
-6.100627E-03
-6.368620E-03
-6.563393E-03
-6.257286E-03
-5.843287E-03
-5.634516E-03
-5.315155E-03
-4.709775E-03
-4.029342E-03
-3.567866E-03
-3.410345E-03
-3.364176E-03
-3.298027E-03
-3.195867E-03
-3.067424E-03
-3.037843E-03
-3.302113E-03
-3.709604E-03
-3.890829E-03
-3.868300E-03
-3.732033E-03
-3.304144E-03
-2.757718E-03
-2.743248E-03
-3.515089E-03
-4.793942E-03
-5.975403E-03
-6.704776E-03
-7.026073E-03
-6.795609E-03
-5.636006E-03
-3.461289E-03
-4.751766E-04
2.582179E-03
4.787642E-03
5.624017E-03
5.516637E-03
4.898061E-03
3.795180E-03
2.330287E-03
1.126682E-03
1.103711E-03
2.437050E-03
3.659500E-03
4.103396E-03
4.681167E-03
5.615972E-03
5.986073E-03
4.951878E-03
2.724348E-03
4.953141E-04
-1.578153E-03
-4.063282E-03
-6.377176E-03
-7.517444E-03
-7.393164E-03
-6.368813E-03
-4.643202E-03
-2.214241E-03
6.181297E-04
2.862186E-03
4.163050E-03
5.168037E-03
6.331860E-03
7.527148E-03
8.322731E-03
8.491100E-03
8.396615E-03
8.974015E-03
1.082403E-02
1.295060E-02
1.428608E-02
1.482300E-02
1.505785E-02
1.522798E-02
1.498915E-02
1.423544E-02
1.371200E-02
1.385600E-02
1.416532E-02
1.361334E-02
1.185608E-02
1.003093E-02
8.773728E-03
7.723685E-03
6.934168E-03
6.761397E-03
6.889573E-03
7.115505E-03
7.815074E-03
9.375870E-03
1.172743E-02
1.398904E-02
1.545430E-02
1.614177E-02
1.610720E-02
1.528124E-02
1.401718E-02
1.290477E-02
1.240046E-02
1.240799E-02
1.251051E-02
1.287541E-02
1.409962E-02
1.627583E-02
1.878980E-02
2.073895E-02
2.211004E-02
2.356936E-02
2.532500E-02
2.630186E-02
2.522524E-02
2.334271E-02
2.264971E-02
2.241299E-02
2.155819E-02
2.077420E-02
2.099701E-02
2.224944E-02
2.345245E-02
2.368561E-02
2.340798E-02
2.405418E-02
2.630231E-02
2.779147E-02
2.618629E-02
2.301762E-02
2.028067E-02
1.844977E-02
1.742453E-02
1.725372E-02
1.783928E-02
1.938723E-02
2.242168E-02
2.713072E-02
3.267757E-02
3.663374E-02
3.736952E-02
3.577424E-02
3.252565E-02
2.764876E-02
2.233281E-02
1.778454E-02
1.411807E-02
1.178527E-02
1.168541E-02
1.382977E-02
1.790353E-02
2.313947E-02
2.859794E-02
3.354896E-02
3.814446E-02
4.235175E-02
4.499019E-02
4.568489E-02
4.567608E-02
4.495710E-02
4.290017E-02
4.104725E-02
4.029302E-02
3.902205E-02
3.650485E-02
3.346734E-02
2.999523E-02
2.617966E-02
2.320644E-02
2.139862E-02
1.999457E-02
1.938087E-02
2.021190E-02
2.125454E-02
2.151522E-02
2.141024E-02
2.139680E-02
2.146106E-02
2.149490E-02
2.151515E-02
2.155189E-02
2.155798E-02
2.156481E-02
2.197408E-02
2.333319E-02
2.570584E-02
2.843013E-02
3.043197E-02
3.128486E-02
3.165752E-02
3.307567E-02
3.542617E-02
3.680559E-02
3.617230E-02
3.371547E-02
3.063616E-02
2.780652E-02
2.568005E-02
2.491119E-02
2.570622E-02
2.701853E-02
2.908688E-02
3.325159E-02
3.781805E-02
3.966154E-02
3.917111E-02
3.746489E-02
3.442402E-02
3.079585E-02
2.826495E-02
2.713826E-02
2.718967E-02
2.860488E-02
3.125855E-02
3.430433E-02
3.722230E-02
4.010179E-02
4.308673E-02
4.578751E-02
4.728355E-02
4.658959E-02
4.315331E-02
3.805495E-02
3.246596E-02
2.728291E-02
2.339638E-02
2.127446E-02
1.998845E-02
1.861656E-02
1.751967E-02
1.834183E-02
2.233093E-02
2.807900E-02
3.422112E-02
4.092773E-02
4.721445E-02
5.098870E-02
5.243809E-02
5.237305E-02
5.002710E-02
4.494741E-02
3.879104E-02
3.318168E-02
2.861921E-02
2.489939E-02
2.192137E-02
1.973085E-02
1.855248E-02
1.833618E-02
1.764948E-02
1.511468E-02
1.157353E-02
9.806135E-03
1.189196E-02
1.580170E-02
1.935377E-02
2.353305E-02
2.853551E-02
3.213543E-02
3.276080E-02
3.056876E-02
2.746086E-02
2.444079E-02
2.145529E-02
1.926260E-02
1.852980E-02
1.798084E-02
1.719396E-02
1.790399E-02
2.056233E-02
2.375856E-02
2.630203E-02
2.785563E-02
2.861362E-02
2.857337E-02
2.760273E-02
2.603232E-02
2.467303E-02
2.451923E-02
2.570351E-02
2.731541E-02
2.883711E-02
3.023382E-02
3.122547E-02
3.124185E-02
2.976962E-02
2.636965E-02
2.120788E-02
1.619898E-02
1.304937E-02
1.174618E-02
1.204864E-02
1.409362E-02
1.760940E-02
2.166230E-02
2.431987E-02
2.401094E-02
2.088998E-02
1.699061E-02
1.368507E-02
1.018544E-02
6.506200E-03
4.391251E-03
5.078752E-03
8.753052E-03
1.408021E-02
1.950973E-02
2.374979E-02
2.653259E-02
2.832454E-02
2.906484E-02
2.767318E-02
2.360594E-02
1.870117E-02
1.575408E-02
1.485213E-02
1.481185E-02
1.529365E-02
1.713896E-02
2.076717E-02
2.407793E-02
2.505620E-02
2.488784E-02
2.445591E-02
2.294338E-02
1.998669E-02
1.582350E-02
1.076604E-02
5.425971E-03
1.068723E-03
-1.523540E-03
-2.219164E-03
-8.944621E-04
3.176563E-03
9.995215E-03
1.828491E-02
2.624313E-02
3.284127E-02
3.742179E-02
3.969265E-02
3.988262E-02
3.888095E-02
3.722729E-02
3.456718E-02
3.045721E-02
2.496778E-02
1.899100E-02
1.341055E-02
8.828375E-03
5.559072E-03
3.940057E-03
4.038719E-03
6.022008E-03
9.652401E-03
1.345000E-02
1.688876E-02
2.086022E-02
2.381744E-02
2.261440E-02
1.729350E-02
8.832318E-03
-2.223881E-03
-1.418239E-02
-2.398437E-02
-3.012241E-02
-3.237957E-02
-3.067702E-02
-2.302439E-02
-8.317882E-03
9.294325E-03
2.411135E-02
3.489784E-02
4.231380E-02
4.710902E-02
4.999876E-02
5.174907E-02
5.318464E-02
5.460361E-02
5.602714E-02
5.761505E-02
5.926703E-02
5.965962E-02
5.752744E-02
5.375014E-02
4.944734E-02
4.507164E-02
4.103901E-02
3.788256E-02
3.601149E-02
3.617913E-02
3.882984E-02
4.306511E-02
4.757454E-02
5.192292E-02
5.623327E-02
6.056883E-02
6.495564E-02
6.937418E-02
7.341167E-02
7.640662E-02
7.837300E-02
8.026486E-02
8.285101E-02
8.467553E-02
8.411858E-02
8.239615E-02
8.084725E-02
7.948962E-02
7.811417E-02
7.669002E-02
7.486906E-02
7.183145E-02
6.719131E-02
6.173599E-02
5.591458E-02
4.819623E-02
3.752960E-02
2.567739E-02
1.384826E-02
1.515299E-03
-1.217313E-02
-2.780822E-02
-4.482450E-02
-6.131205E-02
-7.509633E-02
-8.579353E-02
-9.338943E-02
-9.791138E-02
-9.981355E-02
-1.003295E-01
-9.966215E-02
-9.738299E-02
-9.478797E-02
-9.318771E-02
-9.259606E-02
-9.272626E-02
-9.376806E-02
-9.616397E-02
-1.001624E-01
-1.052397E-01
-1.113408E-01
-1.190136E-01
-1.284424E-01
-1.396995E-01
-1.521922E-01
-1.647289E-01
-1.760300E-01
-1.856156E-01
-1.931280E-01
-1.983937E-01
-2.014802E-01
-2.028562E-01
-2.016675E-01
-1.959566E-01
-1.854091E-01
-1.698530E-01
-1.502420E-01
-1.290132E-01
-1.082827E-01
-8.745131E-02
-6.452184E-02
-3.879667E-02
-1.197518E-02
1.288376E-02
3.424041E-02
5.245347E-02
6.979124E-02
8.641135E-02
1.003158E-01
1.114546E-01
1.215383E-01
1.324364E-01
1.437842E-01
1.523390E-01
1.564570E-01
1.610650E-01
1.772311E-01
2.045215E-01
2.248424E-01
2.310248E-01
2.311903E-01
2.307602E-01
2.241175E-01
2.037016E-01
1.770285E-01
1.598490E-01
1.507093E-01
1.393652E-01
1.229722E-01
1.048594E-01
8.873855E-02
7.403971E-02
5.870448E-02
4.236780E-02
2.456232E-02
4.461280E-03
-1.633905E-02
-3.495112E-02
-5.033073E-02
-6.188246E-02
-6.988107E-02
-7.640897E-02
-8.318602E-02
-8.822153E-02
-8.943062E-02
-8.893536E-02
-8.880562E-02
-8.892631E-02
-8.877600E-02
-8.885755E-02
-9.029158E-02
-9.257122E-02
-9.372647E-02
-9.384057E-02
-9.492425E-02
-9.832991E-02
-1.034564E-01
-1.083437E-01
-1.134386E-01
-1.208674E-01
-1.307538E-01
-1.420477E-01
-1.531844E-01
-1.626160E-01
-1.696166E-01
-1.750553E-01
-1.791863E-01
-1.812844E-01
-1.819024E-01
-1.826690E-01
-1.837917E-01
-1.855809E-01
-1.904594E-01
-2.002487E-01
-2.136858E-01
-2.275018E-01
-2.384154E-01
-2.437645E-01
-2.387132E-01
-2.185156E-01
-1.827061E-01
-1.363378E-01
-9.199802E-02
-5.823347E-02
-3.258460E-02
-1.157546E-02
5.132798E-03
1.769200E-02
2.721279E-02
3.641702E-02
4.602755E-02
5.450621E-02
6.138051E-02
6.730353E-02
7.308409E-02
7.883106E-02
8.443222E-02
9.076242E-02
9.886509E-02
1.079009E-01
1.163364E-01
1.233605E-01
1.292896E-01
1.339949E-01
1.354744E-01
1.322936E-01
1.262890E-01
1.182695E-01
1.072039E-01
9.337359E-02
7.766369E-02
6.139384E-02
4.610060E-02
3.237385E-02
1.817798E-02
2.191847E-03
-1.250900E-02
-2.355813E-02
-3.230863E-02
-4.115152E-02
-5.219017E-02
-6.706839E-02
-8.648887E-02
-1.091262E-01
-1.346557E-01
-1.635289E-01
-1.933506E-01
-2.210582E-01
-2.450856E-01
-2.643516E-01
-2.785151E-01
-2.891529E-01
-2.963769E-01
-2.984508E-01
-2.941102E-01
-2.836179E-01
-2.660037E-01
-2.395482E-01
-2.078565E-01
-1.749441E-01
-1.426080E-01
-1.107851E-01
-7.898572E-02
-4.825638E-02
-2.103380E-02
8.434180E-04
1.813275E-02
3.300691E-02
4.698396E-02
6.010512E-02
7.186908E-02
8.181703E-02
9.042300E-02
1.001035E-01
1.128493E-01
1.256885E-01
1.345541E-01
1.436411E-01
1.716289E-01
2.256537E-01
2.707140E-01
2.838355E-01
2.818465E-01
2.810626E-01
2.821591E-01
2.814533E-01
2.786659E-01
2.761509E-01
2.749153E-01
2.737897E-01
2.704215E-01
2.637026E-01
2.556789E-01
2.479417E-01
2.404192E-01
2.328114E-01
2.251451E-01
2.174954E-01
2.098487E-01
2.022091E-01
1.946639E-01
1.869264E-01
1.780127E-01
1.661648E-01
1.489971E-01
1.227366E-01
8.502990E-02
4.165199E-02
-1.835901E-03
-4.385519E-02
-8.323920E-02
-1.186360E-01
-1.506688E-01
-1.796308E-01
-2.046465E-01
-2.243266E-01
-2.379040E-01
-2.457665E-01
-2.485030E-01
-2.488498E-01
-2.488188E-01
-2.488649E-01
-2.490418E-01
-2.489540E-01
-2.477171E-01
-2.453651E-01
-2.432438E-01
-2.414206E-01
-2.389947E-01
-2.364200E-01
-2.348722E-01
-2.349223E-01
-2.365119E-01
-2.391272E-01
-2.416907E-01
-2.432910E-01
-2.439446E-01
-2.440954E-01
-2.440593E-01
-2.438243E-01
-2.440508E-01
-2.464485E-01
-2.517847E-01
-2.592798E-01
-2.690755E-01
-2.811119E-01
-2.918280E-01
-2.982057E-01
-3.006962E-01
-2.996148E-01
-2.942306E-01
-2.854055E-01
-2.741532E-01
-2.615414E-01
-2.489746E-01
-2.378444E-01
-2.286083E-01
-2.210083E-01
-2.139664E-01
-2.067408E-01
-1.993839E-01
-1.924526E-01
-1.864365E-01
-1.808994E-01
-1.748515E-01
-1.673945E-01
-1.585219E-01
-1.486335E-01
-1.379971E-01
-1.264367E-01
-1.139797E-01
-1.011723E-01
-8.816336E-02
-7.377721E-02
-5.708840E-02
-3.892985E-02
-1.975027E-02
2.452319E-04
1.890823E-02
3.437745E-02
4.835654E-02
6.278151E-02
7.760468E-02
9.113382E-02
1.020536E-01
1.117575E-01
1.218965E-01
1.330119E-01
1.445149E-01
1.549795E-01
1.628814E-01
1.679252E-01
1.719904E-01
1.761295E-01
1.796017E-01
1.812240E-01
1.800252E-01
1.759722E-01
1.678855E-01
1.531698E-01
1.302975E-01
1.008416E-01
7.222082E-02
4.817070E-02
2.629017E-02
5.899094E-03
-1.125002E-02
-2.531182E-02
-3.660355E-02
-4.484668E-02
-5.032764E-02
-5.367258E-02
-5.585434E-02
-5.754924E-02
-5.911610E-02
-6.013735E-02
-6.044641E-02
-6.205135E-02
-6.704483E-02
-7.506104E-02
-8.568235E-02
-9.880919E-02
-1.131255E-01
-1.278340E-01
-1.436758E-01
-1.603406E-01
-1.755203E-01
-1.873530E-01
-1.955658E-01
-2.021316E-01
-2.074068E-01
-2.100392E-01
-2.096406E-01
-2.052989E-01
-1.927628E-01
-1.662330E-01
-1.266773E-01
-8.275424E-02
-4.343737E-02
-8.266974E-03
2.565163E-02
5.722963E-02
8.489704E-02
1.091281E-01
1.310158E-01
1.507657E-01
1.676817E-01
1.794941E-01
1.875222E-01
2.029857E-01
2.317308E-01
2.549419E-01
2.598151E-01
2.570652E-01
2.569172E-01
2.598362E-01
2.630631E-01
2.658043E-01
2.686221E-01
2.713678E-01
2.733412E-01
2.743103E-01
2.744602E-01
2.743649E-01
2.744000E-01
2.744677E-01
2.740914E-01
2.729627E-01
2.714744E-01
2.698194E-01
2.682243E-01
2.673525E-01
2.658485E-01
2.579075E-01
2.389468E-01
2.122278E-01
1.849790E-01
1.613880E-01
1.377327E-01
1.101620E-01
8.014720E-02
4.895133E-02
1.659697E-02
-1.500854E-02
-4.518686E-02
-7.695536E-02
-1.099432E-01
-1.395862E-01
-1.649649E-01
-1.881990E-01
-2.112871E-01
-2.341354E-01
-2.551859E-01
-2.727529E-01
-2.857112E-01
-2.953408E-01
-3.028418E-01
-3.090694E-01
-3.150929E-01
-3.218914E-01
-3.297113E-01
-3.381053E-01
-3.461835E-01
-3.534421E-01
-3.596751E-01
-3.644594E-01
-3.680030E-01
-3.717214E-01
-3.751904E-01
-3.766502E-01
-3.776663E-01
-3.809650E-01
-3.861285E-01
-3.920187E-01
-3.981365E-01
-4.029657E-01
-4.042971E-01
-4.016080E-01
-3.946683E-01
-3.836097E-01
-3.684551E-01
-3.495318E-01
-3.294015E-01
-3.104535E-01
-2.928622E-01
-2.748250E-01
-2.545019E-01
-2.330227E-01
-2.124953E-01
-1.932353E-01
-1.741247E-01
-1.542079E-01
-1.348410E-01
-1.180774E-01
-1.035834E-01
-9.063283E-02
-7.912898E-02
-6.961961E-02
-6.290869E-02
-5.882145E-02
-5.702627E-02
-5.660985E-02
-5.640631E-02
-5.545006E-02
-5.317930E-02
-4.906880E-02
-4.279060E-02
-3.361942E-02
-2.100899E-02
-6.049444E-03
9.684777E-03
2.455917E-02
3.727787E-02
4.750530E-02
5.601648E-02
6.333680E-02
6.931223E-02
7.402227E-02
7.832151E-02
8.232226E-02
8.558912E-02
8.881994E-02
9.302019E-02
9.829561E-02
1.038521E-01
1.086914E-01
1.125087E-01
1.156179E-01
1.189795E-01
1.235724E-01
1.298347E-01
1.374258E-01
1.459140E-01
1.547594E-01
1.631824E-01
1.702550E-01
1.754271E-01
1.788299E-01
1.816912E-01
1.842317E-01
1.855207E-01
1.856883E-01
1.855519E-01
1.850689E-01
1.838717E-01
1.823130E-01
1.808306E-01
1.794568E-01
1.777445E-01
1.749207E-01
1.705368E-01
1.649737E-01
1.591507E-01
1.531014E-01
1.461083E-01
1.380599E-01
1.296777E-01
1.219200E-01
1.144353E-01
1.061331E-01
9.679795E-02
8.678891E-02
7.663876E-02
6.653659E-02
5.639616E-02
4.652858E-02
3.795358E-02
3.161377E-02
2.703019E-02
2.281313E-02
1.873442E-02
1.572227E-02
1.432361E-02
1.402305E-02
1.396667E-02
1.470487E-02
1.698608E-02
1.950133E-02
2.110306E-02
2.229112E-02
2.411232E-02
2.668521E-02
2.854960E-02
2.899716E-02
2.898284E-02
2.846004E-02
2.640063E-02
2.326587E-02
2.044220E-02
1.902306E-02
1.892326E-02
1.909818E-02
1.866106E-02
1.744200E-02
1.601403E-02
1.423659E-02
1.115882E-02
6.207558E-03
-6.149102E-04
-8.158572E-03
-1.509645E-02
-2.066017E-02
-2.493137E-02
-2.800215E-02
-2.964471E-02
-3.024693E-02
-3.107770E-02
-3.180470E-02
-3.128458E-02
-3.041179E-02
-2.977800E-02
-2.825410E-02
-2.620612E-02
-2.521082E-02
-2.430893E-02
-2.223117E-02
-2.045618E-02
-2.004208E-02
-2.017363E-02
-2.055284E-02
-2.163884E-02
-2.319079E-02
-2.462574E-02
-2.541271E-02
-2.486043E-02
-2.260323E-02
-1.965849E-02
-1.652447E-02
-1.233303E-02
-6.229055E-03
1.778325E-03
1.052340E-02
1.928354E-02
2.847345E-02
3.875263E-02
5.005188E-02
6.094398E-02
7.009316E-02
7.794250E-02
8.514744E-02
9.165069E-02
9.679304E-02
1.002318E-01
1.030751E-01
1.056332E-01
1.069390E-01
1.069725E-01
1.068096E-01
1.074013E-01
1.085384E-01
1.087509E-01
1.069168E-01
1.032317E-01
9.932301E-02
9.605404E-02
9.253935E-02
8.852928E-02
8.496285E-02
8.240338E-02
8.078095E-02
7.951062E-02
7.795251E-02
7.559738E-02
7.254326E-02
6.968601E-02
6.812997E-02
6.745667E-02
6.580091E-02
6.352503E-02
6.260356E-02
6.323184E-02
6.461497E-02
6.610043E-02
6.751891E-02
6.895427E-02
7.041803E-02
7.186367E-02
7.327124E-02
7.473126E-02
7.627184E-02
7.746046E-02
7.761860E-02
7.680659E-02
7.556270E-02
7.381183E-02
6.910849E-02
5.937459E-02
4.785447E-02
3.721879E-02
2.657460E-02
1.506496E-02
3.338863E-03
-7.323100E-03
-1.634127E-02
-2.423616E-02
-3.101730E-02
-3.630451E-02
-4.047614E-02
-4.315325E-02
-4.318763E-02
-4.098363E-02
-3.814829E-02
-3.375508E-02
-2.634998E-02
-1.839011E-02
-1.237949E-02
-8.416392E-03
-6.132248E-03
-5.509623E-03
-5.965916E-03
-7.687743E-03
-1.154567E-02
-1.716239E-02
-2.316569E-02
-2.856663E-02
-3.293945E-02
-3.640546E-02
-3.946572E-02
-4.244906E-02
-4.457044E-02
-4.506738E-02
-4.519951E-02
-4.721652E-02
-5.246248E-02
-5.971175E-02
-6.711471E-02
-7.388306E-02
-7.935099E-02
-8.269984E-02
-8.373397E-02
-8.279288E-02
-8.071235E-02
-7.795160E-02
-7.486115E-02
-7.234988E-02
-7.152070E-02
-7.257983E-02
-7.506399E-02
-7.799882E-02
-8.108576E-02
-8.419760E-02
-8.534788E-02
-8.209859E-02
-7.442903E-02
-6.265353E-02
-4.768538E-02
-3.324724E-02
-2.311919E-02
-1.670047E-02
-1.212552E-02
-7.972464E-03
-3.353632E-03
2.115147E-03
8.327766E-03
1.562839E-02
2.497534E-02
3.716741E-02
5.195340E-02
6.764515E-02
8.404803E-02
1.024744E-01
1.212259E-01
1.367888E-01
1.499642E-01
1.625321E-01
1.727187E-01
1.787166E-01
1.830827E-01
1.922427E-01
2.083216E-01
2.213418E-01
2.246901E-01
2.238971E-01
2.245947E-01
2.249017E-01
2.176721E-01
2.026326E-01
1.905527E-01
1.843979E-01
1.772381E-01
1.647904E-01
1.465125E-01
1.237463E-01
9.827787E-02
7.274266E-02
4.972388E-02
2.987941E-02
1.070197E-02
-8.898428E-03
-2.759897E-02
-4.497983E-02
-6.091350E-02
-7.407698E-02
-8.326197E-02
-8.934986E-02
-9.309304E-02
-9.414631E-02
-9.285116E-02
-9.048794E-02
-8.945468E-02
-9.139862E-02
-9.610788E-02
-1.018021E-01
-1.079040E-01
-1.157095E-01
-1.252943E-01
-1.348636E-01
-1.429963E-01
-1.490713E-01
-1.533636E-01
-1.566049E-01
-1.596030E-01
-1.618748E-01
-1.625043E-01
-1.623729E-01
-1.621317E-01
-1.609145E-01
-1.571551E-01
-1.499238E-01
-1.402862E-01
-1.286029E-01
-1.145152E-01
-9.891493E-02
-8.305250E-02
-6.595874E-02
-4.678762E-02
-2.765680E-02
-9.765598E-03
7.536692E-03
2.362658E-02
3.767874E-02
5.096143E-02
6.271661E-02
7.039451E-02
7.572489E-02
8.186061E-02
8.762475E-02
9.136655E-02
9.415626E-02
9.631311E-02
9.715503E-02
9.798310E-02
1.003561E-01
1.040446E-01
1.087054E-01
1.141612E-01
1.191077E-01
1.225771E-01
1.258459E-01
1.300973E-01
1.348380E-01
1.382314E-01
1.390036E-01
1.386196E-01
1.387315E-01
1.396371E-01
1.410746E-01
1.436730E-01
1.492600E-01
1.584880E-01
1.690052E-01
1.791096E-01
1.891342E-01
1.995815E-01
2.092485E-01
2.157682E-01
2.191948E-01
2.217804E-01
2.242602E-01
2.260727E-01
2.274278E-01
2.287943E-01
2.302664E-01
2.317639E-01
2.331997E-01
2.345491E-01
2.360040E-01
2.377257E-01
2.388477E-01
2.378237E-01
2.348291E-01
2.312532E-01
2.259219E-01
2.101379E-01
1.784949E-01
1.472662E-01
1.300262E-01
1.172091E-01
9.958801E-02
7.875208E-02
5.827926E-02
3.977328E-02
2.389943E-02
1.013614E-02
-3.117266E-03
-1.465675E-02
-2.189045E-02
-2.596962E-02
-2.905940E-02
-3.215593E-02
-3.451471E-02
-3.518995E-02
-3.573672E-02
-3.857001E-02
-4.472634E-02
-5.324129E-02
-6.214103E-02
-7.024367E-02
-7.776278E-02
-8.575777E-02
-9.393984E-02
-1.008489E-01
-1.062544E-01
-1.107209E-01
-1.145568E-01
-1.171860E-01
-1.181346E-01
-1.185290E-01
-1.195507E-01
-1.205133E-01
-1.208690E-01
-1.214674E-01
-1.230806E-01
-1.257098E-01
-1.286932E-01
-1.315861E-01
-1.344135E-01
-1.373450E-01
-1.403214E-01
-1.425570E-01
-1.427786E-01
-1.401513E-01
-1.340648E-01
-1.244423E-01
-1.121115E-01
-9.805076E-02
-8.393175E-02
-7.102393E-02
-5.921470E-02
-4.698208E-02
-3.321479E-02
-1.918873E-02
-5.730179E-03
7.960983E-03
2.215996E-02
3.669668E-02
5.226005E-02
6.894021E-02
8.500358E-02
9.953101E-02
1.129489E-01
1.249307E-01
1.340347E-01
1.397714E-01
1.429739E-01
1.449435E-01
1.454015E-01
1.433124E-01
1.395904E-01
1.350642E-01
1.293752E-01
1.212608E-01
1.093851E-01
9.439491E-02
7.748199E-02
6.005297E-02
4.253787E-02
2.424307E-02
4.469363E-03
-1.681025E-02
-3.817309E-02
-5.787625E-02
-7.506535E-02
-9.058948E-02
-1.050130E-01
-1.177078E-01
-1.275704E-01
-1.340410E-01
-1.373669E-01
-1.380600E-01
-1.378015E-01
-1.378221E-01
-1.385198E-01
-1.405198E-01
-1.442610E-01
-1.484001E-01
-1.512548E-01
-1.523958E-01
-1.526384E-01
-1.526178E-01
-1.512839E-01
-1.476092E-01
-1.424514E-01
-1.362296E-01
-1.285209E-01
-1.198825E-01
-1.110527E-01
-1.022374E-01
-9.388041E-02
-8.638544E-02
-7.827327E-02
-6.759291E-02
-5.503294E-02
-4.220154E-02
-3.014283E-02
-1.844049E-02
-5.804065E-03
8.134992E-03
2.188645E-02
3.269688E-02
3.986111E-02
4.469251E-02
4.845922E-02
5.160822E-02
5.452097E-02
5.718422E-02
5.916363E-02
6.031585E-02
6.045653E-02
5.923660E-02
5.620344E-02
5.147819E-02
4.566103E-02
3.852057E-02
2.923360E-02
1.864187E-02
9.463771E-03
1.787847E-03
-6.305859E-03
-1.476690E-02
-2.196423E-02
-2.679812E-02
-2.988011E-02
-3.258134E-02
-3.543735E-02
-3.843022E-02
-4.148842E-02
-4.393893E-02
-4.493165E-02
-4.493904E-02
-4.480196E-02
-4.474329E-02
-4.498573E-02
-4.587137E-02
-4.718026E-02
-4.871410E-02
-5.086455E-02
-5.333010E-02
-5.468500E-02
-5.463724E-02
-5.449188E-02
-5.570032E-02
-5.785997E-02
-5.864273E-02
-5.757939E-02
-5.594194E-02
-5.364287E-02
-4.985149E-02
-4.484950E-02
-3.863561E-02
-3.087485E-02
-2.261346E-02
-1.499210E-02
-7.721809E-03
-8.560647E-04
4.663632E-03
8.925240E-03
1.318872E-02
1.872853E-02
2.544357E-02
3.193908E-02
3.812024E-02
4.483051E-02
5.193137E-02
5.948860E-02
6.831382E-02
7.782778E-02
8.619068E-02
9.266820E-02
9.720177E-02
1.000786E-01
1.016274E-01
1.021793E-01
1.015338E-01
9.912268E-02
9.507668E-02
8.908646E-02
8.064244E-02
7.047365E-02
6.022039E-02
5.161243E-02
4.556159E-02
4.151707E-02
3.877176E-02
3.702182E-02
3.572367E-02
3.415001E-02
3.185344E-02
2.937783E-02
2.745256E-02
2.544795E-02
2.305858E-02
2.155608E-02
2.086860E-02
1.919348E-02
1.634923E-02
1.329734E-02
1.004150E-02
5.455200E-03
-1.429077E-03
-1.023241E-02
-2.019059E-02
-3.094674E-02
-4.218864E-02
-5.309728E-02
-6.314320E-02
-7.217571E-02
-7.993537E-02
-8.600849E-02
-9.047022E-02
-9.279307E-02
-9.190830E-02
-8.749569E-02
-7.955195E-02
-6.931142E-02
-5.777682E-02
-4.535537E-02
-3.209783E-02
-1.783269E-02
-3.090430E-03
1.099465E-02
2.360309E-02
3.567804E-02
4.821760E-02
5.980104E-02
6.908144E-02
7.686986E-02
8.358000E-02
8.877602E-02
9.307047E-02
9.724116E-02
1.015073E-01
1.061984E-01
1.115233E-01
1.167145E-01
1.215924E-01
1.273867E-01
1.337039E-01
1.389066E-01
1.447457E-01
1.534454E-01
1.622221E-01
1.687154E-01
1.742854E-01
1.796522E-01
1.833580E-01
1.840358E-01
1.819319E-01
1.790335E-01
1.753414E-01
1.694108E-01
1.624620E-01
1.562791E-01
1.503567E-01
1.422431E-01
1.295477E-01
1.119343E-01
8.969341E-02
6.464062E-02
3.950014E-02
1.683705E-02
-3.014193E-03
-2.067077E-02
-3.592168E-02
-4.760716E-02
-5.557336E-02
-6.147332E-02
-6.712186E-02
-7.266826E-02
-7.686867E-02
-7.882336E-02
-7.919380E-02
-7.905357E-02
-7.797985E-02
-7.590026E-02
-7.447797E-02
-7.350523E-02
-7.144018E-02
-7.045396E-02
-7.318299E-02
-7.726158E-02
-8.071836E-02
-8.444802E-02
-8.824903E-02
-9.037544E-02
-9.038038E-02
-8.937753E-02
-8.893125E-02
-8.804308E-02
-8.394059E-02
-7.567050E-02
-6.319795E-02
-4.726604E-02
-2.784559E-02
-4.821690E-03
1.958657E-02
4.296143E-02
6.465405E-02
8.481765E-02
1.034054E-01
1.194681E-01
1.319920E-01
1.421290E-01
1.506071E-01
1.569486E-01
1.605492E-01
1.613301E-01
1.610164E-01
1.609975E-01
1.612841E-01
1.608465E-01
1.586869E-01
1.555198E-01
1.527975E-01
1.514559E-01
1.511555E-01
1.511904E-01
1.521576E-01
1.543418E-01
1.560249E-01
1.564787E-01
1.565458E-01
1.555387E-01
1.520960E-01
1.473888E-01
1.431071E-01
1.397423E-01
1.367967E-01
1.339306E-01
1.319192E-01
1.318013E-01
1.335714E-01
1.363242E-01
1.392788E-01
1.426221E-01
1.467017E-01
1.511208E-01
1.555505E-01
1.599130E-01
1.638347E-01
1.670246E-01
1.698990E-01
1.725514E-01
1.746201E-01
1.759964E-01
1.760872E-01
1.733688E-01
1.663781E-01
1.550974E-01
1.399609E-01
1.218751E-01
1.041316E-01
8.916577E-02
7.646165E-02
6.529370E-02
5.577056E-02
4.789280E-02
4.198688E-02
3.834619E-02
3.698591E-02
3.753214E-02
3.967219E-02
4.364426E-02
4.936408E-02
5.643367E-02
6.396698E-02
7.064969E-02
7.550585E-02
7.906450E-02
8.210541E-02
8.500216E-02
8.776810E-02
9.066477E-02
9.464081E-02
9.990144E-02
1.050861E-01
1.095682E-01
1.138174E-01
1.178351E-01
1.208082E-01
1.218173E-01
1.199579E-01
1.147135E-01
1.063965E-01
9.542638E-02
8.301777E-02
7.022675E-02
5.779092E-02
4.690120E-02
3.894348E-02
3.345778E-02
2.828704E-02
2.074469E-02
1.090140E-02
5.391824E-04
-1.005813E-02
-2.127529E-02
-3.240758E-02
-4.201492E-02
-4.909818E-02
-5.400592E-02
-5.713530E-02
-5.905765E-02
-6.095765E-02
-6.418141E-02
-6.885547E-02
-7.449229E-02
-8.082045E-02
-8.811146E-02
-9.645133E-02
-1.046103E-01
-1.110224E-01
-1.155931E-01
-1.185335E-01
-1.198937E-01
-1.194844E-01
-1.172352E-01
-1.141866E-01
-1.112527E-01
-1.084992E-01
-1.054033E-01
-1.014788E-01
-9.706629E-02
-9.272494E-02
-8.851396E-02
-8.391865E-02
-7.856692E-02
-7.321585E-02
-6.846178E-02
-6.351442E-02
-5.817505E-02
-5.325943E-02
-4.844649E-02
-4.310288E-02
-3.832240E-02
-3.496128E-02
-3.218418E-02
-2.957577E-02
-2.764868E-02
-2.663508E-02
-2.658454E-02
-2.738023E-02
-2.870843E-02
-3.020354E-02
-3.172261E-02
-3.306090E-02
-3.380959E-02
-3.399742E-02
-3.401264E-02
-3.360135E-02
-3.248114E-02
-3.152621E-02
-3.134999E-02
-3.145568E-02
-3.137746E-02
-3.137061E-02
-3.203730E-02
-3.302120E-02
-3.296458E-02
-3.173430E-02
-3.015086E-02
-2.818799E-02
-2.564720E-02
-2.330818E-02
-2.188905E-02
-2.146167E-02
-2.187114E-02
-2.311407E-02
-2.510936E-02
-2.821930E-02
-3.297020E-02
-3.885978E-02
-4.466054E-02
-4.922267E-02
-5.244327E-02
-5.527233E-02
-5.785949E-02
-5.968560E-02
-6.104497E-02
-6.243537E-02
-6.391716E-02
-6.534270E-02
-6.673951E-02
-6.855577E-02
-7.130328E-02
-7.496468E-02
-7.922271E-02
-8.365910E-02
-8.774405E-02
-9.076084E-02
-9.227504E-02
-9.240456E-02
-9.166823E-02
-8.947792E-02
-8.446805E-02
-7.704767E-02
-6.903781E-02
-6.268708E-02
-5.841873E-02
-5.539676E-02
-5.310646E-02
-5.138760E-02
-4.989988E-02
-4.879688E-02
-4.839615E-02
-4.792960E-02
-4.685536E-02
-4.599396E-02
-4.585125E-02
-4.596658E-02
-4.594880E-02
-4.595408E-02
-4.649738E-02
-4.798299E-02
-5.038103E-02
-5.327879E-02
-5.621070E-02
-5.868042E-02
-6.000972E-02
-5.978349E-02
-5.826710E-02
-5.571174E-02
-5.148569E-02
-4.458034E-02
-3.544285E-02
-2.592227E-02
-1.772123E-02
-1.076326E-02
-5.150089E-03
-2.071624E-03
-1.819422E-03
-3.032617E-03
-4.465143E-03
-5.933275E-03
-7.545422E-03
-8.618882E-03
-8.233703E-03
-7.152216E-03
-6.689353E-03
-6.737951E-03
-6.915844E-03
-7.105952E-03
-6.458249E-03
-4.303241E-03
-2.241021E-03
-1.712870E-03
-1.964884E-03
-2.073894E-03
-1.939848E-03
-2.071844E-03
-3.570060E-03
-7.301096E-03
-1.244569E-02
-1.724152E-02
-2.253503E-02
-3.033187E-02
-4.002201E-02
-4.982541E-02
-5.839325E-02
-6.523894E-02
-7.006522E-02
-7.301054E-02
-7.503078E-02
-7.796273E-02
-8.220448E-02
-8.665666E-02
-9.081727E-02
-9.534043E-02
-1.007866E-01
-1.055009E-01
-1.073577E-01
-1.078064E-01
-1.086066E-01
-1.088010E-01
-1.079379E-01
-1.072362E-01
-1.070757E-01
-1.072324E-01
-1.083660E-01
-1.110065E-01
-1.142649E-01
-1.165410E-01
-1.171779E-01
-1.176461E-01
-1.186043E-01
-1.187054E-01
-1.172130E-01
-1.145734E-01
-1.112679E-01
-1.070017E-01
-1.012831E-01
-9.400232E-02
-8.561675E-02
-7.718536E-02
-6.981671E-02
-6.397651E-02
-5.953741E-02
-5.603997E-02
-5.373323E-02
-5.321088E-02
-5.360824E-02
-5.326659E-02
-5.080313E-02
-4.625323E-02
-4.064133E-02
-3.526488E-02
-3.085651E-02
-2.731726E-02
-2.454886E-02
-2.271338E-02
-2.183235E-02
-2.151889E-02
-2.089873E-02
-1.956825E-02
-1.730238E-02
-1.281796E-02
-5.252604E-03
3.583485E-03
1.275308E-02
2.259826E-02
3.130826E-02
3.695831E-02
4.161974E-02
4.673914E-02
5.103764E-02
5.411834E-02
5.683004E-02
5.929378E-02
6.087556E-02
6.139480E-02
6.157492E-02
6.252332E-02
6.459507E-02
6.711263E-02
6.866306E-02
6.897996E-02
6.885660E-02
6.832185E-02
6.732285E-02
6.668938E-02
6.588569E-02
6.321386E-02
5.939604E-02
5.593083E-02
5.198924E-02
4.673227E-02
4.092058E-02
3.452008E-02
2.667360E-02
1.761457E-02
7.246231E-03
-5.203347E-03
-1.921651E-02
-3.300191E-02
-4.502509E-02
-5.396746E-02
-5.953334E-02
-6.305890E-02
-6.675546E-02
-7.081825E-02
-7.403751E-02
-7.612792E-02
-7.781759E-02
-8.009260E-02
-8.298308E-02
-8.595625E-02
-8.879640E-02
-9.175634E-02
-9.534642E-02
-9.994743E-02
-1.054472E-01
-1.108247E-01
-1.153708E-01
-1.195622E-01
-1.239742E-01
-1.284358E-01
-1.319378E-01
-1.338961E-01
-1.352421E-01
-1.364127E-01
-1.369805E-01
-1.370793E-01
-1.369715E-01
-1.363273E-01
-1.351643E-01
-1.343986E-01
-1.347172E-01
-1.359096E-01
-1.368390E-01
-1.371776E-01
-1.378655E-01
-1.392263E-01
-1.407741E-01
-1.422305E-01
-1.436559E-01
-1.451034E-01
-1.465426E-01
-1.479903E-01
-1.495035E-01
-1.508932E-01
-1.516840E-01
-1.517866E-01
-1.517117E-01
-1.517988E-01
-1.517809E-01
-1.510949E-01
-1.499482E-01
-1.493488E-01
-1.492010E-01
-1.481516E-01
-1.450311E-01
-1.397113E-01
-1.332506E-01
-1.252077E-01
-1.138914E-01
-9.932672E-02
-8.246359E-02
-6.488791E-02
-4.767225E-02
-3.124728E-02
-1.609656E-02
-2.680183E-03
9.501625E-03
2.113196E-02
3.265166E-02
4.423542E-02
5.577874E-02
6.688879E-02
7.691021E-02
8.534458E-02
9.229318E-02
9.834947E-02
1.042651E-01
1.097246E-01
1.137829E-01
1.173059E-01
1.221268E-01
1.280101E-01
1.338987E-01
1.395975E-01
1.454183E-01
1.513103E-01
1.563692E-01
1.597355E-01
1.615194E-01
1.608886E-01
1.564692E-01
1.487527E-01
1.389329E-01
1.277232E-01
1.146407E-01
9.912214E-02
8.161914E-02
6.301349E-02
4.414096E-02
2.539676E-02
6.730553E-03
-1.234923E-02
-3.219211E-02
-5.205237E-02
-7.109644E-02
-8.927654E-02
-1.061219E-01
-1.207633E-01
-1.329125E-01
-1.420217E-01
-1.479095E-01
-1.513326E-01
-1.540829E-01
-1.567304E-01
-1.585144E-01
-1.592277E-01
-1.594845E-01
-1.602849E-01
-1.615430E-01
-1.620676E-01
-1.603455E-01
-1.548082E-01
-1.451370E-01
-1.320826E-01
-1.168007E-01
-1.006196E-01
-8.494159E-02
-7.117861E-02
-5.925338E-02
-4.776723E-02
-3.673173E-02
-2.760348E-02
-2.102681E-02
-1.633267E-02
-1.199667E-02
-8.040453E-03
-6.008428E-03
-6.563727E-03
-8.702940E-03
-1.015113E-02
-1.041885E-02
-1.026204E-02
-9.258110E-03
-6.885431E-03
-3.980040E-03
-6.478983E-04
4.128878E-03
1.046749E-02
1.745109E-02
2.348937E-02
2.782300E-02
3.103354E-02
3.404486E-02
3.682418E-02
3.808178E-02
3.669152E-02
3.268216E-02
2.616466E-02
1.689351E-02
5.584043E-03
-7.387744E-03
-2.198661E-02
-3.800556E-02
-5.508185E-02
-7.256070E-02
-8.979674E-02
-1.063781E-01
-1.223152E-01
-1.374280E-01
-1.500847E-01
-1.582815E-01
-1.625375E-01
-1.640249E-01
-1.636147E-01
-1.616058E-01
-1.577288E-01
-1.521635E-01
-1.449991E-01
-1.366335E-01
-1.284565E-01
-1.220016E-01
-1.174012E-01
-1.142965E-01
-1.122471E-01
-1.109330E-01
-1.096254E-01
-1.064358E-01
-9.997615E-02
-9.115928E-02
-8.065705E-02
-6.849651E-02
-5.587561E-02
-4.395718E-02
-3.246414E-02
-2.111555E-02
-1.033562E-02
-5.009722E-04
8.367826E-03
1.688495E-02
2.569352E-02
3.513539E-02
4.535867E-02
5.665347E-02
6.905285E-02
8.142613E-02
9.155548E-02
9.870857E-02
1.036286E-01
1.069318E-01
1.088621E-01
1.102754E-01
1.113991E-01
1.118508E-01
1.122387E-01
1.133432E-01
1.148382E-01
1.164869E-01
1.186921E-01
1.218147E-01
1.259436E-01
1.305165E-01
1.345913E-01
1.372960E-01
1.386064E-01
1.388869E-01
1.380166E-01
1.351470E-01
1.298804E-01
1.227699E-01
1.144032E-01
1.046135E-01
9.376408E-02
8.366611E-02
7.419440E-02
6.360358E-02
5.303807E-02
4.493806E-02
3.920358E-02
3.487885E-02
3.143182E-02
2.875469E-02
2.701851E-02
2.651587E-02
2.816527E-02
3.233230E-02
3.750702E-02
4.234490E-02
4.821430E-02
5.592619E-02
6.336531E-02
6.948056E-02
7.508194E-02
8.033830E-02
8.503640E-02
8.994536E-02
9.562297E-02
1.015742E-01
1.069439E-01
1.115704E-01
1.164641E-01
1.219380E-01
1.270522E-01
1.311310E-01
1.342364E-01
1.370505E-01
1.399156E-01
1.427485E-01
1.458270E-01
1.497602E-01
1.547015E-01
1.602154E-01
1.653517E-01
1.696345E-01
1.730219E-01
1.748631E-01
1.738576E-01
1.696195E-01
1.623328E-01
1.523979E-01
1.395881E-01
1.231671E-01
1.042046E-01
8.426907E-02
6.474590E-02
4.627863E-02
2.866747E-02
1.120265E-02
-5.767194E-03
-2.084078E-02
-3.376623E-02
-4.551745E-02
-5.709596E-02
-6.857244E-02
-7.942527E-02
-8.963580E-02
-9.968997E-02
-1.097886E-01
-1.199554E-01
-1.305635E-01
-1.423803E-01
-1.558549E-01
-1.702977E-01
-1.848601E-01
-1.993522E-01
-2.136156E-01
-2.272918E-01
-2.401984E-01
-2.520247E-01
-2.620426E-01
-2.696181E-01
-2.751794E-01
-2.791535E-01
-2.814435E-01
-2.820916E-01
-2.805451E-01
-2.764130E-01
-2.687499E-01
-2.544309E-01
-2.276581E-01
-1.863534E-01
-1.413383E-01
-9.966631E-02
-5.938203E-02
-2.107275E-02
1.136812E-02
3.782131E-02
5.964669E-02
7.793140E-02
9.314628E-02
1.055852E-01
1.170090E-01
1.283421E-01
1.391546E-01
1.494070E-01
1.595412E-01
1.689567E-01
1.763032E-01
1.812199E-01
1.846517E-01
1.873892E-01
1.893607E-01
1.929656E-01
2.035884E-01
2.191599E-01
2.283668E-01
2.243896E-01
2.098059E-01
1.969976E-01
1.922579E-01
1.905911E-01
1.877563E-01
1.834311E-01
1.779536E-01
1.711812E-01
1.638119E-01
1.565706E-01
1.494282E-01
1.417572E-01
1.333388E-01
1.251158E-01
1.181888E-01
1.128756E-01
1.087245E-01
1.058456E-01
1.045882E-01
1.035367E-01
1.001878E-01
9.458456E-02
8.723420E-02
7.652089E-02
6.178997E-02
4.561390E-02
2.904224E-02
1.113121E-02
-7.400623E-03
-2.487530E-02
-4.014023E-02
-5.252490E-02
-6.229031E-02
-7.148542E-02
-8.102549E-02
-8.924548E-02
-9.544898E-02
-1.009435E-01
-1.066506E-01
-1.125247E-01
-1.180406E-01
-1.217475E-01
-1.219018E-01
-1.183292E-01
-1.117550E-01
-1.033395E-01
-9.327130E-02
-8.144830E-02
-6.853231E-02
-5.542001E-02
-4.242772E-02
-2.946154E-02
-1.645963E-02
-3.425420E-03
9.587320E-03
2.252549E-02
3.557457E-02
4.924262E-02
6.353894E-02
7.742974E-02
8.910325E-02
9.732247E-02
1.032558E-01
1.071676E-01
1.080829E-01
1.064428E-01
1.036846E-01
1.008379E-01
9.782858E-02
9.456375E-02
9.273546E-02
9.406762E-02
9.673706E-02
9.855525E-02
9.932160E-02
9.870206E-02
9.582434E-02
9.080553E-02
8.373756E-02
7.445677E-02
6.308560E-02
5.044266E-02
3.734583E-02
2.435895E-02
1.235879E-02
2.395843E-03
-5.167451E-03
-1.069546E-02
-1.408412E-02
-1.472725E-02
-1.250006E-02
-8.804307E-03
-3.801983E-03
3.640205E-03
1.301787E-02
2.291342E-02
3.221117E-02
4.125829E-02
5.094313E-02
6.035227E-02
6.810397E-02
7.452888E-02
8.022486E-02
8.516228E-02
8.915073E-02
9.229961E-02
9.527826E-02
9.773510E-02
9.831385E-02
9.650604E-02
9.266245E-02
8.763543E-02
8.211014E-02
7.689324E-02
7.287777E-02
7.064751E-02
6.985268E-02
6.955001E-02
6.832300E-02
6.527456E-02
6.041576E-02
5.395925E-02
4.564747E-02
3.553594E-02
2.427695E-02
1.322885E-02
3.946956E-03
-2.588676E-03
-7.108765E-03
-9.885383E-03
-1.041744E-02
-8.536412E-03
-4.734982E-03
-6.708343E-04
2.278144E-03
3.694961E-03
3.359873E-03
1.218362E-03
-1.821537E-03
-4.706980E-03
-6.873162E-03
-8.387230E-03
-9.761112E-03
-1.127744E-02
-1.271324E-02
-1.350987E-02
-1.369462E-02
-1.429410E-02
-1.646585E-02
-2.021307E-02
-2.349650E-02
-2.556164E-02
-2.779955E-02
-3.004660E-02
-3.090601E-02
-3.080862E-02
-3.061424E-02
-3.006788E-02
-2.831706E-02
-2.482676E-02
-2.002010E-02
-1.435981E-02
-8.380096E-03
-2.989927E-03
9.633067E-04
3.607014E-03
5.111601E-03
5.271442E-03
4.039172E-03
1.797559E-03
-1.721853E-03
-6.907618E-03
-1.238352E-02
-1.682620E-02
-2.027288E-02
-2.307239E-02
-2.491845E-02
-2.490379E-02
-2.254699E-02
-1.883086E-02
-1.411775E-02
-7.836388E-03
-1.404220E-04
8.391186E-03
1.709671E-02
2.576162E-02
3.449749E-02
4.297851E-02
5.036478E-02
5.619441E-02
6.091959E-02
6.542520E-02
6.885851E-02
6.985968E-02
6.966045E-02
6.941492E-02
6.871461E-02
6.729366E-02
6.573812E-02
6.483741E-02
6.454454E-02
6.384184E-02
6.264949E-02
6.203649E-02
6.256968E-02
6.371457E-02
6.397833E-02
6.265174E-02
6.019692E-02
5.693186E-02
5.287246E-02
4.853342E-02
4.405531E-02
3.889722E-02
3.298699E-02
2.718669E-02
2.266413E-02
1.909040E-02
1.460771E-02
9.509044E-03
5.642215E-03
2.812068E-03
1.270204E-04
-2.199153E-03
-3.529190E-03
-3.854745E-03
-4.200820E-03
-5.363674E-03
-6.927031E-03
-8.411544E-03
-9.826847E-03
-1.126805E-02
-1.271083E-02
-1.413383E-02
-1.562434E-02
-1.716489E-02
-1.830087E-02
-1.865557E-02
-1.869492E-02
-1.843553E-02
-1.701674E-02
-1.405652E-02
-9.972399E-03
-5.541303E-03
-1.255231E-03
2.920617E-03
7.558292E-03
1.299750E-02
1.804046E-02
2.150150E-02
2.418150E-02
2.698925E-02
2.994159E-02
3.285626E-02
3.572135E-02
3.860395E-02
4.151390E-02
4.440277E-02
4.724595E-02
5.014910E-02
5.318735E-02
5.584940E-02
5.721374E-02
5.735735E-02
5.722301E-02
5.726912E-02
5.722597E-02
5.659669E-02
5.511351E-02
5.270818E-02
4.934881E-02
4.531400E-02
4.160243E-02
3.838022E-02
3.471109E-02
3.037280E-02
2.597071E-02
2.214136E-02
1.919460E-02
1.711799E-02
1.594913E-02
1.559225E-02
1.547674E-02
1.577721E-02
1.736756E-02
1.979230E-02
2.177463E-02
2.362124E-02
2.617300E-02
2.914532E-02
3.211386E-02
3.504941E-02
3.764824E-02
3.931034E-02
3.999037E-02
4.015278E-02
4.029895E-02
3.979425E-02
3.750536E-02
3.378916E-02
2.969939E-02
2.616434E-02
2.317742E-02
2.032959E-02
1.789157E-02
1.624276E-02
1.495156E-02
1.343124E-02
1.181029E-02
1.145883E-02
1.376866E-02
1.825738E-02
2.401559E-02
3.062014E-02
3.845838E-02
4.809591E-02
5.862557E-02
6.835250E-02
7.590066E-02
8.145489E-02
8.596724E-02
8.993377E-02
9.263027E-02
9.306007E-02
9.174983E-02
9.014040E-02
8.880384E-02
8.728176E-02
8.501429E-02
8.243539E-02
8.045991E-02
7.901163E-02
7.765305E-02
7.630583E-02
7.454639E-02
7.144460E-02
6.644545E-02
5.965515E-02
5.230288E-02
4.497139E-02
3.704380E-02
2.795724E-02
1.817027E-02
9.238424E-03
1.304133E-03
-6.997542E-03
-1.423067E-02
-1.778143E-02
-1.949535E-02
-2.178161E-02
-2.414938E-02
-2.583622E-02
-2.714616E-02
-2.845604E-02
-3.002036E-02
-3.221696E-02
-3.478509E-02
-3.683222E-02
-3.827737E-02
-3.965834E-02
-4.119114E-02
-4.250863E-02
-4.310731E-02
-4.313205E-02
-4.307915E-02
-4.311346E-02
-4.310240E-02
-4.300691E-02
-4.324453E-02
-4.427342E-02
-4.577085E-02
-4.727830E-02
-4.870247E-02
-5.008823E-02
-5.154077E-02
-5.313489E-02
-5.444877E-02
-5.456279E-02
-5.355736E-02
-5.275389E-02
-5.294411E-02
-5.425948E-02
-5.643874E-02
-5.906006E-02
-6.178472E-02
-6.534533E-02
-7.040269E-02
-7.531394E-02
-7.873769E-02
-8.144172E-02
-8.413875E-02
-8.701819E-02
-9.086105E-02
-9.607727E-02
-1.013634E-01
-1.058400E-01
-1.099795E-01
-1.146210E-01
-1.201804E-01
-1.261794E-01
-1.317272E-01
-1.358932E-01
-1.381725E-01
-1.387009E-01
-1.386802E-01
-1.383048E-01
-1.366940E-01
-1.340558E-01
-1.310356E-01
-1.270824E-01
-1.218696E-01
-1.166886E-01
-1.122079E-01
-1.079329E-01
-1.038724E-01
-1.009014E-01
-9.957302E-02
-9.913251E-02
-9.824164E-02
-9.715699E-02
-9.678146E-02
-9.686342E-02
-9.696659E-02
-9.703273E-02
-9.671867E-02
-9.560065E-02
-9.406693E-02
-9.255137E-02
-9.112384E-02
-8.977753E-02
-8.832043E-02
-8.628449E-02
-8.375606E-02
-8.163147E-02
-7.979582E-02
-7.739209E-02
-7.488237E-02
-7.312568E-02
-7.181430E-02
-7.038112E-02
-6.882233E-02
-6.770195E-02
-6.743516E-02
-6.753968E-02
-6.757003E-02
-6.753874E-02
-6.753540E-02
-6.754267E-02
-6.752305E-02
-6.752896E-02
-6.760548E-02
-6.742260E-02
-6.639028E-02
-6.435241E-02
-6.171226E-02
-5.945872E-02
-5.797148E-02
-5.667457E-02
-5.477786E-02
-5.216455E-02
-4.981170E-02
-4.825804E-02
-4.699694E-02
-4.523701E-02
-4.261529E-02
-3.962084E-02
-3.664280E-02
-3.377226E-02
-3.108130E-02
-2.813669E-02
-2.393502E-02
-1.893496E-02
-1.543960E-02
-1.354797E-02
-1.128592E-02
-8.179465E-03
-5.390386E-03
-4.058719E-03
-3.644577E-03
-2.757223E-03
-1.632403E-03
-1.313013E-03
-1.990804E-03
-3.585399E-03
-5.978803E-03
-8.740828E-03
-1.173733E-02
-1.536109E-02
-1.920341E-02
-2.193877E-02
-2.350826E-02
-2.480235E-02
-2.617915E-02
-2.776583E-02
-2.996555E-02
-3.284530E-02
-3.583100E-02
-3.819050E-02
-3.993366E-02
-4.205970E-02
-4.468603E-02
-4.676505E-02
-4.772585E-02
-4.799423E-02
-4.866533E-02
-4.973610E-02
-5.026690E-02
-5.062921E-02
-5.170331E-02
-5.280092E-02
-5.281233E-02
-5.174328E-02
-5.070651E-02
-5.033346E-02
-4.935294E-02
-4.701259E-02
-4.465832E-02
-4.313963E-02
-4.185967E-02
-3.993596E-02
-3.732200E-02
-3.501664E-02
-3.344237E-02
-3.211918E-02
-3.068258E-02
-2.920745E-02
-2.817818E-02
-2.843183E-02
-3.040788E-02
-3.297354E-02
-3.479070E-02
-3.645987E-02
-3.943476E-02
-4.426628E-02
-4.953230E-02
-5.324619E-02
-5.538995E-02
-5.704764E-02
-5.928148E-02
-6.191847E-02
-6.391925E-02
-6.489151E-02
-6.505081E-02
-6.500999E-02
-6.488682E-02
-6.412622E-02
-6.197327E-02
-5.808640E-02
-5.353695E-02
-4.924455E-02
-4.506303E-02
-4.026765E-02
-3.486322E-02
-3.029301E-02
-2.662795E-02
-2.210091E-02
-1.711579E-02
-1.330659E-02
-9.560208E-03
-4.375903E-03
1.583914E-03
7.535781E-03
1.335393E-02
1.835929E-02
2.168249E-02
2.369614E-02
2.521201E-02
2.672382E-02
2.793451E-02
2.813714E-02
2.732013E-02
2.622735E-02
2.570204E-02
2.527715E-02
2.426300E-02
2.341881E-02
2.289857E-02
2.139904E-02
1.869964E-02
1.569215E-02
1.242636E-02
8.201660E-03
2.947860E-03
-2.455117E-03
-7.255871E-03
-1.212809E-02
-1.739914E-02
-2.183157E-02
-2.532640E-02
-2.912588E-02
-3.267799E-02
-3.484332E-02
-3.673293E-02
-3.921534E-02
-4.148413E-02
-4.278621E-02
-4.299282E-02
-4.238423E-02
-4.107244E-02
-3.899297E-02
-3.559017E-02
-3.053022E-02
-2.512997E-02
-2.048269E-02
-1.618390E-02
-1.205919E-02
-8.668835E-03
-5.965516E-03
-2.974044E-03
1.397789E-03
6.570713E-03
1.067714E-02
1.358022E-02
1.633543E-02
1.932693E-02
2.209037E-02
2.412679E-02
2.567722E-02
2.705469E-02
2.792158E-02
2.825817E-02
2.894966E-02
3.030385E-02
3.182642E-02
3.325168E-02
3.472523E-02
3.627858E-02
3.742695E-02
3.785148E-02
3.837363E-02
3.935779E-02
3.953171E-02
3.863797E-02
3.799462E-02
3.762283E-02
3.660622E-02
3.509596E-02
3.351881E-02
3.199786E-02
3.092673E-02
3.055344E-02
3.004474E-02
2.899882E-02
2.821812E-02
2.799977E-02
2.808916E-02
2.871903E-02
2.967427E-02
2.968262E-02
2.881595E-02
2.829944E-02
2.749160E-02
2.529575E-02
2.283085E-02
2.113493E-02
1.983401E-02
1.846091E-02
1.695809E-02
1.541667E-02
1.414553E-02
1.354132E-02
1.343389E-02
1.348681E-02
1.397525E-02
1.519391E-02
1.673570E-02
1.822334E-02
1.962962E-02
2.103402E-02
2.253508E-02
2.409754E-02
2.526994E-02
2.569938E-02
2.613699E-02
2.719065E-02
2.805460E-02
2.843732E-02
2.919603E-02
3.055425E-02
3.211559E-02
3.367299E-02
3.492773E-02
3.546573E-02
3.577227E-02
3.678879E-02
3.837883E-02
3.977380E-02
4.043940E-02
4.054831E-02
4.053415E-02
4.016816E-02
3.892711E-02
3.680834E-02
3.384136E-02
2.996296E-02
2.552521E-02
2.123931E-02
1.766501E-02
1.437266E-02
1.048408E-02
6.837778E-03
4.661631E-03
2.823424E-03
3.256795E-04
-2.009008E-03
-3.302626E-03
-3.567740E-03
-3.529184E-03
-3.467087E-03
-2.871677E-03
-1.212951E-03
1.341670E-03
3.740828E-03
5.586206E-03
7.782447E-03
1.009440E-02
1.116024E-02
1.149282E-02
1.253964E-02
1.421043E-02
1.554169E-02
1.600642E-02
1.630908E-02
1.736272E-02
1.888503E-02
2.042295E-02
2.193034E-02
2.310693E-02
2.352680E-02
2.348906E-02
2.342126E-02
2.341808E-02
2.349935E-02
2.355998E-02
2.311352E-02
2.198099E-02
2.106195E-02
2.092996E-02
2.113710E-02
2.087380E-02
1.966052E-02
1.799993E-02
1.671945E-02
1.625307E-02
1.594682E-02
1.489062E-02
1.335506E-02
1.187891E-02
1.047901E-02
8.974757E-03
7.502712E-03
6.595996E-03
6.253584E-03
5.552285E-03
4.466993E-03
3.899228E-03
3.862157E-03
3.983494E-03
4.533320E-03
6.008587E-03
8.424793E-03
1.128802E-02
1.424359E-02
1.723618E-02
1.992869E-02
2.187744E-02
2.366950E-02
2.617290E-02
2.874955E-02
3.029905E-02
3.075877E-02
3.109312E-02
3.212273E-02
3.317400E-02
3.347062E-02
3.342150E-02
3.324174E-02
3.239268E-02
3.049939E-02
2.788379E-02
2.561688E-02
2.384114E-02
2.161546E-02
1.876707E-02
1.579151E-02
1.290339E-02
1.003392E-02
7.155870E-03
4.292056E-03
1.375788E-03
-1.619175E-03
-4.331460E-03
-6.343829E-03
-8.218967E-03
-1.067288E-02
-1.270100E-02
-1.330371E-02
-1.326909E-02
-1.275042E-02
-1.092625E-02
-8.145596E-03
-5.050455E-03
-1.443390E-03
2.508752E-03
5.944367E-03
9.149523E-03
1.312315E-02
1.766653E-02
2.188197E-02
2.527641E-02
2.852750E-02
3.243722E-02
3.634650E-02
3.955219E-02
4.241509E-02
4.500393E-02
4.694745E-02
4.847745E-02
4.974554E-02
5.042215E-02
5.083284E-02
5.176795E-02
5.277024E-02
5.319168E-02
5.377938E-02
5.483372E-02
5.551273E-02
5.562772E-02
5.554304E-02
5.503869E-02
5.376272E-02
5.212576E-02
5.096199E-02
5.062258E-02
5.022632E-02
4.904000E-02
4.748431E-02
4.600691E-02
4.459457E-02
4.315435E-02
4.171709E-02
4.030320E-02
3.881478E-02
3.727211E-02
3.618687E-02
3.590099E-02
3.552907E-02
3.407988E-02
3.155602E-02
2.898603E-02
2.720312E-02
2.543770E-02
2.262183E-02
1.874600E-02
1.473125E-02
1.138725E-02
8.445981E-03
5.775751E-03
3.740120E-03
1.833237E-03
-6.955580E-04
-2.462950E-03
-1.826212E-03
3.564824E-05
1.386274E-03
1.743094E-03
2.011859E-03
3.151419E-03
4.809760E-03
6.172688E-03
6.730357E-03
6.694571E-03
6.678627E-03
6.902679E-03
6.636786E-03
4.888596E-03
2.569403E-03
1.649026E-03
1.958749E-03
1.840807E-03
1.660131E-04
-2.036843E-03
-2.993606E-03
-3.708453E-03
-5.927526E-03
-9.040520E-03
-1.204080E-02
-1.485947E-02
-1.770852E-02
-2.062142E-02
-2.352574E-02
-2.639053E-02
-2.926014E-02
-3.220344E-02
-3.509660E-02
-3.748195E-02
-3.913184E-02
-4.048603E-02
-4.188467E-02
-4.335356E-02
-4.487022E-02
-4.622377E-02
-4.697414E-02
-4.707309E-02
-4.698325E-02
-4.701154E-02
-4.701285E-02
-4.647242E-02
-4.493427E-02
-4.250907E-02
-3.978855E-02
-3.679839E-02
-3.264871E-02
-2.749783E-02
-2.316580E-02
-2.017353E-02
-1.747373E-02
-1.411908E-02
-9.921521E-03
-5.415425E-03
-1.247478E-03
2.086016E-03
4.491633E-03
6.169516E-03
7.631350E-03
8.838582E-03
9.364072E-03
9.439969E-03
9.324197E-03
8.693102E-03
7.449796E-03
6.030107E-03
4.298148E-03
1.735544E-03
-1.318038E-03
-4.120943E-03
-6.176355E-03
-7.640838E-03
-9.016701E-03
-1.052357E-02
-1.191853E-02
-1.265943E-02
-1.260450E-02
-1.242984E-02
-1.337230E-02
-1.565437E-02
-1.741282E-02
-1.766760E-02
-1.737298E-02
-1.766222E-02
-1.890133E-02
-2.050548E-02
-2.181315E-02
-2.245377E-02
-2.226296E-02
-2.105336E-02
-1.893145E-02
-1.626585E-02
-1.349637E-02
-1.006182E-02
-5.087858E-03
7.601131E-04
6.698628E-03
1.261969E-02
1.792452E-02
2.174898E-02
2.460761E-02
2.738843E-02
3.028790E-02
3.323883E-02
3.620443E-02
3.881827E-02
4.051703E-02
4.127707E-02
4.140012E-02
4.135420E-02
4.136495E-02
4.137750E-02
4.135310E-02
4.137397E-02
4.147744E-02
4.126387E-02
4.021220E-02
3.861859E-02
3.724858E-02
3.663771E-02
3.634796E-02
3.543647E-02
3.394679E-02
3.244471E-02
3.110977E-02
2.953687E-02
2.717201E-02
2.418629E-02
2.132430E-02
1.916926E-02
1.732063E-02
1.491934E-02
1.275113E-02
1.194308E-02
1.141127E-02
1.059472E-02
1.068765E-02
1.155687E-02
1.209552E-02
1.305690E-02
1.527597E-02
1.757527E-02
1.943964E-02
2.171829E-02
2.456936E-02
2.757991E-02
3.056098E-02
3.323635E-02
3.521910E-02
3.672868E-02
3.811480E-02
3.908464E-02
3.911107E-02
3.818786E-02
3.682600E-02
3.535345E-02
3.342282E-02
3.075059E-02
2.777320E-02
2.486050E-02
2.200186E-02
1.912522E-02
1.623085E-02
1.334197E-02
1.045889E-02
7.576206E-03
4.690907E-03
1.801235E-03
-1.088804E-03
-3.963668E-03
-6.836672E-03
-9.758492E-03
-1.263758E-02
-1.504186E-02
-1.651186E-02
-1.705242E-02
-1.709113E-02
-1.704130E-02
-1.701751E-02
-1.704244E-02
-1.712750E-02
-1.691569E-02
-1.590030E-02
-1.431564E-02
-1.289231E-02
-1.223636E-02
-1.200637E-02
-1.111126E-02
-9.397844E-03
-8.086782E-03
-8.721224E-03
-1.071975E-02
-1.186833E-02
-1.267960E-02
-1.471053E-02
-1.659813E-02
-1.724156E-02
-1.789695E-02
-1.900566E-02
-1.952352E-02
-1.893384E-02
-1.770161E-02
-1.689059E-02
-1.683598E-02
-1.697832E-02
-1.658849E-02
-1.532965E-02
-1.369565E-02
-1.242050E-02
-1.193109E-02
-1.192917E-02
-1.196201E-02
-1.194736E-02
-1.194742E-02
-1.193013E-02
-1.186248E-02
-1.190160E-02
-1.210878E-02
-1.175951E-02
-9.951106E-03
-7.734237E-03
-6.847116E-03
-6.521437E-03
-5.400229E-03
-3.722095E-03
-2.404929E-03
-1.981441E-03
-2.092219E-03
-2.059069E-03
-1.365548E-03
-2.100499E-05
1.494942E-03
2.929727E-03
4.372331E-03
5.898102E-03
7.212536E-03
7.828032E-03
7.821131E-03
7.757541E-03
8.268055E-03
9.586120E-03
1.121584E-02
1.241155E-02
1.279768E-02
1.281563E-02
1.268888E-02
1.200280E-02
1.067643E-02
9.154850E-03
7.709035E-03
6.304886E-03
4.866982E-03
3.386760E-03
1.954827E-03
6.271894E-04
-8.853115E-04
-3.069983E-03
-5.437118E-03
-6.704170E-03
-6.940551E-03
-6.760149E-03
-5.624827E-03
-3.343924E-03
-1.153655E-03
7.552429E-04
3.144477E-03
5.530465E-03
7.412374E-03
9.549855E-03
1.206868E-02
1.411103E-02
1.559061E-02
1.693392E-02
1.832977E-02
1.988333E-02
2.154112E-02
2.238610E-02
2.149719E-02
1.979301E-02
1.838875E-02
1.722950E-02
1.514103E-02
1.149739E-02
8.088243E-03
6.049887E-03
4.073349E-03
1.330428E-03
-1.675956E-03
-4.550771E-03
-7.435657E-03
-1.042319E-02
-1.304935E-02
-1.491009E-02
-1.676096E-02
-1.926713E-02
-2.164037E-02
-2.328413E-02
-2.460329E-02
-2.597850E-02
-2.747238E-02
-2.902965E-02
-3.028751E-02
-3.080087E-02
-3.109283E-02
-3.211634E-02
-3.370507E-02
-3.507737E-02
-3.572531E-02
-3.584224E-02
-3.580386E-02
-3.534453E-02
-3.419420E-02
-3.276135E-02
-3.100813E-02
-2.855997E-02
-2.608785E-02
-2.425709E-02
-2.229318E-02
-1.958801E-02
-1.659209E-02
-1.369892E-02
-1.080146E-02
-7.797458E-03
-5.093949E-03
-3.132913E-03
-1.260989E-03
1.243387E-03
3.259340E-03
3.706894E-03
3.478718E-03
3.573675E-03
3.714409E-03
2.717225E-03
5.210964E-04
-9.856626E-04
-1.752330E-03
-3.575494E-03
-5.756719E-03
-6.443294E-03
-6.167976E-03
-6.145103E-03
-6.400125E-03
-5.748699E-03
-3.519031E-03
-1.139127E-03
8.817911E-04
3.870988E-03
7.762840E-03
1.123754E-02
1.416690E-02
1.684292E-02
1.900559E-02
2.064942E-02
2.208509E-02
2.306485E-02
2.339905E-02
2.394711E-02
2.527296E-02
2.691733E-02
2.806915E-02
2.831545E-02
2.818559E-02
2.820213E-02
2.834130E-02
2.807474E-02
2.695749E-02
2.542940E-02
2.395213E-02
2.254246E-02
2.111577E-02
1.966764E-02
1.822649E-02
1.679270E-02
1.535199E-02
1.390721E-02
1.247931E-02
1.106055E-02
9.591042E-03
8.092013E-03
6.752130E-03
5.509592E-03
3.379946E-03
-3.582967E-04
-4.339928E-03
-7.416324E-03
-1.005018E-02
-1.321057E-02
-1.723437E-02
-2.119544E-02
-2.423064E-02
-2.630923E-02
-2.749274E-02
-2.788837E-02
-2.801575E-02
-2.774444E-02
-2.622978E-02
-2.383422E-02
-2.181979E-02
-1.992599E-02
-1.744570E-02
-1.508257E-02
-1.342608E-02
-1.207628E-02
-1.066098E-02
-9.193726E-03
-7.713199E-03
-6.325694E-03
-5.497655E-03
-6.059609E-03
-8.301507E-03
-1.076233E-02
-1.256399E-02
-1.461315E-02
-1.745127E-02
-2.047154E-02
-2.284330E-02
-2.459672E-02
-2.671802E-02
-2.924682E-02
-3.128166E-02
-3.278535E-02
-3.407007E-02
-3.489079E-02
-3.510242E-02
-3.502509E-02
-3.484797E-02
-3.493861E-02
-3.617230E-02
-3.850790E-02
-4.062550E-02
-4.247908E-02
-4.490906E-02
-4.736964E-02
-4.907139E-02
-5.039342E-02
-5.187464E-02
-5.336914E-02
-5.427743E-02
-5.465052E-02
-5.543121E-02
-5.626050E-02
-5.584378E-02
-5.482811E-02
-5.435515E-02
-5.382509E-02
-5.263594E-02
-5.117993E-02
-4.942297E-02
-4.686005E-02
-4.380457E-02
-4.100227E-02
-3.894357E-02
-3.744297E-02
-3.604520E-02
-3.462909E-02
-3.310029E-02
-3.102709E-02
-2.795301E-02
-2.394388E-02
-1.997918E-02
-1.680164E-02
-1.401709E-02
-1.119312E-02
-8.280086E-03
-5.273722E-03
-2.459653E-03
-6.978136E-04
-5.435034E-04
-1.559458E-03
-3.014113E-03
-4.478515E-03
-5.860197E-03
-7.373569E-03
-9.507257E-03
-1.266968E-02
-1.669461E-02
-2.052478E-02
-2.375886E-02
-2.733500E-02
-3.139829E-02
-3.489495E-02
-3.725917E-02
-3.895923E-02
-4.112820E-02
-4.356230E-02
-4.478265E-02
-4.440922E-02
-4.313885E-02
-4.180316E-02
-4.001714E-02
-3.678237E-02
-3.276668E-02
-2.942531E-02
-2.672647E-02
-2.377004E-02
-1.999187E-02
-1.590456E-02
-1.250266E-02
-1.009243E-02
-8.560723E-03
-7.308103E-03
-5.496283E-03
-2.946825E-03
-9.996501E-04
-2.645323E-04
1.029151E-03
3.176135E-03
4.365825E-03
4.721655E-03
5.725679E-03
7.389774E-03
8.748757E-03
9.222472E-03
9.490508E-03
1.055234E-02
1.217216E-02
1.355151E-02
1.419130E-02
1.426829E-02
1.422079E-02
1.416489E-02
1.424229E-02
1.492735E-02
1.636439E-02
1.794241E-02
1.884201E-02
1.923733E-02
2.058356E-02
2.281423E-02
2.409670E-02
2.416063E-02
2.398752E-02
2.400033E-02
2.406616E-02
2.406385E-02
2.401881E-02
2.403073E-02
2.413502E-02
2.401486E-02
2.317864E-02
2.198279E-02
2.145614E-02
2.200220E-02
2.320398E-02
2.402794E-02
2.412619E-02
2.402941E-02
2.408259E-02
2.405538E-02
2.343398E-02
2.213302E-02
2.060066E-02
1.911047E-02
1.770808E-02
1.637749E-02
1.475983E-02
1.238366E-02
9.770520E-03
7.931115E-03
6.698352E-03
5.117468E-03
2.671087E-03
4.102646E-04
-4.314566E-04
-1.196702E-03
-3.491316E-03
-6.605593E-03
-9.590726E-03
-1.242239E-02
-1.529099E-02
-1.817994E-02
-2.105227E-02
-2.400900E-02
-2.700046E-02
-2.949611E-02
-3.128813E-02
-3.333873E-02
-3.574445E-02
-3.713409E-02
-3.724814E-02
-3.708667E-02
-3.720006E-02
-3.707393E-02
-3.568902E-02
-3.271378E-02
-2.868718E-02
-2.438643E-02
-1.996061E-02
-1.496802E-02
-9.341687E-03
-3.494288E-03
2.394864E-03
8.081266E-03
1.273356E-02
1.578211E-02
1.764537E-02
1.906551E-02
2.050628E-02
2.204463E-02
2.335997E-02
2.399993E-02
2.405875E-02
2.399970E-02
2.400649E-02
2.400885E-02
2.398754E-02
2.403214E-02
2.407918E-02
2.366694E-02
2.249192E-02
2.100291E-02
1.933617E-02
1.709773E-02
1.401870E-02
9.803410E-03
4.558612E-03
-6.761140E-04
-4.594982E-03
-8.176443E-03
-1.315207E-02
-1.863938E-02
-2.319883E-02
-2.669995E-02
-2.934586E-02
-3.117425E-02
-3.259288E-02
-3.398178E-02
-3.542265E-02
-3.693605E-02
-3.842792E-02
-3.945472E-02
-3.974260E-02
-3.974173E-02
-3.949548E-02
-3.859417E-02
-3.726779E-02
-3.571852E-02
-3.320222E-02
-2.903880E-02
-2.368963E-02
-1.799206E-02
-1.219059E-02
-5.834343E-03
1.067624E-03
7.594934E-03
1.347841E-02
1.919448E-02
2.466339E-02
2.910179E-02
3.192932E-02
3.346806E-02
3.481039E-02
3.651577E-02
3.774800E-02
3.705427E-02
3.503571E-02
3.390019E-02
3.312341E-02
3.105610E-02
2.863652E-02
2.669438E-02
2.444602E-02
2.196078E-02
2.008022E-02
1.829360E-02
1.553476E-02
1.168751E-02
7.627863E-03
4.268537E-03
1.421913E-03
-1.377305E-03
-4.246297E-03
-7.251856E-03
-1.026508E-02
-1.239284E-02
-1.295413E-02
-1.284214E-02
-1.256842E-02
-1.174123E-02
-1.043133E-02
-8.850740E-03
-6.731649E-03
-4.256367E-03
-2.226862E-03
-3.082201E-04
2.150195E-03
4.058643E-03
4.641026E-03
5.173164E-03
6.513167E-03
8.132428E-03
9.180044E-03
9.375374E-03
9.275767E-03
9.275514E-03
9.302435E-03
9.259838E-03
9.268048E-03
9.427197E-03
9.142420E-03
7.408034E-03
4.406513E-03
1.441557E-03
-1.869424E-04
-7.607021E-04
-2.199562E-03
-5.029272E-03
-8.104765E-03
-1.042698E-02
-1.214727E-02
-1.431153E-02
-1.692443E-02
-1.896213E-02
-1.996755E-02
-2.012904E-02
-2.005108E-02
-2.004994E-02
-2.007112E-02
-2.005888E-02
-2.005337E-02
-2.008954E-02
-2.008164E-02
-1.996335E-02
-2.016270E-02
-2.134034E-02
-2.316344E-02
-2.418780E-02
-2.302395E-02
-2.081928E-02
-1.985370E-02
-1.998146E-02
-2.013189E-02
-2.008215E-02
-2.003144E-02
-2.004822E-02
-2.007294E-02
-2.006224E-02
-2.003120E-02
-2.005485E-02
-2.013652E-02
-1.986753E-02
-1.867084E-02
-1.652890E-02
-1.374974E-02
-1.081748E-02
-7.958398E-03
-5.053695E-03
-2.048045E-03
6.645522E-04
2.637517E-03
4.479962E-03
6.970782E-03
9.081633E-03
9.479693E-03
8.536231E-03
7.182185E-03
5.787959E-03
3.909515E-03
1.337202E-03
-1.013830E-03
-2.617921E-03
-3.938465E-03
-5.387094E-03
-6.865108E-03
-7.852648E-03
-7.803254E-03
-6.757331E-03
-5.661259E-03
-5.304651E-03
-4.920650E-03
-3.656478E-03
-1.966002E-03
-8.493388E-04
-5.374787E-04
3.630752E-04
2.673156E-03
5.060321E-03
6.664357E-03
7.992115E-03
9.455983E-03
1.089498E-02
1.220286E-02
1.391149E-02
1.646486E-02
1.868666E-02
1.932891E-02
1.962592E-02
2.090115E-02
2.270017E-02
2.357616E-02
2.280145E-02
2.176519E-02
2.136797E-02
2.075330E-02
1.945475E-02
1.789355E-02
1.636695E-02
1.504924E-02
1.429862E-02
1.415632E-02
1.424867E-02
1.432984E-02
1.424881E-02
1.402088E-02
1.445874E-02
1.643938E-02
1.869335E-02
1.941099E-02
1.918995E-02
1.906888E-02
1.913786E-02
1.919891E-02
1.917274E-02
1.908717E-02
1.920442E-02
1.996411E-02
2.132728E-02
2.283543E-02
2.427512E-02
2.571841E-02
2.719458E-02
2.859594E-02
2.995401E-02
3.178074E-02
3.438147E-02
3.687204E-02
3.830127E-02
3.865638E-02
3.892794E-02
4.005721E-02
4.169571E-02
4.303091E-02
4.362853E-02
4.374459E-02
4.368687E-02
4.315644E-02
4.201231E-02
4.067992E-02
3.869999E-02
3.523493E-02
3.125629E-02
2.800900E-02
2.524310E-02
2.242848E-02
1.950972E-02
1.656346E-02
1.371668E-02
1.135257E-02
9.898053E-03
9.407531E-03
9.449809E-03
9.452087E-03
9.253823E-03
9.554857E-03
1.126721E-02
1.373696E-02
1.567105E-02
1.749598E-02
2.011102E-02
2.320431E-02
2.592393E-02
2.780055E-02
2.920940E-02
3.059204E-02
3.203438E-02
3.356214E-02
3.508684E-02
3.611132E-02
3.645101E-02
3.702629E-02
3.810915E-02
3.881278E-02
3.889872E-02
3.880008E-02
3.872740E-02
3.886866E-02
3.963922E-02
4.105854E-02
4.259761E-02
4.359067E-02
4.379630E-02
4.370360E-02
4.368118E-02
4.371350E-02
4.373041E-02
4.371012E-02
4.367904E-02
4.372071E-02
4.381764E-02
4.350793E-02
4.234234E-02
4.076484E-02
3.930833E-02
3.800079E-02
3.632455E-02
3.374475E-02
3.066154E-02
2.789877E-02
2.592058E-02
2.411886E-02
2.166760E-02
1.916853E-02
1.741894E-02
1.608779E-02
1.471962E-02
1.323942E-02
1.168585E-02
1.031763E-02
9.603768E-03
9.313406E-03
8.480256E-03
6.958576E-03
5.508020E-03
4.782215E-03
4.376642E-03
3.405149E-03
2.690912E-03
3.346423E-03
3.864410E-03
3.044141E-03
2.137216E-03
2.004831E-03
2.132740E-03
2.063742E-03
2.119959E-03
2.895139E-03
4.064393E-03
4.621707E-03
4.513555E-03
4.526829E-03
5.280800E-03
6.365965E-03
6.887673E-03
7.291537E-03
8.331682E-03
9.252577E-03
9.608909E-03
1.029949E-02
1.173574E-02
1.328289E-02
1.415002E-02
1.443911E-02
1.517541E-02
1.637304E-02
1.692980E-02
1.635581E-02
1.519673E-02
1.453036E-02
1.399641E-02
1.220779E-02
9.338075E-03
6.299907E-03
3.349466E-03
6.384404E-04
-1.386449E-03
-2.768949E-03
-4.193692E-03
-6.343601E-03
-8.794759E-03
-1.015677E-02
-1.029618E-02
-1.013760E-02
-1.011010E-02
-1.017560E-02
-1.027130E-02
-1.006312E-02
-9.055533E-03
-7.474359E-03
-6.078751E-03
-5.467699E-03
-5.031088E-03
-3.326157E-03
-3.464634E-05
4.118934E-03
7.929165E-03
1.094930E-02
1.372414E-02
1.665740E-02
1.957463E-02
2.193401E-02
2.353395E-02
2.488059E-02
2.636984E-02
2.784577E-02
2.879393E-02
2.905092E-02
2.906820E-02
2.874963E-02
2.773582E-02
2.674585E-02
2.635520E-02
2.577092E-02
2.453305E-02
2.307671E-02
2.130530E-02
1.869270E-02
1.559670E-02
1.287773E-02
1.097330E-02
9.146787E-03
6.652609E-03
4.255174E-03
2.436287E-03
3.444378E-04
-2.457794E-03
-5.495699E-03
-8.051177E-03
-9.558536E-03
-1.007636E-02
-1.041508E-02
-1.142230E-02
-1.253820E-02
-1.282681E-02
-1.260079E-02
-1.277490E-02
-1.381849E-02
-1.496254E-02
-1.527989E-02
-1.513319E-02
-1.514366E-02
-1.529016E-02
-1.495538E-02
-1.385300E-02
-1.291051E-02
-1.255441E-02
-1.190102E-02
-1.056869E-02
-9.017935E-03
-7.556296E-03
-6.162416E-03
-4.746819E-03
-3.239713E-03
-1.732845E-03
-6.967916E-04
-4.299410E-04
-4.432933E-04
-6.308384E-04
-1.504448E-03
-3.020082E-03
-4.484468E-03
-5.248138E-03
-5.584184E-03
-6.437681E-03
-7.556967E-03
-7.993682E-03
-7.916593E-03
-7.873591E-03
-7.914084E-03
-7.859114E-03
-7.833850E-03
-8.364893E-03
-9.449651E-03
-1.018769E-02
-1.060911E-02
-1.153278E-02
-1.252217E-02
-1.294836E-02
-1.355346E-02
-1.461930E-02
-1.529252E-02
-1.535984E-02
-1.526438E-02
-1.523215E-02
-1.528490E-02
-1.539814E-02
-1.516689E-02
-1.405842E-02
-1.241704E-02
-1.111795E-02
-1.064972E-02
-1.005449E-02
-8.066408E-03
-5.558689E-03
-3.718453E-03
-2.291751E-03
-1.173374E-03
-7.226904E-04
-3.175427E-04
7.627001E-04
1.779038E-03
1.791156E-03
7.927795E-04
-6.022533E-04
-2.089721E-03
-4.070942E-03
-6.786028E-03
-9.762688E-03
-1.264758E-02
-1.553846E-02
-1.852797E-02
-2.127058E-02
-2.332063E-02
-2.517064E-02
-2.758226E-02
-2.997650E-02
-3.186033E-02
-3.404513E-02
-3.636980E-02
-3.750122E-02
-3.753039E-02
-3.740889E-02
-3.742837E-02
-3.742049E-02
-3.741484E-02
-3.758517E-02
-3.752323E-02
-3.624343E-02
-3.407121E-02
-3.282080E-02
-3.210736E-02
-3.013748E-02
-2.756896E-02
-2.582278E-02
-2.464893E-02
-2.294569E-02
-2.036360E-02
-1.828274E-02
-1.769183E-02
-1.727860E-02
-1.599830E-02
-1.433052E-02
-1.318628E-02
-1.295102E-02
-1.306922E-02
-1.309911E-02
-1.306456E-02
-1.305304E-02
-1.308208E-02
-1.311514E-02
-1.307454E-02
-1.298568E-02
-1.327151E-02
-1.431158E-02
-1.571675E-02
-1.732524E-02
-1.956216E-02
-2.215156E-02
-2.414257E-02
-2.549034E-02
-2.694858E-02
-2.914232E-02
-3.173955E-02
-3.380372E-02
-3.527698E-02
-3.663076E-02
-3.805601E-02
-3.958110E-02
-4.114238E-02
-4.226058E-02
-4.259939E-02
-4.301057E-02
-4.424815E-02
-4.590565E-02
-4.715696E-02
-4.753555E-02
-4.744962E-02
-4.742858E-02
-4.755625E-02
-4.740200E-02
-4.641114E-02
-4.481434E-02
-4.345115E-02
-4.289747E-02
-4.232269E-02
-4.039284E-02
-3.821223E-02
-3.749268E-02
-3.718380E-02
-3.595824E-02
-3.425275E-02
-3.315926E-02
-3.284765E-02
-3.186772E-02
-2.956800E-02
-2.724897E-02
-2.556574E-02
-2.423826E-02
-2.344225E-02
-2.295651E-02
-2.148287E-02
-1.927512E-02
-1.812691E-02
-1.813020E-02
-1.830155E-02
-1.828111E-02
-1.821615E-02
-1.824244E-02
-1.832993E-02
-1.828738E-02
-1.807265E-02
-1.843179E-02
-2.027430E-02
-2.253554E-02
-2.339368E-02
-2.324529E-02
-2.314406E-02
-2.322219E-02
-2.320185E-02
-2.314268E-02
-2.361633E-02
-2.477192E-02
-2.566704E-02
-2.575724E-02
-2.557575E-02
-2.597179E-02
-2.714868E-02
-2.811927E-02
-2.825993E-02
-2.805052E-02
-2.832647E-02
-2.950987E-02
-3.107037E-02
-3.252807E-02
-3.393117E-02
-3.544553E-02
-3.692565E-02
-3.783617E-02
-3.813582E-02
-3.876632E-02
-4.017099E-02
-4.177797E-02
-4.276896E-02
-4.303223E-02
-4.358631E-02
-4.499163E-02
-4.662784E-02
-4.757846E-02
-4.794560E-02
-4.921791E-02
-5.145211E-02
-5.281240E-02
-5.291809E-02
-5.274349E-02
-5.275058E-02
-5.281732E-02
-5.282555E-02
-5.280053E-02
-5.280267E-02
-5.286186E-02
-5.279598E-02
-5.215862E-02
-5.058970E-02
-4.810549E-02
-4.519831E-02
-4.224651E-02
-3.935017E-02
-3.659067E-02
-3.380099E-02
-3.034843E-02
-2.642559E-02
-2.393656E-02
-2.316458E-02
-2.174049E-02
-1.881156E-02
-1.578923E-02
-1.415972E-02
-1.347725E-02
-1.187715E-02
-9.819597E-03
-8.861856E-03
-7.845417E-03
-5.825579E-03
-4.387093E-03
-3.582892E-03
-1.701447E-03
4.725049E-04
1.075410E-03
6.390797E-04
9.768228E-04
3.021309E-03
5.259745E-03
5.956614E-03
5.784509E-03
5.571627E-03
5.401931E-03
6.073475E-03
8.280162E-03
1.035426E-02
1.074083E-02
1.028914E-02
1.079944E-02
1.299303E-02
1.510812E-02
1.563417E-02
1.539364E-02
1.530691E-02
1.537057E-02
1.539102E-02
1.536319E-02
1.534176E-02
1.533534E-02
1.534406E-02
1.535631E-02
1.531476E-02
1.524013E-02
1.533523E-02
1.555541E-02
1.490416E-02
1.269049E-02
1.061878E-02
1.015916E-02
1.046866E-02
1.026505E-02
9.173273E-03
7.751866E-03
6.176857E-03
3.962242E-03
1.350559E-03
-6.547477E-04
-1.972345E-03
-3.472197E-03
-5.792924E-03
-8.107833E-03
-9.087477E-03
-9.852465E-03
-1.196577E-02
-1.397267E-02
-1.447440E-02
-1.424148E-02
-1.410969E-02
-1.421423E-02
-1.445021E-02
-1.417351E-02
-1.248196E-02
-1.019268E-02
-9.206249E-03
-9.447342E-03
-9.422599E-03
-7.940751E-03
-5.421684E-03
-3.347440E-03
-2.004049E-03
-5.996759E-04
1.552122E-03
4.149238E-03
6.221461E-03
7.677771E-03
9.059802E-03
1.053700E-02
1.191457E-02
1.323299E-02
1.508805E-02
1.759599E-02
1.939209E-02
2.012513E-02
2.156809E-02
2.373670E-02
2.484107E-02
2.483577E-02
2.459931E-02
2.447896E-02
2.485263E-02
2.592937E-02
2.650412E-02
2.577831E-02
2.544164E-02
2.626143E-02
2.694273E-02
2.736778E-02
2.834645E-02
2.932633E-02
2.958455E-02
2.946891E-02
2.941399E-02
2.943465E-02
2.944030E-02
2.942779E-02
2.941603E-02
2.939282E-02
2.937919E-02
2.942567E-02
2.936668E-02
2.873087E-02
2.734593E-02
2.571352E-02
2.463253E-02
2.435696E-02
2.389311E-02
2.253885E-02
2.085491E-02
1.982342E-02
1.949334E-02
1.836021E-02
1.611428E-02
1.464641E-02
1.434367E-02
1.352987E-02
1.098317E-02
7.167982E-03
4.089465E-03
2.415635E-03
1.159338E-03
-2.797605E-04
-1.809987E-03
-3.269933E-03
-4.657214E-03
-6.106480E-03
-7.723481E-03
-9.084130E-03
-9.260817E-03
-8.364983E-03
-7.722442E-03
2.662404E-03
3.785033E-03
4.874859E-03
5.348730E-03
6.026826E-03
7.772239E-03
1.049984E-02
1.312363E-02
1.495539E-02
1.642392E-02
1.788707E-02
1.941538E-02
2.142203E-02
2.408352E-02
2.653273E-02
2.826229E-02
2.969215E-02
3.116874E-02
3.274958E-02
3.439658E-02
3.574530E-02
3.632033E-02
3.665067E-02
3.778376E-02
3.957185E-02
4.082398E-02
4.057004E-02
3.984879E-02
4.040374E-02
4.154111E-02
4.194777E-02
4.185016E-02
4.181053E-02
4.187872E-02
4.192567E-02
4.193181E-02
4.194146E-02
4.196554E-02
4.197431E-02
4.195573E-02
4.196836E-02
4.204528E-02
4.190214E-02
4.108655E-02
3.970147E-02
3.822103E-02
3.682574E-02
3.539389E-02
3.388186E-02
3.268550E-02
3.225492E-02
3.228730E-02
3.232756E-02
3.229362E-02
3.225509E-02
3.224634E-02
3.225260E-02
3.221500E-02
3.211222E-02
3.223431E-02
3.303373E-02
3.440981E-02
3.581386E-02
3.665138E-02
3.670379E-02
3.645103E-02
3.666459E-02
3.767075E-02
3.861531E-02
3.872941E-02
3.842922E-02
3.857093E-02
3.950116E-02
4.041510E-02
4.059447E-02
4.039995E-02
4.018727E-02
4.001398E-02
4.027852E-02
4.121860E-02
4.199004E-02
4.197318E-02
4.162989E-02
4.178789E-02
4.268200E-02
4.342381E-02
4.352109E-02
4.335545E-02
4.279108E-02
4.161250E-02
4.096982E-02
4.159485E-02
4.226037E-02
4.212055E-02
4.175059E-02
4.202746E-02
4.279597E-02
4.270169E-02
4.157984E-02
4.070908E-02
4.045456E-02
4.032629E-02
4.009027E-02
3.982071E-02
3.957964E-02
3.934752E-02
3.910510E-02
3.885041E-02
3.858813E-02
3.833607E-02
3.810571E-02
3.783586E-02
3.748151E-02
3.730942E-02
3.775738E-02
3.850571E-02
3.867042E-02
3.824314E-02
3.800088E-02
3.847752E-02
3.891935E-02
3.817646E-02
3.723605E-02
3.752748E-02
3.814209E-02
3.805253E-02
3.758364E-02
3.719767E-02
3.691290E-02
3.658985E-02
3.617673E-02
3.579921E-02
3.562139E-02
3.529815E-02
3.391292E-02
3.186508E-02
3.146207E-02
3.277101E-02
3.349189E-02
3.312903E-02
3.258223E-02
3.221861E-02
3.189472E-02
3.151826E-02
3.112506E-02
3.072337E-02
3.032132E-02
2.998670E-02
2.967285E-02
2.898246E-02
2.774332E-02
2.665448E-02
2.590615E-02
2.483215E-02
2.387812E-02
2.395750E-02
2.403762E-02
2.305509E-02
2.191723E-02
2.138098E-02
2.111506E-02
2.076973E-02
2.036019E-02
1.997183E-02
1.960301E-02
1.922698E-02
1.884194E-02
1.845823E-02
1.807750E-02
1.769395E-02
1.730341E-02
1.691636E-02
1.654374E-02
1.616234E-02
1.573157E-02
1.531979E-02
1.506202E-02
1.471765E-02
1.351499E-02
1.159199E-02
1.062619E-02
1.069562E-02
1.015394E-02
9.014481E-03
8.336034E-03
8.115086E-03
7.742735E-03
6.892642E-03
5.864739E-03
5.138743E-03
4.739641E-03
4.271174E-03
3.317955E-03
2.216035E-03
1.600232E-03
1.337475E-03
1.066098E-03
7.380249E-04
4.331826E-04
1.333294E-04
-2.276040E-04
-4.976597E-04
-3.210110E-04
1.887037E-04
3.074892E-04
-4.003578E-04
-1.429078E-03
-1.444394E-03
-4.396087E-04
7.445252E-05
-3.800202E-05
1.897912E-04
8.473288E-04
1.404581E-03
1.421199E-03
9.308561E-04
5.019205E-04
8.725378E-04
1.771234E-03
1.772095E-03
9.742134E-04
7.578785E-04
9.914748E-04
8.279183E-04
3.315837E-04
-1.402180E-04
-5.426765E-04
-9.589821E-04
-1.377679E-03
-1.756209E-03
-2.253720E-03
-3.150961E-03
-4.397103E-03
-5.645994E-03
-6.540951E-03
-7.002825E-03
-7.315232E-03
-7.666825E-03
-8.044091E-03
-8.405709E-03
-8.741255E-03
-9.083542E-03
-9.479829E-03
-9.854118E-03
-9.929806E-03
-9.696289E-03
-9.656745E-03
-9.799003E-03
-9.630999E-03
-9.560904E-03
-1.037109E-02
-1.170176E-02
-1.263824E-02
-1.271397E-02
-1.264982E-02
-1.331000E-02
-1.419530E-02
-1.469444E-02
-1.494949E-02
-1.515669E-02
-1.546545E-02
-1.630021E-02
-1.767048E-02
-1.869685E-02
-1.918298E-02
-1.980521E-02
-2.073697E-02
-2.167931E-02
-2.250948E-02
-2.345035E-02
-2.473430E-02
-2.607287E-02
-2.701015E-02
-2.748608E-02
-2.758807E-02
-2.756098E-02
-2.793387E-02
-2.897562E-02
-2.992367E-02
-3.015353E-02
-3.004144E-02
-3.015096E-02
-3.064893E-02
-3.114341E-02
-3.120538E-02
-3.083602E-02
-3.037264E-02
-3.017711E-02
-3.019882E-02
-3.022381E-02
-3.021200E-02
-3.023266E-02
-3.027172E-02
-3.012555E-02
-2.971969E-02
-2.940175E-02
-2.925926E-02
-2.898059E-02
-2.864240E-02
-2.850121E-02
-2.833042E-02
-2.803192E-02
-2.803414E-02
-2.848082E-02
-2.904975E-02
-2.940624E-02
-2.942256E-02
-2.929629E-02
-2.942951E-02
-3.004143E-02
-3.064437E-02
-3.077921E-02
-3.081164E-02
-3.107470E-02
-3.143612E-02
-3.174496E-02
-3.200575E-02
-3.225642E-02
-3.249730E-02
-3.271097E-02
-3.289520E-02
-3.307427E-02
-3.325679E-02
-3.335333E-02
-3.325380E-02
-3.308790E-02
-3.306706E-02
-3.305314E-02
-3.284463E-02
-3.253376E-02
-3.224421E-02
-3.196337E-02
-3.165373E-02
-3.138342E-02
-3.126542E-02
-3.116792E-02
-3.080269E-02
-3.027816E-02
-2.988541E-02
-2.960780E-02
-2.934033E-02
-2.906222E-02
-2.870877E-02
-2.821318E-02
-2.771988E-02
-2.741463E-02
-2.730066E-02
-2.722206E-02
-2.701344E-02
-2.669967E-02
-2.640130E-02
-2.620878E-02
-2.612392E-02
-2.606282E-02
-2.591637E-02
-2.562245E-02
-2.526131E-02
-2.495566E-02
-2.476396E-02
-2.458774E-02
-2.429979E-02
-2.393893E-02
-2.359834E-02
-2.334464E-02
-2.321717E-02
-2.318217E-02
-2.305990E-02
-2.273456E-02
-2.232452E-02
-2.197152E-02
-2.170817E-02
-2.147551E-02
-2.126126E-02
-2.110526E-02
-2.093134E-02
-2.061823E-02
-2.028338E-02
-2.006728E-02
-1.982593E-02
-1.944205E-02
-1.899933E-02
-1.857492E-02
-1.816625E-02
-1.775655E-02
-1.734613E-02
-1.694069E-02
-1.654048E-02
-1.614191E-02
-1.574445E-02
-1.535481E-02
-1.497434E-02
-1.457518E-02
-1.412936E-02
-1.368268E-02
-1.330483E-02
-1.299641E-02
-1.268598E-02
-1.230244E-02
-1.189080E-02
-1.151602E-02
-1.114476E-02
-1.075447E-02
-1.038475E-02
-1.004869E-02
-9.727949E-03
-9.411418E-03
-9.077570E-03
-8.697098E-03
-8.294011E-03
-7.918206E-03
-7.570480E-03
-7.242697E-03
-6.942406E-03
-6.643095E-03
-6.308097E-03
-5.977087E-03
-5.695085E-03
-5.426715E-03
-5.138607E-03
-4.843969E-03
-4.567989E-03
-4.319306E-03
-4.081475E-03
-3.842601E-03
-3.603382E-03
-3.366148E-03
-3.131701E-03
-2.899017E-03
-2.664902E-03
-2.430298E-03
-2.210117E-03
-2.013870E-03
-1.815177E-03
-1.592097E-03
-1.358688E-03
-1.128463E-03
-9.013471E-04
-6.799151E-04
-4.695370E-04
-2.644750E-04
-5.117486E-05
1.769201E-04
4.040104E-04
6.167909E-04
8.299564E-04
1.051789E-03
1.271005E-03
1.485157E-03
1.700286E-03
1.913278E-03
2.119480E-03
2.321488E-03
2.522346E-03
2.722180E-03
2.920415E-03
3.117018E-03
3.312134E-03
3.505746E-03
3.697917E-03
3.888789E-03
4.077902E-03
4.264062E-03
4.447138E-03
4.628746E-03
4.810730E-03
4.993771E-03
5.176375E-03
5.356823E-03
5.534465E-03
5.710461E-03
5.886515E-03
6.062681E-03
6.237570E-03
6.409464E-03
6.578810E-03
6.747354E-03
6.915546E-03
7.082723E-03
7.247953E-03
7.411098E-03
7.572673E-03
7.733118E-03
7.892506E-03
8.050496E-03
8.206808E-03
8.361400E-03
8.514452E-03
8.666180E-03
8.816701E-03
8.965994E-03
9.113927E-03
9.260402E-03
9.405427E-03
9.549101E-03
9.691487E-03
9.832583E-03
9.972378E-03
1.011087E-02
1.024803E-02
1.038387E-02
1.051840E-02
1.065162E-02
1.078353E-02
1.091410E-02
1.104332E-02
1.117118E-02
1.129767E-02
1.142279E-02
1.154653E-02
1.166888E-02
1.178983E-02
1.190938E-02
1.202752E-02
1.214423E-02
1.225950E-02
1.237333E-02
1.248571E-02
