-6.7789e-05
-8.5975e-05
-6.5403e-05
-8.8691e-05
-5.996e-05
-9.447e-05
-4.942e-05
-0.00010943
-2.4603e-05
-0.00015805
0.00017463
0.00027782
-0.00015858
-2.683e-05
-0.00010317
-4.9962e-05
-8.8559e-05
-5.7796e-05
-8.2114e-05
-6.0533e-05
-7.8732e-05
-6.2252e-05
-7.6373e-05
-6.1934e-05
-7.5036e-05
-6.0599e-05
-7.2682e-05
-6.1306e-05
-6.9311e-05
-6.6096e-05
-5.3701e-05
-0.00050847
-0.00014111
-2.2642e-05
-9.185e-05
-3.7639e-05
-8.1349e-05
-4.2439e-05
-7.493e-05
-4.5201e-05
-7.0553e-05
-4.7965e-05
-6.5158e-05
-4.8692e-05
-6.0786e-05
-4.9421e-05
-5.7437e-05
-5.0153e-05
-5.409e-05
-4.9867e-05
-5.1765e-05
-4.9584e-05
-4.9443e-05
-4.8282e-05
-4.7123e-05
-4.5964e-05
-4.4805e-05
-4.3647e-05
-4.351e-05
-4.2353e-05
-4.2217e-05
-4.1061e-05
-3.9906e-05
-3.8752e-05
-3.7598e-05
-3.6444e-05
-3.5292e-05
-3.4139e-05
-3.2988e-05
-3.1837e-05
-3.1706e-05
-3.0556e-05
-2.9407e-05
-2.8258e-05
-2.711e-05
-2.5962e-05
-2.4815e-05
-2.3668e-05
-2.2522e-05
-2.1377e-05
-2.1252e-05
-2.0108e-05
-1.8964e-05
-1.6801e-05
-1.5658e-05
-1.4516e-05
-1.3374e-05
-1.2233e-05
-1.1092e-05
-9.9524e-06
-9.8329e-06
-8.6939e-06
-6.5355e-06
-5.3976e-06
-4.2602e-06
-3.1234e-06
-9.6707e-07
1.6871e-07
1.304e-06
3.4587e-06
3.5729e-06
4.7066e-06
5.8398e-06
7.9924e-06
9.1246e-06
1.0256e-05
1.2407e-05
1.3538e-05
1.4668e-05
1.6818e-05
1.6927e-05
1.8055e-05
2.0203e-05
2.1331e-05
2.3478e-05
2.4604e-05
2.6751e-05
2.7876e-05
2.9001e-05
3.1146e-05
3.125e-05
3.3393e-05
3.4516e-05
3.6659e-05
3.7781e-05
3.9923e-05
4.1044e-05
4.3185e-05
4.4305e-05
4.6444e-05
4.6544e-05
4.8682e-05
4.9801e-05
5.1938e-05
5.4076e-05
5.5193e-05
5.7329e-05
5.9465e-05
6.058e-05
6.2715e-05
6.281e-05
6.4944e-05
6.6057e-05
6.819e-05
7.0323e-05
7.1435e-05
7.3567e-05
7.5698e-05
7.7829e-05
7.8939e-05
8.1069e-05
8.0139e-05
8.5327e-05
8.2356e-05
9.0604e-05
8.4572e-05
9.5879e-05
8.6786e-05
0.00010217
8.8998e-05
0.0001054
9.0188e-05
0.00011067
9.3417e-05
0.00011492
9.7664e-05
0.00011611
0.00010599
0.00011423
0.00012451
-0.00032829
3.8994e-05
0.00015943
9.2194e-05
0.00014735
0.00010459
0.00014547
0.00011393
0.00014563
0.00012122
0.00014374
0.0001275
0.00014491
0.00013377
0.0001471
0.00014004
0.00014929
0.00014631
0.00015148
0.00015155
0.00015265
0.00015476
0.00015687
0.00015898
0.00016109
0.0001632
0.00016531
0.00016742
0.00016953
0.00017164
0.00017171
0.00017382
0.00017593
0.00017804
0.00018014
0.00018225
0.00018436
0.00018646
0.00018857
0.00018965
0.00019074
0.00019182
0.00019495
0.00019603
0.00020018
0.00020024
0.00020438
0.00020342
0.00020859
0.00020763
0.00021177
0.00020979
0.00021495
0.00021399
0.00021915
0.00021819
0.00022335
0.00022239
0.00022652
0.00023168
-0.00019666
-0.0003037
0.00020839
0.00022579
0.00025441
0.00021264
0.00027186
0.00020357
0.00028319
0.00062392
0.00040876
9.363e-05
0.00044048
-3.9884e-05
0.0010363
0.0012719
4.0853e-05
0.00035404
0.00021742
0.00026949
0.00029708
8.1908e-05
-0.00070038
-0.00074725
-0.00053096
0.00027693
0.00026677
0.00029028
0.00014243
-0.0007694
-0.00060513
-0.00083663
3.756e-05
0.00011411
-0.00063963
-0.0013373
-0.0016096
-0.00047119
0.00028467
0.00027758
0.00033576
0.00012059
-0.00071067
-0.00011699
0.0010132
0.0013284
0.00071546
1.5783e-05
-0.00061046
-0.00062061
0.00059935
0.0010472
0.00035973
0.00025777
0.00037817
0.00022113
0.00055267
0.0011341
0.00015392
-0.0006855
-0.00062528
-0.00070582
-0.0004875
0.00035811
0.00026023
0.00043979
-0.0004078
6.756e-05
0.001466
0.00066433
-0.00032299
-0.00082684
-0.0018233
-0.0024516
-0.0010736
0.00012904
-0.00027893
-0.00067669
-0.00081232
-0.0010673
4.5563e-05
0.00097686
0.0014155
0.0011564
-0.00026337
-0.00073254
-0.00056931
-0.00070596
-1.7427e-05
0.00048444
-0.00033969
-0.00055182
0.00055593
0.001323
0.0013149
0.001369
0.00074781
-0.00033133
-0.0007138
-0.00042001
0.00033584
0.00039196
0.00017983
-0.00062492
-0.0010482
-0.00072585
-0.00044431
0.00051758
0.0009511
0.00064615
0.00027081
0.0005799
0.00077168
-0.00032989
-0.0012183
-0.0018578
-0.002534
-0.0021056
-0.00010436
0.001546
0.00052197
-0.00086623
-0.0010141
-0.00032661
0.00027317
0.0010015
0.0014442
0.00073836
-0.00031018
-0.00068654
-0.00054576
-0.00070486
4.4856e-05
0.00051101
0.0020145
0.0022991
0.0030101
0.0026092
0.0012016
0.0013098
0.00023268
0.00051218
0.00010114
-0.00053226
-0.00070565
-0.00036495
-0.00022724
-0.0012727
-0.0022254
-0.0026946
-0.0019041
-0.0015175
-0.0017429
-0.0027292
-0.0041021
-0.0051619
-0.0037624
-0.0019254
-0.00091046
-0.00057384
-0.00050753
0.00098781
0.0015549
0.0028595
0.0040438
0.0037684
0.002423
0.0012816
0.0013653
0.0018733
0.0025434
0.0018621
0.0004504
0.00015461
-0.00059916
-0.00061853
-0.0011387
-0.0023648
-0.00253
-0.0026952
-0.0017578
-0.00043793
0.00096458
0.001444
0.00064534
-0.0020148
-0.0019791
0.000627
0.00028021
-0.00082138
-0.0016078
-0.0015762
-0.0016771
-0.00084481
0.00051485
7.7281e-05
-0.00045617
0.00051997
0.00089432
0.0012625
0.00070155
-0.0016036
-0.0024655
-0.00091105
0.001233
0.0022765
0.00034969
-0.001774
-0.00084065
0.0011586
0.0025162
0.0032883
0.0026906
0.0016217
0.0010902
0.00033952
0.00041297
0.0020052
0.00215
0.0012953
0.001279
0.001384
0.00060066
0.00099234
0.0025846
0.0032965
0.0043961
0.0033924
0.0016594
0.00060373
-0.00025204
-0.0015403
-0.0027674
-0.0043728
-0.0057152
-0.0052398
-0.0027827
0.00031202
0.00011006
-0.0009793
0.00024164
0.0012657
0.0013167
0.0010872
0.00018656
-0.0014414
-0.0033936
-0.0029948
-0.00072737
0.00017227
-0.0014414
-0.0028888
-0.0016627
0.0010219
0.0030068
0.0024795
0.00053334
-0.00019903
-0.00036019
-0.00090385
0.00014062
0.0012759
0.0011545
-0.00069375
-0.0028572
-0.0019739
-0.0018178
-0.0027868
-0.0020361
-0.0017546
-0.0034937
-0.0053225
-0.0061681
-0.0054511
-0.0027481
8.8543e-05
0.0013003
0.0010524
0.0026365
0.0067491
0.0080404
0.0086575
0.0089941
0.007255
0.005263
0.0033892
0.00020476
-0.0034193
-0.0047463
-0.0051084
-0.0048412
-0.0039661
-0.0013691
0.0011472
0.0021233
0.0021029
-0.00024921
-0.0021199
-0.0026952
-0.0027003
-0.0015467
-0.00077965
0.0010013
0.0022069
0.0014144
-0.0007756
-0.0016752
-0.00077969
-0.00097452
-0.0025178
-0.0045588
-0.0041396
-0.003698
-0.0038204
-0.003649
-0.0026015
-0.0017712
-3.2124e-05
0.0017661
0.0047323
0.007013
0.0051668
0.0032359
0.0019191
0.0023362
0.0024505
0.0011959
-0.0025129
-0.0050119
-0.0043917
-0.00262
-6.2866e-05
0.0016211
0.00039815
-0.0015796
5.4302e-06
0.0029257
0.0039038
0.0033683
0.0026003
-0.0013288
-0.004654
-0.0067144
-0.0069806
-0.0034423
-0.002152
1.7543e-05
0.0010753
0.0030194
0.0050798
0.0071626
0.0077695
0.0021177
-0.0025438
-0.0021358
-0.00028857
0.00020204
-0.00082919
-0.001837
-0.00044774
-0.00091185
-0.00095063
-0.0010598
-0.0025714
-0.00301
-0.002702
-0.0024899
-0.0036547
-0.0039108
-0.004022
-0.0054326
-0.0041668
-0.0027613
-0.0036089
-0.0044127
-0.0039364
-0.0044933
-0.0049635
-0.0024125
0.0021673
0.0064808
0.0054037
0.0018714
0.0015613
0.0027007
0.0047345
0.0064777
0.0069734
0.005932
0.0028587
0.00073502
-0.00054509
-0.0018976
-0.0030207
-0.0034562
-0.0048026
-0.0041305
-0.0028728
6.2723e-05
0.006964
0.010579
0.0094936
0.0061082
0.0048628
0.0041049
0.0020608
0.00020438
5.4422e-05
0.0010275
0.0031848
0.0057715
0.0043292
0.00029404
-0.001033
0.00061735
0.0010223
0.00259
0.0020137
-0.0038911
-0.0086617
-0.0092798
-0.0093206
-0.010691
-0.010661
-0.0098807
-0.0098837
-0.0093289
-0.0085935
-0.0078774
-0.00352
0.0027091
0.0053009
0.0048225
0.0048317
0.0040769
0.0020909
0.0013361
-4.9097e-05
-0.0010814
-0.0011589
-0.00032353
0.0010484
-3.3884e-05
-0.0035845
-0.0079909
-0.0089406
-0.0052635
-0.0028308
-0.0014202
0.0013216
0.0036431
0.0029607
-0.00011464
-0.0004074
0.0016418
0.0011572
-0.0014601
-0.002219
-0.0018977
-0.00053704
0.00052782
0.0016131
0.0035276
0.0037346
0.0014641
-0.0010145
-0.00025769
0.0033276
0.0042333
-0.0013838
-0.0077558
-0.0082515
-0.006135
-0.0046969
-0.0028711
-0.0021316
-0.0019337
-0.0010821
-0.0011667
-0.0010443
-0.001331
-0.0020613
-0.0020919
0.00045294
0.002904
-0.0021471
-0.0081794
-0.0084395
-0.0047022
0.001788
0.0063362
0.0054355
0.0028457
0.0036984
0.0071246
0.009494
0.0095205
0.01048
0.011579
0.0092848
0.0066624
0.0064114
0.0096989
0.015579
0.020038
0.024162
0.028156
0.029216
0.026693
0.023369
0.022245
0.020646
0.018613
0.01612
0.01041
0.0033777
0.0018354
0.0034888
0.0032042
0.00014626
-0.002826
-0.0031035
-0.0031351
-0.0052802
-0.0067592
-0.0066124
-0.0062687
-0.0061249
-0.010231
-0.018571
-0.024765
-0.026241
-0.026735
-0.024885
-0.017327
-0.0063616
0.00070081
-0.00071293
-0.0038362
-0.00088024
0.0048093
0.0083711
0.0088117
0.010985
0.013461
0.012889
0.010205
0.011592
0.021579
0.032423
0.035008
0.02597
0.0093827
-0.0029328
-0.007686
-0.010736
-0.012541
-0.012123
-0.0082113
-0.0078115
-0.013244
-0.018293
-0.017681
-0.010641
-0.0016896
-0.0011255
-0.013294
-0.030042
-0.041347
-0.040086
-0.030761
-0.02252
-0.017242
-0.0088451
0.002582
0.010276
0.01591
0.021945
0.023625
0.012715
-0.0043409
-0.016426
-0.027195
-0.033877
-0.026513
-0.0085434
0.0030316
0.0056825
0.007441
0.0093076
0.012318
0.021449
0.027879
0.023191
0.0091229
-0.0083702
-0.015
-0.0042749
0.017465
0.032467
0.031957
0.018313
-0.0054755
-0.02917
-0.041443
-0.039815
-0.028875
-0.012339
0.0030148
0.011162
0.014498
0.011306
0.0019122
-0.0051728
-0.0082532
-0.011438
-0.01776
-0.02764
-0.03483
-0.03174
-0.017428
0.0041223
0.024804
0.037037
0.035745
0.01779
-0.0020335
-0.0082167
0.00069703
0.014789
0.020926
0.0081073
-0.02156
-0.049802
-0.061812
-0.0558
-0.035738
-0.0078895
0.012802
0.025398
0.031405
0.027388
0.019224
0.0097921
-0.0016992
-0.011006
-0.015578
-0.013874
-0.0072206
-0.0021828
0.0040412
0.0094951
0.0065861
-0.0011027
-0.0063282
-0.006113
-0.0033029
0.0015299
0.0091635
0.016295
0.021406
0.026283
0.028066
0.023303
0.011853
0.0032188
0.0072876
0.017818
0.02416
0.021982
0.017044
0.013911
0.01282
0.012844
0.013444
0.013826
0.0094814
0.0019885
-0.0035858
-0.0033716
0.0010307
0.0055952
0.0096364
0.012817
0.013798
0.012135
0.0096037
0.0063223
0.0038896
0.0081256
0.017939
0.023601
0.020451
0.013892
0.0094291
0.0085917
0.0087844
0.0099309
0.010149
0.0033631
-0.0072796
-0.010481
-0.0060893
-0.0065993
-0.011074
-0.010082
-0.0041167
0.00085172
0.0040412
0.0033589
0.0048144
0.014669
0.025658
0.025297
0.0083823
-0.011983
-0.017784
-0.0093444
-0.0020014
-0.0064078
-0.021482
-0.039292
-0.057843
-0.071122
-0.069172
-0.051699
-0.029808
-0.017036
-0.019082
-0.025749
-0.0294
-0.032684
-0.033214
-0.026617
-0.014549
-0.0026361
0.016385
0.044495
0.067171
0.071943
0.056451
0.031578
0.0074995
-0.0066489
-0.010275
-0.010401
-0.011173
-0.010059
-0.0033707
0.0012866
-0.00029848
-0.0058983
-0.0099732
-0.012452
-0.014277
-0.0074681
0.0058826
0.019429
0.031547
0.040013
0.04355
0.042853
0.037119
0.025413
0.010486
-0.0003242
-0.00076383
-0.0012075
-0.014623
-0.034807
-0.045167
-0.04162
-0.02928
-0.017175
-0.011974
-0.0098685
2.5509e-05
0.019812
0.039124
0.040459
0.021324
-0.0020849
-0.01984
-0.032115
-0.038338
-0.038646
-0.034331
-0.019962
0.0014442
0.02292
0.0348
0.034672
0.02558
0.0041522
-0.025885
-0.052192
-0.066197
-0.066695
-0.054928
-0.032329
-0.0018067
0.019384
0.022801
0.017542
0.013116
0.01464
0.020494
0.024633
0.021705
0.012275
0.0013653
-0.0040407
-0.0019099
0.0023945
0.0030962
-0.00081751
-0.0095344
-0.018381
-0.02392
-0.022633
-0.0062062
0.014293
0.022838
0.025867
0.032385
0.037373
0.034903
0.027703
0.024626
0.027498
0.029819
0.024593
0.015876
0.012359
0.014139
0.018512
0.019894
0.013638
0.00077954
-0.014832
-0.02636
-0.025799
-0.012795
0.0011242
0.0063548
0.0040047
-0.0052049
-0.020308
-0.037969
-0.047273
-0.036734
-0.015331
0.00042953
0.0066485
0.006113
0.0045544
-0.0032762
-0.016117
-0.020142
-0.011542
0.0013515
0.01232
0.019386
0.02003
0.015827
0.0095298
0.0053376
0.0049123
0.010535
0.021038
0.026712
0.020821
0.0024989
-0.019433
-0.03033
-0.027757
-0.018886
-0.003918
0.013779
0.024331
0.0201
0.0059138
-0.0056173
-0.01238
-0.015338
-0.012709
-0.010248
-0.01612
-0.025455
-0.027187
-0.018366
-0.00046844
0.016859
0.024687
0.027622
0.031963
0.037938
0.038606
0.028202
0.013323
0.0038032
-0.0072097
-0.022225
-0.033745
-0.038941
-0.037038
-0.031712
-0.02473
-0.018475
-0.014788
-0.010741
-0.010014
-0.012953
-0.017638
-0.025471
-0.031611
-0.032919
-0.031091
-0.029757
-0.026419
-0.020912
-0.016582
-0.016006
-0.016697
-0.0092366
0.0006635
0.0082798
0.013842
0.017382
0.018562
0.011441
0.0013112
-0.0068427
-0.013743
-0.017766
-0.016973
-0.0092132
0.0031165
0.011034
0.011365
0.014239
0.019781
0.018636
0.0083919
0.0042395
0.0093793
0.011131
0.0060255
-0.0036482
-0.01086
-0.014981
-0.018245
-0.015991
-0.0056301
0.0038529
0.0041803
-0.0034218
-0.016746
-0.032268
-0.04011
-0.028421
0.0019628
0.028699
0.04131
0.047964
0.056976
0.066085
0.066165
0.050393
0.020833
-0.0061728
-0.01806
-0.015919
-0.0089258
-0.0047275
-0.0048672
-0.0049264
-0.0052395
-0.010704
-0.02031
-0.027184
-0.023957
-0.015332
-0.0023693
0.015994
0.03247
0.041264
0.038212
0.023764
0.0070208
-0.0073337
-0.017492
-0.019362
-0.016798
-0.010159
0.0016719
0.01636
0.02882
0.032578
0.024953
0.0063455
-0.011994
-0.020616
-0.016773
-0.00053133
0.019807
0.034444
0.038513
0.033382
0.022927
0.010646
-0.0030518
-0.016249
-0.020335
-0.010976
0.0071095
0.023645
0.033087
0.035542
0.032912
0.030013
0.02939
0.030802
0.028435
0.020841
0.010283
0.00029582
-0.0054345
-0.0057303
-0.0010567
5.8153e-05
5.3051e-05
0.0070411
0.021365
0.037684
0.049935
0.056821
0.057071
0.051027
0.042343
0.030992
0.014737
0.0020828
-0.00069769
0.0059313
0.018456
0.02962
0.036878
0.036944
0.027798
0.013613
9.9623e-07
-0.012287
-0.027454
-0.048884
-0.069552
-0.082709
-0.090282
-0.091122
-0.088996
-0.089511
-0.091702
-0.092005
-0.08457
-0.065635
-0.044384
-0.03701
-0.04571
-0.058189
-0.066362
-0.06904
-0.06915
-0.065486
-0.059023
-0.05133
-0.044999
-0.041856
-0.03593
-0.021372
0.0058262
0.03684
0.060505
0.07126
0.077455
0.087006
0.097054
0.10205
0.10292
0.10208
0.093436
0.078441
0.055641
0.019697
-0.0185
-0.044996
-0.057776
-0.059302
-0.056776
-0.057198
-0.059288
-0.055281
-0.036388
-0.012544
-0.0011057
-0.001122
-0.0087516
-0.019301
-0.027535
-0.033503
-0.038443
-0.041715
-0.039043
-0.029371
-0.010172
0.0085149
0.013084
0.0072675
-0.008771
-0.031096
-0.051066
-0.061762
-0.053765
-0.025876
0.005915
0.028869
0.042349
0.041442
0.02249
0.00099042
0.0020288
0.019257
0.032756
0.041628
0.048594
0.051808
0.047042
0.034938
0.023469
0.014611
0.0050929
-0.0050877
-0.015017
-0.021685
-0.025905
-0.028196
-0.022979
-0.015498
-0.021052
-0.036228
-0.045209
-0.04159
-0.027806
-0.015157
-0.014517
-0.022682
-0.023021
-0.009284
0.0092096
0.018259
0.02142
0.027677
0.034051
0.036692
0.038132
0.040739
0.044616
0.051307
0.059174
0.061948
0.057522
0.047499
0.035508
0.022068
0.0068963
-0.0055018
-0.014563
-0.018143
-0.018146
-0.014054
-0.0067298
-0.0019307
-0.0073173
-0.019814
-0.029243
-0.029682
-0.019655
-0.00093517
0.020901
0.044557
0.068563
0.086356
0.092965
0.087146
0.074583
0.059465
0.046507
0.035668
0.018765
-0.0034586
-0.016667
-0.011862
0.0048258
0.024886
0.046183
0.065071
0.075874
0.074644
0.066926
0.059434
0.056653
0.058769
0.060228
0.0558
0.04206
0.02691
0.017291
0.012569
0.010954
0.014353
0.020797
0.022993
0.015267
0.0017068
-0.009657
-0.018011
-0.025752
-0.031485
-0.033742
-0.035473
-0.036497
-0.037388
-0.038563
-0.037477
-0.031611
-0.022331
-0.018501
-0.024913
-0.036777
-0.044945
-0.04732
-0.047493
-0.045117
-0.038243
-0.028659
-0.024166
-0.024257
-0.025037
-0.024499
-0.023157
-0.018823
-0.011109
-0.0088786
-0.01513
-0.024619
-0.0297
-0.026712
-0.018861
-0.016399
-0.02132
-0.024959
-0.021581
-0.01493
-0.013198
-0.018341
-0.027835
-0.034115
-0.039602
-0.046707
-0.049577
-0.043675
-0.028722
-0.01098
0.0060615
0.018613
0.021987
0.016941
0.0045886
-0.0099311
-0.021213
-0.027552
-0.026487
-0.019722
-0.01482
-0.021844
-0.03522
-0.044962
-0.049202
-0.049414
-0.046178
-0.034914
-0.016004
0.0012727
0.0071805
0.0048264
-0.0015323
-0.0077971
-0.013726
-0.020571
-0.02556
-0.029971
-0.035216
-0.040749
-0.043338
-0.040909
-0.035849
-0.031158
-0.027798
-0.025071
-0.020746
-0.013881
-0.0036742
0.0084995
0.023321
0.039319
0.053336
0.061573
0.063346
0.061153
0.05238
0.034644
0.012316
-0.0027571
-0.0055856
0.0034567
0.017188
0.02537
0.026361
0.018484
0.0064515
-0.0044339
-0.01067
-0.0067004
0.0042657
0.015397
0.021865
0.024898
0.026521
0.025358
0.019979
0.01276
0.0097686
0.01418
0.025188
0.036739
0.044717
0.048404
0.048315
0.047552
0.047532
0.04739
0.0434
0.036597
0.028021
0.017548
0.0067291
-0.00072603
-0.0010728
0.0032999
0.010075
0.018432
0.025449
0.026299
0.019151
0.0044699
-0.014087
-0.029333
-0.039555
-0.04685
-0.050021
-0.04726
-0.039496
-0.029691
-0.019792
-0.008586
-0.00020771
0.0034306
0.0031185
-0.00076868
-0.0031545
-0.0031697
-0.0015714
0.0023087
0.0050994
0.0037918
-0.00020966
-0.0015418
0.0040427
0.0089744
0.010709
0.010715
0.010234
0.008491
0.0031799
-0.0028157
-0.0073445
-0.0068028
-0.0013203
0.008182
0.020718
0.035334
0.049629
0.056951
0.053438
0.040195
0.02291
0.0052271
-0.0066385
-0.0098291
-0.010894
-0.013699
-0.019457
-0.02448
-0.028586
-0.035187
-0.041926
-0.047026
-0.047671
-0.042204
-0.030013
-0.015303
-0.0050911
-0.004016
-0.010893
-0.019855
-0.026019
-0.026198
-0.021214
-0.013495
-0.0092679
-0.0074043
-0.0034457
0.0030058
0.007965
0.0077988
0.0050693
0.0051509
0.0098317
0.015124
0.019774
0.023711
0.0271
0.029142
0.030499
0.031637
0.03143
0.029466
0.027201
0.027041
0.026301
0.023643
0.020633
0.018325
0.015929
0.012655
0.011312
0.010683
0.0082774
0.0033294
-0.0041768
-0.012605
-0.021332
-0.029471
-0.03283
-0.029515
-0.023205
-0.017333
-0.0138
-0.012976
-0.016923
-0.024186
-0.029316
-0.029079
-0.024382
-0.014306
-0.00082492
0.011018
0.018616
0.020056
0.018374
0.016425
0.016292
0.017861
0.01964
0.019841
0.018855
0.019986
0.021143
0.02037
0.017685
0.014676
0.009721
0.00044719
-0.011147
-0.021928
-0.028333
-0.033678
-0.03752
-0.039313
-0.039693
-0.039568
-0.040227
-0.040441
-0.041351
-0.040348
-0.035172
-0.023596
-0.011458
-0.0038428
0.00097163
0.0038011
0.0063256
0.0071896
0.0055209
0.0015714
-0.0055002
-0.014172
-0.022264
-0.028274
-0.032454
-0.033875
-0.031239
-0.025465
-0.018519
-0.012437
-0.0077421
-0.0019944
0.0048233
0.0098734
0.013077
0.0139
0.010479
0.0030292
-0.0034743
-0.0072157
-0.0047993
4.3689e-05
0.006435
0.013546
0.020004
0.024982
0.02558
0.024133
0.022575
0.024292
0.026633
0.028302
0.026864
0.020804
0.012612
0.0065637
0.0040035
0.0022226
-0.0011251
-0.0057161
-0.0063811
-0.00073846
0.0087231
0.016555
0.018963
0.018729
0.016616
0.013404
0.010553
0.0064281
0.0046095
0.0039139
0.0072217
0.011065
0.011059
0.0095841
0.0052817
-0.00015181
-0.0078895
-0.012419
-0.011638
-0.0055363
0.0018505
0.0089813
0.015425
0.020953
0.025358
0.029073
0.03315
0.03625
0.037958
0.038384
0.035706
0.032689
0.031697
0.029705
0.029492
0.029446
0.029359
0.025183
0.017247
0.0068385
-0.0020212
-0.0082473
-0.013712
-0.01728
-0.020311
-0.022326
-0.026031
-0.03173
-0.039819
-0.048484
-0.056092
-0.059459
-0.056975
-0.04961
-0.040029
-0.030987
-0.025892
-0.023425
-0.020825
-0.017971
-0.015313
-0.014868
-0.01692
-0.019776
-0.022188
-0.025019
-0.027161
-0.027519
-0.027352
-0.028206
-0.030241
-0.031966
-0.030615
-0.026217
-0.020052
-0.015197
-0.010572
-0.0063386
-0.0018271
0.0024355
0.0045265
0.0040594
-0.00051227
-0.0064334
-0.012671
-0.015781
-0.015507
-0.015507
-0.015873
-0.01571
-0.014045
-0.0096861
-0.0035406
0.0013075
0.0034679
0.0042523
0.0056456
0.0089739
0.012012
0.014891
0.017304
0.019069
0.020565
0.019336
0.018523
0.019355
0.021232
0.024073
0.027849
0.032747
0.037624
0.04048
0.040983
0.039259
0.035918
0.034372
0.033082
0.03124
0.028504
0.024307
0.019559
0.01644
0.017071
0.021369
0.025745
0.027107
0.02637
0.023399
0.01773
0.010179
0.0017597
-0.0072398
-0.015255
-0.020699
-0.021845
-0.020167
-0.016277
-0.011636
-0.010028
-0.010197
-0.012089
-0.011659
-0.0078792
-0.0025456
0.0021056
0.0053839
0.0062682
0.004778
0.0042802
0.0051605
0.0072709
0.010808
0.015248
0.018694
0.020162
0.019852
0.0184
0.015716
0.015131
0.017014
0.019925
0.021042
0.020325
0.01795
0.015524
0.014171
0.010684
0.0064489
0.0017783
-0.0020711
-0.0042376
-0.0044355
-0.0026321
0.00033304
0.0014459
0.0028066
0.0031697
0.0037939
0.0044192
0.0047803
0.0059819
0.0068693
0.0071834
0.0060002
0.0047314
0.003639
0.0044754
0.0051812
0.0058514
0.0063593
0.0053495
0.0017132
-0.0025759
-0.0043292
-0.0026707
0.0008024
0.0050507
0.0071376
0.0053516
0.0016093
-0.001311
0.00014353
0.0038727
0.007611
0.0099682
0.0092195
0.005675
0.00096773
-0.0031337
-0.0061304
-0.010218
-0.01574
-0.021147
-0.025506
-0.026648
-0.026817
-0.029626
-0.033643
-0.037246
-0.037967
-0.035409
-0.033795
-0.034807
-0.038537
-0.041671
-0.042939
-0.041847
-0.037832
-0.029721
-0.021148
-0.015089
-0.0095646
-0.0050695
-0.0011098
0.00051604
0.0012443
0.001127
-0.00041316
-0.0032488
-0.006578
-0.007444
-0.0059334
-0.0060609
-0.0075562
-0.01092
-0.013213
-0.013984
-0.015125
-0.01545
-0.015175
-0.01499
-0.015508
-0.015302
-0.015439
-0.01529
-0.012468
-0.0069033
-0.0027152
-0.0021909
-0.0029712
-0.0035648
-0.0031701
-0.0016442
0.0016025
0.0043371
0.0062323
0.005401
0.0040077
0.0051093
0.0087487
0.014421
0.020162
0.024361
0.026428
0.026683
0.02494
0.023002
0.02162
0.022722
0.023876
0.025628
0.026624
0.025633
0.023996
0.022634
0.021124
0.019124
0.01641
0.013062
0.011942
0.011029
0.011189
0.010484
0.0094689
0.0090558
0.0092486
0.0084438
0.0057072
0.0018557
-0.0048631
-0.010107
-0.011852
-0.011335
-0.010118
-0.0095795
-0.01105
-0.013349
-0.016045
-0.017991
-0.020532
-0.023168
-0.025783
-0.027736
-0.027326
-0.024944
-0.022472
-0.021282
-0.019345
-0.017238
-0.013821
-0.010851
-0.0078577
-0.0056759
-0.0048334
-0.0037512
-0.0028454
-0.0022936
-0.0033829
-0.0063583
-0.009252
-0.012146
-0.013143
-0.011459
-0.0095447
-0.0092857
-0.0090449
-0.0063093
-0.0016795
0.0031359
0.0064346
0.009055
0.009362
0.0094752
0.010596
0.013202
0.016075
0.017429
0.018141
0.018184
0.015584
0.010557
0.0051882
-0.0009114
-0.0059227
-0.0096324
-0.012061
-0.013
-0.011268
-0.0070191
-0.0019752
0.0023149
0.0056064
0.010764
0.016251
0.020764
0.024822
0.028527
0.030927
0.03271
0.03486
0.036058
0.037574
0.037819
0.036744
0.035382
0.034725
0.033832
0.030577
0.025861
0.019799
0.014724
0.0091795
0.003442
-0.0015447
-0.0075199
-0.012723
-0.017465
-0.020602
-0.022413
-0.024999
-0.028177
-0.031503
-0.034081
-0.034293
-0.033098
-0.030537
-0.027623
-0.025884
-0.025341
-0.023859
-0.021705
-0.020428
-0.019533
-0.017801
-0.014168
-0.010046
-0.0057593
-0.0039549
-0.0038295
-0.0021455
0.0017091
0.0070284
0.012127
0.015627
0.016695
0.016568
0.017315
0.017683
0.017683
0.017458
0.016778
0.015388
0.012721
0.009401
0.0053352
0.0033493
0.0029229
0.0032136
0.0046926
0.0069917
0.0097386
0.011121
0.011897
0.011396
0.012012
0.012871
0.013375
0.012252
0.0095693
0.0059044
0.0034023
0.0043112
0.0056433
0.0062859
0.0052587
0.0034217
0.00073811
-0.0010602
-0.0016507
-0.0012111
-0.00034003
-4.2191e-05
-3.8111e-05
0.00036173
-0.00038287
-0.0032215
-0.0072689
-0.012687
-0.016929
-0.018375
-0.018615
-0.018437
-0.017973
-0.017262
-0.015311
-0.012549
-0.011179
-0.012336
-0.015583
-0.019469
-0.023674
-0.025709
-0.026652
-0.026992
-0.02556
-0.02404
-0.021557
-0.017499
-0.013762
-0.011375
-0.010236
-0.010373
-0.010101
-0.0087877
-0.0074494
-0.0062081
-0.0046771
-0.002532
-0.0013957
-0.0014906
-0.0013029
0.00025767
0.0024456
0.0059799
0.0093601
0.010285
0.010405
0.010223
0.011227
0.014805
0.019378
0.024413
0.028
0.028948
0.029006
0.02894
0.028947
0.027079
0.023751
0.020501
0.016857
0.013796
0.012139
0.010819
0.0073293
0.0022446
-0.0017018
-0.0028044
-0.0022801
-0.0023424
-0.0040753
-0.0077157
-0.01158
-0.013187
-0.012087
-0.008548
-0.0039601
0.0010542
0.0051842
0.0074425
0.0088021
0.009509
0.01009
0.011494
0.014402
0.017816
0.020166
0.02016
0.01936
0.019368
0.019357
0.019903
0.021234
0.022476
0.02401
0.026105
0.027882
0.028183
0.026419
0.024556
0.021802
0.017791
0.013951
0.010072
0.0078902
0.0057298
0.0030156
0.00043909
-0.0020313
-0.0036419
-0.0047221
-0.0056065
-0.0066866
-0.0070039
-0.0069325
-0.0069998
-0.0063766
-0.0051995
-0.0030544
-0.00026474
0.0016661
0.0036367
0.0056217
0.0070068
0.007628
0.0060215
0.0039254
0.00029521
-0.0034339
-0.0065949
-0.0097355
-0.012024
-0.01359
-0.013652
-0.011949
-0.0082881
-0.0042051
0.00061341
0.0042966
0.0066691
0.0060337
0.0041926
0.0031165
0.0010612
-0.0002577
-0.00094417
0.00086123
0.0038233
0.0073617
0.010728
0.011683
0.011635
0.0099433
0.00799
0.0060183
0.0035479
0.00026347
-0.0034075
-0.0058535
-0.0073417
-0.0068806
-0.004963
-0.0021244
-0.00046995
-0.0012839
-0.0061932
-0.012162
-0.015781
-0.017836
-0.01915
-0.020451
-0.021764
-0.023063
-0.024272
-0.024362
-0.02336
-0.022389
-0.020969
-0.020446
-0.020718
-0.020294
-0.020267
-0.020627
-0.021098
-0.022356
-0.021846
-0.019664
-0.015687
-0.012141
-0.010127
-0.0097704
-0.0099306
-0.011721
-0.014469
-0.014799
-0.013986
-0.012512
-0.011199
-0.0083476
-0.0055752
-0.0022103
0.0025419
0.0058151
0.0086282
0.0092249
0.007905
0.005863
0.0034007
0.0018564
0.0031151
0.0059915
0.0082671
0.0089638
0.007805
0.0067606
0.0068075
0.0085833
0.0097298
0.0096012
0.0073888
0.0041758
0.00011827
-0.0046819
-0.0079826
-0.010559
-0.011489
-0.012047
-0.011005
-0.0097962
-0.0080173
-0.0057325
-0.0045554
-0.0031509
-0.0020432
-0.0021717
-0.0018902
-0.0011813
-0.00093652
-0.00019906
0.00043945
0.0009372
0.0001824
-0.00081721
-0.0018025
-0.0022636
-0.0013854
0.00073724
0.0037371
0.0064492
0.0083801
0.0079323
0.0057699
0.0039767
0.0013043
-0.0016455
-0.0041037
-0.0050095
-0.0034479
-0.0007551
0.0016154
0.0033381
0.0037604
0.0034809
0.0025507
0.0011053
5.4725e-05
-0.00039612
0.00052085
0.001904
0.0031994
0.0039123
0.0040561
0.0026077
0.00047592
-0.00088782
-0.0013734
-0.0016875
-0.0013887
-0.001199
0.0010134
0.0035124
0.0052127
0.0054494
0.0043753
0.0034481
0.0045324
0.0065815
0.0064642
0.0059053
0.0053769
0.0055442
0.0055625
0.0066713
0.0075178
0.0086276
0.0093497
0.0089846
0.0086908
0.0081655
0.0078513
0.0068609
0.0037591
4.9331e-05
-0.0042071
-0.006342
-0.0069367
-0.0072825
-0.0061962
-0.0070428
-0.0074436
-0.0091093
-0.010908
-0.011886
-0.010784
-0.0087258
-0.0084637
-0.0082934
-0.0082709
-0.0071765
-0.0062932
-0.0053711
-0.0055323
-0.0052365
-0.0045123
-0.0043471
-0.0033046
-0.0030751
-0.0043736
-0.0061086
-0.0071419
-0.0074438
-0.0056282
-0.004494
-0.004441
-0.00286
-0.0001519
0.001528
0.00054271
-0.0022103
-0.0079998
-0.013603
-0.017702
-0.020214
-0.020307
-0.020062
-0.019206
-0.017419
-0.014401
-0.011629
-0.0098747
-0.0088465
-0.0085201
-0.0080407
-0.0068412
-0.0066321
-0.0064618
-0.0051093
-0.0038057
-0.0026705
-0.002746
-0.0032733
-0.0044494
-0.0052572
-0.0061498
-0.0075951
-0.0077226
-0.0074686
-0.006621
-0.0049054
-0.0036906
-0.0038232
-0.0037396
-0.0043465
-0.0055266
-0.0055991
-0.0047994
-0.0038743
-0.0052054
-0.0065579
-0.006764
-0.0067507
-0.0073556
-0.0078962
-0.0076483
-0.007989
-0.0088346
-0.0099576
-0.010786
-0.011971
-0.012569
-0.013397
-0.013554
-0.012678
-0.012736
-0.012611
-0.010898
-0.0072333
-0.0034481
-0.00054826
0.0018671
0.0034981
0.004057
0.0030574
0.001253
0.0008399
0.0010918
0.002579
0.004824
0.008244
0.012377
0.015978
0.018498
0.019462
0.01942
0.017652
0.016477
0.016531
0.016656
0.017547
0.017429
0.01755
0.017388
0.017698
0.018401
0.018509
0.018245
0.01746
0.017473
0.016888
0.016175
0.015562
0.014885
0.013778
0.014034
0.014761
0.015967
0.017165
0.017985
0.018665
0.019316
0.019264
0.018162
0.017286
0.016211
0.014903
0.013602
0.011735
0.0096686
0.0083752
0.0070155
0.005918
0.0049174
0.0026183
1.7263e-05
-0.0027265
-0.0043371
-0.004073
-0.0043973
-0.0052633
-0.0068841
-0.0089813
-0.010128
-0.010059
-0.0095504
-0.0083673
-0.0076012
-0.0061529
-0.0034295
-0.0014894
0.00062195
0.0035534
0.0070693
0.010549
0.013644
0.016536
0.018285
0.020207
0.022957
0.02443
0.024877
0.024064
0.022334
0.020558
0.019518
0.019165
0.019269
0.018636
0.017569
0.016534
0.014402
0.013311
0.012867
0.01078
0.0074159
0.0041703
0.0016131
5.5554e-05
-0.0010624
-0.0019702
-0.0024231
-0.0023027
-0.00094002
-0.00084211
-0.00070952
-0.0013297
-0.0033065
-0.0060819
-0.0078577
-0.0089247
-0.0085218
-0.0069092
-0.0058137
-0.0043643
-0.0026272
-0.00087693
0.00060002
0.0024217
0.0041027
0.0052726
0.004883
0.0044341
0.0045086
0.0046514
0.0056
0.0076298
0.0093434
0.010463
0.0097156
0.0093637
0.0093566
0.010029
0.010427
0.010493
0.01184
0.011402
0.011346
0.011258
0.010153
0.0093687
0.0074735
0.0046981
0.0027142
0.0013525
0.00050179
-0.00060696
-0.00087523
-0.0017443
-0.0018524
-0.001984
-0.0025216
-0.0040097
-0.0059886
-0.0068811
-0.0098105
-0.013117
-0.015843
-0.01768
-0.017938
-0.016203
-0.014266
-0.01225
-0.010385
-0.0081715
-0.0054542
-0.0033296
-0.00047357
0.0012319
0.002313
0.002615
0.0027057
0.0038634
0.0063032
0.0081627
0.0085952
0.0076965
0.0057738
0.0031187
0.0014429
0.0017754
0.0014918
0.0023415
0.0026352
0.0026587
0.0024597
0.0016121
0.00222
0.0034287
0.0055034
0.0085369
0.011144
0.011512
0.011426
0.011061
0.011313
0.012124
0.012631
0.013473
0.013353
0.01356
0.012637
0.010754
0.0085184
0.0058796
0.0032103
0.00086628
-0.0010452
-0.00241
-0.0033066
-0.0041756
-0.0041206
-0.0040522
-0.0023978
-0.00035985
0.00089474
0.00051631
-0.0001059
-0.00097291
-0.0024101
-0.0031078
-0.0030109
-0.0019481
-0.0010525
0.00044993
0.001425
0.0024817
0.0027979
0.002803
0.0020931
-0.00016112
-0.0030294
-0.0058976
-0.0071788
-0.0079937
-0.0078877
-0.0085966
-0.0089934
-0.0090107
-0.010122
-0.010933
-0.012647
-0.014035
-0.014755
-0.01478
-0.01514
-0.016019
-0.016638
-0.017462
-0.018008
-0.01849
-0.019501
-0.021187
-0.022329
-0.022494
-0.02323
-0.023405
-0.022541
-0.021985
-0.020864
-0.019971
-0.018904
-0.018518
-0.019223
-0.019679
-0.019484
-0.019675
-0.018908
-0.018007
-0.016736
-0.015466
-0.014476
-0.013179
-0.01163
-0.0096802
-0.0097863
-0.0096894
-0.010312
-0.011412
-0.011733
-0.01162
-0.012374
-0.014499
-0.015864
-0.018202
-0.019347
-0.01934
-0.018747
-0.016713
-0.014631
-0.011725
-0.01061
-0.010656
-0.01065
-0.010491
-0.0095111
-0.0079525
-0.0063767
-0.0063909
-0.0067908
-0.0060809
-0.0054903
-0.004608
-0.0035738
-0.0022845
-0.0028496
-0.0037747
-0.0042307
-0.0054679
-0.0057597
-0.0069327
-0.007461
-0.0084913
-0.0095572
-0.010189
-0.010576
-0.01111
-0.011631
-0.011443
-0.01144
-0.010256
-0.0096327
-0.0088708
-0.0084965
-0.0085362
-0.0086872
-0.0091279
-0.009337
-0.010296
-0.01224
-0.01422
-0.01605
-0.016283
-0.014598
-0.012451
-0.0096022
-0.0077764
-0.0056192
-0.0045818
-0.0043809
-0.004133
-0.0047593
-0.0038016
-0.0036435
-0.0027785
-0.00088847
0.0019318
0.0052744
0.0081701
0.010517
0.012309
0.01303
0.013737
0.014247
0.015293
0.015933
0.016881
0.018044
0.01817
0.018886
0.01794
0.018141
0.017348
0.017061
0.016438
0.016552
0.017814
0.018613
0.019643
0.018862
0.017552
0.016186
0.015104
0.014723
0.015018
0.015771
0.016769
0.017327
0.018178
0.019811
0.02188
0.023096
0.022787
0.021939
0.020284
0.018295
0.01675
0.01505
0.014135
0.014433
0.014722
0.01515
0.015194
0.015253
0.014596
0.013619
0.01243
0.010682
0.0095141
0.0081463
0.0068601
0.0057024
0.0049761
0.0053698
0.0055024
0.0053841
0.0060746
0.0065448
0.0062378
0.0053473
0.0042927
0.0034063
0.0023087
0.001607
0.0014121
-0.00011786
-0.0021344
-0.0028504
-0.0036614
-0.0025353
-0.0021915
-0.0023466
-0.001295
-0.0013419
-0.0020559
-0.0041622
-0.0059258
-0.0063216
-0.005678
-0.0044336
-0.002567
-0.00036377
0.0023902
0.0038284
0.0043343
0.0034622
0.0018037
0.0003604
-0.00031485
-0.00039747
-0.00020062
0.00077756
0.0017629
0.0026299
0.0020077
0.00081324
-0.0010717
-0.0012054
-0.0002996
-0.00039242
-0.00028941
-0.00042915
0.0003134
0.00067142
0.0011814
0.0019046
0.002537
0.0026359
0.0025615
0.0026278
0.0025686
0.0026237
0.0025788
0.0025247
0.00083457
-0.00099735
-0.0019245
-0.0029966
-0.0031955
-0.0020745
-0.0013289
-0.0013228
-0.001183
-0.00016914
0.0012109
0.0018902
0.0025593
0.0026216
0.0025879
0.0025971
0.0026195
0.0025379
0.0032346
0.0036364
0.0035712
0.0035283
0.0037854
0.00448
0.0052184
0.0055244
0.0061599
0.0065424
0.006571
0.005811
0.0056988
0.0058906
0.0054826
0.0049532
0.0039261
0.0027082
0.0015801
0.0014556
0.00061005
0.00071714
0.0018932
0.0018667
0.0017586
0.0025266
0.0032233
0.0035833
0.0040148
0.003568
0.0036292
0.0031733
0.0016117
0.0015178
0.0023348
0.0039199
0.0061853
0.0083447
0.0094493
0.0098084
0.0095401
0.0086874
0.0059976
0.0045299
0.0019217
0.00036316
0.0008854
0.0015892
0.0028305
0.0033977
0.0041739
0.0046645
0.0056427
0.0064577
0.0064077
0.0066096
0.0075123
0.009687
0.012438
0.014952
0.017126
0.018183
0.018188
0.017607
0.016371
0.014443
0.012465
0.010524
0.0085385
0.0066239
0.0045768
0.0028958
0.0011067
-0.0013882
-0.0029569
-0.004233
-0.0059853
-0.0069645
-0.0079631
-0.0089117
-0.0099531
-0.010399
-0.011987
-0.013863
-0.014918
-0.01688
-0.017506
-0.017853
-0.017584
-0.016283
-0.014935
-0.014147
-0.012395
-0.010697
-0.0092983
-0.0071206
-0.0062831
-0.0052132
-0.0044023
-0.0050255
-0.0056497
-0.0065075
-0.0075704
-0.008369
-0.0083384
-0.0084006
-0.0083058
-0.008574
-0.0093207
-0.0099112
-0.011169
-0.01253
-0.013772
-0.015171
-0.016247
-0.016214
-0.016229
-0.016226
-0.016243
-0.016202
-0.016822
-0.017885
-0.018854
-0.019278
-0.019022
-0.018023
-0.017699
-0.016752
-0.015549
-0.014595
-0.012433
-0.010832
-0.0095623
-0.0077263
-0.0056088
-0.0044266
-0.0027946
-0.001388
-0.00053224
0.0005204
0.001316
0.0012803
0.0013303
0.0012518
0.0013629
0.0010896
0.00032357
0.00029808
-0.00011094
0.00016651
0.00052147
0.0012528
0.0011671
5.7389e-05
-0.00064233
-0.0008555
-0.0018459
-0.0026813
-0.0026466
-0.0026813
-0.0026751
-0.0026425
-0.003282
-0.0037737
-0.003587
-0.0037451
-0.0030729
-0.0019886
-0.0022263
-0.0030229
-0.0035778
-0.0043193
-0.0053067
-0.0062971
-0.0072906
-0.0076935
-0.0079709
-0.0083432
-0.00864
-0.0085829
-0.0086502
-0.0084492
-0.0075271
-0.0059155
-0.0040193
-0.003135
-0.0024853
-0.0018569
-0.0011837
-0.00016575
0.0009073
0.002985
0.0042203
0.0057666
0.0077413
0.0079555
0.0085624
0.0091745
0.010055
0.010515
0.010727
0.011156
0.01177
0.01251
0.012913
0.012702
0.011131
0.0090634
0.0071611
0.005679
0.0051089
0.0043102
0.003995
0.0038461
0.0030097
0.003025
0.0030332
0.0029649
0.0036259
0.0041746
0.005674
0.0072326
0.0077732
0.0085515
0.0089218
0.0088422
0.0084536
0.0082996
0.0089616
0.010019
0.010806
0.010809
0.01028
0.0088515
0.0059394
0.0031028
0.0013698
0.00032126
-3.4711e-05
5.5061e-05
-1.8368e-05
7.4464e-05
-0.00060688
-0.0010689
-0.00089144
-0.0010648
-0.00033552
0.00060698
0.0016943
0.0019463
0.0025348
0.0035793
0.0045667
0.0053664
0.004988
0.004121
0.0026318
0.0015333
-0.001133
-0.0037901
-0.0044337
-0.0057362
-0.0056944
-0.0049885
-0.0047233
-0.0039767
-0.0039012
-0.004146
-0.004913
-0.0050711
-0.0060941
-0.0069152
-0.0068611
-0.0069672
-0.0062787
-0.0057228
-0.0047986
-0.0038408
-0.0023792
-0.0013979
-0.00033403
-5.9639e-05
9.8476e-05
0.00091755
0.00092777
0.00076662
-0.00021868
-0.0012305
-0.0020088
-0.0025963
-0.0032031
-0.0021546
-0.0014201
-0.0012202
-0.00037972
-2.5761e-05
-0.00012673
8.3411e-05
0.00092493
0.00085354
0.00094026
0.00081992
0.0010953
0.0018471
0.001891
0.0018298
0.0019247
0.0016768
0.00078638
-0.00034785
-0.00043351
-3.7732e-05
0.00041313
0.0016422
0.0018381
0.001933
0.0012088
0.00082937
0.00086713
0.0010446
0.0018535
0.0023176
0.001367
0.00015016
-0.00067602
-0.0017949
-0.002106
-0.0019193
-0.00090952
1.8696e-05
0.0014804
0.0024973
0.0030686
0.0037632
0.0043926
0.0049658
0.003548
0.0015733
-0.00060129
-0.0023699
-0.0035001
-0.0048322
-0.0049026
-0.0056869
-0.0059725
-0.0061448
-0.0069761
-0.0064029
-0.0056572
-0.0051421
-0.0041823
-0.0028195
-0.0020627
-0.0015639
-0.00015522
0.00087398
0.00092398
0.00068634
-9.4957e-05
-0.0001031
-0.00011225
0.00044877
0.0015881
0.002447
0.0030121
0.002545
0.001983
0.0015974
0.0009885
0.00061827
0.00054077
0.0010681
0.0020504
0.0028063
0.0034285
0.0044862
0.0054389
0.0059979
0.0068813
0.0078432
0.0069568
0.0055553
0.0042783
0.0031196
0.0022731
0.0011725
0.0007431
-0.00025138
-0.0015876
-0.0028819
-0.004623
-0.0055981
-0.0066161
-0.0069832
-0.0068853
-0.0069424
-0.0068965
-0.0069413
-0.0067862
-0.0053225
-0.004328
-0.0032825
-0.0029693
-0.0028601
-0.0019595
-0.0020879
-0.0013964
-0.00079658
-7.3371e-05
6.5375e-05
0.0011497
0.0018463
0.0025379
0.0029694
0.002949
0.0045637
0.0048677
0.0048994
0.0042425
0.0037744
0.0040641
0.0050035
0.0059991
0.0068855
0.006606
0.0059094
0.0052168
0.0048017
0.0048895
0.0049905
0.0060442
0.0069357
0.0085585
0.010591
0.012521
0.013964
0.014596
0.014862
0.01568
0.015087
0.014398
0.013786
0.013093
0.012501
0.011678
0.00989
0.0069647
0.0051889
0.0031152
0.0026991
0.0013844
3.3069e-06
-0.00059948
-0.00095951
-0.0015796
-0.0018438
-0.0008054
0.00080113
0.0026239
0.0038092
0.0050108
0.0049231
0.0044019
0.0032432
0.0029515
0.0030087
0.002972
0.0030148
0.0029741
0.003022
0.0029752
0.0030374
0.0028661
0.0018339
0.0010903
0.00045489
-4.6919e-05
0.00028461
0.0011639
0.0027602
0.0048788
0.00611
0.0071565
0.0078369
0.0088012
0.0085076
0.0077717
0.0068296
0.0059521
0.0052975
0.004713
0.0048909
0.0040587
0.0036007
0.0036653
0.0033558
0.0024739
0.002477
0.0017624
0.001095
0.00017094
-0.0013206
-0.0025746
-0.0040043
-0.0047384
-0.0048342
-0.0048448
-0.0049041
-0.0049326
-0.0049674
-0.0050206
-0.0050014
-0.0052447
-0.0060403
-0.0062145
-0.007068
-0.0075444
-0.0083405
-0.008795
-0.009227
-0.009612
-0.0090988
-0.0098318
-0.0092819
-0.008545
-0.0080206
-0.0072483
-0.0067872
-0.005923
-0.006238
-0.0067011
-0.0059769
-0.0059313
-0.0059398
-0.0058983
-0.0058694
-0.0063838
-0.0068668
-0.0064471
-0.0058287
-0.0051894
-0.0042168
-0.0037738
-0.0028601
-0.0026751
-0.003627
-0.0044372
-0.0052492
-0.0062501
-0.0073545
-0.0084701
-0.0088055
-0.0089396
-0.009014
-0.008435
-0.0082448
-0.0072015
-0.0065476
-0.006239
-0.0055206
-0.0054218
-0.0053816
-0.0052527
-0.005249
-0.0050657
-0.0051464
-0.0047191
-0.0046874
-0.0043158
-0.0043548
-0.0047612
-0.00448
-0.0045272
-0.0043245
-0.0043586
-0.0037229
-0.0029035
-0.002366
-0.0018404
-0.0012351
-0.00092202
-0.0005963
-0.00083831
-0.0008325
-0.0012292
-0.0016217
-0.0022041
-0.0027395
-0.0026307
-0.0028584
-0.0025649
-0.0022294
-0.0016845
-0.0015332
-0.0015785
-0.0013382
-0.0019565
-0.0025809
-0.0028813
-0.0030873
-0.0025212
-0.0017413
-0.0011161
-0.00023726
0.00052037
0.00050429
0.00057414
0.00057523
0.0006676
0.00028624
9.851e-05
-0.00014127
-0.00042933
-0.00019655
-0.00029014
5.1651e-06
0.00040623
0.00062131
0.0011359
0.0017667
0.0024414
0.0032058
0.0036906
0.003776
0.0038194
0.0034347
0.0027651
0.0020574
0.0014174
0.001032
0.001088
0.0010618
0.0011614
0.00081883
0.00069488
0.00072619
0.00086687
0.0012449
0.0012992
0.0012045
0.00090364
0.00083984
0.00053191
0.00056673
0.00068578
0.0010863
0.0010313
0.00066693
0.00032708
-0.00018484
-0.00034868
-0.00055584
-0.00039736
1.8225e-07
0.00027313
0.00061597
0.00088016
0.0009945
0.00092269
0.00072479
0.00056651
0.00024158
0.00041497
0.00071819
0.0010375
0.0014334
0.001885
0.0022559
0.0025102
0.0028762
0.0032473
0.0034139
0.0033667
0.0032977
0.0032533
0.0031746
0.0031488
0.0030078
0.0028004
0.0028555
0.0028659
0.0030528
0.0033345
0.0035571
0.003788
0.0039774
0.0040688
0.004174
0.0042024
0.0041842
0.0041783
0.0041604
0.0040086
0.0038395
0.0035708
0.0031524
0.0026757
0.0023599
0.0020779
0.0017846
0.0016448
0.0015749
0.001504
0.0013414
0.0013512
0.0012727
0.001323
0.0012967
0.0013402
0.0014856
0.0015228
0.0015724
0.001687
0.001619
0.0015886
0.0015275
0.0014195
0.0014173
0.0013072
0.0013813
0.0013087
0.0011604
0.0010605
0.00089966
0.00071206
0.00052702
0.00032526
0.0001247
1.6729e-05
-5.0588e-05
-0.00015945
-0.00025003
-0.00034436
-0.00038222
-0.00050279
-0.00057833
-0.00066712
-0.00074625
-0.00076036
-0.00079995
-0.00081987
-0.00084841
-0.00088147
-0.00096639
-0.0010123
-0.0011191
-0.0012287
-0.0013033
-0.0013974
-0.0014433
-0.001527
-0.0015004
-0.0014957
-0.0014764
-0.0014318
-0.0014402
-0.0013781
-0.0013823
-0.0013862
-0.0013573
-0.0013346
-0.001307
-0.0012528
-0.0011946
-0.0011415
-0.0010871
-0.0010362
-0.00098558
-0.0009363
-0.00089047
-0.00083718
-0.00076805
-0.00071022
-0.00065196
-0.00059955
-0.00056556
-0.00053778
-0.00050579
-0.00049374
-0.0004899
-0.00047992
-0.00047204
-0.00044358
-0.00042358
-0.00039847
-0.00037523
-0.00035318
-0.00031604
-0.0002989
-0.0002752
-0.00023546
-0.00022487
-0.00020572
-0.0001915
-0.00017323
-0.00015523
-0.00013045
-9.5063e-05
-6.1083e-05
-2.9348e-05
-1.1269e-05
7.9213e-06
2.1252e-05
3.2292e-05
3.9035e-05
5.4172e-05
6.944e-05
7.949e-05
9.2876e-05
9.6907e-05
9.7607e-05
0.00010271
0.00010755
0.00011121
0.00011466
0.00011953
0.00012702
0.00013213
0.00013456
0.00013743
0.00013631
0.00013458
0.0001303
0.00012707
0.00012144
0.0001167
0.00011232
0.00010797
0.00010221
9.7281e-05
9.3447e-05
8.9639e-05
8.6849e-05
8.2431e-05
7.8293e-05
7.3372e-05
6.8879e-05
6.5396e-05
6.171e-05
5.863e-05
5.4963e-05
5.1416e-05
4.7957e-05
4.437e-05
4.1216e-05
3.7795e-05
3.4711e-05
3.1617e-05
2.873e-05
2.5875e-05
2.3059e-05
2.0442e-05
1.7779e-05
1.5226e-05
1.2746e-05
1.0488e-05
8.4687e-06
6.6439e-06
5.0567e-06
3.6452e-06
2.4598e-06
1.3569e-06
3.9056e-07
-4.8488e-07
-1.2713e-06
-1.9947e-06
-2.6295e-06
-3.1811e-06
-3.6679e-06
-4.0712e-06
-4.4135e-06
-4.6907e-06
-4.9175e-06
-5.0992e-06
-5.24e-06
-5.3471e-06
-5.4259e-06
-5.4797e-06
-5.5149e-06
-5.5371e-06
-5.5513e-06
-5.5624e-06
-5.5747e-06
-5.592e-06
