-0.00032175
-0.00032287
-0.00032365
-0.00032581
-0.00033061
-0.00033652
-0.00034254
-0.00034644
-0.0003451
-0.00033785
-0.00033176
-0.0003251
-0.00030224
-0.00029404
-0.00031347
-0.0003446
-0.00038392
-0.000425
-0.00044401
-0.00043936
-0.00042065
-0.00037889
-0.00032374
-0.00025825
-0.00023159
-0.00022605
-0.00026788
-0.000346
-0.00038656
-0.00046899
-0.00062457
-0.00067142
-0.000585
-0.0005506
-0.00049267
-0.0003845
-0.00029051
-0.0001442
-8.6921e-05
-0.00017826
-0.00034717
-0.00047312
-0.00046821
-0.00030503
-0.00010262
9.8531e-05
0.00019066
-2.863e-05
-0.00038142
-0.0006524
-0.00079843
-0.00077966
-0.00074245
-0.00054267
-0.00015439
0.00010638
-4.7274e-05
-0.00024913
-0.00036021
-0.00029237
3.8468e-05
0.0003299
0.00024436
2.369e-05
-0.00030355
-0.0005222
-0.00032253
1.7037e-05
0.0003355
0.00078039
0.00054918
-0.0003836
-0.0010221
-0.0012037
-0.0011971
-0.00055275
0.00013895
0.00068409
0.0010751
0.001052
0.00058371
-0.00010733
-0.00089069
-0.0013457
-0.0017301
-0.0019121
-0.0010505
0.00034281
0.00095984
-0.00040357
-0.0017407
-0.0016326
-0.00039779
0.00088407
0.0018674
0.0019141
0.0013394
0.0007427
9.3864e-05
-0.00087915
-0.002187
-0.0023656
-0.0015771
-0.00073121
7.3583e-05
0.0010073
0.0021095
0.0026604
0.0014464
-0.00092455
-0.0018577
-0.0028056
-0.0041895
-0.0033357
-0.0018872
-0.00083497
0.0016159
0.0031988
0.0038782
0.0036248
0.0020858
0.00070389
-0.000586
-0.0025271
-0.0039642
-0.0039828
-0.0019681
-0.0008808
0.00011314
0.0021256
0.0046622
0.0058415
0.0047993
0.0039761
0.00329
0.001505
0.00093807
0.0031092
0.0039588
0.0031012
0.0018212
-0.00014719
-0.00074486
-0.00095641
-0.00045145
0.00055154
0.0020152
0.0038511
0.003612
0.0013991
-0.00035993
0.00076686
0.0032521
0.0025734
-0.00041157
-0.0035504
-0.0056067
-0.0072219
-0.0091703
-0.0076033
-0.0051538
-0.0039454
-0.0023888
-0.0014414
0.00069294
0.0024357
0.0035753
0.0046278
0.0046447
0.0040727
0.0031442
0.0014252
0.00026387
-0.0010186
-0.0038754
-0.0064337
-0.0086087
-0.0097127
-0.008172
-0.0039656
0.001071
0.0041127
0.0066199
0.0059555
0.0016754
0.0007539
0.0038201
0.0067842
0.0089008
0.011176
0.012219
0.010677
0.0082823
0.0052594
0.0034108
0.0014732
0.00050085
0.0016795
0.0027204
0.00085251
-0.0020056
-0.0024828
-0.0011969
-0.00027026
-0.00074164
-0.0018952
-0.004724
-0.0078435
-0.011334
-0.014927
-0.016591
-0.014125
-0.010549
-0.0076467
-0.0032788
0.00081196
-0.00073961
-0.0057914
-0.0094564
-0.006985
0.00080177
0.0051511
0.0080829
0.0061413
0.00070583
-0.0018333
0.0013391
0.0058601
0.010326
0.015227
0.017114
0.0128
0.0079706
0.0055623
0.004502
0.0024174
-0.001164
-0.0031927
-0.0040157
-0.0040717
-0.0017571
-0.00099188
-0.00070066
0.00196
0.0045628
0.0056087
0.00578
0.0036496
-0.00017971
-0.0017802
-0.0031004
-0.0065539
-0.010726
-0.012343
-0.009963
-0.0064083
-0.0021545
0.00093182
0.0059481
0.0068782
0.0021868
-0.0013071
-0.0070165
-0.01158
-0.0091111
-0.0029828
0.0007801
0.0037391
0.0086628
0.011483
0.010653
0.007065
0.0008235
-0.0028787
-0.0060783
-0.010508
-0.014187
-0.017311
-0.017011
-0.012434
-0.0080589
-0.0036149
0.002013
0.0068253
0.0076078
0.0069557
0.0035506
0.0015902
0.0044503
0.0064944
0.007147
0.0050976
0.0012047
-0.0011623
-0.0035581
-0.0045133
-0.0018211
0.004198
0.010654
0.011206
0.0081841
0.0013547
-0.0045397
-0.008057
-0.0070896
0.00082478
0.0043876
0.005242
0.0047982
0.0013674
-0.002077
-0.0045938
-0.0086957
-0.011881
-0.014167
-0.017635
-0.018409
-0.015289
-0.011228
-0.0062916
0.0004513
0.0079036
0.0114
0.0081908
0.0030829
-0.0052007
-0.0087529
-0.0076714
-0.0046318
0.000566
0.0081504
0.009631
0.0026306
-0.003635
-0.0071404
-0.010385
-0.012842
-0.011011
-0.0058408
-0.0023593
0.0015039
0.0079127
0.011252
0.015101
0.019193
0.01996
0.015722
0.011178
0.0069355
0.0029463
0.0022369
0.0033687
0.006673
0.011413
0.0085444
0.0031338
-8.6649e-06
-0.0047452
-0.007518
-0.0049965
0.00038501
0.0061686
0.0068759
0.0040617
0.0024132
-0.0031769
-0.01019
-0.013305
-0.016172
-0.016391
-0.014607
-0.012586
-0.0075211
-0.0010106
0.003152
0.0013215
-0.0038334
-0.012405
-0.014012
-0.0091192
-0.0023401
0.0042387
0.0095751
0.01091
0.0051954
0.00072569
-0.0028534
-0.0015324
0.0040948
0.012247
0.017169
0.017296
0.01468
0.011258
0.0039803
0.00032312
-0.0029143
-0.009566
-0.012646
-0.00853
-0.0029759
0.002036
0.008412
0.0099614
0.0056185
-1.968e-05
-0.0045891
-0.011787
-0.015226
-0.010635
-0.0042735
-0.00048521
0.0044149
0.013182
0.020781
0.021098
0.017602
0.01215
0.0048065
-0.0011535
-0.0081175
-0.011154
-0.0095093
-0.0052996
0.001169
0.0064108
0.008819
0.0049128
-0.0021701
-0.0075221
-0.0092627
-0.0059336
-0.0010222
0.0031349
0.0079625
0.0063076
-0.00014924
-0.0042803
-0.0070104
-0.0097129
-0.011659
-0.012951
-0.011923
-0.0089128
-0.0090137
-0.01221
-0.012857
-0.010758
-0.008439
-0.0054239
-0.0026326
0.0022286
0.007423
0.010902
0.014261
0.016265
0.016801
0.01588
0.012204
0.0076327
0.0013967
-0.0040475
-0.0084367
-0.012043
-0.01192
-0.0067921
-0.001107
0.0027408
0.009283
0.016202
0.018768
0.016561
0.012953
0.0078935
0.0048317
0.006053
0.0068958
0.0064741
0.0078581
0.0074278
0.0051039
0.0034438
0.0015325
-0.0050368
-0.0085688
-0.0116
-0.01457
-0.016672
-0.014382
-0.0099374
-0.006265
-0.0026093
0.001137
0.0059631
0.014602
0.020608
0.018313
0.01112
0.005114
-0.0025627
-0.0092219
-0.0081505
-0.0025974
0.0048436
0.013455
0.018135
0.018966
0.014558
0.0060498
0.00035683
-0.0038423
-0.0087712
-0.012632
-0.015456
-0.018069
-0.019011
-0.018625
-0.01691
-0.014278
-0.0090456
-0.0046949
-0.0091734
-0.013971
-0.016313
-0.017104
-0.015388
-0.010689
-0.0065619
-0.0038684
0.00055069
0.0065975
0.010729
0.014394
0.016672
0.014121
0.0061715
-0.00043262
0.00013302
0.0045891
0.010523
0.017716
0.023628
0.02662
0.023518
0.019481
0.014538
0.0090193
0.0050458
0.00074221
-0.0054112
-0.012334
-0.017267
-0.015813
-0.0095927
-0.0075663
-0.011149
-0.016258
-0.021516
-0.022009
-0.015418
-0.010479
-0.0059175
0.0010332
0.010056
0.018654
0.017354
0.0084286
0.00076343
-0.0049098
-0.012998
-0.019284
-0.017689
-0.014374
-0.011599
-0.0069346
-0.00045964
0.00038135
-0.0016836
-0.0041563
-0.0077699
-0.010326
-0.0077363
-0.0019055
0.0047778
0.010971
0.016115
0.016244
0.012951
0.0081198
0.0013088
-0.0033143
-0.0081892
-0.013559
-0.016909
-0.017747
-0.014804
-0.0090889
-0.0052346
-0.0018041
0.0012138
0.0045884
0.0099301
0.015124
0.015759
0.012175
0.0064056
0.0016873
-0.0026086
-0.0034996
-0.0017206
0.0015979
0.0062697
0.010344
0.012747
0.013701
0.015599
0.015823
0.014385
0.010307
0.0054465
0.0039823
0.0042492
0.0089451
0.012806
0.014417
0.018081
0.020925
0.019271
0.014213
0.0083874
0.0038338
-0.0011803
-0.0062273
-0.011587
-0.014772
-0.012774
-0.0073813
-0.0022423
-0.0041622
-0.007967
-0.013143
-0.015075
-0.011188
-0.0061756
-0.0049159
-0.0083169
-0.014052
-0.020583
-0.026102
-0.031167
-0.034818
-0.034675
-0.031535
-0.024609
-0.018894
-0.015243
-0.011844
-0.0084661
-0.004629
-0.00040316
0.0036735
0.0080264
0.014254
0.020793
0.02529
0.025868
0.022659
0.019438
0.016223
0.010728
0.0066294
0.0083837
0.010503
0.008288
0.0044905
-0.0013582
-0.006463
-0.0092827
-0.012814
-0.014425
-0.0128
-0.010226
-0.0080883
-0.0050086
-0.0029196
-0.0015688
7.5676e-05
0.0010155
0.0030944
0.0048266
0.0059293
0.0077196
0.010976
0.012801
0.014038
0.015485
0.01611
0.014893
0.01276
0.011454
0.0085675
0.0057745
0.0030958
-0.0012744
-0.004482
-0.0071366
-0.0093373
-0.0089875
-0.0066881
-0.0050419
-0.0033273
-2.7027e-05
0.003243
0.0066215
0.0096968
0.0081877
0.0051056
0.0004424
-0.0048657
-0.0098216
-0.011758
-0.014824
-0.016487
-0.015736
-0.013621
-0.011288
-0.0097553
-0.006571
-0.0040773
-0.00017219
0.0051338
0.010937
0.018259
0.027066
0.034874
0.03579
0.027968
0.016757
0.0092179
0.0032028
-0.0023973
-0.0082151
-0.014497
-0.016824
-0.013957
-0.0088306
-0.0030784
0.0032239
0.0016761
-0.008118
-0.016481
-0.021344
-0.022669
-0.019666
-0.015335
-0.01543
-0.018021
-0.019442
-0.01849
-0.012935
-0.0074593
-0.0016631
0.0010362
-0.0020753
-0.0080052
-0.012836
-0.013912
-0.014164
-0.012161
-0.0086898
-0.0052415
0.00037664
0.0040173
0.0070711
0.010635
0.015627
0.018992
0.017589
0.012905
0.0083428
0.0024755
-0.0039809
-0.010902
-0.014167
-0.011071
-0.007162
-0.0044515
-0.00083111
0.003473
0.0049189
0.0013713
-0.0042651
-0.0060998
-0.0050169
-0.0012067
0.0013086
0.0049363
0.0079884
0.005189
-0.00028652
-0.0043336
-0.0081072
-0.010548
-0.009993
-0.008297
-0.0055402
-0.00074243
0.001198
0.0037799
0.0055709
0.0070477
0.0091744
0.010048
0.0098671
0.0060521
0.0023418
0.0011295
-0.002588
-0.0033134
0.0040344
0.011187
0.017062
0.01597
0.0061614
-0.0025028
-0.011753
-0.019495
-0.017925
-0.010901
-0.0023446
0.0021863
-0.00022403
-0.0065176
-0.010667
-0.010287
-0.0060601
-0.0010768
0.0025129
0.0068656
0.011054
0.012999
0.014717
0.014821
0.012737
0.0084971
0.0038042
-0.00010512
-0.0012011
-0.001749
-0.00063321
0.00028391
-0.0010783
-0.002887
-0.0058535
-0.01018
-0.012641
-0.015172
-0.015133
-0.010518
-0.0063666
-0.0033931
0.0018719
0.0085106
0.014577
0.017338
0.012975
0.0075392
0.0027768
-0.0023643
-0.0030584
0.00031581
0.0044774
0.0055512
0.0021792
-0.003336
-0.0086422
-0.012942
-0.015625
-0.015059
-0.011391
-0.0067592
-0.0011088
0.0041885
0.0097275
0.016254
0.019548
0.024452
0.027943
0.023715
0.016072
0.012962
0.010368
0.013363
0.015946
0.012689
0.0089218
0.0058612
0.00039113
-0.0058606
-0.012358
-0.016898
-0.019499
-0.016563
-0.010669
-0.0044806
-0.00080192
0.0046738
0.0084625
0.0089519
0.005643
0.0011376
-0.00035446
-0.0039417
-0.006368
-0.0029627
0.0037853
0.0062598
0.0062015
0.0028651
-0.0038155
-0.0085636
-0.007266
-0.0029735
0.0021802
0.007394
0.011602
0.014396
0.012781
0.0099413
0.0079465
0.0050786
-0.0016705
-0.0065204
-0.01046
-0.01657
-0.022431
-0.022232
-0.016633
-0.010804
-0.0034426
0.0038423
0.0080146
0.0066162
0.0030819
0.0060513
0.012282
0.016269
0.013853
0.0067381
0.0011096
-0.0062594
-0.013317
-0.013128
-0.007203
-0.0021536
0.0017819
0.0054457
0.0049715
0.0020278
0.0019466
0.0057606
0.0077503
0.0059815
0.00497
0.0037797
0.0053236
0.0099919
0.0095028
0.0041438
0.0014845
0.0020895
0.0037
0.008025
0.012924
0.019195
0.024814
0.022998
0.013188
0.0077547
0.0034914
-0.0021945
-0.0069261
-0.011121
-0.014355
-0.015434
-0.015392
-0.013999
-0.010071
-0.0064413
-0.0014865
0.0030631
0.0090054
0.013256
0.016937
0.019236
0.017753
0.013228
0.0082588
0.0070044
0.01005
0.015885
0.021239
0.027982
0.033716
0.036321
0.030821
0.02233
0.017297
0.013302
0.0076716
0.0017675
-0.00032259
0.00012928
0.0021799
0.0049622
0.0080996
0.011337
0.012603
0.0097829
0.0069121
0.0071699
0.0087169
0.0098255
0.013723
0.015897
0.01142
0.0045195
-0.00054978
-0.0054738
-0.010663
-0.016107
-0.017713
-0.014252
-0.0093982
-0.0038943
0.00031193
0.0010903
-0.0012991
-0.0045464
-0.0066202
-0.0051056
-0.00086971
0.0024947
0.0055999
0.010837
0.018754
0.027636
0.028209
0.016742
0.0063628
-0.0036526
-0.013154
-0.019138
-0.023423
-0.028067
-0.032596
-0.032666
-0.026323
-0.021324
-0.016423
-0.008965
-0.0033281
-0.0060256
-0.013827
-0.020655
-0.027176
-0.038306
-0.043241
-0.035716
-0.026212
-0.018966
-0.011495
-0.0059678
-0.0064734
-0.010871
-0.014993
-0.018303
-0.021485
-0.023553
-0.02141
-0.016845
-0.011989
-0.0047274
0.0011393
0.0034146
0.0021589
0.00033191
-0.0028738
-0.0067302
-0.0038847
0.0013377
0.0028179
0.0018554
-0.0032596
-0.0086962
-0.010642
-0.0072163
-0.0027787
-0.0050038
-0.0069386
-0.0032148
0.0019766
0.0062939
0.010691
0.016132
0.022251
0.027318
0.031973
0.032757
0.030457
0.028255
0.026235
0.026747
0.033871
0.041763
0.044025
0.039272
0.028908
0.022435
0.018237
0.013621
0.011342
0.01309
0.014953
0.016708
0.017189
0.015064
0.010327
0.002957
-0.0031514
-0.0093318
-0.017569
-0.027101
-0.033772
-0.0323
-0.02295
-0.012458
-0.0016309
0.0081314
0.014817
0.020533
0.025114
0.024648
0.028133
0.03511
0.037105
0.033181
0.027442
0.021558
0.018601
0.021668
0.026456
0.032539
0.0357
0.033133
0.030761
0.032964
0.03355
0.030233
0.026548
0.02274
0.01777
0.010729
0.0012569
-0.0078111
-0.015485
-0.023184
-0.0288
-0.029057
-0.025518
-0.02273
-0.02593
-0.032594
-0.038699
-0.04461
-0.050426
-0.055503
-0.058484
-0.0567
-0.05049
-0.045466
-0.03988
-0.031173
-0.025895
-0.026928
-0.031858
-0.032241
-0.025071
-0.018364
-0.013623
-0.0064626
0.00085756
0.00093341
-0.0068959
-0.016519
-0.023373
-0.026642
-0.022996
-0.016209
-0.010411
-0.003505
0.0030249
0.0045632
0.0036718
0.0032492
0.0035292
0.0087557
0.015674
0.01722
0.01193
0.0067446
0.0036007
0.0018851
0.0055479
0.011496
0.01749
0.022474
0.024695
0.022077
0.017527
0.020361
0.026318
0.030269
0.02851
0.023689
0.023024
0.026254
0.032064
0.037012
0.037406
0.040744
0.035795
0.028294
0.015244
-0.010278
-0.020358
-0.026373
-0.034352
-0.034704
-0.026207
-0.019958
-0.014505
-0.0092638
-0.0046048
-0.00035821
0.0040082
0.0095817
0.01533
0.01985
0.024854
0.031503
0.034151
0.037359
0.041719
0.044685
0.044968
0.040875
0.035055
0.030309
0.02681
0.021445
0.019503
0.024242
0.021909
0.01552
0.010221
0.0017761
-0.009282
-0.018485
-0.026136
-0.032296
-0.038721
-0.042717
-0.040973
-0.035262
-0.027933
-0.014724
0.0012689
0.013831
0.020722
0.026834
0.032222
0.030436
0.022972
0.025193
0.033931
0.041124
0.042403
0.036875
0.030669
0.024954
0.018091
0.010961
0.0039595
-0.0026308
-0.0081231
-0.014067
-0.021425
-0.026144
-0.027733
-0.026087
-0.024517
-0.026988
-0.028519
-0.027796
-0.023258
-0.017112
-0.010458
-0.004391
0.0030802
0.012223
0.020959
0.030112
0.036672
0.036356
0.030802
0.022561
0.0099043
-0.0021601
-0.010503
-0.015841
-0.020145
-0.024873
-0.030735
-0.039753
-0.049063
-0.055831
-0.061975
-0.06738
-0.067986
-0.063418
-0.060478
-0.061499
-0.061551
-0.055834
-0.05067
-0.040361
-0.023721
-0.0053696
0.011669
0.026716
0.03863
0.040854
0.034836
0.025787
0.017081
0.0073053
-0.00031364
-0.0070123
-0.013306
-0.018982
-0.024426
-0.028691
-0.031443
-0.031293
-0.026561
-0.019854
-0.010794
0.0049516
0.021842
0.0346
0.042947
0.050937
0.056196
0.054441
0.048785
0.044656
0.040611
0.033243
0.024113
0.022285
0.029317
0.030428
0.024743
0.019493
0.013885
0.0046058
-0.0084255
-0.020301
-0.022274
-0.019218
-0.015271
-0.0147
-0.020662
-0.027665
-0.03365
-0.040776
-0.049661
-0.055662
-0.056248
-0.054008
-0.048009
-0.039462
-0.02834
-0.014228
0.0012664
0.017694
0.031628
0.039677
0.046289
0.054142
0.055519
0.051055
0.046156
0.044955
0.04137
0.035485
0.024919
0.008573
-0.0081586
-0.02101
-0.030448
-0.039127
-0.040123
-0.033919
-0.026918
-0.019067
-0.01559
-0.019621
-0.024649
-0.02785
-0.034476
-0.040473
-0.044287
-0.046809
-0.050133
-0.055377
-0.058776
-0.062965
-0.066023
-0.068111
-0.069966
-0.06889
-0.062787
-0.056001
-0.04771
-0.034139
-0.017362
-0.0032415
0.0059987
0.015312
0.01837
0.011182
0.0026785
-0.0064219
-0.015436
-0.022021
-0.027375
-0.032146
-0.036088
-0.039296
-0.042883
-0.045432
-0.047309
-0.049179
-0.052884
-0.057636
-0.057949
-0.053579
-0.046982
-0.041374
-0.034562
-0.02688
-0.018208
-0.0097076
0.0009606
0.013664
0.027318
0.041182
0.054621
0.066743
0.077509
0.081639
0.076679
0.066691
0.041747
0.013827
-0.010745
-0.03318
-0.045414
-0.051081
-0.047759
-0.03887
-0.03108
-0.023902
-0.017713
-0.010964
-0.0049588
-0.0018128
0.002828
0.0068695
0.0088437
0.0052302
-9.5627e-05
-0.0041713
-0.0063521
-0.00094375
0.00096621
-0.0037805
-0.0083828
-0.013602
-0.023693
-0.035859
-0.047355
-0.053042
-0.054291
-0.04966
-0.041783
-0.03135
-0.019978
-0.0038298
0.011555
0.023057
0.030227
0.037027
0.044263
0.047126
0.043984
0.037228
0.026957
0.02188
0.024902
0.033886
0.043882
0.050909
0.060429
0.069023
0.07186
0.061577
0.049069
0.057906
0.069815
0.066321
0.054256
0.03586
0.0080076
-0.015652
-0.026861
-0.034349
-0.035258
-0.0304
-0.024217
-0.019421
-0.015257
-0.010544
-0.0071045
-0.0045437
-0.0015353
0.0020091
0.0042335
0.0056737
0.0076298
0.0096151
0.011805
0.013515
0.016796
0.020983
0.023541
0.02513
0.024566
0.023729
0.022706
0.020985
0.017982
0.015181
0.012699
0.0098914
0.0079872
0.0042916
0.0016176
0.00075543
0.0053455
0.011822
0.017012
0.015484
0.0064641
-0.0027369
-0.017824
-0.032018
-0.040749
-0.049032
-0.055848
-0.060375
-0.062825
-0.063906
-0.058821
-0.05157
-0.04787
-0.04443
-0.04034
-0.037329
-0.034329
-0.029756
-0.02289
-0.012684
-0.0010762
0.0098067
0.022371
0.033384
0.044285
0.058344
0.075908
0.094683
0.10847
0.117
0.12434
0.12886
0.12704
0.11836
0.10518
0.087452
0.069154
0.04869
0.029866
0.020558
0.014438
0.014218
0.020581
0.027099
0.033575
0.044977
0.051018
0.044203
0.034936
0.02432
0.0064751
-0.011615
-0.021716
-0.028624
-0.029729
-0.022088
-0.013882
-0.010341
-0.011644
-0.015878
-0.023037
-0.03044
-0.036609
-0.040077
-0.041174
-0.037781
-0.03082
-0.022191
-0.012982
-0.0061893
-0.00042318
0.0061433
0.0093218
0.009289
0.0063033
0.0043074
0.0089578
0.012804
0.014928
0.013303
0.0081194
0.0024641
-0.0021176
-0.0010153
0.0077867
0.017165
0.025353
0.03448
0.043151
0.051078
0.058201
0.066315
0.07289
0.070989
0.059207
0.045343
0.027926
0.0090305
-0.008441
-0.023589
-0.03346
-0.042481
-0.051885
-0.058585
-0.06066
-0.059446
-0.057227
-0.054216
-0.051521
-0.0488
-0.044637
-0.040676
-0.033372
-0.024094
-0.015328
-0.0071372
-0.00095837
0.0045913
0.0097618
0.012995
0.015184
0.018413
0.020989
0.02354
0.023816
0.020064
0.011819
0.0011708
-0.0093892
-0.020459
-0.029642
-0.033424
-0.035976
-0.033825
-0.030114
-0.025372
-0.022365
-0.025788
-0.030055
-0.035135
-0.041201
-0.045199
-0.045595
-0.043368
-0.039896
-0.034505
-0.029638
-0.032831
-0.036353
-0.03801
-0.040905
-0.043623
-0.047767
-0.048671
-0.0447
-0.040598
-0.038009
-0.035758
-0.032202
-0.027611
-0.022005
-0.014871
-0.0055311
0.0037403
0.010446
0.016783
0.022997
0.029565
0.0348
0.035519
0.031203
0.025198
0.018128
0.011106
0.0073681
0.0056786
0.0035118
0.0016449
-0.0010992
-0.0040507
-0.0042601
0.00080299
0.0047926
0.0080323
0.010978
0.013906
0.017918
0.02157
0.024679
0.028808
0.035827
0.044399
0.052478
0.05973
0.066757
0.071461
0.0756
0.0811
0.080639
0.07564
0.072586
0.074912
0.078593
0.079967
0.077097
0.0743
0.070736
0.06584
0.059752
0.054247
0.050949
0.051548
0.055583
0.058871
0.062304
0.066425
0.071727
0.071067
0.065841
0.059795
0.053364
0.045241
0.030775
0.015181
-0.00017817
-0.014986
-0.025048
-0.03116
-0.0355
-0.04039
-0.044007
-0.047095
-0.046425
-0.041983
-0.039469
-0.037225
-0.033091
-0.027068
-0.019783
-0.015687
-0.011898
-0.0083977
-0.0090059
-0.014866
-0.021226
-0.027918
-0.033502
-0.036997
-0.040502
-0.045091
-0.048927
-0.046618
-0.043525
-0.039364
-0.033734
-0.028803
-0.023297
-0.019552
-0.022621
-0.029282
-0.039887
-0.053076
-0.065153
-0.073611
-0.081171
-0.086259
-0.08644
-0.076005
-0.058827
-0.041446
-0.022397
-0.00076169
0.01811
0.0305
0.03864
0.043724
0.03859
0.031579
0.023097
0.0088851
-0.0037587
-0.014459
-0.023256
-0.024986
-0.018572
-0.0088483
-0.00015716
0.0088031
0.014545
0.016281
0.021641
0.025879
0.023363
0.018149
0.014934
0.012502
0.0087219
0.006024
0.0060798
0.009368
0.018153
0.02256
0.021749
0.016675
0.011036
0.0014939
-0.011506
-0.024741
-0.036326
-0.043767
-0.043982
-0.038571
-0.029928
-0.0201
-0.0083306
-0.0022436
-0.0074765
-0.016219
-0.025793
-0.041092
-0.057107
-0.066074
-0.073
-0.078837
-0.082654
-0.08433
-0.083447
-0.080874
-0.074453
-0.066451
-0.058002
-0.046249
-0.033049
-0.019218
-0.0050592
0.0077949
0.017108
0.023398
0.028817
0.035445
0.040121
0.040568
0.036587
0.030964
0.026535
0.021921
0.015637
0.010832
0.0080818
0.0077242
0.010268
0.014838
0.019824
0.02227
0.026093
0.031171
0.03225
0.027143
0.021115
0.012717
-0.0016526
-0.017051
-0.030796
-0.043454
-0.052961
-0.059571
-0.065418
-0.066926
-0.061368
-0.056058
-0.04969
-0.041144
-0.033058
-0.026061
-0.021023
-0.017944
-0.020654
-0.027571
-0.033237
-0.039185
-0.046382
-0.050473
-0.053303
-0.054194
-0.051247
-0.046321
-0.041524
-0.033514
-0.021809
-0.0074377
0.011098
0.031445
0.050563
0.066077
0.078942
0.085506
0.081635
0.067942
0.048426
0.028299
0.009927
-0.0035526
-0.011325
-0.0064557
0.0062623
0.019493
0.033037
0.047401
0.061482
0.072239
0.08052
0.08719
0.092274
0.098662
0.10434
0.10869
0.11297
0.1158
0.11438
0.10604
0.097662
0.084644
0.065297
0.046314
0.030561
0.02028
0.012399
0.0084948
0.012136
0.016449
0.020461
0.022609
0.017076
0.010353
0.0055836
-0.00043031
-0.0063751
-0.012085
-0.014992
-0.010354
-0.0057942
-0.0033575
0.00055824
0.0060464
0.0090841
0.010855
0.011963
0.011871
0.0085202
0.0072805
0.0075883
0.0080651
0.0085382
0.0075229
0.0070948
0.0078737
0.01159
0.016149
0.021447
0.027751
0.035367
0.044064
0.053216
0.056982
0.050263
0.037388
0.020544
0.00051538
-0.018183
-0.032297
-0.041295
-0.045988
-0.04666
-0.040938
-0.034088
-0.025662
-0.014751
-0.0035078
0.0066782
0.015497
0.021238
0.018782
0.010122
0.0010914
-0.0083975
-0.018425
-0.028918
-0.039304
-0.048308
-0.054729
-0.06083
-0.064932
-0.066845
-0.069326
-0.072181
-0.075043
-0.077685
-0.079812
-0.082032
-0.084193
-0.087617
-0.091385
-0.094572
-0.092979
-0.085759
-0.073687
-0.051792
-0.025683
0.0010567
0.027451
0.045916
0.058262
0.067975
0.067688
0.058247
0.048139
0.039019
0.030554
0.024564
0.021189
0.022083
0.027104
0.03023
0.029341
0.026543
0.022931
0.016802
0.012346
0.011241
0.012373
0.015617
0.019474
0.022086
0.025953
0.0319
0.036671
0.039146
0.037252
0.032911
0.026848
0.020922
0.01588
0.0092233
0.0010497
0.0027963
0.011912
0.018522
0.024409
0.032285
0.036092
0.036957
0.035002
0.032867
0.02956
0.022437
0.015777
0.0068648
-0.0040499
-0.013427
-0.021095
-0.02261
-0.016692
-0.0087804
0.0017783
0.017812
0.034942
0.047986
0.058741
0.068882
0.075375
0.076295
0.069281
0.057792
0.041473
0.020339
0.0022482
-0.0071734
-0.012844
-0.0091366
-0.00078765
-0.0017959
-0.014608
-0.016297
-0.010265
-0.0024079
0.011006
0.029859
0.04883
0.065574
0.08027
0.090893
0.092899
0.085582
0.074406
0.063777
0.053976
0.045351
0.039322
0.036105
0.034183
0.029687
0.024625
0.019883
0.014985
0.0076516
0.00021682
-0.0057659
-0.012458
-0.014633
-0.01317
-0.013508
-0.016367
-0.020249
-0.025142
-0.031326
-0.040537
-0.05087
-0.06013
-0.070981
-0.082866
-0.093364
-0.1031
-0.11222
-0.11944
-0.12669
-0.12966
-0.12615
-0.11827
-0.11068
-0.10187
-0.093586
-0.087764
-0.082458
-0.078024
-0.075639
-0.076048
-0.07404
-0.069156
-0.064573
-0.058088
-0.048385
-0.036365
-0.024406
-0.014816
-0.0068404
0.0039619
0.0093187
0.0079972
0.0025385
-0.0044108
-0.010129
-0.014416
-0.018527
-0.022407
-0.025847
-0.029007
-0.03323
-0.040564
-0.047535
-0.054588
-0.062809
-0.068987
-0.073708
-0.077064
-0.073316
-0.06292
-0.050505
-0.035561
-0.020508
-0.0092396
0.00039336
0.0087908
0.015013
0.020561
0.02608
0.032165
0.040288
0.049018
0.057944
0.068159
0.072272
0.068553
0.059449
0.041437
0.016782
-0.0077405
-0.024362
-0.039143
-0.055423
-0.070373
-0.077551
-0.079948
-0.081792
-0.081835
-0.079288
-0.076484
-0.073949
-0.070242
-0.069287
-0.07039
-0.074361
-0.078164
-0.079772
-0.082126
-0.080552
-0.076805
-0.071194
-0.061444
-0.04942
-0.033268
-0.015497
0.0035554
0.015836
0.025145
0.034098
0.040424
0.044081
0.047018
0.050815
0.053924
0.054361
0.05048
0.046096
0.040618
0.029117
0.015733
0.0034676
-0.011039
-0.025706
-0.035677
-0.043928
-0.050627
-0.054677
-0.058103
-0.060237
-0.062775
-0.064897
-0.066507
-0.068714
-0.070949
-0.074566
-0.07579
-0.07283
-0.067756
-0.054738
-0.034123
-0.013091
0.0079405
0.028114
0.045299
0.062415
0.07485
0.082333
0.087984
0.088825
0.081945
0.076559
0.073265
0.070072
0.068271
0.066933
0.06558
0.063336
0.059107
0.051931
0.039834
0.02562
0.0096195
-0.008469
-0.024095
-0.036859
-0.046327
-0.045687
-0.036609
-0.023647
-0.010552
0.0017181
0.012476
0.022654
0.03191
0.037837
0.04435
0.050301
0.054393
0.058387
0.062022
0.06411
0.067024
0.070088
0.073485
0.076896
0.078846
0.081106
0.077319
0.071992
0.068889
0.065928
0.062128
0.059249
0.056219
0.052126
0.047464
0.039425
0.032079
0.025586
0.018557
0.013069
0.0075323
0.0012877
-0.0055293
-0.012833
-0.019937
-0.028391
-0.034268
-0.039505
-0.043167
-0.041192
-0.037879
-0.03477
-0.031295
-0.027355
-0.021656
-0.016747
-0.012212
-0.0080185
-0.0086698
-0.01283
-0.015641
-0.01945
-0.022982
-0.022475
-0.019015
-0.015719
-0.0098022
0.00017766
0.010925
0.022224
0.033328
0.042245
0.047598
0.052633
0.051629
0.042889
0.032693
0.021308
0.0076727
-0.0068366
-0.016494
-0.022477
-0.034409
-0.039092
-0.034068
-0.023576
-0.0093671
0.003842
0.015858
0.026744
0.036537
0.042929
0.047074
0.05063
0.049351
0.049829
0.053766
0.058032
0.062645
0.067542
0.071926
0.077322
0.079834
0.074181
0.067558
0.063856
0.059452
0.058494
0.062289
0.059303
0.053935
0.047147
0.034961
0.021919
0.0093552
-0.0022693
-0.011871
-0.020369
-0.025917
-0.029685
-0.030263
-0.027371
-0.018271
-0.010901
-0.011656
-0.01715
-0.023258
-0.027272
-0.026826
-0.021221
-0.015121
-0.0057336
0.0042037
0.011715
0.018214
0.023745
0.029049
0.032637
0.035165
0.037738
0.038905
0.036098
0.029042
0.022675
0.016384
0.0070736
-0.0027263
-0.011784
-0.018574
-0.024244
-0.028843
-0.029905
-0.028275
-0.025885
-0.020367
-0.0084193
0.0023552
0.011626
0.020915
0.025764
0.028152
0.03005
0.031547
0.033355
0.037012
0.041263
0.046009
0.052555
0.058956
0.063243
0.066939
0.070212
0.073445
0.075944
0.079992
0.085078
0.082213
0.074705
0.063406
0.041694
0.013617
-0.0054715
-0.016131
-0.025799
-0.03052
-0.028842
-0.022943
-0.015589
-0.007142
0.0017903
0.0099733
0.019393
0.027931
0.032327
0.036485
0.039879
0.043599
0.047711
0.052549
0.052632
0.047209
0.038079
0.028028
0.018913
0.010156
7.7136e-05
-0.0092987
-0.01861
-0.027011
-0.033716
-0.040711
-0.048215
-0.054026
-0.058809
-0.064804
-0.071521
-0.080332
-0.087828
-0.092645
-0.098579
-0.10621
-0.11224
-0.11628
-0.12031
-0.12128
-0.11975
-0.11513
-0.10964
-0.10475
-0.097895
-0.090313
-0.082934
-0.075312
-0.067706
-0.05962
-0.051141
-0.04224
-0.033903
-0.026587
-0.018752
-0.011492
-0.0041361
0.004285
0.011883
0.01681
0.020017
0.021337
0.01679
0.009132
0.00033854
-0.011626
-0.023881
-0.038273
-0.050403
-0.061664
-0.072167
-0.079994
-0.085115
-0.088025
-0.090532
-0.091391
-0.089521
-0.086941
-0.082839
-0.076595
-0.068915
-0.060459
-0.052652
-0.045945
-0.038169
-0.029474
-0.021645
-0.01374
-0.0068212
-0.0022993
-0.00016597
0.0025997
0.0046341
0.0082386
0.014166
0.019848
0.027181
0.035214
0.041698
0.050267
0.06046
0.068927
0.078689
0.087486
0.09541
0.10364
0.11196
0.12102
0.12773
0.13299
0.13913
0.14226
0.13904
0.13166
0.1214
0.10516
0.086826
0.0666
0.051088
0.043378
0.037844
0.035711
0.039558
0.045634
0.048237
0.044319
0.037851
0.030202
0.02088
0.012185
0.0029676
-0.007756
-0.017325
-0.0244
-0.03207
-0.038979
-0.045987
-0.052972
-0.059924
-0.072201
-0.08476
-0.094426
-0.10221
-0.10855
-0.11358
-0.1184
-0.12059
-0.1189
-0.11467
-0.10984
-0.10106
-0.089082
-0.077423
-0.064756
-0.052744
-0.042956
-0.034048
-0.025613
-0.018998
-0.01386
-0.010055
-0.0052001
-0.00020691
0.0077986
0.020274
0.033605
0.047158
0.059143
0.067981
0.073939
0.080308
0.085003
0.085227
0.081322
0.074815
0.068272
0.058781
0.046552
0.032985
0.019624
0.0051465
-0.0065902
-0.014036
-0.021068
-0.021509
-0.015561
-0.01413
-0.015361
-0.018171
-0.023426
-0.028312
-0.033064
-0.03985
-0.046502
-0.052939
-0.061203
-0.069102
-0.073411
-0.077702
-0.083252
-0.087504
-0.089286
-0.08868
-0.085306
-0.08047
-0.076652
-0.072654
-0.06656
-0.057434
-0.046394
-0.036243
-0.026798
-0.01844
-0.011066
-0.0030077
0.0054918
0.011095
0.015183
0.018654
0.019044
0.017119
0.015234
0.0096631
0.0053754
0.0044067
0.0061218
0.010443
0.013396
0.01634
0.021093
0.023524
0.02283
0.020001
0.016584
0.013184
0.0085642
0.004277
-0.00028965
-0.0047093
-0.003516
0.0018842
0.0068574
0.013454
0.021847
0.029976
0.038375
0.047348
0.057095
0.066
0.072897
0.080437
0.088596
0.095639
0.10238
0.1104
0.11523
0.11374
0.10706
0.10213
0.097687
0.09198
0.087322
0.083864
0.080416
0.078706
0.07666
0.073241
0.068634
0.059093
0.045589
0.031742
0.019714
0.010022
0.001691
-0.004366
-0.0077469
-0.011379
-0.016036
-0.016543
-0.012143
-0.0066475
-0.0024068
0.0034342
0.017272
0.031522
0.04463
0.055028
0.063315
0.070103
0.066966
0.057678
0.044182
0.02442
0.0048621
-0.0073978
-0.015143
-0.021296
-0.02207
-0.015219
-0.0088217
-0.0033525
0.0021855
0.0062067
0.010193
0.013897
0.015156
0.015633
0.016266
0.016177
0.014926
0.013645
0.010585
0.0045998
-0.00037671
-0.0066072
-0.013874
-0.021344
-0.030186
-0.039119
-0.044563
-0.050798
-0.056681
-0.056457
-0.05248
-0.045412
-0.037739
-0.027636
-0.016442
-0.0056181
0.0070225
0.012973
0.016357
0.016688
0.011417
0.0033845
-0.004171
-0.012042
-0.02045
-0.029679
-0.038829
-0.04539
-0.051103
-0.055067
-0.058603
-0.061752
-0.063124
-0.06313
-0.062397
-0.061331
-0.058197
-0.051328
-0.045972
-0.04154
-0.03675
-0.030772
-0.02913
-0.033491
-0.038228
-0.040923
-0.04195
-0.040039
-0.033751
-0.02714
-0.020381
-0.010994
0.0023853
0.015991
0.028492
0.042705
0.055435
0.06413
0.072558
0.076847
0.072708
0.062833
0.053099
0.037426
0.020548
0.0061719
-0.0045516
-0.012029
-0.016192
-0.019178
-0.020809
-0.019171
-0.017767
-0.015673
-0.013481
-0.010849
-0.0078587
-0.0051539
-0.0038415
-0.0038005
-0.0052585
-0.0089314
-0.011938
-0.012288
-0.011043
-0.00871
-0.0061726
-0.0019502
0.0014265
0.0036972
0.0036824
0.0017458
0.00086654
-0.0023406
-0.0087123
-0.014701
-0.021474
-0.02935
-0.036035
-0.040511
-0.043914
-0.045188
-0.044073
-0.041133
-0.037362
-0.033924
-0.028543
-0.021304
-0.015878
-0.0088307
0.0004227
0.0095754
0.015652
0.019612
0.026171
0.031308
0.031735
0.028808
0.025696
0.022603
0.019442
0.018072
0.019734
0.022353
0.024051
0.026219
0.029209
0.03359
0.035051
0.030956
0.025993
0.021037
0.015899
0.011798
0.0084695
0.0050301
0.0026803
0.00047529
-0.0024801
-0.0067061
-0.011905
-0.017482
-0.024947
-0.032681
-0.037482
-0.042561
-0.046254
-0.049964
-0.050879
-0.047771
-0.044058
-0.041697
-0.041605
-0.044706
-0.048468
-0.051805
-0.053704
-0.05507
-0.055851
-0.057713
-0.058627
-0.057514
-0.054034
-0.050918
-0.046781
-0.039906
-0.032648
-0.023558
-0.015096
-0.0060284
0.0023233
0.0074024
0.012729
0.021943
0.024385
0.02031
0.0162
0.012136
0.0061006
0.00014944
-0.0048276
-0.0087998
-0.008917
-0.0041275
-0.0011854
0.0028646
0.0081785
0.013161
0.017907
0.023057
0.027566
0.03176
0.034768
0.038349
0.044939
0.04865
0.050922
0.051251
0.048403
0.042621
0.037138
0.030734
0.021516
0.013476
0.0042945
-0.00067803
-0.0040478
-0.0088933
-0.0091029
-0.0035781
-0.00049467
0.002827
0.0082724
0.013148
0.018289
0.02214
0.02515
0.028547
0.032107
0.036868
0.03997
0.041895
0.04556
0.049268
0.047781
0.045449
0.044979
0.04412
0.045895
0.048552
0.050025
0.052125
0.055043
0.055113
0.05233
0.05049
0.045434
0.038622
0.030402
0.019311
0.0091574
0.0022447
-0.0022481
-0.0061001
-0.0070069
-0.0049414
-0.0024023
0.0010085
0.0033502
0.0046984
0.0060306
0.0076497
0.0088049
0.0068316
0.0045905
0.0050689
0.0070924
0.010155
0.011724
0.014139
0.018092
0.022157
0.025236
0.029057
0.03329
0.036806
0.039438
0.039191
0.035453
0.028863
0.018493
0.0075987
-0.0018526
-0.010138
-0.01395
-0.016522
-0.018074
-0.016488
-0.013593
-0.010789
-0.0075429
-0.0039397
-0.0028056
-0.006056
-0.011428
-0.015345
-0.018292
-0.021724
-0.025219
-0.028886
-0.032141
-0.035657
-0.039393
-0.045564
-0.053481
-0.062157
-0.070463
-0.079979
-0.08756
-0.092973
-0.09732
-0.099835
-0.099091
-0.095733
-0.091173
-0.086445
-0.083416
-0.078894
-0.072759
-0.068573
-0.064125
-0.060425
-0.056077
-0.053392
-0.055786
-0.058491
-0.06171
-0.064915
-0.067425
-0.068172
-0.06729
-0.064841
-0.062359
-0.059352
-0.056007
-0.051962
-0.048066
-0.04458
-0.0412
-0.038539
-0.036566
-0.034622
-0.033484
-0.030971
-0.027742
-0.025271
-0.022641
-0.019568
-0.018027
-0.016104
-0.014756
-0.013322
-0.0098864
-0.0070798
-0.0051686
-0.0012756
0.0044575
0.01081
0.016094
0.020478
0.025024
0.030508
0.035718
0.039698
0.043223
0.04819
0.052221
0.055721
0.060467
0.065475
0.070342
0.074295
0.078962
0.081158
0.080299
0.077274
0.0726
0.069884
0.067288
0.062868
0.058865
0.059066
0.061398
0.062958
0.065198
0.067962
0.06936
0.069386
0.068024
0.065392
0.063509
0.062162
0.06038
0.058191
0.055914
0.053154
0.050303
0.047804
0.045377
0.041752
0.037248
0.03371
0.029697
0.025298
0.022002
0.019859
0.016306
0.012254
0.0093836
0.0072924
0.0061352
0.0067039
0.0098913
0.013647
0.015389
0.015951
0.014334
0.012305
0.009331
0.0062831
0.0038901
0.0012942
-0.0004157
-0.0020611
-0.0043931
-0.0064774
-0.0073812
-0.0086903
-0.011263
-0.0154
-0.022897
-0.03131
-0.03922
-0.047701
-0.056037
-0.062693
-0.067526
-0.070188
-0.07045
-0.066553
-0.062283
-0.059494
-0.057324
-0.058546
-0.061574
-0.063571
-0.066024
-0.068437
-0.070252
-0.072209
-0.073021
-0.071817
-0.068294
-0.065149
-0.061697
-0.056766
-0.052366
-0.048146
-0.044008
-0.0413
-0.039459
-0.03807
-0.036969
-0.035881
-0.035029
-0.033488
-0.03314
-0.032369
-0.03111
-0.030627
-0.029027
-0.026809
-0.024337
-0.021945
-0.020986
-0.019221
-0.017829
-0.017536
-0.017808
-0.016532
-0.014108
-0.012613
-0.010335
-0.006896
-0.0046966
-0.0017274
0.0013299
0.0032703
0.0059219
0.0071863
0.0083135
0.0098839
0.010992
0.013013
0.016887
0.018121
0.019125
0.019436
0.017274
0.014395
0.01291
0.015014
0.020503
0.025885
0.031559
0.037627
0.041246
0.045137
0.049449
0.053868
0.057712
0.059738
0.063324
0.067511
0.069471
0.072289
0.07672
0.079132
0.082275
0.085708
0.087343
0.089546
0.092369
0.090718
0.086433
0.082112
0.078961
0.076614
0.07565
0.076606
0.077724
0.07705
0.076258
0.074544
0.070794
0.066812
0.063676
0.060299
0.057114
0.053204
0.049165
0.045162
0.042202
0.039383
0.0359
0.03442
0.036498
0.039161
0.041488
0.045548
0.049867
0.052037
0.050272
0.046149
0.043264
0.039212
0.036104
0.035083
0.031187
0.028107
0.029132
0.032312
0.036118
0.034808
0.03161
0.027866
0.025351
0.023622
0.021242
0.019142
0.016492
0.013504
0.010879
0.0090057
0.0063361
0.0035395
0.00045822
-0.0031154
-0.005119
-0.0082467
-0.013748
-0.019008
-0.023503
-0.028567
-0.033486
-0.039651
-0.045718
-0.050576
-0.05727
-0.064276
-0.06859
-0.071756
-0.075358
-0.077972
-0.077398
-0.073974
-0.069772
-0.06656
-0.063539
-0.059818
-0.056729
-0.054142
-0.052106
-0.049571
-0.046776
-0.043859
-0.039599
-0.035079
-0.030535
-0.023683
-0.017068
-0.012754
-0.007885
-0.0027507
-0.00022311
0.0031526
0.0061535
0.006328
0.0036548
5.3613e-05
-0.0020003
-0.0040868
-0.0063026
-0.0081786
-0.010797
-0.01334
-0.0146
-0.015462
-0.017285
-0.017546
-0.016942
-0.016913
-0.015823
-0.014172
-0.011587
-0.0088241
-0.0058669
-0.00080045
0.0042741
0.0046765
-0.00050078
-0.0061273
-0.0086444
-0.012316
-0.016304
-0.016398
-0.01367
-0.0097971
-0.0060888
-0.0013317
0.0035061
0.0084696
0.012031
0.015172
0.018588
0.019495
0.020004
0.019735
0.01794
0.014766
0.01261
0.010536
0.007751
0.0017844
-0.0059362
-0.010926
-0.015689
-0.020937
-0.024729
-0.028923
-0.0329
-0.034339
-0.034564
-0.034086
-0.032891
-0.030828
-0.029199
-0.027482
-0.025249
-0.023009
-0.021278
-0.019823
-0.018414
-0.018363
-0.018463
-0.017101
-0.017207
-0.016622
-0.015719
-0.015376
-0.016032
-0.01651
-0.017767
-0.020099
-0.023095
-0.025156
-0.023614
-0.020943
-0.019185
-0.017093
-0.014663
-0.012868
-0.011533
-0.0099896
-0.0087255
-0.0096513
-0.011342
-0.011609
-0.012279
-0.013139
-0.013095
-0.01439
-0.014079
-0.012198
-0.0099854
-0.0077328
-0.0051136
-0.0020733
0.0019045
0.0058803
0.009778
0.01403
0.016417
0.013003
0.0076722
0.0032895
-0.0023981
-0.0082812
-0.013071
-0.017759
-0.020831
-0.023578
-0.026319
-0.026873
-0.024966
-0.02168
-0.018276
-0.014271
-0.010612
-0.010244
-0.012307
-0.014844
-0.015448
-0.013719
-0.010124
-0.0074511
-0.0055369
-0.0026945
0.0010426
0.0054743
0.010666
0.015043
0.018448
0.021419
0.024025
0.025683
0.027472
0.027421
0.025206
0.023832
0.022361
0.02355
0.02616
0.02894
0.030356
0.028476
0.024361
0.022858
0.021783
0.020789
0.020671
0.021601
0.023693
0.024691
0.025384
0.025611
0.027104
0.028943
0.028701
0.028683
0.029191
0.028997
0.028432
0.028456
0.028191
0.02883
0.029219
0.029491
0.029824
0.02937
0.029142
0.02813
0.026959
0.026484
0.024496
0.021116
0.017571
0.012715
0.0078779
0.003574
0.00051847
-0.0021604
-0.0037453
-0.0041739
-0.0049186
-0.0049734
-0.0060869
-0.0091607
-0.011695
-0.013822
-0.012237
-0.0093914
-0.0073415
-0.0052157
-0.0047569
-0.006295
-0.0099674
-0.013291
-0.017781
-0.022325
-0.024977
-0.024458
-0.023217
-0.021289
-0.017031
-0.014672
-0.01279
-0.010445
-0.0076493
-0.004941
-0.0031714
-0.0015763
0.0017701
0.0058997
0.0045617
0.0011055
0.00035612
-0.00083974
-0.0031199
-0.0049522
-0.0060433
-0.0066124
-0.0077788
-0.0091516
-0.010577
-0.010876
-0.011168
-0.013059
-0.015137
-0.015484
-0.015832
-0.017677
-0.018117
-0.019251
-0.021108
-0.021571
-0.021509
-0.021118
-0.020422
-0.020329
-0.020401
-0.020385
-0.020462
-0.020309
-0.019739
-0.019077
-0.016803
-0.015429
-0.01427
-0.011284
-0.0093925
-0.0089646
-0.01241
-0.015075
-0.016816
-0.019496
-0.021958
-0.024311
-0.026534
-0.027087
-0.028745
-0.027945
-0.02436
-0.022198
-0.020853
-0.017868
-0.014267
-0.012275
-0.01004
-0.0076972
-0.0054591
-0.0026818
0.00096965
0.0012159
-0.00079908
-0.0035747
-0.0053834
-0.0049809
-0.0032098
0.00033855
0.002896
0.0050939
0.0099158
0.014084
0.01594
0.016353
0.014614
0.014992
0.018565
0.020523
0.019533
0.015563
0.011666
0.0095346
0.0074716
0.0067075
0.0067476
0.0082181
0.010315
0.013564
0.020352
0.023877
0.024701
0.024706
0.022404
0.019682
0.018609
0.020704
0.023757
0.026217
0.02659
0.024353
0.02155
0.019872
0.018093
0.015291
0.012387
0.0093963
0.0070802
0.0059404
0.0033154
0.0013014
0.001935
0.0034248
0.0057837
0.008425
0.009334
0.0089391
0.0061728
0.0031128
0.0024752
0.0047825
0.0078353
0.0093533
0.0084929
0.0061
0.004219
0.00056645
-0.0031853
-0.0048078
-0.0042705
-0.0020016
0.00010903
0.0014897
0.0012416
0.00023974
-0.0030867
-0.0069721
-0.010158
-0.011553
-0.013774
-0.017263
-0.020831
-0.023085
-0.023045
-0.020732
-0.01965
-0.019664
-0.018605
-0.017373
-0.017269
-0.01819
-0.019402
-0.019978
-0.02079
-0.02097
-0.020894
-0.020952
-0.020574
-0.019766
-0.019846
-0.019562
-0.017589
-0.017278
-0.018266
-0.018471
-0.017531
-0.017787
-0.018561
-0.01871
-0.018464
-0.017503
-0.017396
-0.018442
-0.018399
-0.016528
-0.016186
-0.014554
-0.011011
-0.0084501
-0.0044591
-0.00076634
0.0014437
0.0022605
-0.0010992
-0.0056701
-0.0087777
-0.011524
-0.012575
-0.010371
-0.0070264
-0.0054872
-0.0030798
-4.7293e-05
0.0021595
0.0025195
-0.00014713
-0.0040157
-0.0071942
-0.0097838
-0.010614
-0.0097705
-0.0063691
-0.0020983
0.0013337
0.0057823
0.010549
0.014399
0.01864
0.023142
0.026825
0.030968
0.036612
0.038119
0.036639
0.034934
0.032872
0.033309
0.035835
0.038062
0.039842
0.041732
0.045267
0.048536
0.051971
0.055381
0.05843
0.060779
0.060596
0.058443
0.054683
0.051186
0.049957
0.050413
0.052021
0.053872
0.056105
0.057848
0.058944
0.059673
0.061862
0.063613
0.064125
0.061807
0.056577
0.051512
0.046714
0.04095
0.034652
0.031339
0.027963
0.023571
0.022863
0.0269
0.029867
0.029131
0.025323
0.02025
0.017141
0.013525
0.007442
0.0012975
-0.004882
-0.01137
-0.01657
-0.020671
-0.024119
-0.027775
-0.02999
-0.03164
-0.033809
-0.034557
-0.035072
-0.035322
-0.035033
-0.034445
-0.035095
-0.035141
-0.035355
-0.037536
-0.03925
-0.040575
-0.042065
-0.043487
-0.045007
-0.046868
-0.04928
-0.051289
-0.051036
-0.052532
-0.054936
-0.055161
-0.05295
-0.050904
-0.048756
-0.045878
-0.042171
-0.038626
-0.036304
-0.032866
-0.029379
-0.028519
-0.030664
-0.033153
-0.035786
-0.037628
-0.03866
-0.039322
-0.039824
-0.039971
-0.039333
-0.037584
-0.036808
-0.03612
-0.034218
-0.032943
-0.031072
-0.030371
-0.030304
-0.029016
-0.027372
-0.026103
-0.025559
-0.024303
-0.022381
-0.020928
-0.019799
-0.018658
-0.018054
-0.01683
-0.016167
-0.015999
-0.015074
-0.014483
-0.013736
-0.013875
-0.014565
-0.014158
-0.014264
-0.013267
-0.011488
-0.0092356
-0.0072613
-0.005084
-0.0035146
-0.0020666
-0.0007689
-0.00058233
-0.00026646
0.00067154
0.0012944
0.00075819
0.0022066
0.0045947
0.0061349
0.0073565
0.0092624
0.012511
0.014919
0.016586
0.017308
0.018186
0.018795
0.019505
0.01946
0.018531
0.018107
0.017199
0.015875
0.014799
0.013702
0.012036
0.009203
0.0056519
0.0023453
-0.00056155
-0.0035878
-0.0063842
-0.0087522
-0.0086874
-0.0054107
-0.0031274
-0.0018971
-0.00048808
0.0024084
0.0032888
0.003519
0.0042238
0.0045224
0.0052794
0.0058275
0.0071194
0.0078363
0.0081442
0.010021
0.012055
0.014201
0.015922
0.016987
0.017748
0.019605
0.020006
0.019818
0.019887
0.019889
0.019903
0.019909
0.01991
0.019928
0.019981
0.019197
0.017721
0.017506
0.017657
0.017608
0.017603
0.018337
0.019563
0.02014
0.021303
0.022889
0.024162
0.024931
0.025798
0.026323
0.027619
0.028323
0.02753
0.027157
0.027523
0.027894
0.027305
0.026261
0.024974
0.023004
0.019086
0.015428
0.012538
0.0064891
0.0033402
0.00085512
-0.0028455
-0.0019397
0.0014697
0.0036349
0.0038016
0.0044807
0.0058402
0.0061216
0.0067524
0.0083136
0.0087931
0.0082768
0.0064069
0.0063324
0.0074092
0.008138
0.0085671
0.0086563
0.0083253
0.0074981
0.0074123
0.0084845
0.0097546
0.010161
0.011019
0.012519
0.013343
0.013576
0.014757
0.015929
0.016482
0.016126
0.015863
0.015893
0.014858
0.012946
0.011318
0.0088299
0.0064803
0.0061057
0.0056945
0.0050797
0.0072437
0.008186
0.010287
0.013816
0.015771
0.017271
0.01974
0.021689
0.023241
0.024887
0.025628
0.026889
0.028381
0.029048
0.029172
0.028971
0.028063
0.027299
0.026221
0.024441
0.021002
0.018147
0.016498
0.014766
0.012333
0.011275
0.01008
0.0081032
0.0059976
0.0046144
0.0043371
0.0043756
0.0043981
0.0043314
0.004441
0.0055937
0.0066388
0.0075088
0.0090471
0.0097317
0.011297
0.011368
0.010895
0.011462
0.011598
0.011588
0.011304
0.0099318
0.0085508
0.0080568
0.0068046
0.0043872
0.0028613
0.0014283
-0.00080976
-0.0024956
-0.0042163
-0.0069218
-0.008431
-0.0084338
-0.009692
-0.011815
-0.01163
-0.011502
-0.012743
-0.013259
-0.012878
-0.012072
-0.011787
-0.012238
-0.012673
-0.011302
-0.011689
-0.012053
-0.011915
-0.011936
-0.011931
-0.01193
-0.011949
-0.011851
-0.012049
-0.012945
-0.013236
-0.013579
-0.013545
-0.012976
-0.012001
-0.011873
-0.011795
-0.012089
-0.013797
-0.01431
-0.015032
-0.016358
-0.01689
-0.01847
-0.019025
-0.019326
-0.020633
-0.021359
-0.02128
-0.021455
-0.022408
-0.023103
-0.023644
-0.023634
-0.023803
-0.025048
-0.026097
-0.026696
-0.027312
-0.028281
-0.028404
-0.028461
-0.028232
-0.026491
-0.026109
-0.026729
-0.025691
-0.024687
-0.023893
-0.023624
-0.023617
-0.02262
-0.021326
-0.021167
-0.021334
-0.02067
-0.018997
-0.018063
-0.017811
-0.01755
-0.016591
-0.016527
-0.016351
-0.014839
-0.014036
-0.012506
-0.010288
-0.0085195
-0.0066054
-0.0056986
-0.004518
-0.0034644
-0.0034992
-0.0033408
-0.0025547
-0.0017128
0.00026763
0.0014609
0.0019303
0.002709
0.0046019
0.0049809
0.004761
0.0049115
0.0047166
0.0038255
0.0028448
0.00080625
-0.0006722
-0.0010588
-0.0024794
-0.0044649
-0.0047235
-0.0045515
-0.0046006
-0.0046522
-0.0042371
-0.0029652
-0.0023031
-0.001023
0.0010061
0.00035846
-0.00037101
-0.001122
-0.0028077
-0.0034087
-0.0036948
-0.00446
-0.0046329
-0.0055113
-0.0068167
-0.0069672
-0.0073622
-0.0087722
-0.00921
-0.0082872
-0.0080581
-0.0077259
-0.0062503
-0.0050583
-0.0042851
-0.0024484
-0.0016546
-0.00046179
0.001008
0.0013397
0.0015557
0.002467
0.0026412
0.0016978
0.00044745
0.00011063
0.00034135
-1.326e-05
-0.0010289
-0.00046386
0.00055072
0.002344
0.0037884
0.0054877
0.007257
0.0095907
0.011138
0.012023
0.013595
0.014165
0.012366
0.011919
0.01164
0.010268
0.0087263
0.0074646
0.0072904
0.0073609
0.0073435
0.0073501
0.0073351
0.0073663
0.0077258
0.0079171
0.0074131
0.0061236
0.0055153
0.0067138
0.0063447
0.0062503
0.0059053
0.0042693
0.0044106
0.0033654
0.0018977
0.0013923
0.00025774
-0.0012437
-0.0014833
-0.00020967
0.00027065
0.00034592
0.0017992
0.0029658
0.0032212
0.0066281
0.0093855
0.0058071
0.0021348
-3.087e-05
-0.0025608
-0.0045573
-0.0068876
-0.008943
-0.010264
-0.010383
-0.01037
-0.010099
-0.008809
-0.0079387
-0.0080279
-0.0078668
-0.0068964
-0.0067062
-0.0068599
-0.0066313
-0.007023
-0.0088909
-0.0093123
-0.009645
-0.010364
-0.010276
-0.0090709
-0.0080154
-0.0067375
-0.0041454
-0.0021545
-0.00081391
0.00062911
0.0020224
0.002722
0.0026382
0.0028463
0.0037719
0.0034552
0.0027215
0.002673
0.0027408
0.0026934
0.0022539
0.0015706
0.00052458
-0.00067807
-0.0011453
-0.0019119
-0.0027817
-0.0030679
-0.0021787
-0.0019554
-0.0024164
-0.0026059
-0.0018669
-0.0011489
-0.0016298
-0.00059458
0.0003928
0.00040662
0.00028739
0.00055166
0.0018848
0.0026108
0.0029492
0.0046155
0.0051516
0.0058038
0.0078733
0.0095696
0.010699
0.011194
0.012406
0.013442
0.013355
0.012408
0.012341
0.012955
0.012416
0.01206
0.011353
0.011025
0.010787
0.0094383
0.0072576
0.0054478
0.0050986
0.0051235
0.0046796
0.0046976
0.0049599
0.0042085
0.0036327
0.0028804
0.0027054
0.0027913
0.0027516
0.0028124
0.0026899
0.0023179
0.0022603
0.0018898
0.0013686
0.00087369
0.001455
0.00167
0.0015822
0.0015825
0.0018448
0.003305
0.0052963
0.006409
0.0073856
0.0093149
0.011633
0.013014
0.016663
0.01911
0.016851
0.014184
0.012129
0.010394
0.0096999
0.0089033
0.008237
0.0064041
0.0052571
0.0061009
0.0063627
0.006386
0.0079313
0.0098424
0.010956
0.012254
0.013721
0.015111
0.016565
0.017874
0.019432
0.022087
0.024232
0.023192
0.019702
0.017857
0.016131
0.01436
0.011977
0.0099333
0.0070115
0.004636
0.0030985
0.0043895
0.0063876
0.0085265
0.011029
0.010824
0.0078196
0.0044119
0.0021142
0.00027312
-0.0017561
-0.0024672
-0.0030472
-0.0040613
-0.0041674
-0.0031677
-0.0030486
-0.0030264
-0.0022347
-0.0018579
-0.0018922
-0.001864
-0.0019771
-0.0016944
-0.0010578
-0.0015083
-0.00091172
0.00012398
0.00015761
-0.0012057
-0.0011055
-0.0016671
-0.0019959
-0.0017521
-0.0020613
-0.002803
-0.0020257
-0.0018086
-0.0026237
-0.0029856
-0.0031437
-0.0043781
-0.0059187
-0.0072016
-0.0087966
-0.011079
-0.01302
-0.014727
-0.015618
-0.016841
-0.018388
-0.019523
-0.020039
-0.020735
-0.020811
-0.019689
-0.018473
-0.0184
-0.017821
-0.015762
-0.013774
-0.012628
-0.011764
-0.0098452
-0.0080138
-0.0059925
-0.005354
-0.0051169
-0.0038405
-0.0022843
-0.0008822
-0.0019743
-0.0053632
-0.0066673
-0.0072443
-0.0085204
-0.0090132
-0.0087607
-0.007363
-0.0054413
-0.0040875
-0.0033242
-0.0025885
-0.00056636
0.00070958
0.0020508
0.0027704
0.0033113
0.0043531
0.0031304
0.0036948
0.0047888
0.0031797
0.0027841
0.0029024
0.0022855
0.0016864
0.00061106
-0.00085529
-0.0017608
-0.0018466
-0.0027012
-0.0040714
-0.0040097
-0.0030424
-0.0029727
-0.0029868
-0.0019124
-0.00069156
-0.00022916
0.0005483
0.0012902
0.0018355
0.0028424
0.0032874
0.0030112
0.0025782
0.0028605
0.0029714
0.0029105
0.0034358
0.0047523
0.0063297
0.0074996
0.0079607
0.010124
0.012974
0.013684
0.012389
0.0099806
0.0080364
0.006512
0.0057052
0.0052164
0.0042446
0.0033777
0.0018078
0.00017391
-0.00056819
-0.00063697
-0.00058094
0.00049501
0.002459
0.0040668
0.00513
0.0064364
0.0090865
0.010323
0.010807
0.010277
0.0093439
0.007264
0.0059248
0.0040372
-0.00023723
-0.0022701
-0.0032929
-0.0042027
-0.0050254
-0.0053547
-0.0050325
-0.0041684
-0.0033667
-0.0030151
-0.0028696
-0.0015704
0.00032948
0.0018354
0.0026324
0.0031012
0.0040329
0.0042822
0.0040473
0.0033972
0.002828
0.0019318
0.0017802
0.00099035
4.368e-05
0.00022533
-0.0017103
-0.0029536
-0.0029775
-0.0038041
-0.0039755
-0.0032953
-0.0034957
-0.0030891
-0.0027741
-0.0030586
-0.0039928
-0.0037527
-0.0029433
-0.0028743
-0.0029353
-0.002921
-0.0028674
-0.0035671
-0.0057339
-0.0075107
-0.0076424
-0.0076567
-0.0088138
-0.0099547
-0.010051
-0.010002
-0.009619
-0.008858
-0.0088458
-0.0087173
-0.0077207
-0.0079527
-0.0087108
-0.0089846
-0.0096113
-0.010403
-0.012072
-0.013164
-0.014869
-0.016074
-0.016954
-0.017457
-0.018288
-0.018152
-0.016411
-0.015835
-0.015907
-0.015403
-0.014673
-0.0148
-0.015797
-0.015946
-0.015925
-0.015795
-0.015069
-0.014539
-0.013944
-0.014049
-0.014406
-0.015535
-0.015939
-0.015874
-0.016375
-0.017028
-0.0171
-0.017065
-0.017037
-0.017105
-0.017706
-0.018303
-0.018156
-0.017175
-0.016501
-0.01599
-0.015791
-0.014787
-0.013271
-0.012408
-0.012216
-0.011507
-0.011133
-0.010906
-0.010437
-0.010436
-0.0099855
-0.0088005
-0.0076437
-0.007145
-0.0063865
-0.0056211
-0.005093
-0.004126
-0.0040053
-0.0039881
-0.0032331
-0.0028241
-0.0028224
-0.0028924
-0.0027797
-0.0020353
-0.0017
-0.0014449
-0.00022394
0.00079907
0.0014346
0.0020121
0.0029727
0.0031478
0.003084
0.003013
0.0032118
0.0041305
0.0043793
0.004746
0.0055135
0.0064362
0.0066502
0.0066356
0.0077247
0.0097965
0.011125
0.011496
0.013169
0.015292
0.016393
0.016778
0.01521
0.014855
0.013803
0.011371
0.0099106
0.0081418
0.0073431
0.0069211
0.007172
0.00712
0.0076858
0.00828
0.008899
0.0091958
0.0099211
0.010289
0.010189
0.01088
0.011827
0.012106
0.013355
0.013139
0.014152
0.015633
0.016318
0.017193
0.017676
0.018955
0.020403
0.020944
0.020937
0.020713
0.020281
0.018801
0.015878
0.013714
0.011527
0.0098139
0.0080615
0.0066919
0.005791
0.0055565
0.0055729
0.00567
0.0054334
0.0048234
0.0054886
0.0053457
0.0045343
0.0050307
0.0046049
0.0036036
0.0039731
0.0035247
0.0036305
0.0037947
0.0041594
0.0046009
0.0059157
0.0072366
0.0081866
0.0097306
0.01052
0.011738
0.012768
0.012762
0.012763
0.013995
0.014607
0.013504
0.013626
0.013457
0.013652
0.012801
0.01164
0.011623
0.011602
0.01079
0.0091181
0.007152
0.0062779
0.0045593
0.0033594
0.0033737
0.0034119
0.0030132
0.002283
0.0013135
0.00015597
-0.00030356
-0.0015269
-0.0035395
-0.0055647
-0.0069341
-0.0084791
-0.010847
-0.012435
-0.013736
-0.015141
-0.016622
-0.017737
-0.01789
-0.018374
-0.018994
-0.018952
-0.019139
-0.020058
-0.020227
-0.020128
-0.020161
-0.020124
-0.02017
-0.020545
-0.020666
-0.020137
-0.018995
-0.017636
-0.016587
-0.014734
-0.011496
-0.0085394
-0.0057243
-0.003394
-0.0016082
0.00081708
0.001592
0.0012084
-0.00067498
-0.003338
-0.0043239
-0.0044456
-0.004937
-0.0067768
-0.0067836
-0.0064196
-0.0069234
-0.0071023
-0.0068857
-0.0055781
-0.0041914
-0.0033505
-0.0026346
-0.0021471
-0.00095906
0.00014664
0.00072359
0.0013231
0.0023428
0.0037618
0.0051383
0.0060562
0.0068816
0.0070807
0.0063387
0.0073371
0.0084692
0.0085054
0.0084589
0.0084861
0.0084598
0.0088469
0.0095302
0.0098778
0.010428
0.009848
0.0098412
0.010878
0.011514
0.011197
0.011028
0.011932
0.012515
0.013184
0.01331
0.013334
0.013155
0.012303
0.011491
0.009891
0.0093167
0.0086575
0.0075263
0.0069457
0.0058098
0.0050138
0.0040393
0.0027568
0.0028673
0.003403
0.0027006
0.0019039
0.0013864
0.00043564
0.00025755
0.00032567
0.00039819
0.00021688
-0.0007139
-0.00091271
-0.00084115
-0.00077983
-0.00093528
-0.0018013
-0.0020639
-0.0020193
-0.0019525
-0.0020876
-0.0028963
-0.0032131
-0.0031513
-0.0036766
-0.0042471
-0.0035933
-0.0031313
-0.0031851
-0.0031337
-0.0032071
-0.0038793
-0.0043541
-0.0043054
-0.0046155
-0.0054568
-0.0055056
-0.0055712
-0.0065493
-0.0065242
-0.0056249
-0.005359
-0.0048735
-0.0041798
-0.0032287
-0.0030935
-0.0026795
-0.0012545
-0.00090128
-0.0016923
-0.00072867
0.00041516
0.00047442
0.00031968
0.00053072
0.0014983
0.0016115
0.0016676
0.0021911
0.0019701
0.0014496
0.00051871
0.00035965
0.00025529
0.00040505
0.0012487
0.0017312
0.0025849
0.0032328
0.0038778
0.0047894
0.0050581
0.0049365
0.0050914
0.0055871
0.0053595
0.0048234
0.0039291
0.0036823
0.0031572
0.0025977
0.0025478
0.0026226
0.0024799
0.0021164
0.0019868
0.0017311
0.0023549
0.0026371
0.0034781
0.004895
0.0057089
0.0061173
0.0070916
0.0071443
0.0065325
0.0067571
0.0071476
0.0068448
0.0060087
0.0057738
0.005008
0.0048864
0.0053111
0.0040959
0.0043758
0.0038812
0.0025777
0.0020391
0.0011719
0.00094767
0.0003413
-0.0009388
-0.0025658
-0.0047721
-0.006505
-0.0081504
-0.007905
-0.0060892
-0.0048977
-0.0040938
-0.002167
-0.00052924
0.00063835
0.00093115
0.00093512
0.0012878
0.0013535
0.0018072
0.0029466
0.0031422
0.0034531
0.0047635
0.0052195
0.0044472
0.003933
0.0027119
0.0018938
0.0016232
0.00011971
-0.001752
-0.0040068
-0.0050768
-0.0037149
-0.00030363
0.0026765
0.0038556
0.0047162
0.0059292
0.0053379
0.0050273
0.0056805
0.0053213
0.0057425
0.0059404
0.0057124
0.0059336
0.0064311
0.0053944
0.0051889
0.0054034
0.0047491
0.0053396
0.0055692
0.0041964
0.0019467
-0.00027478
-0.0029927
-0.0042937
-0.0051537
-0.0039153
-0.0019331
0.00051996
0.0015403
0.0036046
0.0063861
0.0086209
0.01035
0.012373
0.012684
0.010587
0.007742
0.005904
0.0053781
0.0046243
0.0043208
0.0037639
0.0032669
0.0032002
0.0031888
0.0030941
0.0030639
0.0038077
0.0049248
0.0047957
0.0039609
0.0037041
0.0031083
0.0026523
0.0026064
0.0025859
0.0024381
0.0025572
0.0031219
0.002347
0.0013477
0.0015482
0.0010563
-0.00054619
-0.0018479
-0.0030434
-0.004149
-0.0050118
-0.0061448
-0.0069837
-0.0077667
-0.0078797
-0.0077933
-0.007773
-0.0078364
-0.0076214
-0.0070916
-0.0075632
-0.0078043
-0.0075596
-0.0068457
-0.0066012
-0.0066815
-0.0071168
-0.0074971
-0.007599
-0.008461
-0.0093381
-0.0097234
-0.010146
-0.010958
-0.011782
-0.012324
-0.013867
-0.014964
-0.015289
-0.01597
-0.016965
-0.018213
-0.01924
-0.019846
-0.020561
-0.020763
-0.019611
-0.016622
-0.014668
-0.014093
-0.013521
-0.011734
-0.010808
-0.010692
-0.0099697
-0.0097344
-0.010378
-0.010376
-0.010258
-0.010791
-0.010821
-0.010007
-0.010372
-0.010853
-0.010128
-0.010092
-0.0093957
-0.0087664
-0.0091193
-0.0086029
-0.0083111
-0.008722
-0.0081368
-0.0081074
-0.0086721
-0.008983
-0.0093424
-0.010536
-0.010585
-0.0099773
-0.010065
-0.010004
-0.0094341
-0.0094526
-0.0090977
-0.0086708
-0.0074479
-0.0061872
-0.0051928
-0.0042352
-0.0031628
-0.0016921
-0.00052223
0.00042409
0.00096886
0.0011075
0.0022058
0.0031452
0.0026684
0.0024793
0.0026124
0.0024845
0.0020091
0.0016919
0.0010442
0.00035038
-0.00036273
-0.00035402
-0.00016727
-8.7374e-05
0.00016769
0.00022506
0.00056792
0.0013238
0.0013216
0.00073889
0.00040379
0.00065753
0.00076678
0.00026861
0.00017277
0.00031764
0.00024445
-0.00015343
-0.00040556
-0.00056919
-0.0006355
-0.00097482
-0.00043428
-0.00060472
-0.001201
-0.0014746
-0.0016445
-0.0012059
-0.0009629
-0.00074179
-9.8991e-05
0.00057543
0.0012084
0.001314
0.0024211
0.0035428
0.0039023
0.0040715
0.0036807
0.0028369
0.0015372
0.0006967
0.00031913
-0.00025254
-0.00027689
0.00045119
0.00087965
0.0010664
0.0018419
0.0021501
0.0024457
0.0031928
0.0033324
0.0032164
0.0033528
0.0036174
0.0031586
0.0027143
0.0024048
0.0022768
0.0022978
0.0023357
0.0023364
0.0020156
0.0014199
0.0010113
0.001156
0.0010328
0.00071606
0.00061893
0.00044943
0.00077828
0.00091797
0.00095561
0.0014343
0.001917
0.0020414
0.0024193
0.0029468
0.0033034
0.0033895
0.0033821
0.0034015
0.0033645
0.0034721
0.0036944
0.0036019
0.0040573
0.0046302
0.0051457
0.0052727
0.0053295
0.0056748
0.0058589
0.0061247
0.006376
0.0060578
0.0059021
0.0058304
0.0058294
0.0059489
0.005752
0.0058084
0.0058385
0.005907
0.0059768
0.0061247
0.0060899
0.0059408
0.0056321
0.0054939
0.0055828
0.0054212
0.0052776
0.005137
0.0052269
0.005209
0.005
0.0047444
0.0046336
0.0045626
0.0044772
0.0043041
0.0040879
0.0039308
0.0037567
0.0037745
0.0034924
0.0032267
0.0031816
0.0029027
0.0024389
0.0023484
0.0022485
0.0019743
0.0018767
0.001825
0.0017047
0.0018018
0.0018095
0.0016345
0.0016009
0.0017337
0.0018413
0.001961
0.0019611
0.0019675
0.001881
0.0019953
0.0020989
0.0020462
0.0020221
0.002142
0.0022338
0.0021903
0.0021384
0.0020826
0.0020663
0.0021105
0.0021036
0.0020756
0.0020343
0.0021246
0.002017
0.0019145
0.0018892
0.0019087
0.0018896
0.0017918
0.0016285
0.0014979
0.0013854
0.0013215
0.001255
0.001154
0.0011649
0.0011622
0.0010551
0.0010241
0.0010298
0.00094989
0.00091772
0.00095088
0.00093404
0.00088965
0.00086916
0.00086959
0.00080673
0.00076969
0.00077479
0.00072834
0.00069363
0.00067895
0.00061244
0.00058516
0.00060415
0.00063514
0.00064322
0.00060223
0.00049856
0.00039635
0.000334
0.00026611
0.00023174
0.00020437
0.00015861
0.00011008
6.292e-05
6.6702e-05
6.1098e-05
4.8748e-05
5.1539e-05
2.8191e-05
1.19e-05
6.1486e-05
9.4351e-05
8.1722e-05
8.8864e-05
9.0343e-05
8.6965e-05
6.4346e-05
2.9812e-05
-8.6465e-06
-4.2945e-05
-5.0866e-05
-6.7006e-05
-9.0311e-05
-0.00010751
-0.00011471
-0.00013036
-0.00015076
-0.00016365
-0.00017505
-0.00019399
-0.00021342
-0.00023558
-0.0002623
-0.00028056
-0.00029601
-0.00031228
-0.0003274
-0.00034295
-0.00036202
-0.00038067
-0.00039261
-0.00039874
-0.00040779
-0.00041777
-0.00042857
-0.00043854
-0.00045332
-0.00046468
-0.00047836
-0.00048788
-0.00049651
-0.00050866
-0.00052282
-0.0005331
-0.00054272
-0.00055451
-0.00056391
-0.00057197
-0.00058105
-0.00059
-0.00059711
-0.00060371
-0.00061022
-0.00061646
-0.00062247
-0.00062827
-0.00063386
-0.00063918
-0.0006444
-0.00064998
-0.00065519
-0.00065951
-0.00066385
-0.00066917
-0.00067419
-0.00067783
-0.00068128
-0.00068475
-0.00068805
-0.00069092
-0.00069334
-0.00069553
-0.00069712
-0.00069877
-0.00070041
-0.00070192
-0.00070343
-0.00070498
-0.00070643
-0.00070786
-0.00070921
-0.00071055
-0.0007118
-0.00071298
-0.00071413
-0.00071517
-0.00071615
-0.00071704
-0.00071779
-0.00071843
-0.00071897
-0.00071941
-0.00071972
-0.00071994
-0.00072005
-0.00072006
-0.00071996
-0.00071977
-0.00071948
-0.00071909
-0.00071859
-0.000718
-0.0007173
-0.0007165
-0.00071561
-0.00071461
-0.00071351
