0.0027278
0.0027225
0.0027172
0.0027111
0.0027054
0.0027005
0.0026984
0.002699
0.0027025
0.0027055
0.0027043
0.0026937
0.002674
0.0026487
0.0026245
0.0026115
0.0026197
0.0026478
0.0026848
0.0027211
0.0027452
0.0027487
0.0027337
0.0027161
0.0027051
0.0027012
0.0027045
0.0027065
0.0027021
0.0026842
0.0026434
0.0025756
0.0024949
0.0024239
0.0023857
0.0023888
0.0024116
0.0024289
0.0024371
0.002458
0.0025356
0.0026791
0.002802
0.0028162
0.0026679
0.0024109
0.0021721
0.0020197
0.0019727
0.0019984
0.002051
0.0021103
0.0022024
0.002383
0.0026935
0.003133
0.0036474
0.0041032
0.0044081
0.0044961
0.0042902
0.0037403
0.0028636
0.0017967
0.00079686
7.0584e-05
-0.00026025
-0.00011044
0.00047556
0.0014076
0.0025146
0.0035684
0.0044073
0.0050319
0.0053698
0.0053274
0.0049006
0.0042382
0.0033661
0.0022256
0.00079192
-0.00073855
-0.0018127
-0.001795
-0.00049043
0.0015642
0.0037219
0.0055824
0.006983
0.0081409
0.0092818
0.010319
0.010855
0.01025
0.0079976
0.0040504
-0.0010528
-0.0062399
-0.010483
-0.013027
-0.014067
-0.014156
-0.013371
-0.011558
-0.0085322
-0.0041514
0.0013233
0.0073231
0.013373
0.018712
0.022488
0.024122
0.022976
0.018505
0.010872
0.0012969
-0.0076808
-0.016019
-0.022981
-0.027482
-0.029544
-0.029112
-0.026265
-0.021231
-0.014377
-0.0065515
0.0018961
0.01059
0.018734
0.024934
0.027864
0.027297
0.023535
0.017807
0.011274
0.0053794
0.0010827
-0.0017428
-0.0034374
-0.0039531
-0.0028384
-0.00025891
0.0030779
0.0063536
0.0083768
0.0081023
0.0050415
-6.7341e-05
-0.0062123
-0.01224
-0.016988
-0.019539
-0.019108
-0.015623
-0.0099999
-0.003548
0.0024183
0.0071355
0.01103
0.014987
0.019469
0.02412
0.027859
0.02936
0.02717
0.020813
0.011245
0.00087726
-0.0072016
-0.010808
-0.010276
-0.007587
-0.0050967
-0.0039363
-0.0042651
-0.0052905
-0.0056281
-0.0045232
-0.0023302
-0.00039644
1.2706e-05
-0.0016943
-0.0053494
-0.010172
-0.015211
-0.018957
-0.019667
-0.016104
-0.0087278
0.0013503
0.012788
0.023872
0.034107
0.042463
0.048106
0.050122
0.04712
0.0388
0.025083
0.0073374
-0.0099415
-0.02328
-0.034284
-0.042698
-0.046746
-0.045932
-0.040054
-0.03044
-0.018515
-0.0059854
0.0060318
0.017153
0.025702
0.029995
0.028003
0.019481
0.0065526
-0.0079182
-0.019809
-0.026383
-0.027825
-0.025808
-0.022455
-0.018925
-0.014764
-0.0091094
-0.0011784
0.0089894
0.01971
0.027903
0.030775
0.025712
0.012239
-0.0079334
-0.030058
-0.045937
-0.052355
-0.051839
-0.046298
-0.037034
-0.024625
-0.0085024
0.010354
0.029209
0.046024
0.058346
0.064899
0.066526
0.064064
0.058927
0.051628
0.04218
0.03013
0.016175
0.00096781
-0.015519
-0.032257
-0.046739
-0.055656
-0.057105
-0.050334
-0.036642
-0.018155
0.0026493
0.022735
0.037847
0.046497
0.051166
0.051384
0.046529
0.03736
0.024937
0.011112
-0.00056933
-0.0077208
-0.01135
-0.013712
-0.017157
-0.022559
-0.029058
-0.034895
-0.038172
-0.038285
-0.034931
-0.028895
-0.021821
-0.015295
-0.010522
-0.0071626
-0.0039938
-0.0004911
0.000484
-0.0059342
-0.021356
-0.043388
-0.065107
-0.077015
-0.078026
-0.069431
-0.053491
-0.033248
-0.01142
0.0098466
0.030194
0.049555
0.066408
0.078444
0.084216
0.082783
0.074236
0.061498
0.049838
0.042664
0.038731
0.034182
0.026715
0.01571
0.0036848
-0.0043278
-0.0060263
-0.0027329
0.0026855
0.0074245
0.010392
0.011085
0.0093545
0.0061224
0.0024774
-0.0016736
-0.0066969
-0.012263
-0.01706
-0.018912
-0.015893
-0.0081494
0.0027942
0.015722
0.030951
0.04845
0.065764
0.078532
0.081447
0.071869
0.050084
0.020023
-0.012056
-0.042937
-0.07034
-0.091658
-0.10515
-0.11183
-0.11163
-0.10451
-0.092384
-0.077264
-0.060044
-0.042465
-0.025214
-0.0072282
0.011849
0.031842
0.051681
0.069232
0.083754
0.09376
0.099065
0.099603
0.093568
0.079499
0.056571
0.027239
-0.0010744
-0.020202
-0.028351
-0.028735
-0.023552
-0.01499
-0.005721
0.0027192
0.010055
0.01626
0.020424
0.020931
0.016325
0.0064306
-0.0067562
-0.019885
-0.030031
-0.037071
-0.041006
-0.039575
-0.029854
-0.0096866
0.02042
0.053806
0.082256
0.10279
0.11499
0.12111
0.12248
0.11697
0.101
0.072758
0.036146
-0.00067579
-0.033417
-0.059105
-0.076652
-0.087449
-0.093197
-0.095499
-0.095137
-0.092767
-0.089409
-0.08649
-0.0855
-0.086747
-0.087627
-0.083243
-0.070933
-0.051686
-0.028424
-0.0077027
0.0060047
0.013013
0.017052
0.020476
0.024118
0.027304
0.027695
0.0229
0.01227
-0.0014972
-0.014077
-0.021229
-0.021704
-0.017346
-0.011658
-0.0090784
-0.013131
-0.024176
-0.040234
-0.058876
-0.07824
-0.095347
-0.10819
-0.11316
-0.10476
-0.080314
-0.040932
0.0054619
0.048526
0.086389
0.11532
0.13133
0.13591
0.13249
0.12089
0.10029
0.069694
0.02949
-0.01487
-0.057139
-0.091123
-0.11026
-0.11225
-0.10317
-0.089502
-0.075143
-0.061114
-0.046416
-0.032029
-0.020625
-0.013845
-0.005885
0.0099751
0.030073
0.043906
0.047714
0.045695
0.041012
0.035216
0.028793
0.021998
0.013831
0.0021405
-0.014542
-0.036143
-0.061048
-0.08531
-0.10135
-0.10237
-0.089464
-0.067254
-0.039921
-0.01189
0.014858
0.038399
0.056198
0.066727
0.068985
0.062465
0.048124
0.026081
-0.0023872
-0.033453
-0.06078
-0.079726
-0.089918
-0.094159
-0.093542
-0.087819
-0.077812
-0.064032
-0.047077
-0.027372
-0.0054394
0.01793
0.042092
0.067045
0.093018
0.11946
0.14419
0.16348
0.17119
0.16444
0.14303
0.10863
0.066282
0.027263
-0.00015713
-0.017425
-0.029805
-0.039428
-0.048931
-0.061317
-0.076781
-0.09385
-0.11117
-0.12777
-0.14203
-0.14987
-0.14775
-0.13469
-0.11325
-0.087435
-0.061028
-0.035132
-0.010355
0.012176
0.031306
0.04625
0.052729
0.04694
0.026413
-0.0087789
-0.054719
-0.10535
-0.15609
-0.1966
-0.21975
-0.22788
-0.22716
-0.22137
-0.21374
-0.20664
-0.20062
-0.19537
-0.1895
-0.18239
-0.17399
-0.1658
-0.15958
-0.15617
-0.15618
-0.15878
-0.16146
-0.16204
-0.16007
-0.15697
-0.155
-0.15493
-0.15569
-0.15716
-0.15988
-0.16436
-0.17057
-0.17734
-0.18253
-0.18359
-0.17866
-0.16804
-0.15366
-0.13717
-0.12101
-0.10724
-0.096116
-0.087024
-0.079472
-0.074799
-0.076134
-0.08621
-0.10648
-0.13475
-0.16388
-0.18445
-0.19369
-0.19509
-0.19021
-0.18003
-0.16548
-0.14695
-0.12592
-0.10566
-0.08816
-0.072723
-0.057541
-0.044589
-0.036164
-0.034079
-0.040585
-0.054922
-0.074794
-0.095376
-0.10949
-0.11486
-0.11134
-0.099663
-0.08144
-0.057357
-0.029877
-0.0019858
0.026039
0.054505
0.083609
0.11309
0.14196
0.16837
0.1903
0.20705
0.22041
0.23145
0.24243
0.25429
0.26824
0.28451
0.30259
0.32145
0.34284
0.36671
0.39264
0.41744
0.43842
0.45538
0.46839
0.47834
0.48574
0.48875
0.48613
0.47845
0.46801
0.45638
0.44483
0.43514
0.42548
0.41252
0.39293
0.3649
0.32977
0.29504
0.26822
0.24791
0.22573
0.20031
0.17625
0.15979
0.15366
0.15562
0.16254
0.16975
0.17349
0.17195
0.16425
0.1499
0.12901
0.10313
0.077245
0.054608
0.035547
0.019361
0.0041016
-0.012093
-0.028437
-0.043722
-0.056749
-0.0665
-0.074306
-0.081863
-0.091977
-0.10768
-0.12982
-0.15659
-0.18161
-0.19896
-0.20486
-0.1967
-0.17562
-0.144
-0.10558
-0.064854
-0.023071
0.020437
0.068067
0.11724
0.17346
0.23591
0.29241
0.33938
0.37512
0.39477
0.39868
0.39331
0.38103
0.366
0.35053
0.33628
0.32472
0.31634
0.30838
0.29682
0.27762
0.24685
0.20266
0.14567
0.077472
-3.9153e-05
-0.071139
-0.13327
-0.18797
-0.23065
-0.26233
-0.29395
-0.33021
-0.37015
-0.41311
-0.4586
-0.50477
-0.54987
-0.59123
-0.62294
-0.64203
-0.64909
-0.64526
-0.63303
-0.61572
-0.59505
-0.57165
-0.54494
-0.51299
-0.47519
-0.43275
-0.38425
-0.33039
-0.26665
-0.19836
-0.13113
-0.067717
-0.011696
0.035215
0.072432
0.094615
0.098028
0.090828
0.078067
0.063077
0.048329
0.033176
0.01536
-0.0055043
-0.0257
-0.037264
-0.03593
-0.02147
0.0014618
0.029691
0.060298
0.094761
0.13389
0.17417
0.21233
0.2434
0.26477
0.28365
0.3025
0.3188
0.32921
0.33102
0.32563
0.31642
0.30742
0.30208
0.30194
0.30695
0.31695
0.33216
0.35349
0.38002
0.40869
0.43472
0.45488
0.4678
0.47303
0.46924
0.45592
0.43137
0.39356
0.34519
0.29563
0.2485
0.20728
0.17218
0.1453
0.11902
0.087343
0.049097
0.0037386
-0.048625
-0.10414
-0.15238
-0.18744
-0.21022
-0.22793
-0.24314
-0.25643
-0.26519
-0.26732
-0.2622
-0.25018
-0.23245
-0.20895
-0.18054
-0.14805
-0.11059
-0.069163
-0.0266
0.016834
0.062223
0.11034
0.16013
0.20705
0.24291
0.26217
0.26628
0.25584
0.2304
0.19142
0.14354
0.097348
0.055134
0.020672
-0.0036867
-0.020477
-0.034597
-0.046848
-0.056237
-0.061852
-0.064042
-0.0644
-0.066217
-0.070972
-0.075679
-0.077001
-0.073062
-0.064778
-0.055315
-0.046892
-0.041232
-0.040008
-0.04333
-0.049742
-0.057462
-0.065542
-0.072957
-0.077733
-0.077932
-0.072349
-0.061976
-0.047697
-0.03074
-0.013515
0.00063465
0.0090093
0.012061
0.011528
0.008619
0.0037896
-0.0034606
-0.013857
-0.028487
-0.046648
-0.064609
-0.078382
-0.087909
-0.094757
-0.099838
-0.10308
-0.10419
-0.1032
-0.10003
-0.094858
-0.088306
-0.08123
-0.073983
-0.067783
-0.064737
-0.067219
-0.077012
-0.095882
-0.12471
-0.16136
-0.19833
-0.22886
-0.25045
-0.26552
-0.27899
-0.29337
-0.30742
-0.31913
-0.32662
-0.33065
-0.33255
-0.33306
-0.33282
-0.33211
-0.33122
-0.33101
-0.33257
-0.33654
-0.34309
-0.35216
-0.36267
-0.37267
-0.38066
-0.38607
-0.38889
-0.38903
-0.38657
-0.38143
-0.37283
-0.35945
-0.34087
-0.31874
-0.29532
-0.27224
-0.25124
-0.23377
-0.21877
-0.20169
-0.18025
-0.15428
-0.12603
-0.10029
-0.08047
-0.068276
-0.063001
-0.062016
-0.061938
-0.060386
-0.057085
-0.054007
-0.054053
-0.059104
-0.06862
-0.079679
-0.088778
-0.093979
-0.096271
-0.097442
-0.09847
-0.099692
-0.10087
-0.10134
-0.099939
-0.095912
-0.089141
-0.079745
-0.067856
-0.054119
-0.040173
-0.027564
-0.017343
-0.0096073
-0.003931
0.00050449
0.0044158
0.0082968
0.011909
0.014746
0.016857
0.019264
0.023668
0.031731
0.043571
0.058239
0.073507
0.085526
0.092848
0.097835
0.10212
0.10609
0.10875
0.10907
0.10632
0.10044
0.092669
0.084396
0.077095
0.071712
0.067583
0.063694
0.059948
0.057456
0.057835
0.061755
0.068543
0.076438
0.083537
0.087253
0.086805
0.083213
0.077718
0.070686
0.061695
0.050821
0.038816
0.027359
0.018442
0.012397
0.0085363
0.0059126
0.0035179
0.00079983
-0.0016351
-0.0029461
-0.0022905
0.00069064
0.0052901
0.010716
0.016925
0.023906
0.03123
0.038997
0.047581
0.057433
0.068366
0.08019
0.092932
0.10589
0.1186
0.13026
0.14112
0.15117
0.1606
0.16979
0.1789
0.18843
0.19889
0.21188
0.22951
0.25362
0.28462
0.31883
0.35036
0.37622
0.39606
0.41169
0.42523
0.43796
0.45016
0.46153
0.47187
0.48065
0.48718
0.4912
0.49272
0.49306
0.49371
0.49573
0.49975
0.50515
0.51046
0.51445
0.51677
0.51763
0.51653
0.5123
0.50304
0.48436
0.4529
0.40903
0.3581
0.31298
0.28139
0.25898
0.23953
0.22188
0.20456
0.18619
0.1667
0.14787
0.12943
0.11092
0.092132
0.073847
0.057554
0.043923
0.033518
0.025751
0.019862
0.016556
0.016868
0.02036
0.026175
0.033208
0.04141
0.050839
0.060754
0.070182
0.078397
0.083979
0.085849
0.084103
0.079108
0.071607
0.063027
0.054899
0.047455
0.039947
0.032583
0.025322
0.01748
0.0084958
-0.0015261
-0.012335
-0.023089
-0.033644
-0.044497
-0.056309
-0.069902
-0.085498
-0.10309
-0.12291
-0.14529
-0.17106
-0.20032
-0.23139
-0.26023
-0.28238
-0.29456
-0.29664
-0.29027
-0.28009
-0.26871
-0.25611
-0.24078
-0.22196
-0.19978
-0.17671
-0.15462
-0.13671
-0.12545
-0.11994
-0.12015
-0.12487
-0.13135
-0.1383
-0.1458
-0.15395
-0.16249
-0.17067
-0.17844
-0.18599
-0.19352
-0.20018
-0.2051
-0.20767
-0.20732
-0.20434
-0.20137
-0.20053
-0.20255
-0.20669
-0.20924
-0.20663
-0.19797
-0.18535
-0.172
-0.16185
-0.15642
-0.15552
-0.15806
-0.16245
-0.16786
-0.1736
-0.1802
-0.18918
-0.20104
-0.21388
-0.2247
-0.23
-0.22769
-0.21742
-0.20057
-0.17889
-0.15469
-0.12831
-0.099219
-0.068314
-0.036664
-0.0049211
0.0226
0.045359
0.062282
0.074003
0.082413
0.089768
0.096776
0.10283
0.10671
0.1064
0.10087
0.091964
0.083416
0.076753
0.072708
0.071651
0.07357
0.077662
0.082551
0.087276
0.091887
0.096015
0.099379
0.10203
0.10445
0.10718
0.11069
0.11561
0.12224
0.13039
0.13935
0.14897
0.15911
0.16973
0.18055
0.19098
0.20132
0.21138
0.22138
0.23026
0.23777
0.24389
0.24878
0.253
0.25634
0.25909
0.26209
0.26575
0.2702
0.2757
0.28267
0.29042
0.29765
0.30399
0.30937
0.31437
0.31954
0.32551
0.33303
0.3428
0.35547
0.37071
0.38791
0.40464
0.41804
0.42366
0.41671
0.39499
0.3595
0.31359
0.26539
0.22617
0.1856
0.1377
0.086703
0.033959
-0.018354
-0.069231
-0.12168
-0.17749
-0.23493
-0.29102
-0.34183
-0.3834
-0.41858
-0.44993
-0.47697
-0.50024
-0.52106
-0.54161
-0.56276
-0.58589
-0.61043
-0.63702
-0.66814
-0.7061
-0.75127
-0.80291
-0.86067
-0.9167
-0.95418
-0.96318
-0.94416
-0.89989
-0.836
-0.75818
-0.6659
-0.56466
-0.46107
-0.35692
-0.25215
-0.14678
-0.041112
0.064198
0.1685
0.27156
0.3744
0.47927
0.58897
0.70422
0.82006
0.92231
0.98801
0.99495
0.9402
0.82932
0.68855
0.5695
0.48155
0.41138
0.37258
0.35845
0.3587
0.36758
0.376
0.37619
0.36262
0.3324
0.28562
0.22843
0.17285
0.12242
0.073169
0.019294
-0.041721
-0.11039
-0.18134
-0.24719
-0.30168
-0.34497
-0.38247
-0.4192
-0.45621
-0.48905
-0.51283
-0.52601
-0.5299
-0.52731
-0.5229
-0.52062
-0.52184
-0.526
-0.53144
-0.53736
-0.54441
-0.55264
-0.56129
-0.56906
-0.57347
-0.57155
-0.56261
-0.54766
-0.52733
-0.50153
-0.47133
-0.43731
-0.39893
-0.35689
-0.31334
-0.27065
-0.22766
-0.18232
-0.13665
-0.091714
-0.046142
-0.001765
0.040827
0.079041
0.11054
0.13431
0.15161
0.16265
0.16702
0.16667
0.1633
0.15844
0.15308
0.14854
0.14696
0.15046
0.15914
0.17215
0.18834
0.2058
0.22166
0.23595
0.24927
0.26348
0.27797
0.29198
0.30457
0.31357
0.31854
0.31936
0.31639
0.3102
0.30128
0.28892
0.2719
0.25019
0.22352
0.19107
0.15583
0.12145
0.089074
0.055304
0.018074
-0.019231
-0.054284
-0.085319
-0.11293
-0.13836
-0.16242
-0.18443
-0.20256
-0.21635
-0.22585
-0.23154
-0.23353
-0.23196
-0.2273
-0.21986
-0.2091
-0.19481
-0.17669
-0.15563
-0.13198
-0.1063
-0.079245
-0.05268
-0.029049
-0.0082706
0.011583
0.030426
0.048828
0.066013
0.080471
0.090977
0.09716
0.097532
0.091358
0.079965
0.065329
0.048763
0.032512
0.01767
0.00509
-0.0055799
-0.016396
-0.028569
-0.04229
-0.055693
-0.066604
-0.07435
-0.079843
-0.084478
-0.089129
-0.094158
-0.098959
-0.10207
-0.10241
-0.098323
-0.088153
-0.071708
-0.049955
-0.027463
-0.0082439
0.0062816
0.017176
0.025568
0.031597
0.035157
0.035597
0.032751
0.026925
0.019236
0.011049
0.0034755
-0.0026516
-0.0072131
-0.010716
-0.013105
-0.014544
-0.014396
-0.011697
-0.0057092
0.0032887
0.01485
0.029051
0.045121
0.063111
0.082536
0.10223
0.12127
0.13911
0.15543
0.17121
0.1868
0.20162
0.21522
0.22777
0.23862
0.24744
0.25275
0.25563
0.25665
0.25552
0.252
0.24592
0.2379
0.22844
0.21764
0.20571
0.19268
0.17873
0.16409
0.14882
0.13232
0.11474
0.096657
0.078869
0.062811
0.049403
0.038847
0.031219
0.0252
0.01981
0.014161
0.0072825
-0.0013585
-0.011774
-0.02422
-0.03812
-0.052533
-0.066726
-0.08061
-0.094418
-0.10795
-0.12125
-0.13327
-0.14262
-0.14895
-0.15226
-0.15277
-0.15054
-0.14582
-0.13877
-0.13004
-0.12067
-0.11116
-0.1024
-0.0946
-0.088469
-0.084011
-0.081002
-0.079016
-0.077681
-0.076601
-0.07507
-0.072439
-0.068317
-0.062618
-0.055338
-0.046436
-0.035449
-0.0218
-0.0048632
0.015461
0.038824
0.064207
0.090187
0.11536
0.13828
0.15883
0.17841
0.19617
0.21101
0.22286
0.23161
0.23741
0.23955
0.23871
0.23661
0.23422
0.23156
0.22819
0.22422
0.21967
0.21395
0.20594
0.19423
0.17871
0.16083
0.14313
0.126
0.1087
0.090904
0.073741
0.05755
0.041988
0.027376
0.012751
-0.0021381
-0.017555
-0.033146
-0.047628
-0.061006
-0.072563
-0.082584
-0.091844
-0.099698
-0.10507
-0.10744
-0.10723
-0.10458
-0.099893
-0.093512
-0.085915
-0.077227
-0.067623
-0.056891
-0.045216
-0.033409
-0.022978
-0.014734
-0.0089208
-0.0049535
-0.0026107
-0.0021094
-0.0041609
-0.0098426
-0.020227
-0.035371
-0.053165
-0.071266
-0.088917
-0.1058
-0.12184
-0.13744
-0.15237
-0.16603
-0.17854
-0.19077
-0.20394
-0.21847
-0.23447
-0.25095
-0.26677
-0.28004
-0.29082
-0.29952
-0.30697
-0.31399
-0.32049
-0.32608
-0.32986
-0.3311
-0.3293
-0.3242
-0.31608
-0.30526
-0.29262
-0.27889
-0.26332
-0.24511
-0.22462
-0.20173
-0.17658
-0.14805
-0.11745
-0.083009
-0.048131
-0.015068
0.014692
0.039958
0.061241
0.079214
0.095486
0.11012
0.12191
0.13043
0.13628
0.14029
0.14345
0.1468
0.15181
0.15959
0.17081
0.18389
0.19585
0.20637
0.2152
0.22244
0.22819
0.23222
0.23467
0.23578
0.23563
0.23447
0.23266
0.23056
0.22854
0.22709
0.22668
0.22749
0.22966
0.23318
0.23788
0.24319
0.24876
0.25434
0.25933
0.26274
0.26369
0.26122
0.25454
0.24321
0.22671
0.2055
0.18326
0.16198
0.14191
0.12243
0.10182
0.080063
0.057779
0.035497
0.014281
-0.0043958
-0.019285
-0.030802
-0.041237
-0.051355
-0.060941
-0.069559
-0.076847
-0.082815
-0.088291
-0.094078
-0.10038
-0.10732
-0.11496
-0.12323
-0.1318
-0.14014
-0.14821
-0.15592
-0.16274
-0.16829
-0.17255
-0.17584
-0.17818
-0.17927
-0.17832
-0.17431
-0.16627
-0.15395
-0.13827
-0.12106
-0.10374
-0.086406
-0.068759
-0.050522
-0.031537
-0.010805
0.010117
0.02916
0.045248
0.057711
0.067318
0.074412
0.07882
0.080723
0.079927
0.075992
0.068949
0.059405
0.048723
0.038871
0.030723
0.02375
0.01755
0.011777
0.0068667
0.0031141
0.00038545
-0.0017713
-0.0040111
-0.0067851
-0.010132
-0.013846
-0.017803
-0.021638
-0.025051
-0.027911
-0.029946
-0.031046
-0.03131
-0.030811
-0.029393
-0.027233
-0.024671
-0.021988
-0.019249
-0.016434
-0.013208
-0.0091197
-0.0041225
0.0012615
0.0066396
0.011489
0.01559
0.018705
0.020394
0.020403
0.018551
0.014359
0.0075127
-0.0015716
-0.011772
-0.021381
-0.030318
-0.038931
-0.047344
-0.055862
-0.064008
-0.071425
-0.077616
-0.081941
-0.084493
-0.085798
-0.086552
-0.086846
-0.086272
-0.084266
-0.080359
-0.074338
-0.066139
-0.056223
-0.044886
-0.032553
-0.019226
-0.0044893
0.011452
0.027037
0.042534
0.059087
0.076113
0.091986
0.10667
0.12119
0.13543
0.14959
0.16287
0.17519
0.18507
0.19176
0.19599
0.19805
0.19737
0.19367
0.18664
0.1765
0.16384
0.14983
0.1357
0.1217
0.10811
0.095235
0.083473
0.07319
0.063978
0.055701
0.048079
0.040647
0.033098
0.025551
0.018675
0.012709
0.0076207
0.0034836
-0.00019382
-0.0039634
-0.0080335
-0.012566
-0.017557
-0.023083
-0.028908
-0.034654
-0.040259
-0.045911
-0.051819
-0.057819
-0.064102
-0.071079
-0.078859
-0.087394
-0.096349
-0.10522
-0.11351
-0.12149
-0.12957
-0.13758
-0.14518
-0.15192
-0.15707
-0.15998
-0.16039
-0.15764
-0.15078
-0.13947
-0.12389
-0.10516
-0.0851
-0.063842
-0.041118
-0.017818
0.0062962
0.030482
0.055022
0.078523
0.10175
0.12291
0.1399
0.15258
0.1603
0.16248
0.15849
0.1472
0.12829
0.10391
0.078489
0.052896
0.027237
0.0024873
-0.020093
-0.040281
-0.058503
-0.074685
-0.088072
-0.098837
-0.10712
-0.11239
-0.11416
-0.11138
-0.1036
-0.090749
-0.074018
-0.055577
-0.036146
-0.015947
0.0056059
0.028116
0.051472
0.075021
0.096607
0.11335
0.12296
0.12475
0.11763
0.10078
0.075055
0.044417
0.013217
-0.017497
-0.047256
-0.075352
-0.10065
-0.1208
-0.13379
-0.13965
-0.14176
-0.14146
-0.1384
-0.13136
-0.11891
-0.10096
-0.080021
-0.059725
-0.040362
-0.020434
-0.00098505
0.018518
0.037337
0.055145
0.070164
0.081412
0.087926
0.088581
0.083071
0.072141
0.057193
0.040286
0.024556
0.011872
0.0038865
-0.00045004
-0.0022498
-0.0018977
-2.0922e-05
0.0029062
0.0063991
0.01016
0.014292
0.019154
0.025181
0.032247
0.039755
0.046534
0.051835
0.055621
0.058205
0.059988
0.061091
0.061113
0.059232
0.054789
0.04725
0.036904
0.024328
0.010129
-0.0052883
-0.020579
-0.034511
-0.045898
-0.055289
-0.063476
-0.070469
-0.076515
-0.081918
-0.086847
-0.091145
-0.094751
-0.09744
-0.09928
-0.10033
-0.10068
-0.10025
-0.09879
-0.096013
-0.091702
-0.085806
-0.078284
-0.069235
-0.059059
-0.048622
-0.038437
-0.029142
-0.021396
-0.015292
-0.010258
-0.0061112
-0.0026814
0.00020236
0.0026034
0.0047162
0.006832
0.0092546
0.012097
0.01536
0.018738
0.021902
0.024656
0.026664
0.027485
0.026836
0.024667
0.021206
0.016829
0.011965
0.0071453
0.00257
-0.0018672
-0.0061061
-0.010188
-0.013947
-0.017286
-0.020166
-0.022598
-0.024705
-0.026706
-0.029068
-0.032082
-0.035706
-0.039971
-0.044927
-0.05045
-0.056325
-0.062088
-0.067356
-0.071642
-0.07478
-0.076976
-0.078278
-0.078801
-0.078474
-0.077247
-0.074786
-0.070865
-0.06527
-0.058016
-0.049589
-0.040498
-0.031251
-0.021929
-0.012932
-0.0044531
0.0030287
0.0087918
0.012862
0.0155
0.017114
0.017891
0.018083
0.017945
0.017662
0.017287
0.017083
0.017294
0.017963
0.019149
0.020907
0.023197
0.02591
0.028801
0.031618
0.034406
0.037564
0.041707
0.046988
0.052922
0.058749
0.063999
0.06885
0.073375
0.077389
0.080574
0.082696
0.08357
0.082818
0.08023
0.075658
0.069159
0.060982
0.052041
0.042661
0.033363
0.024475
0.016155
0.0085074
0.0016134
-0.0043363
-0.0091621
-0.012581
-0.01455
-0.015507
-0.015732
-0.015417
-0.014657
-0.013175
-0.010885
-0.0074892
-0.0030187
0.0020291
0.0071046
0.011838
0.016051
0.019587
0.022511
0.024779
0.026119
0.02623
0.024824
0.02174
0.016703
0.0092362
-0.00072688
-0.012907
-0.026615
-0.041582
-0.056422
-0.070459
-0.08383
-0.096037
-0.1072
-0.11642
-0.12378
-0.12922
-0.13295
-0.13492
-0.13536
-0.13445
-0.13251
-0.13004
-0.12723
-0.12417
-0.1208
-0.11668
-0.11134
-0.10466
-0.096697
-0.087947
-0.078349
-0.067567
-0.055028
-0.041205
-0.025685
-0.0090249
0.0082175
0.025538
0.042329
0.057842
0.071278
0.082419
0.091321
0.09794
0.10138
0.10037
0.094552
0.08424
0.070212
0.054179
0.038396
0.023067
0.0084285
-0.0054914
-0.016813
-0.024981
-0.030476
-0.033807
-0.035643
-0.036398
-0.035984
-0.034125
-0.030726
-0.025973
-0.02021
-0.013721
-0.0066769
0.00053955
0.0076574
0.014454
0.020592
0.025864
0.029913
0.032602
0.034219
0.034928
0.034628
0.033295
0.030884
0.027635
0.0241
0.020551
0.016725
0.012255
0.0070898
0.0019069
-0.0031657
-0.0080326
-0.012542
-0.01646
-0.019793
-0.022744
-0.025029
-0.026156
-0.025827
-0.023987
-0.020499
-0.015467
-0.0093159
-0.0025821
0.0041617
0.01086
0.017456
0.023821
0.02955
0.033923
0.036856
0.038265
0.038268
0.037054
0.034931
0.032373
0.029737
0.027551
0.026028
0.025291
0.025188
0.025454
0.026007
0.026687
0.027641
0.028903
0.030434
0.032031
0.033623
0.035099
0.036254
0.037077
0.037643
0.037717
0.037042
0.035622
0.033714
0.031929
0.030754
0.030256
0.03038
0.031084
0.032484
0.034807
0.038016
0.042156
0.046835
0.051394
0.055572
0.05927
0.0624
0.065017
0.067022
0.068136
0.06842
0.067939
0.066935
0.065718
0.06466
0.063944
0.063659
0.063709
0.063786
0.063478
0.062627
0.061267
0.059336
0.056938
0.054282
0.051605
0.049062
0.046846
0.045177
0.043914
0.042813
0.041583
0.04031
0.039314
0.0388
0.038782
0.039097
0.039558
0.040033
0.040343
0.040464
0.040557
0.04072
0.040986
0.041478
0.042193
0.043059
0.044107
0.044972
0.045518
0.0457
0.045589
0.045347
0.045295
0.045755
0.046758
0.048312
0.050428
0.052604
0.054415
0.055385
0.055311
0.054115
0.051705
0.048229
0.043836
0.038817
0.033757
0.02879
0.023905
0.01887
0.013688
0.0088657
0.0049666
0.0022296
0.0004619
-0.00045936
-0.00079772
-0.00081207
-0.00055778
9.4174e-05
0.001156
0.0025083
0.0040843
0.0058683
0.0076192
0.0092069
0.010652
0.011781
0.012385
0.012185
0.011199
0.0096022
0.0077466
0.0060229
0.0045321
0.0031055
0.0015147
-0.00038792
-0.0025965
-0.0048409
-0.0069774
-0.0090225
-0.010677
-0.01178
-0.012592
-0.013157
-0.013462
-0.013639
-0.013523
-0.01309
-0.012371
-0.011383
-0.010246
-0.0089672
-0.0075623
-0.0061201
-0.0051748
-0.0052825
-0.0066993
-0.0094998
-0.013402
-0.017953
-0.022634
-0.02681
-0.030242
-0.032711
-0.034139
-0.034608
-0.034364
-0.033573
-0.032287
-0.03059
-0.028199
-0.0252
-0.02182
-0.018377
-0.015355
-0.012929
-0.011019
-0.0094765
-0.0083063
-0.0076817
-0.0076182
-0.0083109
-0.0098123
-0.012279
-0.015821
-0.020336
-0.025668
-0.031534
-0.037585
-0.043306
-0.04863
-0.053536
-0.05786
-0.061661
-0.065095
-0.067898
-0.070058
-0.071391
-0.071763
-0.071258
-0.07008
-0.068187
-0.06577
-0.062818
-0.059344
-0.055488
-0.05115
-0.046446
-0.041665
-0.03699
-0.032945
-0.029794
-0.02753
-0.026062
-0.025317
-0.025106
-0.025515
-0.026596
-0.028381
-0.030763
-0.033463
-0.036135
-0.038449
-0.040094
-0.040871
-0.040785
-0.04007
-0.039111
-0.038073
-0.03697
-0.035591
-0.033627
-0.031115
-0.028589
-0.026531
-0.024912
-0.023537
-0.022038
-0.019899
-0.016936
-0.013083
-0.0084687
-0.0033028
0.0022993
0.0081973
0.014353
0.020631
0.026606
0.031446
0.034945
0.037324
0.038602
0.038949
0.038608
0.037665
0.036189
0.034096
0.031586
0.029167
0.027127
0.025522
0.024432
0.023838
0.023547
0.023256
0.022786
0.021767
0.019716
0.016511
0.012025
0.0063636
0.00019179
-0.0059877
-0.01214
-0.018318
-0.024605
-0.031031
-0.037508
-0.043737
-0.049223
-0.053426
-0.056177
-0.057672
-0.058053
-0.057345
-0.055549
-0.052836
-0.049329
-0.044987
-0.039909
-0.034328
-0.028504
-0.022573
-0.016922
-0.011896
-0.0075411
-0.0038351
-0.00086652
0.0013736
0.0030886
0.0043501
0.0049874
0.005024
0.0045416
0.0036574
0.0023878
0.00088134
-0.0006794
-0.0022514
-0.0037078
-0.0048367
-0.0053964
-0.0051554
-0.0042203
-0.0028465
-0.00092748
0.0016848
0.0050375
0.0091412
0.01399
0.019523
0.025153
0.03055
0.035488
0.039608
0.042692
0.04429
0.043586
0.040268
0.034596
0.027367
0.01978
0.012235
0.0046793
-0.0029716
-0.010799
-0.018732
-0.026489
-0.033524
-0.039197
-0.043192
-0.045841
-0.047121
-0.046999
-0.045491
-0.042613
-0.038492
-0.033504
-0.02815
-0.023035
-0.01878
-0.015205
-0.01211
-0.0098095
-0.0085741
-0.0088263
-0.010892
-0.014819
-0.020216
-0.026301
-0.032421
-0.038264
-0.043488
-0.047786
-0.051165
-0.05367
-0.055077
-0.055245
-0.054022
-0.051398
-0.047328
-0.042057
-0.03601
-0.029366
-0.022254
-0.015033
-0.007992
-0.0015855
0.0036047
0.0072496
0.0094619
0.010226
0.0096614
0.0079336
0.0050715
0.0011709
-0.0032505
-0.0075586
-0.011142
-0.013796
-0.015346
-0.01582
-0.015299
-0.013875
-0.011433
-0.0080761
-0.0038501
0.0010372
0.0061467
0.011332
0.016363
0.020953
0.025153
0.028916
0.031934
0.03397
0.034863
0.034642
0.033382
0.031043
0.027927
0.024389
0.020684
0.017237
0.014376
0.012375
0.011421
0.011478
0.012409
0.014
0.01599
0.018339
0.021014
0.023902
0.026943
0.029981
0.032582
0.034424
0.035424
0.035579
0.035342
0.035199
0.034904
0.034223
0.033129
0.031614
0.029855
0.027964
0.02593
0.024111
0.022684
0.021612
0.020769
0.0201
0.019663
0.019438
0.019325
0.019266
0.019085
0.01843
0.017099
0.015319
0.013238
0.011075
0.0086507
0.0052981
0.00066543
-0.0051355
-0.011319
-0.016961
-0.021583
-0.025103
-0.027548
-0.029088
-0.029826
-0.02963
-0.028737
-0.027169
-0.024924
-0.022101
-0.018791
-0.01518
-0.011515
-0.0077847
-0.0038667
0.00015748
0.0042216
0.0082063
0.012075
0.015903
0.019766
0.023699
0.027852
0.032059
0.036124
0.039823
0.042863
0.045258
0.047204
0.048758
0.050063
0.051074
0.051623
0.051815
0.051653
0.051062
0.049984
0.048585
0.047088
0.045545
0.043842
0.042021
0.04027
0.038726
0.037371
0.036002
0.034527
0.033097
0.03181
0.030502
0.029107
0.027674
0.026108
0.024313
0.022358
0.020339
0.018344
0.016518
0.014724
0.012749
0.010552
0.0083384
0.006434
0.0051113
0.0045506
0.0046301
0.0049867
0.0053247
0.0053955
0.0052214
0.0050288
0.0050325
0.0053534
0.0058663
0.006602
0.0076651
0.0090444
0.010462
0.011605
0.012223
0.012015
0.011011
0.0093657
0.0074249
0.0053411
0.0029431
-0.00018765
-0.0042899
-0.0091448
-0.014436
-0.019884
-0.024901
-0.02904
-0.032286
-0.034486
-0.035881
-0.036907
-0.037723
-0.037947
-0.037222
-0.035429
-0.032422
-0.02829
-0.023473
-0.018411
-0.01347
-0.0092374
-0.0059447
-0.003492
-0.0016967
-0.00044288
0.00029274
0.0005407
0.00023349
-0.00052962
-0.0015037
-0.0025488
-0.0034986
-0.0043766
-0.0052954
-0.0064183
-0.0077857
-0.0091731
-0.010374
-0.011201
-0.011685
-0.011818
-0.01161
-0.011379
-0.011311
-0.011316
-0.01125
-0.010998
-0.010503
-0.0098
-0.0088032
-0.007501
-0.0060264
-0.0046446
-0.0033995
-0.0023885
-0.0017294
-0.0014072
-0.0013036
-0.0011884
-0.0010864
-0.0011496
-0.0014653
-0.0021712
-0.0032905
-0.0046664
-0.00615
-0.0076523
-0.0092354
-0.010748
-0.012006
-0.01298
-0.013793
-0.01435
-0.014517
-0.014325
-0.01387
-0.013175
-0.012121
-0.010594
-0.0085483
-0.0061596
-0.0035946
-0.0010162
0.0015165
0.004192
0.0072199
0.010613
0.014181
0.017616
0.020777
0.023681
0.026217
0.028234
0.029687
0.030572
0.031174
0.03166
0.032112
0.032553
0.033041
0.033365
0.033377
0.033204
0.032956
0.032534
0.031867
0.03102
0.030133
0.029447
0.028626
0.027265
0.025316
0.022985
0.020522
0.01791
0.015279
0.012551
0.0097976
0.0068868
0.0036705
-3.4113e-06
-0.004041
-0.0081394
-0.011863
-0.015019
-0.017405
-0.018953
-0.019519
-0.01911
-0.017871
-0.016039
-0.013755
-0.011103
-0.0082882
-0.0053956
-0.0024462
0.00045015
0.0032483
0.0058619
0.008184
0.010241
0.012169
0.014066
0.015956
0.017841
0.019593
0.021138
0.022354
0.023187
0.023654
0.023675
0.023365
0.023156
0.023102
0.023083
0.023091
0.023148
0.023134
0.022706
0.021849
0.020744
0.019366
0.017744
0.015999
0.014141
0.012167
0.010206
0.0082513
0.0064647
0.0049124
0.0037106
0.0028402
0.0022076
0.0017408
0.0013235
0.0010586
0.0010684
0.0011076
0.00098999
0.00051949
-0.00045864
-0.001955
-0.0040672
-0.006535
-0.0089254
-0.010911
-0.012702
-0.014544
-0.016534
-0.018745
-0.021247
-0.02391
-0.026581
-0.02927
-0.03168
-0.033608
-0.035052
-0.036257
-0.037271
-0.038139
-0.038799
-0.039206
-0.039131
-0.038527
-0.037332
-0.035656
-0.033493
-0.030952
-0.028498
-0.026676
-0.025665
-0.025167
-0.024895
-0.024762
-0.024666
-0.024698
-0.025073
-0.025972
-0.027395
-0.029346
-0.031656
-0.034168
-0.036612
-0.03889
-0.041084
-0.043381
-0.045596
-0.047551
-0.049192
-0.050375
-0.051091
-0.051277
-0.05096
-0.050262
-0.049132
-0.047528
-0.045533
-0.043198
-0.040639
-0.037918
-0.034909
-0.0316
-0.028159
-0.024642
-0.021151
-0.017838
-0.014586
-0.011512
-0.0085441
-0.0057889
-0.003423
-0.0016463
-0.00063778
-0.00015995
-0.00011687
-0.00037416
-0.0010045
-0.0020613
-0.0035483
-0.0055985
-0.0084383
-0.012323
-0.017329
-0.023236
-0.029848
-0.036966
-0.044208
-0.051437
-0.058491
-0.065077
-0.070828
-0.075275
-0.078295
-0.080096
-0.080373
-0.079118
-0.076579
-0.073072
-0.068732
-0.063797
-0.058632
-0.053623
-0.049081
-0.044455
-0.039452
-0.03388
-0.028154
-0.022714
-0.017929
-0.013775
-0.010083
-0.0068919
-0.0044764
-0.0029118
-0.0019431
-0.0013795
-0.0011897
-0.001334
-0.0018594
-0.0026212
-0.0033461
-0.0038668
-0.0041326
-0.0041725
-0.0039529
-0.0032776
-0.0019916
5.992e-05
0.002915
0.0061518
0.00911
0.011618
0.013714
0.015441
0.016813
0.017767
0.018183
0.017781
0.01659
0.014795
0.012552
0.010235
0.0080159
0.0060005
0.0045754
0.0037951
0.0037448
0.0045499
0.0062979
0.0087614
0.01178
0.015271
0.018769
0.022115
0.025443
0.028934
0.032425
0.03571
0.038599
0.041155
0.04347
0.045516
0.047382
0.049053
0.050497
0.051669
0.052662
0.053556
0.054394
0.055042
0.055356
0.055196
0.054716
0.054061
0.053447
0.052882
0.052404
0.051957
0.051405
0.050679
0.050003
0.049466
0.049076
0.048869
0.048706
0.048359
0.047803
0.047135
0.046178
0.044826
0.043108
0.041079
0.038591
0.035375
0.031609
0.027603
0.023626
0.019717
0.015944
0.012232
0.0083805
0.004488
0.00077119
-0.0025661
-0.0051365
-0.0067345
-0.0076183
-0.0082233
-0.0087456
-0.0091135
-0.0091366
-0.0087775
-0.0078872
-0.0064553
-0.0045148
-0.0021428
0.00052723
0.003276
0.0059944
0.0085968
0.010964
0.013236
0.015317
0.016954
0.018022
0.018496
0.018395
0.017804
0.016731
0.014979
0.012367
0.0091719
0.0059904
0.0033545
0.0013605
-0.00019874
-0.0015736
-0.0030245
-0.0044228
-0.0055881
-0.0065708
-0.0074848
-0.0084538
-0.009697
-0.011235
-0.012936
-0.014729
-0.016548
-0.018496
-0.020513
-0.022276
-0.023721
-0.024807
-0.025421
-0.025596
-0.025342
-0.024856
-0.024193
-0.023152
-0.02165
-0.019683
-0.017343
-0.01479
-0.012344
-0.0101
-0.0077714
-0.0050792
-0.0021173
0.000867
0.003491
0.005522
0.0068792
0.0076669
0.0080934
0.0083208
0.0081781
0.0075058
0.0064357
0.0050735
0.0036989
0.0026415
0.0021477
0.0023041
0.003001
0.0041372
0.0057642
0.0079654
0.010678
0.013798
0.01723
0.020876
0.024466
0.028032
0.031534
0.034936
0.03812
0.040812
0.042738
0.043932
0.044521
0.044526
0.043963
0.04312
0.042195
0.041541
0.041506
0.042007
0.042678
0.043183
0.043437
0.043468
0.043349
0.043052
0.042574
0.041882
0.040957
0.039694
0.037962
0.035807
0.033257
0.030315
0.027168
0.023753
0.020048
0.01624
0.01258
0.0094758
0.0069272
0.0046506
0.0022728
-0.00045923
-0.0033764
-0.0058584
-0.0074991
-0.0084184
-0.0089566
-0.0092749
-0.0094702
-0.0094939
-0.0093489
-0.0089451
-0.0083415
-0.0075828
-0.0067641
-0.0060189
-0.0053733
-0.0048139
-0.0045156
-0.0046228
-0.0051474
-0.0060082
-0.0071323
-0.0083943
-0.0096107
-0.010807
-0.012103
-0.013575
-0.015017
-0.016158
-0.016755
-0.016571
-0.015545
-0.01386
-0.011731
-0.0093012
-0.0065218
-0.0035589
-0.00060856
0.0023324
0.0053293
0.008188
0.010772
0.01315
0.015278
0.017137
0.018795
0.020116
0.021094
0.021758
0.022121
0.022204
0.021995
0.021274
0.019861
0.017695
0.014768
0.011358
0.0075154
0.0034279
-0.00079248
-0.0050495
-0.0090549
-0.012669
-0.015976
-0.018942
-0.021524
-0.023821
-0.025679
-0.027088
-0.028242
-0.029207
-0.029977
-0.030679
-0.031193
-0.031161
-0.030367
-0.028918
-0.027086
-0.025116
-0.023218
-0.021593
-0.020197
-0.018921
-0.017755
-0.016842
-0.016329
-0.016364
-0.017003
-0.018099
-0.019465
-0.020941
-0.022343
-0.023665
-0.024712
-0.025317
-0.025254
-0.024299
-0.022399
-0.019792
-0.016845
-0.01409
-0.01168
-0.0091546
-0.0062134
-0.0030059
0.00011531
0.002759
0.0049151
0.0065994
0.0078794
0.0088708
0.0094709
0.0097563
0.0097594
0.0094481
0.0087435
0.0076418
0.0061012
0.0039843
0.0013494
-0.0015278
-0.0046648
-0.0080019
-0.011146
-0.014072
-0.016741
-0.019039
-0.020793
-0.022016
-0.022859
-0.023215
-0.023053
-0.022439
-0.0215
-0.02005
-0.018093
-0.015702
-0.013086
-0.01035
-0.007411
-0.00451
-0.0016113
0.0011168
0.0036782
0.0060809
0.0080331
0.0094041
0.010185
0.010444
0.010221
0.0097572
0.0091226
0.0082559
0.0070814
0.0057619
0.0044465
0.0033374
0.0025052
0.0019682
0.0018412
0.0020768
0.0024777
0.0030198
0.0036357
0.004218
0.0047303
0.005161
0.0054974
0.0055954
0.005467
0.0049891
0.0040727
0.0029017
0.0017846
0.00099624
0.00069479
0.00061971
0.00040387
-0.00018183
-0.0011523
-0.0022908
-0.0033342
-0.0041683
-0.0048961
-0.0054358
-0.006013
-0.0066199
-0.0069971
-0.0071363
-0.0069203
-0.0062356
-0.005319
-0.0043442
-0.003507
-0.0028855
-0.0025229
-0.0022709
-0.0022035
-0.0023672
-0.00287
-0.0037612
-0.0047855
-0.0055315
-0.0057723
-0.0056566
-0.0052258
-0.0044262
-0.0033655
-0.0021762
-0.0008841
0.00046057
0.0016635
0.0025176
0.0030378
0.0032479
0.0031174
0.0026731
0.0018647
0.00064309
-0.0010464
-0.0031285
-0.0054793
-0.0080171
-0.010672
-0.013418
-0.016446
-0.019703
-0.023051
-0.026572
-0.030065
-0.033095
-0.035599
-0.037651
-0.039093
-0.039677
-0.039327
-0.038191
-0.036215
-0.033371
-0.029849
-0.025917
-0.021736
-0.017417
-0.013144
-0.0090647
-0.0054307
-0.0023866
-7.7851e-05
0.0012662
0.0016963
0.0012767
-1.381e-05
-0.0021931
-0.0050064
-0.0080687
-0.0112
-0.01434
-0.017377
-0.020167
-0.022719
-0.024825
-0.026287
-0.026966
-0.026692
-0.025408
-0.023369
-0.020429
-0.016611
-0.012286
-0.0076108
-0.0029853
0.0013244
0.0051677
0.0087697
0.012352
0.015794
0.018601
0.020534
0.021706
0.022244
0.022213
0.021904
0.021653
0.021578
0.021691
0.022053
0.022452
0.022837
0.023283
0.023852
0.024602
0.025478
0.026342
0.027166
0.028043
0.028969
0.030093
0.031386
0.032536
0.033203
0.033202
0.032852
0.032598
0.032516
0.032414
0.032172
0.031784
0.031279
0.030529
0.029553
0.028354
0.026876
0.025158
0.023297
0.021475
0.01968
0.017822
0.015949
0.014146
0.012398
0.010897
0.0095693
0.0083452
0.0071747
0.0059833
0.0048835
0.0041008
0.0035897
0.003337
0.0033124
0.0036148
0.0042239
0.004959
0.005483
0.0056785
0.0056237
0.0051653
0.0044105
0.0034255
0.0021411
0.00084324
-0.00033137
-0.0013136
-0.002165
-0.0027972
-0.0031566
-0.0032712
-0.0031414
-0.0026688
-0.0019999
-0.0012392
-0.00048875
0.0002781
0.001199
0.0022486
0.0033265
0.0042931
0.0052057
0.0060332
0.0065684
0.0068214
0.0069783
0.0070119
0.0069238
0.0066338
0.0060949
0.0054046
0.0046576
0.0039587
0.003379
0.0028072
0.0020839
0.0012489
0.00055934
0.00028732
0.00062307
0.0013187
0.0020732
0.0026671
0.0030305
0.0031223
0.0030186
0.0027725
0.0023716
0.0018769
0.0012223
0.00026146
-0.00087783
-0.0020962
-0.0032989
-0.0045033
-0.0056673
-0.0067382
-0.0076179
-0.0082386
-0.0085181
-0.0083998
-0.0076998
-0.0065121
-0.0052571
-0.004193
-0.0031262
-0.0019161
-0.00049237
0.0010387
0.0025669
0.0040716
0.0055258
0.0068657
0.0082017
0.0094944
0.010567
0.011297
0.011654
0.011739
0.011549
0.011033
0.010409
0.0097075
0.0089423
0.0080837
0.0070486
0.005716
0.0039407
0.0017351
-0.00075609
-0.0032491
-0.0054569
-0.0074141
-0.0091535
-0.010607
-0.011851
-0.012741
-0.013094
-0.012939
-0.012507
-0.012053
-0.011389
-0.010436
-0.0091902
-0.0077332
-0.006131
-0.004477
-0.0030484
-0.0020828
-0.0016313
-0.001535
-0.0017559
-0.0022509
-0.0029645
-0.0039879
-0.0054995
-0.0076365
-0.010326
-0.013523
-0.017023
-0.020316
-0.023336
-0.026077
-0.02828
-0.029915
-0.031085
-0.031867
-0.032317
-0.03238
-0.032102
-0.031546
-0.03085
-0.030105
-0.029344
-0.028718
-0.028226
-0.02769
-0.026839
-0.025548
-0.024005
-0.022531
-0.02114
-0.019791
-0.018412
-0.017038
-0.01583
-0.014804
-0.013934
-0.013055
-0.011919
-0.010437
-0.0087459
-0.0072563
-0.0063015
-0.0059591
-0.0061522
-0.0065802
-0.0069255
-0.0070435
-0.0070695
-0.0070917
-0.0073611
-0.0081669
-0.0093311
-0.010602
-0.011564
-0.011882
-0.011647
-0.011231
-0.010746
-0.010216
-0.0095933
-0.0085826
-0.0071919
-0.0056113
-0.0038041
-0.0018449
0.00017244
0.0022484
0.0043385
0.0063317
0.0081338
0.0095799
0.010742
0.011721
0.012438
0.012908
0.013139
0.013176
0.013024
0.0127
0.012317
0.012133
0.01216
0.012205
0.012178
0.011988
0.011551
0.010889
0.010096
0.0089939
0.0076575
0.0061162
0.0042736
0.0019666
-0.0007789
-0.0038227
-0.0071678
-0.010615
-0.013863
-0.016725
-0.019194
-0.021197
-0.022588
-0.023302
-0.023272
-0.022424
-0.02074
-0.018364
-0.01545
-0.012258
-0.0089914
-0.0057536
-0.0024675
0.0010143
0.004368
0.007429
0.010006
0.011862
0.013145
0.01398
0.014334
0.014461
0.014385
0.013907
0.012905
0.011594
0.010565
0.010215
0.010571
0.011504
0.012843
0.014509
0.016463
0.018809
0.021408
0.024101
0.026643
0.028931
0.030981
0.032722
0.034226
0.035419
0.036262
0.036684
0.036736
0.036534
0.036121
0.035488
0.034648
0.033683
0.032738
0.031751
0.030609
0.029292
0.027846
0.02646
0.025208
0.024201
0.023352
0.022569
0.022017
0.021691
0.021554
0.021649
0.021923
0.022486
0.023273
0.024069
0.024673
0.02495
0.02483
0.024238
0.023318
0.022313
0.02114
0.019623
0.017793
0.015568
0.01291
0.0099992
0.0069876
0.0040602
0.0011767
-0.0017411
-0.0046905
-0.0075997
-0.010353
-0.012963
-0.015407
-0.017606
-0.019564
-0.021277
-0.022633
-0.023496
-0.023925
-0.024132
-0.024171
-0.02392
-0.023434
-0.022688
-0.021738
-0.020732
-0.019775
-0.018985
-0.018312
-0.017728
-0.017336
-0.017319
-0.017722
-0.018503
-0.019799
-0.021502
-0.023493
-0.025457
-0.027168
-0.028631
-0.029993
-0.03116
-0.0321
-0.032856
-0.03348
-0.034198
-0.035156
-0.036495
-0.038089
-0.039723
-0.04108
-0.042004
-0.042518
-0.042723
-0.04276
-0.042764
-0.042565
-0.041934
-0.040788
-0.039331
-0.037677
-0.035821
-0.033815
-0.031617
-0.029013
-0.025966
-0.02265
-0.019202
-0.015806
-0.012535
-0.0094184
-0.0064233
-0.0034648
-0.0005144
0.0022355
0.004667
0.0066338
0.0080737
0.0091216
0.010151
0.011386
0.01297
0.014822
0.01683
0.018941
0.021271
0.023718
0.026077
0.028228
0.03013
0.031683
0.032747
0.033308
0.033466
0.0332
0.032706
0.032188
0.031576
0.030809
0.029866
0.028785
0.027619
0.02633
0.024873
0.023389
0.021988
0.020848
0.019959
0.019386
0.019286
0.019598
0.020191
0.020978
0.022138
0.023593
0.025287
0.027211
0.029308
0.031303
0.032844
0.033875
0.034263
0.034137
0.033621
0.032941
0.032131
0.031037
0.02968
0.028109
0.026467
0.024866
0.023446
0.022219
0.021185
0.020389
0.019911
0.019727
0.019781
0.019821
0.019806
0.019894
0.02015
0.020546
0.02086
0.020776
0.020386
0.019762
0.018992
0.017948
0.016647
0.015315
0.014073
0.012998
0.011953
0.010733
0.0093088
0.0077662
0.0061242
0.0043164
0.002215
-7.2109e-05
-0.0024531
-0.0047619
-0.0070834
-0.0094447
-0.011776
-0.014093
-0.01643
-0.018694
-0.020719
-0.022612
-0.02452
-0.026242
-0.027685
-0.028862
-0.029743
-0.030411
-0.031095
-0.031749
-0.032187
-0.032104
-0.031337
-0.030043
-0.028285
-0.026123
-0.02364
-0.020991
-0.01814
-0.015092
-0.01196
-0.0087869
-0.0058245
-0.003064
-0.00057786
0.00152
0.0033309
0.0048572
0.0061768
0.0072438
0.0079605
0.0082903
0.008327
0.0081338
0.0078134
0.0072574
0.0064695
0.0054023
0.0041265
0.0028362
0.0016433
0.00048387
-0.00071525
-0.001848
-0.002886
-0.0037893
-0.004447
-0.0048802
-0.0051056
-0.0052076
-0.0053869
-0.0056599
-0.0059328
-0.0062056
-0.0065277
-0.0070369
-0.0077013
-0.0083521
-0.0089946
-0.0094561
-0.0097469
-0.010074
-0.010559
-0.011126
-0.011959
-0.013069
-0.014334
-0.015668
-0.017238
-0.01917
-0.021404
-0.023867
-0.026458
-0.028961
-0.031155
-0.033022
-0.034564
-0.035744
-0.03646
-0.036618
-0.036194
-0.035141
-0.033004
-0.02963
-0.025437
-0.020806
-0.016012
-0.011107
-0.0060904
-0.0010284
0.0038483
0.0083684
0.012482
0.015841
0.018261
0.019723
0.020334
0.020084
0.018982
0.017069
0.01468
0.012082
0.0093056
0.006747
0.0046548
0.003022
0.0015868
0.00026137
-0.0010315
-0.002251
-0.0032627
-0.0037783
-0.0035755
-0.0026478
-0.001111
0.0010194
0.0035789
0.0064254
0.0093934
0.012294
0.015071
0.017733
0.020293
0.022476
0.024146
0.025265
0.025805
0.025827
0.025406
0.024636
0.023686
0.022703
0.021676
0.020657
0.019731
0.018929
0.018207
0.017624
0.017187
0.016854
0.016383
0.015815
0.015237
0.014593
0.013852
0.012918
0.011827
0.010572
0.0091361
0.0076358
0.0060923
0.0046011
0.0033234
0.0022563
0.0015375
0.0010389
0.00053919
0.00024693
0.00024842
0.00058969
0.0013862
0.0025869
0.0042345
0.0062868
0.0086119
0.011273
0.014179
0.017023
0.019507
0.021393
0.022733
0.023626
0.024139
0.024112
0.023589
0.022755
0.0214
0.019642
0.017584
0.0152
0.012645
0.010265
0.0083493
0.0070682
0.0062009
0.0053622
0.0045991
0.0040422
0.0039095
0.0041707
0.0046664
0.0053572
0.006272
0.0073729
0.0085441
0.0097492
0.010853
0.011624
0.011991
0.011993
0.011475
0.010496
0.0088634
0.0068207
0.0045457
0.0021727
-1.5978e-05
-0.0021802
-0.0044535
-0.0069786
-0.0095104
-0.011725
-0.013479
-0.014892
-0.016212
-0.01735
-0.0183
-0.019146
-0.019966
-0.020698
-0.021292
-0.021792
-0.022092
-0.02219
-0.022051
-0.021549
-0.020433
-0.018703
-0.016465
-0.013927
-0.011355
-0.008768
-0.0062266
-0.0037654
-0.0015041
0.00062995
0.0026759
0.0044535
0.0058231
0.0065777
0.0068056
0.0066155
0.0062381
0.0057193
0.0050311
0.0043998
0.0039563
0.0037298
0.0036996
0.003732
0.0038454
0.0040935
0.0044567
0.0049107
0.0055209
0.0062001
0.0067471
0.0070348
0.0070902
0.0070799
0.0069836
0.0067301
0.0062897
0.0056592
0.0047974
0.0037769
0.0025881
0.00138
0.00020816
-0.0010178
-0.0023952
-0.0038746
-0.0055101
-0.0071709
-0.0087462
-0.010256
-0.011836
-0.013684
-0.015862
-0.018333
-0.020989
-0.023566
-0.02555
-0.02654
-0.026654
-0.026196
-0.025561
-0.024951
-0.024418
-0.023848
-0.023204
-0.022368
-0.021473
-0.020711
-0.020119
-0.019709
-0.019429
-0.019081
-0.01872
-0.018637
-0.018966
-0.019596
-0.020259
-0.020935
-0.021371
-0.021387
-0.020909
-0.020309
-0.020126
-0.020508
-0.021133
-0.021572
-0.021616
-0.021211
-0.020575
-0.01995
-0.019315
-0.018698
-0.018099
-0.017471
-0.016799
-0.016144
-0.015529
-0.014954
-0.014461
-0.013953
-0.013541
-0.013154
-0.012889
-0.013054
-0.013515
-0.014029
-0.014547
-0.015148
-0.015738
-0.016297
-0.01685
-0.017361
-0.01772
-0.017851
-0.017762
-0.017431
-0.016914
-0.016297
-0.015429
-0.014174
-0.012597
-0.010773
-0.0090106
-0.0072714
-0.0055369
-0.003874
-0.0021937
-0.00058772
0.00075858
0.0019063
0.0027576
0.0033406
0.0037876
0.0040888
0.0041633
0.00407
0.0037958
0.003318
0.0026907
0.0018871
0.00096943
5.7142e-05
-0.0010516
-0.002541
-0.0044196
-0.0066473
-0.0090556
-0.011463
-0.013638
-0.015485
-0.017072
-0.018429
-0.019653
-0.020884
-0.022123
-0.023147
-0.023655
-0.023537
-0.022875
-0.021988
-0.020965
-0.019965
-0.018993
-0.017887
-0.016691
-0.015473
-0.014241
-0.012919
-0.01131
-0.0095469
-0.0077257
-0.0059632
-0.0041826
-0.0024781
-0.00096407
0.00034444
0.0014007
0.0022815
0.0031711
0.0042378
0.0055387
0.0067598
0.0075709
0.0079203
0.0081355
0.0086178
0.0094806
0.010723
0.012178
0.013727
0.015311
0.016937
0.018588
0.020229
0.021695
0.022757
0.023493
0.023994
0.024236
0.024303
0.024277
0.024059
0.023544
0.022754
0.021747
0.020559
0.019276
0.018036
0.016875
0.015633
0.01436
0.013221
0.012243
0.011347
0.010617
0.010179
0.010043
0.01011
0.010465
0.010906
0.011221
0.01145
0.011534
0.011461
0.011312
0.01119
0.011323
0.011692
0.011988
0.012169
0.012458
0.012851
0.013165
0.013329
0.013408
0.013316
0.012949
0.012077
0.010667
0.0089053
0.0069927
0.0049677
0.0027452
0.00042274
-0.0019074
-0.0040743
-0.0058304
-0.0072148
-0.0082488
-0.0088588
-0.0090121
-0.0088355
-0.0084401
-0.0078633
-0.0071605
-0.0061281
-0.0046305
-0.0024763
4.8612e-05
0.0024497
0.0043933
0.0056792
0.006311
0.0064085
0.0062765
0.0059381
0.0053631
0.0046929
0.0039716
0.0032541
0.0025893
0.0020529
0.0016391
0.0012289
0.00092436
0.00082371
0.00076318
0.00074386
0.00084064
0.0010972
0.0014873
0.001802
0.0016283
0.00082859
-0.00027578
-0.0012892
-0.0019747
-0.0023733
-0.00251
-0.0026971
-0.0030469
-0.0034317
-0.0035866
-0.0036123
-0.0036434
-0.0036845
-0.0037244
-0.0037051
-0.0035475
-0.0031801
-0.0026359
-0.002087
-0.0016706
-0.0014483
-0.0014222
-0.0014113
-0.0013826
-0.0013694
-0.0014305
-0.0016501
-0.0020738
-0.002623
-0.0033001
-0.0042796
-0.0053761
-0.0064603
-0.00752
-0.0085555
-0.0095521
-0.010351
-0.010874
-0.01111
-0.011129
-0.010828
-0.010099
-0.0089998
-0.0073561
-0.0052524
-0.0028564
-0.00033681
0.0020758
0.0044113
0.0065008
0.008151
0.0092088
0.0097334
0.009663
0.0090407
0.0078896
0.0062608
0.004157
0.0016913
-0.00077561
-0.0029497
-0.0048747
-0.0064592
-0.0075291
-0.0079014
-0.0076258
-0.0067889
-0.0053968
-0.0035608
-0.0014283
0.00073729
0.0027944
0.0050181
0.0078474
0.011583
0.015916
0.020308
0.024221
0.027468
0.030121
0.032194
0.033765
0.034741
0.035068
0.034708
0.033596
0.031781
0.029362
0.026557
0.023497
0.020255
0.017001
0.014032
0.01154
0.0096401
0.0085775
0.0083448
0.0085972
0.0088616
0.0087983
0.0084459
0.0082306
0.0085617
0.0094675
0.010592
0.01161
0.012264
0.012536
0.012517
0.012145
0.011189
0.0095629
0.0073753
0.0044934
0.0010447
-0.0025628
-0.0060044
-0.0091204
-0.012045
-0.01475
-0.016873
-0.018232
-0.01873
-0.018376
-0.017342
-0.015767
-0.013709
-0.011096
-0.0078737
-0.0041454
-8.6698e-05
0.0042452
0.008489
0.012382
0.015814
0.018858
0.021512
0.023665
0.025093
0.025706
0.025627
0.024928
0.023621
0.021917
0.02002
0.018029
0.016072
0.014266
0.012547
0.010898
0.0093603
0.0080199
0.0069712
0.0060201
0.0051659
0.0045294
0.0040515
0.0036604
0.0032506
0.0027399
0.0021395
0.0014456
0.00066322
-7.4092e-05
-0.0008766
-0.001775
-0.0027297
-0.0037731
-0.0050173
-0.0065709
-0.008571
-0.010961
-0.013533
-0.015864
-0.017733
-0.019239
-0.020567
-0.02194
-0.023242
-0.024258
-0.024772
-0.024681
-0.023844
-0.022312
-0.020377
-0.018212
-0.015808
-0.01323
-0.010725
-0.008487
-0.0066379
-0.00534
-0.0046539
-0.0044705
-0.0043961
-0.0042909
-0.0042176
-0.004288
-0.0046317
-0.0052747
-0.0059937
-0.0063172
-0.0060015
-0.0050237
-0.0036369
-0.0020225
-0.00019568
0.0016811
0.003587
0.0053686
0.0069881
0.0083619
0.0094211
0.010201
0.010722
0.01099
0.010885
0.010359
0.0094076
0.0080797
0.0064469
0.0046179
0.0027273
0.00077035
-0.001217
-0.0031225
-0.0048728
-0.0063913
-0.0076325
-0.0086525
-0.0094053
-0.009885
-0.010197
-0.010251
-0.0099619
-0.0092206
-0.007938
-0.0062098
-0.0043074
-0.0023809
-0.00043644
0.0013944
0.0031031
0.0047139
0.0061535
0.0071537
0.0076888
0.0078614
0.0076637
0.0071736
0.0064589
0.0057175
0.0049226
0.0040792
0.0032826
0.0026278
0.0024002
0.0024244
0.0024579
0.0024419
0.0023179
0.0020645
0.0017427
0.0015333
0.001531
0.0019497
0.0026281
0.0034153
0.0041352
0.0044749
0.0044669
0.0043375
0.0042893
0.004507
0.0051678
0.0062442
0.0073363
0.0082661
0.0089876
0.0096373
0.010495
0.011527
0.012703
0.013934
0.015111
0.016135
0.017088
0.017968
0.018744
0.01919
0.01923
0.018947
0.018251
0.017316
0.016497
0.016058
0.015916
0.01581
0.015412
0.014629
0.013663
0.012929
0.012525
0.012399
0.012426
0.012454
0.012428
0.012316
0.012107
0.011842
0.011662
0.011652
0.01143
0.0109
0.010285
0.0097119
0.0092482
0.0088753
0.0083947
0.0077137
0.0069913
0.0061814
0.0053774
0.0046441
0.0040382
0.0036385
0.0032963
0.0029622
0.0026406
0.0024631
0.0023683
0.0023952
0.0024862
0.0025992
0.0028658
0.003183
0.003345
0.0030714
0.0023608
0.001313
-3.1038e-06
-0.001458
-0.0030903
-0.0050054
-0.0071455
-0.0094345
-0.011755
-0.013894
-0.015839
-0.017589
-0.01914
-0.020526
-0.021824
-0.022782
-0.023163
-0.022955
-0.022428
-0.021795
-0.021158
-0.020507
-0.019931
-0.019493
-0.019098
-0.018946
-0.019044
-0.019269
-0.019598
-0.019977
-0.020587
-0.021491
-0.022665
-0.024068
-0.025401
-0.026152
-0.026096
-0.025455
-0.024702
-0.024006
-0.023259
-0.022378
-0.021303
-0.019968
-0.018489
-0.016952
-0.015309
-0.013597
-0.011915
-0.010391
-0.009106
-0.0082842
-0.0078748
-0.0078112
-0.0079208
-0.0081335
-0.008414
-0.0086133
-0.0085669
-0.0084508
-0.0086535
-0.0094641
-0.010756
-0.012197
-0.013265
-0.013807
-0.013875
-0.013549
-0.012929
-0.012027
-0.010895
-0.009787
-0.008774
-0.0079044
-0.007102
-0.0062388
-0.0053926
-0.0046464
-0.0042074
-0.004181
-0.0044473
-0.0049168
-0.0055859
-0.0063141
-0.0069746
-0.0076133
-0.0083232
-0.0089908
-0.0095661
-0.010105
-0.010552
-0.011013
-0.011324
-0.011538
-0.011644
-0.011482
-0.011153
-0.010796
-0.01048
-0.010284
-0.010236
-0.010425
-0.010731
-0.010895
-0.010926
-0.010884
-0.010955
-0.011093
-0.011345
-0.011685
-0.012062
-0.012423
-0.012782
-0.013154
-0.013361
-0.01331
-0.013046
-0.012623
-0.012149
-0.011577
-0.010908
-0.010091
-0.0091886
-0.0082297
-0.0071973
-0.0059792
-0.0046479
-0.0032786
-0.0018901
-0.00055308
0.00069922
0.0018287
0.0025728
0.0029857
0.0033289
0.003969
0.0049553
0.0059132
0.0065124
0.0066328
0.0064182
0.0060147
0.00556
0.0052648
0.0049621
0.0035507
0.0033188
0.0032922
0.0034246
0.0037804
0.0044235
0.0052177
0.0060422
0.0068267
0.0075518
0.0084812
0.0096742
0.011131
0.012601
0.01384
0.014613
0.014783
0.014756
0.014691
0.014595
0.014495
0.014455
0.014427
0.014132
0.013663
0.013177
0.012771
0.012563
0.012481
0.012458
0.012514
0.012547
0.012521
0.012274
0.011878
0.011553
0.011437
0.011396
0.011374
0.011394
0.011256
0.010954
0.010654
0.010498
0.010441
0.010338
0.010096
0.0096033
0.0088988
0.0082085
0.0074862
0.0066445
0.0055987
0.004207
0.0025532
0.00078119
-0.0010771
-0.0029959
-0.0048734
-0.0065924
-0.0080566
-0.0092322
-0.010142
-0.010808
-0.011272
-0.011452
-0.011315
-0.010922
-0.010245
-0.0091956
-0.007807
-0.0061303
-0.0043735
-0.0027459
-0.0012111
0.00022084
0.0013931
0.0022254
0.002782
0.0030413
0.0031315
0.0029821
0.0027051
0.0023362
0.001724
0.001009
0.00019587
-0.00083895
-0.0020403
-0.003164
-0.0038785
-0.0039095
-0.0035528
-0.00332
-0.0032649
-0.0032727
-0.0033256
-0.0034081
-0.0034803
-0.0034635
-0.0033397
-0.0031029
-0.0027745
-0.0023691
-0.0020864
-0.0019874
-0.0019343
-0.0019552
-0.0021009
-0.002311
-0.0025989
-0.0028435
-0.0029066
-0.0030725
-0.0035027
-0.0042645
-0.0054282
-0.0067456
-0.0079963
-0.0090842
-0.0098903
-0.010488
-0.010926
-0.011153
-0.0111
-0.010838
-0.010518
-0.010276
-0.010094
-0.0098367
-0.0094898
-0.0090547
-0.0087184
-0.0086698
-0.0087802
-0.0089683
-0.0091177
-0.0091965
-0.0093309
-0.0095955
-0.0099414
-0.010251
-0.01053
-0.010742
-0.010957
-0.011163
-0.011208
-0.011127
-0.010956
-0.010614
-0.010043
-0.0092789
-0.0083521
-0.0073456
-0.0063318
-0.0052829
-0.0041777
-0.0030443
-0.0019881
-0.0011033
-0.00032147
0.00035195
0.00087688
0.0013338
0.0016652
0.0019607
0.0021801
0.0022887
0.0024637
0.0027529
0.0030942
0.0034454
0.0038303
0.0042721
0.0046516
0.0050774
0.0055452
0.006101
0.0066792
0.0072908
0.0079451
0.0086172
0.0093426
0.010195
0.011181
0.012157
0.012884
0.013288
0.013505
0.013735
0.014145
0.014609
0.014937
0.014971
0.014588
0.013837
0.013056
0.01239
0.011788
0.011138
0.01046
0.0097486
0.0089858
0.0082945
0.0077002
0.007245
0.0069588
0.0068724
0.0070179
0.0075313
0.0084705
0.0096865
0.011052
0.012457
0.013679
0.014478
0.014737
0.014605
0.014215
0.013497
0.012452
0.011239
0.0098216
0.0081906
0.0063947
0.0045486
0.0027323
0.0010522
-0.00044404
-0.0017303
-0.0028722
-0.0039827
-0.0050269
-0.0059118
-0.0065477
-0.0069158
-0.0069889
-0.0067166
-0.0061558
-0.0054242
-0.0045368
-0.0034929
-0.0023817
-0.0012587
-0.00011021
0.0010246
0.0020427
0.0029072
0.0036738
0.0043407
0.0048552
0.0052065
0.0053694
0.0053485
0.0051637
0.0049021
0.0045825
0.0041156
0.0035
0.0027389
0.0019322
0.0011922
0.0005678
3.0667e-05
-0.00045743
-0.00097829
-0.0015542
-0.0020923
-0.0024072
-0.0024568
-0.0023683
-0.0023047
-0.0022836
-0.0022681
-0.0022129
-0.0020952
-0.0019782
-0.0017931
-0.0015188
-0.001197
-0.00081482
-0.00037033
0.0001033
0.00062913
0.0011554
0.0015682
0.0018633
0.0020684
0.0022459
0.0024848
0.0029193
0.0034776
0.0039589
0.0043529
0.0045987
0.0047306
0.0048131
0.0049182
0.005044
0.0050911
0.005051
0.0049585
0.0047955
0.0045507
0.0042687
0.0039859
0.0036196
0.0032209
0.0028049
0.0023935
0.0020171
0.0016984
0.0014607
0.0013433
0.0012984
0.0011731
0.00090206
0.00053025
0.00021712
7.3983e-05
0.00013041
0.00032592
0.00052308
0.00066945
0.00081471
0.00091531
0.00095911
0.00094822
0.0008801
0.00077241
0.00065705
0.0005208
0.00033371
0.00012202
-8.1644e-05
-0.00022251
-0.00028412
-0.00026686
-0.00020921
-8.4142e-05
0.00015358
0.00051591
0.00097276
0.0014634
0.0019402
0.0023987
0.0028565
0.0033168
0.0038076
0.0042772
0.0046039
0.004808
0.0049377
0.0050175
0.0050638
0.0050797
0.0050642
0.0050006
0.0049079
0.0047711
0.0045688
0.0043513
0.0041412
0.0039526
0.0037503
0.0035495
0.0033014
0.0030151
0.0027332
0.0024694
0.0022231
0.0019903
0.0017741
0.0015748
0.0013941
0.0012481
0.0011658
0.0011329
0.0011081
0.0010868
0.0010784
0.0010907
0.0011254
0.001162
0.0011823
0.0011742
0.0011402
0.001083
0.0010025
0.00091543
0.00086635
0.00086874
0.00089114
0.00091004
0.00089013
0.00081784
0.00075314
0.00071857
0.00070011
0.00069918
0.00072354
0.00077129
0.00082105
0.00086633
0.00091398
0.00096691
0.0010179
0.0010442
0.0010599
0.0010793
0.0010937
0.001115
0.0011445
0.0011821
0.0012162
0.0012217
0.0011819
0.0011123
0.0010337
0.00096708
0.0009272
0.00090376
0.00088242
0.00084649
0.00080882
0.00076908
0.00071167
0.00063874
0.00057335
0.00051731
0.00046384
0.00040166
0.00033208
0.00025715
0.000178
0.0001015
2.8797e-05
-3.858e-05
-0.00010142
-0.00016433
-0.00022188
-0.00028012
-0.00033216
-0.00038278
-0.00042938
-0.00047161
-0.00051311
-0.00054637
-0.00057282
-0.00059453
-0.00060847
-0.00062384
-0.00063484
-0.00063717
-0.00063474
-0.00063264
-0.00062978
-0.00063205
-0.00064165
-0.00065725
-0.00068006
-0.00070524
-0.00073409
-0.00076945
-0.00081143
-0.00085824
-0.00090813
-0.00095691
-0.0010015
-0.0010396
-0.0010721
-0.0010991
-0.0011227
-0.0011427
-0.0011565
-0.0011641
-0.0011665
-0.0011654
-0.0011625
-0.0011577
-0.0011517
-0.0011468
-0.0011426
-0.0011397
-0.0011405
-0.0011436
-0.0011491
-0.0011577
-0.0011683
-0.0011798
-0.0011907
-0.0011994
-0.0012048
-0.001208
-0.0012115
-0.001216
-0.0012206
-0.0012245
-0.0012274
-0.0012287
-0.0012288
-0.0012279
-0.0012261
-0.0012234
-0.0012202
-0.0012171
-0.0012143
-0.0012117
-0.0012092
-0.0012073
-0.0012061
-0.0012053
-0.0012048
-0.0012041
-0.001203
-0.0012024
-0.0012029
-0.0012047
-0.0012073
-0.0012101
-0.001213
-0.0012161
-0.0012192
-0.0012223
-0.0012255
-0.0012289
-0.0012327
-0.0012366
-0.0012408
-0.0012451
-0.0012495
-0.0012542
-0.0012589
-0.0012638
-0.0012688
-0.0012739
-0.0012791
-0.0012842
-0.0012893
-0.0012945
-0.0012997
-0.0013049
-0.0013102
-0.0013154
-0.0013206
-0.0013258
-0.001331
-0.0013363
-0.0013415
-0.0013467
-0.0013519
-0.0013571
-0.0013623
-0.0013675
-0.0013726
-0.0013777
-0.0013828
-0.0013879
-0.0013929
-0.0013979
-0.0014029
-0.0014079
-0.0014128
-0.0014177
-0.0014225
-0.0014273
-0.0014321
-0.0014368
-0.0014415
-0.0014461
-0.0014507
-0.0014552
