211
212
951
952
961
962
1391
1392
1621
1622
1641
1642
1851
1852
1861
1862
2331
2332
2381
2382
2841
2842
2981
2982
4991
4992
5491
5492
5641
5642
7391
7392
7611
7612
7621
7622
9491
9492
9881
9882
9951
9952
10021
10022
10051
10052
10341
10342
10391
10392
10821
10822
11151
11152
11841
11842
14891
14892
15121
15122
16811
16812
17521
17522
26551
26552
34731
34732
36051
36052
39791
39792
40681
40682
40741
40742
41111
41112
41301
41302
47981
47982
48661
48662
60051
60052
68971
68972
69611
69612
81331
81332
84861
84862
86581
86582
88861
88862
