-0.00014336
-0.00014386
-0.00014435
-0.00014481
-0.00014525
-0.00014567
-0.00014606
-0.00014638
-0.00014675
-0.00014713
-0.0001474
-0.0001477
-0.00014792
-0.00014798
-0.00014832
-0.00014865
-0.00014868
-0.00014885
-0.00014894
-0.00014906
-0.00014936
-0.00014918
-0.00014909
-0.000149
-0.00014894
-0.00014953
-0.00014956
-0.00014894
-0.00014834
-0.00014843
-0.00014885
-0.00014854
-0.00014789
-0.00014717
-0.00014736
-0.000148
-0.00014748
-0.00014679
-0.0001462
-0.00014566
-0.00014587
-0.00014601
-0.00014485
-0.00014433
-0.00014438
-0.00014272
-0.00014268
-0.00014272
-0.00014041
-0.000142
-0.00014285
-0.00014039
-0.00013978
-0.00013855
-0.00013877
-0.00013979
-0.00013805
-0.0001367
-0.00013656
-0.00013513
-0.00013199
-0.00013163
-0.00013279
-0.000132
-0.0001309
-0.0001309
-0.00013097
-0.00012766
-0.00012575
-0.00012454
-0.00012054
-0.00012453
-0.00012773
-0.00012157
-0.00012118
-0.00012308
-0.00012053
-0.00011705
-0.00011663
-0.00011834
-0.00011768
-0.00011603
-0.00011278
-0.00011074
-0.00010889
-0.00010448
-0.00010726
-0.00010964
-0.00010296
-9.8243e-05
-0.00010142
-0.00010509
-9.9883e-05
-9.4241e-05
-9.6545e-05
-9.8012e-05
-9.3823e-05
-9.5196e-05
-9.7745e-05
-8.9449e-05
-8.7459e-05
-9.3665e-05
-9.2394e-05
-8.4459e-05
-7.831e-05
-7.9575e-05
-8.5019e-05
-8.5343e-05
-7.5623e-05
-7.1173e-05
-7.5856e-05
-7.4559e-05
-7.4871e-05
-6.8167e-05
-5.8979e-05
-6.6312e-05
-6.9662e-05
-7.0193e-05
-6.7192e-05
-5.6396e-05
-5.418e-05
-5.2983e-05
-5.6531e-05
-5.9591e-05
-4.8419e-05
-4.9016e-05
-5.2999e-05
-4.3055e-05
-4.5525e-05
-4.7547e-05
-4.1597e-05
-3.8856e-05
-3.2333e-05
-3.8218e-05
-4.2367e-05
-3.0249e-05
-3.0846e-05
-3.1521e-05
-3.2237e-05
-2.8853e-05
-1.2828e-05
-2.5737e-05
-3.429e-05
-1.7902e-05
-2.1985e-05
-2.3513e-05
-2.1429e-05
-2.004e-05
-7.6298e-06
-9.766e-06
-1.1663e-05
-3.9177e-06
-7.2506e-06
-8.899e-06
-7.8535e-07
1.2412e-05
8.9921e-06
-8.1511e-06
3.6978e-06
9.8931e-06
2.7954e-06
1.3779e-05
1.5223e-05
1.0337e-05
1.3218e-05
1.9083e-05
1.0333e-05
2.6495e-06
2.5708e-05
3.3739e-05
2.8826e-05
2.5611e-05
1.6448e-05
3.9988e-05
4.0093e-05
1.4773e-05
4.2139e-05
5.0063e-05
4.0812e-05
4.7022e-05
2.9934e-05
3.5701e-05
4.6785e-05
4.5259e-05
5.883e-05
5.87e-05
4.609e-05
3.7666e-05
4.9246e-05
6.6201e-05
4.9175e-05
4.3485e-05
6.4985e-05
5.7884e-05
5.6558e-05
6.705e-05
4.9643e-05
6.581e-05
8.3622e-05
6.8968e-05
8.3637e-05
7.8973e-05
5.7402e-05
8.0865e-05
9.8279e-05
8.9477e-05
6.9789e-05
6.28e-05
9.5653e-05
0.00010291
8.41e-05
7.2558e-05
7.0252e-05
9.9861e-05
0.00010026
8.5338e-05
0.00010679
8.9766e-05
6.9974e-05
0.00010279
0.00011034
8.6461e-05
7.2668e-05
9.222e-05
0.00012139
0.00010021
8.4565e-05
9.1126e-05
9.1855e-05
0.00012978
0.00012684
7.5015e-05
9.7577e-05
0.00011001
9.6427e-05
0.00013804
0.00011553
7.5761e-05
0.00012329
0.0001255
9.2238e-05
0.00011568
0.00013151
0.00011833
0.00011881
0.00012245
0.00011449
0.00010572
0.00011677
0.00012751
0.00012571
0.00013346
0.00011685
0.000111
0.00013286
0.0001176
0.00011876
0.00013242
0.00011982
0.00012254
0.0001182
0.00011876
0.00012924
0.00011443
0.00012425
0.0001281
0.00011229
0.00013247
0.00012305
0.00010855
0.00013191
0.00013062
0.00012446
0.00011833
0.00011382
0.00013435
0.00013166
0.00011955
0.0001243
0.00012752
0.00013431
0.0001301
0.00012314
0.00012965
0.0001258
0.00012224
0.0001232
0.00012896
0.00012859
0.00012239
0.00012278
0.00011862
0.00012318
0.00012987
0.00013275
0.00012877
0.00011567
0.00011758
0.00011143
0.0001168
0.00012734
0.00012614
0.00012406
0.00011173
0.00011809
0.00012045
0.00010915
0.0001141
0.00011305
0.00011941
0.0001105
9.4183e-05
0.00011544
0.00012141
0.00011161
0.00010781
0.00010963
0.00012306
0.00011445
0.00010079
0.00011433
0.00011682
0.00010947
0.00011248
0.0001032
0.00011484
0.00011994
9.8807e-05
0.00011181
0.00010847
0.00010009
0.00011523
9.8896e-05
9.5231e-05
0.00010862
9.5264e-05
0.00010277
0.00011206
9.5909e-05
9.9825e-05
9.2394e-05
9.7345e-05
0.00011023
7.3831e-05
8.1228e-05
0.00010457
8.4762e-05
9.6485e-05
9.1253e-05
8.8084e-05
0.00010079
7.2898e-05
8.2827e-05
9.4591e-05
8.4453e-05
9.2241e-05
8.4329e-05
9.5724e-05
9.7016e-05
7.364e-05
9.094e-05
0.00010184
8.8163e-05
9.2625e-05
9.5151e-05
8.0482e-05
7.9886e-05
9.3645e-05
9.9322e-05
9.1589e-05
7.9919e-05
8.4559e-05
9.3061e-05
8.252e-05
7.8956e-05
8.2297e-05
7.8137e-05
7.8149e-05
7.2997e-05
8.1431e-05
8.1884e-05
7.1536e-05
7.7716e-05
7.6555e-05
7.7998e-05
7.32e-05
6.2997e-05
7.3191e-05
6.5838e-05
6.6523e-05
8.289e-05
6.8575e-05
7.0061e-05
7.8357e-05
6.1126e-05
7.3527e-05
7.9032e-05
6.3812e-05
7.5924e-05
7.4842e-05
7.2305e-05
7.5567e-05
6.7415e-05
7.882e-05
7.8384e-05
6.2835e-05
7.0248e-05
7.398e-05
6.5387e-05
6.174e-05
6.0301e-05
6.8121e-05
6.8296e-05
5.0984e-05
5.9353e-05
6.3935e-05
6.0884e-05
6.8881e-05
4.9645e-05
4.8965e-05
6.0512e-05
5.1358e-05
5.2467e-05
4.8169e-05
4.9817e-05
6.0291e-05
5.195e-05
5.3497e-05
5.6813e-05
4.6673e-05
5.6997e-05
5.5618e-05
5.2504e-05
5.738e-05
4.0484e-05
5.4714e-05
6.3569e-05
5.2211e-05
5.6371e-05
5.2276e-05
5.2651e-05
5.2181e-05
4.373e-05
4.9284e-05
5.5028e-05
4.4298e-05
4.1012e-05
5.4586e-05
4.8201e-05
3.7594e-05
4.5189e-05
4.5865e-05
4.0333e-05
4.2948e-05
4.1482e-05
3.087e-05
3.3578e-05
4.6255e-05
4.085e-05
3.2286e-05
3.3757e-05
3.6606e-05
4.2121e-05
3.8726e-05
3.6359e-05
3.7728e-05
3.355e-05
4.1061e-05
4.0677e-05
3.3311e-05
3.771e-05
3.8597e-05
4.0022e-05
3.9759e-05
3.5164e-05
2.9719e-05
3.4472e-05
3.7911e-05
3.2787e-05
3.61e-05
2.565e-05
2.5429e-05
4.4039e-05
3.1662e-05
2.2151e-05
3.4707e-05
2.9501e-05
3.009e-05
3.765e-05
2.9383e-05
3.0909e-05
2.7288e-05
1.7086e-05
3.4775e-05
3.2235e-05
1.7087e-05
3.6487e-05
2.7183e-05
1.381e-05
3.3277e-05
2.5127e-05
2.1747e-05
3.4191e-05
1.6934e-05
1.6442e-05
2.4925e-05
1.2848e-05
2.3315e-05
2.2894e-05
1.1782e-05
2.8138e-05
2.4068e-05
1.9675e-05
2.394e-05
1.4066e-05
2.2312e-05
1.6007e-05
1.395e-05
2.719e-05
6.0033e-06
1.3757e-05
3.1168e-05
6.1799e-06
1.5464e-05
1.8069e-05
1.0696e-06
1.9228e-05
1.5415e-05
8.7987e-06
1.4317e-05
8.2974e-06
1.0617e-05
7.3895e-06
1.2301e-05
2.0688e-05
7.6577e-06
9.9773e-06
9.6487e-06
1.2852e-05
2.0864e-05
-6.2164e-06
4.4051e-06
1.8905e-05
-1.9043e-06
1.5291e-05
1.215e-05
-2.0187e-06
1.3188e-05
-2.8328e-06
-1.2006e-06
1.6414e-05
-4.7873e-06
-3.3324e-06
1.5673e-05
2.1948e-06
-4.1223e-06
1.2595e-05
9.5001e-06
4.0178e-06
5.6029e-06
4.3709e-07
1.9228e-06
5.8728e-06
9.5752e-06
3.0263e-06
1.576e-08
9.4181e-06
-2.7426e-06
-2.0774e-06
7.5474e-06
-7.687e-06
-5.1186e-06
8.8381e-06
1.4726e-06
-2.8285e-06
-3.105e-07
-9.5177e-06
-2.7252e-06
2.8265e-06
-6.1247e-06
4.2842e-06
2.2241e-06
-3.0533e-06
-1.7223e-06
-1.0612e-05
-3.2494e-06
-2.2236e-06
-3.5311e-06
-3.0148e-06
-1.1082e-05
-9.7379e-06
-6.5277e-06
-6.1755e-06
-1.5386e-05
-1.2535e-06
8.0985e-06
-1.7918e-05
-6.4383e-06
-6.8915e-07
-1.662e-05
-3.4507e-06
-6.1321e-06
-3.5387e-06
4.126e-08
-1.6034e-05
-1.2748e-05
-1.3674e-06
6.3689e-06
-1.7614e-05
-3.2409e-05
4.1777e-06
-4.7903e-06
-1.5932e-05
4.3344e-06
-1.7475e-05
-1.1808e-05
-7.6601e-06
-3.4189e-05
5.3947e-06
5.6236e-08
-4.3073e-05
-8.8271e-06
-9.4639e-06
-2.3653e-05
-6.5139e-06
-2.5121e-05
-1.3546e-05
-3.9454e-06
-2.7728e-05
-1.1561e-05
-1.2324e-05
-2.1617e-05
-1.4196e-05
-2.5096e-05
-1.741e-05
-1.1674e-05
-2.6777e-05
-1.7165e-05
-1.1158e-05
-2.0445e-05
-1.5693e-05
-1.285e-05
-1.8055e-05
-1.3265e-05
-1.3525e-05
-2.1661e-05
-2.6313e-05
-3.1287e-05
-1.4219e-05
-1.3785e-05
-3.469e-05
-1.4169e-05
-8.9962e-06
-2.1212e-05
-1.8933e-05
-2.3582e-05
-1.4045e-05
-2.0296e-05
-2.9312e-05
-1.3777e-05
-1.7557e-05
-1.6849e-05
-2.1475e-05
-3.9395e-05
-2.0745e-05
-1.7733e-05
-3.5037e-05
-2.3312e-05
-1.4136e-05
-2.145e-05
-3.0948e-05
-3.4035e-05
-1.9996e-05
-1.7248e-05
-3.2473e-05
-2.9751e-05
-3.1088e-05
-3.5931e-05
-1.7229e-05
-2.0178e-05
-2.9483e-05
-2.3789e-05
-3.0892e-05
-2.698e-05
-9.9758e-06
-1.8168e-05
-3.2596e-05
-2.983e-05
-2.3695e-05
-2.2017e-05
-2.6071e-05
-2.5298e-05
-3.0682e-05
-3.0452e-05
-1.6878e-05
-2.8836e-05
-2.9055e-05
-1.9379e-05
-2.5033e-05
-1.4515e-05
-2.3643e-05
-3.4779e-05
-2.4185e-05
-3.7198e-05
-4.0505e-05
-2.0373e-05
-2.0425e-05
-2.9679e-05
-2.7924e-05
-3.3139e-05
-3.2016e-05
-2.8582e-05
-4.4475e-05
-3.2705e-05
-2.066e-05
-3.0659e-05
-2.5007e-05
-2.4992e-05
-3.2238e-05
-2.523e-05
-2.7587e-05
-3.9579e-05
-2.9912e-05
-2.4696e-05
-2.4779e-05
-3.139e-05
-3.904e-05
-2.4535e-05
-3.5456e-05
-4.2706e-05
-3.0962e-05
-3.5655e-05
-3.622e-05
-3.915e-05
-3.4162e-05
-2.3259e-05
-2.7192e-05
-2.9483e-05
-3.6846e-05
-3.6553e-05
-1.9834e-05
-3.4976e-05
-3.6835e-05
-2.1405e-05
-4.4099e-05
-3.4414e-05
-2.564e-05
-4.4273e-05
-2.6901e-05
-3.164e-05
-4.0792e-05
-2.6101e-05
-3.4865e-05
-3.618e-05
-3.4418e-05
-4.3266e-05
-3.1496e-05
-3.3574e-05
-4.0493e-05
-2.679e-05
-3.57e-05
-4.1922e-05
-3.5157e-05
-4.2e-05
-3.7258e-05
-3.2168e-05
-3.6248e-05
-3.5419e-05
-3.8511e-05
-4.2664e-05
-3.6593e-05
-3.6881e-05
-4.0622e-05
-3.3041e-05
-4.3974e-05
-4.4088e-05
-3.2215e-05
-3.5902e-05
-3.3348e-05
-3.7252e-05
-3.6276e-05
-3.2545e-05
-4.1383e-05
-3.6676e-05
-3.6651e-05
-3.9609e-05
-3.3856e-05
-4.1823e-05
-4.2994e-05
-3.3948e-05
-3.3879e-05
-3.5029e-05
-3.8179e-05
-3.9163e-05
-2.7006e-05
-2.8259e-05
-4.2234e-05
-3.4446e-05
-3.648e-05
-4.4436e-05
-3.4687e-05
-3.7491e-05
-3.6563e-05
-3.4799e-05
-4.7769e-05
-4.1912e-05
-3.5845e-05
-4.6985e-05
-4.3995e-05
-3.7065e-05
-4.295e-05
-3.9111e-05
-4.0178e-05
-4.4101e-05
-3.2117e-05
-3.722e-05
-5.0299e-05
-4.2502e-05
-3.7184e-05
-3.3184e-05
-3.9541e-05
-5.3496e-05
-4.0528e-05
-3.8589e-05
-4.8402e-05
-3.5711e-05
-3.8424e-05
-4.2579e-05
-3.9815e-05
-4.0399e-05
-2.7598e-05
-3.5593e-05
-4.6685e-05
-3.7937e-05
-3.4393e-05
-3.0799e-05
-3.7619e-05
-3.983e-05
-3.7856e-05
-3.7654e-05
-3.3868e-05
-3.9817e-05
-3.4667e-05
-3.0951e-05
-4.6769e-05
-4.2088e-05
-3.7915e-05
-3.768e-05
-3.302e-05
-4.9004e-05
-4.4926e-05
-3.3094e-05
-4.7841e-05
-4.0009e-05
-3.9168e-05
-5.0796e-05
-3.208e-05
-4.4077e-05
-5.4923e-05
-3.3271e-05
-4.4768e-05
-4.5051e-05
-4.0219e-05
-5.0836e-05
-3.0944e-05
-3.1868e-05
-5.1966e-05
-3.5993e-05
-2.9745e-05
-4.4902e-05
-4.5103e-05
-3.9877e-05
-3.2651e-05
-3.3916e-05
-4.9952e-05
-3.8739e-05
-2.9921e-05
-4.9699e-05
-4.0973e-05
-3.5799e-05
-4.2589e-05
-3.1832e-05
-3.8643e-05
-3.9633e-05
-2.661e-05
-3.757e-05
-4.3724e-05
-3.1531e-05
-3.3552e-05
-3.848e-05
-2.8438e-05
-3.5579e-05
-4.2385e-05
-2.646e-05
-3.8457e-05
-5.2569e-05
-3.8626e-05
-3.8278e-05
-4.1411e-05
-4.0503e-05
-4.0151e-05
-3.541e-05
-4.4243e-05
-4.3274e-05
-3.628e-05
-3.5878e-05
-2.7029e-05
-3.7058e-05
-4.5005e-05
-3.3094e-05
-3.9874e-05
-4.7131e-05
-3.9918e-05
-3.5814e-05
-3.9813e-05
-4.3901e-05
-4.3821e-05
-3.7642e-05
-3.5694e-05
-3.8447e-05
-3.6694e-05
-4.1459e-05
-3.6447e-05
-3.242e-05
-3.514e-05
-2.933e-05
-3.5137e-05
-3.9248e-05
-3.6263e-05
-3.3923e-05
-3.0064e-05
-4.1096e-05
-4.1924e-05
-3.4124e-05
-4.5857e-05
-3.7825e-05
-3.3963e-05
-4.7607e-05
-3.2801e-05
-3.6659e-05
-4.7534e-05
-3.0624e-05
-3.842e-05
-4.7496e-05
-3.3437e-05
-3.5163e-05
-4.0274e-05
-3.9295e-05
-4.5204e-05
-4.6295e-05
-3.8972e-05
-3.3915e-05
-4.1997e-05
-4.1777e-05
-3.18e-05
-4.0681e-05
-3.9612e-05
-2.6473e-05
-3.1313e-05
-3.1242e-05
-3.1407e-05
-4.7352e-05
-3.9257e-05
-2.5026e-05
-3.5943e-05
-4.0117e-05
-3.386e-05
-3.5904e-05
-3.8718e-05
-3.5843e-05
-4.0672e-05
-3.4437e-05
-3.2699e-05
-4.3208e-05
-2.8479e-05
-2.9038e-05
-3.713e-05
-3.7362e-05
-3.9848e-05
-3.1143e-05
-3.1617e-05
-2.976e-05
-3.4781e-05
-4.0569e-05
-3.0637e-05
-3.4429e-05
-3.2214e-05
-2.4351e-05
-3.7101e-05
-3.2087e-05
-3.0216e-05
-4.2826e-05
-2.9026e-05
-3.3795e-05
-4.4784e-05
-3.0755e-05
-3.2424e-05
-4.3694e-05
-4.2491e-05
-3.949e-05
-4.2269e-05
-3.7209e-05
-3.6148e-05
-3.4787e-05
-2.6896e-05
-3.8797e-05
-3.8655e-05
-2.666e-05
-3.7417e-05
-3.4401e-05
-2.9403e-05
-4.4268e-05
-3.725e-05
-2.9089e-05
-3.7862e-05
-3.6082e-05
-3.7801e-05
-3.6725e-05
-3.0614e-05
-3.4487e-05
-3.1372e-05
-2.0058e-05
-2.7153e-05
-4.6375e-05
-3.6989e-05
-1.8894e-05
-2.7526e-05
-2.6742e-05
-2.4489e-05
-3.1474e-05
-3.0505e-05
-2.2044e-05
-2.0161e-05
-3.5147e-05
-3.5055e-05
-2.9119e-05
-3.3666e-05
-2.0661e-05
-2.5662e-05
-3.946e-05
-2.6598e-05
-3.3368e-05
-3.9239e-05
-3.0425e-05
-4.2095e-05
-3.2949e-05
-2.1938e-05
-3.6556e-05
-2.88e-05
-2.5435e-05
-3.132e-05
-2.7458e-05
-2.8041e-05
-1.8913e-05
-2.097e-05
-3.5823e-05
-2.7894e-05
-2.3564e-05
-2.5385e-05
-2.3521e-05
-3.0257e-05
-2.5164e-05
-2.6222e-05
-4.109e-05
-3.3109e-05
-2.2675e-05
-2.3578e-05
-2.2451e-05
-2.6508e-05
-3.2359e-05
-2.2146e-05
-1.9066e-05
-2.578e-05
-2.2004e-05
-2.5654e-05
-2.1498e-05
-2.4765e-05
-3.8388e-05
-1.8325e-05
-1.712e-05
-3.8118e-05
-3.1299e-05
-2.4773e-05
-1.9593e-05
-1.6605e-05
-2.745e-05
-2.6496e-05
-2.022e-05
-2.0053e-05
-2.0007e-05
-2.3975e-05
-2.2725e-05
-1.4598e-05
-2.4668e-05
-3.1506e-05
-1.43e-05
-1.5103e-05
-2.8125e-05
-2.6187e-05
-2.5959e-05
-1.752e-05
-1.4784e-05
-3.662e-05
-2.3406e-05
-9.339e-06
-3.2063e-05
-2.734e-05
-1.9979e-05
-2.1627e-05
-1.1735e-05
-2.2527e-05
-2.8559e-05
-1.7405e-05
-1.9084e-05
-2.5309e-05
-2.2921e-05
-1.4911e-05
-1.6543e-05
-2.0769e-05
-2.3525e-05
-1.2155e-05
-1.1396e-05
-2.2803e-05
-1.1248e-05
-1.976e-05
-1.8618e-05
-1.6052e-05
-3.0234e-05
-4.4686e-06
-1.0209e-05
-2.5898e-05
-7.3369e-06
-2.5846e-05
-2.1683e-05
-9.038e-06
-3.7457e-05
-1.14e-05
-4.5173e-06
-4.0955e-05
-1.6635e-05
-1.4756e-05
-1.9655e-05
-6.9528e-06
-2.8487e-05
-2.3719e-05
-7.261e-06
-1.61e-05
-1.6163e-05
-1.1922e-05
-1.6856e-05
-1.7738e-05
-1.9796e-05
-2.356e-05
-7.168e-06
-3.2162e-06
-2.0966e-05
-1.5195e-05
-1.3813e-05
-1.7702e-05
-1.5838e-05
-1.9378e-05
-1.4547e-05
-1.618e-05
-1.8245e-05
-1.6033e-05
-1.4896e-05
-1.3735e-05
-1.4651e-05
-1.8639e-05
-1.4287e-05
-7.2811e-06
-1.6092e-05
-1.3969e-05
-1.0038e-05
-1.4475e-05
-7.8097e-06
-1.9552e-05
-1.5293e-05
1.7294e-06
-1.3943e-05
-1.5111e-05
-8.9925e-06
-1.2517e-05
-5.7554e-06
-1.6576e-05
-1.5308e-05
-1.3768e-06
-1.6048e-05
-1.1031e-05
-9.3486e-07
-1.4595e-05
-1.3934e-05
-1.559e-05
-1.444e-05
-5.3615e-06
-5.9676e-06
-5.0523e-06
-1.2021e-05
-1.4826e-05
-2.6542e-06
-7.569e-06
-1.5476e-05
-3.3542e-06
2.4343e-08
-9.1292e-06
-1.7196e-05
-1.0765e-05
-2.8366e-06
-1.3535e-05
-1.0624e-05
-6.3913e-06
-1.2232e-05
-1.2344e-05
-1.4046e-05
-1.3075e-05
-9.7604e-06
-7.672e-06
-1.3727e-05
-1.2341e-05
-2.4115e-06
-1.2149e-05
-1.0082e-05
-2.0065e-06
-1.1765e-05
-8.7931e-06
-7.6801e-06
-1.7557e-05
-1.2557e-05
-6.2085e-06
-4.0281e-06
-3.0048e-06
-7.8004e-06
-1.2013e-05
-7.4826e-06
6.5492e-06
1.7928e-06
-2.087e-06
-6.4625e-06
-2.0069e-05
1.1599e-07
-5.0116e-06
-4.5192e-05
-2.7223e-05
1.708e-05
7.8416e-06
-5.6424e-05
-5.1615e-05
3.855e-05
8.1723e-06
-8.2892e-05
-1.9135e-05
6.1723e-05
-2.5963e-05
-0.00012965
-1.9228e-05
0.00012596
2.3232e-06
-0.00018739
-0.0001158
8.2056e-05
3.7629e-05
-0.00012187
-4.4301e-06
0.00011241
-3.5166e-05
-6.9325e-05
0.00012186
0.00012181
-0.00012851
-0.00011799
2.129e-05
-7.5378e-05
-4.3596e-06
0.00015962
-1.0127e-05
-0.00019169
6.9494e-05
0.00018962
-0.00019532
1.5216e-05
0.00023288
-0.00045764
-0.00027925
0.00062385
0.00030834
-0.00041976
-6.5453e-05
0.00042473
-9.4963e-05
-0.00019406
0.00040839
3.4213e-05
-0.00039719
-3.7463e-05
7.7629e-05
0.00010007
0.0002878
8.3539e-05
-0.00041671
-0.00029176
0.00027755
0.00026563
-0.00010381
-0.00062004
-0.00041733
0.0010534
0.0010484
-0.00094024
-0.0011402
0.0011298
0.0014645
-0.0010463
-0.0012203
0.0009053
0.00033443
-0.0011569
0.00046821
0.0015669
-0.0010864
-0.0021657
0.00092527
0.0022788
-0.00048998
-0.002447
-0.00072588
0.0016604
0.0014678
-0.00017802
-0.00090153
-0.00054464
-5.452e-05
-6.3801e-05
0.00016964
0.00043055
-0.00056624
-0.0014253
-0.00030583
0.0016206
0.0009972
-0.0013856
-0.0012564
0.00011306
0.00035674
0.00044595
0.00018967
-0.00054161
-0.00072641
0.00015957
0.0014796
0.0016558
0.00019048
-0.0012985
-0.00049202
0.0015715
0.00096705
-0.0009522
-0.00050767
-2.9929e-05
-0.00077496
4.2559e-05
0.0012774
-0.00016266
-0.0019086
0.00014867
0.0025731
0.00011966
-0.0025308
0.00028012
0.002976
0.00093892
-0.0003697
0.00061906
0.00015609
-0.00011771
0.0012086
0.00089463
-0.0014749
-0.0021553
-0.00088278
0.00030522
0.0018699
0.0010904
-0.0030055
-0.0030468
0.0018591
0.0028426
-0.0011663
-0.0024694
0.00010749
0.00063387
-0.00078464
0.00044932
0.0019355
8.176e-05
-0.001496
0.00013792
0.0012275
-0.00029388
-0.0005379
0.00027166
-0.0011939
-0.0015574
0.0011832
0.0015633
-0.00054756
4.4331e-05
0.0007923
-0.0010757
-0.00091173
0.0010539
-0.00019568
-0.0018189
0.0002992
0.0020991
0.00077885
-0.0013681
-0.0024165
-0.0013782
0.00061262
0.00092866
-0.0010033
-0.0021129
0.00074219
0.0030937
0.00065432
-0.00032162
0.0024517
0.00091544
-0.0034274
-0.00033452
0.0046159
0.0012374
-0.0029322
0.00017463
0.0037952
0.00048087
-0.0023045
0.0019364
0.0032381
-0.0019913
-0.0028258
0.0014822
0.00097878
-0.00092979
0.0012398
-8.7374e-06
-0.0029703
0.00011637
0.0037479
-9.75e-05
-0.004354
0.00049648
0.0036834
-0.0014848
-0.0027772
0.0016209
0.0024315
-0.00083927
-0.00071469
0.0015173
-0.0024936
-0.0062173
-0.00056305
0.0053509
0.00027667
-0.0068453
-0.0016855
0.0049099
0.0014421
-0.0014072
-9.6039e-05
-0.0019115
-0.003593
0.00028889
0.0014743
-0.0029418
-0.0031363
0.00099157
0.0029995
0.001884
0.00031958
0.00035865
0.0013063
0.0022054
0.001636
-0.0013513
-0.0036106
-0.0001025
0.0051772
0.0039621
-0.00032766
-0.0019652
-0.00062766
0.0019692
0.0022514
0.00069826
-0.0011487
-0.0015322
0.0011887
0.0026073
0.00078503
-0.00094732
-0.0006305
-0.00061425
-0.0028132
-0.0039311
-0.0021193
0.00024659
0.00022245
0.00033289
0.0025524
0.0010788
-0.0024095
0.00067806
0.0048741
0.00087562
-0.0043202
-0.0037857
1.1261e-05
0.0027034
0.0011613
-0.00011549
0.00065114
0.00040135
0.00021279
0.0017972
0.0025339
-0.0019934
-0.0049391
-0.0014989
0.00092222
0.0008544
0.00076666
-0.00045778
-0.0034666
-0.0032285
0.0011993
0.00065239
-0.0040604
-0.0034176
0.0018056
0.0040108
0.0012875
-0.00044046
0.0017906
0.0021378
-0.00086854
-0.0015098
-0.0011417
-0.0029479
-0.0030273
-0.00023142
0.0023412
0.0034046
0.0018177
-0.0020907
-0.001141
0.005451
0.00488
-0.0025197
-0.0035806
0.00069609
0.00022273
-0.0015826
0.0033108
0.0046427
-0.0017004
-0.0031378
0.0019993
0.0039897
-0.0021909
-0.0044899
0.0012295
0.0019741
0.00065739
0.0021123
0.0009056
-0.001137
0.0013586
0.0022458
-0.0040833
-0.0048192
0.00065542
0.00030169
-0.00026635
0.0032958
0.0025127
-0.0028838
-0.0027504
0.0025068
0.0035507
-0.0015397
-0.0058481
-0.0040054
-0.00064633
0.00074741
0.0012733
0.0010981
0.00060702
-0.00032925
4.6983e-05
0.0019809
0.0043011
0.0038011
-0.0019623
-0.0036256
0.00089421
0.0022092
0.00062077
-0.00031501
-0.00061317
-0.0016631
-0.0023386
-0.00027319
0.00048151
-0.0020338
-0.0027076
0.0021288
0.0059479
0.0013446
-0.0048527
-0.0037596
0.00099598
0.00048969
-0.0022678
-0.0018742
-0.0013828
0.00028257
0.0038246
0.0057658
0.0013429
-0.0042124
-0.0018472
-0.00072906
-0.0032306
-0.0010663
0.0010512
-0.002217
-0.0027387
0.0050539
0.0078204
0.00067741
-0.0033353
0.00022771
0.0043814
0.004165
0.0047725
0.0062654
0.0025574
-0.0023922
-0.0016436
0.0038905
0.0021997
-0.0063496
-0.0075687
-0.0024327
0.0019562
0.0019413
-0.00083638
-0.0033338
-0.003663
0.0038787
0.0086716
-0.00052162
-0.0078301
-0.00078677
0.0042487
-0.0022422
-0.0019948
0.003573
-0.0020405
-0.0084049
-0.0033145
0.0025236
0.00011736
-0.0022648
-0.00056138
0.00091769
0.0013331
0.0021069
0.003902
0.0046706
0.0020668
-0.0015725
0.00078103
0.005667
0.006156
0.0051735
0.00096702
-0.00095121
0.0062674
0.0074559
-0.002727
-0.007068
-0.00051426
0.0030469
0.00086694
0.00043537
-0.00078907
-0.0037768
-0.0058574
-0.0035675
0.0017373
-0.0016276
-0.0058676
0.0028402
0.0086893
0.0023621
0.00081694
0.0050601
-0.00012051
-0.0076061
-0.0047733
-0.0012856
-0.0045153
-0.0049473
0.00092179
0.0030567
-0.00064991
0.00089613
0.0076248
0.0049711
-0.0054502
-0.0049749
0.0048785
0.005078
-0.0018803
-0.0013234
0.0031903
0.0026211
-0.0012009
-0.0016768
-0.00053186
-0.0019774
-0.0021795
4.4056e-06
0.0023965
0.00020808
-0.0027206
0.0025666
0.0052668
9.5398e-05
-0.0030716
-0.0014315
0.0011979
0.0018175
0.0017583
0.0030791
0.0061169
0.0056925
0.0020588
0.0038224
0.00719
0.002476
-0.0050167
-0.0045222
-0.0025894
-0.0050092
-0.0036321
0.00048479
5.7049e-06
-0.0031471
-0.00039097
0.00558
0.0035885
-0.0015088
-0.000462
0.0047672
0.0075152
0.0023898
-0.0047537
-0.0040502
0.0012255
0.001798
-0.00084274
-0.0018511
-0.0048184
-0.0065556
-0.002951
-0.0012385
-0.0011921
0.00090473
0.0017841
0.00037387
0.0008951
0.0043117
0.0014684
-0.0051904
-0.0011877
0.0058338
0.0026999
-0.0016289
0.0023803
0.0069013
0.0011052
-0.0046384
0.0032875
0.010067
0.0029156
-0.0053192
-0.0036494
0.00057597
-0.00062884
-0.0010839
0.00050424
-0.00037574
0.00083672
0.0023504
-0.00078578
-0.0011921
0.0047011
0.006032
-0.0014459
-0.0043687
-0.0003099
-0.0024291
-0.008675
-0.0062621
8.8868e-05
-0.0026045
-0.0073122
-0.0042559
0.00040935
-0.00057367
-0.0031854
0.0014781
0.0068133
0.0052059
-9.9724e-05
-0.0045913
-0.0017284
0.0032532
0.0017382
-0.0040084
-0.0061953
-0.0018041
-2.7987e-05
-0.0011694
-0.00099723
-0.0019792
-0.0023037
-0.0030837
-0.0029255
0.0017265
0.0042733
-0.00065543
-0.0052812
0.00038076
0.0085211
0.0068875
0.0011711
0.00032296
0.0017137
0.0012646
0.00045604
-0.00034919
-0.0026106
-0.0043365
-0.0034509
9.4698e-05
0.0017862
-0.0036177
-0.0077616
-0.0054812
-0.0040575
-0.0043425
-0.0061582
-0.0083477
-0.0039264
0.0042874
0.0046376
0.0011015
0.0023223
-0.00061465
-0.0035822
0.0033551
0.0049023
-0.005148
-0.0083534
0.0020584
0.0078532
-0.00058281
-0.0081357
-0.0039524
0.0016792
-0.00093072
-0.003408
0.0011942
0.0040649
0.00054036
9.0022e-05
0.0033512
0.0012915
-0.0036756
-0.0034063
9.2208e-05
-0.001804
-0.0060433
-0.0055469
-0.0033199
-0.00051211
0.0019828
0.0027936
0.0037642
0.001368
0.00021336
0.0048667
0.0019527
-0.0061905
-0.0035217
0.0045729
0.0055234
0.0013782
0.0007813
0.0035476
0.0023171
-0.0024117
-0.0038211
-0.0021187
-0.0035024
-0.008516
-0.0073626
0.0005027
0.0027153
-0.0021018
-0.0061688
-0.00338
0.00081971
-0.0021992
-0.0062687
-0.0056117
-0.00080535
0.0037463
0.0051011
0.0056873
0.0022228
-0.0033647
-0.0035418
2.5009e-05
0.0031281
0.0037949
-0.0011083
-0.0064033
-0.00084916
0.0078403
0.0064578
0.00014975
-0.00097736
0.0031309
0.0045894
0.0038864
0.0062832
0.0070768
0.0036883
0.003244
0.007205
0.0058259
-0.0020989
-0.0017434
0.0081888
0.010183
0.0023603
-0.0012126
0.0013398
-1.6869e-07
-0.0031069
0.0002842
0.0011741
-0.0048488
-0.0039464
0.0043873
0.0053666
-0.00023522
0.0003677
0.004064
0.0023681
0.0019763
0.0049735
0.0020692
-0.0043134
-0.0022335
0.0062012
0.005835
-0.0019761
-0.0027574
0.00091493
-0.00018251
-0.0032031
-0.00093439
0.0055554
0.0088276
0.0092053
0.0092841
0.0064444
0.0027328
0.00092208
0.00086306
0.0026368
0.0037703
0.0030343
0.00017685
-0.0011938
0.0033211
0.0068166
0.0012835
-0.0073124
-0.0054216
0.001197
-0.0014317
-0.0046146
-0.002423
-0.0017761
-0.0012898
0.0016889
0.0028173
-0.0015429
-0.0060897
-0.0052591
-0.002079
0.00019295
-0.0001465
-0.0022714
-0.0011374
0.002747
0.0028679
-0.0010496
-0.00077743
0.0046191
0.0049537
-0.00095047
-0.0021439
0.0041328
0.0074157
0.0041081
0.0021255
0.0026022
-0.00043658
-0.0054952
-0.0054632
-0.0045794
-0.01018
-0.015954
-0.017362
-0.015077
-0.0094347
-0.0072302
-0.01175
-0.013571
-0.0049787
0.0037413
0.0012138
-0.0046361
-0.0014384
0.0089978
0.015783
0.015174
0.013127
0.016477
0.022665
0.025177
0.026636
0.030452
0.034068
0.034296
0.031508
0.031239
0.034348
0.031569
0.021984
0.017915
0.021151
0.019429
0.010632
0.0055398
0.0054109
0.0023646
-0.0037272
-0.0061379
-0.0019608
0.0033762
0.0038398
0.00086532
-0.00056728
0.0014452
0.0054818
0.01032
0.01503
0.018126
0.018104
0.017285
0.020955
0.028132
0.032381
0.027845
0.016321
0.0073513
0.0055343
0.0025141
-0.010976
-0.02842
-0.039223
-0.036233
-0.02801
-0.034412
-0.049131
-0.056293
-0.052913
-0.048553
-0.05217
-0.057301
-0.058382
-0.054923
-0.052687
-0.054721
-0.053687
-0.04805
-0.041995
-0.036025
-0.029278
-0.02366
-0.019927
-0.019799
-0.023579
-0.024643
-0.01931
-0.012132
-0.010323
-0.012943
-0.012483
-0.0042242
0.0089337
0.014321
0.0095431
0.0052481
0.0079423
0.016372
0.022487
0.020783
0.012254
0.0030585
-0.0025996
-0.0045871
-0.0067975
-0.01327
-0.018139
-0.02006
-0.019139
-0.013483
-0.006662
-0.00082239
0.0017534
0.006858
0.017957
0.02937
0.040363
0.048716
0.055099
0.058787
0.058245
0.062981
0.072239
0.078426
0.082181
0.083662
0.086303
0.089699
0.089286
0.08753
0.083827
0.079171
0.07465
0.068781
0.064119
0.058037
0.050687
0.04377
0.034993
0.026266
0.017784
0.0076208
-0.0031486
-0.015428
-0.031773
-0.049275
-0.061707
-0.064946
-0.061825
-0.060498
-0.065407
-0.073534
-0.080331
-0.083649
-0.082472
-0.080475
-0.076591
-0.065485
-0.053267
-0.045492
-0.038209
-0.031296
-0.027936
-0.03139
-0.042901
-0.052911
-0.05651
-0.051637
-0.033473
-0.015672
-0.0095322
-0.0085635
-0.0063692
-0.0031149
-0.0054672
-0.015305
-0.02608
-0.031908
-0.033186
-0.035874
-0.040033
-0.040891
-0.040164
-0.038549
-0.035921
-0.034094
-0.031511
-0.031015
-0.034026
-0.039958
-0.047627
-0.050427
-0.049218
-0.046781
-0.042988
-0.037002
-0.027338
-0.0177
-0.0079053
0.00029967
0.0063614
0.016996
0.030219
0.042001
0.046529
0.049256
0.058475
0.06416
0.066772
0.062071
0.048183
0.037698
0.026427
0.01231
-0.0019519
-0.018869
-0.032351
-0.026027
-0.0059472
-9.6764e-06
-0.013724
-0.039931
-0.06683
-0.082119
-0.085735
-0.0785
-0.064791
-0.053698
-0.050287
-0.054116
-0.060471
-0.06952
-0.080309
-0.091334
-0.11288
-0.13452
-0.14992
-0.16823
-0.17462
-0.17677
-0.18413
-0.18309
-0.17529
-0.15606
-0.13055
-0.11413
-0.099627
-0.074782
-0.039146
-0.0020609
0.016002
0.019648
0.057625
0.11096
0.13793
0.1344
0.092516
0.078589
0.10593
0.12256
0.1353
0.14403
0.16048
0.18319
0.19935
0.21037
0.20754
0.20702
0.20832
0.20617
0.20561
0.19565
0.1885
0.18882
0.18647
0.18314
0.17306
0.15514
0.13756
0.12097
0.10682
0.099802
0.095242
0.091157
0.086451
0.079813
0.074025
0.064405
0.05498
0.049058
0.040579
0.030289
0.019147
0.007762
-0.0015591
-0.0075986
-0.013371
-0.020475
-0.027796
-0.034917
-0.040068
-0.045727
-0.051466
-0.056665
-0.065865
-0.077973
-0.092275
-0.10863
-0.12151
-0.13123
-0.13907
-0.13931
-0.13306
-0.12393
-0.11159
-0.099022
-0.08849
-0.078528
-0.067134
-0.056302
-0.049022
-0.044101
-0.03875
-0.031681
-0.023051
-0.011258
0.0019355
0.013211
0.023045
0.029998
0.034517
0.037168
0.035368
0.029852
0.023925
0.0199
0.019769
0.022589
0.024968
0.028777
0.033102
0.035991
0.039213
0.039981
0.039874
0.041041
0.04089
0.038155
0.0336
0.030467
0.029742
0.033407
0.041311
0.049754
0.057693
0.06245
0.063064
0.061089
0.057986
0.055047
0.04991
0.042104
0.032335
0.018562
0.003829
-0.0075596
-0.013325
-0.014458
-0.013999
-0.009463
-0.0040377
-0.0014191
-0.0052778
-0.015613
-0.020996
-0.024118
-0.026803
-0.025563
-0.02243
-0.01594
-0.010448
-0.008989
-0.011849
-0.019664
-0.028907
-0.034335
-0.035474
-0.035479
-0.036351
-0.039852
-0.047751
-0.059238
-0.067038
-0.0727
-0.079994
-0.086513
-0.09551
-0.10526
-0.11107
-0.11394
-0.1102
-0.096083
-0.072167
-0.043135
-0.026081
-0.023991
-0.026342
-0.031608
-0.035454
-0.038637
-0.041587
-0.03888
-0.033718
-0.028312
-0.021369
-0.013958
-0.0035447
0.01082
0.025096
0.039031
0.051687
0.062418
0.075171
0.088973
0.101
0.11046
0.11481
0.11379
0.10993
0.1049
0.099907
0.09669
0.096862
0.10069
0.10674
0.11293
0.11592
0.11452
0.10799
0.093487
0.077584
0.066401
0.057225
0.050547
0.044301
0.036537
0.029092
0.020768
0.012063
0.0022189
-0.0087081
-0.018959
-0.031151
-0.041974
-0.050737
-0.062802
-0.076891
-0.090962
-0.10001
-0.10238
-0.10051
-0.095011
-0.093003
-0.09568
-0.099099
-0.1026
-0.10476
-0.1071
-0.11011
-0.11299
-0.11398
-0.11069
-0.10504
-0.098798
-0.093287
-0.090544
-0.089714
-0.085901
-0.075107
-0.059731
-0.042824
-0.02701
-0.016572
-0.011007
-0.0091031
-0.0092759
-0.0076424
-0.0073928
-0.0092433
-0.0094537
-0.0072756
0.00093032
0.012014
0.021541
0.031927
0.03975
0.043418
0.045883
0.047197
0.048148
0.050794
0.055213
0.059286
0.061756
0.060782
0.056645
0.054146
0.05537
0.06023
0.065857
0.070596
0.075824
0.078726
0.081234
0.082226
0.078608
0.073711
0.065379
0.056023
0.047555
0.039457
0.035065
0.032062
0.030601
0.030687
0.030816
0.033559
0.038132
0.042173
0.044652
0.043938
0.042458
0.0434
0.044835
0.045377
0.041892
0.032636
0.021364
0.0076908
-0.0074806
-0.021493
-0.034359
-0.04193
-0.043478
-0.042802
-0.041818
-0.04313
-0.046321
-0.048991
-0.050583
-0.051489
-0.054909
-0.059814
-0.064761
-0.072874
-0.079882
-0.085382
-0.089536
-0.087518
-0.083163
-0.078828
-0.075313
-0.071575
-0.067871
-0.068712
-0.072811
-0.077588
-0.076257
-0.065688
-0.051889
-0.037823
-0.025151
-0.014585
-0.003886
0.0059458
0.01246
0.017484
0.021213
0.022998
0.025492
0.029757
0.03478
0.039178
0.042693
0.0465
0.051549
0.05762
0.063608
0.068415
0.072394
0.075828
0.077207
0.076466
0.07353
0.068653
0.062986
0.057219
0.052365
0.04872
0.045653
0.042365
0.038943
0.033974
0.030362
0.029147
0.02728
0.026303
0.022447
0.018502
0.015579
0.012654
0.014757
0.010557
0.0064294
0.0078803
-0.00015004
-0.0083198
-0.01611
-0.025544
-0.027452
-0.030837
-0.034277
-0.034596
-0.033906
-0.027479
-0.025238
-0.031638
-0.039143
-0.046921
-0.055767
-0.063508
-0.068328
-0.073074
-0.076159
-0.077218
-0.078646
-0.078726
-0.079585
-0.078684
-0.075976
-0.076325
-0.07601
-0.07431
-0.069921
-0.060473
-0.049683
-0.039551
-0.029715
-0.019089
-0.0089848
0.0011504
0.010855
0.01764
0.023706
0.027432
0.030306
0.035083
0.039292
0.045077
0.052706
0.061871
0.071339
0.079243
0.089037
0.097425
0.10354
0.10998
0.11264
0.11275
0.11097
0.10652
0.10138
0.095028
0.090549
0.090127
0.089617
0.085913
0.080128
0.073798
0.067031
0.0622
0.060276
0.0591
0.057708
0.05487
0.049074
0.040445
0.032195
0.025226
0.018354
0.012509
0.0090826
0.0079396
0.0043791
-0.00031949
-0.0042047
-0.0099505
-0.013833
-0.015434
-0.016777
-0.018214
-0.020406
-0.020153
-0.01978
-0.022488
-0.026597
-0.031026
-0.031027
-0.027912
-0.02575
-0.022448
-0.017659
-0.01181
-0.0074426
-0.0072694
-0.010818
-0.015534
-0.019056
-0.021138
-0.021978
-0.023238
-0.025517
-0.029038
-0.033819
-0.036725
-0.036474
-0.033886
-0.030051
-0.027506
-0.026657
-0.027128
-0.028249
-0.029352
-0.031733
-0.0339
-0.035238
-0.036505
-0.037775
-0.039152
-0.038964
-0.037803
-0.035579
-0.031973
-0.027347
-0.020239
-0.01259
-0.0066922
-0.0032529
-0.0019279
0.00036762
0.0046754
0.0089083
0.010852
0.0094358
0.0049286
0.0017418
0.0050713
0.011937
0.017041
0.017438
0.012666
0.0070775
0.0024291
-0.001272
-0.0024724
-0.0015367
0.00023056
0.00081589
0.00020791
-0.0016028
-0.004968
-0.0073909
-0.010317
-0.014759
-0.019055
-0.02357
-0.025963
-0.025982
-0.025626
-0.026265
-0.028717
-0.030889
-0.03295
-0.034128
-0.034813
-0.037574
-0.040174
-0.041569
-0.041521
-0.039442
-0.036918
-0.035367
-0.033915
-0.031853
-0.030106
-0.027467
-0.024667
-0.023302
-0.022621
-0.023159
-0.023833
-0.022666
-0.020998
-0.018201
-0.014386
-0.011844
-0.0092864
-0.0086123
-0.0072459
-0.003391
-0.0019018
0.00061007
0.003402
0.0055172
0.01005
0.014551
0.018608
0.021406
0.022925
0.02465
0.026421
0.029316
0.032905
0.035461
0.037301
0.038799
0.040384
0.043146
0.045175
0.045114
0.044228
0.042828
0.041364
0.040128
0.038359
0.035286
0.030943
0.025443
0.020473
0.018043
0.015437
0.012098
0.0096265
0.0057965
0.0014415
-0.0037121
-0.011432
-0.018495
-0.024427
-0.029613
-0.03356
-0.03756
-0.040822
-0.043483
-0.046274
-0.048613
-0.050494
-0.051028
-0.05
-0.048882
-0.048008
-0.04688
-0.045851
-0.04547
-0.046308
-0.048343
-0.049774
-0.050737
-0.05212
-0.052323
-0.051469
-0.04912
-0.044952
-0.042079
-0.041191
-0.041007
-0.040333
-0.038218
-0.035806
-0.034057
-0.032588
-0.030221
-0.025743
-0.019935
-0.014525
-0.010499
-0.0072406
-0.0019734
0.0051753
0.012251
0.018485
0.023671
0.02959
0.035863
0.042523
0.049573
0.055124
0.059643
0.062483
0.063728
0.06419
0.064182
0.064943
0.066271
0.068273
0.069088
0.066426
0.061386
0.055075
0.047642
0.038049
0.027265
0.01776
0.011011
0.0066804
0.0025434
-0.001919
-0.00665
-0.010501
-0.01333
-0.016626
-0.020513
-0.025177
-0.030265
-0.035939
-0.041634
-0.045613
-0.047114
-0.046083
-0.044743
-0.044253
-0.043948
-0.044721
-0.045034
-0.044459
-0.043371
-0.039776
-0.036015
-0.033414
-0.030912
-0.027191
-0.02145
-0.015905
-0.0090905
-0.0011904
0.0048398
0.0085906
0.010512
0.012212
0.013285
0.013864
0.014216
0.013632
0.013165
0.013266
0.01404
0.015103
0.015134
0.013465
0.010653
0.0083408
0.0084057
0.010092
0.012148
0.014441
0.016327
0.016939
0.01544
0.013555
0.012823
0.013685
0.014989
0.015139
0.01618
0.019084
0.023536
0.028296
0.032402
0.036149
0.038313
0.038864
0.038114
0.035831
0.033013
0.030563
0.027686
0.023608
0.018705
0.013299
0.0075609
0.0017532
-0.0025297
-0.005263
-0.0073344
-0.0096912
-0.013773
-0.018789
-0.024731
-0.029113
-0.03259
-0.037085
-0.039786
-0.043577
-0.048623
-0.053033
-0.055705
-0.056852
-0.057562
-0.055632
-0.055628
-0.052277
-0.044698
-0.042926
-0.039515
-0.035167
-0.030649
-0.02213
-0.017037
-0.011962
-0.0071236
-0.0038218
0.0018811
0.0067229
0.012376
0.017811
0.021637
0.026183
0.029936
0.034316
0.038394
0.040552
0.04307
0.044544
0.045257
0.047066
0.049253
0.051943
0.053758
0.054081
0.054858
0.056808
0.058883
0.059691
0.057908
0.054453
0.053313
0.054341
0.054922
0.054248
0.051909
0.049574
0.046792
0.042781
0.038601
0.033305
0.026513
0.018908
0.011875
0.0061604
0.0010556
-0.0035508
-0.007959
-0.012387
-0.016752
-0.021562
-0.026713
-0.031499
-0.035079
-0.03688
-0.037555
-0.036972
-0.034943
-0.03289
-0.031547
-0.031545
-0.032635
-0.032755
-0.032044
-0.031471
-0.031345
-0.032029
-0.031888
-0.030594
-0.028525
-0.025669
-0.023634
-0.022109
-0.02044
-0.01837
-0.015718
-0.012528
-0.0077547
-0.002974
2.2065e-05
0.0012238
0.00074048
0.00016464
0.00075073
0.0022008
0.0047293
0.0082548
0.01208
0.016861
0.020534
0.021199
0.020715
0.019296
0.018213
0.019259
0.021252
0.022348
0.021241
0.018556
0.015592
0.012644
0.01003
0.0073209
0.004943
0.0049744
0.0066984
0.0079359
0.0081045
0.0074645
0.0065939
0.0061432
0.0057977
0.0043563
0.001454
-0.0032171
-0.0071613
-0.007346
-0.0057989
-0.0051078
-0.0064983
-0.0092117
-0.011082
-0.011949
-0.012828
-0.014563
-0.016723
-0.018574
-0.019942
-0.01923
-0.015228
-0.0097923
-0.0055551
-0.0047366
-0.0070069
-0.0097237
-0.011892
-0.01298
-0.013555
-0.014035
-0.014769
-0.017246
-0.020286
-0.023175
-0.025789
-0.027075
-0.028006
-0.028702
-0.029291
-0.031391
-0.034491
-0.037755
-0.039892
-0.040157
-0.041072
-0.043079
-0.044657
-0.044248
-0.041234
-0.03778
-0.035006
-0.033117
-0.031915
-0.030776
-0.03044
-0.030553
-0.029351
-0.026707
-0.023493
-0.019816
-0.016035
-0.012589
-0.0095323
-0.0060738
-0.0010093
0.0048532
0.010237
0.015071
0.019848
0.025148
0.03066
0.035944
0.041036
0.045483
0.048906
0.051791
0.054347
0.056629
0.058596
0.059849
0.061437
0.063237
0.064769
0.067348
0.06906
0.068321
0.065875
0.061638
0.057069
0.052927
0.050054
0.048827
0.04722
0.045357
0.042487
0.038433
0.033753
0.029246
0.026038
0.021354
0.017888
0.015671
0.010896
0.006037
0.0015217
-0.001938
-0.0047745
-0.0075826
-0.010106
-0.013267
-0.015147
-0.016457
-0.018029
-0.018887
-0.019912
-0.020465
-0.019316
-0.016665
-0.013265
-0.010754
-0.0089575
-0.00613
-0.0029176
-0.00019583
0.0030676
0.0073127
0.011427
0.015019
0.017626
0.018756
0.019524
0.020676
0.022471
0.024454
0.025613
0.026291
0.027279
0.028793
0.030616
0.032059
0.032951
0.033889
0.034815
0.035609
0.035939
0.035077
0.033422
0.031593
0.030402
0.029902
0.029122
0.028515
0.028352
0.028019
0.027453
0.02676
0.025838
0.02474
0.024054
0.023305
0.021157
0.018392
0.015895
0.013783
0.012955
0.012038
0.0102
0.0084723
0.0066225
0.0051359
0.0037566
0.0014732
-0.0017516
-0.0051638
-0.0076178
-0.009678
-0.012259
-0.015203
-0.018328
-0.021215
-0.023366
-0.025632
-0.028088
-0.029636
-0.029907
-0.028466
-0.026611
-0.024883
-0.022491
-0.020722
-0.020363
-0.021447
-0.023314
-0.024875
-0.025807
-0.026031
-0.026225
-0.026915
-0.02767
-0.028039
-0.027882
-0.027308
-0.02666
-0.026038
-0.025881
-0.025834
-0.025181
-0.024433
-0.023399
-0.022505
-0.022229
-0.02249
-0.02297
-0.021398
-0.01812
-0.015061
-0.012052
-0.0087707
-0.0053573
-0.0026105
5.7718e-05
0.0025143
0.0039318
0.0050709
0.0055039
0.0058484
0.0065249
0.0057366
0.0044286
0.0048736
0.0062349
0.0074105
0.0075574
0.0057887
0.0037343
0.0020497
0.0013786
0.0019645
0.0013591
-0.00086579
-0.0047532
-0.0094969
-0.013031
-0.015086
-0.015156
-0.013951
-0.012955
-0.01276
-0.013775
-0.014521
-0.013346
-0.010191
-0.006245
-0.003132
-0.0019447
-0.0019471
-0.0015608
-0.00092876
0.0011342
0.0029606
0.0030103
0.0048147
0.0067998
0.0079855
0.0094058
0.0096378
0.0095244
0.0096228
0.010752
0.012735
0.015361
0.018646
0.020201
0.020844
0.02143
0.021967
0.02298
0.022894
0.022487
0.021715
0.020245
0.019996
0.01993
0.019453
0.018183
0.015205
0.01279
0.011906
0.011697
0.011727
0.010236
0.0074377
0.0053941
0.0038487
0.001933
-0.00065705
-0.003748
-0.0065846
-0.0092528
-0.011336
-0.012331
-0.013118
-0.013987
-0.015395
-0.016954
-0.017381
-0.017239
-0.017077
-0.017748
-0.020267
-0.023159
-0.024783
-0.024956
-0.024169
-0.023857
-0.02429
-0.02513
-0.026155
-0.025757
-0.023859
-0.02132
-0.019124
-0.018806
-0.019524
-0.01939
-0.017981
-0.015551
-0.012511
-0.0097496
-0.0067755
-0.0026674
0.0018296
0.0057395
0.0081831
0.0095706
0.011225
0.013448
0.01675
0.020866
0.024346
0.027378
0.029463
0.030854
0.033369
0.036303
0.039391
0.041691
0.042657
0.043171
0.043307
0.044537
0.04592
0.04635
0.046955
0.047425
0.047043
0.046386
0.046154
0.045567
0.045461
0.045401
0.04458
0.042754
0.039358
0.037294
0.035107
0.032023
0.029671
0.026364
0.023032
0.018937
0.0141
0.010363
0.0068603
0.003145
-0.00088073
-0.0046728
-0.008099
-0.011703
-0.015613
-0.019364
-0.022896
-0.026436
-0.029608
-0.032958
-0.036199
-0.038719
-0.041036
-0.043842
-0.046302
-0.04764
-0.048007
-0.047975
-0.049716
-0.052913
-0.056633
-0.059498
-0.061074
-0.063118
-0.064721
-0.06697
-0.069725
-0.07093
-0.07194
-0.073292
-0.07408
-0.074235
-0.07419
-0.074048
-0.074655
-0.075835
-0.076627
-0.077323
-0.076917
-0.075478
-0.074069
-0.072122
-0.070431
-0.069046
-0.06688
-0.064908
-0.063016
-0.061012
-0.059519
-0.057845
-0.056539
-0.055482
-0.054132
-0.052982
-0.051359
-0.04894
-0.045698
-0.042585
-0.039962
-0.036759
-0.032977
-0.028393
-0.023797
-0.019819
-0.016445
-0.01355
-0.0097374
-0.0052927
-0.0010553
0.0022353
0.0054479
0.0094507
0.013153
0.017452
0.021031
0.02363
0.02727
0.031242
0.035583
0.039945
0.042975
0.044916
0.047177
0.049468
0.052301
0.055724
0.058557
0.061983
0.064504
0.066295
0.068714
0.070783
0.072975
0.074099
0.075202
0.076925
0.077526
0.078123
0.077979
0.077522
0.077577
0.076313
0.074579
0.07282
0.070982
0.06891
0.06653
0.066257
0.065228
0.0619
0.061084
0.06044
0.057723
0.055485
0.053254
0.050467
0.047723
0.04613
0.044602
0.042397
0.040521
0.037404
0.033601
0.030455
0.027523
0.025047
0.021866
0.017912
0.013949
0.0096781
0.0060098
0.0019564
-0.0030351
-0.0075844
-0.011856
-0.014861
-0.017372
-0.020601
-0.023604
-0.027134
-0.030777
-0.033555
-0.035947
-0.03895
-0.042054
-0.045016
-0.04852
-0.05077
-0.052729
-0.055127
-0.056815
-0.058977
-0.060942
-0.062625
-0.064096
-0.063982
-0.063601
-0.06327
-0.062195
-0.060784
-0.058584
-0.056369
-0.054653
-0.052737
-0.051394
-0.050245
-0.048588
-0.047404
-0.045643
-0.042305
-0.037961
-0.031957
-0.025709
-0.020617
-0.01652
-0.013421
-0.0097473
-0.0052201
-2.043e-05
0.0059481
0.011268
0.015773
0.020234
0.024482
0.028738
0.032545
0.035444
0.038294
0.040158
0.041527
0.042811
0.042319
0.042582
0.043958
0.044529
0.046111
0.047006
0.045992
0.044687
0.043302
0.043539
0.043537
0.042031
0.040919
0.038761
0.036539
0.034612
0.032419
0.030896
0.02876
0.026692
0.024637
0.022635
0.019784
0.01585
0.015159
0.014366
0.010113
0.006786
0.0054025
0.0031476
-0.00030966
-0.0034235
-0.0070174
-0.010758
-0.013634
-0.016492
-0.019372
-0.021848
-0.023592
-0.024684
-0.025589
-0.027016
-0.028077
-0.028269
-0.028712
-0.030028
-0.032405
-0.033427
-0.033375
-0.03306
-0.0324
-0.032776
-0.032206
-0.031708
-0.031696
-0.030954
-0.030567
-0.030979
-0.031556
-0.031443
-0.032429
-0.032749
-0.032386
-0.033065
-0.033227
-0.034154
-0.035034
-0.03563
-0.036569
-0.036834
-0.037201
-0.037445
-0.03835
-0.03965
-0.039158
-0.038843
-0.039336
-0.038589
-0.037603
-0.036962
-0.036443
-0.03627
-0.035268
-0.033712
-0.0325
-0.030978
-0.029364
-0.027793
-0.025965
-0.02405
-0.021974
-0.01962
-0.017121
-0.014286
-0.010922
-0.0078162
-0.0047359
-0.0017002
0.0013128
0.0048558
0.0076065
0.0097479
0.011696
0.013124
0.01462
0.015984
0.017509
0.019466
0.021072
0.022642
0.024187
0.025579
0.02741
0.028864
0.031108
0.034247
0.036735
0.039333
0.041283
0.042765
0.044017
0.045033
0.046743
0.048878
0.051605
0.053125
0.052896
0.052977
0.053872
0.055299
0.055847
0.055908
0.056937
0.058214
0.059263
0.059995
0.06053
0.060295
0.059006
0.057969
0.056654
0.054569
0.052735
0.051027
0.049755
0.049311
0.048384
0.046467
0.043679
0.040292
0.037261
0.03521
0.034432
0.033388
0.032581
0.031115
0.027531
0.025939
0.023486
0.018895
0.015739
0.012614
0.011083
0.0093828
0.0065455
0.0048773
0.0018568
-0.0015912
-0.0048431
-0.0082897
-0.01225
-0.017972
-0.021777
-0.024718
-0.028812
-0.031556
-0.033759
-0.035324
-0.035634
-0.036214
-0.03762
-0.038547
-0.039984
-0.042461
-0.044244
-0.045369
-0.043904
-0.04158
-0.040857
-0.038795
-0.035444
-0.031178
-0.026699
-0.023395
-0.01973
-0.015978
-0.012952
-0.0098365
-0.0068608
-0.0040941
-0.00093963
0.0022168
0.0054942
0.0094267
0.013522
0.017734
0.022171
0.026274
0.029488
0.031686
0.033795
0.035835
0.036523
0.036492
0.036307
0.035299
0.033886
0.031285
0.027785
0.025147
0.02336
0.022863
0.02131
0.018655
0.016679
0.013427
0.010572
0.0071867
0.0036181
0.0015506
-0.0018107
-0.0043692
-0.0066074
-0.008926
-0.0096636
-0.011193
-0.012606
-0.013547
-0.015694
-0.017892
-0.018963
-0.01911
-0.018991
-0.019242
-0.01933
-0.019024
-0.018636
-0.01792
-0.01695
-0.015406
-0.013662
-0.012259
-0.011125
-0.010768
-0.010316
-0.0091362
-0.0080918
-0.0069266
-0.0055195
-0.0039682
-0.0020595
-0.00052781
0.00047573
0.001278
0.0013478
0.00091508
0.00048748
-0.00015183
-4.8637e-05
0.00089803
0.0010673
0.00026922
-0.00093292
-0.0021529
-0.0028056
-0.0033307
-0.0046338
-0.0064152
-0.0078791
-0.0087612
-0.0099264
-0.011923
-0.013872
-0.015633
-0.017361
-0.018494
-0.019356
-0.02097
-0.022981
-0.024488
-0.025435
-0.025936
-0.026363
-0.026722
-0.027199
-0.027837
-0.02796
-0.028288
-0.028854
-0.02901
-0.029114
-0.028719
-0.027994
-0.027378
-0.026696
-0.026082
-0.025081
-0.02362
-0.022264
-0.021435
-0.021242
-0.021106
-0.020301
-0.01874
-0.016995
-0.015275
-0.0133
-0.010718
-0.0077334
-0.0049972
-0.0025897
-0.00088507
0.0002371
0.0022644
0.0051964
0.0077129
0.0096543
0.011405
0.013154
0.014719
0.016097
0.017677
0.019282
0.020817
0.022368
0.023519
0.023967
0.023962
0.023848
0.02377
0.023646
0.023116
0.022108
0.020902
0.019609
0.017943
0.015735
0.013305
0.01108
0.009306
0.0080421
0.0069325
0.0055704
0.0041427
0.00215
0.00024597
-0.0015758
-0.0041774
-0.0056996
-0.0081472
-0.011264
-0.012071
-0.013356
-0.014579
-0.015289
-0.016969
-0.018321
-0.01959
-0.020751
-0.021692
-0.023143
-0.024609
-0.025553
-0.026327
-0.027042
-0.027542
-0.027792
-0.027438
-0.02706
-0.027092
-0.027065
-0.027258
-0.027156
-0.02653
-0.02592
-0.024607
-0.023138
-0.021926
-0.020193
-0.018535
-0.016715
-0.014497
-0.012492
-0.010313
-0.0082626
-0.0062369
-0.0037452
-0.0015852
0.0011361
0.0051972
0.0089451
0.011806
0.014193
0.016494
0.018964
0.021242
0.023317
0.025284
0.027036
0.028932
0.031169
0.033467
0.035965
0.038422
0.040554
0.042316
0.043447
0.043662
0.043331
0.04304
0.042453
0.042365
0.041964
0.040542
0.039055
0.036733
0.034342
0.031844
0.02921
0.026586
0.023245
0.020407
0.017721
0.015447
0.013386
0.010542
0.0081553
0.0062854
0.0041548
0.001605
-0.00079171
-0.0032408
-0.0057282
-0.0074759
-0.0089514
-0.010284
-0.011385
-0.012436
-0.013395
-0.014236
-0.014966
-0.015691
-0.016347
-0.016977
-0.017207
-0.016899
-0.017058
-0.017689
-0.018287
-0.01858
-0.018132
-0.017379
-0.016713
-0.016192
-0.016101
-0.016178
-0.016193
-0.01623
-0.015692
-0.01466
-0.012822
-0.0095173
-0.0056502
-0.0015368
0.0019641
0.0045339
0.0070671
0.00939
0.011844
0.013922
0.016143
0.019294
0.021732
0.024561
0.028724
0.032789
0.036184
0.03891
0.042167
0.045352
0.047584
0.050207
0.052344
0.053739
0.055363
0.056518
0.057586
0.059084
0.060963
0.062421
0.062749
0.063021
0.062735
0.061981
0.061887
0.060906
0.05886
0.056566
0.054155
0.052016
0.049679
0.047915
0.046232
0.043343
0.040232
0.036571
0.032373
0.028606
0.025091
0.021556
0.017929
0.014361
0.01118
0.0082506
0.0051742
0.0021911
-0.00064523
-0.0033007
-0.0057339
-0.0084303
-0.01127
-0.014197
-0.017069
-0.019404
-0.021616
-0.023466
-0.0246
-0.025998
-0.027672
-0.029493
-0.031842
-0.034374
-0.03681
-0.038864
-0.040933
-0.043245
-0.045244
-0.047033
-0.048357
-0.049137
-0.04978
-0.05059
-0.051915
-0.053144
-0.053777
-0.054338
-0.055086
-0.055806
-0.056341
-0.056522
-0.056587
-0.056957
-0.057573
-0.057882
-0.057456
-0.057345
-0.05743
-0.056834
-0.056345
-0.055743
-0.055009
-0.054318
-0.053265
-0.052034
-0.050716
-0.049598
-0.048433
-0.046922
-0.045665
-0.044283
-0.042401
-0.041173
-0.039527
-0.037701
-0.037095
-0.035673
-0.034348
-0.033046
-0.031133
-0.029554
-0.027135
-0.025043
-0.02299
-0.02125
-0.020236
-0.018909
-0.018085
-0.016314
-0.014016
-0.011957
-0.0091193
-0.0062506
-0.0034317
-0.00040296
0.0018559
0.0031879
0.004824
0.0063075
0.0078027
0.0098299
0.011448
0.012972
0.014516
0.01585
0.016746
0.017298
0.018382
0.019724
0.021132
0.022474
0.023347
0.02446
0.025725
0.027038
0.028602
0.029663
0.030207
0.030138
0.029478
0.028757
0.028127
0.027898
0.028054
0.028517
0.028631
0.02839
0.028803
0.029551
0.030464
0.031306
0.031945
0.032549
0.032533
0.03184
0.030881
0.030376
0.029345
0.028003
0.027824
0.027411
0.027321
0.027275
0.026498
0.02678
0.026976
0.026456
0.025807
0.024809
0.023873
0.022712
0.021368
0.02023
0.018906
0.017567
0.016839
0.016221
0.015562
0.015245
0.014771
0.013912
0.012519
0.010746
0.0092141
0.0077453
0.0063284
0.0050133
0.0034386
0.0021557
0.0012852
0.00016728
-0.0010751
-0.0025862
-0.0043349
-0.0058074
-0.0073427
-0.0089547
-0.010468
-0.012114
-0.013213
-0.013849
-0.014567
-0.014987
-0.015875
-0.016676
-0.016758
-0.017641
-0.018857
-0.020305
-0.02201
-0.022849
-0.023794
-0.025051
-0.026144
-0.027534
-0.028543
-0.029018
-0.029655
-0.030597
-0.03226
-0.034047
-0.034986
-0.035583
-0.036092
-0.036908
-0.038336
-0.039581
-0.040023
-0.039861
-0.039988
-0.04051
-0.040933
-0.040729
-0.039923
-0.039096
-0.038453
-0.037803
-0.036786
-0.036035
-0.035121
-0.033395
-0.031762
-0.030345
-0.028623
-0.026795
-0.025461
-0.023918
-0.022131
-0.02087
-0.019653
-0.018017
-0.016363
-0.015273
-0.014251
-0.012644
-0.010722
-0.0090157
-0.0073647
-0.0055886
-0.0043332
-0.00363
-0.0032349
-0.003096
-0.0029121
-0.0029127
-0.0029528
-0.002758
-0.0025236
-0.0017911
-0.00048728
0.00096517
0.0024186
0.0037576
0.0053045
0.007227
0.0090125
0.010516
0.012214
0.014027
0.015645
0.017269
0.019237
0.021359
0.023431
0.02602
0.028854
0.031449
0.034028
0.036586
0.039416
0.042397
0.045048
0.04724
0.049095
0.050985
0.052697
0.053939
0.054891
0.055277
0.055258
0.056017
0.057087
0.057205
0.057266
0.057733
0.057926
0.058055
0.057462
0.056177
0.055186
0.053742
0.052206
0.05043
0.048137
0.046185
0.043687
0.041396
0.039712
0.037885
0.036114
0.03394
0.031827
0.029537
0.02675
0.024566
0.022366
0.019359
0.016311
0.013583
0.011059
0.0087159
0.0065057
0.0044798
0.0025423
0.0005039
-0.0019087
-0.0042936
-0.0059919
-0.0076267
-0.0093468
-0.010942
-0.012703
-0.014321
-0.015734
-0.017213
-0.018891
-0.020591
-0.02219
-0.023423
-0.024128
-0.025179
-0.026409
-0.0277
-0.029491
-0.030745
-0.03133
-0.031861
-0.032505
-0.033347
-0.033743
-0.03374
-0.033964
-0.034142
-0.033856
-0.033365
-0.033116
-0.033024
-0.032737
-0.032381
-0.032311
-0.032482
-0.032644
-0.032396
-0.031815
-0.031458
-0.031199
-0.030948
-0.030731
-0.030337
-0.029922
-0.02985
-0.030209
-0.030114
-0.029101
-0.027867
-0.026558
-0.025464
-0.025052
-0.024796
-0.024216
-0.023428
-0.022429
-0.021301
-0.020071
-0.018515
-0.01713
-0.015786
-0.014361
-0.013225
-0.011594
-0.010249
-0.0091632
-0.007611
-0.0066828
-0.0056823
-0.0044517
-0.0031772
-0.001691
-0.00054507
0.00083146
0.0024067
0.0041178
0.0060781
0.007767
0.0092999
0.011054
0.012802
0.014433
0.016113
0.017449
0.018698
0.019972
0.020978
0.022138
0.023412
0.024232
0.025018
0.026571
0.027916
0.028699
0.029518
0.030184
0.030621
0.030529
0.030056
0.029307
0.028544
0.028157
0.027817
0.027735
0.027791
0.027526
0.02703
0.026442
0.025738
0.024922
0.023962
0.022731
0.021092
0.01918
0.017715
0.016247
0.014399
0.01272
0.011093
0.0096467
0.0082509
0.0067191
0.0051837
0.0035389
0.0019539
0.00036431
-0.0012652
-0.0026815
-0.0040846
-0.0056417
-0.0070142
-0.007816
-0.0084326
-0.0093508
-0.010503
-0.011631
-0.012318
-0.013165
-0.014336
-0.01507
-0.015474
-0.015677
-0.01589
-0.015979
-0.015612
-0.015116
-0.014522
-0.013747
-0.012874
-0.012019
-0.011207
-0.010603
-0.010101
-0.0095971
-0.0097758
-0.010078
-0.0096789
-0.0089456
-0.0081367
-0.0075793
-0.007245
-0.0070361
-0.0069695
-0.0069034
-0.0073409
-0.0081353
-0.0085039
-0.008612
-0.0088305
-0.0094156
-0.010443
-0.011512
-0.012113
-0.012299
-0.012886
-0.013739
-0.014314
-0.014843
-0.015065
-0.014917
-0.014866
-0.014894
-0.01483
-0.014317
-0.013338
-0.01236
-0.011397
-0.01082
-0.010526
-0.0097037
-0.0086372
-0.0074629
-0.006102
-0.004602
-0.0028281
-0.0011966
0.0004188
0.0023021
0.0041984
0.0059854
0.00739
0.0086339
0.010081
0.01144
0.012882
0.014663
0.016323
0.017928
0.019386
0.020578
0.02212
0.023389
0.024505
0.025577
0.025953
0.026709
0.028005
0.029486
0.030897
0.032087
0.033072
0.03365
0.034645
0.035299
0.035518
0.036031
0.035889
0.035955
0.036429
0.036404
0.036089
0.035541
0.035271
0.035445
0.0353
0.034526
0.033944
0.033622
0.033182
0.033206
0.033177
0.03295
0.033247
0.033423
0.033138
0.032542
0.032135
0.032229
0.03175
0.031119
0.03102
0.030871
0.030244
0.029373
0.029113
0.028558
0.027556
0.027172
0.026484
0.02544
0.025043
0.024484
0.02344
0.022152
0.020129
0.018282
0.016549
0.014738
0.013359
0.011382
0.0094057
0.0078764
0.0060642
0.0041589
0.002063
0.00022041
-0.0016381
-0.0041404
-0.0062452
-0.0081833
-0.010461
-0.012358
-0.014221
-0.01627
-0.017961
-0.019345
-0.020854
-0.022599
-0.024317
-0.025942
-0.027292
-0.028279
-0.029362
-0.03049
-0.031224
-0.031644
-0.032225
-0.032677
-0.032812
-0.033149
-0.033179
-0.033076
-0.033096
-0.032695
-0.032146
-0.031165
-0.030216
-0.029816
-0.029055
-0.027898
-0.026862
-0.026313
-0.025726
-0.024789
-0.023915
-0.022735
-0.021819
-0.021299
-0.020364
-0.019365
-0.018874
-0.018933
-0.018825
-0.018898
-0.019513
-0.01985
-0.020398
-0.021147
-0.021682
-0.022368
-0.022613
-0.022818
-0.023136
-0.02293
-0.023787
-0.025009
-0.025415
-0.02597
-0.026022
-0.026366
-0.027155
-0.02744
-0.027864
-0.027815
-0.027541
-0.027266
-0.026447
-0.026181
-0.026485
-0.026879
-0.027447
-0.027327
-0.026807
-0.026307
-0.025355
-0.024471
-0.023315
-0.022216
-0.021758
-0.020971
-0.020387
-0.019988
-0.019433
-0.019095
-0.018187
-0.017186
-0.016301
-0.015018
-0.014111
-0.013239
-0.012221
-0.011562
-0.010653
-0.0096418
-0.0088518
-0.0077174
-0.0064952
-0.0052282
-0.0034547
-0.0019
-0.0007403
0.00044204
0.0016089
0.0029566
0.0039322
0.0043538
0.0047023
0.0049849
0.0056865
0.0067503
0.0076069
0.0084162
0.0089849
0.0092285
0.0096133
0.0098988
0.010017
0.010025
0.0095574
0.0092275
0.0089374
0.0083536
0.0082976
0.0081133
0.0076849
0.007492
0.0072132
0.00703
0.0068965
0.0066225
0.0057858
0.0050878
0.0044905
0.0034762
0.0033041
0.0034026
0.0032382
0.0032096
0.0032645
0.003631
0.0040434
0.0046847
0.0051852
0.005195
0.0056774
0.0066856
0.0078242
0.0089496
0.009642
0.010188
0.011083
0.0122
0.013551
0.014626
0.015166
0.015744
0.015994
0.016273
0.016966
0.017639
0.018403
0.019044
0.019499
0.019996
0.020577
0.02058
0.020755
0.021664
0.022109
0.022421
0.022656
0.023143
0.023677
0.023869
0.024329
0.024203
0.023909
0.023707
0.023214
0.022777
0.022308
0.022117
0.02172
0.021019
0.020251
0.019174
0.018152
0.017187
0.015987
0.014434
0.012958
0.01148
0.0098963
0.0085846
0.0071191
0.0057293
0.0046197
0.0031852
0.001355
-0.00058827
-0.0022924
-0.0040647
-0.0060151
-0.0076271
-0.0095946
-0.011706
-0.01303
-0.014355
-0.015921
-0.017432
-0.018958
-0.020707
-0.022608
-0.024091
-0.025667
-0.027349
-0.028525
-0.029792
-0.031126
-0.032012
-0.032851
-0.033766
-0.034408
-0.034792
-0.034907
-0.034901
-0.035121
-0.035095
-0.03472
-0.034345
-0.033527
-0.032593
-0.032109
-0.032046
-0.032017
-0.030943
-0.029574
-0.02887
-0.028099
-0.027494
-0.027017
-0.026275
-0.025487
-0.024158
-0.022694
-0.022148
-0.021758
-0.021201
-0.020511
-0.018976
-0.017278
-0.015768
-0.014679
-0.014383
-0.013988
-0.013289
-0.012049
-0.010181
-0.0087582
-0.0080249
-0.0073938
-0.0063536
-0.0043717
-0.002048
-0.00033116
0.0013343
0.0032633
0.0051195
0.0065939
0.0078669
0.0093487
0.010594
0.012238
0.014349
0.015799
0.017316
0.019084
0.020716
0.022377
0.024023
0.025817
0.027348
0.02896
0.03035
0.030703
0.031337
0.032237
0.032889
0.033469
0.033756
0.033989
0.033807
0.033649
0.033917
0.033943
0.034073
0.034283
0.033945
0.033043
0.032191
0.032145
0.031964
0.030561
0.029115
0.028303
0.027817
0.027373
0.026527
0.025422
0.023982
0.022848
0.022055
0.020733
0.019635
0.01849
0.0168
0.014915
0.01304
0.011736
0.010218
0.0086626
0.007359
0.0056318
0.004411
0.0028434
0.0010582
0.00024993
-0.0010916
-0.0023255
-0.0033044
-0.0048628
-0.0057539
-0.0068548
-0.0081668
-0.0087948
-0.0098769
-0.010758
-0.011321
-0.012097
-0.012571
-0.013481
-0.014434
-0.014677
-0.014844
-0.015025
-0.01543
-0.015928
-0.0159
-0.015763
-0.015559
-0.01524
-0.015028
-0.014554
-0.014181
-0.013859
-0.013298
-0.012852
-0.012054
-0.011028
-0.010299
-0.0094036
-0.0083685
-0.0074832
-0.0064687
-0.0053801
-0.0044037
-0.0036098
-0.002781
-0.0016437
-0.00037272
0.0013377
0.0031801
0.0043241
0.0053209
0.006334
0.0072391
0.0085595
0.010006
0.011306
0.012561
0.013894
0.015335
0.016425
0.017561
0.019031
0.020334
0.021571
0.022657
0.023734
0.024968
0.025602
0.025841
0.026337
0.026799
0.027144
0.027261
0.027276
0.027794
0.028202
0.027942
0.027456
0.026974
0.026657
0.02621
0.02549
0.024665
0.023302
0.021982
0.021112
0.019787
0.018046
0.01635
0.014724
0.013011
0.011114
0.009108
0.0072606
0.0053597
0.003244
0.0019079
0.00075911
-0.0010439
-0.0026976
-0.0039742
-0.0050188
-0.0060953
-0.0073276
-0.0086373
-0.01004
-0.011211
-0.011959
-0.012666
-0.013634
-0.014744
-0.015649
-0.016074
-0.01627
-0.016781
-0.017778
-0.018673
-0.019106
-0.019389
-0.019487
-0.019608
-0.019976
-0.019501
-0.018206
-0.017332
-0.016558
-0.016004
-0.015584
-0.014398
-0.013077
-0.01183
-0.010743
-0.01018
-0.0094495
-0.0082486
-0.0067862
-0.0054888
-0.0045779
-0.0036721
-0.002856
-0.0019836
-0.00090571
-0.00010982
0.0005528
0.0014104
0.002585
0.0035865
0.0043649
0.0049067
0.0053512
0.006818
0.0077805
0.0081397
0.0090655
0.010046
0.011148
0.011289
0.011279
0.011796
0.012499
0.013743
0.014214
0.014587
0.015076
0.014854
0.015133
0.015391
0.015092
0.015097
0.015177
0.015328
0.015016
0.013986
0.013594
0.013439
0.012978
0.012599
0.011953
0.01101
0.0098618
0.008711
0.0074013
0.0061658
0.0050138
0.003234
0.0010599
-0.0013784
-0.0034524
-0.0055665
-0.0082048
-0.010254
-0.012132
-0.014124
-0.016199
-0.018344
-0.019852
-0.02148
-0.023395
-0.024775
-0.026192
-0.027369
-0.028206
-0.029383
-0.03036
-0.031754
-0.033333
-0.034116
-0.034877
-0.035556
-0.036205
-0.036873
-0.037017
-0.03735
-0.037944
-0.037874
-0.037362
-0.037076
-0.03717
-0.037262
-0.03684
-0.036074
-0.03516
-0.034314
-0.033562
-0.033042
-0.03269
-0.031849
-0.03061
-0.029046
-0.0282
-0.027576
-0.025852
-0.024855
-0.023995
-0.022329
-0.020986
-0.019508
-0.018316
-0.017099
-0.01543
-0.014538
-0.013559
-0.012461
-0.011601
-0.010052
-0.0082749
-0.0060748
-0.0043057
-0.002834
-0.0014972
-0.00058504
0.00079939
0.00293
0.0052173
0.0068273
0.008215
0.0093415
0.009745
0.01116
0.012913
0.014258
0.01579
0.016358
0.016936
0.018137
0.019063
0.019908
0.020669
0.021783
0.022916
0.023754
0.024663
0.025061
0.025174
0.025228
0.025308
0.025876
0.026492
0.026749
0.026429
0.025751
0.025301
0.025286
0.025364
0.025237
0.024794
0.023893
0.023011
0.022457
0.022061
0.021304
0.020031
0.018976
0.018545
0.018218
0.017372
0.015943
0.014377
0.013226
0.012145
0.01108
0.010476
0.0098511
0.0090754
0.008265
0.007609
0.0075059
0.00725
0.0066114
0.0056015
0.0041588
0.0028309
0.0014858
0.0006846
0.00045134
0.00024741
0.00038271
0.00050196
0.00041642
1.3057e-06
-0.00030559
-0.00020636
-0.00032751
-0.00052903
-0.00062737
-0.00036016
-2.139e-05
9.9252e-06
0.00036426
0.00088444
0.0015635
0.002421
0.0026453
0.0025743
0.0026585
0.0028577
0.0035005
0.0040899
0.004459
0.0048102
0.0048235
0.0049329
0.0046978
0.0044908
0.0053972
0.0057056
0.0052637
0.0051485
0.0050198
0.0050636
0.0053915
0.0057932
0.0058719
0.0060344
0.0064538
0.0064179
0.006287
0.0062194
0.0059927
0.0056399
0.0051836
0.005015
0.0050506
0.0050029
0.0049997
0.0048412
0.0046703
0.0046824
0.0044749
0.0041245
0.0036275
0.0029929
0.0024176
0.0017741
0.0012479
0.00060639
-0.00020027
-0.00076789
-0.0014266
-0.0019705
-0.0020413
-0.0021199
-0.0025369
-0.0031119
-0.0036057
-0.0042141
-0.0047896
-0.0049417
-0.0052001
-0.0057644
-0.0061534
-0.0065656
-0.0069132
-0.0068563
-0.0068902
-0.0071225
-0.0072399
-0.0073181
-0.0076002
-0.0080209
-0.008356
-0.008753
-0.0089945
-0.0090903
-0.0092876
-0.0092496
-0.0090208
-0.0085985
-0.0080974
-0.0077978
-0.0075518
-0.0074766
-0.0074533
-0.0074524
-0.0077347
-0.0078285
-0.0075367
-0.0071618
-0.0067059
-0.0064751
-0.0064533
-0.0062786
-0.0062631
-0.0063022
-0.0062106
-0.0062025
-0.0059383
-0.0054364
-0.0048152
-0.0041726
-0.0040197
-0.0040867
-0.0042131
-0.0042616
-0.0038629
-0.0036112
-0.0036088
-0.0038012
-0.0042778
-0.0045473
-0.0048208
-0.0050452
-0.0050555
-0.0052701
-0.005547
-0.0057866
-0.0060165
-0.0063193
-0.0068692
-0.0075654
-0.0082825
-0.0089489
-0.009478
-0.0097712
-0.010026
-0.010429
-0.010951
-0.0115
-0.011983
-0.012355
-0.012513
-0.012748
-0.01322
-0.013495
-0.013654
-0.013856
-0.013852
-0.014001
-0.014226
-0.013985
-0.013519
-0.013018
-0.012676
-0.012477
-0.012149
-0.011839
-0.011467
-0.011141
-0.010875
-0.010405
-0.0099176
-0.0092889
-0.0086536
-0.00806
-0.0072046
-0.0065472
-0.0059275
-0.0051047
-0.0042995
-0.0034521
-0.0027992
-0.0021155
-0.0013349
-0.00056432
0.00035139
0.0011277
0.0019317
0.0027694
0.0033898
0.0040493
0.0047793
0.0055571
0.0064612
0.007285
0.0080208
0.0088913
0.0098186
0.010818
0.011802
0.01255
0.013328
0.014162
0.014838
0.015551
0.016315
0.017002
0.017569
0.017968
0.018502
0.019157
0.019721
0.020205
0.020463
0.020675
0.020866
0.020903
0.020885
0.020865
0.020872
0.02076
0.020601
0.020288
0.020104
0.020032
0.019538
0.019107
0.018303
0.017691
0.017717
0.017036
0.016196
0.015478
0.014867
0.014408
0.013707
0.013097
0.012356
0.011678
0.011181
0.010449
0.0095868
0.0085865
0.0077288
0.0070389
0.0062969
0.0055416
0.0045805
0.0036716
0.0029653
0.0022061
0.0015108
0.00088708
0.00016961
-0.00060443
-0.0013721
-0.0021374
-0.0028921
-0.0036515
-0.0043456
-0.0049066
-0.0053169
-0.0056126
-0.0059587
-0.0063573
-0.0067521
-0.0071338
-0.0074803
-0.0078475
-0.0082466
-0.0085832
-0.008832
-0.0090991
-0.0093511
-0.0095989
-0.0099615
-0.010191
-0.010329
-0.010576
-0.010718
-0.010741
-0.010665
-0.010627
-0.010656
-0.01065
-0.010673
-0.010597
-0.010616
-0.010655
-0.010543
-0.010519
-0.010434
-0.010274
-0.010121
-0.009955
-0.009814
-0.0096144
-0.009339
-0.0090899
-0.0088947
-0.0086407
-0.0083967
-0.0081976
-0.0079503
-0.0076639
-0.0073341
-0.0070053
-0.0065973
-0.0061335
-0.0057382
-0.0052981
-0.0048629
-0.0044747
-0.0040723
-0.0037143
-0.003399
-0.0031248
-0.0028448
-0.0025292
-0.0022162
-0.0018883
-0.0015986
-0.0013553
-0.0011044
-0.00083223
-0.0005577
-0.00035942
-0.000231
-8.05e-05
8.9622e-05
0.00026824
0.00044769
0.00055237
0.00070213
0.00092603
0.001078
0.0012259
0.001378
0.0015128
0.0016416
0.0017427
0.0018284
0.0019053
0.0020062
0.0020934
0.0021903
0.0022979
0.0023817
0.0024895
0.0025576
0.0025963
0.0026629
0.0027469
0.0028387
0.0029006
0.002951
0.002992
0.0030164
0.0030547
0.0030951
0.0031251
0.0031458
0.0031675
0.0031698
0.0031392
0.0031332
0.003131
0.0030932
0.0030547
0.003018
0.0029795
0.0029489
0.0029279
0.0029019
0.0028694
0.0028337
0.0027683
0.0026743
0.0025686
0.0024622
0.0023697
0.002292
0.0022126
0.0021285
0.0020459
0.0019575
0.0018538
0.0017404
0.0016461
0.0015464
0.0014353
0.0013479
0.0012662
0.0011865
0.0010945
0.0010002
0.00091868
0.00082308
0.0007452
0.00068521
0.00062687
0.00057175
0.00051166
0.00046818
0.00042753
0.00038904
0.00035198
0.00030683
0.00027272
0.00023587
0.00020945
0.00019235
0.0001675
0.00015676
0.00014577
0.00013523
0.00013557
0.00013661
0.00014375
0.00014348
0.00013686
0.00014139
0.00014746
0.00015097
0.00015239
0.00015281
0.00015943
0.00016588
0.00016779
0.00016758
0.00016555
0.00016599
0.00016629
0.00016434
0.00016447
0.00016304
0.00015758
0.00015189
0.00014719
0.00014436
0.00014077
0.00013284
0.00012684
0.00012033
0.00010988
0.00010216
9.1504e-05
7.9119e-05
6.9534e-05
5.8606e-05
4.7047e-05
3.4214e-05
2.3837e-05
1.482e-05
3.5279e-06
-7.791e-06
-2.1001e-05
-3.2627e-05
-4.2248e-05
-5.2815e-05
-6.2012e-05
-7.1552e-05
-8.1341e-05
-9.0226e-05
-9.9856e-05
-0.00010913
-0.00011778
-0.00012603
-0.00013344
-0.00014077
-0.00014675
-0.00015034
-0.00015325
-0.00015699
-0.00016066
-0.00016279
-0.00016394
-0.0001654
-0.0001669
-0.00016741
-0.00016777
-0.00016793
-0.00016767
-0.00016727
-0.00016587
-0.00016461
-0.00016342
-0.00016134
-0.00015922
-0.00015702
-0.00015476
-0.00015236
-0.00014972
-0.00014721
-0.00014468
-0.00014209
-0.00013949
-0.00013684
-0.00013428
-0.00013175
-0.00012923
-0.00012678
-0.0001244
-0.00012211
-0.00011994
-0.00011781
-0.00011574
-0.00011377
-0.00011187
-0.00011007
-0.00010834
-0.00010666
-0.00010503
-0.00010346
-0.00010193
-0.00010043
-9.8963e-05
-9.7526e-05
-9.6117e-05
-9.4733e-05
-9.3371e-05
-9.2025e-05
-9.069e-05
-8.9366e-05
-8.8047e-05
-8.673e-05
-8.5412e-05
-8.4092e-05
-8.2766e-05
-8.1433e-05
-8.0091e-05
-7.874e-05
-7.7378e-05
-7.6004e-05
-7.4618e-05
-7.322e-05
