   0.0000000e+00   5.1929770e-03
   2.0000000e-02   2.0285140e-03
   4.0000000e-02   1.3378010e-04
   6.0000000e-02  -3.7800510e-04
   8.0000000e-02  -1.0490810e-03
   1.0000000e-01  -1.2184870e-03
   1.2000000e-01  -1.7144620e-03
   1.4000000e-01  -3.2928240e-03
   1.6000000e-01  -2.9190740e-03
   1.8000000e-01   6.2650820e-05
   2.0000000e-01  -2.4372710e-03
   2.2000000e-01   3.6460370e-04
   2.4000000e-01   1.0591920e-02
   2.6000000e-01   1.0430370e-02
   2.8000000e-01  -1.5755920e-03
   3.0000000e-01  -1.8310430e-02
   3.2000000e-01  -1.3766180e-02
   3.4000000e-01  -4.5647770e-03
   3.6000000e-01  -1.3469550e-02
   3.8000000e-01  -8.2321830e-03
   4.0000000e-01   5.3547490e-03
   4.2000000e-01   1.2129050e-03
   4.4000000e-01  -7.1467950e-03
   4.6000000e-01   8.7724100e-03
   4.8000000e-01   3.2374100e-02
   5.0000000e-01   2.2799120e-02
   5.2000000e-01  -1.7048590e-02
   5.4000000e-01  -1.6557500e-02
   5.6000000e-01   7.7494310e-03
   5.8000000e-01   2.7383470e-03
   6.0000000e-01  -1.6300950e-02
   6.2000000e-01  -1.3427730e-02
   6.4000000e-01   1.9036250e-03
   6.6000000e-01  -1.8157090e-03
   6.8000000e-01  -2.4691810e-02
   7.0000000e-01  -2.4018290e-02
   7.2000000e-01  -3.9516630e-03
   7.4000000e-01   1.3946310e-02
   7.6000000e-01   3.0095850e-02
   7.8000000e-01   3.9014470e-02
   8.0000000e-01   3.6709890e-02
   8.2000000e-01   1.2082480e-02
   8.4000000e-01  -1.8380500e-02
   8.6000000e-01  -1.6004710e-02
   8.8000000e-01   2.1443630e-02
   9.0000000e-01   6.1282600e-03
   9.2000000e-01  -3.8603030e-02
   9.4000000e-01  -5.0473110e-02
   9.6000000e-01  -2.4196340e-02
   9.8000000e-01   9.0784990e-03
   1.0000000e+00   5.8984150e-03
   1.0200000e+00  -1.2570590e-02
   1.0400000e+00  -1.4031210e-02
   1.0600000e+00   8.9228500e-04
   1.0800000e+00   1.6899910e-02
   1.1000000e+00   3.1814990e-02
   1.1200000e+00   5.1224060e-02
   1.1400000e+00   5.7340360e-02
   1.1600000e+00   4.0235210e-02
   1.1800000e+00   8.1012660e-03
   1.2000000e+00  -1.8742070e-02
   1.2200000e+00  -3.2258210e-02
   1.2400000e+00  -2.0496850e-02
   1.2600000e+00  -2.5126990e-02
   1.2800000e+00  -3.3633270e-02
   1.3000000e+00  -3.4643340e-03
   1.3200000e+00   3.0158210e-02
   1.3400000e+00   3.4741220e-02
   1.3600000e+00   1.4420820e-02
   1.3800000e+00   1.7926480e-02
   1.4000000e+00   3.4332980e-02
   1.4200000e+00   2.6953980e-02
   1.4400000e+00  -3.9126750e-03
   1.4600000e+00  -1.2785190e-02
   1.4800000e+00  -1.4954780e-03
   1.5000000e+00  -1.0424320e-02
   1.5200000e+00  -1.2138830e-02
   1.5400000e+00   2.0591960e-02
   1.5600000e+00   3.6408990e-02
   1.5800000e+00   6.5849920e-03
   1.6000000e+00   2.9075590e-03
   1.6200000e+00   2.9276150e-02
   1.6400000e+00   3.1168720e-02
   1.6600000e+00   5.7741320e-03
   1.6800000e+00  -4.7782720e-05
   1.7000000e+00   2.2198560e-02
   1.7200000e+00   2.5051520e-02
   1.7400000e+00   5.9539800e-03
   1.7600000e+00  -2.1820800e-02
   1.7800000e+00  -1.6852680e-02
   1.8000000e+00  -1.0058860e-02
   1.8200000e+00  -3.1621140e-02
   1.8400000e+00  -4.7370550e-02
   1.8600000e+00   2.5115040e-02
   1.8800000e+00   5.6843360e-02
   1.9000000e+00   2.8076400e-02
   1.9200000e+00   2.5830360e-02
   1.9400000e+00   7.0460040e-04
   1.9600000e+00  -1.5463620e-02
   1.9800000e+00  -2.6608440e-02
   2.0000000e+00  -1.8506990e-02
   2.0200000e+00   1.5698210e-02
   2.0400000e+00   4.3425300e-02
   2.0600000e+00   1.1333630e-03
   2.0800000e+00  -3.2291810e-02
   2.1000000e+00  -2.0142450e-02
   2.1200000e+00   4.2615120e-02
   2.1400000e+00   3.4467300e-02
   2.1600000e+00  -2.3502520e-02
   2.1800000e+00  -7.4044360e-04
   2.2000000e+00   5.9629960e-02
   2.2200000e+00   2.8953020e-02
   2.2400000e+00  -2.0108490e-02
   2.2600000e+00  -9.8489190e-03
   2.2800000e+00   2.5217970e-02
   2.3000000e+00   3.4697050e-02
   2.3200000e+00  -2.6102980e-02
   2.3400000e+00  -2.6317140e-02
   2.3600000e+00  -1.0624480e-02
   2.3800000e+00  -1.7469840e-02
   2.4000000e+00  -2.5525570e-03
   2.4200000e+00   1.6242670e-02
   2.4400000e+00   3.3058000e-02
   2.4600000e+00   3.1809030e-02
   2.4800000e+00   2.1523810e-02
   2.5000000e+00   2.8890620e-02
   2.5200000e+00   5.1411490e-02
   2.5400000e+00   1.2985230e-02
   2.5600000e+00  -5.6391990e-02
   2.5800000e+00  -3.9578270e-02
   2.6000000e+00   1.3025110e-02
   2.6200000e+00   3.0340520e-02
   2.6400000e+00   2.1134810e-02
   2.6600000e+00   5.6039970e-03
   2.6800000e+00  -1.4493430e-02
   2.7000000e+00  -2.1846030e-02
   2.7200000e+00  -3.5278940e-02
   2.7400000e+00  -4.9158680e-02
   2.7600000e+00  -5.7091910e-02
   2.7800000e+00  -1.6022360e-02
   2.8000000e+00   3.0394960e-02
   2.8200000e+00   6.3943890e-02
   2.8400000e+00   6.2421070e-02
   2.8600000e+00   3.4230270e-02
   2.8800000e+00   2.0959950e-02
   2.9000000e+00   8.0659450e-03
   2.9200000e+00   1.1092030e-02
   2.9400000e+00   8.5008890e-03
   2.9600000e+00  -1.0275670e-02
   2.9800000e+00  -1.8829880e-02
   3.0000000e+00  -3.5059470e-03
   3.0200000e+00  -1.4784700e-02
   3.0400000e+00  -2.4065350e-02
   3.0600000e+00  -1.7274960e-02
   3.0800000e+00  -1.7914310e-02
   3.1000000e+00  -2.0759990e-02
   3.1200000e+00  -3.4049520e-02
   3.1400000e+00  -6.4810690e-02
   3.1600000e+00  -7.1683530e-02
   3.1800000e+00  -7.2409920e-02
   3.2000000e+00  -8.7872320e-02
   3.2200000e+00  -1.1320430e-01
   3.2400000e+00  -1.5181570e-01
   3.2600000e+00  -1.7967330e-01
   3.2800000e+00  -1.9901710e-01
   3.3000000e+00  -2.0935940e-01
   3.3200000e+00  -1.9784930e-01
   3.3400000e+00  -1.6868610e-01
   3.3600000e+00  -1.1690760e-01
   3.3800000e+00  -5.2366890e-02
   3.4000000e+00   1.5610160e-02
   3.4200000e+00   6.5563750e-02
   3.4400000e+00   7.6930670e-02
   3.4600000e+00   8.0011060e-02
   3.4800000e+00   8.8441290e-02
   3.5000000e+00   1.1323940e-01
   3.5200000e+00   1.3705520e-01
   3.5400000e+00   1.5490290e-01
   3.5600000e+00   1.5743220e-01
   3.5800000e+00   1.3969000e-01
   3.6000000e+00   9.6418060e-02
   3.6200000e+00   2.4805410e-02
   3.6400000e+00  -5.0505800e-02
   3.6600000e+00  -1.4388430e-01
   3.6800000e+00  -2.5044640e-01
   3.7000000e+00  -3.2543450e-01
   3.7200000e+00  -2.6417710e-01
   3.7400000e+00  -1.8050120e-01
   3.7600000e+00  -1.6759700e-01
   3.7800000e+00  -1.7916470e-01
   3.8000000e+00  -2.0848760e-01
   3.8200000e+00  -2.2832660e-01
   3.8400000e+00  -2.4204360e-01
   3.8600000e+00  -2.5566270e-01
   3.8800000e+00  -2.6766020e-01
   3.9000000e+00  -2.7614990e-01
   3.9200000e+00  -2.0440840e-01
   3.9400000e+00   5.9266400e-02
   3.9600000e+00   2.4251410e-01
   3.9800000e+00   2.5556360e-01
   4.0000000e+00   2.2416650e-01
   4.0200000e+00   2.4636740e-01
   4.0400000e+00   3.7213890e-01
   4.0600000e+00   5.3329020e-01
   4.0800000e+00   6.0487920e-01
   4.1000000e+00   5.4156100e-01
   4.1200000e+00   3.9549020e-01
   4.1400000e+00   2.6303620e-01
   4.1600000e+00   1.9962100e-01
   4.1800000e+00   3.8118470e-02
   4.2000000e+00  -3.1392390e-02
   4.2200000e+00  -8.8445010e-02
   4.2400000e+00  -1.6321200e-01
   4.2600000e+00  -1.6355470e-01
   4.2800000e+00  -1.4947990e-01
   4.3000000e+00  -1.3341090e-01
   4.3200000e+00  -1.2430240e-01
   4.3400000e+00   2.0090590e-03
   4.3600000e+00   1.1022980e-01
   4.3800000e+00   1.2975130e-01
   4.4000000e+00   1.1723560e-01
   4.4200000e+00   1.5906330e-01
   4.4400000e+00   2.5911780e-01
   4.4600000e+00   3.0170850e-01
   4.4800000e+00   2.2589750e-01
   4.5000000e+00   1.0936000e-01
   4.5200000e+00   1.5597980e-02
   4.5400000e+00  -1.0726870e-01
   4.5600000e+00  -1.7112550e-01
   4.5800000e+00  -1.9140370e-01
   4.6000000e+00  -2.0092620e-01
   4.6200000e+00  -1.8111950e-01
   4.6400000e+00  -1.5000520e-01
   4.6600000e+00  -9.3546970e-02
   4.6800000e+00  -6.6893190e-02
   4.7000000e+00   1.3943990e-02
   4.7200000e+00   1.1614500e-01
   4.7400000e+00   1.2538320e-01
   4.7600000e+00   8.4751550e-02
   4.7800000e+00   2.2739620e-02
   4.8000000e+00  -1.5116690e-02
   4.8200000e+00   9.9956270e-03
   4.8400000e+00   7.7602130e-02
   4.8600000e+00   1.0809690e-01
   4.8800000e+00   1.0278050e-01
   4.9000000e+00   9.4968150e-02
   4.9200000e+00   1.0616650e-01
   4.9400000e+00   1.2476190e-01
   4.9600000e+00   1.2090080e-01
   4.9800000e+00   1.0670320e-01
   5.0000000e+00   9.5073750e-02
   5.0200000e+00   1.2792350e-01
   5.0400000e+00   2.1284420e-01
   5.0600000e+00   3.2585360e-01
   5.0800000e+00   3.5037600e-01
   5.1000000e+00   1.9269980e-01
   5.1200000e+00   3.2489890e-02
   5.1400000e+00  -7.5374640e-02
   5.1600000e+00  -1.2353860e-01
   5.1800000e+00  -1.1627070e-01
   5.2000000e+00  -8.9285230e-02
   5.2200000e+00  -8.5197740e-02
   5.2400000e+00  -9.8622660e-02
   5.2600000e+00  -7.4252520e-02
   5.2800000e+00  -5.1639880e-02
   5.3000000e+00  -5.9270250e-02
   5.3200000e+00  -7.5468650e-02
   5.3400000e+00  -8.0503200e-02
   5.3600000e+00  -8.0179680e-02
   5.3800000e+00  -7.0737400e-02
   5.4000000e+00  -6.2781290e-02
   5.4200000e+00  -5.4157090e-02
   5.4400000e+00  -6.3577740e-02
   5.4600000e+00  -1.1769480e-01
   5.4800000e+00  -1.7649060e-01
   5.5000000e+00  -2.0024130e-01
   5.5200000e+00  -2.1728860e-01
   5.5400000e+00  -2.0795570e-01
   5.5600000e+00  -8.7762010e-02
   5.5800000e+00   1.2383540e-02
   5.6000000e+00   3.5479290e-02
   5.6200000e+00   3.4608070e-02
   5.6400000e+00   1.0853140e-02
   5.6600000e+00  -2.2680550e-02
   5.6800000e+00  -7.0788030e-02
   5.7000000e+00  -8.5294690e-02
   5.7200000e+00  -6.5783330e-02
   5.7400000e+00  -9.1511540e-03
   5.7600000e+00   1.5053170e-02
   5.7800000e+00   9.1348380e-03
   5.8000000e+00  -3.4155290e-02
   5.8200000e+00  -9.4846660e-02
   5.8400000e+00  -1.2048060e-01
   5.8600000e+00  -1.2750270e-01
   5.8800000e+00  -1.1121370e-01
   5.9000000e+00  -7.8637290e-02
   5.9200000e+00  -4.0889550e-02
   5.9400000e+00  -2.3438810e-02
   5.9600000e+00  -2.3379080e-02
   5.9800000e+00  -1.6391530e-02
   6.0000000e+00   9.0192380e-03
   6.0200000e+00   2.1520870e-02
   6.0400000e+00   9.0610540e-03
   6.0600000e+00  -1.8196940e-02
   6.0800000e+00  -4.7549020e-02
   6.1000000e+00  -7.7119380e-02
   6.1200000e+00  -1.0469160e-01
   6.1400000e+00  -1.2645790e-01
   6.1600000e+00  -1.4265720e-01
   6.1800000e+00  -1.4063310e-01
   6.2000000e+00  -1.1718400e-01
   6.2200000e+00  -1.0118790e-01
   6.2400000e+00  -1.0175160e-01
   6.2600000e+00  -1.4958630e-01
   6.2800000e+00  -2.1446400e-01
   6.3000000e+00  -2.5040950e-01
   6.3200000e+00  -2.7521260e-01
   6.3400000e+00  -2.8919140e-01
   6.3600000e+00  -2.9811710e-01
   6.3800000e+00  -2.9051180e-01
   6.4000000e+00  -2.7891510e-01
   6.4200000e+00  -2.3880550e-01
   6.4400000e+00  -1.4878100e-01
   6.4600000e+00  -5.3418960e-02
   6.4800000e+00   2.9185950e-02
   6.5000000e+00   1.0188050e-01
   6.5200000e+00   1.6897120e-01
   6.5400000e+00   2.0800980e-01
   6.5600000e+00   2.3625280e-01
   6.5800000e+00   2.7068100e-01
   6.6000000e+00   3.3177500e-01
   6.6200000e+00   3.9112600e-01
   6.6400000e+00   4.1564380e-01
   6.6600000e+00   4.0964940e-01
   6.6800000e+00   3.5158200e-01
   6.7000000e+00   2.9510560e-01
   6.7200000e+00   2.7616630e-01
   6.7400000e+00   2.6994040e-01
   6.7600000e+00   2.3990450e-01
   6.7800000e+00   2.0336110e-01
   6.8000000e+00   1.9981050e-01
   6.8200000e+00   2.5432440e-01
   6.8400000e+00   3.1424640e-01
   6.8600000e+00   2.9737670e-01
   6.8800000e+00   1.8510020e-01
   6.9000000e+00   5.2991870e-02
   6.9200000e+00  -2.7182150e-02
   6.9400000e+00  -5.7865770e-02
   6.9600000e+00  -6.2590410e-02
   6.9800000e+00  -4.6795710e-02
   7.0000000e+00  -9.3535670e-03
   7.0200000e+00   1.7421420e-02
   7.0400000e+00   1.6012780e-02
   7.0600000e+00  -2.2165840e-02
   7.0800000e+00  -6.2858770e-02
   7.1000000e+00  -7.7198990e-02
   7.1200000e+00  -7.1089230e-02
   7.1400000e+00  -3.4943530e-02
   7.1600000e+00   2.1727610e-02
   7.1800000e+00   5.9443070e-02
   7.2000000e+00   6.8493470e-02
   7.2200000e+00   4.9580570e-02
   7.2400000e+00   1.2172010e-02
   7.2600000e+00  -1.6977620e-02
   7.2800000e+00  -3.3173250e-02
   7.3000000e+00  -5.6593550e-02
   7.3200000e+00  -8.5533070e-02
   7.3400000e+00  -1.0489780e-01
   7.3600000e+00  -1.0309860e-01
   7.3800000e+00  -8.5675120e-02
   7.4000000e+00  -3.0556450e-02
   7.4200000e+00   4.9520600e-02
   7.4400000e+00   8.8449820e-02
   7.4600000e+00   1.0494410e-01
   7.4800000e+00   9.5473340e-02
   7.5000000e+00   6.7196810e-02
   7.5200000e+00   3.1413060e-02
   7.5400000e+00  -2.4708480e-02
   7.5600000e+00  -8.4393880e-02
   7.5800000e+00  -1.3345910e-01
   7.6000000e+00  -1.6806870e-01
   7.6200000e+00  -1.9210830e-01
   7.6400000e+00  -2.1762570e-01
   7.6600000e+00  -2.3256990e-01
   7.6800000e+00  -2.4663370e-01
   7.7000000e+00  -2.2134690e-01
   7.7200000e+00  -1.0196530e-01
   7.7400000e+00   1.9091240e-02
   7.7600000e+00   7.9287450e-02
   7.7800000e+00   8.8182770e-02
   7.8000000e+00   4.1518660e-02
   7.8200000e+00  -4.1228950e-02
   7.8400000e+00  -8.9882040e-02
   7.8600000e+00  -9.9169260e-02
   7.8800000e+00  -8.2857540e-02
   7.9000000e+00  -2.5238860e-02
   7.9200000e+00   2.4195330e-02
   7.9400000e+00   3.3077380e-02
   7.9600000e+00   2.6081090e-02
   7.9800000e+00   1.3311600e-02
   8.0000000e+00   7.7412740e-03
   8.0200000e+00   1.1477430e-02
   8.0400000e+00   2.0512490e-02
   8.0600000e+00   3.8254270e-02
   8.0800000e+00   5.9651730e-02
   8.1000000e+00   6.7105790e-02
   8.1200000e+00   5.9773940e-02
   8.1400000e+00  -5.6724120e-03
   8.1600000e+00  -1.0811420e-01
   8.1800000e+00  -1.6783530e-01
   8.2000000e+00  -1.9452670e-01
   8.2200000e+00  -1.9808960e-01
   8.2400000e+00  -1.8803970e-01
   8.2600000e+00  -1.7376890e-01
   8.2800000e+00  -1.5852000e-01
   8.3000000e+00  -1.2733050e-01
   8.3200000e+00  -6.7820700e-02
   8.3400000e+00  -7.6458610e-03
   8.3600000e+00   3.9604560e-02
   8.3800000e+00   7.2787150e-02
   8.4000000e+00   9.0239290e-02
   8.4200000e+00   9.7868850e-02
   8.4400000e+00   1.0720900e-01
   8.4600000e+00   1.1264350e-01
   8.4800000e+00   9.7179200e-02
   8.5000000e+00   7.0969250e-02
   8.5200000e+00   6.0876320e-02
   8.5400000e+00   7.2495110e-02
   8.5600000e+00   8.9068060e-02
   8.5800000e+00   1.0755450e-01
   8.6000000e+00   1.2330640e-01
   8.6200000e+00   1.3760880e-01
   8.6400000e+00   1.6124530e-01
   8.6600000e+00   1.8237250e-01
   8.6800000e+00   1.8830480e-01
   8.7000000e+00   1.5907070e-01
   8.7200000e+00   1.1347870e-01
   8.7400000e+00   7.5278720e-02
   8.7600000e+00   4.0550810e-02
   8.7800000e+00   1.6186110e-02
   8.8000000e+00  -5.6551030e-03
   8.8200000e+00  -7.2350350e-03
   8.8400000e+00   1.4794980e-02
   8.8600000e+00   3.4480020e-02
   8.8800000e+00   3.8443800e-02
   8.9000000e+00   2.7694090e-02
   8.9200000e+00   1.1053890e-02
   8.9400000e+00  -1.3378090e-02
   8.9600000e+00  -4.6266880e-02
   8.9800000e+00  -8.1973930e-02
   9.0000000e+00  -1.1094080e-01
   9.0200000e+00  -1.3478630e-01
   9.0400000e+00  -1.4659970e-01
   9.0600000e+00  -1.3590700e-01
   9.0800000e+00  -9.5512840e-02
   9.1000000e+00  -1.7939650e-02
   9.1200000e+00   6.2281450e-02
   9.1400000e+00   1.0221460e-01
   9.1600000e+00   1.2415490e-01
   9.1800000e+00   1.4860760e-01
   9.2000000e+00   1.6911380e-01
   9.2200000e+00   1.7559210e-01
   9.2400000e+00   1.6384280e-01
   9.2600000e+00   1.3537070e-01
   9.2800000e+00   9.4932010e-02
   9.3000000e+00   4.5049120e-02
   9.3200000e+00  -1.9036240e-02
   9.3400000e+00  -5.8441680e-02
   9.3600000e+00  -7.3132510e-02
   9.3800000e+00  -7.5263050e-02
   9.4000000e+00  -7.3967400e-02
   9.4200000e+00  -7.8830520e-02
   9.4400000e+00  -8.8963960e-02
   9.4600000e+00  -9.8582290e-02
   9.4800000e+00  -9.1238030e-02
   9.5000000e+00  -7.1889350e-02
   9.5200000e+00  -6.1289230e-02
   9.5400000e+00  -6.2480280e-02
   9.5600000e+00  -6.5581800e-02
   9.5800000e+00  -7.1984020e-02
   9.6000000e+00  -7.9956010e-02
   9.6200000e+00  -7.8814300e-02
   9.6400000e+00  -5.7796860e-02
   9.6600000e+00  -2.0197270e-02
   9.6800000e+00   1.6851520e-02
   9.7000000e+00   4.2624220e-02
   9.7200000e+00   4.9674840e-02
   9.7400000e+00   3.3929480e-02
   9.7600000e+00   8.0677740e-03
   9.7800000e+00  -3.4506860e-03
   9.8000000e+00   7.5759220e-03
   9.8200000e+00   1.3223060e-02
   9.8400000e+00   2.4237270e-03
   9.8600000e+00  -1.6745720e-02
   9.8800000e+00  -2.9884920e-02
   9.9000000e+00  -3.1122740e-02
   9.9200000e+00  -2.2335990e-02
   9.9400000e+00  -1.0446400e-02
   9.9600000e+00  -5.2123050e-03
   9.9800000e+00  -1.2323250e-02
   1.0000000e+01  -2.4362840e-02
   1.0020000e+01  -3.6716560e-02
   1.0040000e+01  -5.4688450e-02
   1.0060000e+01  -6.9166830e-02
   1.0080000e+01  -7.6407270e-02
   1.0100000e+01  -7.3249830e-02
   1.0120000e+01  -5.8098190e-02
   1.0140000e+01  -2.8338110e-02
   1.0160000e+01   5.6560060e-03
   1.0180000e+01   3.7433670e-02
   1.0200000e+01   6.9989600e-02
   1.0220000e+01   9.5066900e-02
   1.0240000e+01   1.0376200e-01
   1.0260000e+01   9.5283360e-02
   1.0280000e+01   8.0288970e-02
   1.0300000e+01   6.6032040e-02
   1.0320000e+01   5.5685810e-02
   1.0340000e+01   3.8529060e-02
   1.0360000e+01   7.7961020e-03
   1.0380000e+01  -2.0718340e-02
   1.0400000e+01  -2.4322330e-02
   1.0420000e+01  -1.1709330e-02
   1.0440000e+01  -3.4394850e-03
   1.0460000e+01  -1.0234670e-04
   1.0480000e+01   3.5550810e-03
   1.0500000e+01   4.7461590e-03
   1.0520000e+01  -6.7127930e-03
   1.0540000e+01  -2.4351910e-02
   1.0560000e+01  -3.8644410e-02
   1.0580000e+01  -5.1694530e-02
   1.0600000e+01  -6.7340550e-02
   1.0620000e+01  -8.4655280e-02
   1.0640000e+01  -9.9303700e-02
   1.0660000e+01  -1.1270060e-01
   1.0680000e+01  -1.1575770e-01
   1.0700000e+01  -9.9520520e-02
   1.0720000e+01  -7.6305480e-02
   1.0740000e+01  -4.9137950e-02
   1.0760000e+01  -1.9881440e-02
   1.0780000e+01   8.1357750e-03
   1.0800000e+01   3.0575640e-02
   1.0820000e+01   4.0704120e-02
   1.0840000e+01   2.7631690e-02
   1.0860000e+01  -1.2414640e-02
   1.0880000e+01  -4.8396240e-02
   1.0900000e+01  -6.7561100e-02
   1.0920000e+01  -7.8052890e-02
   1.0940000e+01  -7.1357670e-02
   1.0960000e+01  -4.9397130e-02
   1.0980000e+01  -1.9290840e-02
   1.1000000e+01   1.3271600e-02
   1.1020000e+01   3.4322340e-02
   1.1040000e+01   4.5362820e-02
   1.1060000e+01   4.7094770e-02
   1.1080000e+01   4.1919300e-02
   1.1100000e+01   4.7128460e-02
   1.1120000e+01   6.0961740e-02
   1.1140000e+01   7.1892100e-02
   1.1160000e+01   7.5931350e-02
   1.1180000e+01   6.8017230e-02
   1.1200000e+01   5.8978060e-02
   1.1220000e+01   5.1205750e-02
   1.1240000e+01   3.7960120e-02
   1.1260000e+01  -2.6857520e-03
   1.1280000e+01  -4.2232060e-02
   1.1300000e+01  -4.9869690e-02
   1.1320000e+01  -1.0730120e-02
   1.1340000e+01   4.8874740e-02
   1.1360000e+01   7.2934650e-02
   1.1380000e+01   7.4350590e-02
   1.1400000e+01   6.2135240e-02
   1.1420000e+01   4.6904790e-02
   1.1440000e+01   2.7402590e-02
   1.1460000e+01   9.1845720e-03
   1.1480000e+01  -4.8963110e-03
   1.1500000e+01  -8.9954630e-03
   1.1520000e+01  -1.0757780e-02
   1.1540000e+01  -1.3994000e-02
   1.1560000e+01  -7.7513400e-03
   1.1580000e+01   1.3789480e-03
   1.1600000e+01   9.6728470e-03
   1.1620000e+01   1.4400840e-02
   1.1640000e+01   1.8050690e-02
   1.1660000e+01   2.1435360e-02
   1.1680000e+01   3.2985150e-02
   1.1700000e+01   5.6204760e-02
   1.1720000e+01   8.1765270e-02
   1.1740000e+01   9.5985440e-02
   1.1760000e+01   9.3893780e-02
   1.1780000e+01   6.4505910e-02
   1.1800000e+01   8.3705950e-03
   1.1820000e+01  -3.3933520e-02
   1.1840000e+01  -5.4850250e-02
   1.1860000e+01  -6.5238540e-02
   1.1880000e+01  -6.2416800e-02
   1.1900000e+01  -5.2966060e-02
   1.1920000e+01  -4.3386810e-02
   1.1940000e+01  -3.1091270e-02
   1.1960000e+01  -1.3813040e-02
   1.1980000e+01   4.3760760e-03
   1.2000000e+01   2.1054580e-02
   1.2020000e+01   3.3992750e-02
   1.2040000e+01   3.7699930e-02
   1.2060000e+01   2.8591840e-02
   1.2080000e+01   1.7685510e-02
   1.2100000e+01   1.1568070e-02
   1.2120000e+01   7.6181580e-03
   1.2140000e+01   5.4236690e-03
   1.2160000e+01   2.2000120e-03
   1.2180000e+01  -6.0960970e-03
   1.2200000e+01  -1.5109250e-02
   1.2220000e+01  -1.7040540e-02
   1.2240000e+01  -1.7565240e-02
   1.2260000e+01  -1.4819810e-02
   1.2280000e+01  -3.7246530e-03
   1.2300000e+01   1.0847690e-02
   1.2320000e+01   1.3917520e-02
   1.2340000e+01   2.9429670e-03
   1.2360000e+01  -1.2090150e-02
   1.2380000e+01  -2.4710970e-02
   1.2400000e+01  -2.2305120e-02
   1.2420000e+01  -1.1595460e-02
   1.2440000e+01  -1.4029200e-03
   1.2460000e+01   6.6690480e-03
   1.2480000e+01   1.3806710e-02
   1.2500000e+01   1.6911290e-02
   1.2520000e+01   1.4020330e-02
   1.2540000e+01   6.8912740e-03
   1.2560000e+01  -6.5597050e-04
   1.2580000e+01  -3.4653060e-03
   1.2600000e+01   9.4248360e-05
   1.2620000e+01   4.4381920e-03
   1.2640000e+01   9.9327070e-03
   1.2660000e+01   1.7694690e-02
   1.2680000e+01   2.0743260e-02
   1.2700000e+01   2.4726160e-02
   1.2720000e+01   2.6775150e-02
   1.2740000e+01   2.8798650e-02
   1.2760000e+01   2.9459430e-02
   1.2780000e+01   2.4642830e-02
   1.2800000e+01   1.8317660e-02
   1.2820000e+01   1.0875600e-02
   1.2840000e+01  -1.5277360e-03
   1.2860000e+01  -1.7695880e-02
   1.2880000e+01  -3.1532290e-02
   1.2900000e+01  -4.1244840e-02
   1.2920000e+01  -3.9820010e-02
   1.2940000e+01  -2.9671090e-02
   1.2960000e+01  -2.3682750e-02
   1.2980000e+01  -2.1721370e-02
   1.3000000e+01  -1.8340130e-02
   1.3020000e+01  -1.5331180e-02
   1.3040000e+01  -1.2437480e-02
   1.3060000e+01  -4.1449250e-03
   1.3080000e+01   3.8078720e-04
   1.3100000e+01  -9.0239200e-04
   1.3120000e+01  -2.8240820e-03
   1.3140000e+01  -2.0982410e-04
   1.3160000e+01   5.7735030e-03
   1.3180000e+01   5.6082780e-03
   1.3200000e+01   3.7062180e-05
   1.3220000e+01  -3.2177250e-03
   1.3240000e+01   2.6085550e-03
   1.3260000e+01   9.8312230e-03
   1.3280000e+01   9.6017840e-03
   1.3300000e+01   2.1864490e-03
   1.3320000e+01  -4.2731360e-03
   1.3340000e+01  -9.5015730e-03
   1.3360000e+01  -1.4311810e-02
   1.3380000e+01  -2.0704040e-02
   1.3400000e+01  -2.9138320e-02
   1.3420000e+01  -3.8175400e-02
   1.3440000e+01  -4.6941150e-02
   1.3460000e+01  -5.4170780e-02
   1.3480000e+01  -5.8213920e-02
   1.3500000e+01  -5.6548120e-02
   1.3520000e+01  -4.5714540e-02
   1.3540000e+01  -2.5719320e-02
   1.3560000e+01  -6.1667650e-03
   1.3580000e+01   6.3437150e-03
   1.3600000e+01   7.9055220e-03
   1.3620000e+01   5.6178580e-03
   1.3640000e+01   1.6257810e-03
   1.3660000e+01  -2.9874800e-04
   1.3680000e+01  -1.7030690e-03
   1.3700000e+01  -2.7248830e-03
   1.3720000e+01  -2.3951890e-03
   1.3740000e+01  -2.4428880e-03
   1.3760000e+01  -4.4112390e-03
   1.3780000e+01  -8.0758430e-03
   1.3800000e+01  -8.2387790e-03
   1.3820000e+01  -6.5126680e-03
   1.3840000e+01  -3.0158300e-03
   1.3860000e+01   1.3092560e-03
   1.3880000e+01   7.4264890e-03
   1.3900000e+01   8.4865700e-03
   1.3920000e+01   4.3130370e-03
   1.3940000e+01   4.7509200e-04
   1.3960000e+01   2.2685740e-03
   1.3980000e+01   8.3603440e-03
   1.4000000e+01   1.2897640e-02
   1.4020000e+01   1.6253780e-02
   1.4040000e+01   1.0563550e-02
   1.4060000e+01  -1.1589510e-03
   1.4080000e+01  -1.1492200e-02
   1.4100000e+01  -9.3814570e-03
   1.4120000e+01   4.3909600e-03
   1.4140000e+01   1.9407790e-02
   1.4160000e+01   2.4551010e-02
   1.4180000e+01   1.4727790e-02
   1.4200000e+01   3.0257370e-03
   1.4220000e+01  -5.7417730e-03
   1.4240000e+01  -1.0909700e-02
   1.4260000e+01  -1.7054770e-02
   1.4280000e+01  -2.2311420e-02
   1.4300000e+01  -2.1450110e-02
   1.4320000e+01  -1.4345360e-02
   1.4340000e+01  -8.8777120e-03
   1.4360000e+01  -8.4233570e-03
   1.4380000e+01  -1.0929040e-02
   1.4400000e+01  -8.5336060e-03
   1.4420000e+01   1.1629870e-03
   1.4440000e+01   1.0231270e-02
   1.4460000e+01   2.0210420e-02
   1.4480000e+01   2.8060820e-02
   1.4500000e+01   3.3898780e-02
   1.4520000e+01   3.6134110e-02
   1.4540000e+01   3.3388780e-02
   1.4560000e+01   2.4927370e-02
   1.4580000e+01   1.1829060e-02
   1.4600000e+01   2.3752040e-03
   1.4620000e+01   3.0111960e-03
   1.4640000e+01   1.1484880e-02
   1.4660000e+01   1.5360400e-02
   1.4680000e+01   1.5301790e-02
   1.4700000e+01   1.7833980e-02
   1.4720000e+01   2.3728100e-02
   1.4740000e+01   2.9996570e-02
   1.4760000e+01   3.3174440e-02
   1.4780000e+01   3.2831290e-02
   1.4800000e+01   3.3453050e-02
   1.4820000e+01   2.9644950e-02
   1.4840000e+01   1.7803340e-02
   1.4860000e+01   6.7406340e-04
   1.4880000e+01  -1.6437870e-02
   1.4900000e+01  -2.2495050e-02
   1.4920000e+01  -2.2732090e-02
   1.4940000e+01  -2.2789620e-02
   1.4960000e+01  -2.5256370e-02
   1.4980000e+01  -3.4044060e-02
   1.5000000e+01  -4.4133270e-02
   1.5020000e+01  -4.9912970e-02
   1.5040000e+01  -4.5811930e-02
   1.5060000e+01  -2.9069000e-02
   1.5080000e+01  -9.6965110e-03
   1.5100000e+01   6.5201050e-03
   1.5120000e+01   1.2630570e-02
   1.5140000e+01   9.2274920e-03
   1.5160000e+01   2.4737220e-03
   1.5180000e+01  -7.5083430e-03
   1.5200000e+01  -1.9571210e-02
   1.5220000e+01  -3.2731580e-02
   1.5240000e+01  -3.9073260e-02
   1.5260000e+01  -3.4967060e-02
   1.5280000e+01  -2.5881220e-02
   1.5300000e+01  -2.0451060e-02
   1.5320000e+01  -1.9859780e-02
   1.5340000e+01  -2.3137360e-02
   1.5360000e+01  -2.7465520e-02
   1.5380000e+01  -2.8787750e-02
   1.5400000e+01  -2.6505280e-02
   1.5420000e+01  -2.0869060e-02
   1.5440000e+01  -1.3284630e-02
   1.5460000e+01  -2.5728850e-03
   1.5480000e+01   9.0058710e-03
   1.5500000e+01   1.9804320e-02
   1.5520000e+01   2.7558090e-02
   1.5540000e+01   3.2229420e-02
   1.5560000e+01   3.2015970e-02
   1.5580000e+01   2.5431600e-02
   1.5600000e+01   1.7249920e-02
   1.5620000e+01   1.0167790e-02
   1.5640000e+01   1.8545390e-03
   1.5660000e+01  -4.0168350e-03
   1.5680000e+01  -9.7760060e-03
   1.5700000e+01  -1.5815670e-02
   1.5720000e+01  -1.7807980e-02
   1.5740000e+01  -1.4223940e-02
   1.5760000e+01  -6.5282760e-03
   1.5780000e+01  -5.8293140e-04
   1.5800000e+01   2.9082970e-03
   1.5820000e+01   4.9123680e-03
   1.5840000e+01   7.1235020e-03
   1.5860000e+01   5.3474580e-03
   1.5880000e+01   9.6735680e-04
   1.5900000e+01  -2.1367210e-03
   1.5920000e+01   1.2759840e-03
   1.5940000e+01   1.0967810e-02
   1.5960000e+01   2.3410580e-02
   1.5980000e+01   3.6591830e-02
   1.6000000e+01   4.7984010e-02
   1.6020000e+01   5.3974260e-02
   1.6040000e+01   5.0329610e-02
   1.6060000e+01   4.1318730e-02
   1.6080000e+01   3.1069570e-02
   1.6100000e+01   2.2475880e-02
   1.6120000e+01   1.2142060e-02
   1.6140000e+01  -2.0759000e-03
   1.6160000e+01  -1.3755090e-02
   1.6180000e+01  -1.6431750e-02
   1.6200000e+01  -1.2538600e-02
   1.6220000e+01  -1.0594650e-02
   1.6240000e+01  -8.9638540e-03
   1.6260000e+01  -6.8913900e-03
   1.6280000e+01  -6.5947460e-03
   1.6300000e+01  -8.1616390e-03
   1.6320000e+01  -5.8362100e-03
   1.6340000e+01   3.3528000e-03
   1.6360000e+01   1.2783550e-02
   1.6380000e+01   1.6262600e-02
   1.6400000e+01   1.0867660e-02
   1.6420000e+01   2.7564560e-03
   1.6440000e+01  -6.6682530e-04
   1.6460000e+01   2.4795410e-04
   1.6480000e+01   2.4836350e-03
   1.6500000e+01   9.8427770e-03
   1.6520000e+01   1.9942660e-02
   1.6540000e+01   2.5909500e-02
   1.6560000e+01   2.8171710e-02
   1.6580000e+01   2.6299860e-02
   1.6600000e+01   2.0710110e-02
   1.6620000e+01   1.0268220e-02
   1.6640000e+01  -5.4225950e-03
   1.6660000e+01  -1.9479360e-02
   1.6680000e+01  -2.7621150e-02
   1.6700000e+01  -3.3753540e-02
   1.6720000e+01  -4.0566260e-02
   1.6740000e+01  -4.2720650e-02
   1.6760000e+01  -3.2903290e-02
   1.6780000e+01  -1.4387370e-02
   1.6800000e+01   7.0793960e-03
   1.6820000e+01   2.5752390e-02
   1.6840000e+01   3.9093850e-02
   1.6860000e+01   4.3581710e-02
   1.6880000e+01   3.7572740e-02
   1.6900000e+01   2.3958670e-02
   1.6920000e+01   7.7741880e-03
   1.6940000e+01  -5.2003520e-03
   1.6960000e+01  -1.3797060e-02
   1.6980000e+01  -1.6855150e-02
   1.7000000e+01  -1.5276330e-02
   1.7020000e+01  -9.4237100e-03
   1.7040000e+01  -3.4109490e-03
   1.7060000e+01   1.6532120e-03
   1.7080000e+01   5.5035730e-03
   1.7100000e+01   7.8871740e-03
   1.7120000e+01   5.7664550e-03
   1.7140000e+01   7.2853600e-04
   1.7160000e+01  -1.2238830e-03
   1.7180000e+01  -1.2913430e-03
   1.7200000e+01  -1.4608020e-03
   1.7220000e+01  -1.7394020e-03
   1.7240000e+01  -4.0702430e-03
   1.7260000e+01  -2.3812630e-03
   1.7280000e+01   3.2836760e-03
   1.7300000e+01   1.1718930e-02
   1.7320000e+01   2.1509780e-02
   1.7340000e+01   2.5852790e-02
   1.7360000e+01   2.5525230e-02
   1.7380000e+01   1.7737380e-02
   1.7400000e+01   6.4754200e-03
   1.7420000e+01  -1.6979850e-03
   1.7440000e+01  -7.5049900e-03
   1.7460000e+01  -1.0502910e-02
   1.7480000e+01  -1.0369450e-02
   1.7500000e+01  -7.1025320e-03
   1.7520000e+01  -4.1191810e-03
   1.7540000e+01  -7.3098910e-03
   1.7560000e+01  -9.8712630e-03
   1.7580000e+01  -1.2142960e-02
   1.7600000e+01  -1.1543350e-02
   1.7620000e+01  -1.0364380e-02
   1.7640000e+01  -8.0399570e-03
   1.7660000e+01  -2.6932720e-03
   1.7680000e+01   1.0815890e-03
   1.7700000e+01   4.2158910e-03
   1.7720000e+01   4.1229110e-03
   1.7740000e+01   4.3767290e-03
   1.7760000e+01   3.1454260e-03
   1.7780000e+01  -3.3500980e-03
   1.7800000e+01  -1.3667560e-02
   1.7820000e+01  -2.4041130e-02
   1.7840000e+01  -3.1185380e-02
   1.7860000e+01  -3.4644370e-02
   1.7880000e+01  -3.1467240e-02
   1.7900000e+01  -2.0826770e-02
   1.7920000e+01  -8.4716920e-03
   1.7940000e+01   2.8552330e-03
   1.7960000e+01   8.4976930e-03
   1.7980000e+01   5.7455530e-03
   1.8000000e+01  -1.0335500e-03
   1.8020000e+01  -7.2312540e-03
   1.8040000e+01  -1.2253920e-02
   1.8060000e+01  -1.2222490e-02
   1.8080000e+01  -6.2781180e-03
   1.8100000e+01   2.2815300e-03
   1.8120000e+01   9.6222750e-03
   1.8140000e+01   1.3454220e-02
   1.8160000e+01   1.7944060e-02
   1.8180000e+01   1.8742520e-02
   1.8200000e+01   1.5509940e-02
   1.8220000e+01   1.5465870e-02
   1.8240000e+01   1.8302280e-02
   1.8260000e+01   2.0404300e-02
   1.8280000e+01   1.5260220e-02
   1.8300000e+01   3.5483690e-03
   1.8320000e+01  -1.0962360e-02
   1.8340000e+01  -2.3780930e-02
   1.8360000e+01  -2.9284050e-02
   1.8380000e+01  -2.7597190e-02
   1.8400000e+01  -2.3515380e-02
   1.8420000e+01  -1.9933370e-02
   1.8440000e+01  -1.9139020e-02
   1.8460000e+01  -1.5826300e-02
   1.8480000e+01  -7.9633530e-03
   1.8500000e+01   1.2857670e-03
   1.8520000e+01   1.2807440e-02
   1.8540000e+01   2.3288710e-02
   1.8560000e+01   3.3040690e-02
   1.8580000e+01   3.5991290e-02
   1.8600000e+01   2.8403260e-02
   1.8620000e+01   1.2803130e-02
   1.8640000e+01  -6.8255290e-04
   1.8660000e+01  -5.6818360e-03
   1.8680000e+01  -9.2684220e-03
   1.8700000e+01  -1.3213040e-02
   1.8720000e+01  -1.4994220e-02
   1.8740000e+01  -9.2019180e-03
   1.8760000e+01   2.5318820e-03
   1.8780000e+01   1.2195080e-02
   1.8800000e+01   1.2306990e-02
   1.8820000e+01   4.1518080e-03
   1.8840000e+01  -4.2012640e-03
   1.8860000e+01  -7.0891790e-03
   1.8880000e+01  -4.7485760e-03
   1.8900000e+01   8.4684190e-04
   1.8920000e+01   5.9699970e-03
   1.8940000e+01   6.0951490e-03
   1.8960000e+01  -1.3654430e-03
   1.8980000e+01  -1.0942540e-02
   1.9000000e+01  -1.3518350e-02
   1.9020000e+01  -7.7158990e-03
   1.9040000e+01   1.6871550e-03
   1.9060000e+01   7.1356660e-03
   1.9080000e+01   7.5953520e-03
   1.9100000e+01   6.4026360e-03
   1.9120000e+01   3.9063560e-03
   1.9140000e+01  -4.9732850e-04
   1.9160000e+01  -5.9689560e-03
   1.9180000e+01  -9.2282090e-03
   1.9200000e+01  -9.9731610e-03
   1.9220000e+01  -9.2126030e-03
   1.9240000e+01  -7.0118050e-03
   1.9260000e+01  -6.4909520e-03
   1.9280000e+01  -9.5411230e-03
   1.9300000e+01  -1.2335280e-02
   1.9320000e+01  -9.2705560e-03
   1.9340000e+01  -4.8237390e-03
   1.9360000e+01   8.2463410e-04
   1.9380000e+01   1.4678640e-03
   1.9400000e+01  -7.2145130e-04
   1.9420000e+01  -9.2177050e-04
   1.9440000e+01  -7.4469300e-04
   1.9460000e+01   1.4968600e-03
   1.9480000e+01   1.8789490e-03
   1.9500000e+01   1.5062340e-03
   1.9520000e+01  -3.1994460e-03
   1.9540000e+01  -1.0904950e-02
   1.9560000e+01  -1.7955610e-02
   1.9580000e+01  -2.0761040e-02
   1.9600000e+01  -1.3992770e-02
   1.9620000e+01   1.7867230e-04
   1.9640000e+01   1.4425590e-02
   1.9660000e+01   2.5417680e-02
   1.9680000e+01   3.0773250e-02
   1.9700000e+01   3.1352140e-02
   1.9720000e+01   2.6697420e-02
   1.9740000e+01   2.3162650e-02
   1.9760000e+01   2.5491870e-02
   1.9780000e+01   2.5417950e-02
   1.9800000e+01   2.2628780e-02
   1.9820000e+01   1.7949560e-02
   1.9840000e+01   1.1773990e-02
   1.9860000e+01   8.0260170e-03
   1.9880000e+01   6.0140770e-03
   1.9900000e+01   4.1500340e-03
   1.9920000e+01   1.7749670e-03
   1.9940000e+01  -3.3286670e-04
   1.9960000e+01  -7.5566430e-04
   1.9980000e+01  -3.3724870e-03
   2.0000000e+01  -2.8803530e-03
   2.0020000e+01   9.7573490e-04
   2.0040000e+01   5.2836790e-03
   2.0060000e+01   9.8935380e-03
   2.0080000e+01   1.2991750e-02
   2.0100000e+01   1.4563020e-02
   2.0120000e+01   1.4090210e-02
   2.0140000e+01   1.5886880e-02
   2.0160000e+01   1.7486700e-02
   2.0180000e+01   1.4057910e-02
   2.0200000e+01   6.5562530e-03
   2.0220000e+01  -2.5253850e-03
   2.0240000e+01  -9.1070120e-03
   2.0260000e+01  -8.1712410e-03
   2.0280000e+01  -4.3921510e-04
   2.0300000e+01   6.3880650e-03
   2.0320000e+01   8.8650410e-03
   2.0340000e+01   5.7493500e-03
   2.0360000e+01  -3.5800400e-04
   2.0380000e+01  -6.0288040e-03
   2.0400000e+01  -1.0332800e-02
   2.0420000e+01  -1.1632920e-02
   2.0440000e+01  -1.0237180e-02
   2.0460000e+01  -6.6392530e-03
   2.0480000e+01  -6.9635800e-04
   2.0500000e+01   4.8895310e-03
   2.0520000e+01   6.6983560e-03
   2.0540000e+01   3.7621360e-03
   2.0560000e+01  -1.9739890e-03
   2.0580000e+01  -5.0979000e-03
   2.0600000e+01  -3.1381360e-03
   2.0620000e+01  -7.3671710e-04
   2.0640000e+01  -1.8461440e-03
   2.0660000e+01  -4.4774140e-03
   2.0680000e+01  -1.0455320e-02
   2.0700000e+01  -1.7160470e-02
   2.0720000e+01  -2.1653260e-02
   2.0740000e+01  -2.5584030e-02
   2.0760000e+01  -2.8817130e-02
   2.0780000e+01  -2.7998790e-02
   2.0800000e+01  -2.3769580e-02
   2.0820000e+01  -1.8124620e-02
   2.0840000e+01  -1.4846050e-02
   2.0860000e+01  -1.4479600e-02
   2.0880000e+01  -1.4937310e-02
   2.0900000e+01  -1.5652060e-02
   2.0920000e+01  -1.3437390e-02
   2.0940000e+01  -9.2989890e-03
   2.0960000e+01  -6.2091590e-03
   2.0980000e+01  -9.9890310e-03
   2.1000000e+01  -1.6341350e-02
   2.1020000e+01  -1.7790540e-02
   2.1040000e+01  -1.0913480e-02
   2.1060000e+01   1.5884660e-04
   2.1080000e+01   7.3082430e-03
   2.1100000e+01   6.0283550e-03
   2.1120000e+01  -2.1446990e-03
   2.1140000e+01  -1.3769440e-02
   2.1160000e+01  -2.0621600e-02
   2.1180000e+01  -1.6768870e-02
   2.1200000e+01  -9.1166480e-03
   2.1220000e+01  -1.4654500e-03
   2.1240000e+01   5.5706840e-03
   2.1260000e+01   9.9078920e-03
   2.1280000e+01   1.0790350e-02
   2.1300000e+01   8.2221530e-03
   2.1320000e+01   6.2180040e-03
   2.1340000e+01   5.6877500e-03
   2.1360000e+01   7.9961510e-03
   2.1380000e+01   1.4345790e-02
   2.1400000e+01   1.9757010e-02
   2.1420000e+01   2.0852620e-02
   2.1440000e+01   1.9091200e-02
   2.1460000e+01   1.6461750e-02
   2.1480000e+01   1.2723560e-02
   2.1500000e+01   9.6738640e-03
   2.1520000e+01   9.4414020e-03
   2.1540000e+01   9.0151320e-03
   2.1560000e+01   6.9568590e-03
   2.1580000e+01   5.1117590e-03
   2.1600000e+01   4.5494570e-05
   2.1620000e+01  -6.1580750e-03
   2.1640000e+01  -1.0637850e-02
   2.1660000e+01  -1.1584360e-02
   2.1680000e+01  -1.1457820e-02
   2.1700000e+01  -1.0750910e-02
   2.1720000e+01  -6.9942090e-03
   2.1740000e+01  -1.2260740e-03
   2.1760000e+01   3.4404580e-03
   2.1780000e+01   5.6589840e-03
   2.1800000e+01   5.6059640e-03
   2.1820000e+01   4.3024190e-03
   2.1840000e+01   4.5003090e-03
   2.1860000e+01   3.2242920e-03
   2.1880000e+01   9.0379060e-04
   2.1900000e+01  -5.1050360e-03
   2.1920000e+01  -1.5160200e-02
   2.1940000e+01  -1.8978090e-02
   2.1960000e+01  -1.5620270e-02
   2.1980000e+01  -1.1305700e-02
   2.2000000e+01  -6.6790130e-03
   2.2020000e+01  -5.1745530e-03
   2.2040000e+01  -8.8312990e-03
   2.2060000e+01  -1.0322590e-02
   2.2080000e+01  -8.0225450e-03
   2.2100000e+01  -5.1594670e-03
   2.2120000e+01  -7.6248730e-03
   2.2140000e+01  -1.5733950e-02
   2.2160000e+01  -1.8418670e-02
   2.2180000e+01  -1.8587050e-02
   2.2200000e+01  -1.8089370e-02
   2.2220000e+01  -1.5207960e-02
   2.2240000e+01  -1.1572780e-02
   2.2260000e+01  -8.6199930e-03
   2.2280000e+01  -1.0180700e-02
   2.2300000e+01  -1.5467480e-02
   2.2320000e+01  -1.8202220e-02
   2.2340000e+01  -1.6994660e-02
   2.2360000e+01  -1.8438100e-02
   2.2380000e+01  -1.8353570e-02
   2.2400000e+01  -1.5735380e-02
   2.2420000e+01  -1.0299940e-02
   2.2440000e+01  -3.7496560e-03
   2.2460000e+01   2.4803460e-03
   2.2480000e+01   5.6574830e-03
   2.2500000e+01   1.0923580e-02
   2.2520000e+01   1.7828800e-02
   2.2540000e+01   2.1736240e-02
   2.2560000e+01   2.2783600e-02
   2.2580000e+01   2.0347650e-02
   2.2600000e+01   1.6940650e-02
   2.2620000e+01   1.4278250e-02
   2.2640000e+01   1.4648300e-02
   2.2660000e+01   1.6778880e-02
   2.2680000e+01   1.8870680e-02
   2.2700000e+01   2.3089180e-02
   2.2720000e+01   2.9495580e-02
   2.2740000e+01   3.0397020e-02
   2.2760000e+01   2.2071550e-02
   2.2780000e+01   1.6347070e-02
   2.2800000e+01   1.2267840e-02
   2.2820000e+01   3.9882490e-03
   2.2840000e+01  -6.6730480e-03
   2.2860000e+01  -1.0279010e-02
   2.2880000e+01  -8.6227960e-03
   2.2900000e+01  -3.4741070e-03
   2.2920000e+01   5.3088350e-03
   2.2940000e+01   1.2710690e-02
   2.2960000e+01   1.7529910e-02
   2.2980000e+01   1.4481860e-02
   2.3000000e+01   1.0942150e-02
   2.3020000e+01   7.8206570e-03
   2.3040000e+01   1.1257750e-02
   2.3060000e+01   1.7078580e-02
   2.3080000e+01   1.9589510e-02
   2.3100000e+01   2.0797880e-02
   2.3120000e+01   1.9491960e-02
   2.3140000e+01   1.8121770e-02
   2.3160000e+01   1.8577370e-02
   2.3180000e+01   1.8847330e-02
   2.3200000e+01   1.7098710e-02
   2.3220000e+01   1.2365550e-02
   2.3240000e+01   2.7486400e-03
   2.3260000e+01  -7.0875790e-03
   2.3280000e+01  -1.4733860e-02
   2.3300000e+01  -1.5482920e-02
   2.3320000e+01  -1.0015060e-02
   2.3340000e+01  -7.8112250e-03
   2.3360000e+01  -7.2699880e-03
   2.3380000e+01  -8.8819760e-03
   2.3400000e+01  -9.7524270e-03
   2.3420000e+01  -1.1326690e-02
   2.3440000e+01  -1.0272400e-02
   2.3460000e+01  -6.7874710e-03
   2.3480000e+01  -4.9182210e-03
   2.3500000e+01  -2.5287770e-03
   2.3520000e+01  -1.9090360e-03
   2.3540000e+01  -2.8937600e-03
   2.3560000e+01  -1.0265680e-03
   2.3580000e+01  -1.2065210e-03
   2.3600000e+01  -3.8507980e-03
   2.3620000e+01  -5.2302790e-03
   2.3640000e+01  -8.0336850e-03
   2.3660000e+01  -5.5973550e-03
   2.3680000e+01  -3.7250900e-03
   2.3700000e+01   1.8324310e-03
   2.3720000e+01   1.0201060e-02
   2.3740000e+01   1.5124140e-02
   2.3760000e+01   1.3552870e-02
   2.3780000e+01   8.5554130e-03
   2.3800000e+01   1.8586330e-03
   2.3820000e+01  -2.9338100e-03
   2.3840000e+01  -6.2319590e-03
   2.3860000e+01  -1.2605410e-02
   2.3880000e+01  -1.9763250e-02
   2.3900000e+01  -2.6299910e-02
   2.3920000e+01  -1.7229550e-02
   2.3940000e+01   1.0677190e-03
   2.3960000e+01   1.8257270e-02
   2.3980000e+01   1.3123090e-02
   2.4000000e+01  -7.5171300e-03
   2.4020000e+01  -2.9325250e-02
   2.4040000e+01  -3.0838440e-02
   2.4060000e+01  -1.4453690e-02
   2.4080000e+01  -1.9153700e-03
   2.4100000e+01   9.8069510e-03
   2.4120000e+01   1.4021040e-02
   2.4140000e+01   1.4368320e-02
   2.4160000e+01   1.2247190e-02
   2.4180000e+01   7.5301550e-03
   2.4200000e+01   1.9807970e-03
   2.4220000e+01   4.1569150e-03
   2.4240000e+01   8.9136290e-03
   2.4260000e+01   1.3125660e-02
   2.4280000e+01   1.2522270e-02
   2.4300000e+01   1.0018610e-02
   2.4320000e+01   6.2562720e-03
   2.4340000e+01   2.0257490e-03
   2.4360000e+01   3.1849030e-03
   2.4380000e+01   2.7171540e-03
   2.4400000e+01   3.6253800e-03
   2.4420000e+01   5.1588630e-03
   2.4440000e+01   5.0511640e-03
   2.4460000e+01  -6.2369960e-04
   2.4480000e+01  -5.9252460e-03
   2.4500000e+01  -9.2785960e-03
   2.4520000e+01  -1.6358000e-02
   2.4540000e+01  -2.2541870e-02
   2.4560000e+01  -2.4497830e-02
   2.4580000e+01  -1.8672210e-02
   2.4600000e+01  -1.1029980e-02
   2.4620000e+01  -7.7390600e-03
   2.4640000e+01  -7.1256520e-03
   2.4660000e+01  -4.9526660e-03
   2.4680000e+01  -1.6668640e-03
   2.4700000e+01   1.5057160e-03
   2.4720000e+01   2.8820730e-03
   2.4740000e+01   4.2982060e-03
   2.4760000e+01   3.8232580e-03
   2.4780000e+01   2.9617250e-03
   2.4800000e+01   4.8021710e-03
   2.4820000e+01   7.0628530e-03
   2.4840000e+01   1.0289480e-02
   2.4860000e+01   1.5736630e-02
   2.4880000e+01   1.8048300e-02
   2.4900000e+01   1.3594320e-02
   2.4920000e+01   1.1596490e-02
   2.4940000e+01   1.2456700e-02
   2.4960000e+01   1.2405020e-02
   2.4980000e+01   6.3282010e-03
   2.5000000e+01  -9.0325850e-04
   2.5020000e+01  -5.1420410e-03
   2.5040000e+01  -3.9075060e-03
   2.5060000e+01   1.0449260e-03
   2.5080000e+01   4.6366760e-03
   2.5100000e+01   5.0266450e-03
   2.5120000e+01   4.8984510e-03
   2.5140000e+01   4.5601340e-03
   2.5160000e+01   2.6795750e-03
   2.5180000e+01  -5.1882540e-04
   2.5200000e+01  -1.8730680e-03
   2.5220000e+01  -1.9563930e-03
   2.5240000e+01  -3.7094600e-03
   2.5260000e+01  -8.3172880e-04
   2.5280000e+01   3.6351610e-03
   2.5300000e+01   7.9082470e-03
   2.5320000e+01   7.5331930e-03
   2.5340000e+01   2.4804170e-03
   2.5360000e+01  -2.2837020e-03
   2.5380000e+01  -9.0582410e-03
   2.5400000e+01  -1.7494370e-02
   2.5420000e+01  -2.5103270e-02
   2.5440000e+01  -3.0321290e-02
   2.5460000e+01  -2.4357060e-02
   2.5480000e+01  -1.6441560e-02
   2.5500000e+01  -1.1355560e-02
   2.5520000e+01  -9.5019280e-03
   2.5540000e+01  -1.0197280e-02
   2.5560000e+01  -5.3152740e-03
   2.5580000e+01   1.3976300e-03
   2.5600000e+01   6.8895930e-03
   2.5620000e+01   7.8282750e-03
   2.5640000e+01   5.6712560e-03
   2.5660000e+01   4.9911950e-03
   2.5680000e+01   3.5277730e-03
   2.5700000e+01   6.8277500e-03
   2.5720000e+01   9.9216860e-03
   2.5740000e+01   8.3552400e-03
   2.5760000e+01   7.0672540e-03
   2.5780000e+01   7.9916470e-03
   2.5800000e+01   1.0908100e-02
   2.5820000e+01   1.4712970e-02
   2.5840000e+01   1.5489460e-02
   2.5860000e+01   1.1025190e-02
   2.5880000e+01   6.9821760e-03
   2.5900000e+01   1.8834630e-03
   2.5920000e+01  -3.3141900e-03
   2.5940000e+01  -8.1038440e-03
   2.5960000e+01  -1.2482430e-02
   2.5980000e+01  -1.5143360e-02
   2.6000000e+01  -1.2433970e-02
   2.6020000e+01  -5.9026460e-03
   2.6040000e+01   7.1756500e-05
   2.6060000e+01   3.6430390e-03
   2.6080000e+01   2.4580620e-03
   2.6100000e+01  -4.0186770e-03
   2.6120000e+01  -8.7093960e-03
   2.6140000e+01  -1.1423360e-02
   2.6160000e+01  -1.0828430e-02
   2.6180000e+01  -9.7500320e-03
   2.6200000e+01  -6.9406920e-03
   2.6220000e+01  -2.2943310e-03
   2.6240000e+01  -1.6728910e-03
   2.6260000e+01  -3.9717110e-03
   2.6280000e+01  -7.1783300e-03
   2.6300000e+01  -7.3698300e-03
   2.6320000e+01  -4.4809300e-03
   2.6340000e+01   6.5401050e-04
   2.6360000e+01   5.8929910e-03
   2.6380000e+01   8.7747530e-03
   2.6400000e+01   6.0352920e-03
   2.6420000e+01   4.4157940e-03
   2.6440000e+01   8.2900160e-03
   2.6460000e+01   1.5598580e-02
   2.6480000e+01   2.0856940e-02
   2.6500000e+01   2.4819900e-02
   2.6520000e+01   2.5536200e-02
   2.6540000e+01   2.3228210e-02
   2.6560000e+01   2.0751920e-02
   2.6580000e+01   1.6318240e-02
   2.6600000e+01   1.0777860e-02
   2.6620000e+01   5.1008120e-03
   2.6640000e+01   3.6659390e-03
   2.6660000e+01   3.8263470e-03
   2.6680000e+01  -3.3470430e-03
   2.6700000e+01  -1.3476390e-02
   2.6720000e+01  -1.8941290e-02
   2.6740000e+01  -2.3556510e-02
   2.6760000e+01  -2.3401200e-02
   2.6780000e+01  -1.8666080e-02
   2.6800000e+01  -1.3038470e-02
   2.6820000e+01  -6.9171760e-03
   2.6840000e+01  -2.7736580e-03
   2.6860000e+01  -4.1004010e-03
   2.6880000e+01  -9.0399810e-03
   2.6900000e+01  -1.2274120e-02
   2.6920000e+01  -1.2416630e-02
   2.6940000e+01  -1.0505900e-02
   2.6960000e+01  -9.1418710e-03
   2.6980000e+01  -7.2311240e-03
   2.7000000e+01  -4.7440770e-03
   2.7020000e+01  -3.5901680e-03
   2.7040000e+01  -1.8038560e-03
   2.7060000e+01   1.2074760e-03
   2.7080000e+01   1.9778700e-03
   2.7100000e+01   2.4575650e-03
   2.7120000e+01   2.7322430e-03
   2.7140000e+01   7.8536300e-04
   2.7160000e+01   2.4727440e-03
   2.7180000e+01   5.1617670e-03
   2.7200000e+01   8.0690720e-03
   2.7220000e+01   8.6263000e-03
   2.7240000e+01   7.6851490e-03
   2.7260000e+01   7.5344990e-03
   2.7280000e+01   9.3840730e-03
   2.7300000e+01   1.1921120e-02
   2.7320000e+01   1.2331490e-02
   2.7340000e+01   1.2918300e-02
   2.7360000e+01   1.3988610e-02
   2.7380000e+01   1.5208850e-02
   2.7400000e+01   1.1844200e-02
   2.7420000e+01   7.5217680e-03
   2.7440000e+01   2.7117800e-03
   2.7460000e+01  -2.1767460e-03
   2.7480000e+01  -3.9971090e-03
   2.7500000e+01  -2.4677900e-03
   2.7520000e+01   5.9867160e-04
   2.7540000e+01   2.7206160e-03
   2.7560000e+01   5.3076830e-03
   2.7580000e+01   4.7572320e-03
   2.7600000e+01   7.3572570e-04
   2.7620000e+01  -4.8320990e-03
   2.7640000e+01  -7.1624410e-03
   2.7660000e+01  -8.8869000e-03
   2.7680000e+01  -9.9289750e-03
   2.7700000e+01  -9.3645480e-03
   2.7720000e+01  -9.7425960e-03
   2.7740000e+01  -9.3525840e-03
   2.7760000e+01  -1.0139650e-02
   2.7780000e+01  -8.0594870e-03
   2.7800000e+01  -3.6669850e-03
   2.7820000e+01   3.5526130e-04
   2.7840000e+01   1.7836510e-03
   2.7860000e+01   2.8362350e-04
   2.7880000e+01  -1.1042000e-03
   2.7900000e+01  -2.0330200e-03
   2.7920000e+01  -4.6693180e-03
   2.7940000e+01  -7.1913710e-03
   2.7960000e+01  -1.1688140e-02
   2.7980000e+01  -1.3237110e-02
   2.8000000e+01  -1.0873350e-02
   2.8020000e+01  -1.0867830e-02
   2.8040000e+01  -8.9895850e-03
   2.8060000e+01  -5.2600360e-03
   2.8080000e+01  -1.7548840e-03
   2.8100000e+01   2.9650930e-03
   2.8120000e+01   6.9006920e-03
   2.8140000e+01   1.0657800e-02
   2.8160000e+01   1.4975900e-02
   2.8180000e+01   1.4471460e-02
   2.8200000e+01   1.2751170e-02
   2.8220000e+01   1.0722850e-02
   2.8240000e+01   8.0060350e-03
   2.8260000e+01   6.7253840e-03
   2.8280000e+01   5.8761960e-03
   2.8300000e+01   7.3158930e-03
   2.8320000e+01   9.7970140e-03
   2.8340000e+01   1.2404620e-02
   2.8360000e+01   1.2644810e-02
   2.8380000e+01   1.0872540e-02
   2.8400000e+01   7.4978620e-03
   2.8420000e+01   5.7225440e-03
   2.8440000e+01   5.1110520e-03
   2.8460000e+01   5.9020640e-03
   2.8480000e+01   9.2930620e-03
   2.8500000e+01   1.4419080e-02
   2.8520000e+01   1.3287410e-02
   2.8540000e+01   9.3680790e-03
   2.8560000e+01   5.4283550e-03
   2.8580000e+01   2.1965160e-03
   2.8600000e+01   2.1032200e-03
   2.8620000e+01  -9.4194940e-04
   2.8640000e+01  -2.0195340e-03
   2.8660000e+01  -2.0210140e-03
   2.8680000e+01  -3.5728890e-03
   2.8700000e+01  -7.2065790e-03
   2.8720000e+01  -8.5738250e-03
   2.8740000e+01  -8.0724240e-03
   2.8760000e+01  -8.3921200e-03
   2.8780000e+01  -6.4984080e-03
   2.8800000e+01  -2.2240130e-03
   2.8820000e+01   5.4894850e-04
   2.8840000e+01   1.7052150e-03
   2.8860000e+01   1.2794660e-03
   2.8880000e+01   9.2614380e-04
   2.8900000e+01   1.9080060e-03
   2.8920000e+01   2.2370740e-03
   2.8940000e+01  -3.8573270e-04
   2.8960000e+01  -1.9609930e-03
   2.8980000e+01  -2.2581890e-03
   2.9000000e+01  -4.3475190e-03
   2.9020000e+01  -7.3466830e-03
   2.9040000e+01  -9.5482020e-03
   2.9060000e+01  -7.5177350e-03
   2.9080000e+01  -5.8881220e-03
   2.9100000e+01  -4.7797240e-03
   2.9120000e+01  -5.0146590e-03
   2.9140000e+01  -5.5096890e-03
   2.9160000e+01  -5.7333930e-03
   2.9180000e+01  -6.3599910e-03
   2.9200000e+01  -6.2654420e-03
   2.9220000e+01  -4.8499890e-03
   2.9240000e+01  -3.0183690e-03
   2.9260000e+01  -1.9313430e-03
   2.9280000e+01  -1.2053910e-03
   2.9300000e+01  -2.5143330e-03
   2.9320000e+01  -3.3295880e-03
   2.9340000e+01  -2.8871780e-03
   2.9360000e+01  -3.7371000e-03
   2.9380000e+01  -4.6563780e-03
   2.9400000e+01  -7.2056080e-03
   2.9420000e+01  -8.0687720e-03
   2.9440000e+01  -8.1965110e-03
   2.9460000e+01  -8.4507230e-03
   2.9480000e+01  -8.7600070e-03
   2.9500000e+01  -1.0711480e-02
   2.9520000e+01  -1.0194560e-02
   2.9540000e+01  -1.1105620e-02
   2.9560000e+01  -8.7231040e-03
   2.9580000e+01  -8.2948970e-03
   2.9600000e+01  -7.8962620e-03
   2.9620000e+01  -9.3111820e-03
   2.9640000e+01  -1.1008640e-02
   2.9660000e+01  -8.5771220e-03
   2.9680000e+01  -8.2131400e-03
   2.9700000e+01  -4.4709120e-03
   2.9720000e+01  -2.1770790e-03
   2.9740000e+01  -1.0470570e-03
   2.9760000e+01  -6.8508950e-04
   2.9780000e+01   1.7199450e-03
   2.9800000e+01   4.7981860e-03
   2.9820000e+01   4.9622950e-03
   2.9840000e+01   6.1168300e-03
   2.9860000e+01   7.3570530e-03
   2.9880000e+01   7.7812810e-03
   2.9900000e+01   6.0400590e-03
   2.9920000e+01   4.1631820e-03
   2.9940000e+01   2.8758720e-03
   2.9960000e+01   3.0022900e-03
   2.9980000e+01   2.7370350e-03
   3.0000000e+01   4.0966470e-03
   3.0020000e+01   3.3438460e-03
   3.0040000e+01  -3.6796730e-04
   3.0060000e+01  -2.8629130e-03
   3.0080000e+01  -4.5612330e-03
   3.0100000e+01  -4.3429650e-03
   3.0120000e+01  -3.6187700e-03
   3.0140000e+01  -2.5783660e-03
   3.0160000e+01  -7.1277650e-04
   3.0180000e+01  -1.4328790e-03
   3.0200000e+01  -8.6879410e-04
   3.0220000e+01  -1.0676620e-03
   3.0240000e+01  -2.7159420e-03
   3.0260000e+01  -4.2040750e-03
   3.0280000e+01  -7.2905400e-03
   3.0300000e+01  -8.0891380e-03
   3.0320000e+01  -6.7783680e-03
   3.0340000e+01  -5.6297700e-03
   3.0360000e+01  -4.5760260e-03
   3.0380000e+01  -3.3896730e-03
   3.0400000e+01  -3.2100530e-03
   3.0420000e+01  -2.6591460e-03
   3.0440000e+01  -3.1802510e-03
   3.0460000e+01  -4.6805480e-03
   3.0480000e+01  -2.7148770e-03
   3.0500000e+01   2.4005610e-03
   3.0520000e+01   5.2067280e-03
   3.0540000e+01   7.6834420e-03
   3.0560000e+01   1.0012270e-02
   3.0580000e+01   1.1300700e-02
   3.0600000e+01   1.2358610e-02
   3.0620000e+01   1.0646220e-02
   3.0640000e+01   1.0837140e-02
   3.0660000e+01   1.3574010e-02
   3.0680000e+01   1.3811880e-02
   3.0700000e+01   1.1296770e-02
   3.0720000e+01   8.5236170e-03
   3.0740000e+01   6.1339890e-03
   3.0760000e+01   6.3688290e-03
   3.0780000e+01   8.1683570e-03
   3.0800000e+01   9.4762530e-03
   3.0820000e+01   6.9346770e-03
   3.0840000e+01   3.2629480e-03
   3.0860000e+01   1.4537490e-03
   3.0880000e+01  -1.9326360e-04
   3.0900000e+01  -1.2731480e-03
   3.0920000e+01  -2.1816640e-03
   3.0940000e+01  -3.4838930e-03
   3.0960000e+01  -5.4888930e-03
   3.0980000e+01  -4.7837450e-03
   3.1000000e+01  -2.6801690e-03
   3.1020000e+01  -1.6771650e-03
   3.1040000e+01  -3.2516930e-03
   3.1060000e+01  -3.6338330e-03
   3.1080000e+01  -4.3015650e-03
   3.1100000e+01  -4.0869890e-03
   3.1120000e+01  -2.3577050e-03
   3.1140000e+01  -1.1433240e-04
   3.1160000e+01  -7.4429200e-04
   3.1180000e+01  -5.2757430e-03
   3.1200000e+01  -7.1715060e-03
   3.1220000e+01  -8.0452220e-03
   3.1240000e+01  -8.0162290e-03
   3.1260000e+01  -7.1885680e-03
   3.1280000e+01  -5.9386190e-03
   3.1300000e+01  -3.2718810e-03
   3.1320000e+01  -2.1789970e-03
   3.1340000e+01  -2.7109630e-03
   3.1360000e+01  -2.9909810e-03
   3.1380000e+01  -7.1589160e-04
   3.1400000e+01   1.7295470e-03
   3.1420000e+01   3.0468720e-03
   3.1440000e+01   4.5151660e-03
   3.1460000e+01   7.2146080e-03
   3.1480000e+01   8.5187000e-03
   3.1500000e+01   9.6555170e-03
   3.1520000e+01   8.4728650e-03
   3.1540000e+01   5.8377390e-03
   3.1560000e+01   3.3872420e-03
   3.1580000e+01   8.5209320e-04
   3.1600000e+01  -2.3668770e-04
   3.1620000e+01  -1.1204400e-03
   3.1640000e+01  -2.5998500e-04
   3.1660000e+01  -1.7641550e-05
   3.1680000e+01   1.3936300e-03
   3.1700000e+01   3.5586900e-03
   3.1720000e+01   5.3157570e-03
   3.1740000e+01   7.5654920e-03
   3.1760000e+01   5.4435170e-03
   3.1780000e+01   5.1259290e-03
   3.1800000e+01   4.8063090e-03
   3.1820000e+01   2.8659170e-03
   3.1840000e+01   3.3317120e-03
   3.1860000e+01   4.3483170e-03
   3.1880000e+01   4.7733290e-03
   3.1900000e+01   3.8295090e-03
   3.1920000e+01   3.2539170e-03
   3.1940000e+01   8.4029310e-04
   3.1960000e+01  -7.5936300e-04
   3.1980000e+01   6.1224880e-04
   3.2000000e+01   1.6625680e-03
   3.2020000e+01  -1.2589830e-03
   3.2040000e+01  -3.2737480e-03
   3.2060000e+01  -3.8513240e-03
   3.2080000e+01  -4.7399930e-03
   3.2100000e+01  -5.5756140e-03
   3.2120000e+01  -8.3349480e-03
   3.2140000e+01  -9.1185330e-03
   3.2160000e+01  -7.5703890e-03
   3.2180000e+01  -8.5171590e-03
   3.2200000e+01  -6.9985800e-03
   3.2220000e+01  -3.7837350e-03
   3.2240000e+01  -1.8010410e-03
   3.2260000e+01  -2.4877970e-04
   3.2280000e+01   1.2229100e-03
   3.2300000e+01   3.2647860e-03
   3.2320000e+01   4.8466500e-03
   3.2340000e+01   6.2224820e-03
   3.2360000e+01   6.6823620e-03
   3.2380000e+01   8.2540490e-03
   3.2400000e+01   9.8206440e-03
   3.2420000e+01   1.1733020e-02
   3.2440000e+01   1.2066450e-02
   3.2460000e+01   1.3058810e-02
   3.2480000e+01   1.3268830e-02
   3.2500000e+01   1.0855430e-02
   3.2520000e+01   6.6957870e-03
   3.2540000e+01   2.0496130e-03
   3.2560000e+01  -5.0147250e-04
   3.2580000e+01  -4.6610910e-03
   3.2600000e+01  -7.2060430e-03
   3.2620000e+01  -8.6606070e-03
   3.2640000e+01  -7.9874440e-03
   3.2660000e+01  -6.1269940e-03
   3.2680000e+01  -4.9805380e-03
   3.2700000e+01  -3.6259940e-03
   3.2720000e+01  -1.7828630e-03
   3.2740000e+01   4.7439510e-04
   3.2760000e+01  -6.2311980e-04
   3.2780000e+01  -9.0258790e-04
   3.2800000e+01  -2.2265290e-03
   3.2820000e+01  -3.6963230e-03
   3.2840000e+01  -5.3966300e-03
   3.2860000e+01  -6.9061920e-03
   3.2880000e+01  -6.1707250e-03
   3.2900000e+01  -3.8409930e-03
   3.2920000e+01   4.9916660e-04
   3.2940000e+01   3.0002720e-03
   3.2960000e+01   2.7841050e-03
   3.2980000e+01   2.1262850e-03
   3.3000000e+01  -3.8385030e-04
   3.3020000e+01  -5.6418590e-03
   3.3040000e+01  -8.5926190e-03
   3.3060000e+01  -9.2463350e-03
   3.3080000e+01  -7.8100640e-03
   3.3100000e+01  -6.0045470e-03
   3.3120000e+01  -5.7953240e-03
   3.3140000e+01  -3.3818740e-03
   3.3160000e+01   1.0318020e-03
   3.3180000e+01   3.4650340e-04
   3.3200000e+01  -1.5362680e-03
   3.3220000e+01  -1.6054750e-03
   3.3240000e+01  -1.7634160e-03
   3.3260000e+01  -1.5357900e-03
   3.3280000e+01  -9.9501930e-04
   3.3300000e+01   6.8203760e-04
   3.3320000e+01  -4.3671980e-04
   3.3340000e+01   1.5710820e-04
   3.3360000e+01   1.1099810e-03
   3.3380000e+01   4.0549210e-03
   3.3400000e+01   7.3884850e-03
   3.3420000e+01   6.2105950e-03
   3.3440000e+01   4.1402110e-03
   3.3460000e+01   1.2364920e-03
   3.3480000e+01  -1.4560820e-03
   3.3500000e+01  -2.2167720e-03
   3.3520000e+01  -2.8315950e-03
   3.3540000e+01  -1.1901750e-03
   3.3560000e+01   3.3868110e-03
   3.3580000e+01   6.6388220e-03
   3.3600000e+01   6.6870180e-03
   3.3620000e+01   4.0169170e-03
   3.3640000e+01   1.7374830e-03
   3.3660000e+01   1.7693720e-03
   3.3680000e+01   2.6131860e-03
   3.3700000e+01   2.9776040e-03
   3.3720000e+01   4.9260880e-03
   3.3740000e+01   5.7750150e-03
   3.3760000e+01   4.0494670e-03
   3.3780000e+01   4.9626620e-03
   3.3800000e+01   5.5280420e-03
   3.3820000e+01   4.8673860e-03
   3.3840000e+01   2.2034530e-03
   3.3860000e+01   1.4642520e-04
   3.3880000e+01  -1.4905930e-04
   3.3900000e+01   1.1660400e-03
   3.3920000e+01   3.8836430e-03
   3.3940000e+01   6.2289490e-03
   3.3960000e+01   7.6256590e-03
   3.3980000e+01   8.3318320e-03
   3.4000000e+01   1.2945630e-02
   3.4020000e+01   1.3317250e-02
   3.4040000e+01   9.5813300e-03
   3.4060000e+01   6.7960560e-03
   3.4080000e+01   4.8543250e-03
   3.4100000e+01   3.7418570e-03
   3.4120000e+01   1.6991510e-03
   3.4140000e+01  -9.3617170e-04
   3.4160000e+01  -2.6718510e-03
   3.4180000e+01  -3.2987900e-03
   3.4200000e+01  -3.3759450e-03
   3.4220000e+01  -3.1409780e-03
   3.4240000e+01  -3.1416280e-03
   3.4260000e+01  -2.3609570e-03
   3.4280000e+01  -2.8593630e-03
   3.4300000e+01  -4.5685080e-03
   3.4320000e+01  -5.3647510e-03
   3.4340000e+01  -6.3160310e-03
   3.4360000e+01  -6.1483710e-03
   3.4380000e+01  -4.5465890e-03
   3.4400000e+01  -3.9138050e-03
   3.4420000e+01  -4.8650800e-03
   3.4440000e+01  -4.4444530e-03
   3.4460000e+01  -1.6961860e-03
   3.4480000e+01  -8.1145760e-04
   3.4500000e+01  -1.5107880e-03
   3.4520000e+01  -4.5499970e-03
   3.4540000e+01  -6.7813660e-03
   3.4560000e+01  -7.4633550e-03
   3.4580000e+01  -8.2595840e-03
   3.4600000e+01  -6.9158500e-03
   3.4620000e+01  -7.9609570e-03
   3.4640000e+01  -7.1588440e-03
   3.4660000e+01  -7.6347910e-03
   3.4680000e+01  -9.1205390e-03
   3.4700000e+01  -1.0334970e-02
   3.4720000e+01  -9.5042930e-03
   3.4740000e+01  -7.6301610e-03
   3.4760000e+01  -6.2629690e-03
   3.4780000e+01  -3.5493780e-03
   3.4800000e+01  -5.0167670e-03
   3.4820000e+01  -6.2770980e-03
   3.4840000e+01  -6.0084490e-03
   3.4860000e+01  -4.0394620e-03
   3.4880000e+01  -3.0466160e-03
   3.4900000e+01  -2.8381520e-03
   3.4920000e+01  -3.8587880e-03
   3.4940000e+01  -2.5140460e-03
   3.4960000e+01   4.4535350e-04
   3.4980000e+01   1.8125310e-03
   3.5000000e+01   3.9049270e-03
   3.5020000e+01   4.3337010e-03
   3.5040000e+01   8.0621730e-03
   3.5060000e+01   1.0856320e-02
   3.5080000e+01   9.7336680e-03
   3.5100000e+01   5.8162120e-03
   3.5120000e+01   1.8130740e-03
   3.5140000e+01   6.3533200e-04
   3.5160000e+01   1.4965670e-03
   3.5180000e+01   1.9589790e-03
   3.5200000e+01  -5.6313250e-04
   3.5220000e+01  -4.0868880e-03
   3.5240000e+01  -6.6773460e-03
   3.5260000e+01  -5.7345280e-03
   3.5280000e+01  -2.1723540e-03
   3.5300000e+01   1.2694550e-03
   3.5320000e+01   2.8793400e-03
   3.5340000e+01   2.1626010e-03
   3.5360000e+01   5.5743750e-04
   3.5380000e+01  -2.1337080e-04
   3.5400000e+01  -4.2216380e-04
   3.5420000e+01  -1.5768190e-04
   3.5440000e+01   2.6741350e-03
   3.5460000e+01   4.1932060e-03
   3.5480000e+01   4.7024730e-03
   3.5500000e+01   5.0403730e-03
   3.5520000e+01   2.6500750e-04
   3.5540000e+01  -5.3236360e-04
   3.5560000e+01   1.9107990e-03
   3.5580000e+01   3.7623560e-03
   3.5600000e+01   5.2365050e-03
   3.5620000e+01   4.9756290e-03
   3.5640000e+01   4.4352650e-03
   3.5660000e+01   2.4821950e-03
   3.5680000e+01   2.7384380e-03
   3.5700000e+01   2.0450540e-03
   3.5720000e+01  -4.0375770e-04
   3.5740000e+01  -1.9162170e-03
   3.5760000e+01  -3.7387640e-03
   3.5780000e+01  -2.5482400e-03
   3.5800000e+01  -5.6518270e-04
   3.5820000e+01  -7.8227420e-04
   3.5840000e+01  -2.9975540e-03
   3.5860000e+01  -3.1259230e-03
   3.5880000e+01  -3.2461390e-03
   3.5900000e+01  -5.0911860e-03
   3.5920000e+01  -4.0435220e-03
   3.5940000e+01  -4.5064860e-03
   3.5960000e+01  -3.3599000e-03
   3.5980000e+01  -2.1347850e-03
   3.6000000e+01  -2.0832720e-03
   3.6020000e+01  -2.2730360e-03
   3.6040000e+01  -1.8399400e-03
   3.6060000e+01  -1.3574070e-03
   3.6080000e+01  -1.9560620e-03
   3.6100000e+01  -2.6448750e-03
   3.6120000e+01  -4.2715530e-03
   3.6140000e+01  -3.1938110e-03
   3.6160000e+01  -2.2451670e-03
   3.6180000e+01  -3.3992130e-03
   3.6200000e+01  -5.0681300e-03
   3.6220000e+01  -4.3817980e-03
   3.6240000e+01  -1.5164220e-03
   3.6260000e+01   2.9982910e-04
   3.6280000e+01  -2.9095800e-04
   3.6300000e+01  -1.7118370e-03
   3.6320000e+01  -4.5153890e-04
   3.6340000e+01   1.5946260e-03
   3.6360000e+01   3.8947410e-03
   3.6380000e+01   4.8403410e-03
   3.6400000e+01   2.4813250e-03
   3.6420000e+01   2.4068920e-03
   3.6440000e+01   5.1665590e-03
   3.6460000e+01   7.4497150e-03
   3.6480000e+01   8.9060450e-03
   3.6500000e+01   8.0391040e-03
   3.6520000e+01   5.6253140e-03
   3.6540000e+01   4.3301400e-03
   3.6560000e+01   1.9489820e-03
   3.6580000e+01  -2.9918250e-04
   3.6600000e+01  -1.7532510e-03
   3.6620000e+01  -3.2513910e-03
   3.6640000e+01  -1.2479700e-03
   3.6660000e+01   1.5770720e-03
   3.6680000e+01   2.2034010e-03
   3.6700000e+01   2.4038220e-03
   3.6720000e+01   1.8029680e-03
   3.6740000e+01   1.2120970e-03
   3.6760000e+01   3.5503340e-03
   3.6780000e+01   5.0406440e-03
   3.6800000e+01   6.6055860e-03
   3.6820000e+01   7.0038820e-03
   3.6840000e+01   7.1754060e-03
   3.6860000e+01   5.9168570e-03
   3.6880000e+01   2.5954280e-03
   3.6900000e+01   3.9247890e-03
   3.6920000e+01   4.1019930e-03
   3.6940000e+01   5.1539560e-03
   3.6960000e+01   5.7154450e-03
   3.6980000e+01   4.4423260e-03
   3.7000000e+01   3.7715880e-03
   3.7020000e+01   3.1101770e-04
   3.7040000e+01  -1.4168140e-03
   3.7060000e+01  -3.3304640e-03
   3.7080000e+01  -4.1177300e-03
   3.7100000e+01  -4.3863120e-03
   3.7120000e+01  -5.8764110e-03
   3.7140000e+01  -4.8842180e-03
   3.7160000e+01  -3.9580250e-03
   3.7180000e+01  -2.8192240e-03
   3.7200000e+01  -6.7929320e-04
   3.7220000e+01   1.3073210e-03
   3.7240000e+01   2.5496340e-03
   3.7260000e+01   2.3776940e-03
   3.7280000e+01   1.4787670e-03
   3.7300000e+01   1.6312330e-04
   3.7320000e+01   2.5494090e-05
   3.7340000e+01  -5.0947760e-04
   3.7360000e+01  -8.2544520e-04
   3.7380000e+01  -7.4996530e-04
   3.7400000e+01  -1.2489760e-03
   3.7420000e+01  -7.0836710e-04
   3.7440000e+01  -6.5812470e-04
   3.7460000e+01  -2.1585560e-04
   3.7480000e+01   4.8890790e-04
   3.7500000e+01   1.2277590e-03
   3.7520000e+01   1.4739570e-03
   3.7540000e+01   1.7504980e-03
   3.7560000e+01   1.4767890e-03
   3.7580000e+01  -1.3396250e-04
   3.7600000e+01  -1.5422090e-03
   3.7620000e+01  -3.0244240e-03
   3.7640000e+01  -2.5700650e-03
   3.7660000e+01  -1.7904360e-03
   3.7680000e+01  -1.3421570e-03
   3.7700000e+01  -7.0564240e-04
   3.7720000e+01  -4.1624400e-04
   3.7740000e+01   4.9944220e-05
   3.7760000e+01   4.2519060e-04
   3.7780000e+01   7.9505380e-04
   3.7800000e+01   6.2995810e-04
   3.7820000e+01   9.6218500e-04
   3.7840000e+01   9.6641260e-04
   3.7860000e+01   2.3989560e-04
   3.7880000e+01   3.2840240e-04
   3.7900000e+01   2.4470690e-05
   3.7920000e+01  -2.6739980e-05
   3.7940000e+01  -1.6837010e-04
   3.7960000e+01   1.8568640e-05
   3.7980000e+01   3.3123900e-04
   3.8000000e+01   2.2654000e-04
   3.8020000e+01  -3.9862120e-05
   3.8040000e+01  -5.9615420e-04
   3.8060000e+01  -4.5108710e-04
   3.8080000e+01  -5.3523380e-04
   3.8100000e+01  -3.9071190e-04
   3.8120000e+01  -5.3993850e-05
   3.8140000e+01   3.8386320e-04
   3.8160000e+01   5.6207990e-04
   3.8180000e+01   5.3728240e-04
   3.8200000e+01   9.9190660e-04
   3.8220000e+01   9.6801420e-04
   3.8240000e+01   7.4613090e-04
   3.8260000e+01   7.2494430e-04
   3.8280000e+01   7.0063930e-04
   3.8300000e+01   7.3419930e-04
   3.8320000e+01   4.4503890e-04
   3.8340000e+01   2.9760690e-04
   3.8360000e+01   1.8928570e-04
   3.8380000e+01  -5.4916370e-05
   3.8400000e+01  -3.1282860e-04
   3.8420000e+01  -5.0944460e-04
   3.8440000e+01  -5.6573780e-04
   3.8460000e+01  -6.7083040e-04
   3.8480000e+01  -4.0235100e-04
   3.8500000e+01  -2.3472240e-04
   3.8520000e+01  -3.0316340e-04
   3.8540000e+01  -3.2904650e-04
   3.8560000e+01  -3.0857340e-04
   3.8580000e+01  -2.0865290e-04
   3.8600000e+01  -2.6272990e-04
   3.8620000e+01  -3.7780570e-04
   3.8640000e+01  -3.6948160e-04
   3.8660000e+01  -2.9480650e-04
   3.8680000e+01  -2.1978580e-04
   3.8700000e+01  -3.6731630e-04
   3.8720000e+01  -3.9520640e-04
   3.8740000e+01  -3.2419450e-04
   3.8760000e+01  -3.5870880e-04
   3.8780000e+01  -4.3071710e-04
   3.8800000e+01  -5.3123320e-04
   3.8820000e+01  -5.5202570e-04
   3.8840000e+01  -5.5419200e-04
   3.8860000e+01  -5.6407600e-04
   3.8880000e+01  -5.5662260e-04
   3.8900000e+01  -4.8082350e-04
   3.8920000e+01  -4.4641960e-04
   3.8940000e+01  -4.0052610e-04
   3.8960000e+01  -3.3777340e-04
   3.8980000e+01  -3.4011740e-04
   3.9000000e+01  -3.4545440e-04
   3.9020000e+01  -3.6918130e-04
   3.9040000e+01  -3.4581350e-04
   3.9060000e+01  -3.2660290e-04
   3.9080000e+01  -3.2222850e-04
   3.9100000e+01  -3.1588940e-04
   3.9120000e+01  -3.4211060e-04
   3.9140000e+01  -3.1527890e-04
   3.9160000e+01  -3.2618560e-04
   3.9180000e+01  -3.2793690e-04
   3.9200000e+01  -3.1753220e-04
   3.9220000e+01  -3.1497760e-04
   3.9240000e+01  -3.0359330e-04
   3.9260000e+01  -2.9531130e-04
   3.9280000e+01  -2.7000280e-04
   3.9300000e+01  -2.5439890e-04
   3.9320000e+01  -2.4897650e-04
   3.9340000e+01  -2.4206080e-04
   3.9360000e+01  -2.3307420e-04
   3.9380000e+01  -2.2594020e-04
   3.9400000e+01  -2.1801190e-04
   3.9420000e+01  -2.1108580e-04
   3.9440000e+01  -2.0104730e-04
   3.9460000e+01  -1.9189840e-04
   3.9480000e+01  -1.8482160e-04
   3.9500000e+01  -1.8037100e-04
   3.9520000e+01  -1.7688330e-04
   3.9540000e+01  -1.6948440e-04
   3.9560000e+01  -1.6228390e-04
   3.9580000e+01  -1.5611580e-04
   3.9600000e+01  -1.4950380e-04
   3.9620000e+01  -1.4265420e-04
   3.9640000e+01  -1.3514270e-04
   3.9660000e+01  -1.2759330e-04
   3.9680000e+01  -1.1986120e-04
   3.9700000e+01  -1.1233410e-04
   3.9720000e+01  -1.0457940e-04
   3.9740000e+01  -9.7063960e-05
   3.9760000e+01  -8.9523570e-05
   3.9780000e+01  -8.1950000e-05
   3.9800000e+01  -7.4538250e-05
   3.9820000e+01  -6.7186180e-05
   3.9840000e+01  -5.9798490e-05
   3.9860000e+01  -5.2275680e-05
   3.9880000e+01  -4.4603880e-05
   3.9900000e+01  -3.6767680e-05
   3.9920000e+01  -2.8759880e-05
   3.9940000e+01  -2.0572150e-05
   3.9960000e+01  -1.2198150e-05
   3.9980000e+01  -3.6373390e-06
