-0.00056054
-0.00055594
-0.00055061
-0.00054682
-0.0005465
-0.00055292
-0.00056289
-0.00054584
-0.00048823
-0.00047106
-0.0004979
-0.00045225
-0.00033315
-0.00026592
-0.00030669
-0.0003759
-0.00043749
-0.00051675
-0.00063022
-0.00075587
-0.00084966
-0.00081917
-0.00060714
-0.00042002
-0.00046662
-0.00058541
-0.00031219
9.3904e-05
9.8221e-05
-0.00016491
-0.00040765
-0.00052854
-0.00055922
-0.00048485
-0.00024077
7.4666e-05
0.00058481
0.00075259
0.00081096
0.0016478
0.0026401
0.0027519
0.0017228
7.9638e-05
-0.0017663
-0.003276
-0.0040378
-0.0041108
-0.0033735
-0.0011446
0.0021449
0.0047411
0.005869
0.0057388
0.0043514
0.0012944
-0.0025247
-0.0048853
-0.004798
-0.0024914
0.00095868
0.0044051
0.005494
0.001541
-0.005047
-0.0096235
-0.011811
-0.01209
-0.0084961
0.0015757
0.015419
0.023944
0.021754
0.0095775
-0.0067228
-0.022475
-0.032511
-0.031759
-0.021591
-0.0079589
0.0062041
0.019328
0.02691
0.027706
0.019538
0.0051815
-0.0082305
-0.017613
-0.021382
-0.022606
-0.021231
-0.0070371
0.017159
0.023527
0.014697
0.0069733
0.00073774
-0.0081051
-0.012045
-0.0084436
-0.00096372
0.0046002
0.0011136
-0.0097259
-0.020279
-0.026083
-0.028027
-0.023329
-0.0047382
0.024648
0.052365
0.058343
0.036097
0.005457
-0.017783
-0.025238
-0.01913
-0.0050617
0.010868
0.0045829
-0.013619
-0.011871
0.0072993
0.020348
0.022232
0.021505
0.018625
0.0082228
-0.0083162
-0.019779
-0.017711
0.0021288
0.023451
0.026762
0.017054
0.0014782
-0.013639
-0.018571
-0.010849
0.0065435
0.02756
0.045323
0.058112
0.056395
0.033139
-0.0011264
-0.032825
-0.053363
-0.04021
-0.0017197
0.026608
0.031807
0.027973
0.025122
0.021211
0.012912
0.00090255
-0.011561
-0.009356
0.0019142
0.004714
0.010252
0.025748
0.041511
0.041946
0.021444
-0.0012388
-0.01552
-0.016698
-0.013431
-0.015866
-0.011144
-0.00067265
0.00038851
-0.0091452
-0.014753
-0.0084897
0.0053231
0.023168
0.036351
0.032701
0.014025
-0.0094198
-0.028861
-0.033224
-0.015987
0.012349
0.032264
0.032087
0.018357
0.00284
-0.0013313
-0.0027414
-0.0085915
-0.013633
-0.021406
-0.037067
-0.051356
-0.038899
0.00061065
0.039411
0.056295
0.050242
0.023935
-0.012138
-0.042389
-0.052055
-0.044627
-0.024559
-0.00055256
0.01145
0.0050173
-0.0098858
-0.026965
-0.042341
-0.04
-0.012025
0.024273
0.039445
0.03366
0.026315
0.018484
0.0031818
-0.012199
-0.022342
-0.038942
-0.054173
-0.047749
-0.021056
0.011231
0.041994
0.068705
0.08192
0.079272
0.059016
0.029716
0.011754
0.0055475
0.0057636
0.011414
0.018611
0.025307
0.028879
0.025513
0.017614
0.0077555
0.0046215
0.015352
0.03049
0.040078
0.0465
0.04606
0.019971
-0.021467
-0.040658
-0.032786
-0.024662
-0.029808
-0.012654
0.028368
0.065548
0.072001
0.043755
-0.00034329
-0.044889
-0.088692
-0.12295
-0.12432
-0.088409
-0.042746
-0.0015748
0.03694
0.060533
0.064323
0.059325
0.04173
0.011426
-0.01221
-0.029284
-0.044187
-0.045999
-0.033975
-0.0090046
0.02298
0.054319
0.077548
0.072657
0.044012
0.028967
0.02778
0.010634
-0.014552
-0.023611
-0.015265
-0.012464
-0.0080269
0.0041706
0.012029
0.0081639
0.0012232
0.0018195
0.0064056
0.0070293
0.014556
0.027721
0.0391
0.040011
0.036418
0.043581
0.054056
0.054581
0.039173
-0.00081074
-0.058572
-0.10319
-0.098642
-0.055472
-0.011516
0.017484
0.018719
0.017161
0.030827
0.040035
0.028569
0.0090921
-0.0060882
-0.021707
-0.040731
-0.055317
-0.060331
-0.056557
-0.037089
-0.0072702
0.012094
0.0074779
-0.012438
-0.03445
-0.058792
-0.077669
-0.092222
-0.10156
-0.098408
-0.10114
-0.11465
-0.13281
-0.15065
-0.15413
-0.14785
-0.15448
-0.1678
-0.1727
-0.17133
-0.16697
-0.16042
-0.15402
-0.15292
-0.15626
-0.15988
-0.16309
-0.16621
-0.16665
-0.16182
-0.15677
-0.15801
-0.149
-0.098175
-0.04517
-0.020229
-0.0070575
-0.0036394
-0.010067
-0.021313
-0.047151
-0.10442
-0.16047
-0.18801
-0.17643
-0.1013
-0.0071851
0.061516
0.12018
0.18813
0.24553
0.28802
0.33482
0.37454
0.40187
0.41274
0.41132
0.41815
0.4355
0.44715
0.44262
0.42628
0.39796
0.35972
0.32043
0.29881
0.27479
0.21443
0.13242
0.070594
0.045992
0.021671
-0.014138
-0.034369
-0.033334
-0.020799
0.0027392
0.048789
0.088562
0.098303
0.081756
0.041632
0.010648
-0.00045869
-0.01138
-0.024486
-0.036585
-0.059831
-0.10087
-0.13547
-0.15601
-0.17862
-0.20508
-0.22379
-0.24362
-0.2714
-0.30024
-0.29651
-0.239
-0.1716
-0.11947
-0.07288
-0.030359
-0.0078498
-0.0061564
-0.020828
-0.061807
-0.10675
-0.14012
-0.16287
-0.15202
-0.12364
-0.1016
-0.085746
-0.075382
-0.078589
-0.079792
-0.065921
-0.049365
-0.047743
-0.06274
-0.079865
-0.075637
-0.044075
-0.017642
0.0042582
0.037616
0.072687
0.096214
0.1122
0.12477
0.127
0.10639
0.059154
0.016121
-0.005371
-0.023943
-0.037584
-0.033529
-0.018159
-0.00074752
0.01985
0.032274
0.020616
-0.017244
-0.055698
-0.073473
-0.074303
-0.055314
-0.022035
0.00026186
0.011666
0.024138
0.040269
0.056151
0.069454
0.076301
0.066869
0.043945
0.020182
0.0013724
-0.0054238
6.8663e-05
0.0022371
0.0042714
0.02142
0.04102
0.039685
0.012631
-0.032659
-0.051701
-0.031728
-0.0035319
0.021906
0.04808
0.075327
0.1054
0.13334
0.14729
0.15018
0.15179
0.15281
0.15228
0.15004
0.14605
0.12992
0.086558
0.046753
0.032612
0.028069
0.018241
-0.0057413
-0.037373
-0.058519
-0.076691
-0.094265
-0.095695
-0.086309
-0.074316
-0.052618
-0.02435
-0.010101
-0.01404
-0.029356
-0.045486
-0.057107
-0.069187
-0.080576
-0.084927
-0.083167
-0.077059
-0.064278
-0.046531
-0.028986
-0.012261
0.00078148
-0.0049786
-0.030252
-0.057322
-0.078965
-0.089917
-0.089581
-0.082049
-0.065169
-0.040089
-0.019526
0.00053272
0.015366
0.023088
0.027425
0.025943
0.019195
0.012434
0.0059411
-0.0031461
-0.018824
-0.040175
-0.058158
-0.0614
-0.039181
0.0040791
0.038734
0.053646
0.073822
0.10198
0.12124
0.12015
0.090739
0.040643
-0.005147
-0.032273
-0.055069
-0.082485
-0.097271
-0.089465
-0.065142
-0.030617
0.0020662
0.016138
0.016738
0.030239
0.05781
0.087809
0.10672
0.10358
0.076964
0.039993
0.0032446
-0.031212
-0.059782
-0.080173
-0.0866
-0.081713
-0.072688
-0.06401
-0.058677
-0.057082
-0.063212
-0.079873
-0.090684
-0.079659
-0.046348
-0.0056004
0.020275
0.026729
0.023055
0.022199
0.02882
0.034682
0.03633
0.041435
0.046797
0.044927
0.035951
0.028731
0.031435
0.039914
0.044865
0.045829
0.043876
0.039833
0.037941
0.042805
0.049951
0.046514
0.026931
0.0036284
-0.012139
-0.030291
-0.054085
-0.073159
-0.084486
-0.087034
-0.075098
-0.049996
-0.025708
-0.0021896
0.023406
0.046085
0.064074
0.074876
0.080641
0.087293
0.098982
0.1118
0.11314
0.076798
0.0078887
-0.035978
-0.036272
-0.016244
0.013906
0.030533
0.026848
0.029061
0.043683
0.052587
0.04416
0.020759
0.0023679
-0.0056288
-0.0042471
-0.0065585
-0.0086463
0.0014328
0.027552
0.059982
0.077572
0.07315
0.053126
0.031244
0.013512
-0.0025562
-0.0098256
-0.0056372
0.0038416
0.01388
0.021154
0.019755
0.013241
0.014443
0.028189
0.046563
0.057979
0.055192
0.036835
0.013749
0.00058158
-0.0043561
-0.0086042
-0.0088726
0.0020244
0.01755
0.028251
0.026271
0.018677
0.017883
0.01711
0.0094148
-0.0093398
-0.039608
-0.060214
-0.066734
-0.06934
-0.065784
-0.046364
-0.013953
0.013907
0.022651
0.017224
0.0032112
-0.02268
-0.058192
-0.087711
-0.096358
-0.080957
-0.04153
0.0096841
0.05012
0.071044
0.067312
0.038302
0.014308
0.009126
0.0055035
0.000444
0.001217
0.0039115
0.0035872
0.00032557
-0.0040439
-0.012026
-0.020189
-0.024867
-0.029426
-0.036318
-0.041902
-0.038886
-0.021452
0.0035649
0.02584
0.039443
0.040435
0.028558
0.0059521
-0.014988
-0.018821
-0.0045497
0.017102
0.033891
0.034834
0.018056
-0.012556
-0.043543
-0.0641
-0.075312
-0.075545
-0.059987
-0.033598
-0.01464
-0.0062246
-0.0037237
-0.004025
0.0011473
0.0082723
0.01319
0.010728
-0.0069907
-0.028413
-0.042406
-0.053551
-0.068552
-0.084446
-0.095668
-0.10223
-0.099713
-0.084988
-0.070646
-0.064792
-0.064849
-0.059461
-0.045353
-0.026045
-0.0098708
-0.00061302
-0.00048005
-0.008403
-0.022512
-0.036879
-0.044557
-0.046568
-0.051064
-0.061504
-0.072933
-0.083081
-0.090212
-0.092009
-0.087154
-0.074695
-0.052596
-0.027045
-0.00098018
0.024038
0.036177
0.032651
0.011085
-0.035671
-0.081258
-0.10563
-0.1124
-0.11192
-0.10565
-0.089827
-0.063375
-0.036233
-0.017354
-0.001834
0.011408
0.018357
0.019555
0.017267
0.019836
0.032449
0.058333
0.092957
0.12849
0.16177
0.18679
0.20296
0.21836
0.22959
0.23169
0.22601
0.21329
0.19129
0.14968
0.084674
0.019276
-0.024209
-0.050412
-0.069566
-0.080874
-0.075947
-0.048739
-0.023136
-0.016399
-0.01121
0.0086425
0.033924
0.056023
0.073127
0.089434
0.10126
0.10517
0.10845
0.11912
0.13877
0.16363
0.18539
0.20292
0.22205
0.24026
0.24875
0.23828
0.20295
0.15645
0.1108
0.060568
0.0076186
-0.035567
-0.066125
-0.086225
-0.094153
-0.085618
-0.062204
-0.038482
-0.03012
-0.036734
-0.049291
-0.062012
-0.068449
-0.061969
-0.044593
-0.024555
-0.0060945
0.012551
0.031336
0.047806
0.059661
0.06818
0.070471
0.057989
0.032025
0.0028525
-0.02734
-0.056328
-0.081205
-0.102
-0.11563
-0.12257
-0.12759
-0.13011
-0.13183
-0.1366
-0.14118
-0.14327
-0.14362
-0.1499
-0.1636
-0.18123
-0.20029
-0.21118
-0.21163
-0.20398
-0.1918
-0.17669
-0.16097
-0.14773
-0.1354
-0.11993
-0.10317
-0.083536
-0.060131
-0.039022
-0.02495
-0.012524
-0.0024061
0.0017708
0.0051917
0.012048
0.022184
0.031184
0.037684
0.042849
0.049434
0.056742
0.063226
0.066749
0.064398
0.057847
0.057556
0.068086
0.081698
0.091059
0.089905
0.082818
0.083615
0.095632
0.10571
0.10433
0.084621
0.058902
0.050773
0.061619
0.086186
0.11215
0.12922
0.14235
0.16131
0.18584
0.2062
0.21272
0.20162
0.16872
0.12722
0.097014
0.075497
0.056179
0.039987
0.029511
0.027402
0.027654
0.022624
0.012651
-0.0003746
-0.016362
-0.030824
-0.039739
-0.044477
-0.043781
-0.040559
-0.042937
-0.051062
-0.059612
-0.063111
-0.056273
-0.046089
-0.04419
-0.060345
-0.089071
-0.1178
-0.14255
-0.16068
-0.16432
-0.14512
-0.11602
-0.089708
-0.070599
-0.06021
-0.051969
-0.04087
-0.029421
-0.024641
-0.031207
-0.050589
-0.065921
-0.063171
-0.059985
-0.063963
-0.070616
-0.081922
-0.10097
-0.12264
-0.13536
-0.12891
-0.099021
-0.055326
-0.013854
0.017328
0.039996
0.049659
0.044574
0.028862
0.013216
0.005629
0.0018472
-0.0024729
-0.0052215
-0.0043179
0.0014361
0.01118
0.021726
0.031963
0.046077
0.064135
0.07949
0.092881
0.10798
0.12511
0.13703
0.14069
0.1376
0.12726
0.10974
0.088994
0.069702
0.057027
0.043917
0.019999
-0.010894
-0.041539
-0.064449
-0.074694
-0.070268
-0.057673
-0.045784
-0.035545
-0.028275
-0.022327
-0.015579
-0.010104
-0.0047669
-0.0011445
0.00050348
2.1436e-05
-0.0024653
-0.0068146
-0.01056
-0.011057
-0.0043604
0.011826
0.031831
0.044316
0.043401
0.027799
0.0031215
-0.018695
-0.031849
-0.040227
-0.045976
-0.048524
-0.048577
-0.048128
-0.04796
-0.047144
-0.044768
-0.040316
-0.033993
-0.029342
-0.028627
-0.03098
-0.0358
-0.042125
-0.046769
-0.045399
-0.039695
-0.029618
-0.017201
-0.0053874
0.0061121
0.017248
0.024839
0.031
0.039937
0.049981
0.057553
0.059593
0.057257
0.049558
0.034432
0.014956
-0.0042671
-0.022519
-0.037805
-0.045394
-0.045109
-0.036872
-0.018888
0.0062846
0.030619
0.047644
0.058151
0.065212
0.069739
0.070898
0.066982
0.059618
0.052022
0.045848
0.039767
0.032716
0.024651
0.018357
0.01502
0.014366
0.016872
0.02057
0.023818
0.026456
0.027988
0.027586
0.024991
0.01812
0.0088912
0.00041602
-0.010382
-0.023098
-0.031945
-0.035398
-0.03349
-0.025982
-0.018222
-0.014899
-0.015622
-0.018875
-0.024409
-0.030253
-0.033781
-0.033847
-0.030009
-0.021626
-0.010259
-0.0012604
0.00357
0.0065975
0.0098876
0.010305
0.0048483
-0.0018004
-0.0056576
-0.0064273
-0.0044292
0.0013737
0.0085738
0.016482
0.025738
0.035
0.043041
0.046555
0.044836
0.03986
0.027961
0.010618
-0.006611
-0.02196
-0.031053
-0.033338
-0.035424
-0.038376
-0.042615
-0.046792
-0.051023
-0.05408
-0.054072
-0.053006
-0.052879
-0.051152
-0.042
-0.02218
-0.00010931
0.019784
0.034239
0.040142
0.035749
0.018065
-0.012809
-0.045112
-0.067186
-0.075721
-0.073662
-0.062642
-0.044434
-0.027505
-0.015724
-0.0023455
0.015355
0.031794
0.042752
0.047748
0.048268
0.04458
0.03639
0.021186
0.0029442
-0.012147
-0.017385
-0.011755
0.00089894
0.014838
0.026466
0.030479
0.028482
0.023824
0.013259
-0.0025666
-0.018206
-0.029107
-0.036135
-0.040246
-0.041275
-0.038437
-0.030479
-0.016629
-4.9086e-05
0.0146
0.025483
0.032386
0.02948
0.011837
-0.011749
-0.031003
-0.044075
-0.052963
-0.056636
-0.052331
-0.036952
-0.012839
0.011443
0.032942
0.047072
0.051724
0.051942
0.050818
0.04747
0.035345
0.014167
-0.0086162
-0.029469
-0.045202
-0.053545
-0.058371
-0.063235
-0.066622
-0.065227
-0.05655
-0.04156
-0.025261
-0.0076531
0.010912
0.029542
0.046401
0.059492
0.067957
0.071959
0.070306
0.062666
0.052279
0.044441
0.039748
0.038654
0.03971
0.040634
0.037027
0.025962
0.01041
-0.0040796
-0.011433
-0.010055
-0.0049517
0.0031009
0.014307
0.026852
0.037924
0.046267
0.051663
0.057122
0.06146
0.063765
0.0643
0.063635
0.059812
0.051406
0.039445
0.028287
0.020034
0.013377
0.0090186
0.0077591
0.0091401
0.012819
0.017007
0.019333
0.018482
0.013054
0.0015073
-0.013079
-0.025294
-0.032426
-0.035074
-0.032096
-0.021149
-0.0018977
0.017108
0.028415
0.034707
0.037094
0.032965
0.022752
0.0075431
-0.0076922
-0.016129
-0.0171
-0.012381
-0.0010917
0.012745
0.023249
0.030327
0.034242
0.03402
0.030426
0.021748
0.0078857
-0.0075522
-0.021649
-0.030198
-0.033331
-0.031446
-0.026564
-0.021776
-0.018511
-0.017707
-0.019664
-0.023478
-0.026601
-0.028854
-0.029668
-0.029432
-0.029286
-0.029408
-0.029762
-0.029852
-0.029606
-0.029108
-0.027359
-0.02472
-0.022797
-0.022415
-0.023329
-0.023964
-0.022888
-0.017525
-0.0091165
-0.00056312
0.0068288
0.013607
0.019728
0.024675
0.025825
0.024818
0.0226
0.019899
0.01637
0.01002
6.183e-05
-0.010605
-0.019989
-0.028805
-0.037653
-0.046221
-0.052931
-0.055283
-0.054301
-0.052421
-0.050629
-0.048401
-0.045356
-0.040733
-0.033097
-0.023648
-0.015887
-0.010453
-0.0067801
-0.0040091
-0.003069
-0.0042362
-0.005421
-0.0068821
-0.0083026
-0.0090819
-0.0079778
-0.0031281
0.0048695
0.011246
0.013577
0.011691
0.0049469
-0.0039957
-0.010468
-0.012987
-0.013328
-0.012296
-0.010516
-0.0079133
-0.0063109
-0.0058262
-0.0060878
-0.0068655
-0.0078408
-0.0080624
-0.0063986
-0.0036639
-0.0013615
0.00041418
0.0015752
0.001938
0.0018436
0.0018046
0.0020163
0.0038553
0.0090161
0.01617
0.022722
0.027863
0.030793
0.030985
0.029524
0.024808
0.016149
0.0067089
0.0011228
0.00010229
0.0012163
0.0053071
0.013478
0.023383
0.029677
0.030418
0.027141
0.021496
0.012894
0.00013085
-0.012679
-0.020178
-0.022485
-0.020333
-0.012544
-0.00035511
0.011813
0.020259
0.025791
0.029211
0.030323
0.029782
0.028598
0.027152
0.025164
0.021792
0.016666
0.01113
0.0079141
0.0079106
0.010956
0.016498
0.021002
0.022894
0.020815
0.011578
-0.002289
-0.013237
-0.018774
-0.02022
-0.019738
-0.020355
-0.022311
-0.02434
-0.026419
-0.026732
-0.024567
-0.02148
-0.018338
-0.015068
-0.012578
-0.011439
-0.010852
-0.0090759
-0.0066237
-0.0042664
-0.0019431
0.0005214
0.0028419
0.0055186
0.0078397
0.010106
0.012916
0.017587
0.021529
0.022146
0.021187
0.019364
0.015987
0.0129
0.01212
0.012433
0.012424
0.01212
0.011101
0.010109
0.010491
0.011954
0.013393
0.015191
0.01688
0.017959
0.018682
0.02006
0.020892
0.01979
0.017064
0.014159
0.01095
0.0077898
0.0048482
0.001928
-0.00050814
-0.0026096
-0.0042576
-0.0055087
-0.0066503
-0.005613
-0.0021191
0.0026595
0.0064443
0.0068185
0.004924
0.0012803
-0.0021435
-0.0041894
-0.0060445
-0.0073566
-0.0057858
-0.0010858
0.0049036
0.010945
0.017763
0.025625
0.034522
0.043233
0.049723
0.053829
0.054924
0.052442
0.04835
0.044258
0.041196
0.039711
0.037982
0.036027
0.032727
0.027447
0.022362
0.018154
0.013275
0.0069186
0.00059914
-0.0047879
-0.0092209
-0.013455
-0.017464
-0.021676
-0.025476
-0.028497
-0.030539
-0.030067
-0.027051
-0.022206
-0.015331
-0.0057573
0.0058638
0.016236
0.021989
0.024155
0.024288
0.022107
0.017909
0.012629
0.0092993
0.0085299
0.0079855
0.0065591
0.0030123
-0.0043255
-0.0143
-0.024361
-0.031579
-0.036442
-0.040225
-0.042123
-0.043452
-0.044565
-0.044431
-0.043838
-0.043058
-0.042229
-0.042097
-0.043211
-0.045158
-0.047419
-0.049002
-0.049906
-0.049399
-0.047371
-0.043721
-0.039947
-0.036535
-0.035183
-0.035451
-0.035879
-0.035936
-0.036388
-0.036399
-0.03598
-0.036494
-0.037115
-0.036406
-0.033202
-0.028047
-0.021441
-0.014622
-0.0085426
-0.0033857
0.00040082
0.0021835
0.0030652
0.0041531
0.0046531
0.0045188
0.0028907
-0.0016947
-0.0098902
-0.018041
-0.023566
-0.026174
-0.026229
-0.024108
-0.020579
-0.016649
-0.012335
-0.0076232
-0.0029314
0.00064117
0.001969
0.0023121
0.0024077
0.0031068
0.0046057
0.0054447
0.00662
0.0084625
0.0094411
0.0092471
0.0076393
0.0030685
-0.00081179
-0.0021137
-0.0011419
0.0012734
0.0030061
0.0035322
0.0031949
0.0016555
-0.00094727
-0.0033643
-0.0046263
-0.0042526
-0.0029284
-0.0010074
-0.00010341
-0.00010654
-0.0012308
-0.0042007
-0.0080588
-0.011967
-0.015486
-0.018446
-0.022224
-0.026666
-0.031997
-0.037065
-0.039792
-0.039057
-0.035083
-0.029264
-0.02224
-0.015856
-0.011439
-0.0077374
-0.0043408
-0.00069645
0.002184
0.005195
0.0097094
0.01476
0.019427
0.023594
0.027151
0.029579
0.031108
0.032157
0.030543
0.026034
0.020023
0.013219
0.0067606
0.0046838
0.0063992
0.0098171
0.012837
0.013835
0.012481
0.0083156
0.0012208
-0.0069491
-0.01415
-0.018159
-0.019952
-0.020435
-0.02037
-0.020431
-0.02069
-0.020377
-0.018477
-0.015453
-0.012191
-0.0076534
-0.0037642
-0.00064726
0.0015153
0.0012792
-0.00076399
-0.0042233
-0.0087994
-0.012733
-0.01443
-0.014256
-0.014071
-0.014249
-0.013789
-0.012099
-0.0093529
-0.0059822
-0.0035369
-0.00047209
0.0030206
0.0054306
0.0079377
0.0095632
0.0099673
0.0095329
0.0075298
0.0042833
0.0021181
0.00013716
-0.0013875
-0.0015058
-0.0012814
-0.0013049
-0.0013522
-0.0014112
-0.0024024
-0.0056958
-0.010485
-0.015672
-0.020179
-0.021918
-0.020309
-0.016711
-0.012732
-0.0085655
-0.005183
-0.002984
-0.0022461
-0.0021712
-0.0017991
-0.0026469
-0.0041716
-0.0045207
-0.0044875
-0.004265
-0.0040681
-0.0030555
-0.0008814
0.0015938
0.0046984
0.0094109
0.014709
0.019017
0.021962
0.022714
0.021691
0.020169
0.018915
0.018111
0.017854
0.018502
0.020215
0.02345
0.027436
0.031898
0.037756
0.04376
0.049803
0.056572
0.062762
0.067761
0.071636
0.073415
0.07255
0.069232
0.063272
0.056097
0.050647
0.047834
0.046888
0.047625
0.049805
0.052918
0.055339
0.056369
0.055587
0.053667
0.050875
0.046705
0.042813
0.040434
0.039781
0.04028
0.042227
0.04491
0.047582
0.050055
0.053359
0.057162
0.060292
0.06258
0.064324
0.065875
0.066788
0.066745
0.065735
0.06303
0.058702
0.054002
0.049208
0.044204
0.038203
0.030997
0.024555
0.02036
0.017068
0.014838
0.014003
0.015039
0.016975
0.018053
0.018362
0.018577
0.017948
0.017326
0.017406
0.018735
0.020113
0.02137
0.021471
0.019411
0.014536
0.0075572
1.0112e-05
-0.0087015
-0.018446
-0.029233
-0.039741
-0.049485
-0.057207
-0.061511
-0.063387
-0.064518
-0.065362
-0.065833
-0.067077
-0.069244
-0.071506
-0.073201
-0.073764
-0.072794
-0.070503
-0.066614
-0.062609
-0.060438
-0.05923
-0.057358
-0.055259
-0.05313
-0.050537
-0.047019
-0.042313
-0.037565
-0.034282
-0.031999
-0.030482
-0.029736
-0.030286
-0.030927
-0.030847
-0.030066
-0.028482
-0.027052
-0.025681
-0.023833
-0.021042
-0.017535
-0.012698
-0.0073502
-0.0032871
-0.00096361
0.0018231
0.004506
0.0064013
0.0076561
0.0073549
0.0062744
0.0035719
-0.00094088
-0.0051496
-0.0080622
-0.0099925
-0.011349
-0.012002
-0.013122
-0.01495
-0.016808
-0.018752
-0.021171
-0.02278
-0.022974
-0.022218
-0.021216
-0.020812
-0.021883
-0.024108
-0.027952
-0.032043
-0.035034
-0.037463
-0.038683
-0.038319
-0.036558
-0.034307
-0.032987
-0.032998
-0.033872
-0.035387
-0.037956
-0.041246
-0.044004
-0.046351
-0.048238
-0.049381
-0.050765
-0.052812
-0.054677
-0.056328
-0.057726
-0.059367
-0.06072
-0.060823
-0.060312
-0.058887
-0.057492
-0.056256
-0.054551
-0.051964
-0.048361
-0.044953
-0.042124
-0.039677
-0.036537
-0.033184
-0.029517
-0.025558
-0.022184
-0.018764
-0.015966
-0.013648
-0.010032
-0.0046719
0.0012734
0.0070179
0.013289
0.020403
0.028339
0.03662
0.043719
0.048097
0.050697
0.051472
0.04983
0.046575
0.042826
0.039826
0.038077
0.037896
0.038109
0.038093
0.038031
0.037669
0.036507
0.034801
0.032076
0.02873
0.025062
0.021907
0.018602
0.015162
0.013113
0.012801
0.014658
0.018161
0.022454
0.026799
0.029503
0.030132
0.028936
0.026201
0.023282
0.022253
0.02296
0.025139
0.027092
0.027556
0.027406
0.026428
0.0238
0.020054
0.01458
0.0078656
0.0023618
-0.0019685
-0.0046871
-0.0057978
-0.0053615
-0.0024975
0.0021885
0.006899
0.011494
0.015815
0.019277
0.020963
0.021862
0.023313
0.024571
0.024838
0.024773
0.025498
0.027016
0.028763
0.030479
0.031721
0.033033
0.033703
0.032509
0.030829
0.029911
0.030494
0.032244
0.036003
0.041097
0.046343
0.050374
0.05373
0.056852
0.059146
0.060529
0.061364
0.060787
0.058786
0.056332
0.052786
0.048125
0.042825
0.037174
0.031845
0.027623
0.024502
0.021983
0.019131
0.016056
0.012485
0.0085015
0.0064388
0.006656
0.00839
0.011057
0.013527
0.014887
0.015405
0.015066
0.013163
0.0098818
0.0054485
0.00063228
-0.0034773
-0.0069489
-0.010659
-0.013887
-0.015864
-0.016579
-0.017389
-0.018038
-0.018045
-0.018125
-0.017752
-0.016236
-0.014647
-0.013892
-0.013523
-0.013235
-0.01407
-0.016414
-0.01909
-0.021853
-0.024851
-0.027809
-0.031678
-0.035459
-0.038638
-0.041624
-0.045317
-0.049202
-0.052564
-0.055353
-0.057114
-0.056702
-0.054687
-0.05284
-0.050527
-0.047373
-0.044502
-0.042625
-0.04057
-0.039188
-0.039237
-0.040353
-0.041563
-0.041675
-0.041609
-0.042015
-0.041843
-0.040776
-0.039611
-0.03948
-0.03974
-0.040729
-0.042024
-0.042539
-0.042176
-0.041465
-0.040096
-0.038524
-0.037469
-0.03696
-0.036426
-0.036243
-0.037291
-0.038141
-0.037687
-0.035841
-0.032879
-0.030138
-0.02791
-0.025279
-0.020806
-0.015708
-0.010341
-0.0048371
0.0003016
0.0047824
0.0085061
0.010262
0.011184
0.010888
0.0092636
0.0069945
0.0060571
0.0064787
0.0074177
0.0096251
0.013043
0.016535
0.020044
0.023065
0.024541
0.024574
0.024628
0.024241
0.023043
0.022476
0.02252
0.022956
0.02267
0.021853
0.021687
0.021822
0.021771
0.021694
0.021698
0.02117
0.01926
0.015773
0.012055
0.008856
0.0057665
0.0038229
0.0031875
0.0025748
0.0025325
0.003113
0.0036178
0.0042852
0.0053944
0.0065946
0.0077564
0.0079692
0.0079976
0.0080888
0.0072656
0.0058529
0.004739
0.0034922
0.0038255
0.0063708
0.0096775
0.013699
0.017686
0.020435
0.022593
0.024359
0.025889
0.02708
0.027534
0.027387
0.026138
0.024326
0.024082
0.024837
0.026053
0.027647
0.029372
0.031346
0.031806
0.030387
0.028991
0.027769
0.02705
0.027086
0.027683
0.028878
0.029998
0.031247
0.031707
0.031557
0.031304
0.03014
0.028549
0.027
0.026499
0.027003
0.027848
0.028996
0.030312
0.031188
0.03143
0.031235
0.029856
0.027135
0.023809
0.021157
0.019402
0.017564
0.016276
0.014453
0.011909
0.009898
0.0096806
0.010949
0.012484
0.013378
0.012836
0.010562
0.0073894
0.0047199
0.0036002
0.0039399
0.0054094
0.0079839
0.010737
0.012786
0.01303
0.01134
0.0086193
0.0050479
0.001221
-0.0025281
-0.0049008
-0.0050166
-0.0034039
-0.0014872
0.00031307
0.0024954
0.0050416
0.0075432
0.0090078
0.009267
0.0075946
0.0048577
0.0028768
0.0017366
0.0015204
0.0016769
0.0029272
0.0048302
0.0061992
0.007098
0.0079761
0.0081728
0.0081913
0.0083749
0.0084049
0.0083597
0.0080761
0.0080551
0.0082886
0.0083003
0.0077451
0.006773
0.0054739
0.003734
0.0016307
-0.00079876
-0.0025568
-0.0039665
-0.0051617
-0.0061591
-0.0071606
-0.0081326
-0.0092889
-0.0099631
-0.011992
-0.014703
-0.017219
-0.020433
-0.024057
-0.027486
-0.030043
-0.031614
-0.032106
-0.031951
-0.031349
-0.030385
-0.029879
-0.03012
-0.031537
-0.03374
-0.036752
-0.039778
-0.041244
-0.041119
-0.0406
-0.039504
-0.037866
-0.036628
-0.036544
-0.03671
-0.037013
-0.037386
-0.038478
-0.040239
-0.041811
-0.043893
-0.04567
-0.046463
-0.046067
-0.044949
-0.043089
-0.041182
-0.039898
-0.038659
-0.037275
-0.036473
-0.036514
-0.036057
-0.035721
-0.036447
-0.036709
-0.036406
-0.03592
-0.035472
-0.034957
-0.034478
-0.034459
-0.034948
-0.035658
-0.036219
-0.036414
-0.035683
-0.034914
-0.034291
-0.034108
-0.03337
-0.031363
-0.028772
-0.026063
-0.023539
-0.020915
-0.017746
-0.015019
-0.012937
-0.011686
-0.011928
-0.012778
-0.013868
-0.014049
-0.013348
-0.011854
-0.010085
-0.0081044
-0.0064995
-0.0046772
-0.0026564
-0.00020492
0.002045
0.0043063
0.0067789
0.0094274
0.012328
0.015225
0.017824
0.01986
0.021975
0.024325
0.026708
0.028864
0.031245
0.033043
0.033386
0.033222
0.033259
0.033111
0.032994
0.033817
0.036132
0.039293
0.042614
0.045653
0.048945
0.051828
0.054588
0.056356
0.057313
0.057871
0.057138
0.056079
0.055019
0.053532
0.051361
0.048716
0.04634
0.044669
0.043792
0.043115
0.042236
0.040758
0.038957
0.037459
0.03606
0.035136
0.034427
0.034099
0.034584
0.034797
0.033885
0.032517
0.031183
0.029575
0.027759
0.02601
0.024104
0.022334
0.020822
0.019727
0.018311
0.016094
0.013726
0.012278
0.011334
0.010659
0.0093245
0.0074118
0.0052075
0.0028588
1.337e-05
-0.0027144
-0.0045066
-0.0049558
-0.0040246
-0.0024179
-0.00072378
0.00087445
0.0031002
0.0046813
0.0046434
0.0044044
0.0043967
0.0033922
0.0019737
0.00036087
-0.0015778
-0.0035347
-0.0048061
-0.0060342
-0.0066119
-0.0056332
-0.0039921
-0.0022897
-0.00082044
-0.0012824
-0.002776
-0.0043695
-0.0063323
-0.0073968
-0.007235
-0.0070087
-0.0067062
-0.0065477
-0.0074517
-0.0088015
-0.0090041
-0.0087825
-0.0089214
-0.010063
-0.011066
-0.011684
-0.013009
-0.013532
-0.013291
-0.012692
-0.011443
-0.009999
-0.0087647
-0.0079369
-0.0074108
-0.0082504
-0.0098992
-0.012431
-0.015566
-0.017791
-0.018572
-0.018389
-0.017796
-0.017523
-0.016917
-0.015584
-0.014141
-0.013105
-0.012947
-0.012294
-0.010991
-0.010298
-0.0099668
-0.009044
-0.0079695
-0.0068952
-0.0048407
-0.001911
0.00088677
0.0026319
0.0044206
0.0050037
0.0047672
0.0047021
0.0045793
0.0037777
0.0028008
0.0019638
0.0011011
-9.2055e-05
-0.0017018
-0.0025735
-0.0028038
-0.0026267
-0.0016941
-0.0001588
0.0013861
0.0026288
0.0027145
0.0023371
0.0013494
-0.00040261
-0.0025964
-0.0049274
-0.006609
-0.0071715
-0.0066418
-0.0061598
-0.0059866
-0.0065049
-0.007164
-0.0078661
-0.0092095
-0.010824
-0.012335
-0.013013
-0.012175
-0.011046
-0.010683
-0.010551
-0.010471
-0.01095
-0.012175
-0.012863
-0.013174
-0.013209
-0.013478
-0.015005
-0.016682
-0.01796
-0.019435
-0.020171
-0.02053
-0.020174
-0.019572
-0.01798
-0.01504
-0.011884
-0.0094991
-0.00767
-0.0054542
-0.0038408
-0.002684
-0.0017747
-0.00087494
-0.00038022
-0.00017953
-0.0015036
-0.0030367
-0.0045237
-0.0059048
-0.0067057
-0.0073518
-0.0084813
-0.009012
-0.0094907
-0.01034
-0.010397
-0.0090959
-0.0070674
-0.0039479
0.00037543
0.0043654
0.0072258
0.0098425
0.011289
0.011299
0.009604
0.0073537
0.0054478
0.0033403
0.0010031
-0.00084977
-0.0024834
-0.0039665
-0.0043752
-0.0037555
-0.0024135
-0.0013588
-0.001235
-0.00038396
0.00052724
0.0013823
0.00076495
-0.0010948
-0.0030475
-0.00501
-0.0066173
-0.0074436
-0.006773
-0.0043479
-0.00051271
0.0033378
0.0065945
0.0095771
0.011574
0.012371
0.012663
0.01225
0.011537
0.010682
0.0095524
0.0086349
0.0081113
0.0080706
0.0081139
0.00808
0.0082039
0.0083459
0.0080426
0.0076804
0.0066789
0.005133
0.0036011
0.0030391
0.0026696
0.0016088
0.00054229
-0.0012848
-0.0037318
-0.0067223
-0.010222
-0.014277
-0.018258
-0.022489
-0.026656
-0.029255
-0.02979
-0.029424
-0.02769
-0.024497
-0.020366
-0.015806
-0.011671
-0.0079032
-0.0045319
-0.0014937
0.00065202
0.0019786
0.0022761
0.0015621
0.0004207
-0.00061941
-0.00053707
0.00063971
0.0019586
0.0026441
0.0029318
0.0035396
0.0032806
0.0020586
0.00050657
-0.0023289
-0.0056872
-0.0078842
-0.0094284
-0.010801
-0.010981
-0.010459
-0.0091616
-0.0075819
-0.0060257
-0.0045343
-0.0038348
-0.0033156
-0.0024743
-0.002043
-0.0021064
-0.0018578
-0.0013413
-0.0007698
0.00079167
0.0031762
0.0061639
0.0088527
0.011432
0.014115
0.016183
0.017417
0.017762
0.017335
0.016901
0.016692
0.016505
0.016707
0.017544
0.01827
0.018753
0.018701
0.018807
0.018968
0.018828
0.017998
0.01694
0.01638
0.015418
0.014406
0.014068
0.01385
0.013374
0.012996
0.01253
0.01176
0.010859
0.0094736
0.0079189
0.0067207
0.0053964
0.0038723
0.0022677
0.00093321
0.00016904
0.00016678
0.00064306
0.0013081
0.0018172
0.0023547
0.0024031
0.0020802
0.0016875
0.0015668
0.0015373
0.0012229
0.00072794
0.00058861
0.00048929
0.00014257
-0.00046772
-0.0011752
-0.0017671
-0.0023516
-0.0031701
-0.0037211
-0.0038783
-0.0040943
-0.0042541
-0.0039537
-0.0033045
-0.0026242
-0.001804
-0.0011667
-0.0012135
-0.0015971
-0.002008
-0.0021075
-0.0024778
-0.0029252
-0.0028433
-0.0024031
-0.0017423
-0.00098229
-0.00010171
0.00077256
0.0013319
0.0020483
0.0023226
0.0021135
0.001588
0.00082722
5.745e-05
-0.00080062
-0.0017757
-0.0024524
-0.0029882
-0.0033114
-0.0034094
-0.003476
-0.0033611
-0.0030655
-0.0027012
-0.0022661
-0.0017467
-0.0011979
-0.0008738
-0.00069994
-0.00042037
-0.00022441
-0.00018596
-4.0379e-05
0.00025164
0.00057037
0.00082867
0.0011255
0.0014756
0.0018223
0.0021321
0.0022857
0.0022563
0.0022043
0.0022107
0.0021479
0.0019741
0.0017403
0.0014575
0.0012498
0.0011285
0.0010123
0.0009813
0.00094108
0.00072441
0.00042144
0.00013878
-0.00014906
-0.00040928
-0.00058348
-0.00066041
-0.00074408
-0.00077259
-0.00070248
-0.00062546
-0.00054299
-0.00046234
-0.00045259
-0.00048107
-0.00051302
-0.00054556
-0.00056901
-0.00058683
-0.00062199
-0.00065622
-0.00069484
-0.0007417
-0.00076066
-0.00077737
-0.00079879
-0.000784
-0.00076443
-0.00075668
-0.00075055
-0.00074059
-0.00074045
-0.00074589
-0.00074871
-0.00075134
-0.00076204
-0.00077179
-0.00077461
-0.00077275
-0.00076403
-0.00075464
-0.00074172
-0.00073068
-0.00071465
-0.00069761
-0.00068203
-0.00066831
-0.00065599
-0.0006454
-0.00063257
-0.00061907
-0.00060774
-0.00059763
-0.0005871
-0.00057582
-0.00056401
-0.00055048
-0.00053564
-0.00052039
-0.00050448
-0.00048805
-0.00047168
-0.00045477
-0.00043746
-0.00042026
-0.00040308
-0.00038575
-0.00036835
-0.00035079
-0.00033286
-0.00031448
-0.0002958
-0.00027685
-0.00025769
-0.0002384
-0.00021903
-0.00019962
-0.00018019
-0.00016074
-0.00014129
-0.00012185
-0.00010241
