-9.3674e-05
-9.254e-05
-9.2324e-05
-9.1009e-05
-9.031e-05
-8.8736e-05
-8.8152e-05
-8.6681e-05
-8.6112e-05
-8.4613e-05
-8.3791e-05
-8.186e-05
-8.1003e-05
-8.0647e-05
-8.2831e-05
-8.2912e-05
-8.2247e-05
-8.1009e-05
-8.2329e-05
-8.7167e-05
-9.3488e-05
-9.8334e-05
-9.5761e-05
-8.8321e-05
-8.0433e-05
-7.8889e-05
-8.7967e-05
-9.4659e-05
-9.9142e-05
-9.4353e-05
-7.2126e-05
-4.0338e-05
-2.4895e-05
-1.7999e-05
-1.1622e-05
-1.3335e-05
-4.0376e-05
-8.4722e-05
-0.00011495
-0.00012847
-0.0001109
-8.3364e-05
-7.5187e-05
-6.3583e-05
-2.7827e-05
1.6803e-05
3.8154e-05
3.2951e-05
-5.1968e-06
-5.0001e-05
-7.4818e-05
-8.0764e-05
-5.2076e-05
4.1529e-05
0.00014137
0.00019788
0.0001748
0.0001026
2.256e-05
-4.098e-05
-6.0093e-05
-5.8572e-05
-5.3224e-05
-5.3025e-05
-6.1059e-05
-7.2017e-05
-5.044e-05
3.8959e-05
0.00015063
0.00017239
4.4552e-05
-0.00020733
-0.00040897
-0.00050222
-0.00044884
-0.00029798
-0.00010136
6.9141e-05
0.00021182
0.00034866
0.00045729
0.0005457
0.0006895
0.00084823
0.00088385
0.00076737
0.00059554
0.0005128
0.00062092
0.00078781
0.00082045
0.00070924
0.00056568
0.00048602
0.00039494
0.0003235
0.00024343
0.00016554
-3.5321e-05
-0.00042147
-0.00081538
-0.0010718
-0.0012036
-0.0013588
-0.0014567
-0.0014601
-0.0013125
-0.0010372
-0.00065799
-0.00033025
-0.00010898
-2.7807e-05
-8.228e-05
-0.00027294
-0.00049172
-0.00064466
-0.0008693
-0.0011104
-0.0012285
-0.0012378
-0.0010712
-0.00068326
8.0066e-05
0.0011181
0.0022486
0.0031741
0.0038093
0.0040208
0.0037157
0.0029282
0.0018693
0.00078618
-0.00012215
-0.00048111
-0.00039668
0.00019238
0.0011348
0.0020558
0.0022918
0.0017169
0.00078049
-0.00014981
-0.00051143
-0.00041126
-3.4366e-05
0.00033339
0.00034102
4.5271e-05
-0.00015365
4.272e-05
0.00079275
0.0016276
0.0018317
0.0013979
0.00067145
7.7645e-05
-0.00049714
-0.0012761
-0.002007
-0.0024403
-0.0021569
-0.0010589
0.00051359
0.0018029
0.0027237
0.0035154
0.0035626
0.0027875
0.001909
0.00159
0.0016579
0.0019696
0.0024375
0.0033696
0.004327
0.004581
0.0043605
0.0042171
0.00412
0.0038303
0.0035445
0.0032265
0.0031453
0.0032501
0.0031523
0.0025229
0.0015307
0.00090695
0.00066503
3.3078e-05
-0.0013442
-0.002803
-0.0032652
-0.0030442
-0.0030004
-0.0027352
-0.0014316
0.00078566
0.0026028
0.0037745
0.0045532
0.0057021
0.0065587
0.0058573
0.0034097
0.00046694
-0.0014752
-0.0020087
-0.0011999
-0.00012538
0.00074131
0.0013547
0.0014694
0.0013402
0.00123
0.0014219
0.00086801
-0.00083999
-0.0029652
-0.0040821
-0.0035322
-0.0020221
-0.0004902
0.00044032
0.0010179
0.0016391
0.0015278
-0.00013106
-0.0024172
-0.0034069
-0.0020536
0.00057075
0.0027054
0.003215
0.0035408
0.0053905
0.0083505
0.0099168
0.0090711
0.0064265
0.0036855
0.0011361
-0.00093526
-0.0020718
-0.0021851
-0.0011897
0.00035622
0.0014231
0.0016963
0.0017667
0.0018547
0.0016683
0.00061242
-0.0010575
-0.0020779
-0.0017171
-0.00055399
0.0012704
0.0038813
0.0074728
0.012514
0.017599
0.020181
0.019045
0.014981
0.0092846
0.0033206
-0.0026406
-0.007891
-0.011632
-0.01286
-0.01095
-0.0082656
-0.0066039
-0.0063916
-0.0073203
-0.0083996
-0.0084414
-0.0072196
-0.0059088
-0.0051567
-0.004016
-0.00048651
0.0064412
0.013762
0.018316
0.019768
0.020283
0.021876
0.024085
0.025024
0.023591
0.01987
0.014781
0.0089851
0.0034723
-0.0020958
-0.0084116
-0.01383
-0.016431
-0.016126
-0.014324
-0.01287
-0.012524
-0.012581
-0.011811
-0.0094951
-0.0059597
-0.0027655
-0.0017492
-0.0022465
-0.0016688
0.0013192
0.005861
0.0099282
0.012139
0.012677
0.01217
0.010766
0.0075751
0.002602
-0.0022104
-0.0038379
-0.0012046
0.0040488
0.0090248
0.012148
0.013115
0.012083
0.009341
0.0053505
0.00041049
-0.0050213
-0.010009
-0.013801
-0.016669
-0.019233
-0.021274
-0.02266
-0.02251
-0.020284
-0.015439
-0.0085205
-0.0016116
0.0036936
0.0077949
0.011053
0.013729
0.015589
0.016849
0.017938
0.019496
0.02046
0.02028
0.01896
0.01707
0.014051
0.0091679
0.0024392
-0.0036236
-0.0064574
-0.0063255
-0.0050461
-0.0042701
-0.0044582
-0.0059578
-0.0084033
-0.011212
-0.014373
-0.017826
-0.020225
-0.020134
-0.017687
-0.013163
-0.0068489
-0.00013648
0.0051671
0.0084914
0.011092
0.013759
0.015709
0.015878
0.014155
0.011142
0.0071427
0.002792
-0.0016022
-0.0054378
-0.0080612
-0.0096676
-0.010052
-0.0089209
-0.0070131
-0.0052508
-0.0041484
-0.0042046
-0.0046709
-0.0044544
-0.0032484
-0.0021349
-0.0022064
-0.0037583
-0.0074616
-0.012946
-0.018208
-0.020872
-0.018917
-0.012764
-0.0049284
0.0012692
0.0035162
0.0020938
-0.00055615
-0.00142
0.00091175
0.0046907
0.0079363
0.010221
0.011503
0.011444
0.0097416
0.0063282
0.00092973
-0.0060885
-0.012579
-0.016444
-0.018142
-0.019137
-0.020215
-0.020177
-0.016872
-0.0098756
-0.0022838
0.0021585
0.0032997
0.0035628
0.0049661
0.0073643
0.0094644
0.011144
0.013355
0.01637
0.019103
0.01951
0.016724
0.012339
0.0088949
0.0069287
0.0049933
0.0020852
-0.0021017
-0.0065364
-0.0098689
-0.010762
-0.0084558
-0.0048161
-0.0033749
-0.0058952
-0.011715
-0.018568
-0.023425
-0.024491
-0.021931
-0.016822
-0.010435
-0.0046786
-0.0013526
-0.0012796
-0.0029809
-0.0039095
-0.0026881
0.00072121
0.0042683
0.0064771
0.00863
0.01305
0.019473
0.025385
0.029191
0.030772
0.031062
0.031034
0.030709
0.029632
0.026966
0.023398
0.019897
0.016079
0.012018
0.0072257
0.0012991
-0.0051202
-0.011671
-0.018496
-0.025148
-0.03102
-0.035575
-0.03829
-0.039384
-0.039076
-0.037228
-0.033416
-0.027634
-0.02086
-0.014239
-0.0088365
-0.0052575
-0.0017201
0.0038803
0.010845
0.01607
0.016287
0.01208
0.0064586
0.00086334
-0.0052989
-0.011656
-0.016262
-0.0177
-0.016513
-0.014981
-0.014448
-0.014483
-0.014518
-0.014503
-0.014553
-0.014706
-0.014564
-0.013406
-0.011006
-0.0081486
-0.0053089
-0.0023895
0.0010284
0.0049563
0.0088895
0.012535
0.01555
0.017306
0.017859
0.017354
0.015885
0.013345
0.010615
0.0088618
0.0083802
0.0084838
0.008618
0.0084647
0.007724
0.0067115
0.0062984
0.0063655
0.0059149
0.0044977
0.0021757
0.00012079
-0.00090195
-0.0007388
0.00094953
0.0032399
0.0050358
0.0068018
0.0098086
0.013676
0.017295
0.020527
0.024138
0.028119
0.030913
0.031296
0.029562
0.027158
0.025979
0.025773
0.024926
0.022724
0.020434
0.019811
0.020832
0.022718
0.024458
0.025696
0.025962
0.023753
0.017508
0.0078962
-0.0020174
-0.0082494
-0.0090905
-0.006266
-0.0024261
0.00067864
0.0021807
0.0014947
-0.00082681
-0.0037594
-0.0068056
-0.0095283
-0.011175
-0.01159
-0.011753
-0.012494
-0.013507
-0.01343
-0.0117
-0.0092463
-0.007035
-0.006346
-0.0073447
-0.0085298
-0.0087439
-0.0086854
-0.0099393
-0.013519
-0.018604
-0.023641
-0.028597
-0.034855
-0.043135
-0.051845
-0.057626
-0.058349
-0.055405
-0.051542
-0.047822
-0.042691
-0.034392
-0.023017
-0.010401
0.00098301
0.0098549
0.016371
0.020944
0.023871
0.025217
0.02556
0.026149
0.02764
0.030094
0.032661
0.033856
0.033333
0.032346
0.032218
0.032623
0.032321
0.030411
0.025925
0.018459
0.0093019
0.001506
-0.0036961
-0.0065888
-0.0070168
-0.0060573
-0.0042827
-0.0016046
0.0013539
0.0038351
0.0051106
0.0056359
0.0061898
0.0059022
0.001925
-0.0069939
-0.018225
-0.027295
-0.030999
-0.02976
-0.026971
-0.026639
-0.030614
-0.036642
-0.039417
-0.035505
-0.027096
-0.019313
-0.015443
-0.015734
-0.018703
-0.022968
-0.027062
-0.029853
-0.031103
-0.031628
-0.032882
-0.034874
-0.036835
-0.037531
-0.034972
-0.028177
-0.018999
-0.010174
-0.0025413
0.0038187
0.0082875
0.010748
0.013157
0.017372
0.023653
0.030199
0.033268
0.031414
0.026848
0.021577
0.016012
0.010185
0.0043485
-0.00039029
-0.00274
-0.0027583
-0.0013043
0.00036473
0.0011664
0.0014447
0.0019103
0.0026357
0.0035655
0.0046185
0.0055865
0.007193
0.0095002
0.012266
0.013729
0.011326
0.0050072
-0.0028902
-0.0089043
-0.011242
-0.011657
-0.012153
-0.012783
-0.013613
-0.014564
-0.01594
-0.017239
-0.018725
-0.02073
-0.024147
-0.029522
-0.035942
-0.041935
-0.046584
-0.050662
-0.05506
-0.058704
-0.060232
-0.05975
-0.057013
-0.053372
-0.049727
-0.045435
-0.040357
-0.036194
-0.033992
-0.032291
-0.028084
-0.020538
-0.012886
-0.0083419
-0.0066409
-0.0058632
-0.0030701
0.0023724
0.0094639
0.016145
0.022183
0.028019
0.033441
0.037307
0.039349
0.039896
0.039834
0.039781
0.040174
0.040542
0.039268
0.03419
0.027624
0.021599
0.017537
0.01366
0.0078631
-0.00022815
-0.0088942
-0.015733
-0.01957
-0.021656
-0.023104
-0.022832
-0.019437
-0.013985
-0.0090928
-0.0072607
-0.010229
-0.017483
-0.024924
-0.028875
-0.027626
-0.020972
-0.011197
-0.002372
0.004245
0.0075769
0.0078901
0.0068065
0.005438
0.0016745
-0.0052081
-0.012848
-0.018032
-0.020086
-0.020456
-0.019982
-0.01845
-0.01581
-0.011189
-0.0057463
-0.0012848
0.0025196
0.0062945
0.010485
0.013886
0.016821
0.020012
0.023935
0.028346
0.033112
0.037801
0.041264
0.042792
0.041346
0.036203
0.02966
0.024636
0.022594
0.022874
0.024382
0.025528
0.024304
0.01949
0.012098
0.0034672
-0.0049018
-0.011133
-0.013947
-0.013863
-0.012529
-0.011061
-0.0085481
-0.0048827
-0.0011278
0.0019373
0.0027779
0.0014157
-0.0013517
-0.0031895
-0.0029883
-0.0011008
0.0012648
0.0022525
0.0015185
0.00023658
-0.00038305
-0.00050686
5.2457e-05
0.0021171
0.0058703
0.0099709
0.012554
0.0137
0.014903
0.017354
0.020825
0.024382
0.026985
0.028271
0.028234
0.026619
0.023612
0.020011
0.015777
0.01084
0.0058927
0.0023397
0.0011085
0.0020135
0.0036733
0.0032815
-0.00057902
-0.0055671
-0.008617
-0.008469
-0.0056675
-0.0017158
0.0022632
0.0065446
0.010871
0.014019
0.015717
0.016771
0.018154
0.019417
0.019728
0.01876
0.016718
0.014826
0.0141
0.014156
0.013742
0.011728
0.0089244
0.0067812
0.0063299
0.0073279
0.0081588
0.0079103
0.0065429
0.0055022
0.0060022
0.0076083
0.0087926
0.0078298
0.0043674
-0.00031818
-0.0062072
-0.013234
-0.021049
-0.027335
-0.030543
-0.030748
-0.029564
-0.028843
-0.029156
-0.030898
-0.033418
-0.036187
-0.039126
-0.040333
-0.038627
-0.034778
-0.029893
-0.025393
-0.021382
-0.018553
-0.015849
-0.011366
-0.0049145
0.0028189
0.0089777
0.012874
0.01574
0.018049
0.020474
0.022184
0.022313
0.021145
0.019792
0.019342
0.019786
0.020846
0.021174
0.019736
0.016094
0.01116
0.0062579
0.0033097
0.0023489
0.0011935
-0.00068713
-0.0024691
-0.0022678
-0.00082976
0.00015726
-0.00042733
-0.0044897
-0.01102
-0.016407
-0.01777
-0.015967
-0.012867
-0.010786
-0.0092322
-0.0060759
-0.00071074
0.004504
0.0081444
0.011151
0.013878
0.015845
0.016513
0.016908
0.017976
0.019624
0.021513
0.023196
0.024678
0.024499
0.022227
0.019276
0.016664
0.015018
0.014187
0.013738
0.012487
0.010241
0.0083789
0.0077708
0.0083138
0.010191
0.013425
0.017452
0.021267
0.023977
0.024982
0.0236
0.01956
0.013307
0.0052543
-0.0034121
-0.010898
-0.016011
-0.018213
-0.017967
-0.01572
-0.012307
-0.0084061
-0.0044906
-0.0010336
0.001884
0.0043996
0.0065516
0.0074369
0.0065431
0.0052386
0.0048469
0.0059904
0.008818
0.011859
0.013485
0.013818
0.013704
0.01354
0.013608
0.014446
0.016409
0.019155
0.022165
0.024948
0.026868
0.02783
0.029104
0.031153
0.032828
0.033518
0.033762
0.033994
0.033466
0.030594
0.025639
0.020308
0.015831
0.011974
0.009146
0.008077
0.0074941
0.0058436
0.0031096
-8.7056e-05
-0.0035175
-0.0062474
-0.00841
-0.0098561
-0.011119
-0.012139
-0.014003
-0.017489
-0.020953
-0.023185
-0.023693
-0.024221
-0.026705
-0.029703
-0.030055
-0.025184
-0.015706
-0.0046427
0.0042063
0.0089641
0.01016
0.0098232
0.0084559
0.0061974
0.0034158
-9.9111e-05
-0.0046646
-0.008821
-0.012863
-0.015559
-0.015918
-0.014254
-0.010835
-0.006844
-0.0039885
-0.002335
-0.0019059
-0.0017926
-0.00097675
0.00028829
0.0010145
0.0018746
0.0038621
0.0063343
0.0093548
0.013606
0.018598
0.024494
0.031334
0.038122
0.044327
0.049668
0.053559
0.055462
0.055366
0.052676
0.047033
0.039889
0.03401
0.030261
0.028203
0.027879
0.028919
0.029846
0.029468
0.027198
0.023308
0.018436
0.012883
0.0067838
0.00034481
-0.0063797
-0.013185
-0.018839
-0.02229
-0.023791
-0.02425
-0.025848
-0.029973
-0.036223
-0.043704
-0.051369
-0.058405
-0.06495
-0.070703
-0.074517
-0.075945
-0.074893
-0.071126
-0.065236
-0.05837
-0.050451
-0.04018
-0.028976
-0.019694
-0.011998
-0.0049296
0.0014539
0.0062524
0.0089596
0.010533
0.011855
0.013397
0.015156
0.016454
0.015993
0.013613
0.011171
0.010099
0.0099908
0.010097
0.010062
0.010097
0.010746
0.012234
0.014208
0.015697
0.016033
0.014948
0.012203
0.0087133
0.0054435
0.0016114
-0.0035022
-0.0090784
-0.013897
-0.017348
-0.019728
-0.021534
-0.024205
-0.027042
-0.02897
-0.030627
-0.033241
-0.037044
-0.040355
-0.041127
-0.038418
-0.033228
-0.027148
-0.021305
-0.015102
-0.0090496
-0.0044618
-0.0019878
-0.0011564
-0.00098842
-0.0016361
-0.0038296
-0.0067905
-0.010274
-0.01515
-0.020382
-0.024223
-0.026126
-0.026898
-0.027692
-0.02887
-0.030057
-0.031186
-0.030484
-0.027874
-0.023737
-0.018436
-0.013138
-0.0090344
-0.0058967
-0.0033572
-0.0015634
-0.0001856
0.0014688
0.0023609
0.0026396
0.002498
0.0011831
-0.0011958
-0.0040586
-0.0069609
-0.0096566
-0.011547
-0.012387
-0.011606
-0.010103
-0.008923
-0.0084612
-0.0081402
-0.0073385
-0.0068558
-0.0069651
-0.0077142
-0.0085008
-0.0093788
-0.0096036
-0.0085472
-0.0065153
-0.0036742
-0.0012273
0.0018803
0.0064374
0.011144
0.015724
0.020133
0.023834
0.026114
0.027614
0.02893
0.029546
0.028914
0.025874
0.021257
0.015798
0.010336
0.0056167
0.0012912
-0.0027341
-0.0061561
-0.0089257
-0.010625
-0.010917
-0.0096566
-0.0068986
-0.0032528
9.4163e-05
0.0029308
0.0050444
0.0058375
0.004493
0.0010795
-0.0029835
-0.0055659
-0.0063482
-0.0050846
-0.002127
0.0019131
0.0067566
0.011789
0.015999
0.018847
0.020676
0.021634
0.02162
0.020811
0.01998
0.019142
0.019003
0.019478
0.019866
0.018973
0.017106
0.014987
0.013411
0.011949
0.0093778
0.0051153
0.00040541
-0.004266
-0.008705
-0.011949
-0.013632
-0.013711
-0.012575
-0.011347
-0.010758
-0.010747
-0.011488
-0.01319
-0.014075
-0.013755
-0.012443
-0.0112
-0.011369
-0.012856
-0.014111
-0.015328
-0.016366
-0.016436
-0.016291
-0.016986
-0.018927
-0.019315
-0.013773
-0.0027872
0.0071384
0.012499
0.014423
0.01675
0.022552
0.031181
0.03952
0.044465
0.046017
0.045435
0.043591
0.041456
0.038917
0.036343
0.034231
0.032612
0.031657
0.030237
0.027592
0.02387
0.019551
0.016047
0.013157
0.010357
0.0075511
0.004724
0.0018011
-0.0014939
-0.0053032
-0.0090056
-0.011975
-0.013733
-0.013993
-0.012659
-0.0099908
-0.0067458
-0.0040719
-0.0025782
-0.00234
-0.0031856
-0.0050093
-0.0069684
-0.0092297
-0.012171
-0.015738
-0.019356
-0.023209
-0.02661
-0.028808
-0.029471
-0.029791
-0.031013
-0.032168
-0.031582
-0.028485
-0.023147
-0.017142
-0.0125
-0.0081658
-0.0042811
-0.00025474
0.003536
0.0058967
0.0074657
0.0082872
0.007775
0.0064862
0.0046914
0.0020912
-0.00043698
-0.0020383
-0.0028469
-0.0035943
-0.0036275
-0.0030021
-0.0026568
-0.0021067
-0.00045314
0.0015823
0.0041489
0.0070945
0.0098368
0.01178
0.012613
0.012211
0.011777
0.011787
0.012041
0.012457
0.012327
0.012524
0.012497
0.010366
0.0078847
0.0080129
0.011166
0.014245
0.01441
0.011274
0.0067094
0.0022755
-0.0014661
-0.0039126
-0.0059502
-0.0074593
-0.0081269
-0.0083087
-0.0081827
-0.0073893
-0.0058008
-0.0033802
-0.00073297
0.0012475
0.0024676
0.0032573
0.0042821
0.0053575
0.0057493
0.0059307
0.007006
0.009419
0.012268
0.014011
0.013529
0.011284
0.0085802
0.0063607
0.0043694
0.0024641
-8.7332e-05
-0.0037877
-0.0082563
-0.013008
-0.017262
-0.02119
-0.024235
-0.025216
-0.024343
-0.022433
-0.020343
-0.01721
-0.012356
-0.0056609
0.00088184
0.0058087
0.0091257
0.011239
0.012629
0.013042
0.012288
0.010699
0.008639
0.0066671
0.0046491
0.002658
0.0010994
0.00025563
0.00033326
0.0012413
0.0022674
0.0022524
0.0012929
0.00026259
-0.00060069
-0.00096792
-0.00037025
0.00086043
0.002322
0.0039701
0.0057881
0.0072341
0.0082852
0.0088355
0.0081954
0.0060031
0.0025825
-0.00094335
-0.0036589
-0.0052293
-0.0062664
-0.007298
-0.0080166
-0.0082865
-0.0083616
-0.0082811
-0.0077199
-0.0065685
-0.0051491
-0.0036641
-0.0021519
-0.00087554
-0.00013885
0.00023097
0.00098608
0.0020585
0.0023179
0.00139
0.00036024
0.00017684
0.001174
0.003164
0.0055795
0.0080775
0.0097887
0.010322
0.010248
0.0096749
0.0085706
0.0070868
0.0051853
0.0029436
0.0006778
-0.001231
-0.0021473
-0.0025748
-0.0037505
-0.0057176
-0.0070237
-0.0071534
-0.0082282
-0.01103
-0.013386
-0.014167
-0.014195
-0.014171
-0.014053
-0.013571
-0.012875
-0.013023
-0.014085
-0.015178
-0.015882
-0.016527
-0.016982
-0.017273
-0.0168
-0.014421
-0.010684
-0.0085612
-0.0099978
-0.0123
-0.012317
-0.009122
-0.0037974
0.0012683
0.0046852
0.0068143
0.0082284
0.0095074
0.01012
0.010679
0.012371
0.01618
0.019545
0.018092
0.015059
0.013738
0.014806
0.016206
0.017318
0.017349
0.015873
0.01389
0.012716
0.012071
0.011938
0.011705
0.010201
0.007841
0.0061246
0.0060175
0.0071236
0.0083472
0.0090111
0.0097246
0.010409
0.011388
0.012353
0.013278
0.01554
0.018511
0.020675
0.020845
0.020217
0.019156
0.017663
0.015846
0.013589
0.011707
0.010024
0.0069336
0.0031187
0.0010788
0.0016437
0.0031757
0.0030521
0.0016806
0.0012059
0.0014046
0.0015571
0.0016352
0.001581
0.0015806
0.0017962
0.002451
0.0029784
0.0032829
0.0031707
0.0019736
-0.00046895
-0.0030376
-0.0045524
-0.005393
-0.0076831
-0.012144
-0.017022
-0.020251
-0.02081
-0.019588
-0.01937
-0.020808
-0.02317
-0.025066
-0.025535
-0.024655
-0.023015
-0.021435
-0.019618
-0.017357
-0.015188
-0.012856
-0.010009
-0.0069035
-0.0043114
-0.0032966
-0.0035573
-0.0029792
-0.00053495
0.0023264
0.0042269
0.0060342
0.0085467
0.011336
0.013697
0.015155
0.015242
0.014011
0.011749
0.0088277
0.0061248
0.0048176
0.0052836
0.0066648
0.0080096
0.0086686
0.0087539
0.0088926
0.0095032
0.010173
0.010342
0.0096494
0.0081156
0.0062475
0.0049942
0.0044425
0.0038685
0.0034199
0.0033405
0.0032353
0.0025017
0.0010859
-0.00033823
-0.00077964
0.00020766
0.0016348
0.0028117
0.0032692
0.0023387
0.00034948
-0.0012921
-0.0015378
-0.0011324
-0.0011081
-0.0016144
-0.0021049
-0.0024482
-0.0032295
-0.0043891
-0.005176
-0.0051639
-0.0044948
-0.0038697
-0.0039186
-0.0048114
-0.0062705
-0.0078708
-0.0096852
-0.011119
-0.012159
-0.013487
-0.015282
-0.016612
-0.01716
-0.017107
-0.017183
-0.019324
-0.022997
-0.022595
-0.013752
-0.0041736
-0.0055312
-0.010538
-0.0097123
-0.0059067
-0.0036008
-0.0031192
-0.0015095
0.0018683
0.0044173
0.00416
0.0022684
0.00095773
0.0014177
0.003558
0.0061661
0.007316
0.0064477
0.0050241
0.0048158
0.0064196
0.0087127
0.010059
0.0096356
0.0071778
0.0034043
-0.00032069
-0.0032821
-0.0055841
-0.0072649
-0.0082831
-0.0083439
-0.0083208
-0.0099145
-0.012365
-0.012831
-0.010413
-0.0071451
-0.0063749
-0.009003
-0.012393
-0.013638
-0.012463
-0.010966
-0.01034
-0.0095133
-0.0077257
-0.0059257
-0.0055616
-0.0061014
-0.0054796
-0.0036357
-0.0032171
-0.0050767
-0.0066795
-0.0060547
-0.0040166
-0.0033139
-0.0045017
-0.0045039
-0.0014736
0.0026185
0.0047768
0.0039657
0.0019558
0.00091869
0.00069549
-6.0268e-05
-0.00054497
0.00039223
0.0018087
0.0022789
0.0011068
-0.00031307
-0.00042595
0.00015521
0.00079382
0.00054065
-0.0020267
-0.0054067
-0.0071554
-0.0064653
-0.004267
-0.0028587
-0.0036363
-0.0052164
-0.0071899
-0.0081579
-0.0066379
-0.001501
0.0052309
0.0085144
0.0068353
0.0043707
0.0039009
0.0048014
0.0059693
0.0074467
0.0104
0.014072
0.017383
0.0186
0.017201
0.014595
0.012484
0.011466
0.01033
0.0084748
0.0063293
0.0051112
0.0052694
0.0062155
0.0082535
0.010317
0.0097555
0.0058024
0.001999
0.001083
0.00259
0.0041363
0.0046297
0.0045275
0.003919
0.0030801
0.0028765
0.0036111
0.0047203
0.0048079
0.0032994
0.00228
0.0029185
0.0045886
0.0066867
0.0083738
0.0083108
0.0069109
0.0053541
0.0034451
0.0018298
0.00099097
0.00060501
-0.00020663
-0.002014
-0.0036372
-0.0047764
-0.0056708
-0.0069269
-0.0080974
-0.0098709
-0.011727
-0.013538
-0.015386
-0.016411
-0.017445
-0.018639
-0.019394
-0.019872
-0.019414
-0.018719
-0.018019
-0.017711
-0.017327
-0.015935
-0.014134
-0.013105
-0.01203
-0.010314
-0.0080889
-0.0061858
-0.0050614
-0.0043969
-0.0034845
-0.0022477
-0.0011374
0.0003419
0.00088173
0.0010149
0.0018342
0.0033272
0.0033266
0.0018323
0.0016189
0.0030224
0.0039676
0.0041764
0.0040824
0.0037923
0.0036785
0.004431
0.006666
0.0087958
0.0094507
0.010016
0.012153
0.015076
0.017422
0.018546
0.019541
0.020709
0.021508
0.022256
0.022413
0.022686
0.024117
0.026476
0.028192
0.028405
0.027306
0.025731
0.024539
0.024205
0.024288
0.0243
0.024234
0.024294
0.024707
0.025144
0.024349
0.022663
0.021029
0.018104
0.014482
0.010779
0.0081842
0.0072331
0.0058031
0.0031479
0.00019716
-0.0016278
-0.003899
-0.0066325
-0.008846
-0.010336
-0.012399
-0.014625
-0.016017
-0.017333
-0.017732
-0.015996
-0.01373
-0.012516
-0.01152
-0.010635
-0.0096687
-0.0075046
-0.0048608
-0.0029749
-0.0017963
-0.0011895
-0.00047969
0.00022626
0.0010681
0.0014913
0.001503
0.001498
0.0014479
0.0014516
0.0014413
0.0015294
0.0015325
0.0010498
-0.000431
-0.0017979
-0.0035822
-0.0053546
-0.0072055
-0.0094993
-0.011
-0.011387
-0.011382
-0.011452
-0.011569
-0.01135
-0.010228
-0.0086614
-0.0074735
-0.0072112
-0.0073146
-0.0067689
-0.0050223
-0.0031065
-0.001325
0.00059033
0.0019132
0.0034467
0.0044111
0.0051973
0.005934
0.0068141
0.0072735
0.0069616
0.0059928
0.0048907
0.0038381
0.0018076
-0.00032842
-0.0018811
-0.004086
-0.0061668
-0.006983
-0.0077225
-0.0092079
-0.010005
-0.01008
-0.010032
-0.009982
-0.010111
-0.010199
-0.0098743
-0.0087207
-0.0075141
-0.0070482
-0.0071097
-0.0073618
-0.007426
-0.0066542
-0.0050108
-0.0044987
-0.0054853
-0.0066775
-0.0071897
-0.0072444
-0.0072736
-0.0069797
-0.0059628
-0.004466
-0.0028747
-0.0013356
6.5362e-05
0.0015207
0.0029268
0.0040611
0.004527
0.0044231
0.0035236
0.0020857
0.0014716
0.0019341
0.0030331
0.0041237
0.0048388
0.005724
0.0064095
0.0066542
0.0058893
0.0049613
0.0046197
0.00462
0.0046656
0.0047096
0.0047587
0.0048968
0.0048339
0.0040147
0.0022173
0.00049269
-0.00091831
-0.0022851
-0.0037294
-0.0051428
-0.0061566
-0.006476
-0.006474
-0.0064369
-0.006417
-0.0063983
-0.0063814
-0.006324
-0.0062674
-0.0063871
-0.006873
-0.0074188
-0.007208
-0.0066487
-0.0070733
-0.0082626
-0.0090137
-0.0098953
-0.011317
-0.011893
-0.011479
-0.010405
-0.0094643
-0.0089314
-0.0080052
-0.0067645
-0.0068612
-0.0082029
-0.0093649
-0.010484
-0.011489
-0.012268
-0.013048
-0.013202
-0.012687
-0.012009
-0.011757
-0.011789
-0.011794
-0.011571
-0.011154
-0.011035
-0.011476
-0.011788
-0.011568
-0.010586
-0.0092454
-0.0081453
-0.0070309
-0.0060194
-0.0052002
-0.0046703
-0.0049408
-0.0055336
-0.0057613
-0.005693
-0.0056195
-0.0056722
-0.0058608
-0.0057263
-0.0045056
-0.0020217
0.00065537
0.0026352
0.004084
0.0056189
0.0070113
0.0078556
0.0076387
0.0069488
0.0062039
0.005524
0.0048282
0.0041168
0.0035054
0.0032993
0.0033561
0.0034276
0.0034443
0.0033746
0.003339
0.0035401
0.0041378
0.004668
0.0048083
0.00481
0.0049979
0.0055845
0.006196
0.0064908
0.0063814
0.0056525
0.0045418
0.0035823
0.002837
0.0026084
0.0031184
0.0034971
0.0029896
0.0018986
0.0007687
-0.00055369
-0.0016069
-0.0020207
-0.0020692
-0.0015645
-0.00033445
0.00054743
0.00030033
-0.00017935
-0.0002961
-0.00037202
-0.0010668
-0.0023611
-0.0036145
-0.0042466
-0.0045606
-0.0053135
-0.0064718
-0.0072997
-0.007417
-0.0066345
-0.0050763
-0.0032027
-0.0019589
-0.0014238
-0.00087648
-0.00035277
4.1404e-05
0.00060575
0.0010768
0.0014423
0.0022148
0.0033413
0.0041975
0.0046821
0.0048213
0.0052734
0.006102
0.0062465
0.0056829
0.0049124
0.0043592
0.0042022
0.0041182
0.004081
0.0044226
0.0055538
0.0067879
0.0077231
0.0084943
0.0092391
0.0097678
0.0099283
0.0098714
0.0097963
0.0099756
0.010734
0.011786
0.01268
0.013693
0.014852
0.015415
0.015553
0.015858
0.016515
0.016704
0.01616
0.015742
0.015669
0.015452
0.014684
0.013597
0.012543
0.011056
0.0098645
0.0090177
0.008633
0.0085692
0.0082921
0.0076541
0.007248
0.0071596
0.0068742
0.0061785
0.0056867
0.0056301
0.0056451
0.0054347
0.0048147
0.0043894
0.0042716
0.0042313
0.0042297
0.0044343
0.005012
0.0054471
0.0057678
0.0064015
0.0070936
0.0080748
0.0092323
0.010083
0.010699
0.010528
0.0098565
0.0087884
0.0076862
0.0072015
0.007165
0.0070251
0.0062644
0.0051756
0.0042749
0.0033731
0.0022994
0.0014223
0.00066134
0.00011919
-0.00026397
-0.00084388
-0.0013581
-0.0016829
-0.0022695
-0.0030258
-0.0037604
-0.0040584
-0.0038037
-0.0038445
-0.004215
-0.0044048
-0.0044545
-0.0044377
-0.0044075
-0.0043502
-0.0043694
-0.0046028
-0.0050538
-0.0050439
-0.0044857
-0.00368
-0.0030908
-0.0030913
-0.003649
-0.0043464
-0.0050702
-0.0057993
-0.0065432
-0.0070792
-0.0071959
-0.0071556
-0.0072857
-0.0078584
-0.0086137
-0.0093521
-0.0098485
-0.010197
-0.01098
-0.012021
-0.012655
-0.013004
-0.013782
-0.014916
-0.015737
-0.015991
-0.015634
-0.014447
-0.012985
-0.011537
-0.010492
-0.0099602
-0.0093549
-0.0088869
-0.0087283
-0.0084514
-0.0078001
-0.0074364
-0.0080528
-0.0091996
-0.0099573
-0.010152
-0.010198
-0.010222
-0.0099305
-0.0088656
-0.007441
-0.0056995
-0.0037898
-0.0023135
-0.0015688
-0.0014168
-0.0014385
-0.0014528
-0.0014315
-0.0014158
-0.0014429
-0.001533
-0.0016351
-0.0015278
-0.00079632
0.00053247
0.002005
0.0032437
0.0041124
0.0050232
0.0060928
0.0069732
0.007894
0.0089477
0.0097853
0.010575
0.01138
0.012121
0.012454
0.012208
0.012163
0.012468
0.013023
0.014123
0.015121
0.015845
0.016993
0.018083
0.018722
0.019238
0.019181
0.01845
0.01715
0.015745
0.014294
0.012794
0.011273
0.010227
0.010006
0.0098341
0.0090147
0.0077394
0.0070077
0.0072947
0.0083281
0.0086647
0.0079993
0.0073596
0.0067433
0.0055473
0.004504
0.004245
0.004271
0.003878
0.0026318
0.0013967
0.00017744
-0.00094212
-0.0013339
-0.0013941
-0.001841
-0.0031112
-0.0041126
-0.004355
-0.0045047
-0.0052439
-0.0063717
-0.0071043
-0.0072346
-0.0071754
-0.007335
-0.0079987
-0.0087621
-0.0095794
-0.010043
-0.010128
-0.010191
-0.010229
-0.01002
-0.0092393
-0.0083976
-0.007873
-0.0083805
-0.009465
-0.010001
-0.01012
-0.010369
-0.011007
-0.011253
-0.010848
-0.010392
-0.0096943
-0.0083218
-0.0074763
-0.0073405
-0.0071108
-0.0062249
-0.0050829
-0.0044969
-0.0043921
-0.0044349
-0.0044724
-0.0044739
-0.0044391
-0.0043586
-0.0043529
-0.0046785
-0.0054523
-0.0058921
-0.005905
-0.005604
-0.0049674
-0.0045686
-0.0038673
-0.0024183
-0.0016953
-0.0013267
-0.00033921
0.00082238
0.0016966
0.0024592
0.0025207
0.0018295
0.0014138
0.0009791
0.00030679
-6.5535e-05
-0.00033716
-0.0010469
-0.0016833
-0.002624
-0.0034192
-0.0038664
-0.0033801
-0.0027108
-0.0019297
-0.00074964
0.0010994
0.0027917
0.0038517
0.0045233
0.0052261
0.0059558
0.0066627
0.0070226
0.0070688
0.0071661
0.0071299
0.0066503
0.0054955
0.0044704
0.0041066
0.0041658
0.0042881
0.0042723
0.0038067
0.0027815
0.0015484
0.00024965
-0.0011168
-0.0020269
-0.0027481
-0.0034143
-0.0041781
-0.0049146
-0.0054875
-0.0056495
-0.0057881
-0.0063475
-0.007076
-0.0072497
-0.0066443
-0.0055264
-0.0045228
-0.0036655
-0.0026508
-0.0017154
-0.00084937
0.00022303
0.0011659
0.0019215
0.0026583
0.0033443
0.0041179
0.0051846
0.0063247
0.006793
0.0063601
0.005822
0.0056128
0.0054124
0.0048592
0.0043351
0.0041564
0.0041542
0.00413
0.004036
0.0039551
0.0041282
0.0047561
0.0053319
0.0053139
0.0047178
0.0041053
0.0038797
0.0038584
0.0038875
0.0038322
0.0037141
0.0036165
0.0038728
0.0047887
0.0058848
0.0063947
0.0064356
0.0063521
0.0063322
0.0063464
0.0063713
0.0062908
0.0060033
0.0055518
0.0057121
0.006043
0.006378
0.0070555
0.0075644
0.0076332
0.0072297
0.006413
0.0060686
0.0060787
0.0057541
0.0046842
0.0035777
0.0031872
0.0028164
0.0017346
0.00061309
0.00021928
0.00020652
0.00020509
0.0002589
0.00048765
0.00089114
0.00062581
0.00033861
-5.8433e-05
-0.0011411
-0.0021761
-0.002562
-0.0028401
-0.0036792
-0.0045766
-0.0053567
-0.0052921
-0.0040868
-0.0022957
-0.00041616
0.0010143
0.0024297
0.0034906
0.0046106
0.0056096
0.0059931
0.0061458
0.0059698
0.0051231
0.0037236
0.0030779
0.0030352
0.0031563
0.0031671
0.0026468
0.0015523
0.00061152
0.00019786
-0.00027771
-0.00099374
-0.0017377
-0.0023763
-0.0026323
-0.0027108
-0.002774
-0.0025047
-0.0015656
-0.00039188
0.00023126
0.00074686
0.0012816
0.0014837
0.0014799
0.0014011
0.0013509
0.0015681
0.0021361
0.0024678
0.001705
0.00047763
-5.4527e-05
-9.8785e-05
-9.4907e-05
-0.0001101
-0.00010226
-4.8191e-05
-0.0002106
-0.00091732
-0.0020381
-0.0031734
-0.0044998
-0.0054892
-0.0059904
-0.0067897
-0.0079329
-0.0086869
-0.0088582
-0.0087503
-0.0087058
-0.0089199
-0.0093244
-0.0092876
-0.008931
-0.0087404
-0.0086868
-0.0086769
-0.008722
-0.0087637
-0.0085618
-0.0079556
-0.0074012
-0.0071963
-0.0071676
-0.0072098
-0.0072301
-0.0070095
-0.0063944
-0.0058315
-0.0056247
-0.0055525
-0.0055685
-0.0058588
-0.0065021
-0.0067438
-0.0062166
-0.005426
-0.0043688
-0.0033541
-0.0028351
-0.0022262
-0.00099004
-5.3696e-05
0.00067304
0.0019365
0.0028017
0.0033339
0.0040369
0.0045142
0.0045826
0.004372
0.0039542
0.0039077
0.0036178
0.0032876
0.0031542
0.003049
0.003092
0.0035031
0.0042558
0.0042914
0.0035132
0.0030749
0.0030187
0.0030604
0.0030759
0.0030457
0.0030464
0.0031462
0.0032083
0.0028539
0.0017415
0.00064697
0.00019992
-0.00016223
-0.00087634
-0.0011765
-0.0012583
-0.001596
-0.0023226
-0.0027247
-0.0027727
-0.0027723
-0.0027175
-0.0026416
-0.0025982
-0.002909
-0.003638
-0.0040696
-0.0044094
-0.0050739
-0.0053741
-0.0054285
-0.0055296
-0.0056483
-0.00537
-0.0042935
-0.003075
-0.0025218
-0.0024622
-0.0028669
-0.0039229
-0.0048901
-0.0052776
-0.0059217
-0.0074178
-0.0082036
-0.0082371
-0.0081681
-0.0081815
-0.0082796
-0.0079228
-0.006816
-0.0056598
-0.0052793
-0.0051552
-0.0048875
-0.0045454
-0.0049634
-0.0048812
-0.003724
-0.0025977
-0.0021575
-0.0021167
-0.0021531
-0.0021635
-0.002109
-0.0020383
-0.0020105
-0.0020467
-0.0021026
-0.002032
-0.0016173
-0.00093762
-0.00051937
-9.0863e-05
0.00055336
0.00094507
0.0014073
0.0020695
0.0023434
0.0023393
0.0024454
0.002888
0.0035981
0.0039021
0.0039264
0.0039258
0.0039058
0.0039174
0.0038943
0.0038799
0.0038763
0.0038732
0.0038588
0.0038554
0.0038895
0.0039558
0.0038851
0.0034432
0.0027118
0.002369
0.0023456
0.002371
0.0023936
0.0023834
0.0023745
0.0023578
0.0023555
0.0023855
0.0024476
0.0023945
0.0019937
0.0012936
0.00090097
0.00087971
0.0012354
0.0020324
0.0026999
0.0030394
0.0027227
0.002386
0.0019644
0.0012512
0.00089634
0.00094398
0.0014318
0.0021353
0.0022756
0.0019074
0.0017869
0.0025431
0.0030652
0.0023367
0.0014363
0.0010254
0.00053814
-0.0005245
-0.0014988
-0.0018034
-0.001696
-0.0017059
-0.002101
-0.0028098
-0.0031247
-0.0031247
-0.0030561
-0.0030328
-0.0030086
-0.0029419
-0.0029398
-0.0033004
-0.0040687
-0.0044225
-0.0042909
-0.0042779
-0.0049192
-0.006486
-0.0072669
-0.0073476
-0.0072586
-0.0071846
-0.0072053
-0.0072314
-0.0072395
-0.0072171
-0.0071822
-0.0072025
-0.0073093
-0.0073916
-0.0070079
-0.0058559
-0.0047102
-0.0044329
-0.0044223
-0.0038654
-0.0023609
-0.0013337
-0.00050341
0.00021993
0.00097651
0.0013778
0.0013917
0.0013943
0.0013599
0.001386
0.0013839
0.0013973
0.0013698
0.0013622
0.001375
0.0014662
0.0014777
0.0011412
0.00029964
-0.00020019
-0.00022375
0.00017566
0.00099787
0.0013175
0.0012894
0.0015831
0.002567
0.0036551
0.0043321
0.0052505
0.0063458
0.0071095
0.0078532
0.0085879
0.00947
0.0099779
0.0095375
0.0081748
0.0071737
0.0070331
0.0073209
0.0077678
0.007548
0.0072621
0.0072049
0.0069354
0.0059966
0.0048649
0.0042752
0.004093
0.0040407
0.004323
0.005282
0.0064496
0.0069653
0.0069912
0.0072003
0.0081121
0.0092528
0.0098353
0.0099425
0.0099444
0.0099578
0.0099851
0.0099983
0.010005
0.01
0.0099859
0.0099446
0.0099121
0.0098985
0.0098904
0.0098793
0.0098934
0.0099476
0.0099708
0.0097577
0.0091815
0.0087012
0.0085765
0.0084018
0.0078303
0.0072661
0.0071065
0.0071398
0.0070535
0.0065612
0.0058409
0.0051037
0.0044901
0.0042852
0.0041874
0.0036583
0.0026541
0.0015132
0.00022364
-0.0010294
-0.0015102
-0.0015414
-0.0014875
-0.0014169
-0.0013878
-0.0014619
-0.0015964
-0.0015308
-0.00089181
0.00025302
0.0011591
0.0014386
0.0014247
0.0013689
0.001351
0.0013975
0.0015044
0.0014935
0.00098446
-0.00016153
-0.00119
-0.0015374
-0.0015143
-0.0014174
-0.0013571
-0.0014208
-0.001812
-0.002476
-0.0029003
-0.0033854
-0.0040618
-0.0042925
-0.0043304
-0.0047914
-0.0058691
-0.0068811
-0.0072257
-0.0072269
-0.007182
-0.0071795
-0.0071935
-0.0071931
-0.0071796
-0.0072001
-0.007263
-0.0072594
-0.0069289
-0.0061969
-0.0057676
-0.0054392
-0.0047825
-0.0045789
-0.0045227
-0.0038501
-0.0023268
-0.0015543
-0.0015229
-0.0014806
-0.0014745
-0.0017997
-0.002907
-0.0039272
-0.0040398
-0.0036144
-0.0039627
-0.0043296
-0.0044078
-0.004422
-0.0043802
-0.0043818
-0.0043792
-0.0043939
-0.0043938
-0.0043984
-0.004376
-0.004356
-0.004368
-0.004474
-0.0045338
-0.0041741
-0.0030576
-0.0019574
-0.0015266
-0.0011924
-0.00050365
-0.00013543
-5.9548e-05
1.1766e-05
-1.5126e-05
-0.00035718
-0.0011609
-0.0015739
-0.0016143
-0.0015935
-0.0015662
-0.0015658
-0.0015564
-0.0015808
-0.0016595
-0.0017052
-0.0014265
-0.00073591
-0.00025689
-0.00014654
-0.00015638
-0.00021607
-0.00026698
-0.00027746
-0.00020812
-0.00019968
-0.00047761
-0.0011868
-0.0016668
-0.0017962
-0.0018587
-0.0018875
-0.0016659
-0.0010543
-0.00061178
-0.00032302
0.00025194
0.000938
0.001987
0.00313
0.0036593
0.0036768
0.003564
0.0035965
0.0038961
0.0043042
0.0040589
0.0036482
0.0035865
0.0036479
0.0034214
0.0024336
0.0012546
0.00066983
0.00064104
0.00071055
0.00052566
-0.00018941
-0.00096757
-0.0017774
-0.0022369
-0.0022751
-0.0022151
-0.0024604
-0.0034245
-0.0045767
-0.0051172
-0.005158
-0.0053732
-0.006276
-0.0074233
-0.0080269
-0.0081724
-0.008144
-0.0080824
-0.0080576
-0.008062
-0.0080734
-0.0081109
-0.0081547
-0.0082171
-0.0082219
-0.0079762
-0.0073631
-0.0069027
-0.0065391
-0.0059344
-0.0055266
-0.0052218
-0.0045732
-0.0038611
-0.0030758
-0.0026163
-0.0025656
-0.0026123
-0.002573
-0.0022832
-0.0019272
-0.0021545
-0.0023322
-0.0017903
-0.0010659
-0.00021286
0.00024431
0.0002941
0.00018565
0.00010272
0.00036836
0.0012958
0.0023716
0.0029351
0.0032857
0.0038912
0.0043285
0.0047032
0.0053256
0.0057026
0.0060383
0.0069837
0.0081059
0.0086659
0.0087699
0.0088248
0.0088773
0.0086211
0.0076515
0.006515
0.0059561
0.0058332
0.0057355
0.0057306
0.0062612
0.0076284
0.008572
0.0087959
0.0088305
0.0088233
0.0086284
0.0079286
0.0071121
0.0063134
0.0061214
0.0067158
0.007179
0.0072966
0.0072798
0.007296
0.007303
0.0071167
0.0065388
0.0059036
0.0049237
0.0035424
0.0020926
0.00090404
0.00011481
-0.00085723
-0.001979
-0.0027685
-0.0035373
-0.0042372
-0.0049875
-0.0054462
-0.0055301
-0.005541
-0.0055639
-0.0056256
-0.005644
-0.0056129
-0.0055129
-0.0055037
-0.0057355
-0.0061541
-0.0060916
-0.0056977
-0.0055435
-0.0056246
-0.0057479
-0.0055801
-0.0047467
-0.0035798
-0.002868
-0.0027342
-0.0027906
-0.002826
-0.0028396
-0.0028713
-0.0028449
-0.0026067
-0.0021818
-0.0021878
-0.0025343
-0.002715
-0.0027733
-0.0027953
-0.0028389
-0.0028453
-0.0026438
-0.0020427
-0.0014794
-0.0012892
-0.0012908
-0.0013182
-0.0013221
-0.0013014
-0.0012846
-0.0012965
-0.0013536
-0.0013685
-0.0011403
-0.00055008
-3.4295e-05
0.00012648
0.00014322
0.00032123
0.00084883
0.0013656
0.0017444
0.0023262
0.0028292
0.0030071
0.0030521
0.0030854
0.0030863
0.0028843
0.0023046
0.0017734
0.0015983
0.001589
0.0015973
0.0016085
0.0016714
0.0017393
0.0015688
0.00097138
0.00042181
0.00024323
0.00025906
0.00031406
0.00032743
0.00032113
0.0003132
0.0003161
0.00031778
0.0003205
0.00031853
0.00032793
0.00035448
0.00039705
0.0004552
0.0005112
0.00038653
-0.0001143
-0.00068049
-0.00089191
-0.00088741
-0.00081842
-0.00077282
-0.00077126
-0.00078875
-0.00077544
-0.00072614
-0.00068389
-0.00081672
-0.0011569
-0.0012655
-0.0008997
-0.00063166
-0.00040344
9.5587e-05
0.00069592
0.00097829
0.0010429
0.0010618
0.0010981
0.001167
0.0012233
0.0010934
0.00058806
-3.5575e-05
-0.00027946
-0.00024726
-0.00016983
-0.00026875
-0.00073397
-0.0012952
-0.0014866
-0.0015855
-0.0020019
-0.0025881
-0.0028866
-0.0029433
-0.0027799
-0.0022822
-0.0017221
-0.0014857
-0.0013002
-0.0009476
-0.00083073
-0.0011846
-0.0014621
-0.0015423
-0.0013882
-0.00083839
-0.00020016
6.3356e-05
0.00010963
0.00012872
7.1223e-06
-0.00043315
-0.0010355
-0.0013952
-0.0018008
-0.0024854
-0.0032029
-0.0039309
-0.004235
-0.0042415
-0.0042271
-0.0042154
-0.0042252
-0.0042119
-0.0042092
-0.0042414
-0.0043093
-0.0042341
-0.0037781
-0.0030411
-0.0027295
-0.0027667
-0.0027261
-0.0023359
-0.0016408
-0.0013073
-0.001265
-0.0012979
-0.0013764
-0.0014455
-0.0013396
-0.0008882
-0.00021211
6.6401e-05
4.4119e-05
0.00014757
0.00052324
0.00088321
0.00047957
-0.00019661
-0.0010159
-0.0017735
-0.0023483
-0.0023641
-0.0020163
-0.001961
-0.0015849
-0.0013884
-0.0012943
-0.00089676
-0.00023157
0.00012736
0.00021558
0.00012372
-0.00031202
-0.00096637
-0.0012282
-0.0012082
-0.0012578
-0.0016524
-0.0023759
-0.0027637
-0.0027222
-0.0022844
-0.0015678
-0.0012489
-0.0012416
-0.0013386
-0.0013692
-0.0010864
-0.00028775
0.00045864
0.0012346
0.0019374
0.0026173
0.0029617
0.0030342
0.00306
0.0030124
0.0029582
0.0029971
0.0034001
0.0041024
0.0044486
0.0044689
0.0044499
0.0044291
0.0044485
0.0044519
0.0044471
0.0044334
0.0044568
0.0045144
0.0044848
0.0041226
0.0033688
0.0026549
0.0020151
0.0017503
0.0015922
0.0012618
0.0010723
0.0013664
0.001264
0.00058356
0.00020115
0.00021067
0.00069565
0.0014562
0.001808
0.001779
0.0016942
0.0017396
0.0022071
0.0029382
0.0032964
0.0033164
0.0033214
0.0033276
0.0034279
0.0033735
0.0029879
0.0023177
0.0019123
0.0014546
0.00089081
0.0010082
0.001695
0.002071
0.0021218
0.0020808
0.0021007
0.0021929
0.0021845
0.001796
0.0011525
0.00089076
0.00090215
0.00088348
0.0008378
0.00090982
0.0014086
0.0021663
0.0024337
0.0020277
0.001337
0.0010197
0.0010727
0.0011113
0.0011463
0.0011346
0.0011995
0.0012625
0.0013574
0.0012725
0.00099782
0.00066182
0.00067387
0.00037048
0.00021707
0.00012526
-0.00029481
-0.00093278
-0.0011722
-0.0011953
-0.0015093
-0.0021964
-0.0028513
-0.003583
-0.0042746
-0.0049382
-0.0052035
-0.0051633
-0.0051498
-0.0050597
-0.00466
-0.0039166
-0.0034895
-0.0035046
-0.0039438
-0.004641
-0.0049239
-0.0048853
-0.0048193
-0.0047796
-0.0047832
-0.0047932
-0.0046527
-0.0042593
-0.0039292
-0.0041947
-0.0045151
-0.0049529
-0.0056293
-0.0058988
-0.0058937
-0.0058523
-0.0058757
-0.0058139
-0.0054165
-0.0047487
-0.0044119
-0.0043172
-0.0042504
-0.0043474
-0.0046626
-0.0048894
-0.0046114
-0.0046575
-0.0048875
-0.0045094
-0.004218
-0.0040702
-0.003673
-0.0030726
-0.0027059
-0.0023313
-0.0016183
-0.00092521
-9.4827e-05
0.00059684
0.0012511
0.0017085
0.002257
0.002907
0.0031915
0.0031282
0.0026533
0.0019082
0.0011695
0.0005587
0.000334
0.00033285
0.00034741
0.00036426
0.00036143
0.0003444
0.00029641
0.00029904
0.00049597
0.00090665
0.0010196
0.00058773
0.00029015
0.00040993
0.00095356
0.0015876
0.0018082
0.001963
0.0024299
0.0029891
0.0031972
0.0033471
0.0038403
0.0044785
0.0047433
0.0046949
0.0046113
0.0047231
0.0052238
0.0058462
0.0061353
0.0061762
0.0060242
0.0055596
0.0050099
0.0046375
0.0041329
0.0035447
0.0033089
0.003287
0.0033105
0.0033248
0.0033256
0.0033107
0.003286
0.0032873
0.0034248
0.0037337
0.0039514
0.0040818
0.0044852
0.0047187
0.0047412
0.0047254
0.0047126
0.0047644
0.0048134
0.0046888
0.0041897
0.0035847
0.0033346
0.0033213
0.003341
0.0033709
0.0033928
0.0033697
0.003174
0.0028022
0.0026669
0.0030199
0.003258
0.0032875
0.0032603
0.003245
0.0033099
0.0033888
0.0032793
0.0027931
0.0023192
0.0023916
0.0026262
0.0027895
0.003175
0.0033795
0.0034
0.0033974
0.0033866
0.0033942
0.0033982
0.0034074
0.0034097
0.0034001
0.0033616
0.0033304
0.0033493
0.0033966
0.0034191
0.0034221
0.0034129
0.0034078
0.0034253
0.0034704
0.0034731
0.0032977
0.0029321
0.0028288
0.0031945
0.0034264
0.0034397
0.00343
0.003477
0.00357
0.0034066
0.0026809
0.0017122
0.0014978
0.0017135
0.001387
0.00081289
0.00055784
0.00053059
0.00056775
0.00058598
0.00057659
0.00055545
0.00055949
0.00060628
0.00065831
0.00052758
3.0497e-05
-0.00058126
-0.00082244
-0.00081823
-0.00077055
-0.00076475
-0.00079247
-0.00076861
-0.00072609
-0.00086574
-0.0013623
-0.0019369
-0.0021286
-0.0022367
-0.0027047
-0.003484
-0.0042389
-0.0048227
-0.005044
-0.0052203
-0.0055669
-0.0056518
-0.0052874
-0.0050957
-0.0051538
-0.0050822
-0.0044613
-0.0033017
-0.0023879
-0.0021193
-0.0021748
-0.0022112
-0.0020373
-0.0016508
-0.0015268
-0.0018728
-0.0021096
-0.0021791
-0.0022254
-0.0021205
-0.0016705
-0.0010263
-0.00070087
-0.00077016
-0.0012734
-0.001889
-0.0021286
-0.0021298
-0.0021027
-0.0020907
-0.002101
-0.0021034
-0.0021029
-0.0020962
-0.0020942
-0.00209
-0.0020896
-0.0020873
-0.0020884
-0.0020831
-0.0020742
-0.0020635
-0.0020777
-0.0021157
-0.0021168
-0.0019362
-0.0015668
-0.0014523
-0.0018125
-0.0020481
-0.002081
-0.0020635
-0.0020369
-0.0020382
-0.0020474
-0.002063
-0.0020524
-0.0020015
-0.0019542
-0.002107
-0.002636
-0.0032441
-0.0034603
-0.0036003
-0.0040698
-0.0046663
-0.0049229
-0.0049372
-0.0049116
-0.0048945
-0.0049007
-0.0049038
-0.0049077
-0.0049063
-0.0048986
-0.004874
-0.0048613
-0.0049079
-0.0050023
-0.004906
-0.0042318
-0.0030627
-0.0021885
-0.0019734
-0.0020338
-0.0019269
-0.0014127
-0.00079281
-0.00058788
-0.0006059
-0.00043396
0.00013097
0.00067212
0.00086833
0.00092834
0.00092251
0.00071203
0.00014539
-0.00032146
-0.00045068
-0.00062778
-0.0012027
-0.0017421
-0.0018758
-0.0018583
-0.0020767
-0.0026801
-0.003077
-0.0028794
-0.0027054
-0.0024444
-0.0020973
-0.0019609
-0.0017531
-0.001235
-0.00072869
-0.00034943
0.0002407
0.00075196
0.00092577
0.00094171
0.00093862
0.00093694
0.00090179
0.00086666
0.0010258
0.0016203
0.0023954
0.0031712
0.0037144
0.003865
0.0038581
0.0038342
0.0038524
0.003907
0.0039328
0.0037421
0.0032168
0.0027147
0.002353
0.0017623
0.0012256
0.0010188
0.0010406
0.0010916
0.00089438
0.00025204
-0.00031554
-0.00029444
0.00029329
0.00085606
0.0010446
0.0010491
0.0010212
0.00097639
0.00094916
0.0011145
0.0017102
0.0024825
0.0032579
0.0038012
0.0039539
0.0039459
0.0039202
0.0039351
0.0039964
0.0040342
0.0038457
0.0032771
0.002732
0.0025077
0.0024786
0.0027036
0.0032874
0.0038234
0.004006
0.0040214
0.0039728
0.0039133
0.0039292
0.0042461
0.0048738
0.0051167
0.0048751
0.0050931
0.0051481
0.0045798
0.0041062
0.0039564
0.0039973
0.0041661
0.0042017
0.0036519
0.0022559
0.0012991
0.0011119
0.0011879
0.0012555
0.001206
0.0011696
0.0011627
0.00116
0.0011082
0.0011011
0.0013565
0.002025
0.0025581
0.002945
0.0033715
0.0032229
0.0028449
0.0023664
0.0015939
0.0013476
0.0013325
0.0007457
-0.00068681
-0.001505
-0.0018823
-0.0026109
-0.0030097
-0.0031844
-0.0031631
-0.0028011
-0.0019802
-0.0015786
-0.0015377
-0.0015654
-0.0015554
-0.0015362
-0.0015591
-0.0016788
-0.0016264
-0.001049
0.00016121
0.00057334
0.0010346
0.0013576
0.0013619
0.0013842
0.0013421
0.0013743
0.0014346
0.0014911
0.0012199
0.00040939
-0.00044589
-0.0012024
-0.0015113
-0.0014367
-0.0014648
-0.0017899
-0.0025626
-0.0032845
-0.0039973
-0.0042763
-0.0042856
-0.0042614
-0.0042535
-0.004257
-0.0042661
-0.0042657
-0.0042631
-0.0042345
-0.0042112
-0.0042387
-0.0043691
-0.004408
-0.0039265
-0.0027635
-0.0017096
-0.0013631
-0.0014599
-0.0015926
-0.0013271
-0.00026596
0.001006
0.0015167
0.0015089
0.0014483
0.0014153
0.0014188
0.0014121
0.001424
0.0014215
0.0014329
0.0014114
0.0013946
0.0014049
0.0015282
0.0016072
0.0012507
6.0224e-05
-0.0010475
-0.0013925
-0.0012927
-0.0012247
-0.0015945
-0.0025947
-0.003324
-0.0037374
-0.0040929
-0.0042156
-0.0042073
-0.004178
-0.004202
-0.0043313
-0.0043695
-0.0038563
-0.00251
-0.0015057
-0.0012512
-0.001266
-0.0013178
-0.0013041
-0.0012851
-0.0012683
-0.0012786
-0.00128
-0.0012749
-0.0012389
-0.0012288
-0.0012849
-0.001414
-0.0013365
-0.00069076
0.00038235
0.0001991
-0.00086995
-0.0012995
-0.00090396
-5.4316e-05
5.0468e-05
-0.00067706
-0.0011254
-0.0012265
-0.0012083
-0.0011847
-0.0011194
-0.0010488
-0.0013767
-0.0024462
-0.0036182
-0.0040941
-0.0041327
-0.0040607
-0.0040257
-0.0040635
-0.0041754
-0.0041753
-0.0036871
-0.0025361
-0.0014632
-0.0011178
-0.0012198
-0.0012872
-0.00085951
0.00026794
0.0013276
0.0016986
0.001695
0.001656
0.0016484
0.0016716
0.0016794
0.0016947
0.0017233
0.0017686
0.001793
0.0018341
0.0018861
0.0019457
0.0019878
0.0020075
0.0020138
0.0020535
0.002106
0.0021641
0.0022015
0.0022322
0.002276
0.0023609
0.0024229
0.0024757
0.0025299
0.0026495
0.0027584
0.0026666
0.0021881
0.0017431
0.001453
0.00099658
0.00056648
0.00026746
-0.00025816
-0.00063824
-0.0007095
-0.00085941
-0.0014156
-0.0018505
-0.0018166
-0.0013688
-0.00093331
0.00010811
0.00088059
0.0011463
0.0017845
0.0031621
0.0041606
0.0044283
0.0044736
0.0044649
0.0045179
0.0045512
0.0046169
0.0046377
0.0046735
0.0047142
0.004758
0.004761
0.0047722
0.00477
0.0047824
0.0047728
0.0047684
0.0047763
0.0048642
0.0049672
0.0049813
0.0046388
0.0038819
0.0034844
0.0034856
0.0034762
0.0031868
0.0024198
0.0020315
0.0019594
0.0019514
0.0019648
0.0019748
0.0019102
0.0018226
0.0018877
0.0024938
0.0034685
0.0037846
0.0030863
0.0027159
0.0022274
0.0019485
0.0019761
0.0020315
0.0020254
0.0016552
0.00088139
9.1118e-05
-0.0006192
-0.00089812
-0.00087987
-0.0009177
-0.00099138
-0.00091364
-0.00024282
0.000906
0.0017938
0.0020515
0.0020437
0.0020059
0.0020128
0.0020289
0.0020455
0.0020489
0.00205
0.0020329
0.0020205
0.0020508
0.0021493
0.0021481
0.0016751
0.00058286
-0.00042116
-0.00076629
-0.00075839
-0.00068368
-0.00064932
-0.00071043
-0.0008728
-0.00087331
-0.00018485
0.0013795
0.0021972
0.0022345
0.0021401
0.0019497
0.0019428
0.0024737
0.0038809
0.0049172
0.0052307
0.0049529
0.0039387
0.0027609
0.0022541
0.0023135
0.0024113
0.0019994
0.0007924
-0.00022423
-0.00047479
-0.00066239
-0.0014215
-0.002552
-0.0032799
-0.003465
-0.0034289
-0.0033936
-0.0033912
-0.0034213
-0.0034581
-0.0034877
-0.0034798
-0.0034765
-0.0034739
-0.0033715
-0.0029237
-0.0022195
-0.0015284
-0.00096769
-0.00049811
0.00044212
0.0017002
0.0022363
0.0022865
0.0022456
0.0022288
0.0022298
0.0022277
0.0022464
0.0023468
0.0023976
0.0020552
0.0010044
-4.7966e-06
-0.00041593
-0.0010007
-0.0024348
-0.0035602
-0.0047309
-0.0058418
-0.0061927
-0.0062006
-0.0061668
-0.0062526
-0.0063269
-0.0060491
-0.0050676
-0.0039807
-0.003462
-0.0030796
-0.0021333
-0.00096554
-0.00032767
-0.00017339
-0.00016945
-0.00018601
-0.00015534
-0.00010628
-5.9174e-05
-3.4197e-05
1.2439e-05
4.2996e-05
5.4357e-05
6.4273e-05
0.00012529
0.0002075
0.00024718
0.00021663
0.00028469
0.00066365
0.0013255
0.0017904
0.0023
0.0029805
0.0032933
0.0033489
0.0033736
0.0033636
0.0034072
0.0035459
0.0036637
0.0034184
0.0024889
0.0013423
0.00077905
0.00070849
0.00079834
0.00078996
0.00055554
0.0001697
0.00025974
0.00065455
0.00085083
0.00090102
0.00093634
0.00093887
0.00087388
0.0008848
0.0013694
0.0024606
0.0034714
0.0038152
0.0038237
0.0037684
0.0037522
0.0037731
0.0038719
0.0039527
0.0037725
0.0030917
0.0023824
0.0016491
0.0012574
0.001132
0.00086589
0.00048473
0.00066411
0.0011185
0.00089859
-0.00029583
-0.001474
-0.0018486
-0.0016577
-0.0012064
-0.0010717
-0.001447
-0.0017011
-0.0018015
-0.0019085
-0.0017533
-0.00089121
0.00054912
0.0012535
0.0012703
0.0011457
0.00099068
0.0010752
0.0014447
0.0019226
0.0015178
0.0010966
0.00099386
0.0010361
0.0011385
0.00090897
7.5822e-05
-0.00096315
-0.0016081
-0.0021912
-0.0033566
-0.0045576
-0.0053991
-0.0061388
-0.0067732
-0.0073803
-0.0080128
-0.0090648
-0.0099635
-0.0094781
-0.0085717
-0.0081378
-0.0077336
-0.0070274
-0.0063376
-0.005652
-0.0053763
-0.0054304
-0.0055359
-0.0055443
-0.0051323
-0.0044191
-0.0040571
-0.0041587
-0.0046373
-0.0053737
-0.0057056
-0.0057764
-0.0058177
-0.0056989
-0.0053026
-0.0047041
-0.0044691
-0.0043664
-0.0039654
-0.0033104
-0.003041
-0.0030055
-0.0027484
-0.0020595
-0.0014751
-0.00068487
0.00035277
0.0018606
0.0026454
0.0026801
0.0026644
0.0026074
0.002675
0.0027098
0.0027549
0.0027647
0.0028573
0.0028176
0.0024468
0.0016526
0.0012909
0.0012892
0.0012894
0.0010668
0.00063465
0.00057573
0.00015992
8.4419e-05
0.00088896
0.0015943
0.0021766
0.0018724
0.00151
0.0011221
0.00038706
1.5252e-05
-1.9975e-05
1.4817e-05
0.00011547
8.5845e-05
-0.00024678
-0.0010022
-0.0013821
-0.0016727
-0.00231
-0.0028112
-0.0029494
-0.0027362
-0.0020085
-0.0012568
-0.00046185
4.9943e-06
8.7781e-05
-1.0893e-06
-9.0163e-05
0.00016465
0.0011065
0.0022382
0.0028125
0.0029222
0.0029223
0.002892
0.0028899
0.0028957
0.002911
0.0030104
0.0031268
0.0028842
0.0019435
0.00075641
0.00016266
5.9063e-05
0.00010779
0.00012683
0.0001206
9.6931e-05
0.00010028
0.00011235
0.00014865
0.00013878
6.2093e-05
-2.5403e-05
0.00025094
0.0012232
0.0023983
0.0029678
0.003081
0.0030462
0.0030239
0.0029684
0.0029775
0.0032242
0.0038888
0.0043588
0.0045369
0.0045355
0.0042658
0.0036034
0.0031381
0.0029656
0.0029263
0.0029709
0.0031218
0.0032107
0.0028834
0.0018009
0.00068832
0.00021966
-0.00014667
-0.00088538
-0.0012075
-0.001266
-0.0015753
-0.0023022
-0.0026929
-0.0027318
-0.0027231
-0.0027098
-0.0026993
-0.0026261
-0.0026044
-0.0029192
-0.0037197
-0.0042502
-0.004292
-0.0039027
-0.003071
-0.002751
-0.0027687
-0.0024876
-0.0015092
-0.00042175
0.00034015
0.0013905
0.0025205
0.0032002
0.0039946
0.0047002
0.0055342
0.0059321
0.0059409
0.0059405
0.005992
0.0060395
0.0057656
0.004947
0.0041548
0.0034611
0.0030422
0.0025745
0.0019676
0.0020796
0.0027315
0.0030809
0.0031021
0.0030493
0.0031063
0.0034974
0.0042505
0.0049802
0.0056749
0.0060059
0.0060537
0.0059791
0.0055824
0.004982
0.0045977
0.0041769
0.0035072
0.003183
0.0030948
0.0030918
0.0031098
0.003141
0.003183
0.0031962
0.0031903
0.0032115
0.0032662
0.0032409
0.0028926
0.0021443
0.0013784
0.00063077
0.00031248
0.0003196
0.00032774
0.00032926
0.00029151
0.00033032
0.00042198
0.00042233
-9.004e-05
-0.0011843
-0.0021218
-0.0023321
-0.0024822
-0.0032949
-0.0046724
-0.0052883
-0.0054054
-0.0057652
-0.0064185
-0.0068071
-0.0069035
-0.0069527
-0.0068341
-0.0063808
-0.0056798
-0.0054404
-0.005412
-0.0049577
-0.0038596
-0.0028263
-0.0025036
-0.0025997
-0.0026431
-0.0021672
-0.0010224
3.8787e-05
0.00040661
0.00040349
0.00036028
0.0003414
0.00035668
0.00038506
0.00044295
0.00040321
5.4264e-05
-0.0006828
-0.0013965
-0.0021066
-0.0024137
-0.002442
-0.002481
-0.0024911
-0.0025062
-0.0025159
-0.0025288
-0.0025143
-0.0024516
-0.0024259
-0.0026812
-0.0034278
-0.0041472
-0.0049279
-0.0053165
-0.00533
-0.0053061
-0.0051945
-0.0052028
-0.0055342
-0.0063812
-0.0068708
-0.0069132
-0.0065113
-0.0056729
-0.0052795
-0.0053369
-0.0053539
-0.0050539
-0.0042759
-0.0038987
-0.0038629
-0.0038724
-0.0038129
-0.0038181
-0.0041442
-0.00489
-0.0052102
-0.0052223
-0.0054704
-0.0062541
-0.0070197
-0.0078162
-0.0081739
-0.0081449
-0.0081505
-0.0082233
-0.0083184
-0.0079781
-0.0069036
-0.005748
-0.0052889
-0.0049631
-0.0043583
-0.0039845
-0.0035875
-0.0027587
-0.0023973
-0.0026815
-0.0034624
-0.0038688
-0.00388
-0.0038355
-0.0038316
-0.00392
-0.003927
-0.0035963
-0.0028439
-0.0024551
-0.0024068
-0.002316
-0.0020583
-0.0017322
-0.002109
-0.0021563
-0.0015389
-0.0011451
-0.00073596
3.1183e-05
0.00043244
0.00053961
0.00055457
0.00025737
-0.00053359
-0.0013013
-0.0020949
-0.0024389
-0.0022992
-0.0022397
-0.0025037
-0.0034005
-0.0041348
-0.0046334
-0.0043106
-0.0039151
-0.0035178
-0.0027844
-0.0025202
-0.0025393
-0.0022366
-0.0012314
-8.6419e-05
0.00066664
0.0016898
0.0028063
0.0036171
0.004425
0.0047534
0.0047004
0.004762
0.005091
0.0056024
0.0052323
0.004573
0.0038113
0.0033963
0.0030916
0.0024658
0.0020489
0.0016613
0.00099151
0.00055854
0.00047186
0.00047658
0.00049274
0.00047163
0.00047415
0.00052429
0.00056346
0.00034583
-0.00034981
-0.0011174
-0.0018966
-0.0023538
-0.0024122
-0.002399
-0.0023903
-0.0024748
-0.0024916
-0.0022387
-0.0015483
-0.0010785
-0.00098378
-0.0010621
-0.001091
-0.00082501
-0.00014976
0.00034811
0.00071048
0.0012976
0.0017097
0.0020679
0.0027512
0.0032585
0.0033858
0.0031194
0.0024303
0.00195
0.0018419
0.0018889
0.0020301
0.002072
0.0018132
0.0011275
0.00065501
0.00055437
0.00062087
0.00067333
0.00047541
-0.00016771
-0.00087605
-0.0016602
-0.0021212
-0.0021569
-0.0021165
-0.0020544
-0.002022
-0.0019314
-0.0018793
-0.0021126
-0.0028019
-0.0032648
-0.0033875
-0.0033209
-0.0030119
-0.0023912
-0.0019592
-0.001654
-0.0010844
-0.00056463
-0.00019931
0.00039265
0.0010843
0.001813
0.0025667
0.0033601
0.0039773
0.0041876
0.0041984
0.0041662
0.0041643
0.0042077
0.004257
0.0041343
0.0036182
0.0028818
0.0020856
0.0015695
0.0015127
0.0013954
0.00065919
-0.00051248
-0.001287
-0.0014552
-0.0013163
-0.0012134
-0.0014254
-0.0020519
-0.0024101
-0.0020172
-0.0014805
-0.0011186
-0.00054075
0.00018671
0.00093958
0.0015098
0.001895
0.0024734
0.0030082
0.0032632
0.0033389
0.0031907
0.0026877
0.0020468
0.001326
0.00059068
-9.6531e-05
-0.00054469
-0.00064834
-0.00081334
-0.0012942
-0.0017317
-0.0014684
-0.00081604
-0.00011096
0.00067761
0.0015504
0.002627
0.0035945
0.0043761
0.005217
0.0060276
0.0067021
0.0068276
0.0064267
0.0059126
0.0055873
0.0049616
0.0039006
0.0030943
0.0027127
0.0022227
0.0016312
0.0014101
0.0014389
0.0014675
0.0014353
0.0013874
0.001549
0.0020876
0.0027193
0.0029664
0.002976
0.0029469
0.0029377
0.0029469
0.0029571
0.0029569
0.0029485
0.0029317
0.0029353
0.0029782
0.0030252
0.0028886
0.0023875
0.001784
0.0015717
0.0016028
0.0016489
0.0016607
0.00164
0.0015957
0.0015532
0.0015355
0.0015339
0.0015323
0.001544
0.001566
0.0015837
0.0015824
0.0015972
0.0016048
0.0016115
0.0015009
0.0010471
0.00031613
-0.0003986
-0.00099122
-0.0012002
-0.0011803
-0.0011544
-0.0013223
-0.0018714
-0.0023699
-0.0021023
-0.0014697
-0.001175
-0.0011317
-0.0011433
-0.0012449
-0.0015179
-0.0018679
-0.0019881
-0.0023236
-0.0025318
-0.0025412
-0.0025261
-0.0024906
-0.0024978
-0.0024804
-0.0024904
-0.0025182
-0.0025827
-0.002498
-0.0020874
-0.001434
-0.0011811
-0.0010909
-0.00070615
-3.7096e-05
0.00030074
0.00035201
0.00035925
0.00039446
0.00031346
-0.00010936
-0.00079177
-0.0011549
-0.001237
-0.0012401
-0.0011735
-0.0011324
-0.0012451
-0.0017296
-0.0023212
-0.0022918
-0.0020117
-0.0023776
-0.0027082
-0.0028219
-0.0027463
-0.0023166
-0.0016754
-0.0013058
-0.00089594
-0.00027222
-3.5489e-05
6.8978e-05
0.00048095
0.001187
0.001542
0.0015835
0.0014663
0.0010132
0.00034454
6.8771e-05
0.00010286
8.7029e-06
-0.00044177
-0.0010923
-0.0013674
-0.0013914
-0.0013633
-0.0013514
-0.001348
-0.001356
-0.0013857
-0.0014378
-0.0013646
-0.00096709
-0.0003085
0.00014003
0.00051647
0.00074315
0.00082651
0.0011934
0.0015824
0.0021264
0.0027023
0.0028945
0.0030714
0.0035621
0.0041611
0.0044002
0.0044177
0.0044341
0.0044677
0.0043433
0.0038511
0.0032409
0.002989
0.0029715
0.0029923
0.0030136
0.0030407
0.0030661
0.0030468
0.0030079
0.00299
0.0029803
0.0029671
0.0029677
0.0030104
0.0030569
0.0029263
0.0024194
0.0017955
0.0015472
0.00158
0.0016477
0.0015266
0.0010151
0.00039975
0.00014683
0.00013684
0.00015696
0.00017394
0.00017216
0.0001648
0.00011627
7.4157e-05
0.00020113
0.00070016
0.0013055
0.0015578
0.0015652
0.0015357
0.0015062
0.0015254
0.0015918
0.001676
0.0015775
0.0011186
0.00037576
-0.00039219
-0.0010272
-0.0012199
-0.0013132
-0.0017473
-0.0024868
-0.0032542
-0.0039033
-0.0041438
-0.0041561
-0.0041743
-0.0041874
-0.0041806
-0.0041475
-0.0041376
-0.0041675
-0.0040671
-0.0035926
-0.0028497
-0.0021341
-0.0015227
-0.0012663
-0.0012266
-0.0012446
-0.0012964
-0.0013533
-0.0014039
-0.0012622
-0.00073079
-7.8278e-05
0.00018373
0.00018786
0.00015615
0.00015492
0.00019381
0.00018968
3.3838e-05
-0.00029978
-0.00047483
-0.0006504
-0.0010962
-0.001334
-0.0013638
-0.0013615
-0.0013582
-0.0013808
-0.0013835
-0.0014251
-0.0015136
-0.0015419
-0.0012827
-0.00067227
-0.00032418
-0.00057383
-0.00060808
-0.00030574
0.00011028
0.00073875
0.00099207
0.0004962
0.00011652
0.00048833
0.0010264
0.001239
0.0012454
0.0011873
0.0011342
0.0011195
0.001151
0.0011508
0.0011016
0.0010201
0.00097445
0.0010242
0.0011147
0.000949
0.00015273
-0.0010159
-0.0017679
-0.0019551
-0.0019261
-0.0019135
-0.0019633
-0.0020257
-0.0020453
-0.0020279
-0.0019792
-0.0019581
-0.001989
-0.0020323
-0.0020467
-0.0020506
-0.0020484
-0.002052
-0.0020509
-0.0020551
-0.0020644
-0.0021009
-0.0021386
-0.0021828
-0.0021958
-0.002053
-0.001517
-0.00079838
-5.5933e-05
0.0004967
0.00087468
0.0014448
0.0018896
0.0019892
0.0021697
0.0027622
0.0033358
0.003515
0.0034765
0.0034048
0.0033903
0.0034
0.0034101
0.0033866
0.0033557
0.003356
0.0034648
0.0034881
0.0032093
0.0025324
0.0020609
0.0019386
0.0019176
0.0019409
0.0019314
0.0019261
0.0018957
0.0018664
0.0018586
0.0018667
0.0018779
0.001862
0.0017989
0.0017776
0.0020244
0.0026769
0.0031694
0.0033479
0.0033404
0.0029773
0.002287
0.0020709
0.0026502
0.0031211
0.0030475
0.002351
0.0015446
0.00073469
0.00028978
0.0002177
0.00021076
0.00019952
0.00019023
0.0002678
0.00034084
7.7899e-05
-0.00089542
-0.0020518
-0.0026528
-0.002825
-0.0028652
-0.0027895
-0.0025119
-0.0021473
-0.0023984
-0.0025677
-0.0020081
-0.0013139
-0.00053471
-9.124e-05
-1.7525e-05
-3.3433e-05
-5.1982e-05
-4.4703e-05
-3.9285e-05
-3.3698e-05
-3.8689e-05
-5.9909e-05
-0.00011123
-0.00014532
-0.00015628
-0.00015592
-0.00015586
-0.00015654
-0.00016585
-0.00017502
-0.00017466
-0.00013723
-9.624e-05
-0.00013773
-0.00026691
-0.00027688
0.0001698
0.001251
0.0019092
0.0024346
0.0025173
0.0015824
0.00042746
-0.00016626
-0.00017659
-0.00011941
-0.00035074
-0.0011808
-0.0019608
-0.0027427
-0.0028481
-0.0018887
-0.0006791
-0.00018309
-0.0001793
-0.00023669
-0.00026502
-0.00023265
-0.00020884
-0.00020942
-0.00028177
-0.00032643
-0.000105
0.00066518
0.0015081
0.0023915
0.0024012
0.0012932
0.00016541
-0.00026285
-0.00029316
-0.00040998
-0.00039178
0.00025474
0.0018167
0.0026277
0.00269
0.0025976
0.0024991
0.0025701
0.0026172
0.0023493
0.0015134
0.00078064
0.0003205
0.00070184
0.001118
0.0011868
0.0012092
0.0011727
0.0012724
0.001255
0.0009434
0.00012528
-0.00029527
-0.00043476
-0.00041444
-8.8527e-05
0.00077054
0.0013996
0.0018093
0.0017151
0.0020787
0.0024253
0.0024859
0.0025563
0.0025443
0.0025556
0.0025472
0.0025536
0.0025441
0.0025466
0.0025459
0.002551
0.0025373
0.0025077
0.0024886
0.0025356
0.0026065
0.0023031
0.0011961
2.0351e-05
-0.00040861
-0.00042589
-0.00037199
-0.00036146
-0.0003734
-0.000399
-0.00041957
-0.0004363
-0.00037466
-0.00026427
-0.00031638
-0.00098017
-0.0021704
-0.0023718
-0.0023046
-0.0023923
-0.0014994
-0.001276
-0.00096625
-0.0010419
-0.001326
-0.0024604
-0.003223
-0.0032667
-0.003273
-0.0032007
-0.0032404
-0.0032311
-0.0032632
-0.003264
-0.0033114
-0.0032955
-0.0033276
-0.003338
-0.0033752
-0.0034216
-0.0033679
-0.0029642
-0.0022026
-0.0014614
-0.00076287
-0.00046755
-0.00048861
-0.00051131
-0.00049528
-0.0003916
-0.00042779
-0.00092054
-0.0019219
-0.0026279
-0.0026778
-0.002679
-0.0021994
-0.0014974
-0.00081848
-0.00049187
-0.00050841
-0.00051242
-0.00054757
-0.00051254
-0.0005122
-0.00049583
-0.0005647
-0.00061164
-0.00052736
-3.2735e-05
0.00057432
0.00057455
0.00017052
0.00020749
0.00013744
0.00015348
-0.00023877
-0.00053641
-0.00057087
-0.00057166
-0.00054813
-0.00055717
-0.00056226
-0.00056969
-0.0005696
-0.0005711
-0.00057305
-0.0005753
-0.00057868
-0.00057991
-0.00058345
-0.00058418
-0.0005882
-0.00058867
-0.00059296
-0.00059317
-0.00059767
-0.0005977
-0.00060233
-0.00060214
-0.00060692
-0.0006068
-0.00061196
-0.0006115
-0.00061571
-0.00061429
-0.00062062
-0.00062428
-0.00063185
-0.00062034
-0.0006032
-0.00061192
-0.00074913
-0.0010264
-0.0012244
-0.0014889
-0.0023734
-0.0032318
-0.0035516
-0.0035779
-0.0035463
-0.0035387
-0.0035381
-0.0035216
-0.0035274
-0.0035501
-0.0035637
-0.0035699
-0.0035773
-0.00357
-0.0035332
-0.0034784
-0.0034436
-0.0034628
-0.003577
-0.0036415
-0.003249
-0.0020802
-0.0010056
-0.00066302
-0.00067774
-0.00072989
-0.00069149
-0.00064395
-0.00080346
-0.0014148
-0.0021706
-0.0030493
-0.0035925
-0.0034111
-0.0024291
-0.0012264
-0.00064087
-0.00057808
-0.00076139
-0.00089044
-0.00061931
0.00037817
0.0015238
0.002049
0.0020984
0.0020529
0.0020293
0.0020455
0.0020521
0.0020566
0.0020518
0.0020503
0.0020204
0.0019696
0.0019405
0.0019414
0.001919
0.0018689
0.0018096
0.001754
0.0017215
0.0017281
0.001724
0.0017098
0.0016481
0.0015987
0.0015348
0.0015105
0.001505
0.0015125
0.0015066
0.001486
0.0014305
0.0014036
0.0013712
0.0013239
0.0012955
0.00129
0.0012536
0.0012091
0.0011804
0.0011862
0.0011751
0.0011516
0.0010937
0.0010742
0.0010613
0.0010688
0.0010657
0.0010789
0.0010593
0.0010338
0.0010017
0.0011211
0.001413
0.0016872
0.0015119
0.0016201
0.0021516
0.0031321
0.0032388
0.0027054
0.0025007
0.002325
0.0018758
0.0012785
0.0010327
0.001008
0.0010281
0.0010151
0.000997
0.001032
0.0011212
0.0010355
0.00040517
-0.00070985
-0.0015709
-0.0018187
-0.0017719
-0.001708
-0.0017089
-0.0017162
-0.0016833
-0.0017541
-0.0022221
-0.0029655
-0.0035815
-0.0038401
-0.0039008
-0.0034725
-0.002514
-0.0018268
-0.0016608
-0.0017097
-0.0017398
-0.0016956
-0.0016404
-0.001626
-0.0016538
-0.0016904
-0.0016773
-0.0016197
-0.0016262
-0.0017999
-0.0021516
-0.0022925
-0.0025259
-0.0029415
-0.0031226
-0.0029512
-0.0023689
-0.0018546
-0.0016905
-0.0017086
-0.0017494
-0.0017912
-0.0018609
-0.0018369
-0.0014662
-0.00075951
-0.00056143
-0.001132
-0.0015978
-0.0017869
-0.0018648
-0.0016129
-0.00067214
0.00047673
0.0010434
0.0011389
0.0010971
0.0010789
0.001088
0.0011008
0.0010939
0.0010896
0.0011015
0.0011503
0.00118
0.0011884
0.0011825
0.0011818
0.0011787
0.001181
0.0011737
0.0011686
0.001166
0.0011972
0.0012443
0.0012453
0.001188
0.001184
0.0012277
0.0012609
0.0012592
0.00126
0.0012505
0.0012545
0.0012478
0.0012523
0.0012445
0.0012496
0.0012408
0.0012441
0.0012329
0.0012424
0.0012429
0.0012527
0.0012066
0.0011476
0.0011358
0.0012466
0.0013771
0.0011211
-0.00010784
-0.0016289
-0.0025483
-0.0021874
-0.0017798
-0.0017452
-0.0018884
-0.0018835
-0.0013028
-0.00011379
0.00025229
0.0006727
0.00098591
0.00098067
0.0010152
0.0009819
0.001004
0.00098608
0.00099765
0.00098237
0.00099825
0.00099727
0.00099533
0.00094497
0.00092085
0.0010471
0.0014258
0.0017061
0.0013238
0.00099343
0.00094687
0.000946
0.0010095
0.0010476
0.0011026
0.0011362
0.001167
0.001158
0.0011649
0.0011536
0.0011607
0.001152
0.0011581
0.0011488
0.0011528
0.0011447
0.0011527
0.0011496
0.0011503
0.0011254
0.0011167
0.0011508
0.0012554
0.0012393
0.00081177
3.6278e-05
-0.00033587
-0.00022864
0.00017292
0.00047319
7.1715e-05
-0.00025817
-0.00029226
-0.00028084
-0.00027545
-0.00035392
-0.00030362
9.5268e-05
0.00082546
0.0011989
0.0011417
0.00067982
7.2502e-05
7.0997e-05
0.00025388
-6.0483e-05
7.2742e-05
0.0007131
0.0010328
0.0010809
0.0010474
0.0010145
0.00099919
0.00094763
0.0010554
0.0013804
0.0016018
0.0011316
0.00088318
0.0013879
0.0023803
0.0030764
0.0031642
0.0035401
0.0037617
0.0037769
0.0037784
0.0037636
0.0037858
0.0037754
0.0036398
0.0032823
0.0030791
0.0034983
0.0036804
0.0031899
0.0025916
0.0028136
0.0036538
0.0037899
0.0029811
0.002004
0.0024424
0.0034556
0.0038822
0.0039205
0.0038441
0.0038158
0.0038334
0.0038867
0.0039271
0.0039193
0.0038788
0.0039017
0.0039667
0.0040764
0.0040627
0.0037163
0.0029706
0.0022283
0.0014788
0.0011327
0.0011558
0.0012617
0.0012422
0.00085691
0.00012221
-0.00061601
-0.001324
-0.0016112
-0.0016332
-0.0016507
-0.0015738
-0.0014996
-0.0015528
-0.002006
-0.0027456
-0.003019
-0.0026249
-0.0019023
-0.0015193
-0.0015982
-0.0020188
-0.0027401
-0.0030789
-0.0031065
-0.0030776
-0.0031156
-0.0031938
-0.0031195
-0.0026587
-0.0020512
-0.00218
-0.0027753
-0.0027025
-0.0020708
-0.001723
-0.001682
-0.0016829
-0.0016865
-0.0017898
-0.0022201
-0.0028902
-0.0032163
-0.0032517
-0.0032729
-0.003269
-0.0032442
-0.0032817
-0.0036574
-0.0043094
-0.0046349
-0.0046399
-0.0046154
-0.0046105
-0.0046953
-0.0046978
-0.0044016
-0.0036822
-0.003241
-0.0029311
-0.0025081
-0.0025614
-0.0021358
-0.0017595
-0.0017445
-0.0017178
-0.0017426
-0.0016572
-0.0016551
-0.0016377
-0.0016485
-0.0015136
-0.0012212
-0.00085758
-0.0012597
-0.0012814
-0.00055107
-3.7028e-05
-7.2999e-06
-0.00038752
-0.0012022
-0.0015525
-0.0014964
-0.0013768
-0.0014379
-0.0017754
-0.002221
-0.0018535
-0.0014954
-0.0014329
-0.0014384
-0.0014786
-0.0014774
-0.0014582
-0.0014397
-0.0014598
-0.0015405
-0.0015528
-0.0012395
-0.00046502
-9.1384e-06
3.8489e-05
-0.0002651
-0.00097318
-0.0014143
-0.0014843
-0.0014708
-0.0014728
-0.0015361
-0.0014904
-0.0012225
-0.00080743
-0.0010164
-0.0013715
-0.0014964
-0.0015083
-0.001482
-0.0014646
-0.0014654
-0.0014861
-0.0015369
-0.0015
-0.0012077
-0.00052731
-7.0818e-05
3.4498e-05
1.8779e-05
6.3045e-06
6.984e-06
2.9634e-06
-3.5329e-05
-3.0102e-07
0.00020607
0.0006006
0.00065581
0.00096654
0.0013074
0.0013976
0.0014315
0.0014578
0.0014958
0.0015073
0.0014948
0.0014434
0.0013969
0.0013804
0.0013966
0.0014629
0.001463
0.0011999
0.00055213
0.00014368
-1.148e-05
-0.00030024
-0.00078286
-0.00081954
-0.00074579
-0.00063362
-0.00070721
-0.00076436
-0.00075326
-0.00055394
-0.00017347
-4.9529e-05
-3.5659e-05
-8.0378e-05
-0.00010866
-0.00012375
-0.000105
-9.7205e-05
-0.0001006
-0.0001629
-0.00019334
-3.7512e-06
0.00059842
0.0011733
0.0013911
0.0013988
0.0013748
0.0013663
0.0013797
0.0013899
0.0013922
0.0013691
0.001339
0.0013665
0.0015575
0.0018507
0.0018013
0.0016944
0.0019562
0.0019112
0.0015589
0.0013241
0.0012668
0.0015065
0.0021074
0.0024925
0.0021162
0.0015945
0.0018103
0.0024164
0.0026983
0.0026804
0.0025986
0.0027103
0.0032184
0.0038355
0.0040825
0.0040888
0.0040772
0.0040937
0.0041112
0.0040823
0.0040619
0.0040741
0.0041154
0.004105
0.0039128
0.0035528
0.0034873
0.0037739
0.0035315
0.0027753
0.0020051
0.0013628
0.00099823
0.00050339
-8.6056e-05
-0.00033331
-0.00035529
-0.00033665
-0.00032451
-0.00033367
-0.00033755
-0.00034003
-0.00033632
-0.00034007
-0.0003407
-0.00034039
-0.0003256
-0.00032294
-0.00035129
-0.00041204
-0.0003488
4.9141e-05
0.00072791
0.0010798
0.0011625
0.0010731
0.00064102
-2.9094e-05
-0.0003441
-0.00036097
-0.00034309
-0.00032352
-0.00033869
-0.0003408
-0.00034573
-0.00033869
-0.00034803
-0.00036075
-0.0003835
-0.00038956
-0.00044667
-0.00048582
-0.00044203
-0.00031248
-0.00036539
-0.00082012
-0.0015145
-0.001833
-0.0018795
-0.0019202
-0.0018648
-0.0015138
-0.00086067
-0.00054898
-0.00052095
-0.00053696
-0.00054316
-0.00054658
-0.00059774
-0.00065893
-0.00056116
-0.00023488
9.5215e-05
0.00013295
0.00053598
0.00084021
0.00086892
0.00087339
0.00080197
0.00077261
0.00075813
0.00077629
0.00063427
0.00026967
-2.9734e-05
0.00034373
0.00063323
0.00068219
0.00065481
0.0006399
0.00068168
0.00073554
0.0006084
0.00020337
-0.00019138
0.00020428
0.00058545
0.00063794
0.00052194
0.00046239
0.00083621
0.0016394
0.0019986
0.0018974
0.0018403
0.0021408
0.0030319
0.0034292
0.0030702
0.0022817
0.0021938
0.0029284
0.0033541
0.0033969
0.003327
0.0032819
0.0032661
0.003273
0.0033243
0.0032612
0.0029919
0.0025333
0.0025693
0.0021487
0.0017882
0.0017667
0.0017383
0.0017623
0.001729
0.0017846
0.0018605
0.0018546
0.0013934
0.00059077
0.00052472
0.0013746
0.0017802
0.0015312
0.00067984
0.00022318
0.00020654
0.00034664
0.00040787
7.8202e-05
-0.00079404
-0.0012128
-0.00091926
-0.00013641
0.00028415
0.00030365
0.0002703
0.00023603
0.00025523
0.00027664
0.00029475
0.00026698
0.00019222
0.0001881
0.00051409
0.0012675
0.0016853
0.0017693
0.001777
0.0017505
0.0017647
0.0017666
0.0017772
0.0017722
0.0017747
0.0017624
0.0017604
0.0017708
0.0018123
0.0017868
0.0015387
0.00091026
0.00043328
5.8668e-05
-0.00058036
-0.00097017
-0.0010458
-0.0010343
-0.0010144
-0.0010187
-0.001024
-0.0010278
-0.0010246
-0.0010238
-0.0010223
-0.0010236
-0.0010226
-0.0010223
-0.0010197
-0.0010211
-0.0010244
-0.0010292
-0.0010179
-0.00098695
-0.00095416
-0.00098592
-0.00099419
-0.00073141
-6.4229e-05
0.00040262
0.00050542
0.00049602
0.00046847
0.00047927
0.00048505
0.00049024
0.00047415
0.00047929
0.00050329
0.00054941
0.00048574
0.0002287
-0.00010432
0.00018167
0.00050029
0.00034029
-3.9709e-05
0.00012918
0.00046156
0.00052605
0.00061926
0.00088105
0.0012913
0.0010125
0.00068856
0.00085794
0.0013043
0.0011513
0.00076614
0.00060523
0.0005537
0.00062328
0.00094744
0.0015937
0.00181
0.0014693
0.0014112
0.0013839
0.0016157
0.0018679
0.0014186
0.00068923
-6.6791e-05
-0.00041057
-0.00020952
-0.00025361
-0.00062042
-0.00082972
-0.00087751
-0.00081515
-0.00073891
-0.00070417
-0.00092504
-0.0015068
-0.0020226
-0.0021431
-0.0021907
-0.0024299
-0.0028407
-0.0027639
-0.0023901
-0.0022361
-0.0022557
-0.0022798
-0.0022828
-0.0022634
-0.0022842
-0.0022894
-0.0020816
-0.0014183
-0.00080207
-0.00078654
-0.0014265
-0.002071
-0.0022489
-0.0019826
-0.0015048
-0.0014097
-0.0018224
-0.002069
-0.0021085
-0.002087
-0.0020691
-0.0020506
-0.002018
-0.001981
-0.0019661
-0.0018108
-0.0013192
-0.00071063
-0.00045625
-0.00040444
-0.0003914
-0.00038243
-0.00036647
-0.00032187
-0.00028151
-0.00025846
-0.00026092
-0.00025657
-0.00025639
-0.00022718
-0.00015572
-4.3158e-05
-0.00016461
-0.00068247
-0.0011664
-0.00091193
-0.00032144
-3.9744e-05
-1.9025e-05
-3.5761e-05
-7.0358e-05
-9.0462e-05
-0.00010615
7.3453e-05
0.00048421
0.0008524
0.00078019
0.00075465
0.00037357
0.00014123
0.00013843
0.00013323
0.00015989
0.00018923
0.00020969
5.5582e-05
-0.00040552
-0.00095525
-0.00091432
-0.00064953
-0.00098367
-0.0012215
-0.0013441
-0.0017535
-0.0024187
-0.0027679
-0.0028049
-0.0027294
-0.0026449
-0.00265
-0.0026765
-0.0026869
-0.0027109
-0.0027292
-0.0027291
-0.0027271
-0.0027213
-0.0027254
-0.0027547
-0.0028006
-0.0028239
-0.0028251
-0.0028295
-0.0028194
-0.0027925
-0.0027401
-0.0027233
-0.0027185
-0.0027202
-0.0027024
-0.0027034
-0.0027296
-0.0027915
-0.0027116
-0.0023092
-0.0016473
-0.0013573
-0.0012279
-0.00094289
-0.00060276
-0.00056942
-0.00019702
9.1906e-05
0.00016024
0.00022732
0.00026953
0.00020956
-0.00023698
-0.00095746
-0.001306
-0.0013233
-0.0013026
-0.0012766
-0.0012928
-0.0012943
-0.0013028
-0.0012937
-0.0012941
-0.001281
-0.0012887
-0.0013017
-0.0013259
-0.0012414
-0.00098851
-0.00053769
-0.00054196
-0.00015186
0.00019958
0.00021626
0.00024641
0.00018524
0.00021491
0.00021706
0.00030573
0.00023054
-4.435e-05
-0.00059954
-0.00053167
-0.00067146
-0.00049098
-0.00055065
-0.00045757
-0.00083473
-0.0011838
-0.0012879
-0.0016476
-0.0019845
-0.0015739
-0.0012265
-0.0015813
-0.0022551
-0.0024081
-0.0019822
-0.0023432
-0.0026424
-0.0027364
-0.0027289
-0.0027096
-0.0026759
-0.00266
-0.0026578
-0.002644
-0.0026331
-0.0026585
-0.0027304
-0.0027169
-0.0023743
-0.0016463
-0.0013302
-0.0012961
-0.00096102
-0.00020544
0.00017919
0.00018116
0.00016697
0.00015259
0.00023086
0.00025668
0.00027446
0.00025974
0.00026724
0.00025918
0.00027073
0.0002637
0.00027291
0.00026485
0.00027262
0.000266
0.00027785
0.00027534
0.00027981
0.00025621
0.00025328
0.0002844
0.00037932
0.00035244
-4.5223e-05
-0.00080535
-0.00086277
-0.00014469
0.00027709
0.00033117
0.00030144
0.00026363
0.00027857
0.00028507
0.00029871
0.0002902
0.00029324
0.0002813
0.00029271
0.00031396
0.00037143
0.00036916
0.00034987
0.00036476
0.00039766
0.00039678
0.00041714
0.0004049
0.00039481
0.00034532
0.00040915
0.0006562
0.0010877
0.0010428
0.0014428
0.0018024
0.0018909
0.0019342
0.0018961
0.0019001
0.0019192
0.001997
0.0020213
0.0019422
0.0016219
0.0012061
0.0016213
0.002054
0.0020317
0.0017768
0.0014069
0.0017641
0.0019825
0.0017566
0.0015402
0.0018141
0.0017266
0.0011469
0.00085116
0.00080264
0.00082649
0.00084333
0.00084451
0.00086725
0.00091323
0.0009395
0.0009428
0.00094476
0.00094395
0.00094478
0.0009382
0.00094156
0.00097512
0.0010554
0.0011254
0.0011526
0.0011548
0.0011581
0.0011532
0.0011412
0.001132
0.0011744
0.0012637
0.0012448
0.00083426
0.00013841
-0.00019435
-0.0002545
-0.00026443
-0.0001995
-0.00012253
-0.00012458
-0.00051713
-0.0011197
-0.0012038
-0.00082272
-0.00035745
0.00076302
0.0013604
0.0014088
0.001377
0.0013483
0.0013904
0.0014212
0.0013331
0.0010499
0.00074212
0.00070922
0.00030217
3.6917e-06
-5.5699e-06
3.4006e-05
0.00012844
0.00016637
5.2686e-05
-0.00044908
-0.0010773
-0.0013887
-0.0013224
-0.00083771
7.1199e-06
0.00083566
0.0013261
0.0010063
0.00040287
0.00031731
0.0006705
0.00080176
0.00045671
0.0002461
0.00026155
0.00017759
-0.00024602
-0.00084122
-0.0011013
-0.0011548
-0.0011563
-0.0011406
-0.0011414
-0.0011636
-0.0011428
-0.0011041
-0.0010835
-0.0010756
-0.0010609
-0.0010643
-0.001108
-0.0011582
-0.001018
-0.00048704
0.00015953
0.0003922
0.00026725
-8.3262e-05
-0.00037652
-0.00054719
-0.00078088
-0.00049492
9.0097e-05
0.00034188
0.00036884
0.00033594
0.0003231
0.00034204
0.00039113
0.00043271
0.00044706
0.00044569
0.00044794
0.00045141
0.0004531
0.00044288
0.00043311
0.00045194
0.00051391
0.00052799
0.00028361
-0.00029568
-0.00063253
-0.00040755
-0.00041248
-0.00074462
-0.00097426
-0.0010427
-0.00081434
-0.00017422
0.00040581
0.00058938
0.0005801
0.00054073
0.00055066
0.00061481
0.0006549
0.00045619
-0.00012888
-0.00067078
-0.00084083
-0.00082491
-0.00077039
-0.00076694
-0.00077025
-0.00074263
-0.0006741
-0.00063832
-0.00082948
-0.0014139
-0.0019605
-0.0021563
-0.0021591
-0.0020853
-0.0020788
-0.0023032
-0.0026903
-0.0026434
-0.0022802
-0.0021109
-0.0020857
-0.0020905
-0.002063
-0.002088
-0.0022843
-0.0026259
-0.0026008
-0.0024698
-0.0026769
-0.0026069
-0.002264
-0.0021002
-0.0020688
-0.0020884
-0.002095
-0.0020931
-0.0020772
-0.0020786
-0.0020838
-0.0020912
-0.0020162
-0.001773
-0.0013934
-0.0014852
-0.0018306
-0.0018094
-0.0014079
-0.0011668
-0.0010517
-0.0013419
-0.0017845
-0.0019532
-0.001991
-0.0020052
-0.0019742
-0.001698
-0.0010586
-0.00057604
-0.00045533
-0.00045381
-0.000461
-0.00039983
-0.0003636
-0.00036744
-0.00041839
-0.00042956
-0.00041204
-0.0004182
-0.00044427
-0.0004483
-0.00045767
-0.00045145
-0.00043763
-0.00038703
-0.00035453
-0.00032303
-0.00030167
-0.00030843
-0.00031996
-0.0002944
-0.00031221
-0.00031963
-0.00032731
-0.0003406
-0.00038476
-0.00033489
-5.222e-05
0.00056875
0.00094611
0.0010574
0.0013113
0.001984
0.0024786
0.0025981
0.0025873
0.002558
0.0025804
0.0026365
0.0026786
0.0026883
0.0026864
0.0026733
0.0026615
0.0026807
0.0027476
0.0027708
0.0025105
0.0018528
0.0013876
0.0013652
0.0014429
0.0012046
0.00042209
-6.0925e-05
0.00015957
0.00098389
0.001508
0.0012779
0.00054056
0.00030081
0.00086312
0.0014126
0.0018137
0.0022103
0.0022389
0.002552
0.002964
0.0031182
0.003194
0.003114
0.0028596
0.0024969
0.0027447
0.0031108
0.0032453
0.0032819
0.0032598
0.0032792
0.0033082
0.0033197
0.0033232
0.0033398
0.0033752
0.0033986
0.0034257
0.0034928
0.003501
0.0032195
0.0025347
0.0020973
0.0020053
0.0019599
0.001973
0.0022276
0.0028911
0.0033505
0.0034596
0.0034495
0.0034276
0.0034329
0.0034393
0.0034392
0.0034382
0.003448
0.0034459
0.0033642
0.00308
0.002701
0.0029382
0.0033094
0.0034125
0.0034984
0.0034617
0.0031843
0.0024
0.0016379
0.00082082
0.00045242
0.00044503
0.00045954
0.0004785
0.0004618
0.00046029
0.00045692
0.00046391
0.00046355
0.0004664
0.00046533
0.00046688
0.00046615
0.00046725
0.00047057
0.00047556
0.00047577
0.00046115
0.00044808
0.00047159
0.0005559
0.00056759
0.00022898
-0.00056647
-0.00098046
-0.00085652
-0.00043856
-0.00012185
-0.00048827
-0.00078185
-0.00083038
-0.00086356
-0.00088289
-0.00078931
-0.00033433
0.00024829
0.00026715
-1.1405e-05
-2.0332e-06
-0.00049795
-0.0011936
-0.0019059
-0.0022188
-0.0021839
-0.0021265
-0.0021179
-0.0021764
-0.0021699
-0.0021277
-0.0020884
-0.0020886
-0.0021345
-0.0022185
-0.0022438
-0.0020927
-0.0017234
-0.0014851
-0.0015376
-0.0015318
-0.0013835
-0.00095199
-0.00084617
-0.0013265
-0.0019415
-0.0022099
-0.0022092
-0.002185
-0.0021666
-0.0021791
-0.0021778
-0.0021913
-0.0022196
-0.0022647
-0.0022779
-0.0022798
-0.0022754
-0.0022806
-0.0022841
-0.0022771
-0.002243
-0.0022087
-0.0022423
-0.0023061
-0.0021313
-0.0015121
-0.00093086
-0.00075331
-0.00079081
-0.00080667
-0.00062303
-0.00022779
-8.3314e-05
-2.8156e-05
-1.0922e-05
-3.0515e-05
-0.00029858
-0.00074909
-0.00083926
-0.00057409
-0.00020317
-0.00040215
-0.00046431
0.00014905
0.00061939
0.00047847
-0.00020121
-0.00068099
-0.00073655
-0.00075136
-0.0010106
-0.0016957
-0.0021637
-0.0022773
-0.0022643
-0.0022421
-0.0022264
-0.0022111
-0.0022264
-0.0023298
-0.002399
-0.0020441
-0.00090667
0.00025073
0.00066481
0.00069943
0.00074681
0.00076278
0.00043394
-0.0003196
-0.00070977
-0.00078178
-0.00082284
-0.00072557
-0.0002947
0.00043148
0.00077051
0.00079818
0.00077024
0.00075043
0.00076889
0.00079244
0.00079649
0.00074587
0.00068265
0.00078462
0.0012576
0.0018461
0.0017061
0.0010183
0.0006698
0.00063756
0.00071041
0.00078464
0.00078923
0.00074466
0.00069727
0.0006811
0.00068423
0.00068846
0.00068696
0.00066468
0.00061954
0.00055501
0.00050576
0.00064829
0.0011864
0.0018411
0.002105
0.0021061
0.0020773
0.002089
0.0021481
0.0021309
0.0018993
0.0015057
0.0015609
0.0019544
0.0021327
0.0020254
0.0016812
0.0015309
0.0013275
0.0010137
0.00089954
0.00088701
0.00091105
0.00095437
0.0010067
0.0010625
0.0011152
0.0011647
0.0011992
0.001222
0.0012676
0.0013978
0.0014253
0.0014671
0.0014982
0.0015192
0.0015659
0.0016107
0.0016642
0.0017101
0.0017637
0.0018131
0.0018626
0.0018914
0.0019111
0.0019578
0.0020101
0.0020645
0.0020908
0.0021141
0.0021658
0.0021883
0.0021844
0.0021809
0.0022022
0.0022545
0.0022779
0.0022709
0.0022687
0.0022931
0.0023477
0.0023576
0.0023303
0.002335
0.0024293
0.0025087
0.0021792
0.0010755
-0.00012164
-0.00057087
-0.00058178
-0.00053608
-0.00053936
-0.00058212
-0.00058153
-0.00059263
-0.00062497
-0.0006216
-0.00060851
-0.0006336
-0.00065506
-0.00065812
-0.00066036
-0.00065906
-0.00066186
-0.00065897
-0.00065744
-0.00066081
-0.00069277
-0.00073939
-0.00076462
-0.00076309
-0.00076425
-0.00076219
-0.00077118
-0.00076719
-0.00075666
-0.00073366
-0.0007882
-0.00099615
-0.0013278
-0.0016138
-0.0024477
-0.0032605
-0.0035204
-0.0035325
-0.0034735
-0.0034403
-0.0034481
-0.003542
-0.0036248
-0.0033538
-0.0023416
-0.001114
-0.00060192
-0.00054843
-0.00055427
-0.00056067
-0.00053381
-0.00051666
-0.0005101
-0.00053674
-0.00056874
-0.0005286
-0.00029002
0.000101
0.00017198
-0.00014059
-0.00032569
-0.00035827
-0.00034194
-0.00031259
-0.0002732
-0.00024495
-0.00024177
-0.00024233
-0.00021672
-0.00016319
-0.00014382
-0.00019982
-0.00022292
2.9376e-05
0.00065408
0.0010118
0.00062818
0.00011521
-6.1514e-05
-2.1217e-05
3.5954e-05
3.9534e-05
4.1159e-05
0.00012214
0.00020628
6.8595e-05
-0.00052963
-0.0012607
-0.0017798
-0.0016652
-0.0010979
-0.00058841
-0.00043246
-0.00024484
0.00010128
0.00023698
0.00021297
0.00017015
0.00041197
0.0011737
0.0020694
0.0023801
0.002584
0.0028891
0.0030467
0.0031261
0.003142
0.0029089
0.00236
0.0020802
0.0025421
0.0030022
0.0027371
0.0017662
0.0012603
0.00087005
0.00051795
0.00043836
0.00058952
0.0012149
0.0019051
0.0027287
0.003218
0.0030514
0.0021599
0.0011076
0.00057418
0.00049112
0.00056253
0.00060379
0.00057315
0.00051687
0.00049115
0.00051069
0.00051097
0.00052986
0.00054335
0.00054566
0.00053904
0.00053581
0.00052835
0.00052614
0.00051751
0.00051525
0.00050797
0.00050969
0.00049905
0.00048229
0.00044369
0.00044124
0.00043448
0.00045303
0.00044091
0.00040874
0.00041381
0.00048499
0.0005156
0.00033949
-0.0002882
-0.00099367
-0.0017351
-0.0020421
-0.0020441
-0.0020364
-0.0020489
-0.0020174
-0.0018236
-0.0015019
-0.0014997
-0.0012535
-0.0007347
-8.428e-05
0.00036214
0.00044892
0.00044634
0.00041429
0.0004221
0.00041698
0.00042098
0.00040725
0.00040586
0.00039724
0.00039761
0.00038542
0.00037412
0.00036533
0.00038637
0.00041722
0.00037035
0.00013429
-0.00018149
1.6671e-05
0.00033507
0.00042451
0.00043333
0.00039619
0.00039397
0.00038427
0.00038781
0.00037345
0.00037831
0.00037528
0.00037179
0.00031985
0.00029202
0.00043378
0.00094189
0.0015161
0.0021478
0.0025096
0.0025491
0.0025185
0.0024875
0.002513
0.0024927
0.0023302
0.0019304
0.0016813
0.0013208
0.0015139
0.0016058
0.0014089
0.0011636
0.00058689
0.00023773
0.00013226
0.00014687
0.00014081
0.00015847
0.00016412
0.00018914
0.00017456
0.00019653
0.00017791
0.00010653
-0.00018513
-0.0004627
-0.0012942
-0.0019281
-0.0018553
-0.0012749
-0.00086474
-0.0009926
-0.0015299
-0.0019153
-0.0019783
-0.0019405
-0.0018862
-0.0018978
-0.0019151
-0.0019193
-0.0019084
-0.0018986
-0.0018893
-0.0018829
-0.0018756
-0.0018679
-0.0018596
-0.0018499
-0.0018419
-0.0018366
-0.0018403
-0.0018421
-0.0018242
-0.0018189
-0.001844
-0.0017971
-0.0015834
-0.0012756
-0.0014166
-0.001718
-0.0016783
-0.0012459
-0.00083558
-0.00087249
-0.0013051
-0.0016121
-0.0013457
-0.00079501
-0.00024336
-2.8857e-05
-0.00032868
-0.00067856
-0.00077227
-0.00077574
-0.00088888
-0.0011392
-0.0011532
-0.00094922
-0.00069911
-0.0002729
6.7297e-05
3.1178e-05
-0.00034064
-0.00066343
-0.00074317
-0.00082655
-0.0011422
-0.0015379
-0.0016782
-0.00165
-0.0016113
-0.0015973
-0.001604
-0.0015996
-0.0015696
-0.0015414
-0.0016431
-0.001977
-0.0022609
-0.0020946
-0.0017209
-0.0015456
-0.0015234
-0.0015334
-0.001533
-0.0015163
-0.0015007
-0.0014881
-0.0014791
-0.0014689
-0.0014608
-0.0014508
-0.0014369
-0.0014149
-0.0014038
-0.0014285
-0.0014819
-0.0014483
-0.0011995
-0.00078929
-0.00058879
-0.00059459
-0.00063714
-0.00065774
-0.00057413
-0.00037521
-0.00023022
-0.00039542
-0.0004016
-0.00022077
-0.00017326
1.2769e-05
-4.0312e-05
-0.00037646
-0.00058934
-0.00083153
-0.001167
-0.001315
-0.0013096
-0.0012913
-0.0012799
-0.0013036
-0.001272
-0.0011214
-0.00085135
-0.00085399
-0.00081265
-0.0010257
-0.0012299
-0.0012015
-0.0010595
-0.00077614
-0.00079648
-0.00075354
-0.00096057
-0.0011221
-0.0011108
-0.0010961
-0.0010828
-0.001121
-0.0010982
-0.00090254
-0.00052197
-0.0004624
-0.00076034
-0.00097746
-0.0010183
-0.00099604
-0.00096464
-0.00095297
-0.00094195
-0.00094462
-0.00095128
-0.00095503
-0.00093156
-0.00092073
-0.00095885
-0.001123
-0.001305
-0.001765
-0.0019792
-0.0016074
-0.0010827
-0.00080632
-0.00077693
-0.00078826
-0.00077964
-0.00076158
-0.0007522
-0.00073855
-0.00073089
-0.00071748
-0.00070082
-0.00067207
-0.00064717
-0.00064744
-0.00065433
-0.00055341
-0.00028279
-4.2682e-05
2.6127e-05
1.2639e-05
1.7645e-05
0.00011321
0.00026207
0.0002289
8.2134e-05
9.1478e-05
0.00029759
0.00050938
0.00058959
0.00059903
0.00057902
0.0005588
0.00054716
0.00055679
0.00056363
0.00056449
0.00055808
0.00055465
0.00054773
0.00054198
0.00053349
0.00053507
0.00054226
0.00053915
0.00047571
0.00035525
0.00031681
0.00043096
0.00050082
0.00050663
0.00049542
0.00048884
0.00049638
0.00050395
0.00049392
0.00047624
0.00046478
0.00045993
0.0004554
0.00045182
0.00044705
0.00044321
0.00043674
0.00042973
0.00042444
0.00042848
0.00043147
0.00039707
0.00027621
9.6539e-05
1.6638e-05
2.0613e-05
2.8162e-05
2.5086e-05
8.8894e-06
4.1984e-05
0.00016145
0.00030392
0.00025232
0.00010023
0.00012607
0.00030413
0.00037041
0.00027979
0.00010935
3.4208e-05
1.1424e-05
-4.3854e-05
-0.00011019
-0.00011169
-0.00018308
-0.00023221
-0.0002255
-0.00021626
-0.00020089
-0.00019922
-0.00019754
-0.00019435
-0.00018283
-0.00017266
-0.0001581
-0.0001483
-0.00014323
-0.00014579
-0.00012358
-3.9535e-05
9.621e-05
0.00016556
0.00017619
0.00017213
0.00017112
0.00018062
0.00019471
0.00018703
0.0001233
1.7584e-05
-3.0613e-05
-3.2912e-05
-2.3964e-05
-1.2552e-05
-5.7411e-06
1.6373e-06
8.6402e-06
1.8196e-05
3.0428e-05
4.5394e-05
5.5893e-05
6.3647e-05
7.0623e-05
7.7748e-05
8.4807e-05
9.1832e-05
9.8981e-05
0.00010629
0.00011292
0.00011662
0.00011784
0.00012295
0.00013116
0.0001363
0.00014784
0.00015393
0.00012749
5.7615e-05
2.3833e-05
2.7034e-05
4.8159e-05
9.2441e-05
0.00013581
0.00010817
0.0001117
0.00018513
0.00022179
0.00023531
0.00024394
0.00024531
0.00021396
0.00015479
0.00015435
0.00022348
0.00026681
0.00028726
0.00028949
0.00026574
0.0002108
0.00018635
0.00018678
0.00019395
0.00020241
0.00021002
0.00021692
0.00022219
0.00022364
0.0002308
0.00025853
0.00031309
0.0003409
0.0003457
0.00034798
0.00035309
0.00035744
0.00035803
0.00035542
0.00035944
0.00038008
0.0004061
0.00038799
0.0003697
0.00036459
0.00036392
0.00037881
0.00041637
0.00045367
0.00048782
0.00048474
0.00044647
0.00042755
0.00042487
0.00042441
0.00042121
0.00041573
0.00041292
0.00042429
0.00045134
0.00046302
0.00045935
0.00045418
0.0004482
0.00044358
0.00043721
0.00043242
0.00042757
0.00042339
0.00041816
0.00041375
0.00041043
0.00040994
0.00040595
0.00039265
0.00036774
0.00035426
0.0003508
0.00034943
0.0003477
0.00034435
0.00033978
0.00033722
0.00034193
0.00035535
0.00035981
0.00035612
0.0003513
0.00034688
0.00034388
0.00034063
0.00033727
0.00033333
0.00032933
0.0003258
0.00032198
0.00031835
0.00031493
0.00031219
0.00030814
0.00030008
0.00028738
0.00027914
0.0002751
0.00027285
0.00027495
0.00028017
0.0002777
0.00026711
0.00025986
0.00025624
0.00025332
0.00025062
0.0002496
0.00025172
0.00025181
0.00024874
0.00024461
0.00024029
0.00023628
0.00023244
0.00022873
0.00022481
0.00022073
0.00021664
0.00021283
0.00020935
0.00020558
0.00020046
0.00019377
0.00018804
0.00018312
0.0001771
0.00017224
0.00016887
0.00016611
0.00016326
0.00016019
0.00015732
0.00015527
0.0001542
0.00015236
0.00014942
0.00014626
0.00014314
0.00014013
0.00013707
0.00013405
0.00013102
0.00012807
0.00012512
0.00012225
0.00011939
0.0001166
0.00011382
0.00011106
0.00010828
0.00010562
0.00010305
0.00010049
9.7694e-05
9.4627e-05
9.1862e-05
8.9473e-05
8.7195e-05
8.4983e-05
8.276e-05
8.0582e-05
7.8419e-05
7.6291e-05
7.4147e-05
7.2033e-05
6.9968e-05
6.805e-05
6.6257e-05
6.436e-05
6.2209e-05
6.0085e-05
5.8115e-05
5.6254e-05
5.443e-05
5.2623e-05
5.0782e-05
4.8914e-05
4.71e-05
4.5392e-05
4.373e-05
4.2096e-05
4.0474e-05
3.8876e-05
3.7296e-05
3.5744e-05
3.4212e-05
3.2704e-05
3.1201e-05
2.9709e-05
2.8248e-05
2.6842e-05
2.5468e-05
2.4106e-05
2.2744e-05
2.1408e-05
2.0104e-05
1.8821e-05
1.7555e-05
1.6316e-05
1.51e-05
1.3908e-05
1.2737e-05
1.1589e-05
1.0463e-05
9.3612e-06
8.2814e-06
7.2254e-06
6.1914e-06
5.1805e-06
4.1924e-06
3.2279e-06
2.2866e-06
1.3687e-06
4.74e-07
-3.9741e-07
-1.2457e-06
-2.0708e-06
-2.8728e-06
-3.6519e-06
