0.0015781
0.0016237
0.0016475
0.0016318
0.0015363
0.0014186
0.001294
0.001081
0.00093552
0.00077587
0.00073076
0.00071959
0.00081731
0.001399
0.0022825
0.0026855
0.0023646
0.001643
0.00075377
0.00018884
8.1342e-06
0.0009193
0.0021223
0.0029239
0.0036097
0.0033832
0.0025672
0.0010183
-0.00062366
-0.0014102
-0.0020399
-0.0029611
-0.0034139
-0.0035152
-0.0036557
-0.0034833
-0.0025369
-0.00080669
0.0014909
0.0041787
0.0068377
0.0092262
0.010851
0.011224
0.010993
0.011088
0.011312
0.011348
0.011113
0.010721
0.010434
0.0094372
0.0080569
0.0059163
0.0028257
-0.00083288
-0.0045145
-0.0064262
-0.006453
-0.0059919
-0.0049
-0.0025161
0.00015876
0.0027486
0.0050544
0.0061532
0.0054256
0.0037788
0.0019086
-0.00019945
-0.0016844
-0.0025106
-0.0035187
-0.0036192
-0.0037962
-0.0049618
-0.0067055
-0.0079028
-0.0092759
-0.010231
-0.010957
-0.010457
-0.0086623
-0.0076405
-0.005449
-0.002848
0.00032879
0.0025867
0.0047701
0.0074496
0.01078
0.014471
0.016971
0.016091
0.014447
0.012166
0.0095632
0.0061022
0.0037852
0.0017374
-0.00036408
-0.0022189
-0.0045672
-0.0073559
-0.0089549
-0.011115
-0.012241
-0.011509
-0.0096959
-0.006344
-0.0020565
0.0028418
0.006756
0.0095976
0.011113
0.0098398
0.0076656
0.0052917
0.0031019
0.00089408
-0.0016814
-0.0044179
-0.0069472
-0.0085547
-0.0090656
-0.0094214
-0.010644
-0.011676
-0.0113
-0.0099277
-0.0090704
-0.0085342
-0.0067937
-0.0045035
-0.0022688
0.0011743
0.0043061
0.0063732
0.0080016
0.0092848
0.010656
0.01103
0.0097189
0.0070898
0.0042233
0.001639
-0.00060271
-0.001694
-0.0011324
0.00010876
0.001197
0.00092644
0.00035656
0.00032398
0.0010118
0.0027109
0.0050215
0.0078167
0.010547
0.012826
0.013843
0.012969
0.0112
0.008857
0.0076251
0.0071708
0.0058769
0.0050335
0.0031184
0.00060378
-0.003541
-0.0071578
-0.0084772
-0.0088383
-0.0084997
-0.0072789
-0.0064811
-0.0070596
-0.0074756
-0.0073837
-0.006744
-0.0053904
-0.003719
-0.0019432
0.00094213
0.0043153
0.0074882
0.0090778
0.0088061
0.0076276
0.0050358
0.0016446
-0.0020789
-0.0053199
-0.0085507
-0.012578
-0.015545
-0.01643
-0.015354
-0.013297
-0.010879
-0.00835
-0.0062983
-0.0052418
-0.0051795
-0.0043315
-0.0013569
0.0032128
0.0093233
0.015394
0.019737
0.023389
0.023668
0.022068
0.018717
0.015044
0.011419
0.0087399
0.0066772
0.0046376
0.0032047
0.0018066
-0.001022
-0.003567
-0.0056241
-0.0077989
-0.0087159
-0.010075
-0.010108
-0.0094554
-0.0077856
-0.0052167
-0.0040619
-0.003394
-0.0021037
-0.00099513
0.00072536
0.0025892
0.0049606
0.0060544
0.0055567
0.0043919
0.0019196
-0.0011242
-0.0030766
-0.0049658
-0.0081331
-0.010453
-0.012097
-0.014037
-0.014515
-0.013468
-0.011928
-0.010464
-0.0091594
-0.0075997
-0.0052317
-0.0013679
0.0031417
0.0088054
0.015243
0.020336
0.024082
0.027036
0.027023
0.024308
0.018967
0.012826
0.0067779
0.0019187
-0.0021782
-0.0051498
-0.0063677
-0.0072131
-0.0059694
-0.0030734
-0.00053976
0.0018116
0.0042099
0.0063841
0.0079166
0.008921
0.010318
0.010357
0.0099628
0.0090809
0.0074268
0.0058045
0.002468
-0.0014272
-0.004382
-0.0052479
-0.0058404
-0.0071026
-0.0077983
-0.0086208
-0.0084946
-0.006625
-0.0051539
-0.0032626
-0.00083162
0.0012885
0.0026687
0.0044444
0.0059292
0.0077698
0.010216
0.011624
0.011725
0.0098862
0.0063233
0.0033802
0.0014203
-0.00066139
-0.0021685
-0.0015011
0.0011294
0.0044665
0.0084195
0.012952
0.018424
0.023017
0.025742
0.025228
0.022151
0.017065
0.012431
0.0091858
0.0068971
0.0058615
0.0052778
0.0034801
0.0003075
-0.005486
-0.011594
-0.016282
-0.021072
-0.026256
-0.031213
-0.034721
-0.035901
-0.035615
-0.033843
-0.028634
-0.020703
-0.012474
-0.0047322
0.0017833
0.006785
0.012644
0.01777
0.019957
0.020153
0.017082
0.011099
0.0047248
0.0011957
0.0005177
0.0016469
0.0048969
0.0083429
0.0090683
0.0062859
0.0012367
-0.0045571
-0.008266
-0.0084319
-0.0051643
-0.00049248
0.0039092
0.0083763
0.012982
0.016895
0.020603
0.022984
0.022883
0.02061
0.016272
0.01179
0.0086572
0.0079061
0.0086008
0.0089451
0.0084159
0.0064791
0.0027317
-0.0015119
-0.0052675
-0.0099791
-0.014617
-0.018283
-0.020824
-0.020868
-0.02041
-0.018105
-0.014612
-0.011088
-0.0080294
-0.0031576
0.002503
0.0044096
0.0047877
0.0037501
0.0022707
0.0014266
0.0028001
0.0064322
0.012234
0.018813
0.026553
0.033649
0.035919
0.033416
0.025401
0.013123
0.00069847
-0.010728
-0.021708
-0.030185
-0.034593
-0.036963
-0.037067
-0.033974
-0.027623
-0.019266
-0.011
-0.0038754
0.0035881
0.013212
0.02355
0.033824
0.041648
0.043198
0.038578
0.029567
0.019736
0.010877
0.0054691
0.0010168
-0.0054249
-0.013858
-0.025755
-0.038413
-0.04722
-0.052419
-0.053859
-0.049716
-0.039804
-0.025384
-0.0096437
0.0064275
0.017484
0.022132
0.021685
0.016776
0.011472
0.0074264
0.0072709
0.0091681
0.0097332
0.0081682
0.0030823
-0.0057239
-0.015272
-0.023175
-0.029786
-0.034873
-0.037623
-0.036258
-0.031934
-0.026544
-0.020845
-0.01611
-0.012062
-0.0082507
-0.0053065
-0.0019621
0.0028943
0.0088455
0.015989
0.024526
0.033222
0.039882
0.041587
0.039983
0.035496
0.030332
0.02417
0.019315
0.016317
0.013304
0.0087364
0.0035126
-0.0031091
-0.0085543
-0.014257
-0.018087
-0.018985
-0.018202
-0.015621
-0.012355
-0.0066723
0.0014654
0.0091545
0.014789
0.016067
0.013971
0.010868
0.0080302
0.0050121
0.0021651
-5.6677e-05
-0.0026573
-0.005135
-0.0067603
-0.007425
-0.0058927
-0.0022223
0.00090441
0.0039465
0.0083814
0.013319
0.017693
0.021375
0.022733
0.021745
0.019065
0.01498
0.010669
0.0085002
0.0069244
0.0049837
0.0025604
-0.00086432
-0.004078
-0.0035054
-0.00099264
0.0039654
0.010296
0.015268
0.017399
0.019075
0.018166
0.012227
0.0037221
-0.0050079
-0.01466
-0.028247
-0.044041
-0.058424
-0.07005
-0.077852
-0.084175
-0.088322
-0.088457
-0.085744
-0.080835
-0.074986
-0.069072
-0.064637
-0.062972
-0.063688
-0.065616
-0.066348
-0.064408
-0.057406
-0.043832
-0.026408
-0.0088643
0.0078987
0.020929
0.028529
0.029299
0.020625
0.004365
-0.014717
-0.036053
-0.056973
-0.070653
-0.079009
-0.086171
-0.092848
-0.10116
-0.11068
-0.11981
-0.12916
-0.13839
-0.14775
-0.15457
-0.15759
-0.15972
-0.15975
-0.15602
-0.15061
-0.14433
-0.14066
-0.13878
-0.13927
-0.13757
-0.13291
-0.12715
-0.11609
-0.10091
-0.087378
-0.071409
-0.054252
-0.040305
-0.028775
-0.022597
-0.018726
-0.015682
-0.014963
-0.015643
-0.016146
-0.016813
-0.020489
-0.027255
-0.036271
-0.047869
-0.061877
-0.077763
-0.091493
-0.099838
-0.10343
-0.10182
-0.095077
-0.085495
-0.074876
-0.06343
-0.051625
-0.039972
-0.028282
-0.018315
-0.0089297
0.00022421
0.0076036
0.01401
0.020639
0.025765
0.027748
0.026036
0.019715
0.00877
-0.005684
-0.022931
-0.041154
-0.055184
-0.065628
-0.072883
-0.07537
-0.073208
-0.067605
-0.059599
-0.048522
-0.036389
-0.021099
0.0011079
0.029098
0.058318
0.087685
0.11725
0.14746
0.17615
0.19855
0.21784
0.23342
0.24789
0.26158
0.2681
0.26659
0.25887
0.24903
0.23572
0.21822
0.19926
0.17754
0.15728
0.13536
0.11369
0.098302
0.07929
0.062502
0.0538
0.046124
0.04017
0.03735
0.037964
0.041693
0.047473
0.055399
0.063554
0.071655
0.078455
0.082361
0.084899
0.085689
0.085307
0.084194
0.081565
0.077313
0.070463
0.061135
0.049996
0.039282
0.028748
0.015576
0.00013179
-0.017001
-0.03449
-0.048433
-0.055593
-0.054521
-0.045396
-0.030329
-0.013947
0.00079614
0.015101
0.026525
0.036578
0.051564
0.072042
0.096131
0.12028
0.14381
0.1678
0.18714
0.20273
0.2163
0.224
0.22382
0.21354
0.19036
0.15115
0.10108
0.047204
0.0013543
-0.023564
-0.034079
-0.037667
-0.034354
-0.026607
-0.017468
-0.009001
-0.00036414
0.0059824
0.011632
0.01859
0.025926
0.034255
0.042265
0.049193
0.059078
0.072075
0.087003
0.10518
0.12689
0.14527
0.15755
0.1621
0.16601
0.16554
0.15607
0.13678
0.10786
0.076469
0.043186
0.013164
-0.0089773
-0.030771
-0.048848
-0.069122
-0.092588
-0.11074
-0.12768
-0.14255
-0.14928
-0.15262
-0.15631
-0.15926
-0.16216
-0.16588
-0.17206
-0.18124
-0.19144
-0.20109
-0.20572
-0.20097
-0.18838
-0.16997
-0.14909
-0.12594
-0.10389
-0.082429
-0.06551
-0.05944
-0.058531
-0.062767
-0.069438
-0.074526
-0.074788
-0.068247
-0.057623
-0.04515
-0.033136
-0.0253
-0.023406
-0.026013
-0.031936
-0.039194
-0.046351
-0.051175
-0.050982
-0.044129
-0.030588
-0.011391
0.0084738
0.028548
0.049557
0.06614
0.080844
0.096506
0.10959
0.11937
0.12675
0.12995
0.12823
0.12421
0.12145
0.12046
0.1209
0.1228
0.12411
0.12496
0.12818
0.13269
0.13513
0.13046
0.11681
0.099092
0.081451
0.069338
0.062851
0.060253
0.060847
0.060834
0.058288
0.051563
0.040324
0.02677
0.0105
-0.0059314
-0.01701
-0.030052
-0.046802
-0.06336
-0.083003
-0.10624
-0.12805
-0.14864
-0.16543
-0.17829
-0.18796
-0.18829
-0.18249
-0.16974
-0.14999
-0.12094
-0.084825
-0.047689
-0.014976
0.0057534
0.016589
0.019611
0.013966
-0.00039381
-0.023918
-0.051663
-0.078329
-0.097153
-0.10213
-0.098936
-0.087804
-0.070592
-0.052061
-0.035801
-0.016959
0.0048242
0.026198
0.049209
0.07161
0.092928
0.11774
0.13835
0.15877
0.18008
0.20032
0.21985
0.23543
0.24494
0.25025
0.24916
0.2367
0.21189
0.17832
0.14303
0.11198
0.085246
0.056066
0.031203
0.014481
0.0040954
0.0025902
0.0082565
0.019759
0.034913
0.04991
0.062545
0.075211
0.087732
0.096788
0.10188
0.10465
0.10557
0.10605
0.10663
0.10571
0.10164
0.094526
0.083425
0.068653
0.055216
0.046542
0.040678
0.03832
0.035679
0.030931
0.023475
0.0089858
-0.014997
-0.043745
-0.072747
-0.095792
-0.11637
-0.1292
-0.12964
-0.12166
-0.10738
-0.089449
-0.069489
-0.050287
-0.043148
-0.05086
-0.069486
-0.095043
-0.12425
-0.1478
-0.17492
-0.20387
-0.22237
-0.2357
-0.23604
-0.21552
-0.1755
-0.12458
-0.069754
-0.024771
-0.013777
-0.022884
-0.048008
-0.091495
-0.14418
-0.1864
-0.21879
-0.24513
-0.26031
-0.26841
-0.26251
-0.2378
-0.18984
-0.12432
-0.059541
0.0028011
0.047598
0.062094
0.064042
0.056894
0.045037
0.029262
0.0089925
-0.01804
-0.042405
-0.057689
-0.068566
-0.074034
-0.072327
-0.065522
-0.054029
-0.039053
-0.025967
-0.017386
-0.010411
-0.0048858
-0.001007
0.0031352
0.007127
0.010132
0.013026
0.015815
0.020076
0.026735
0.032793
0.036477
0.036487
0.032737
0.028242
0.025729
0.025232
0.026146
0.027617
0.027866
0.024449
0.017021
0.0069414
-0.0043764
-0.016235
-0.026958
-0.031503
-0.02916
-0.020838
-0.0058456
0.013722
0.030662
0.046307
0.058152
0.0622
0.059359
0.051988
0.040324
0.024365
0.0060074
-0.0091936
-0.019269
-0.021022
-0.022223
-0.023639
-0.022867
-0.022213
-0.024275
-0.028466
-0.033662
-0.039307
-0.04235
-0.044978
-0.045651
-0.046247
-0.049812
-0.056092
-0.065587
-0.076778
-0.085703
-0.089649
-0.085661
-0.071606
-0.049966
-0.025787
-0.0054912
0.014391
0.032493
0.053943
0.078119
0.10366
0.13682
0.17174
0.20145
0.2277
0.24667
0.25407
0.25146
0.23492
0.20442
0.16475
0.1222
0.082008
0.052594
0.028733
0.0040079
-0.020603
-0.04391
-0.063702
-0.082628
-0.10164
-0.11513
-0.12353
-0.12812
-0.12701
-0.12094
-0.11054
-0.096312
-0.079777
-0.061628
-0.039671
-0.014423
0.0036337
0.014513
0.018716
0.013632
0.0018266
-0.010863
-0.016522
-0.0093584
0.0097605
0.040171
0.074184
0.10234
0.123
0.13409
0.13293
0.12499
0.1152
0.10968
0.10471
0.10011
0.097649
0.095173
0.094906
0.093445
0.089872
0.084329
0.075775
0.065668
0.056176
0.047678
0.043585
0.044314
0.045972
0.047047
0.046065
0.040557
0.031451
0.020121
0.0091385
-0.00022981
-0.011515
-0.023176
-0.032106
-0.038589
-0.042087
-0.043251
-0.041676
-0.03745
-0.031421
-0.026884
-0.024919
-0.024399
-0.025246
-0.026525
-0.026383
-0.024996
-0.023219
-0.021695
-0.020202
-0.019773
-0.02123
-0.026867
-0.038098
-0.053696
-0.072426
-0.091146
-0.11144
-0.13278
-0.14886
-0.15827
-0.1621
-0.15978
-0.14912
-0.13009
-0.10472
-0.076214
-0.053032
-0.030929
-0.0090796
0.0061452
0.021204
0.032846
0.036496
0.037584
0.038016
0.037455
0.038711
0.043818
0.051278
0.059874
0.066758
0.072163
0.072127
0.065709
0.057806
0.05116
0.049789
0.05208
0.05891
0.071236
0.086626
0.1022
0.11661
0.12789
0.1348
0.13685
0.13033
0.11346
0.088434
0.060019
0.030161
0.0022669
-0.022898
-0.048556
-0.071804
-0.091799
-0.11113
-0.12508
-0.13278
-0.13569
-0.13345
-0.12953
-0.12643
-0.1223
-0.11527
-0.10559
-0.091857
-0.074283
-0.055396
-0.032162
-0.0050552
0.017319
0.034219
0.042189
0.044239
0.040088
0.029575
0.014286
-0.00060794
-0.011252
-0.019913
-0.02464
-0.023274
-0.016751
-0.0062121
0.0059963
0.016614
0.02209
0.026412
0.029585
0.03078
0.033656
0.037476
0.042877
0.05026
0.057562
0.06301
0.067296
0.071931
0.076795
0.081068
0.08359
0.085701
0.086738
0.085892
0.083634
0.080045
0.076615
0.073842
0.071161
0.066745
0.060757
0.054029
0.047136
0.042108
0.0388
0.034541
0.029367
0.021767
0.011382
-0.0013965
-0.017665
-0.03384
-0.048276
-0.061752
-0.072702
-0.08475
-0.10105
-0.11938
-0.13916
-0.15743
-0.17287
-0.18597
-0.1924
-0.19158
-0.18278
-0.16374
-0.13438
-0.10275
-0.073846
-0.045017
-0.014606
0.010025
0.031712
0.049619
0.063315
0.074939
0.081948
0.086763
0.091367
0.095829
0.10058
0.10397
0.1052
0.10288
0.097394
0.089872
0.082224
0.076563
0.06867
0.059434
0.049773
0.036782
0.022297
0.0092008
-0.005127
-0.019419
-0.036855
-0.056433
-0.075448
-0.096123
-0.11253
-0.12356
-0.13022
-0.13072
-0.12278
-0.10835
-0.090902
-0.070789
-0.050476
-0.036877
-0.02737
-0.022452
-0.025183
-0.032905
-0.043934
-0.055741
-0.065283
-0.069487
-0.07153
-0.070235
-0.064851
-0.057515
-0.049716
-0.042928
-0.037008
-0.032222
-0.028003
-0.024756
-0.023222
-0.021487
-0.020629
-0.021536
-0.023591
-0.026334
-0.029739
-0.034411
-0.039796
-0.045886
-0.052591
-0.058084
-0.061143
-0.06079
-0.056917
-0.049288
-0.037536
-0.023539
-0.0084237
0.004993
0.01789
0.031148
0.040709
0.046048
0.0468
0.044264
0.040245
0.037108
0.034939
0.035171
0.037424
0.042634
0.050425
0.057683
0.063491
0.068245
0.07322
0.077687
0.079868
0.078741
0.07359
0.066524
0.055303
0.040696
0.025129
0.0105
0.0010206
-0.010106
-0.022035
-0.030403
-0.039898
-0.049118
-0.054023
-0.05946
-0.06502
-0.067939
-0.068573
-0.066878
-0.063819
-0.059873
-0.053655
-0.043716
-0.029921
-0.014758
0.0023297
0.019076
0.031642
0.044908
0.056989
0.064614
0.069987
0.072489
0.072486
0.069218
0.063351
0.056659
0.04943
0.041714
0.032277
0.023701
0.016041
0.0074975
-0.00038808
-0.0075264
-0.012756
-0.015011
-0.014452
-0.011327
-0.0064807
-0.0017601
0.0010025
0.0010118
-0.0019064
-0.0065685
-0.011622
-0.015089
-0.01703
-0.016688
-0.011136
-0.00056919
0.013655
0.02939
0.044729
0.058609
0.070619
0.081358
0.089795
0.095522
0.097223
0.093051
0.084552
0.072732
0.059284
0.043159
0.027238
0.012637
0.0012267
-0.0040566
-0.0045736
-0.00094942
0.0063578
0.01518
0.02328
0.028578
0.031998
0.034196
0.034911
0.036812
0.038747
0.0417
0.043773
0.044251
0.043208
0.038112
0.031791
0.023845
0.013736
0.00284
-0.0089428
-0.019905
-0.033231
-0.047023
-0.058942
-0.070994
-0.082896
-0.092527
-0.1024
-0.11182
-0.11852
-0.12392
-0.12542
-0.12518
-0.12318
-0.11941
-0.11409
-0.10773
-0.10066
-0.091711
-0.081572
-0.069875
-0.056916
-0.044146
-0.031223
-0.019062
-0.00634
0.0064018
0.01649
0.025327
0.033707
0.039698
0.043319
0.044928
0.045145
0.046103
0.048905
0.053067
0.058775
0.063845
0.068279
0.073098
0.076725
0.079047
0.077934
0.074295
0.069165
0.062083
0.05205
0.041268
0.034201
0.030421
0.027451
0.026684
0.0279
0.029454
0.030297
0.031152
0.029459
0.025186
0.018665
0.0091318
-0.0040226
-0.019486
-0.029841
-0.037827
-0.044593
-0.048938
-0.05141
-0.050606
-0.047858
-0.045509
-0.043024
-0.039711
-0.036013
-0.032154
-0.026163
-0.018405
-0.010266
-0.0024954
0.0037065
0.0097568
0.014955
0.017361
0.017436
0.015921
0.013097
0.010252
0.0091478
0.0086179
0.0082535
0.0081278
0.0080338
0.0087278
0.010759
0.013753
0.01788
0.023898
0.031516
0.038151
0.043274
0.046987
0.049352
0.050873
0.050644
0.048628
0.044914
0.041297
0.036519
0.030744
0.026296
0.023148
0.019186
0.016697
0.014567
0.012425
0.010151
0.006479
0.0021075
-0.004377
-0.01205
-0.020218
-0.030664
-0.043573
-0.055168
-0.064805
-0.07072
-0.076236
-0.080545
-0.080241
-0.077032
-0.072641
-0.06852
-0.064015
-0.061552
-0.062519
-0.065859
-0.069891
-0.073134
-0.074
-0.071776
-0.066175
-0.059724
-0.053798
-0.046747
-0.040164
-0.035365
-0.031128
-0.027579
-0.024565
-0.023322
-0.023848
-0.023749
-0.022411
-0.019823
-0.016834
-0.013731
-0.010091
-0.006088
-0.00064395
0.0060182
0.012301
0.018654
0.024927
0.029802
0.034334
0.038813
0.041567
0.044035
0.046946
0.049759
0.051991
0.053344
0.054423
0.057003
0.060547
0.064522
0.068332
0.070867
0.073732
0.076089
0.075591
0.070931
0.064395
0.056859
0.048495
0.042167
0.035531
0.027393
0.021171
0.013879
0.0048883
-0.0041439
-0.014169
-0.022504
-0.031299
-0.039397
-0.044497
-0.049295
-0.054085
-0.057703
-0.059801
-0.060529
-0.058313
-0.055163
-0.052413
-0.049146
-0.045273
-0.040323
-0.033722
-0.027022
-0.020296
-0.013046
-0.0064035
-0.0006504
0.002849
0.0024662
-0.00094115
-0.0052552
-0.010465
-0.016736
-0.022274
-0.02671
-0.029544
-0.030019
-0.029787
-0.029752
-0.028925
-0.026903
-0.023929
-0.02123
-0.019895
-0.020718
-0.023316
-0.027162
-0.029853
-0.032075
-0.034172
-0.03478
-0.033063
-0.029939
-0.024106
-0.017655
-0.012554
-0.0069518
-0.00056694
0.0049371
0.010056
0.014592
0.017811
0.021492
0.024384
0.028219
0.033151
0.03727
0.041374
0.045266
0.047877
0.050136
0.050973
0.049199
0.046365
0.043908
0.041103
0.037452
0.033459
0.028936
0.0242
0.020808
0.018594
0.016253
0.014084
0.012355
0.010215
0.0063052
0.001219
-0.0031967
-0.0080569
-0.014255
-0.019889
-0.026363
-0.032999
-0.037622
-0.040128
-0.040198
-0.039232
-0.037679
-0.035431
-0.032541
-0.028001
-0.021771
-0.014746
-0.0078844
-0.001931
0.004331
0.011675
0.019371
0.025996
0.030549
0.0347
0.038399
0.041989
0.046127
0.049425
0.051674
0.053055
0.053303
0.053316
0.053593
0.053602
0.052795
0.051247
0.050052
0.049171
0.048698
0.04779
0.045612
0.043572
0.042418
0.041109
0.039855
0.038493
0.038176
0.038536
0.039675
0.041982
0.044289
0.046405
0.046992
0.046763
0.044754
0.040695
0.035115
0.029163
0.023418
0.017418
0.012336
0.0062427
-0.00075171
-0.006837
-0.013086
-0.018405
-0.024519
-0.03115
-0.036314
-0.041671
-0.046988
-0.051076
-0.05466
-0.057709
-0.058431
-0.058069
-0.057728
-0.056728
-0.055041
-0.053105
-0.049765
-0.045579
-0.042263
-0.038764
-0.035688
-0.03352
-0.030958
-0.027511
-0.023103
-0.018364
-0.013681
-0.0076512
-0.0007506
0.004956
0.010542
0.015541
0.018357
0.020662
0.022465
0.022656
0.021559
0.019923
0.018835
0.018235
0.017129
0.014908
0.012709
0.011494
0.010258
0.010315
0.011806
0.01439
0.016992
0.019392
0.021731
0.023677
0.024915
0.025347
0.024512
0.022655
0.020206
0.016005
0.011821
0.0058642
-0.00055844
-0.0062011
-0.013547
-0.021469
-0.026282
-0.030707
-0.034532
-0.036614
-0.037853
-0.037802
-0.037492
-0.036335
-0.034097
-0.031236
-0.027165
-0.022916
-0.018769
-0.015369
-0.013671
-0.012866
-0.012801
-0.012845
-0.013047
-0.012799
-0.012595
-0.012565
-0.012645
-0.012825
-0.012946
-0.012535
-0.010991
-0.0081357
-0.0038126
0.00096134
0.0043223
0.0076546
0.011024
0.014456
0.017425
0.017772
0.016243
0.014587
0.013804
0.012992
0.012782
0.012524
0.012328
0.01334
0.014644
0.015901
0.015711
0.015458
0.015024
0.013816
0.012463
0.012745
0.013373
0.014231
0.015144
0.014576
0.012534
0.0097662
0.0047665
-0.00042001
-0.0041564
-0.0089795
-0.013347
-0.016293
-0.017526
-0.017108
-0.016381
-0.014689
-0.012194
-0.0097178
-0.0070815
-0.0042335
-0.0017591
-0.00017051
0.00054279
0.0013751
0.0023324
0.0031466
0.0046512
0.0073157
0.011918
0.017056
0.021256
0.026176
0.030482
0.034193
0.036862
0.039068
0.040565
0.040923
0.040931
0.039865
0.036526
0.031209
0.023946
0.017003
0.009157
0.0022598
-0.0061042
-0.013404
-0.019231
-0.024132
-0.028241
-0.030773
-0.031687
-0.032278
-0.030591
-0.027667
-0.024435
-0.019987
-0.013863
-0.0069563
-0.00025709
0.0054186
0.01135
0.018313
0.023883
0.025518
0.024128
0.021246
0.017945
0.014675
0.010901
0.0061606
0.0020345
-0.0024585
-0.0079965
-0.011975
-0.01561
-0.018083
-0.019362
-0.019508
-0.018879
-0.017114
-0.014265
-0.012633
-0.010458
-0.0089219
-0.0092551
-0.0098102
-0.011063
-0.013213
-0.014512
-0.015936
-0.01941
-0.022325
-0.023316
-0.025871
-0.028262
-0.029323
-0.029452
-0.030312
-0.031326
-0.031844
-0.034141
-0.038211
-0.041895
-0.04452
-0.047914
-0.051569
-0.054219
-0.056889
-0.058941
-0.059509
-0.059255
-0.058677
-0.057027
-0.054233
-0.050444
-0.044943
-0.038322
-0.030709
-0.020975
-0.0105
-0.00092211
0.0055496
0.0095705
0.013626
0.017043
0.019763
0.021582
0.021795
0.020897
0.019471
0.017913
0.015523
0.01267
0.0095127
0.0066475
0.0054595
0.003762
0.0022436
0.0014576
0.0016637
0.0026531
0.0040706
0.0051056
0.0066397
0.0079691
0.0088821
0.0077275
0.0049736
0.002676
0.0019792
0.00096441
0.0010634
0.0019004
0.0039658
0.0071884
0.0091477
0.012993
0.0164
0.020287
0.023922
0.026001
0.027812
0.029364
0.031135
0.033475
0.034376
0.034039
0.034057
0.034236
0.033917
0.032611
0.030564
0.028379
0.025942
0.023991
0.022348
0.021609
0.021266
0.02072
0.021126
0.022014
0.021971
0.021827
0.021496
0.020471
0.018777
0.01666
0.014435
0.01255
0.011558
0.011138
0.0099224
0.0088106
0.0075913
0.0058775
0.0043396
0.0033673
0.0021309
0.00054297
-0.0015271
-0.0032297
-0.0035142
-0.0034147
-0.0033175
-0.0024013
-8.5686e-05
0.0027248
0.005547
0.0084833
0.011241
0.014147
0.01722
0.0186
0.019364
0.018236
0.015605
0.013104
0.010487
0.0072217
0.0035374
0.00059372
-0.0028646
-0.006979
-0.0098639
-0.011882
-0.012987
-0.013196
-0.014141
-0.016141
-0.01803
-0.020352
-0.021805
-0.022678
-0.024613
-0.025903
-0.027019
-0.028236
-0.029142
-0.027815
-0.025989
-0.025396
-0.024195
-0.022906
-0.020021
-0.017129
-0.015082
-0.014073
-0.014005
-0.013259
-0.012939
-0.01488
-0.01605
-0.017408
-0.018996
-0.02136
-0.023235
-0.024364
-0.025566
-0.026457
-0.026779
-0.026759
-0.027465
-0.02889
-0.03003
-0.02976
-0.029506
-0.02944
-0.029366
-0.029428
-0.029941
-0.03103
-0.032159
-0.032337
-0.032053
-0.031955
-0.031964
-0.032008
-0.032105
-0.032236
-0.032306
-0.031982
-0.03084
-0.028886
-0.026503
-0.024177
-0.022575
-0.021423
-0.019483
-0.01648
-0.013806
-0.011988
-0.010824
-0.0090653
-0.0068205
-0.0044804
-0.0012888
0.0010612
0.0024177
0.0047313
0.007167
0.0091959
0.010779
0.011926
0.014045
0.017111
0.020593
0.024348
0.027517
0.030709
0.034293
0.036573
0.037816
0.04013
0.041789
0.041567
0.040478
0.038825
0.037128
0.034061
0.029287
0.025281
0.022466
0.018953
0.015262
0.01385
0.013995
0.013914
0.013844
0.014575
0.016321
0.018233
0.020925
0.022751
0.025297
0.028008
0.030278
0.032049
0.033275
0.034843
0.036504
0.037917
0.040376
0.042046
0.042888
0.044189
0.044059
0.043625
0.042734
0.041222
0.039934
0.036957
0.033716
0.031095
0.028865
0.027038
0.024374
0.021544
0.018959
0.016748
0.015022
0.0136
0.012086
0.011072
0.010735
0.0096481
0.0083893
0.0079239
0.006893
0.0059439
0.0061051
0.0057006
0.004357
0.0027869
0.00099703
-0.0015145
-0.0041333
-0.0071663
-0.011019
-0.015159
-0.019425
-0.023771
-0.027023
-0.029851
-0.033012
-0.035106
-0.036083
-0.036851
-0.036757
-0.035986
-0.034243
-0.031928
-0.029884
-0.02813
-0.026249
-0.023413
-0.019922
-0.015804
-0.011731
-0.0073561
-0.0032313
-7.8888e-05
0.0031626
0.0064604
0.0079269
0.0079915
0.0068957
0.0056761
0.0046107
0.0036492
0.0024457
0.0012444
-6.1625e-05
-0.001326
-0.0027797
-0.0043259
-0.0065602
-0.0082752
-0.0090815
-0.010136
-0.010618
-0.011491
-0.012806
-0.013185
-0.013944
-0.015584
-0.017034
-0.019159
-0.020938
-0.02196
-0.023112
-0.022981
-0.021883
-0.020339
-0.019081
-0.017192
-0.015601
-0.014376
-0.01211
-0.010203
-0.00915
-0.0080906
-0.0079986
-0.0069986
-0.0050437
-0.0036363
-0.0014383
-1.1366e-05
0.001194
0.0041431
0.0067255
0.0077782
0.0073619
0.0067551
0.0058092
0.0046413
0.0045722
0.0036387
0.0022512
0.0024267
0.0026247
0.0025561
0.0024955
0.0024421
0.0024189
0.0023285
0.002218
0.0022585
0.0028437
0.0041727
0.0056897
0.0065905
0.0079349
0.0093852
0.011648
0.013738
0.01623
0.019414
0.021195
0.023928
0.028129
0.03079
0.032575
0.033957
0.034991
0.034947
0.032778
0.03004
0.027837
0.02585
0.023626
0.021736
0.020699
0.019549
0.018352
0.018009
0.017989
0.017168
0.015534
0.013997
0.012148
0.010287
0.0089225
0.0070937
0.0055307
0.005129
0.0043885
0.002407
0.0003963
-0.0012119
-0.0027697
-0.0039305
-0.0052315
-0.0054527
-0.005003
-0.0039675
-0.0023189
-0.0012812
-0.00028643
-0.00022622
-0.00027295
-9.08e-05
-0.0003406
-0.001553
-0.0034349
-0.0044223
-0.0054822
-0.0052229
-0.0050236
-0.0051933
-0.0052779
-0.0052779
-0.0052042
-0.0054641
-0.0064558
-0.0081736
-0.0097355
-0.012747
-0.015457
-0.017643
-0.019412
-0.0207
-0.022465
-0.025398
-0.027579
-0.028322
-0.028289
-0.028715
-0.028861
-0.02772
-0.025943
-0.023357
-0.021263
-0.019359
-0.017253
-0.015494
-0.013491
-0.012609
-0.012663
-0.012967
-0.013284
-0.013049
-0.012909
-0.012993
-0.013106
-0.012941
-0.012167
-0.010886
-0.010045
-0.0093922
-0.0082346
-0.007837
-0.0080842
-0.0081436
-0.0080151
-0.0077434
-0.0074059
-0.0072916
-0.0078157
-0.008043
-0.0079324
-0.0078421
-0.0077965
-0.0078174
-0.0079321
-0.0081021
-0.0080731
-0.0073456
-0.0055952
-0.0033252
-0.00071084
0.0012871
0.0025138
0.0036741
0.0061676
0.007978
0.0088121
0.010034
0.009971
0.0098374
0.0095783
0.008713
0.0076695
0.0073805
0.007659
0.0077163
0.007565
0.0073908
0.0074257
0.0080056
0.009278
0.010803
0.012716
0.015466
0.017956
0.019803
0.020985
0.021968
0.022681
0.023538
0.024883
0.025393
0.025261
0.025259
0.025092
0.024285
0.02282
0.021467
0.019054
0.016333
0.013833
0.011595
0.0098505
0.0085956
0.0074153
0.0079741
0.009205
0.010338
0.010356
0.011122
0.012544
0.012838
0.013899
0.015274
0.015055
0.014814
0.0149
0.015012
0.015117
0.015082
0.014962
0.014847
0.015067
0.015897
0.017216
0.01788
0.017593
0.017513
0.017678
0.017606
0.016941
0.015659
0.014695
0.014148
0.013116
0.012476
0.011796
0.010321
0.0090916
0.007806
0.0063474
0.0043261
0.0023547
0.0010019
-0.0011392
-0.0029252
-0.00382
-0.0048988
-0.0052915
-0.0061991
-0.0079248
-0.0091902
-0.010722
-0.0119
-0.012959
-0.013079
-0.014076
-0.015955
-0.01699
-0.01849
-0.019365
-0.020871
-0.022081
-0.023909
-0.024979
-0.025788
-0.025719
-0.025682
-0.025702
-0.025137
-0.024039
-0.023189
-0.023482
-0.023107
-0.021605
-0.019702
-0.018152
-0.016431
-0.014923
-0.012392
-0.0085077
-0.0056257
-0.0040181
-0.001831
0.00020458
0.0010422
0.001868
0.0020976
0.0020614
0.0021715
0.0022862
0.0023123
0.0022136
0.0021136
0.0023191
0.0032537
0.0048807
0.0063251
0.008453
0.010158
0.011055
0.012151
0.012318
0.012327
0.012521
0.01233
0.011235
0.009386
0.0080122
0.0058293
0.0046578
0.0046259
0.0036799
0.0028051
0.0040277
0.0053142
0.0069287
0.0098109
0.011635
0.012685
0.014198
0.01719
0.019984
0.021781
0.022521
0.022876
0.024232
0.025347
0.024502
0.022909
0.021571
0.020643
0.01979
0.018962
0.01754
0.016128
0.015249
0.014991
0.015035
0.014956
0.01517
0.016062
0.017352
0.017699
0.017455
0.017474
0.017592
0.017362
0.016495
0.015296
0.014965
0.014862
0.013854
0.01247
0.012345
0.012569
0.012575
0.012556
0.012603
0.012629
0.012277
0.011125
0.0093982
0.0082183
0.0060091
0.0040688
0.0021673
-0.00083556
-0.0020409
-0.0040907
-0.0054271
-0.005642
-0.0067711
-0.0077359
-0.006425
-0.0050727
-0.00475
-0.0036576
-0.0025586
-0.0028963
-0.0036679
-0.0047647
-0.0057473
-0.0059303
-0.0070063
-0.0085717
-0.0096244
-0.011222
-0.013216
-0.015991
-0.018539
-0.020369
-0.021518
-0.022433
-0.02307
-0.023074
-0.023789
-0.025366
-0.02698
-0.028272
-0.029573
-0.031357
-0.033155
-0.034514
-0.036725
-0.039369
-0.041193
-0.042136
-0.04312
-0.043759
-0.04427
-0.044948
-0.04475
-0.043809
-0.042552
-0.040154
-0.03742
-0.034599
-0.031469
-0.028604
-0.027157
-0.025208
-0.023858
-0.023879
-0.023527
-0.0222
-0.020643
-0.02045
-0.019717
-0.018513
-0.01826
-0.016775
-0.014136
-0.012706
-0.012115
-0.010663
-0.0094115
-0.0070547
-0.0049392
-0.0034916
-0.00078073
0.0017892
0.0037258
0.0051059
0.0066221
0.0087812
0.0097597
0.010003
0.011188
0.01254
0.012999
0.013872
0.014763
0.015788
0.018271
0.020831
0.022144
0.022602
0.022395
0.022124
0.021418
0.020218
0.01975
0.020046
0.020188
0.020167
0.020134
0.019935
0.019367
0.018392
0.017662
0.017342
0.016554
0.015135
0.014555
0.014752
0.015229
0.016288
0.017605
0.017685
0.017435
0.017135
0.016206
0.014697
0.013619
0.012124
0.01083
0.0096596
0.0098037
0.0098741
0.0097596
0.010182
0.011287
0.012475
0.012118
0.012348
0.013745
0.015311
0.015075
0.014224
0.012887
0.011364
0.010574
0.0097884
0.0095242
0.0083656
0.0066699
0.0055066
0.0040393
0.002901
0.0014303
0.00024917
-0.00084507
-0.0017667
-0.0027775
-0.0031711
-0.0028261
-0.0020256
-0.0008012
-0.00019596
-0.00054214
-0.00079316
-0.00080836
-0.00064063
-1.2158e-05
0.001137
0.0022985
0.0031864
0.0041241
0.0043728
0.0044826
0.0054824
0.0069818
0.0074508
0.0071088
0.0067715
0.0064829
0.0064803
0.0072122
0.0073722
0.0071832
0.0070933
0.0071323
0.0072916
0.0073934
0.0070901
0.0059471
0.0041576
0.0028282
0.00050416
-0.0011397
-0.0018523
-0.002913
-0.0026434
-0.0025479
-0.0031776
-0.0044548
-0.0058099
-0.0057979
-0.0064973
-0.0079503
-0.008432
-0.0079362
-0.0071498
-0.006364
-0.0059245
-0.0055603
-0.0057043
-0.0058566
-0.005899
-0.0058118
-0.0052069
-0.0038704
-0.0022836
-0.0012557
0.00015925
0.0014435
0.0028361
0.0039449
0.0045552
0.0043758
0.0042819
0.0043823
0.004496
0.0046602
0.0047764
0.0046407
0.0038436
0.0023284
0.00085517
-0.00043958
-0.0014733
-0.0023572
-0.002918
-0.003874
-0.0060199
-0.0080725
-0.0096459
-0.012022
-0.014537
-0.016615
-0.017822
-0.017921
-0.016876
-0.015633
-0.015567
-0.015044
-0.013473
-0.011925
-0.0097652
-0.0081466
-0.0072947
-0.0057757
-0.0043714
-0.0026988
-0.0018105
-0.00071512
-0.00050338
0.00029921
0.0015054
0.0012251
-0.0002996
-0.00092926
-0.00062046
-0.00067764
-0.0010627
-0.0011609
-0.00036727
-0.00042877
-0.00070937
-0.00082163
-0.00068347
2.3045e-05
0.0012446
0.0021595
0.0019334
0.0023554
0.0036709
0.0047379
0.004491
0.004303
0.0044554
0.0046335
0.0045613
0.0038428
0.0025129
0.0014048
0.0007601
-0.00016946
-0.0011349
-0.0024819
-0.0040095
-0.0051301
-0.0057292
-0.005499
-0.0054201
-0.0055465
-0.0056545
-0.0057171
-0.0057229
-0.005716
-0.0057025
-0.0056866
-0.0056604
-0.0056508
-0.0057013
-0.005828
-0.0059065
-0.0056222
-0.004583
-0.0029519
-0.0017811
-0.00014399
0.0013549
0.0029367
0.0047155
0.0059906
0.0071562
0.0068721
0.0066759
0.006905
0.0072414
0.0074792
0.0070527
0.0054247
0.0028151
0.0011429
-8.5186e-05
-0.0022246
-0.0037302
-0.0046834
-0.0056547
-0.0055046
-0.0054351
-0.0055977
-0.0057202
-0.0057377
-0.0056163
-0.0055099
-0.0057139
-0.00656
-0.0078935
-0.0085835
-0.0082604
-0.0080917
-0.0081697
-0.0082707
-0.0083264
-0.0083079
-0.0082898
-0.0083363
-0.0084734
-0.0085424
-0.0082291
-0.0072161
-0.0058458
-0.0054636
-0.005829
-0.006107
-0.006356
-0.0064058
-0.0058799
-0.0058015
-0.0056473
-0.004554
-0.002822
-0.0017641
-0.00090996
-0.00080903
-0.00030372
0.0013437
0.0031746
0.0047528
0.0058847
0.0086126
0.011424
0.013945
0.016081
0.017573
0.018554
0.019855
0.019426
0.018165
0.01666
0.015811
0.014179
0.012611
0.010219
0.008058
0.0061702
0.003271
-0.00050117
-0.0024291
-0.0033988
-0.0045185
-0.0062119
-0.0075935
-0.0087457
-0.0096119
-0.010468
-0.010775
-0.010641
-0.010759
-0.010935
-0.010915
-0.010318
-0.0091968
-0.0082952
-0.0082993
-0.008506
-0.008526
-0.0084353
-0.0083707
-0.0083333
-0.0083298
-0.00831
-0.0083085
-0.008345
-0.008465
-0.0085521
-0.0083623
-0.0075631
-0.0062962
-0.0055802
-0.0057304
-0.0059571
-0.0060592
-0.0060358
-0.0056941
-0.004743
-0.0034205
-0.0029212
-0.003261
-0.0033839
-0.0032793
-0.0031482
-0.0031152
-0.0032184
-0.0033606
-0.0032603
-0.0025762
-0.001281
-0.00031459
-0.00071987
-0.0010685
-0.00091317
-0.00020296
0.0011051
0.0022125
0.0024252
0.0033151
0.0045479
0.0051646
0.0064036
0.0072914
0.0071512
0.0068127
0.0060467
0.0048181
0.0042235
0.0045759
0.0047002
0.0044844
0.004274
0.0044213
0.0053644
0.0069653
0.0081668
0.0090747
0.0096362
0.010383
0.011717
0.012198
0.012046
0.012083
0.012167
0.01189
0.010988
0.0097914
0.0093984
0.0082454
0.005916
0.004381
0.0039561
0.0029443
0.0014258
-0.00026035
-0.0018911
-0.0029169
-0.00329
-0.0044105
-0.0059777
-0.0059622
-0.0057439
-0.0052756
-0.0040505
-0.0027677
-0.003112
-0.0034382
-0.0033738
-0.0032736
-0.0031539
-0.0031159
-0.0030984
-0.0031535
-0.0032459
-0.0033486
-0.0032264
-0.0026284
-0.0014732
-0.00050142
-0.00033198
0.00070594
0.0024911
0.0041225
0.006359
0.0077234
0.0084381
0.0094355
0.010146
0.011427
0.012267
0.012041
0.011944
0.012032
0.012137
0.012136
0.012031
0.011944
0.012203
0.013081
0.014359
0.014832
0.014522
0.014438
0.014624
0.014757
0.014541
0.013682
0.012479
0.011949
0.011437
0.010011
0.0084881
0.0064853
0.0042897
0.0024543
0.00021794
-0.0026281
-0.0044018
-0.0054608
-0.0055121
-0.0055242
-0.0057109
-0.0054533
-0.0044108
-0.0031016
-0.0031026
-0.0033944
-0.0033012
-0.0030516
-0.0029582
-0.0034891
-0.004819
-0.0061911
-0.005771
-0.0053208
-0.0053948
-0.0060291
-0.0073449
-0.0085895
-0.008261
-0.0084283
-0.0097106
-0.011104
-0.010924
-0.010724
-0.010863
-0.010825
-0.010339
-0.0092333
-0.0082595
-0.0079953
-0.0068283
-0.0050476
-0.0039172
-0.0029367
-0.0031271
-0.0035101
-0.0041926
-0.0052816
-0.0057882
-0.0056493
-0.0063229
-0.007772
-0.0086604
-0.0084875
-0.008164
-0.0075114
-0.0063439
-0.0054268
-0.0047683
-0.0035321
-0.0029724
-0.0031433
-0.0034816
-0.0043401
-0.0055221
-0.0059104
-0.0060554
-0.0069732
-0.00818
-0.0096069
-0.011747
-0.013483
-0.014093
-0.015058
-0.015938
-0.015993
-0.015516
-0.014489
-0.013345
-0.013509
-0.013813
-0.013362
-0.0121
-0.010703
-0.010606
-0.0097121
-0.0079609
-0.0069833
-0.0055413
-0.0046407
-0.0029745
-0.0013646
0.0010557
0.0022441
0.0016831
0.0014854
0.0016616
0.0019804
0.0022056
0.0021094
0.0013647
2.7803e-05
-0.00096274
-0.0005444
-0.00030394
-0.00067638
-0.0015439
-0.0024957
-0.0029788
-0.0031785
-0.0030347
-0.0029634
-0.0029985
-0.0030718
-0.003265
-0.0035817
-0.0038197
-0.0034763
-0.0029467
-0.0030008
-0.0031534
-0.003264
-0.0033546
-0.0032068
-0.0025675
-0.0014187
-0.00056956
-0.00054869
-0.00083815
-0.00096984
-0.00089305
-0.00040092
0.00067804
0.0018976
0.0019374
0.0020414
0.0030609
0.0043449
0.0044261
0.0044863
0.0054427
0.0068392
0.0074763
0.0085533
0.0099971
0.0097253
0.0089585
0.0077893
0.0066886
0.0072541
0.007586
0.0069792
0.0055258
0.0040258
0.004355
0.0047988
0.0049139
0.0047336
0.0039549
0.0025873
0.0015087
0.001875
0.002534
0.0034118
0.00433
0.0046235
0.0050921
0.006297
0.007247
0.007709
0.0087815
0.0097634
0.010436
0.011666
0.012336
0.012233
0.012194
0.011925
0.011022
0.0098164
0.009616
0.00994
0.0095865
0.0083892
0.007056
0.0071166
0.0074485
0.007107
0.0059874
0.0045746
0.0042109
0.0035755
0.0023148
0.0016834
0.0005874
-0.00079664
-0.00055949
-0.00032252
-0.00040657
-0.00050879
-0.00058794
-0.00057585
-0.00054808
-0.00055516
-0.00066421
-0.0007843
-0.00067495
2.2875e-05
0.0013329
0.0023406
0.0019986
0.0017848
0.0019417
0.0021247
0.002041
0.0013329
8.6547e-05
-0.0008283
-0.0013234
-0.0024347
-0.0031635
-0.0029516
-0.0028453
-0.0029095
-0.002985
-0.003068
-0.0031542
-0.0032085
-0.0030535
-0.0024696
-0.0014837
-0.00077453
-0.0005496
0.00011215
0.0015011
0.0023082
0.0018287
0.00056129
-0.00077085
-0.00080887
-0.00058235
-0.0005311
-5.6598e-05
0.0011659
0.002479
0.0020489
0.0016029
0.0016695
0.0022941
0.0036358
0.00495
0.0046362
0.0043771
0.0045347
0.0046223
0.0043049
0.0032447
0.0019725
0.0016962
0.00045435
-0.0016428
-0.0030006
-0.0040173
-0.0049808
-0.005942
-0.0071951
-0.0087994
-0.0097346
-0.010674
-0.011143
-0.012325
-0.013479
-0.013262
-0.013088
-0.01315
-0.013238
-0.013308
-0.013323
-0.013317
-0.0133
-0.013294
-0.013289
-0.013292
-0.013292
-0.013299
-0.013301
-0.013298
-0.013274
-0.013249
-0.013247
-0.013319
-0.01344
-0.013468
-0.013103
-0.012139
-0.010986
-0.010976
-0.011466
-0.011068
-0.010647
-0.010662
-0.010698
-0.010705
-0.010678
-0.01064
-0.010611
-0.010657
-0.010779
-0.010871
-0.0106
-0.0095876
-0.0079668
-0.0068185
-0.0053916
-0.0043747
-0.0033351
-0.0029966
-0.0023085
-0.00093212
-0.00028785
-0.00051754
-0.00066735
-0.00060575
-0.00047282
-0.00028132
-0.00020133
-0.00047467
-0.0013962
-0.0026821
-0.0031495
-0.0028257
-0.0027018
-0.0027717
-0.0028802
-0.0029414
-0.0029484
-0.0029074
-0.0028685
-0.0028684
-0.0029593
-0.0030841
-0.0030452
-0.0024758
-0.0012011
0.00017045
0.00078913
0.0016551
0.0021684
0.0025216
0.0035599
0.0046331
0.0051953
0.0070063
0.0095244
0.010895
0.011701
0.012177
0.012011
0.012308
0.013199
0.01405
0.01374
0.012555
0.012297
0.01241
0.011828
0.010589
0.0096582
0.0091322
0.0079668
0.0071215
0.0072559
0.0075652
0.0083038
0.0094956
0.010105
0.0097826
0.0096272
0.0097065
0.0098152
0.0098923
0.0099122
0.0098934
0.0098493
0.0098097
0.0098382
0.010014
0.01035
0.010566
0.010173
0.0098882
0.0097531
0.0090098
0.007796
0.0071243
0.0064385
0.0051885
0.0047243
0.0048468
0.0048386
0.0049967
0.0057741
0.0070343
0.0077809
0.0085492
0.0097675
0.0099248
0.0096904
0.0096854
0.0098345
0.010048
0.010169
0.0098828
0.0085198
0.006889
0.0057999
0.0044891
0.0034975
0.0021258
0.00088097
-0.00073208
-0.0019241
-0.0029223
-0.0029063
-0.0027709
-0.0033433
-0.0043794
-0.0050945
-0.0040134
-0.0031302
-0.0029591
-0.0021255
-0.00044436
0.00074169
0.0017609
0.0016694
0.0015874
0.0021447
0.0029573
0.0030823
0.0015487
0.0016801
0.0020741
0.0017278
0.00050694
-0.0013077
-0.002263
-0.0037122
-0.0045576
-0.0056062
-0.0058144
-0.0068781
-0.0087603
-0.0096371
-0.010722
-0.010971
-0.01189
-0.013128
-0.013528
-0.01453
-0.015456
-0.015148
-0.01494
-0.015047
-0.015175
-0.015055
-0.014323
-0.012999
-0.011975
-0.012245
-0.012388
-0.012245
-0.01207
-0.01191
-0.011807
-0.011716
-0.011626
-0.01153
-0.011469
-0.011448
-0.0114
-0.011123
-0.010379
-0.009223
-0.0083781
-0.007671
-0.0058821
-0.0039763
-0.0032871
-0.0028973
-0.0017994
-0.00096101
-0.00076294
-0.0001544
0.00044716
-0.00016715
-0.0016334
-0.0025623
-0.0030607
-0.0033136
-0.0042048
-0.0050565
-0.0056201
-0.0067096
-0.00724
-0.0067606
-0.0057772
-0.0043921
-0.0033173
-0.0022702
-0.0012531
-9.4461e-05
0.001039
0.0023436
0.0035672
0.0045852
0.0048999
0.0046776
0.0045782
0.0046373
0.0050057
0.0058787
0.006999
0.0072751
0.0069991
0.0068847
0.0068721
0.0068645
0.0069789
0.0074668
0.0084079
0.0092818
0.01002
0.010887
0.010889
0.01064
0.010598
0.010618
0.010649
0.010629
0.010557
0.010474
0.010419
0.010342
0.010296
0.010265
0.010196
0.01008
0.009938
0.0098182
0.0099718
0.010586
0.011493
0.011748
0.011408
0.011227
0.01118
0.011162
0.011104
0.011013
0.010886
0.010756
0.010626
0.010538
0.010493
0.010467
0.010304
0.0098399
0.0090962
0.0085102
0.0088953
0.0084612
0.0077541
0.0076312
0.007544
0.0076507
0.0081425
0.0088559
0.0089321
0.0085703
0.00834
0.0082662
0.0082421
0.0081586
0.007922
0.0073777
0.0064961
0.0057135
0.0054259
0.0046522
0.0035958
0.0028685
0.0019272
0.0010543
-0.00013847
-0.0010851
-0.0019392
-0.0025965
-0.0030076
-0.0039447
-0.0048837
-0.0054191
-0.0055767
-0.0060699
-0.0064409
-0.0063765
-0.0066791
-0.0073158
-0.0076049
-0.0073522
-0.0071559
-0.0070766
-0.0070113
-0.0069363
-0.0068294
-0.006705
-0.0065672
-0.0064415
-0.0063451
-0.0062909
-0.0062218
-0.0060087
-0.0054929
-0.0047439
-0.004285
-0.004307
-0.0043414
-0.0044813
-0.0048337
-0.0051293
-0.005055
-0.0048486
-0.004736
-0.0046516
-0.0045631
-0.0044915
-0.0044374
-0.0043441
-0.0041169
-0.0036605
-0.0030903
-0.0028288
-0.0026037
-0.0021096
-0.0017424
-0.0018151
-0.0021218
-0.0023171
-0.00241
-0.0023532
-0.0022283
-0.0021603
-0.0021097
-0.0020603
-0.0019967
-0.0019188
-0.0018445
-0.0017697
-0.0016811
-0.0016024
-0.0015308
-0.0014764
-0.0014448
-0.0013701
-0.0011576
-0.00077187
-0.00036629
-0.00035127
-0.00040074
-0.00024677
0.00011873
0.00051134
0.00054621
0.00050089
0.00052109
0.00056456
0.0006198
0.00065699
0.00068114
0.00070773
0.00073763
0.0007693
0.00081767
0.00089264
0.00097762
0.0010441
0.0013006
0.0014116
0.0013482
0.0013268
0.0013813
0.0015447
0.001758
0.0018213
0.0017449
0.0017015
0.001695
0.0016966
0.0016903
0.0016642
0.0016333
0.0016073
0.0015914
0.0015827
0.0015617
0.0014929
0.0013478
0.0011807
0.00115
0.0010516
0.00092653
0.00096843
0.00097843
0.00091299
0.00080454
0.0007327
0.00076626
0.00074951
0.00066513
0.00060428
0.00064213
0.00067555
0.00068948
0.00070454
0.00071633
0.00072662
0.00073399
0.00074784
0.00078086
0.00084146
0.00090246
0.00091533
0.00089289
0.00088006
0.00088171
0.00090104
0.00093652
0.00096225
0.00095723
0.00097876
0.001004
0.001004
0.00099158
0.00096878
0.00096337
0.00095111
0.00092356
0.00090592
0.00087344
0.00081855
0.00077246
0.00074046
0.00071572
0.00068107
0.00062095
0.00054948
0.00049402
0.00045687
0.00041724
0.00037373
0.00032956
0.0002862
0.00024394
0.00020258
0.00016186
0.00012129
8.1208e-05
4.2068e-05
3.2056e-06
-3.6198e-05
-7.7445e-05
-0.00012075
-0.00016277
-0.00020272
-0.00024232
-0.00027785
-0.00031348
-0.00034776
-0.00038013
-0.00041379
-0.00044747
-0.00047744
-0.00050739
-0.00053913
-0.00057085
-0.00059981
-0.00062819
-0.00065712
-0.00068617
-0.00071518
-0.0007441
-0.00077302
-0.00080183
-0.00083054
-0.00085895
-0.00088704
-0.00091521
-0.00094405
-0.00097266
-0.001001
-0.0010291
-0.0010571
-0.0010849
-0.0011125
-0.00114
-0.0011672
-0.0011942
-0.001221
-0.0012475
-0.0012738
-0.0012999
-0.0013257
-0.0013513
-0.0013765
-0.0014015
-0.0014263
-0.0014507
-0.0014749
-0.0014988
-0.0015223
-0.0015456
-0.0015685
-0.0015912
-0.0016135
