61
62
1611
1612
1791
1792
2921
2922
3161
3162
7211
7212
7281
7282
7661
7662
7871
7872
8061
8062
9001
9002
9591
9592
9631
9632
9861
9862
9881
9882
10631
10632
10851
10852
10861
10862
11191
11192
11581
11582
11931
11932
14911
14912
14931
14932
14941
14942
14951
14952
15081
15082
15281
15282
15451
15452
15461
15462
37511
37512
37561
37562
44571
44572
48601
48602
48941
48942
57741
57742
58231
58232
59751
59752
68871
68872
68901
68902
69111
69112
69531
69532
69661
69662
69691
69692
80631
80632
81301
81302
81341
81342
81611
81612
86061
86062
