-0.0017118
0.00088936
-0.0048686
-0.007685
-0.0026456
0.0036911
0.0067699
0.0061163
0.0059707
0.003178
-0.00011251
-0.0011275
-0.0010959
0.0011113
0.002018
-0.0042316
-0.0096621
-0.0040828
0.0056685
0.0063867
0.0032269
-0.00019079
-0.0037971
-0.00068054
0.003701
0.0051818
0.0035702
-0.00058413
-0.0020934
-0.00044363
0.0044255
0.0033514
-0.0054061
-0.0021203
0.0033251
0.0009994
0.0034394
0.0015162
-0.0067072
-0.0093337
0.0026384
0.013807
0.013741
0.0062792
-0.00033775
-0.0010353
-0.00016054
-0.0022159
-0.0087109
-0.0033918
0.0037372
-0.0063203
-0.023431
-0.022013
-0.0023624
0.0085134
0.011975
0.0074654
0.0020063
0.001204
-0.0044479
-0.0068628
-0.0012722
0.0014396
0.0010541
0.0041668
0.0028258
-0.0087259
-0.014829
-0.0080881
0.0057844
0.0095006
0.0098258
0.0053994
-0.0016855
-0.0092053
-0.010536
-0.0084258
-0.0023022
0.0077584
0.0085979
0.0040646
-0.0080374
-0.013919
-0.0037049
0.0074931
0.0023086
-0.0031497
0.0036736
0.008985
0.0060464
0.0039011
0.0076429
0.0054839
-0.0047264
-0.0047992
-0.0032432
0.00059636
0.0033208
-0.0030931
-0.010806
-0.008645
-0.003906
0.0020151
0.0074148
0.0063608
0.0030238
0.0026752
0.0053415
0.0053466
0.0027463
0.0032416
0.0021262
0.0018225
0.0030609
0.003322
0.0047661
0.0018578
0.00071798
0.0042231
0.0091501
0.0052039
-0.00092413
-0.006322
-0.014317
-0.0029873
0.013455
0.0099335
0.0023533
0.0048006
-0.00070097
-0.0076868
-0.008311
-0.0078621
-0.011911
-0.0037671
0.0024904
-0.0031718
-0.0091372
-0.0052657
-0.00068633
-0.0057287
0.0004192
0.0089264
0.014941
0.0088792
-0.0011756
-0.010131
-0.0090712
-7.1605e-05
7.5409e-05
-0.00311
-0.00062831
-0.0012627
-0.0032375
0.0026214
0.0068707
-0.0067565
-0.013146
-2.3873e-05
0.00091246
-0.0081565
-0.015193
-0.011599
0.0051753
0.020049
0.02095
-0.0065548
-0.023855
-0.015389
-0.011624
-0.01228
-0.0096077
-0.00069916
0.0070813
0.0081635
0.0048954
-0.0032239
-0.0065247
-0.00058943
0.0087028
0.0067598
-0.0011799
0.00047253
-0.0050966
-0.012019
-0.01348
-0.0098139
-0.00021358
0.008372
0.0087783
0.0048944
0.011576
0.012464
0.0041069
0.0061912
0.0087844
0.006802
0.0084682
0.006336
-0.0057719
-0.0012885
0.0082951
-0.00085046
-0.0085018
0.0014286
0.0065866
0.00025427
-0.00066287
0.00086807
0.0029957
0.005709
0.0046697
0.0038966
0.0028982
0.0024261
-0.00053464
-0.0059343
-0.0096549
-0.011116
-0.0020206
0.0059533
-0.001133
-0.010806
-0.0086392
0.00075062
0.0080239
0.0053891
-0.0017755
-0.0083312
-0.013671
-0.0030165
0.02897
0.031221
0.013751
0.0084816
0.013272
0.01752
0.016972
0.011956
0.0020452
-0.013051
-0.026354
-0.027914
-0.02043
-0.015449
-0.014866
-0.013103
-0.0052128
0.0041415
0.014076
0.019136
0.01267
0.0026116
0.0052674
0.037335
0.040661
0.019445
-0.0086072
-0.019032
-0.00060382
0.012373
0.00019184
-0.019455
-0.030888
-0.030061
-0.017981
-0.014269
-0.015518
-0.0086085
0.011326
0.012843
0.0029561
0.0018166
-0.00020496
-0.004035
-0.0040798
-0.0016409
-0.0062665
0.0089735
0.043037
0.047719
-0.0022347
-0.04465
-0.0099683
0.031738
0.02257
-0.02123
-0.034544
0.0054275
0.038464
0.025031
0.01688
0.016338
-0.011889
-0.047632
-0.030927
0.0062206
-0.018262
-0.044388
-0.035182
-0.010008
-0.0041212
-0.0062345
0.011886
0.054602
0.056587
0.0049429
0.0050694
0.038351
0.026801
-0.027917
-0.051086
-0.026946
-0.023732
-0.026925
0.010501
0.024527
0.015619
0.0088499
-0.0052081
-0.020197
-0.0086026
0.026188
0.046798
0.026382
-0.009716
-0.014555
-0.012601
-0.0092414
-0.012051
-0.014544
-0.0030586
-0.00082174
0.0028759
-0.024084
-0.066506
-0.02789
0.018718
0.0075515
-0.0073294
0.017077
0.04796
0.028929
-0.019668
-0.022342
-0.0060677
-0.0079973
-0.017694
-0.023053
0.0039001
0.025639
0.028484
0.014618
-0.010275
0.00073366
0.027612
0.031677
0.0043857
-0.020834
-0.030031
-0.0093736
0.01003
-0.0021101
-0.031307
-0.036596
-0.011648
-0.0085919
-0.014702
-0.018581
-0.0139
-0.0060751
-0.0057809
-0.012251
0.019205
0.062245
0.047234
0.016954
0.023169
0.022937
-0.023402
-0.049229
-0.028674
-0.013993
-0.017451
-0.017363
-0.015116
-0.029802
-0.0434
-0.048109
-0.019503
0.035429
0.030858
0.00078964
-0.0065193
-0.0044228
0.01251
0.022646
0.021915
0.021331
0.018818
0.019761
0.031385
0.053512
0.075826
0.084217
0.080169
0.069904
0.030506
-0.0050902
-0.021469
-0.011957
0.016743
0.022971
0.026964
0.03415
0.035475
0.018702
0.0033619
-0.010641
-0.026312
-0.037232
-0.044098
-0.048351
-0.043892
-0.033732
-0.031039
-0.044817
-0.060105
-0.06333
-0.051588
-0.018684
-0.00029501
-0.0019123
-0.014238
-0.019262
-0.01565
-0.0084286
-0.00054183
0.0039984
0.013293
0.020047
0.021118
0.021121
0.01447
0.0029007
-0.0033234
-0.002995
-0.0024821
0.028844
0.059251
0.05936
0.046259
0.018579
-0.0045778
-0.012816
0.00207
0.017031
0.028161
0.022997
0.0068098
-0.00054768
0.002151
0.011904
0.013464
-0.0011808
-0.010765
0.0082148
0.030356
0.013352
-0.017652
-0.030379
-0.053289
-0.063561
-0.053376
-0.045175
-0.044296
-0.056792
-0.068149
-0.069686
-0.058205
-0.039739
-0.036665
-0.04126
-0.029898
-0.0088648
0.014616
0.040052
0.056775
0.06396
0.064936
0.031156
-0.013431
-0.023256
-0.016545
0.008592
0.02399
0.026347
0.031708
0.042081
0.047371
0.033645
0.028483
0.02526
0.018327
0.0065158
-0.0034413
-0.0034515
0.00017785
-0.0013458
-0.0052228
0.0029924
0.012477
0.010295
-0.0096409
-0.020961
-0.01675
-0.0061638
0.0023818
0.005707
0.018263
0.030777
0.031864
0.025326
0.017529
0.0093657
0.0050113
0.00060278
-0.01041
-0.015399
-0.0095813
-0.0027128
-0.0023794
-0.0088565
-0.017165
-0.020374
-0.010181
0.0045157
0.011017
0.0031691
-0.013238
-0.01622
-0.0074868
0.0025874
0.010059
0.0031041
-0.0079988
-0.02176
-0.035458
-0.042416
-0.043262
-0.035024
-0.024608
-0.016112
-0.0042119
0.00034107
0.0031854
0.0061594
0.0026655
-0.011096
0.0031815
0.036757
0.047898
0.024057
-0.013179
-0.021658
-0.021832
-0.022662
-0.027264
-0.03283
-0.015844
0.010431
0.020101
0.0057363
-0.019426
-0.026192
-0.0094833
0.0089915
0.0092622
0.010059
0.0062735
-0.0012231
-0.0060269
-0.0035388
-0.0032528
-0.0088104
0.0024893
0.020343
0.025067
0.018601
0.014856
0.02351
0.034702
0.032746
0.0098274
0.0011045
0.0082305
0.011565
0.0070032
-0.0061484
-0.010794
-0.010298
-0.013895
-0.012972
-0.012619
-0.018499
-0.02235
-0.016053
0.0022401
0.014326
0.016154
0.013886
0.0063031
0.0029169
0.012187
0.019927
0.017159
0.013102
0.019979
0.032872
0.0354
0.0097462
-0.0079629
-0.0040715
-0.0041191
-0.011178
-0.013827
-0.0022367
0.012162
0.012305
0.0036802
0.0047789
0.010038
0.0064544
-0.0013728
-0.0024732
0.0026566
0.0018858
-0.011816
-0.012868
-0.0029229
-0.0022504
-0.0064719
-0.0072805
-0.003746
-2.284e-06
0.0005886
-0.00096867
0.0013643
-0.0016331
-0.0075539
-0.012122
-0.009161
-0.00040809
0.0045841
0.0065796
0.004751
0.0016271
-0.0006309
0.0023876
0.0065954
0.01149
0.0094511
0.0072258
0.0072007
0.0021755
-0.0073978
-0.014483
-0.010846
-0.0020726
0.0015244
-0.0026134
-0.013573
-0.018583
-0.012018
-0.0044806
-0.0028502
-0.0072766
-0.0019009
0.0074785
0.011865
0.0098866
0.0061886
0.0062145
0.0017454
-0.0070649
-0.012474
-0.0083993
-0.0030765
-0.0077863
-0.015475
-0.013463
-0.0086621
-0.013117
-0.015484
-0.0089596
-0.00063589
0.0042821
0.010067
0.0093895
-0.0041871
-0.0070815
0.0077049
0.012927
0.0027563
-8.8049e-05
0.013726
0.026576
0.02501
0.012402
7.4426e-05
-0.0094202
-0.013193
-0.010747
-0.012798
-0.016304
-0.014358
-0.0050958
0.0044358
0.0073844
0.0066273
0.012145
0.014565
0.0072488
-0.0027934
-0.0085966
-0.0060551
0.0051708
0.011474
0.0048869
-0.00074683
0.0025332
0.0063203
0.0062314
0.0092147
0.0085996
0.0031924
0.0043009
0.0084073
0.007123
0.00067449
-0.0043757
-0.00040604
0.0013667
-0.0036385
-0.011986
-0.016409
-0.015587
-0.013526
-0.015143
-0.017647
-0.014919
-0.0060069
0.0020634
0.0039891
0.0041768
0.0077457
0.018383
0.026816
0.026534
0.022311
0.016952
0.0088684
0.0012673
-0.0015672
0.0017131
0.0042561
0.00096261
0.0025284
0.0083119
0.0092341
0.011352
0.013128
0.0078382
-0.003457
-0.013195
-0.020361
-0.027122
-0.028004
-0.028163
-0.027308
-0.015555
-0.0032142
-0.00049862
-0.0064664
-0.014699
-0.018617
-0.018742
-0.0185
-0.017276
-0.013798
-0.0099674
-0.008738
-0.012029
-0.015091
-0.014547
-0.011359
-0.0026064
0.009798
0.0198
0.02078
0.016463
0.012845
0.015731
0.022865
0.021987
0.017227
0.012672
0.013746
0.018915
0.023923
0.023237
0.018526
0.012813
0.0086226
0.0027131
-0.0031841
-0.0097066
-0.015144
-0.0070478
0.0035128
0.0085746
0.0043299
-0.0042999
-0.010764
-0.013652
-0.018358
-0.02471
-0.031441
-0.026049
-0.011415
-0.0035853
-0.0012276
0.0042504
0.010031
0.0091506
0.0069887
0.0052818
0.0034923
0.0014314
0.0060821
0.01223
0.010288
0.0042142
-0.0020357
-0.0061856
-0.0079976
-0.012602
-0.013444
-0.0078226
-0.0078668
-0.013945
-0.018046
-0.012078
-0.006097
-0.003675
0.0022824
0.0061743
0.0086403
0.0062175
0.0033773
0.0040491
0.00052365
-0.0065719
-0.0083238
-0.0026102
-0.00046962
-0.0027252
-5.3355e-05
0.0087631
0.014701
0.012773
0.008454
0.0053263
0.0051626
0.0088342
0.010842
0.0046199
-0.0011619
-0.0030606
-0.00023262
0.0018437
0.00037141
0.0027792
0.0091986
0.015722
0.016707
0.012652
0.0068348
0.0061254
0.0091034
0.012514
0.014732
0.015132
0.0098027
0.0021145
-0.0054839
-0.012482
-0.015154
-0.010934
-0.0014253
0.0010284
-0.0022952
-0.00021586
0.0041615
0.0044447
0.0022206
-2.0769e-05
-0.0020439
-0.0029909
-0.0018449
0.00031086
0.00039202
-0.0033529
-0.0061023
-0.0045493
-0.0015582
-0.001066
-0.0072058
-0.015214
-0.019266
-0.019522
-0.014026
-0.0082
-0.011743
-0.014768
-0.0060414
0.0031065
0.0045177
-0.00014833
-0.002039
0.0016273
0.0053906
0.0093415
0.0094277
0.0040477
-0.00023895
0.0034773
0.0077352
0.0037934
-0.0013357
-0.0054174
-0.0041788
-0.00071545
-0.0035313
-0.0099161
-0.010372
-0.0053285
-0.0044806
0.0007891
0.0044452
0.0024004
0.0018662
0.0082558
0.017676
0.016083
0.0093199
0.0056186
0.0052996
0.0028805
-0.00053215
-0.00021264
-0.0011773
-0.0058211
-0.0072153
-0.0040531
-0.00087754
-0.0022849
-0.0023265
0.0039232
0.0062134
0.0045877
0.0045053
0.0070728
0.0060378
0.00010871
0.0012043
0.0034556
-0.00029983
-0.0031088
0.0002134
0.0063499
0.0059176
0.0024171
0.0010177
0.00070162
0.0016534
0.00022958
-0.0021622
-0.0047887
-0.0039421
0.0019995
0.0051697
0.0021833
-0.0052025
-0.0089561
-0.0069131
-0.0067947
-0.010494
-0.012976
-0.011677
-0.0068102
-0.007358
-0.0095358
-0.0056252
-0.002862
-0.0041228
-0.0060854
-0.001825
0.0023998
0.0019132
-6.5723e-05
0.0017293
0.0033286
0.0033396
0.0067188
0.0086944
0.0081067
0.0077669
0.0098904
0.013238
0.014578
0.013942
0.011774
0.0073458
0.0022241
-0.0030883
-0.0053805
-0.0022697
-0.00076549
-0.0036268
-0.0049888
-0.0026839
0.0017069
0.003507
-0.0020074
-0.0080992
-0.0092888
-0.0075817
-0.0050504
-0.0019469
0.0014739
0.00022612
0.00053176
0.0051061
0.0090042
0.0073709
0.0022838
-0.0036
-0.0058882
-0.0032142
-0.0042611
-0.0068493
-0.005437
0.00036225
0.0017776
-0.0005433
0.00024165
0.0083339
0.013107
0.010485
0.0055409
0.0031097
0.0015905
0.00084032
0.00067052
-0.0022349
-0.0058381
-0.003919
0.00073072
0.0009159
-0.0030443
-0.0063863
-0.0037746
-0.0045034
-0.0082106
-0.010512
-0.0069317
-0.0039079
-0.0037065
-0.0015916
0.0030989
0.0027719
0.0022787
0.0031829
0.001788
0.00015135
-0.0012823
0.001315
0.0023946
-0.0016411
-0.0059002
-0.0042535
0.00031652
0.0018582
0.0016648
0.0053903
0.0037322
-0.0030238
-0.0076665
-0.0089483
-0.0092671
-0.0062649
-0.002212
-0.0038477
-0.0026172
0.0028963
0.0048021
0.002381
-0.0025095
-0.0029753
0.0006104
0.0043797
0.0049177
0.0042398
0.0040086
0.002987
0.00032524
-0.0057984
-0.010499
-0.013436
-0.010334
-0.0087499
-0.0059986
-0.0020131
0.00065772
0.0020157
0.0011288
0.0017493
0.0031216
0.0040472
-0.00057403
-0.00094699
0.0017778
0.0039601
0.0024897
-0.001847
-0.0039049
-0.0020349
0.0021741
0.0031149
0.0031439
0.0028526
0.0044963
0.0075648
0.011648
0.012519
0.010158
0.0096363
0.009034
0.0065182
0.0022265
-0.0017195
-0.0037774
-0.0042461
-0.0049209
-0.0048561
-0.004262
-0.0022807
-0.0018018
-0.0011159
-0.00015245
-0.0014045
-0.002883
-0.0023357
-0.00087965
0.002546
0.0053996
0.0049391
0.0038319
0.0038193
0.004594
0.0025057
-0.00031301
-0.004423
-0.0081607
-0.011776
-0.010426
-0.0056335
-0.0016059
0.0053929
0.0103
0.0087981
0.0043649
0.0056874
0.0087196
0.0091966
0.0047542
0.0025742
0.0028798
0.0031804
0.0042879
0.0032768
0.0015589
0.00018466
0.00085046
0.0013408
0.0014763
0.003
0.0035445
-0.00058875
-0.0035837
-0.0043846
-0.0039982
-0.0035281
-0.0045585
-0.0045566
-0.0051106
-0.0038786
-0.0019131
-0.0017643
-0.0005241
0.00070186
0.0013546
0.0025561
0.0027989
0.0048419
0.0072175
0.0068329
0.0049357
0.0035669
0.0032211
0.0038944
0.0026878
-0.003426
-0.006133
-0.0056393
-0.0030311
-0.004006
-0.0080584
-0.0098606
-0.0091037
-0.0078235
-0.0075102
-0.0070316
-0.0050578
0.0011379
0.0049958
0.0055448
0.00396
0.0049404
0.0042828
0.0019229
-0.0017203
-0.0023371
-0.00022238
0.0011325
0.001343
-0.00029681
-0.0017306
-0.0018516
-0.00058134
0.0013295
0.0018614
0.00056947
-0.0006694
-0.00069956
-0.0018415
-0.0037015
-0.0048108
-0.0053153
-0.0034216
-0.0042147
-0.0030106
-0.0017687
-0.0053177
-0.006682
-0.003906
0.0014434
0.0039513
0.002226
0.0029152
0.0020988
0.00063571
0.0013585
-0.0007318
-0.0033118
-3.7944e-05
0.0048251
0.0073127
0.0058191
0.004048
0.00073379
-0.00018042
0.0022163
0.004204
0.0059837
0.0059825
0.008012
0.010098
0.010515
0.0085347
0.0057326
0.0048063
0.0045389
0.0061687
0.0055739
0.0021588
-0.00065752
-0.0011085
0.00028778
-0.0015218
-0.0042055
-0.0042046
-0.0022402
-0.0038141
-0.0070007
-0.0062817
-0.0031523
-0.0035053
-0.0047232
-0.0018989
0.0013743
0.0010428
-0.00045663
-0.0014103
-0.0027476
-0.0047356
-0.0045428
-0.0035697
-0.0043714
-0.0064348
-0.0063899
-0.0059074
-0.0082687
-0.0097793
-0.010571
-0.0082371
-0.0042692
-0.0034776
-0.004214
-0.0015559
0.001647
0.0010504
-0.0022554
-0.0021615
0.00043037
0.0011414
-0.00039567
-0.0018563
-0.0017124
-0.0039165
-0.003788
-0.0037043
-0.0043887
-0.0022997
0.0016355
0.0031278
0.0029412
-0.00041351
-0.0020261
0.0018295
0.0047651
0.0065114
0.0061697
0.0026538
0.0019826
0.0027466
0.0033402
0.0054618
0.0064319
0.0070877
0.0085228
0.0070061
0.0033555
-0.00042269
-0.00043197
0.0011061
5.3391e-05
-0.0012472
0.00022758
0.0011598
0.0014401
0.0018674
0.0035339
0.0034869
-0.00024446
-0.00058434
0.0006068
0.0038145
0.0039296
0.002282
0.0020176
0.0017388
0.0025852
0.0011895
-0.0012139
-0.0028779
-0.0038075
-0.0030429
-0.0037246
-0.0040555
-0.0038499
-0.0026386
-0.00069598
0.0012793
0.0012054
0.0010019
-0.00063982
-0.0029946
-0.0043181
-0.0048482
-0.0044031
-0.0049464
-0.004534
-0.0032281
0.00084809
0.0018388
0.0012454
0.0016822
0.0041691
0.0061002
0.0041705
0.00053738
-0.0032743
-0.0025266
0.00010397
-0.0005111
-0.0021197
-0.0028378
-0.0024779
-0.0027962
-0.0049364
-0.0068685
-0.0065219
-0.0045342
-0.0020927
0.00096193
0.0027976
0.0029043
0.0026121
-9.3368e-05
-0.0017555
8.3033e-05
0.0022265
0.0025034
0.0035268
0.0057854
0.0038498
8.5263e-05
-0.0026637
-0.0032169
-0.0022767
-0.0016954
-0.00063088
-0.00039181
-0.00085247
-0.00094067
-0.0023273
-0.00089974
0.0010143
0.0022889
0.0031252
0.0032834
0.0016568
0.0015273
0.0019122
0.0017167
0.0037977
0.0030385
0.0020239
0.0042869
0.0046651
0.0039249
0.003638
0.0036416
0.0048512
0.005331
0.0045688
0.0040362
0.0025754
0.00053088
0.00094228
-0.00061872
-0.00071327
-2.4451e-05
0.0015007
0.0019412
0.0014655
0.00085328
-0.00021054
-0.00036441
0.00020211
0.00045587
-2.257e-05
-0.00019525
-0.0011127
-0.0022052
-0.0031685
-0.0028281
-0.0024412
-0.002477
-0.0026648
-0.0022194
-0.0016271
3.3916e-06
0.0012788
0.0012811
-0.00027199
-0.0013093
-0.0019258
-0.00092932
-0.00014843
-0.00025619
-0.00028019
-0.0014192
-0.00082434
-0.00019768
-0.0001839
-0.00037351
-8.2077e-07
0.00028348
0.00014183
-0.00085299
-0.0015535
-0.0011309
-0.00089795
-0.00074121
-0.0011785
-0.00042149
0.00017589
-0.00013195
-0.00034091
-0.00080541
-0.00094309
-0.00083878
-0.00030436
-0.00015652
-0.00023015
-0.00019802
-0.00019366
-7.3954e-05
-0.00049825
-0.00081925
-0.00073726
-0.00078149
-0.00031732
6.0432e-05
0.00019509
0.00037706
0.00038005
0.0003172
0.00029998
0.00021691
0.00010311
-9.0245e-05
-0.00016836
-0.00010586
-7.5752e-05
-0.00017386
-0.00031888
-0.0002842
-0.00032828
-0.0003121
-0.00025311
-0.00019996
-0.00014388
-9.7218e-05
-8.7952e-05
-8.2977e-05
-9.6278e-05
-6.9235e-05
-3.1704e-05
-3.1253e-05
-1.6202e-05
-1.1431e-05
1.0637e-05
-5.8243e-06
-4.8311e-06
1.6907e-05
3.9204e-05
6.3121e-05
7.0832e-05
8.64e-05
9.949e-05
0.00010893
0.00011515
0.0001178
0.00012095
0.00012636
0.00013006
0.00013175
0.00013321
0.00013239
0.000131
0.00012918
0.00012727
0.00012585
0.00012409
0.00012186
0.00011929
0.00011627
0.00011279
0.00010889
0.00010455
9.9844e-05
9.4757e-05
8.9295e-05
8.3463e-05
7.7254e-05
