-5.992358E-04
-5.988664E-04
-5.984360E-04
-5.979758E-04
-5.974628E-04
-5.969042E-04
-5.963143E-04
-5.956796E-04
-5.950117E-04
-5.943141E-04
-5.935583E-04
-5.927380E-04
-5.918004E-04
-5.907274E-04
-5.895140E-04
-5.882825E-04
-5.874427E-04
-5.869098E-04
-5.862198E-04
-5.851692E-04
-5.840274E-04
-5.833538E-04
-5.826189E-04
-5.806637E-04
-5.788034E-04
-5.783107E-04
-5.771307E-04
-5.733362E-04
-5.704789E-04
-5.707702E-04
-5.734387E-04
-5.760083E-04
-5.767688E-04
-5.734310E-04
-5.672735E-04
-5.608715E-04
-5.554525E-04
-5.500966E-04
-5.401340E-04
-5.260929E-04
-5.163677E-04
-5.139109E-04
-5.173310E-04
-5.237255E-04
-5.276055E-04
-5.184790E-04
-5.068468E-04
-5.099868E-04
-5.221963E-04
-5.320544E-04
-5.422462E-04
-5.566734E-04
-5.715090E-04
-5.688168E-04
-5.466776E-04
-5.256542E-04
-5.225230E-04
-5.387656E-04
-5.417498E-04
-5.114902E-04
-4.301273E-04
-3.447827E-04
-3.189071E-04
-3.295527E-04
-3.289787E-04
-2.835787E-04
-2.496148E-04
-3.421176E-04
-5.160966E-04
-6.629697E-04
-7.170557E-04
-6.965529E-04
-5.942119E-04
-4.586363E-04
-3.437273E-04
-3.020994E-04
-3.205893E-04
-3.444161E-04
-3.509240E-04
-3.594699E-04
-3.905455E-04
-4.248502E-04
-4.102277E-04
-4.032225E-04
-4.945808E-04
-6.470525E-04
-7.696020E-04
-6.825798E-04
-4.132592E-04
-2.265548E-04
-2.237240E-04
-3.754932E-04
-5.620835E-04
-7.027500E-04
-7.177986E-04
-6.065751E-04
-3.988734E-04
-2.427711E-04
-1.989341E-04
-1.402577E-04
-2.509755E-05
1.500720E-05
-1.213546E-04
-3.957452E-04
-5.720922E-04
-5.907275E-04
-5.870184E-04
-5.951188E-04
-4.779379E-04
-2.808212E-04
-1.508480E-04
-1.930955E-04
-3.351482E-04
-3.699077E-04
-3.193908E-04
-3.355452E-04
-3.627201E-04
-3.556553E-04
-5.497816E-04
-8.120997E-04
-7.990743E-04
-6.002833E-04
-4.502331E-04
-4.257182E-04
-5.097735E-04
-7.020167E-04
-8.835016E-04
-9.344989E-04
-6.115244E-04
-3.435743E-05
5.186648E-04
7.671312E-04
6.561786E-04
3.079467E-04
-2.901807E-05
-1.855907E-04
-3.028635E-04
-5.150219E-04
-6.202180E-04
-5.403622E-04
-3.471391E-04
-2.034245E-04
-1.953922E-04
-3.861538E-04
-7.065919E-04
-9.700760E-04
-1.103120E-03
-1.106763E-03
-9.180789E-04
-4.072150E-04
1.882531E-04
6.856311E-04
1.173303E-03
1.489515E-03
1.298650E-03
6.156666E-04
-4.393661E-04
-1.764876E-03
-2.666061E-03
-2.373709E-03
-1.377045E-03
-3.992501E-04
5.422861E-04
1.352870E-03
1.685875E-03
1.605969E-03
1.295557E-03
9.890441E-04
6.616207E-04
9.421472E-05
-3.233705E-04
-2.058005E-04
1.291973E-04
2.878674E-04
2.126215E-04
1.195934E-05
-2.771277E-04
-7.230630E-04
-1.317281E-03
-2.000977E-03
-2.692462E-03
-3.252724E-03
-3.055758E-03
-1.972686E-03
-2.578261E-04
1.466112E-03
2.923590E-03
3.746414E-03
3.736175E-03
2.737570E-03
1.156426E-03
-7.164470E-04
-2.304670E-03
-2.984916E-03
-2.002980E-03
-5.074212E-04
1.920608E-04
-3.704730E-04
-1.420910E-03
-1.724984E-03
-8.873937E-04
5.834024E-04
1.528670E-03
1.567402E-03
9.335444E-04
3.023240E-04
-2.500677E-05
-2.142053E-04
-5.526677E-04
-1.198921E-03
-2.245605E-03
-3.656104E-03
-3.953109E-03
-2.701106E-03
-9.576233E-04
3.130563E-04
1.068847E-03
1.560700E-03
1.849511E-03
1.936202E-03
1.765064E-03
1.245611E-03
3.735377E-04
-7.106243E-04
-1.255730E-03
-8.324760E-04
4.938009E-04
1.349339E-03
9.780979E-04
-5.610016E-05
-1.083084E-03
-2.286509E-03
-3.804059E-03
-5.397078E-03
-6.291354E-03
-5.657829E-03
-3.035265E-03
1.206709E-05
2.334395E-03
3.513191E-03
3.783995E-03
3.286367E-03
2.539278E-03
1.758112E-03
4.933834E-04
-1.021452E-03
-1.526440E-03
-7.750055E-04
8.363294E-04
2.049687E-03
2.292713E-03
1.000575E-03
-1.178415E-03
-3.300556E-03
-4.710103E-03
-5.413360E-03
-4.599504E-03
-2.329426E-03
4.682604E-04
2.988115E-03
5.044950E-03
5.520437E-03
4.280253E-03
1.835844E-03
-8.881507E-04
-3.288135E-03
-4.954009E-03
-5.580084E-03
-4.742809E-03
-3.553360E-03
-2.763730E-03
-1.772609E-03
-4.764504E-04
5.125509E-04
9.830720E-04
1.152529E-03
1.609288E-03
2.296211E-03
2.617858E-03
1.626203E-03
-8.480544E-04
-3.486437E-03
-4.892208E-03
-4.581254E-03
-3.251107E-03
-1.520172E-03
-3.713914E-04
3.712105E-04
1.542512E-03
2.863623E-03
3.624495E-03
3.580182E-03
3.080427E-03
2.485618E-03
1.697237E-03
-1.442928E-04
-2.645760E-03
-4.600347E-03
-4.657282E-03
-3.378980E-03
-2.715177E-03
-3.104554E-03
-3.778518E-03
-4.027867E-03
-3.674409E-03
-1.890961E-03
5.832690E-04
2.422393E-03
3.856532E-03
5.494931E-03
6.390053E-03
5.997425E-03
3.996501E-03
7.306447E-04
-3.162426E-03
-6.496427E-03
-8.313870E-03
-8.182751E-03
-6.647638E-03
-4.019798E-03
-5.735625E-04
2.997765E-03
5.912403E-03
6.930713E-03
4.796150E-03
1.438295E-03
-9.501133E-04
-1.570594E-03
-1.418189E-03
-1.290496E-03
-1.973231E-03
-3.234619E-03
-4.132026E-03
-4.241102E-03
-3.797315E-03
-3.982052E-03
-4.820010E-03
-4.925273E-03
-3.152830E-03
8.162692E-04
4.571843E-03
6.342078E-03
4.216685E-03
5.638525E-04
-1.193572E-03
-7.472849E-04
4.974350E-04
1.759368E-03
2.966841E-03
4.900829E-03
7.122161E-03
7.418668E-03
5.135549E-03
4.011559E-04
-6.236688E-03
-1.218950E-02
-1.429956E-02
-1.295449E-02
-9.787746E-03
-6.609072E-03
-4.102748E-03
-2.267610E-03
-1.652127E-03
-3.283241E-03
-5.086076E-03
-4.657760E-03
-6.581436E-04
4.783503E-03
9.688433E-03
1.258010E-02
1.325440E-02
1.111689E-02
6.548703E-03
1.060543E-03
-4.620850E-03
-1.022835E-02
-1.450739E-02
-1.610057E-02
-1.493444E-02
-1.222623E-02
-8.865026E-03
-4.793995E-03
-3.228977E-04
3.614903E-03
5.702044E-03
5.578185E-03
4.102020E-03
2.508918E-03
2.193558E-03
2.888992E-03
3.798071E-03
3.880220E-03
2.978580E-03
1.484908E-03
-5.994291E-04
-3.855124E-03
-7.887703E-03
-1.148944E-02
-1.315947E-02
-1.284663E-02
-1.105493E-02
-5.983413E-03
2.186026E-03
9.659473E-03
1.244833E-02
1.142860E-02
7.770954E-03
3.058955E-03
-1.802463E-03
-6.177764E-03
-8.470730E-03
-5.888936E-03
-2.025893E-05
5.217237E-03
8.383572E-03
8.067642E-03
5.912687E-03
3.751061E-03
2.088394E-03
3.551853E-04
-2.436291E-03
-5.556137E-03
-7.379015E-03
-6.775859E-03
-4.780857E-03
-4.069798E-03
-5.697646E-03
-8.954956E-03
-1.028861E-02
-8.561945E-03
-4.439617E-03
-7.429313E-04
3.350831E-04
-2.555569E-04
-7.554244E-04
8.060099E-04
3.731681E-03
6.382237E-03
8.467863E-03
1.037582E-02
9.494240E-03
4.971487E-03
-1.225469E-03
-6.311363E-03
-9.361150E-03
-1.043283E-02
-9.552940E-03
-6.241384E-03
-2.363895E-03
6.122207E-04
1.370751E-03
1.689437E-04
-1.866364E-03
-3.542896E-03
-4.184848E-03
-7.546860E-04
6.802415E-03
1.405659E-02
1.464394E-02
8.238403E-03
-2.374971E-03
-1.459141E-02
-2.471023E-02
-2.764314E-02
-2.155045E-02
-1.190391E-02
-3.550031E-03
2.731534E-03
7.121230E-03
8.718039E-03
8.241036E-03
5.616581E-03
2.927048E-03
1.693088E-03
1.811758E-03
2.038899E-03
1.593142E-03
2.765206E-04
-1.077993E-03
-7.640022E-05
2.362071E-03
3.551155E-03
8.539788E-04
-5.761205E-03
-1.226755E-02
-1.694536E-02
-1.807035E-02
-5.628120E-03
1.906512E-02
3.427148E-02
3.150584E-02
1.908620E-02
6.903292E-03
-1.757928E-03
-9.273294E-03
-1.805975E-02
-2.819109E-02
-3.744621E-02
-4.075433E-02
-3.246370E-02
-1.175439E-02
5.862614E-03
8.931895E-03
5.899816E-03
4.956186E-03
4.993451E-03
5.003217E-03
8.676833E-03
1.435313E-02
1.923319E-02
2.302527E-02
2.329113E-02
1.809956E-02
6.466406E-03
-1.250387E-02
-2.975558E-02
-3.714836E-02
-3.280684E-02
-2.364879E-02
-1.631386E-02
-1.093780E-02
-5.783429E-03
2.108636E-04
6.776048E-03
1.267343E-02
1.525113E-02
1.503070E-02
1.355612E-02
1.218397E-02
1.120651E-02
1.031847E-02
7.840214E-03
7.119036E-04
-7.940039E-03
-7.905350E-03
1.788361E-03
1.138435E-02
1.309523E-02
6.341581E-03
-2.713344E-03
-9.369951E-03
-9.574439E-03
-5.517938E-03
2.245751E-05
5.338413E-03
1.004089E-02
1.305907E-02
1.128973E-02
4.004433E-03
-6.463579E-03
-1.702296E-02
-2.276244E-02
-2.477049E-02
-2.392916E-02
-1.706914E-02
-4.297850E-03
7.507026E-03
1.389221E-02
1.046419E-02
1.460946E-03
-5.754290E-03
-8.318545E-03
-6.959115E-03
-2.691707E-03
6.953308E-03
1.768496E-02
1.960730E-02
9.734211E-03
-4.335202E-03
-1.304459E-02
-1.213911E-02
-9.311542E-03
-1.138943E-02
-1.879030E-02
-2.821052E-02
-3.740872E-02
-4.162068E-02
-3.491096E-02
-2.271684E-02
-1.436027E-02
-8.610333E-03
1.921866E-03
1.110571E-02
5.318581E-03
-2.082486E-02
-4.175450E-02
-3.906067E-02
-1.183816E-02
2.730458E-02
4.530142E-02
3.773771E-02
2.449970E-02
1.850604E-02
1.542212E-02
5.261519E-03
-1.039114E-02
-1.818858E-02
-1.446811E-02
-5.905062E-03
-1.284065E-03
-5.847983E-03
-1.724560E-02
-2.911432E-02
-3.912930E-02
-4.562112E-02
-4.797902E-02
-4.657331E-02
-3.584200E-02
-1.880625E-02
-7.740467E-03
-7.010073E-03
-9.114082E-03
-4.517505E-03
7.740188E-03
2.196144E-02
3.037593E-02
3.117207E-02
2.744017E-02
1.898197E-02
-3.133925E-03
-2.968230E-02
-4.162472E-02
-3.511080E-02
-2.467656E-02
-2.064497E-02
-2.103697E-02
-2.113695E-02
-1.949522E-02
-1.620505E-02
-7.573362E-03
3.106290E-03
6.345923E-03
-1.163572E-03
-1.126826E-02
-1.624355E-02
-1.795686E-02
-2.137917E-02
-2.446700E-02
-1.801368E-02
-6.523307E-03
9.924504E-04
4.229080E-03
7.012012E-03
9.816980E-03
1.045845E-02
6.734488E-03
4.257903E-04
-4.053721E-03
-6.555226E-03
-9.750078E-03
-1.762628E-02
-3.133323E-02
-5.039228E-02
-6.601106E-02
-6.616995E-02
-5.475801E-02
-4.104902E-02
-2.987616E-02
-1.816131E-02
-3.761966E-03
1.149928E-02
2.194896E-02
2.238239E-02
1.281940E-02
-2.106570E-03
-1.631408E-02
-2.136337E-02
-1.479925E-02
1.822625E-03
1.937227E-02
2.467988E-02
1.466586E-02
-4.215615E-03
-2.183220E-02
-3.415670E-02
-4.739150E-02
-6.262689E-02
-7.191463E-02
-7.144007E-02
-6.220496E-02
-5.178218E-02
-5.163868E-02
-6.113670E-02
-6.926116E-02
-6.572364E-02
-5.130086E-02
-3.285812E-02
-1.436763E-02
5.019487E-03
1.899697E-02
2.718856E-02
3.546092E-02
4.579707E-02
5.077188E-02
3.688891E-02
3.756452E-03
-2.611942E-02
-3.648369E-02
-3.461532E-02
-3.663249E-02
-4.644870E-02
-5.746133E-02
-6.377612E-02
-6.225548E-02
-5.599549E-02
-5.176927E-02
-5.023340E-02
-4.469022E-02
-3.185216E-02
-1.330907E-02
4.614613E-03
1.933839E-02
3.295914E-02
4.402734E-02
4.801739E-02
3.975764E-02
1.021277E-02
-2.450794E-02
-4.430232E-02
-4.164560E-02
-2.881548E-02
-2.205698E-02
-2.384991E-02
-2.798133E-02
-3.535514E-02
-4.875001E-02
-6.171598E-02
-6.187458E-02
-4.546841E-02
-2.107353E-02
8.699037E-04
1.411447E-02
2.063484E-02
2.309141E-02
2.070217E-02
1.167870E-02
-3.264252E-03
-1.565541E-02
-1.716636E-02
-9.559000E-03
-1.413610E-03
1.108297E-03
-6.897015E-04
-4.009841E-03
-7.931508E-03
-1.407433E-02
-2.265224E-02
-3.115187E-02
-3.791128E-02
-4.320291E-02
-4.775623E-02
-5.180132E-02
-5.567961E-02
-5.816501E-02
-5.371160E-02
-4.084053E-02
-2.623679E-02
-1.578390E-02
-1.344129E-02
-1.486028E-02
-1.215326E-02
-4.519661E-03
5.256050E-03
1.422345E-02
2.172743E-02
2.985601E-02
4.028147E-02
4.834249E-02
4.828655E-02
3.688568E-02
1.496519E-02
-9.285369E-03
-3.199116E-02
-4.801067E-02
-5.609204E-02
-6.077017E-02
-6.560123E-02
-6.932587E-02
-6.842697E-02
-5.873015E-02
-3.786058E-02
-1.372879E-02
2.574583E-03
7.214343E-03
3.352546E-03
-1.881573E-03
-6.363178E-03
-1.333183E-02
-2.505332E-02
-3.848642E-02
-4.859550E-02
-5.461575E-02
-5.816553E-02
-5.610302E-02
-4.410829E-02
-2.700524E-02
-1.610348E-02
-1.395676E-02
-1.236102E-02
-4.327652E-03
1.342443E-02
3.293388E-02
3.972279E-02
2.798614E-02
3.100219E-03
-2.476254E-02
-4.377340E-02
-5.202169E-02
-5.632102E-02
-6.088615E-02
-6.203929E-02
-5.754015E-02
-4.496322E-02
-2.431356E-02
3.729493E-05
2.450029E-02
4.301960E-02
5.566169E-02
6.406319E-02
6.793750E-02
6.713059E-02
5.979369E-02
4.619055E-02
2.951443E-02
1.559787E-02
7.096929E-03
2.012971E-03
-8.214513E-04
-2.367742E-04
4.500396E-03
8.646139E-03
6.776554E-03
-1.264323E-03
-1.605855E-02
-3.644274E-02
-5.722289E-02
-7.342950E-02
-8.279873E-02
-8.368949E-02
-7.829714E-02
-7.202314E-02
-6.336875E-02
-4.895179E-02
-2.841944E-02
-2.456147E-03
2.411278E-02
4.714957E-02
6.160066E-02
6.487260E-02
5.832605E-02
4.313190E-02
2.748561E-02
1.499429E-02
-2.014965E-03
-2.300765E-02
-4.644645E-02
-6.786247E-02
-8.213642E-02
-8.829044E-02
-8.696941E-02
-8.256240E-02
-7.599458E-02
-6.502336E-02
-4.719212E-02
-2.953076E-02
-2.130376E-02
-2.302858E-02
-2.803982E-02
-3.109788E-02
-3.244384E-02
-3.296292E-02
-3.234858E-02
-2.948868E-02
-2.639114E-02
-2.492416E-02
-2.678318E-02
-3.146997E-02
-3.689343E-02
-3.943218E-02
-3.852818E-02
-3.481947E-02
-3.017259E-02
-2.457141E-02
-2.038523E-02
-2.363636E-02
-3.276032E-02
-4.347225E-02
-5.278845E-02
-6.025663E-02
-6.723313E-02
-7.281615E-02
-7.239135E-02
-6.390201E-02
-5.260012E-02
-4.538684E-02
-4.565982E-02
-5.307861E-02
-6.323780E-02
-6.832665E-02
-6.423258E-02
-5.640179E-02
-5.485163E-02
-6.570954E-02
-8.757620E-02
-1.049823E-01
-1.071619E-01
-1.017017E-01
-1.014599E-01
-1.073039E-01
-1.114202E-01
-1.112135E-01
-1.096428E-01
-1.084384E-01
-1.076285E-01
-1.088319E-01
-1.125983E-01
-1.097172E-01
-9.384768E-02
-7.513400E-02
-6.779792E-02
-7.449470E-02
-8.715905E-02
-9.384301E-02
-8.938969E-02
-8.326010E-02
-8.510101E-02
-9.397825E-02
-1.021804E-01
-1.012988E-01
-9.672536E-02
-9.940139E-02
-1.086883E-01
-1.120408E-01
-1.031238E-01
-9.187130E-02
-8.675776E-02
-8.699954E-02
-8.829248E-02
-8.672820E-02
-8.237134E-02
-7.644911E-02
-7.202687E-02
-7.056453E-02
-7.090346E-02
-7.127443E-02
-7.059565E-02
-7.104271E-02
-7.546117E-02
-8.258572E-02
-8.863243E-02
-8.824830E-02
-8.284075E-02
-7.825882E-02
-7.804580E-02
-8.195881E-02
-8.322694E-02
-7.444428E-02
-5.245196E-02
-2.303968E-02
7.659471E-03
4.386391E-02
8.946865E-02
1.346928E-01
1.698024E-01
1.951660E-01
2.161053E-01
2.403124E-01
2.705378E-01
2.991765E-01
3.158741E-01
3.253613E-01
3.370491E-01
3.532823E-01
3.695633E-01
3.773808E-01
3.801595E-01
3.867831E-01
3.985111E-01
4.119045E-01
4.226363E-01
4.292296E-01
4.342242E-01
4.391089E-01
4.433189E-01
4.451614E-01
4.458924E-01
4.467890E-01
4.472272E-01
4.457860E-01
4.418273E-01
4.389040E-01
4.384814E-01
4.394652E-01
4.406643E-01
4.424672E-01
4.477292E-01
4.561986E-01
4.653637E-01
4.690871E-01
4.628033E-01
4.505441E-01
4.411142E-01
4.367961E-01
4.341800E-01
4.274285E-01
4.155131E-01
4.023983E-01
3.939446E-01
3.897611E-01
3.852690E-01
3.696234E-01
3.413261E-01
3.034223E-01
2.700966E-01
2.523706E-01
2.490815E-01
2.466155E-01
2.348589E-01
2.136005E-01
1.898810E-01
1.680931E-01
1.465203E-01
1.279958E-01
1.153239E-01
1.073108E-01
1.001261E-01
9.107007E-02
7.829115E-02
6.592340E-02
5.741537E-02
5.213943E-02
4.743727E-02
4.170515E-02
3.441848E-02
2.539771E-02
1.557538E-02
6.377555E-03
-1.048739E-03
-4.776979E-03
-5.887800E-03
-6.406985E-03
-7.270448E-03
-8.101030E-03
-8.377691E-03
-9.773954E-03
-1.352962E-02
-1.768233E-02
-2.157331E-02
-2.641192E-02
-3.179220E-02
-3.513244E-02
-3.437965E-02
-3.255559E-02
-3.280726E-02
-3.769933E-02
-4.436880E-02
-4.864548E-02
-4.887936E-02
-4.678150E-02
-4.296177E-02
-3.942678E-02
-3.778920E-02
-3.928355E-02
-4.364914E-02
-5.005389E-02
-5.674081E-02
-6.228049E-02
-6.380824E-02
-5.796407E-02
-4.779665E-02
-3.841892E-02
-3.435811E-02
-3.491326E-02
-3.609298E-02
-3.578424E-02
-3.361807E-02
-3.137550E-02
-3.022081E-02
-2.767711E-02
-2.033463E-02
-1.013738E-02
-3.412913E-05
5.523540E-03
3.198768E-03
-1.295420E-03
1.527417E-03
1.280850E-02
2.348831E-02
2.866797E-02
2.644603E-02
1.363435E-02
-1.668197E-03
-4.527241E-03
1.079437E-02
3.645788E-02
5.394312E-02
5.548786E-02
4.908264E-02
4.280073E-02
4.222819E-02
4.959350E-02
5.894114E-02
6.314207E-02
6.150460E-02
6.125688E-02
6.674171E-02
7.635331E-02
8.565253E-02
9.148858E-02
9.183752E-02
8.534745E-02
7.515324E-02
7.006917E-02
7.798365E-02
9.718217E-02
1.140553E-01
1.158784E-01
1.083330E-01
1.054046E-01
1.103184E-01
1.167756E-01
1.196293E-01
1.185435E-01
1.195619E-01
1.263176E-01
1.348693E-01
1.408318E-01
1.400275E-01
1.358934E-01
1.357620E-01
1.426183E-01
1.509429E-01
1.558611E-01
1.576626E-01
1.574516E-01
1.561862E-01
1.567052E-01
1.620969E-01
1.694868E-01
1.716461E-01
1.676208E-01
1.641276E-01
1.715421E-01
1.887205E-01
1.992152E-01
1.951755E-01
1.871323E-01
1.875190E-01
2.001001E-01
2.164044E-01
2.235784E-01
2.187757E-01
2.097816E-01
2.032117E-01
2.009638E-01
2.029401E-01
2.052704E-01
2.058468E-01
2.045293E-01
2.029571E-01
2.023883E-01
2.031970E-01
2.050432E-01
2.091959E-01
2.137068E-01
2.154544E-01
2.156697E-01
2.163450E-01
2.166617E-01
2.157851E-01
2.135650E-01
2.099215E-01
2.044886E-01
1.951493E-01
1.816711E-01
1.675582E-01
1.540615E-01
1.404196E-01
1.265081E-01
1.134851E-01
1.011694E-01
8.868604E-02
7.492350E-02
5.865936E-02
4.026537E-02
2.254427E-02
4.133805E-03
-1.651883E-02
-3.689482E-02
-5.754373E-02
-7.596916E-02
-9.245317E-02
-1.103461E-01
-1.261221E-01
-1.364332E-01
-1.455314E-01
-1.583164E-01
-1.756751E-01
-1.951642E-01
-2.117547E-01
-2.225087E-01
-2.326940E-01
-2.490737E-01
-2.715834E-01
-2.936358E-01
-3.107313E-01
-3.232124E-01
-3.344922E-01
-3.485277E-01
-3.650925E-01
-3.813193E-01
-3.944578E-01
-4.033999E-01
-4.112691E-01
-4.202668E-01
-4.270438E-01
-4.290883E-01
-4.279732E-01
-4.274413E-01
-4.279553E-01
-4.271365E-01
-4.247333E-01
-4.220720E-01
-4.187123E-01
-4.137944E-01
-4.083443E-01
-4.011263E-01
-3.893090E-01
-3.719370E-01
-3.535324E-01
-3.403203E-01
-3.264866E-01
-2.977300E-01
-2.742389E-01
-2.662521E-01
-2.619839E-01
-2.524176E-01
-2.403045E-01
-2.317446E-01
-2.264562E-01
-2.211802E-01
-2.142069E-01
-2.061077E-01
-1.977570E-01
-1.894135E-01
-1.858032E-01
-1.898392E-01
-1.945430E-01
-1.894448E-01
-1.718199E-01
-1.529197E-01
-1.429114E-01
-1.419019E-01
-1.441129E-01
-1.458852E-01
-1.440913E-01
-1.316825E-01
-1.094702E-01
-9.043168E-02
-8.784880E-02
-9.466498E-02
-9.592784E-02
-8.644218E-02
-7.660154E-02
-7.303135E-02
-7.252005E-02
-7.049781E-02
-6.632578E-02
-6.182039E-02
-5.816370E-02
-5.509255E-02
-5.192247E-02
-4.817188E-02
-4.348637E-02
-3.812693E-02
-3.130622E-02
-2.862909E-02
-2.987809E-02
-2.888134E-02
-2.305199E-02
-1.546710E-02
-1.179193E-02
-1.307766E-02
-1.552958E-02
-1.365608E-02
-8.349911E-03
-3.182502E-03
-7.842442E-04
-4.137794E-04
-8.333699E-04
-4.350436E-04
1.092818E-03
1.401235E-03
-1.380552E-03
-7.924251E-03
-1.515431E-02
-1.994087E-02
-2.135450E-02
-2.213414E-02
-2.562782E-02
-3.427406E-02
-4.470749E-02
-4.954452E-02
-4.902659E-02
-4.843419E-02
-4.974516E-02
-5.150274E-02
-5.134999E-02
-4.927694E-02
-4.541821E-02
-4.096280E-02
-3.707375E-02
-3.322556E-02
-2.875878E-02
-2.529498E-02
-2.359479E-02
-2.321808E-02
-2.213561E-02
-1.866195E-02
-1.375986E-02
-8.794312E-03
-5.709454E-03
-6.190390E-03
-8.058437E-03
-8.845031E-03
-7.895456E-03
-6.459603E-03
-6.073162E-03
-7.719638E-03
-1.109387E-02
-1.440707E-02
-1.645663E-02
-1.739957E-02
-1.948584E-02
-2.323814E-02
-2.680680E-02
-2.875992E-02
-3.208433E-02
-3.906720E-02
-4.789053E-02
-5.077525E-02
-4.831558E-02
-4.643161E-02
-4.691442E-02
-4.770206E-02
-4.630842E-02
-4.526387E-02
-4.883817E-02
-5.352277E-02
-5.698911E-02
-5.953313E-02
-6.214262E-02
-6.513245E-02
-6.807735E-02
-7.042899E-02
-7.176460E-02
-7.221898E-02
-7.209984E-02
-7.093831E-02
-6.850277E-02
-6.647192E-02
-6.601775E-02
-6.733427E-02
-6.894449E-02
-6.979823E-02
-7.025168E-02
-7.097987E-02
-7.214546E-02
-7.370750E-02
-7.535330E-02
-7.683208E-02
-7.820185E-02
-7.961675E-02
-8.111816E-02
-8.264711E-02
-8.415198E-02
-8.563194E-02
-8.713078E-02
-8.877702E-02
-9.101239E-02
-9.413773E-02
-9.654611E-02
-9.765180E-02
-9.863912E-02
-9.976997E-02
-1.005116E-01
-1.010526E-01
-1.017240E-01
-1.025881E-01
-1.039139E-01
-1.057836E-01
-1.074026E-01
-1.081426E-01
-1.079724E-01
-1.079403E-01
-1.085210E-01
-1.092520E-01
-1.095128E-01
-1.090759E-01
-1.080799E-01
-1.069041E-01
-1.059400E-01
-1.048480E-01
-1.031389E-01
-1.016260E-01
-1.005639E-01
-9.821983E-02
-9.508831E-02
-9.311124E-02
-9.273669E-02
-9.309087E-02
-9.233651E-02
-9.056448E-02
-8.908348E-02
-8.872749E-02
-8.946859E-02
-9.155684E-02
-9.394260E-02
-9.522397E-02
-9.487665E-02
-9.377713E-02
-9.330578E-02
-9.392285E-02
-9.528373E-02
-9.582140E-02
-9.506533E-02
-9.348601E-02
-9.178726E-02
-9.020933E-02
-8.890385E-02
-8.785758E-02
-8.678533E-02
-8.531303E-02
-8.303716E-02
-8.094536E-02
-8.007152E-02
-8.122413E-02
-8.373639E-02
-8.592322E-02
-8.700528E-02
-8.740545E-02
-8.793455E-02
-8.876084E-02
-8.952259E-02
-8.988314E-02
-8.984083E-02
-8.969466E-02
-8.956427E-02
-8.941113E-02
-8.981043E-02
-9.098741E-02
-9.309105E-02
-9.526903E-02
-9.657907E-02
-9.759043E-02
-9.908416E-02
-1.011088E-01
-1.027607E-01
-1.034632E-01
-1.035446E-01
-1.033915E-01
-1.026689E-01
-1.014885E-01
-1.004005E-01
-1.004745E-01
-1.009087E-01
-9.982332E-02
-9.797303E-02
-9.691134E-02
-9.662549E-02
-9.612611E-02
-9.456599E-02
-9.226115E-02
-8.991927E-02
-8.811109E-02
-8.672663E-02
-8.537777E-02
-8.374735E-02
-8.195039E-02
-8.147835E-02
-8.240033E-02
-8.260806E-02
-8.178078E-02
-8.119135E-02
-8.139970E-02
-8.209509E-02
-8.346845E-02
-8.506421E-02
-8.619940E-02
-8.728087E-02
-8.913957E-02
-9.242600E-02
-9.655615E-02
-1.005438E-01
-1.030331E-01
-1.033080E-01
-1.011936E-01
-9.838325E-02
-9.611922E-02
-9.463948E-02
-9.321716E-02
-9.126338E-02
-8.793045E-02
-8.306911E-02
-7.803226E-02
-7.347342E-02
-6.894336E-02
-6.315478E-02
-5.520945E-02
-4.701674E-02
-4.004484E-02
-3.348551E-02
-2.631237E-02
-1.904751E-02
-1.407686E-02
-1.191549E-02
-1.123282E-02
-1.027101E-02
-8.826015E-03
-8.868529E-03
-1.056549E-02
-1.266839E-02
-1.528316E-02
-1.912500E-02
-2.658981E-02
-3.915902E-02
-5.488432E-02
-6.751844E-02
-7.319371E-02
-7.316354E-02
-7.022977E-02
-6.661102E-02
-6.185508E-02
-5.558988E-02
-4.865363E-02
-4.405282E-02
-4.230277E-02
-4.256263E-02
-4.391268E-02
-4.544117E-02
-4.650443E-02
-4.684363E-02
-4.563605E-02
-4.240039E-02
-3.692660E-02
-2.923756E-02
-1.903417E-02
-4.818546E-03
1.312537E-02
3.128168E-02
4.823747E-02
6.470717E-02
7.592942E-02
8.025941E-02
8.013596E-02
7.813546E-02
7.417073E-02
6.864679E-02
6.308707E-02
5.928210E-02
5.720505E-02
5.620222E-02
5.603137E-02
5.656244E-02
5.768643E-02
5.936962E-02
6.164243E-02
6.473567E-02
6.880356E-02
7.358466E-02
7.904766E-02
8.604709E-02
9.369569E-02
1.006264E-01
1.057247E-01
1.090208E-01
1.119684E-01
1.147017E-01
1.149201E-01
1.127609E-01
1.099790E-01
1.070450E-01
1.036269E-01
9.984275E-02
9.697234E-02
9.600950E-02
9.744531E-02
1.007304E-01
1.064647E-01
1.151008E-01
1.260802E-01
1.373086E-01
1.478577E-01
1.571291E-01
1.653189E-01
1.713032E-01
1.749836E-01
1.772002E-01
1.795584E-01
1.835464E-01
1.885951E-01
1.935256E-01
1.975275E-01
2.008519E-01
2.036299E-01
2.061739E-01
2.085835E-01
2.097846E-01
2.092542E-01
2.088236E-01
2.092419E-01
2.093696E-01
2.089640E-01
2.083898E-01
2.064901E-01
2.042358E-01
2.036678E-01
2.041793E-01
2.044760E-01
2.045629E-01
2.045748E-01
2.042987E-01
2.041958E-01
2.041328E-01
2.016986E-01
1.939256E-01
1.766819E-01
1.532877E-01
1.303570E-01
1.133917E-01
1.014078E-01
9.245885E-02
8.395449E-02
7.750877E-02
7.416991E-02
7.260657E-02
7.103378E-02
6.905158E-02
6.618222E-02
6.299215E-02
6.030221E-02
5.783812E-02
5.495460E-02
5.135687E-02
4.712191E-02
4.251506E-02
3.813448E-02
3.420526E-02
3.049054E-02
2.588146E-02
2.071224E-02
1.658117E-02
1.383236E-02
1.187976E-02
1.052526E-02
9.841434E-03
1.025260E-02
1.220181E-02
1.620997E-02
2.333838E-02
3.333426E-02
4.594771E-02
5.802417E-02
6.780141E-02
7.472700E-02
7.656983E-02
7.491782E-02
6.960926E-02
6.069718E-02
4.951719E-02
3.796081E-02
2.803664E-02
2.002507E-02
1.326979E-02
7.916843E-03
4.390196E-03
2.004957E-03
1.673791E-05
-1.594144E-03
-2.394575E-03
-2.204266E-03
-1.075367E-03
1.696025E-04
9.377337E-04
1.716725E-03
2.844777E-03
3.629908E-03
3.490693E-03
2.346892E-03
7.429496E-04
-9.955429E-04
-3.071742E-03
-6.065360E-03
-1.010475E-02
-1.435689E-02
-1.808248E-02
-2.109655E-02
-2.344567E-02
-2.535741E-02
-2.702140E-02
-2.768910E-02
-2.672432E-02
-2.385011E-02
-1.975043E-02
-1.578416E-02
-1.225399E-02
-8.649685E-03
-4.844268E-03
-1.149907E-03
1.915235E-03
4.336950E-03
6.267488E-03
7.559529E-03
7.907468E-03
7.963699E-03
8.287446E-03
9.016528E-03
1.015457E-02
1.178072E-02
1.318265E-02
1.399621E-02
1.508768E-02
1.674966E-02
1.822644E-02
1.966022E-02
2.156051E-02
2.344524E-02
2.496237E-02
2.660388E-02
2.869516E-02
3.057552E-02
3.205660E-02
3.356015E-02
3.517142E-02
3.676019E-02
3.880824E-02
4.156083E-02
4.530993E-02
4.943275E-02
5.313003E-02
5.654203E-02
6.001553E-02
6.279319E-02
6.458909E-02
6.580142E-02
6.662067E-02
6.679831E-02
6.588947E-02
6.365065E-02
6.024620E-02
5.687329E-02
5.457094E-02
5.259862E-02
5.010411E-02
4.722194E-02
4.558012E-02
4.620353E-02
4.874401E-02
5.163475E-02
5.387929E-02
5.613484E-02
5.936858E-02
6.330213E-02
6.712062E-02
7.001869E-02
7.194510E-02
7.272062E-02
7.262156E-02
7.176700E-02
7.068518E-02
6.927216E-02
6.656049E-02
6.278130E-02
5.879540E-02
5.517457E-02
5.217634E-02
4.996486E-02
4.818553E-02
4.633594E-02
4.404652E-02
4.193613E-02
4.068164E-02
4.083918E-02
4.184884E-02
4.233197E-02
4.218649E-02
4.215699E-02
4.283658E-02
4.414812E-02
4.625460E-02
4.867114E-02
5.078266E-02
5.317029E-02
5.625468E-02
5.844240E-02
5.973429E-02
6.166232E-02
6.437316E-02
6.703888E-02
6.931618E-02
7.133406E-02
7.273488E-02
7.386672E-02
7.540067E-02
7.530050E-02
7.150286E-02
6.220478E-02
4.762793E-02
3.036511E-02
1.541244E-02
5.655693E-03
-1.379521E-03
-7.786271E-03
-1.269906E-02
-1.579771E-02
-1.674528E-02
-1.631724E-02
-1.559141E-02
-1.537206E-02
-1.555260E-02
-1.578295E-02
-1.619469E-02
-1.711192E-02
-1.845593E-02
-1.995466E-02
-2.145858E-02
-2.242149E-02
-2.239090E-02
-2.092152E-02
-1.854262E-02
-1.590786E-02
-1.266484E-02
-8.215601E-03
-2.506173E-03
3.872346E-03
1.006867E-02
1.553584E-02
1.816964E-02
1.698102E-02
1.414440E-02
1.149216E-02
9.144456E-03
6.698420E-03
3.986807E-03
5.951507E-04
-2.810605E-03
-4.419681E-03
-4.329300E-03
-3.784122E-03
-3.820954E-03
-4.242224E-03
-4.403509E-03
-4.537490E-03
-5.188360E-03
-6.533416E-03
-8.307647E-03
-1.010426E-02
-1.159422E-02
-1.265400E-02
-1.296190E-02
-1.294881E-02
-1.332518E-02
-1.446811E-02
-1.627529E-02
-1.841092E-02
-2.053183E-02
-2.254428E-02
-2.482328E-02
-2.745770E-02
-2.935132E-02
-3.064855E-02
-3.240765E-02
-3.505261E-02
-3.813059E-02
-4.144450E-02
-4.551824E-02
-5.018624E-02
-5.542278E-02
-6.165941E-02
-6.861796E-02
-7.538983E-02
-8.091284E-02
-8.608570E-02
-9.208157E-02
-9.775172E-02
-1.013041E-01
-1.013995E-01
-9.766554E-02
-8.857295E-02
-7.110822E-02
-4.622008E-02
-1.971334E-02
2.944910E-03
1.438642E-02
1.569044E-02
1.174263E-02
4.310026E-03
-5.588684E-03
-1.690549E-02
-2.732020E-02
-3.523396E-02
-4.005907E-02
-4.277488E-02
-4.383252E-02
-4.357438E-02
-4.259482E-02
-4.114088E-02
-3.977314E-02
-3.888083E-02
-3.812191E-02
-3.738947E-02
-3.718936E-02
-3.814078E-02
-4.040587E-02
-4.436218E-02
-5.042316E-02
-5.922520E-02
-7.017427E-02
-8.206807E-02
-9.432207E-02
-1.044572E-01
-1.118849E-01
-1.176272E-01
-1.224353E-01
-1.250182E-01
-1.243448E-01
-1.207961E-01
-1.153058E-01
-1.080665E-01
-9.866861E-02
-8.802089E-02
-7.727559E-02
-6.778979E-02
-5.977743E-02
-5.188186E-02
-4.391980E-02
-3.847591E-02
-3.544182E-02
-3.307013E-02
-3.052097E-02
-2.825657E-02
-2.641548E-02
-2.481029E-02
-2.354401E-02
-2.188128E-02
-1.889560E-02
-1.581115E-02
-1.380315E-02
-1.266075E-02
-1.147441E-02
-9.830371E-03
-8.560495E-03
-8.311414E-03
-8.488712E-03
-8.892015E-03
-1.040195E-02
-1.321065E-02
-1.672452E-02
-1.990145E-02
-2.272229E-02
-2.584737E-02
-2.891427E-02
-3.100797E-02
-3.083270E-02
-2.888192E-02
-2.560696E-02
-2.023944E-02
-1.222426E-02
-2.470646E-03
7.396794E-03
1.648430E-02
2.431126E-02
3.032982E-02
3.512488E-02
3.921561E-02
4.316848E-02
4.687997E-02
4.986019E-02
5.155565E-02
5.132214E-02
4.857140E-02
4.330038E-02
3.538787E-02
2.496399E-02
1.269793E-02
1.241799E-03
-7.626760E-03
-1.290243E-02
-1.614113E-02
-1.816417E-02
-1.798377E-02
-1.544852E-02
-1.193966E-02
-7.859724E-03
-2.486781E-03
2.885272E-03
7.276444E-03
1.088431E-02
1.435800E-02
1.774530E-02
2.059905E-02
2.278394E-02
2.417069E-02
2.288121E-02
1.988181E-02
1.706202E-02
1.449565E-02
1.173488E-02
9.337287E-03
8.508693E-03
9.637870E-03
1.206131E-02
1.528397E-02
1.930728E-02
2.401536E-02
2.928539E-02
3.414131E-02
3.827826E-02
4.203519E-02
4.553777E-02
4.848424E-02
5.086007E-02
5.314114E-02
5.495768E-02
5.541990E-02
5.453897E-02
5.311329E-02
5.192542E-02
5.061122E-02
4.834242E-02
4.508121E-02
4.134570E-02
3.748753E-02
3.359585E-02
2.942838E-02
2.354033E-02
1.572399E-02
7.309688E-03
-1.808816E-03
-1.204485E-02
-2.299383E-02
-3.318387E-02
-4.073216E-02
-4.505338E-02
-4.680924E-02
-4.764182E-02
-4.804647E-02
-4.785023E-02
-4.655414E-02
-4.406109E-02
-4.115637E-02
-3.813569E-02
-3.501999E-02
-3.161369E-02
-2.738368E-02
-2.265053E-02
-1.750600E-02
-1.182525E-02
-4.624789E-03
3.983554E-03
1.252734E-02
2.038080E-02
2.658248E-02
3.070582E-02
3.353580E-02
3.548638E-02
3.616414E-02
3.528760E-02
3.248454E-02
2.798145E-02
2.229200E-02
1.567431E-02
9.372605E-03
4.379580E-03
1.044393E-03
-1.271720E-03
-2.520511E-03
-2.522082E-03
-1.502560E-03
-6.155663E-04
-2.240430E-04
1.594155E-04
7.829070E-04
1.423364E-03
1.583625E-03
1.328972E-03
1.276826E-03
1.042995E-03
-1.750611E-04
-1.570295E-03
-2.331843E-03
-2.568930E-03
-2.958287E-03
-3.867219E-03
-5.079539E-03
-6.429594E-03
-8.170439E-03
-1.027108E-02
-1.262765E-02
-1.538328E-02
-1.863338E-02
-2.233895E-02
-2.606155E-02
-2.952349E-02
-3.294357E-02
-3.630045E-02
-3.898865E-02
-4.022446E-02
-3.989667E-02
-3.857285E-02
-3.648774E-02
-3.337667E-02
-2.872408E-02
-2.166985E-02
-1.151321E-02
5.534941E-04
1.206337E-02
2.261085E-02
3.186935E-02
3.879262E-02
4.341533E-02
4.613825E-02
4.787047E-02
4.899174E-02
4.895044E-02
4.749631E-02
4.468646E-02
4.015136E-02
3.361895E-02
2.484465E-02
1.518574E-02
6.065436E-03
-1.325986E-03
-6.496452E-03
-9.214254E-03
-1.069724E-02
-1.159565E-02
-1.204094E-02
-1.256847E-02
-1.431188E-02
-1.734862E-02
-2.100867E-02
-2.432576E-02
-2.705582E-02
-2.919393E-02
-2.996867E-02
-2.864697E-02
-2.471924E-02
-1.956660E-02
-1.347136E-02
-6.938300E-03
-2.236016E-03
6.115232E-05
3.091648E-04
-1.319974E-03
-5.141899E-03
-1.043680E-02
-1.581414E-02
-2.031919E-02
-2.355075E-02
-2.533628E-02
-2.530414E-02
-2.375392E-02
-2.097381E-02
-1.782096E-02
-1.484592E-02
-1.210612E-02
-9.272325E-03
-6.276682E-03
-3.975883E-03
-2.364693E-03
3.715670E-04
4.683657E-03
9.763326E-03
1.494716E-02
2.000712E-02
2.320678E-02
2.489147E-02
2.639024E-02
2.743616E-02
2.721181E-02
2.595584E-02
2.495831E-02
2.605925E-02
2.823110E-02
2.978756E-02
3.089819E-02
3.233327E-02
3.400685E-02
3.545070E-02
3.640524E-02
3.688170E-02
3.694998E-02
3.676992E-02
3.690439E-02
3.784611E-02
3.891832E-02
3.957111E-02
4.022206E-02
4.112071E-02
4.196566E-02
4.219395E-02
4.153577E-02
3.950008E-02
3.600629E-02
3.131994E-02
2.612461E-02
2.105547E-02
1.745256E-02
1.499983E-02
1.263927E-02
1.025677E-02
8.563445E-03
9.664806E-03
1.283880E-02
1.599400E-02
1.867663E-02
2.165105E-02
2.499996E-02
2.764777E-02
2.774050E-02
2.626528E-02
2.357841E-02
2.037792E-02
1.753249E-02
1.515885E-02
1.285475E-02
1.048035E-02
8.931407E-03
9.219668E-03
1.025206E-02
1.094454E-02
1.166519E-02
1.233606E-02
1.216969E-02
1.101626E-02
9.302973E-03
6.873455E-03
3.928591E-03
9.495326E-04
-1.678767E-03
-3.900057E-03
-5.713422E-03
-7.595122E-03
-9.944815E-03
-1.252253E-02
-1.489056E-02
-1.680675E-02
-1.885874E-02
-2.144787E-02
-2.379176E-02
-2.572984E-02
-2.788412E-02
-2.974465E-02
-3.064224E-02
-3.108547E-02
-3.162781E-02
-3.222788E-02
-3.190642E-02
-3.011083E-02
-2.720042E-02
-2.337921E-02
-1.823184E-02
-1.294370E-02
-8.724783E-03
-5.775585E-03
-3.547284E-03
-2.232478E-03
-1.886546E-03
-2.208120E-03
-1.772511E-03
3.137573E-05
3.855426E-03
9.476875E-03
1.643923E-02
2.343503E-02
2.976021E-02
3.476137E-02
3.834241E-02
3.965740E-02
3.866807E-02
3.503185E-02
2.810929E-02
1.935683E-02
1.174926E-02
6.261036E-03
2.774075E-03
1.341888E-03
1.356546E-03
2.014711E-03
2.910920E-03
3.970086E-03
4.443257E-03
3.623861E-03
9.987820E-04
-3.141960E-03
-8.512359E-03
-1.474392E-02
-2.125053E-02
-2.717158E-02
-3.230491E-02
-3.702679E-02
-4.206252E-02
-4.718660E-02
-5.170856E-02
-5.611827E-02
-6.092997E-02
-6.527257E-02
-6.853988E-02
-7.072833E-02
-7.167585E-02
-7.135501E-02
-6.983834E-02
-6.831665E-02
-6.774934E-02
-6.743719E-02
-6.662285E-02
-6.542847E-02
-6.427355E-02
-6.327889E-02
-6.226114E-02
-6.087905E-02
-5.797452E-02
-5.383336E-02
-4.947658E-02
-4.530870E-02
-4.119091E-02
-3.733245E-02
-3.317015E-02
-2.742761E-02
-2.088468E-02
-1.506684E-02
-1.127184E-02
-8.967033E-03
-7.671404E-03
-7.697673E-03
-1.006397E-02
-1.438403E-02
-1.921140E-02
-2.304998E-02
-2.556014E-02
-2.713946E-02
-2.789778E-02
-2.785201E-02
-2.642280E-02
-2.400109E-02
-2.127022E-02
-1.817872E-02
-1.449291E-02
-9.956185E-03
-5.844984E-03
-3.160838E-03
-1.210564E-03
7.188383E-04
2.498420E-03
4.148307E-03
5.848669E-03
7.182726E-03
8.085196E-03
9.124757E-03
1.037900E-02
1.156412E-02
1.299219E-02
1.508091E-02
1.806234E-02
2.177361E-02
2.615506E-02
3.045059E-02
3.423668E-02
3.734724E-02
3.942188E-02
3.997180E-02
3.952312E-02
3.841646E-02
3.625063E-02
3.398814E-02
3.306874E-02
3.301524E-02
3.295449E-02
3.286455E-02
3.286298E-02
3.280651E-02
3.207086E-02
3.010393E-02
2.621912E-02
2.115208E-02
1.597389E-02
1.120052E-02
6.854706E-03
3.193099E-03
6.076963E-04
-6.063628E-04
2.262481E-04
2.601080E-03
6.219441E-03
1.031794E-02
1.440911E-02
1.912505E-02
2.413406E-02
2.751006E-02
2.957115E-02
3.151771E-02
3.298085E-02
3.347167E-02
3.304606E-02
3.198318E-02
3.036908E-02
2.853133E-02
2.667522E-02
2.476548E-02
2.259555E-02
2.003659E-02
1.752626E-02
1.576445E-02
1.516706E-02
1.571323E-02
1.711977E-02
1.924279E-02
2.142259E-02
2.306525E-02
2.381645E-02
2.399100E-02
2.404511E-02
2.447076E-02
2.558768E-02
2.708718E-02
2.845082E-02
2.897700E-02
2.885195E-02
2.846266E-02
2.692776E-02
2.355331E-02
1.823202E-02
1.139326E-02
3.661213E-03
-3.370453E-03
-8.767151E-03
-1.225985E-02
-1.356350E-02
-1.324085E-02
-1.169366E-02
-9.195277E-03
-5.816532E-03
-9.845676E-04
5.772458E-03
1.412991E-02
2.229129E-02
2.867920E-02
3.284748E-02
3.503781E-02
3.538807E-02
3.402012E-02
3.127292E-02
2.716535E-02
2.198599E-02
1.801728E-02
1.624442E-02
1.715526E-02
2.059464E-02
2.602848E-02
3.227672E-02
3.817873E-02
4.294138E-02
4.667061E-02
4.926190E-02
5.040754E-02
5.029444E-02
4.864697E-02
4.534234E-02
4.043233E-02
3.502730E-02
2.984051E-02
2.463448E-02
2.024153E-02
1.764251E-02
1.718878E-02
1.820737E-02
2.013661E-02
2.210470E-02
2.392856E-02
2.619122E-02
2.905770E-02
3.228743E-02
3.549678E-02
3.846222E-02
4.085961E-02
4.272285E-02
4.392502E-02
4.383815E-02
4.215922E-02
3.904261E-02
3.418307E-02
2.663346E-02
1.878034E-02
1.303582E-02
9.592814E-03
7.328246E-03
6.270910E-03
7.294489E-03
1.045136E-02
1.498757E-02
2.005232E-02
2.542271E-02
2.967630E-02
3.238507E-02
3.373997E-02
3.461189E-02
3.558610E-02
3.603582E-02
3.530912E-02
3.380552E-02
3.191219E-02
2.937323E-02
2.555390E-02
2.036573E-02
1.411798E-02
7.988751E-03
2.649316E-03
-2.351234E-03
-6.533845E-03
-8.708033E-03
-9.360468E-03
-9.208658E-03
-8.390520E-03
-7.223539E-03
-6.132415E-03
-5.320839E-03
-4.880665E-03
-5.305610E-03
-6.290432E-03
-7.206015E-03
-7.987776E-03
-8.862647E-03
-9.853998E-03
-1.051219E-02
-1.027601E-02
-8.895824E-03
-6.753607E-03
-4.446184E-03
-1.759645E-03
1.943502E-03
5.912276E-03
9.368191E-03
1.198136E-02
1.364028E-02
1.417213E-02
1.413916E-02
1.383624E-02
1.299339E-02
1.145468E-02
9.310410E-03
7.030747E-03
4.797849E-03
2.378222E-03
-2.662851E-04
-2.926477E-03
-4.989628E-03
-5.745790E-03
-4.222535E-03
-4.823171E-04
4.727642E-03
1.027672E-02
1.539767E-02
1.967046E-02
2.330891E-02
2.626476E-02
2.805733E-02
2.876307E-02
2.854302E-02
2.744062E-02
2.529164E-02
2.213180E-02
1.827182E-02
1.407187E-02
1.040437E-02
7.860332E-03
6.724647E-03
6.363699E-03
6.465936E-03
7.101669E-03
8.180583E-03
8.629367E-03
8.654203E-03
9.216541E-03
9.645131E-03
9.214524E-03
9.319263E-03
1.079725E-02
1.334567E-02
1.679071E-02
2.116151E-02
2.521522E-02
2.830081E-02
3.028694E-02
3.133079E-02
3.154379E-02
3.089779E-02
2.964825E-02
2.779959E-02
2.500590E-02
2.102933E-02
1.563776E-02
9.441068E-03
3.144799E-03
-2.901574E-03
-8.560202E-03
-1.336161E-02
-1.604800E-02
-1.597027E-02
-1.360603E-02
-1.064862E-02
-8.172168E-03
-6.428187E-03
-5.391397E-03
-5.599047E-03
-6.663327E-03
-8.060358E-03
-9.409047E-03
-1.050096E-02
-1.071485E-02
-9.930910E-03
-7.823234E-03
-4.701293E-03
-1.225709E-03
1.453763E-03
3.257619E-03
4.411935E-03
4.532941E-03
3.469578E-03
2.728978E-03
2.813287E-03
3.121757E-03
3.178170E-03
3.011749E-03
2.550311E-03
1.734520E-03
5.479337E-04
-5.735254E-04
-1.416173E-03
-2.321781E-03
-3.622144E-03
-5.329646E-03
-6.913772E-03
-8.165401E-03
-9.411688E-03
-1.080645E-02
-1.212691E-02
-1.271777E-02
-1.241064E-02
-1.149816E-02
-1.051248E-02
-9.669703E-03
-9.209565E-03
-9.013809E-03
-8.662182E-03
-8.197324E-03
-8.025408E-03
-8.725284E-03
-1.016509E-02
-1.166041E-02
-1.271157E-02
-1.338111E-02
-1.409950E-02
-1.498892E-02
-1.581951E-02
-1.634928E-02
-1.658461E-02
-1.679413E-02
-1.732014E-02
-1.854444E-02
-1.999220E-02
-2.110195E-02
-2.182185E-02
-2.230878E-02
-2.255685E-02
-2.239868E-02
-2.155096E-02
-1.935267E-02
-1.595702E-02
-1.187266E-02
-7.671200E-03
-3.570415E-03
-3.201129E-04
1.853752E-03
2.589682E-03
2.512346E-03
2.307795E-03
1.916018E-03
1.020724E-03
-7.071283E-04
-2.845924E-03
-4.736282E-03
-5.559857E-03
-5.164545E-03
-3.721364E-03
-1.594705E-03
1.179598E-03
4.448958E-03
7.955194E-03
1.155457E-02
1.522951E-02
1.886948E-02
2.172332E-02
2.401008E-02
2.646657E-02
2.868263E-02
3.009842E-02
3.145602E-02
3.313379E-02
3.471207E-02
3.605106E-02
3.742957E-02
3.950505E-02
4.241355E-02
4.582196E-02
4.919617E-02
5.233836E-02
5.530587E-02
5.799529E-02
5.989866E-02
6.043680E-02
5.960417E-02
5.812869E-02
5.640888E-02
5.437730E-02
5.143035E-02
4.739888E-02
4.335228E-02
4.033748E-02
3.858715E-02
3.668599E-02
3.413236E-02
3.198920E-02
3.034878E-02
2.851382E-02
2.667083E-02
2.520675E-02
2.408558E-02
2.293104E-02
2.149931E-02
1.965536E-02
1.735837E-02
1.424267E-02
1.058961E-02
6.960133E-03
4.000549E-03
1.733117E-03
-2.408161E-05
-1.161010E-03
-1.592503E-03
-1.377362E-03
-1.008983E-03
-8.777067E-04
-1.267921E-03
-2.125269E-03
-3.271885E-03
-4.594363E-03
-6.064859E-03
-7.491091E-03
-8.858029E-03
-1.026176E-02
-1.114887E-02
-1.107550E-02
-1.031442E-02
-9.430043E-03
-8.640713E-03
-7.771508E-03
-6.749640E-03
-6.231438E-03
-6.466049E-03
-7.307545E-03
-8.758280E-03
-1.066021E-02
-1.269285E-02
-1.457709E-02
-1.611098E-02
-1.690864E-02
-1.704293E-02
-1.698666E-02
-1.690437E-02
-1.675637E-02
-1.722420E-02
-1.800981E-02
-1.755382E-02
-1.639782E-02
-1.581435E-02
-1.564574E-02
-1.521452E-02
-1.422206E-02
-1.326773E-02
-1.284798E-02
-1.263053E-02
-1.216253E-02
-1.127779E-02
-1.020322E-02
-9.230701E-03
-8.768321E-03
-8.717339E-03
-8.888794E-03
-9.277541E-03
-1.000281E-02
-1.127141E-02
-1.290073E-02
-1.462309E-02
-1.653554E-02
-1.848734E-02
-1.982736E-02
-2.077837E-02
-2.188787E-02
-2.323593E-02
-2.433796E-02
-2.477467E-02
-2.497566E-02
-2.537969E-02
-2.595837E-02
-2.650605E-02
-2.701077E-02
-2.759723E-02
-2.837295E-02
-2.912366E-02
-2.971920E-02
-3.060893E-02
-3.189984E-02
-3.338919E-02
-3.456501E-02
-3.520996E-02
-3.566876E-02
-3.614739E-02
-3.643856E-02
-3.597512E-02
-3.485440E-02
-3.386658E-02
-3.335912E-02
-3.317961E-02
-3.313380E-02
-3.319055E-02
-3.342194E-02
-3.380160E-02
-3.430768E-02
-3.506627E-02
-3.577822E-02
-3.564121E-02
-3.508051E-02
-3.479478E-02
-3.444160E-02
-3.411233E-02
-3.473205E-02
-3.567634E-02
-3.596620E-02
-3.576956E-02
-3.580166E-02
-3.635713E-02
-3.682799E-02
-3.681829E-02
-3.641070E-02
-3.576469E-02
-3.490605E-02
-3.437912E-02
-3.431649E-02
-3.428164E-02
-3.441580E-02
-3.500355E-02
-3.541238E-02
-3.559806E-02
-3.650512E-02
-3.798974E-02
-3.924551E-02
-3.957689E-02
-3.945924E-02
-3.966602E-02
-4.021459E-02
-4.070879E-02
-4.087579E-02
-4.055801E-02
-3.967344E-02
-3.877972E-02
-3.825545E-02
-3.803975E-02
-3.808432E-02
-3.851668E-02
-3.871408E-02
-3.840514E-02
-3.800918E-02
-3.809813E-02
-3.869537E-02
-3.904705E-02
-3.885445E-02
-3.827108E-02
-3.770918E-02
-3.731070E-02
-3.672716E-02
-3.582093E-02
-3.475266E-02
-3.381476E-02
-3.309575E-02
-3.247733E-02
-3.195996E-02
-3.162525E-02
-3.095738E-02
-2.965260E-02
-2.783141E-02
-2.587823E-02
-2.384750E-02
-2.120345E-02
-1.824364E-02
-1.631874E-02
-1.489862E-02
-1.275726E-02
-1.055073E-02
-8.905408E-03
-7.203509E-03
-5.254632E-03
-3.473699E-03
-2.259947E-03
-1.432716E-03
-4.764313E-04
6.715071E-04
1.735820E-03
2.513548E-03
2.942730E-03
2.888038E-03
2.320195E-03
1.264348E-03
-6.757625E-04
-3.424938E-03
-6.271125E-03
-9.085619E-03
-1.209215E-02
-1.491261E-02
-1.717850E-02
-1.870667E-02
-1.912183E-02
-1.876787E-02
-1.879237E-02
-1.914853E-02
-1.900212E-02
-1.815529E-02
-1.714865E-02
-1.662837E-02
-1.671069E-02
-1.725737E-02
-1.734749E-02
-1.630926E-02
-1.485536E-02
-1.373650E-02
-1.298699E-02
-1.250720E-02
-1.242876E-02
-1.255182E-02
-1.270387E-02
-1.296277E-02
-1.395511E-02
-1.629578E-02
-1.901647E-02
-2.141694E-02
-2.391355E-02
-2.643007E-02
-2.847197E-02
-2.956424E-02
-2.996824E-02
-3.009790E-02
-3.012710E-02
-2.998554E-02
-2.938614E-02
-2.839657E-02
-2.728600E-02
-2.625850E-02
-2.532434E-02
-2.452049E-02
-2.411981E-02
-2.440182E-02
-2.468262E-02
-2.450634E-02
-2.443833E-02
-2.444575E-02
-2.389244E-02
-2.277028E-02
-2.139112E-02
-2.005932E-02
-1.893352E-02
-1.805655E-02
-1.739271E-02
-1.684828E-02
-1.587064E-02
-1.430976E-02
-1.236861E-02
-1.024878E-02
-7.971555E-03
-5.833121E-03
-4.269250E-03
-3.569596E-03
-3.431511E-03
-3.619909E-03
-4.201158E-03
-5.090051E-03
-5.812922E-03
-6.447109E-03
-7.270348E-03
-8.080468E-03
-9.006761E-03
-1.069256E-02
-1.255002E-02
-1.381180E-02
-1.475647E-02
-1.571024E-02
-1.645422E-02
-1.627656E-02
-1.519756E-02
-1.373021E-02
-1.183607E-02
-9.063896E-03
-5.897596E-03
-2.955104E-03
-6.784916E-04
8.289593E-04
1.591929E-03
2.762373E-03
4.874745E-03
6.798433E-03
8.095855E-03
9.317782E-03
1.035494E-02
1.084262E-02
1.109834E-02
1.097586E-02
9.903916E-03
8.170912E-03
6.105985E-03
3.328998E-03
5.571185E-04
-9.845033E-04
-1.391432E-03
-1.461493E-03
-1.300330E-03
-8.727926E-04
-3.146270E-04
8.329716E-05
2.822809E-04
4.236494E-04
3.124496E-04
-4.327297E-04
-1.726214E-03
-2.998808E-03
-3.528826E-03
-3.646667E-03
-3.831172E-03
-4.142962E-03
-4.362509E-03
-3.568977E-03
-1.764910E-03
2.544481E-05
1.663827E-03
3.639858E-03
6.012045E-03
8.522623E-03
1.102314E-02
1.307471E-02
1.449764E-02
1.600014E-02
1.777827E-02
1.920107E-02
2.007162E-02
2.066981E-02
2.113447E-02
2.136536E-02
2.122378E-02
2.117444E-02
2.161248E-02
2.237286E-02
2.294174E-02
2.275414E-02
2.266549E-02
2.346575E-02
2.437704E-02
2.457030E-02
2.374760E-02
2.305936E-02
2.339514E-02
2.428721E-02
2.499218E-02
2.539386E-02
2.603780E-02
2.723590E-02
2.854657E-02
2.976031E-02
3.119913E-02
3.278649E-02
3.414064E-02
3.469521E-02
3.489937E-02
3.563652E-02
3.678754E-02
3.758671E-02
3.676167E-02
3.511659E-02
3.438868E-02
3.403799E-02
3.261096E-02
2.921814E-02
2.478721E-02
2.045944E-02
1.626798E-02
1.208390E-02
8.482687E-03
5.288197E-03
2.110382E-03
-5.713790E-04
-2.381072E-03
-3.462716E-03
-4.309871E-03
-5.133162E-03
-5.514986E-03
-5.213214E-03
-4.458705E-03
-4.474706E-03
-5.681547E-03
-6.012309E-03
-5.097351E-03
-4.333866E-03
-4.245891E-03
-4.296765E-03
-3.863481E-03
-3.299207E-03
-3.521157E-03
-3.836056E-03
-3.354425E-03
-2.780005E-03
-2.803342E-03
-3.467230E-03
-3.632927E-03
-2.508205E-03
-3.244795E-04
2.099730E-03
4.457032E-03
6.211140E-03
7.116306E-03
7.809874E-03
8.194465E-03
7.069590E-03
5.071109E-03
3.358976E-03
1.742534E-03
-4.862232E-05
-1.648056E-03
-2.917505E-03
-4.016466E-03
-5.114330E-03
-6.479449E-03
-8.341248E-03
-1.048836E-02
-1.273267E-02
-1.509464E-02
-1.741178E-02
-1.935772E-02
-2.049690E-02
-2.096074E-02
-2.103414E-02
-2.089052E-02
-2.050708E-02
-1.985508E-02
-1.899785E-02
-1.794539E-02
-1.661840E-02
-1.503400E-02
-1.420939E-02
-1.441936E-02
-1.513712E-02
-1.595733E-02
-1.688777E-02
-1.745790E-02
-1.764844E-02
-1.831185E-02
-1.869641E-02
-1.728217E-02
-1.481127E-02
-1.253142E-02
-1.056696E-02
-8.810033E-03
-7.503338E-03
-6.777356E-03
-6.531881E-03
-7.161090E-03
-8.139368E-03
-8.591610E-03
-8.846509E-03
-9.380115E-03
-9.824871E-03
-9.815116E-03
-9.424400E-03
-9.551443E-03
-1.012684E-02
-8.965076E-03
-6.539184E-03
-4.893512E-03
-3.610310E-03
-1.622011E-03
1.148422E-03
3.666270E-03
5.055234E-03
5.947882E-03
7.137389E-03
8.942796E-03
1.105194E-02
1.312516E-02
1.490538E-02
1.647814E-02
1.841520E-02
2.087452E-02
2.373460E-02
2.620108E-02
2.779708E-02
2.877966E-02
2.965247E-02
3.077553E-02
3.163037E-02
3.171589E-02
3.119502E-02
3.064518E-02
3.068412E-02
3.077903E-02
3.031663E-02
2.982436E-02
2.975990E-02
2.990594E-02
2.973945E-02
2.912926E-02
2.860589E-02
2.832489E-02
2.783005E-02
2.683147E-02
2.550871E-02
2.460769E-02
2.406636E-02
2.294768E-02
2.132021E-02
1.971560E-02
1.760365E-02
1.471866E-02
1.160274E-02
8.260352E-03
4.488489E-03
1.050531E-03
-1.635845E-03
-3.744386E-03
-5.727384E-03
-7.569072E-03
-8.511718E-03
-8.329191E-03
-7.306103E-03
-6.309509E-03
-5.599555E-03
-4.495953E-03
-2.796539E-03
-8.277610E-04
6.599146E-04
1.344382E-03
1.613062E-03
1.752258E-03
1.402881E-03
7.203166E-04
3.546109E-05
-9.243193E-04
-2.391459E-03
-4.526419E-03
-6.826258E-03
-8.872361E-03
-1.096094E-02
-1.282907E-02
-1.381474E-02
-1.437812E-02
-1.510410E-02
-1.609639E-02
-1.710663E-02
-1.796848E-02
-1.869623E-02
-1.929482E-02
-1.935106E-02
-1.832217E-02
-1.583249E-02
-1.208407E-02
-7.379479E-03
-2.747506E-03
1.276798E-03
4.587669E-03
7.323368E-03
9.205191E-03
9.550215E-03
8.610368E-03
7.476783E-03
6.312272E-03
4.511610E-03
2.505135E-03
8.273442E-04
-5.735834E-04
-2.055836E-03
-3.812540E-03
-5.373984E-03
-6.135476E-03
-5.953148E-03
-5.219803E-03
-4.060179E-03
-2.529353E-03
-5.993348E-04
2.197525E-03
5.674977E-03
8.649228E-03
1.061980E-02
1.184410E-02
1.299129E-02
1.415679E-02
1.447955E-02
1.386697E-02
1.347170E-02
1.364703E-02
1.392487E-02
1.420878E-02
1.457575E-02
1.480738E-02
1.499968E-02
1.542956E-02
1.582262E-02
1.585196E-02
1.554799E-02
1.502979E-02
1.426307E-02
1.307948E-02
1.126960E-02
8.454567E-03
5.144966E-03
2.113848E-03
-3.661648E-04
-2.729495E-03
-5.935291E-03
-9.428705E-03
-1.193844E-02
-1.322395E-02
-1.388624E-02
-1.380921E-02
-1.279190E-02
-1.079240E-02
-8.219626E-03
-5.526090E-03
-3.084515E-03
-1.147119E-03
9.129552E-05
5.867895E-04
3.993318E-04
2.200225E-04
-2.473778E-05
-1.286950E-03
-2.950368E-03
-3.864190E-03
-3.447734E-03
-2.475673E-03
-1.426796E-03
-4.204908E-04
9.718464E-05
4.355290E-04
1.088926E-03
1.827386E-03
2.090024E-03
1.424548E-03
5.972043E-04
4.634781E-04
7.109360E-04
8.259420E-04
1.072194E-03
1.915231E-03
3.539372E-03
5.394719E-03
7.125812E-03
9.103911E-03
1.101376E-02
1.209984E-02
1.256042E-02
1.277425E-02
1.252877E-02
1.179550E-02
1.063926E-02
9.422514E-03
8.298705E-03
6.650072E-03
4.669447E-03
3.292405E-03
2.926593E-03
3.100203E-03
2.253566E-03
4.096786E-04
-1.411607E-03
-2.920444E-03
-4.475434E-03
-6.182745E-03
-7.926086E-03
-9.613127E-03
-1.143960E-02
-1.348875E-02
-1.525597E-02
-1.635693E-02
-1.671770E-02
-1.604736E-02
-1.416811E-02
-1.185659E-02
-9.448057E-03
-6.322603E-03
-3.216552E-03
-1.108981E-03
-2.558224E-05
5.302275E-04
9.069192E-04
1.417321E-03
2.107167E-03
2.540613E-03
2.576044E-03
2.495114E-03
2.430444E-03
2.290615E-03
2.381963E-03
2.870933E-03
3.611427E-03
4.478320E-03
5.554476E-03
6.844301E-03
8.354771E-03
9.623253E-03
1.043296E-02
1.144344E-02
1.243938E-02
1.260079E-02
1.238201E-02
1.239183E-02
1.229527E-02
1.215608E-02
1.246302E-02
1.253916E-02
1.178555E-02
1.083164E-02
1.019076E-02
9.712933E-03
9.104189E-03
8.348012E-03
7.762380E-03
7.489773E-03
7.554685E-03
7.590527E-03
7.383508E-03
7.357363E-03
7.708028E-03
8.304644E-03
8.354942E-03
7.517818E-03
6.811265E-03
6.709784E-03
6.863986E-03
6.874376E-03
6.640589E-03
5.923257E-03
5.166896E-03
5.192702E-03
5.353735E-03
4.864434E-03
4.453356E-03
4.933295E-03
6.792191E-03
8.936570E-03
1.039365E-02
1.163365E-02
1.293007E-02
1.345985E-02
1.289741E-02
1.127850E-02
9.017159E-03
6.486259E-03
3.468995E-03
7.987831E-05
-2.795182E-03
-5.149443E-03
-7.444938E-03
-9.729817E-03
-1.167998E-02
-1.289780E-02
-1.328750E-02
-1.311164E-02
-1.318520E-02
-1.354260E-02
-1.343337E-02
-1.286572E-02
-1.238369E-02
-1.249308E-02
-1.313993E-02
-1.400125E-02
-1.480316E-02
-1.554753E-02
-1.636510E-02
-1.725490E-02
-1.803989E-02
-1.843462E-02
-1.838862E-02
-1.829517E-02
-1.832289E-02
-1.830047E-02
-1.800213E-02
-1.735945E-02
-1.681779E-02
-1.655362E-02
-1.626572E-02
-1.574922E-02
-1.513170E-02
-1.527104E-02
-1.617013E-02
-1.654633E-02
-1.632208E-02
-1.636646E-02
-1.676914E-02
-1.714770E-02
-1.733876E-02
-1.763317E-02
-1.834652E-02
-1.909306E-02
-1.966179E-02
-2.069316E-02
-2.176644E-02
-2.178580E-02
-2.054482E-02
-1.878354E-02
-1.726724E-02
-1.603482E-02
-1.476900E-02
-1.313248E-02
-1.113851E-02
-9.202351E-03
-7.511271E-03
-6.002470E-03
-4.860576E-03
-4.203976E-03
-3.579220E-03
-2.796601E-03
-2.110412E-03
-1.442546E-03
-4.907888E-04
5.386953E-04
1.525378E-03
2.761237E-03
3.489650E-03
2.705908E-03
1.618356E-03
1.205656E-03
7.532531E-04
-7.265716E-05
-7.805836E-04
-1.183274E-03
-1.513354E-03
-2.171456E-03
-2.871052E-03
-3.129802E-03
-3.599102E-03
-4.797638E-03
-6.930878E-03
-9.334653E-03
-1.126331E-02
-1.254246E-02
-1.349912E-02
-1.414318E-02
-1.432331E-02
-1.391297E-02
-1.315780E-02
-1.236952E-02
-1.180164E-02
-1.150334E-02
-1.148601E-02
-1.180002E-02
-1.229643E-02
-1.249804E-02
-1.237463E-02
-1.218490E-02
-1.196155E-02
-1.156178E-02
-1.097979E-02
-1.024954E-02
-9.246142E-03
-7.896743E-03
-6.330302E-03
-5.086520E-03
-4.213442E-03
-3.463375E-03
-2.870336E-03
-2.601908E-03
-2.728846E-03
-3.287396E-03
-4.404360E-03
-6.041117E-03
-8.033461E-03
-1.011794E-02
-1.217977E-02
-1.413220E-02
-1.544977E-02
-1.587822E-02
-1.606025E-02
-1.614506E-02
-1.546854E-02
-1.452942E-02
-1.408963E-02
-1.389777E-02
-1.342211E-02
-1.245336E-02
-1.137084E-02
-1.066227E-02
-1.090410E-02
-1.251734E-02
-1.471246E-02
-1.694291E-02
-1.948887E-02
-2.204994E-02
-2.391615E-02
-2.531960E-02
-2.669644E-02
-2.810889E-02
-2.900821E-02
-2.884863E-02
-2.807607E-02
-2.717936E-02
-2.626999E-02
-2.513160E-02
-2.342420E-02
-2.177198E-02
-2.074113E-02
-1.969385E-02
-1.836364E-02
-1.744603E-02
-1.700433E-02
-1.657849E-02
-1.558855E-02
-1.409785E-02
-1.254515E-02
-1.110140E-02
-9.609705E-03
-7.658444E-03
-5.102061E-03
-2.362055E-03
2.725634E-04
2.892909E-03
5.146073E-03
6.766628E-03
8.343708E-03
9.988616E-03
1.098222E-02
1.135613E-02
1.153758E-02
1.163948E-02
1.163185E-02
1.168497E-02
1.163531E-02
1.118519E-02
1.083155E-02
1.106324E-02
1.188172E-02
1.291005E-02
1.391445E-02
1.482849E-02
1.564426E-02
1.604793E-02
1.613720E-02
1.618436E-02
1.631133E-02
1.643852E-02
1.627526E-02
1.583617E-02
1.545879E-02
1.506625E-02
1.433555E-02
1.345817E-02
1.261442E-02
1.161924E-02
1.010615E-02
7.808021E-03
5.298177E-03
3.051419E-03
1.028261E-03
-1.058824E-03
-3.266245E-03
-5.004816E-03
-5.694470E-03
-5.314315E-03
-4.315552E-03
-3.115819E-03
-1.780577E-03
-2.186120E-04
1.669660E-03
3.594827E-03
5.264495E-03
6.618653E-03
7.764352E-03
8.787900E-03
9.539480E-03
9.736710E-03
9.455261E-03
9.093373E-03
9.105264E-03
9.289651E-03
9.258633E-03
9.005819E-03
8.834398E-03
9.372289E-03
1.046960E-02
1.158489E-02
1.231795E-02
1.261687E-02
1.227689E-02
1.164864E-02
1.124478E-02
1.149954E-02
1.230061E-02
1.247758E-02
1.199711E-02
1.178335E-02
1.226934E-02
1.326700E-02
1.477605E-02
1.640868E-02
1.763276E-02
1.855398E-02
1.947332E-02
2.013815E-02
2.011728E-02
1.909894E-02
1.810680E-02
1.790550E-02
1.743593E-02
1.620084E-02
1.511433E-02
1.455228E-02
1.415674E-02
1.361737E-02
1.304407E-02
1.275194E-02
1.206430E-02
1.014541E-02
8.346788E-03
7.654995E-03
7.587065E-03
7.299784E-03
6.551288E-03
5.225426E-03
3.554917E-03
1.994982E-03
4.937166E-04
-1.204369E-03
-2.943042E-03
-4.670515E-03
-6.620261E-03
-7.527271E-03
-6.478097E-03
-4.549196E-03
-2.652846E-03
-6.652240E-04
1.673758E-03
4.355766E-03
6.968782E-03
9.185111E-03
1.036366E-02
1.095674E-02
1.180502E-02
1.275457E-02
1.337285E-02
1.413650E-02
1.519453E-02
1.618535E-02
1.685703E-02
1.728886E-02
1.776778E-02
1.832436E-02
1.801611E-02
1.722359E-02
1.669482E-02
1.615759E-02
1.552968E-02
1.489194E-02
1.409995E-02
1.339448E-02
1.314450E-02
1.280637E-02
1.199523E-02
1.087087E-02
1.008392E-02
1.010273E-02
1.033025E-02
1.034428E-02
1.082898E-02
1.163777E-02
1.195504E-02
1.159776E-02
1.079110E-02
9.560147E-03
8.050165E-03
6.447186E-03
4.961519E-03
3.537896E-03
1.769170E-03
-3.414724E-04
-2.468429E-03
-4.162441E-03
-5.380565E-03
-6.350025E-03
-7.194961E-03
-7.806627E-03
-8.416593E-03
-9.205015E-03
-1.012074E-02
-1.122282E-02
-1.261101E-02
-1.335322E-02
-1.298362E-02
-1.182743E-02
-1.027300E-02
-8.422520E-03
-6.503423E-03
-4.788887E-03
-3.674957E-03
-3.084715E-03
-2.959502E-03
-3.607240E-03
-4.972912E-03
-6.544258E-03
-7.928265E-03
-9.083009E-03
-1.008053E-02
-1.073793E-02
-1.051087E-02
-9.332732E-03
-7.488197E-03
-5.007965E-03
-2.035367E-03
8.887735E-04
3.515737E-03
5.753523E-03
7.019823E-03
7.565319E-03
7.837349E-03
7.946722E-03
7.817796E-03
7.634200E-03
7.616107E-03
7.956613E-03
8.785028E-03
1.006110E-02
1.149644E-02
1.296484E-02
1.451024E-02
1.610355E-02
1.765337E-02
1.914693E-02
2.043794E-02
2.115059E-02
2.146287E-02
2.161782E-02
2.131994E-02
2.062661E-02
2.021741E-02
1.982277E-02
1.877656E-02
1.785614E-02
1.759862E-02
1.748455E-02
1.657796E-02
1.441675E-02
1.240535E-02
1.145870E-02
1.050825E-02
8.831842E-03
7.000886E-03
5.823560E-03
5.321891E-03
4.351590E-03
2.854561E-03
2.192299E-03
2.556203E-03
3.134326E-03
3.058564E-03
2.530787E-03
2.172576E-03
1.888807E-03
1.356355E-03
9.844464E-04
1.010826E-03
1.279331E-03
1.276167E-03
8.622515E-04
6.451440E-04
8.933716E-04
1.379898E-03
1.599115E-03
1.470822E-03
1.705877E-03
2.330738E-03
2.762996E-03
3.542799E-03
5.341671E-03
7.569421E-03
9.871186E-03
1.244574E-02
1.401609E-02
1.419347E-02
1.381780E-02
1.348060E-02
1.300075E-02
1.197122E-02
1.024696E-02
7.849079E-03
5.599099E-03
4.022432E-03
2.511446E-03
8.384207E-04
-2.454078E-04
-6.332670E-05
1.044483E-03
9.146879E-04
-1.514694E-04
9.324893E-05
1.220640E-03
1.649995E-03
1.377222E-03
1.129574E-03
1.166468E-03
1.040129E-03
4.878326E-04
2.345304E-04
3.373116E-04
2.303803E-04
-1.419900E-04
-4.690275E-04
-4.160991E-04
2.229006E-04
1.511892E-03
2.567021E-03
3.008530E-03
4.063967E-03
5.715069E-03
6.883990E-03
7.565569E-03
8.231729E-03
8.637316E-03
8.845482E-03
9.313294E-03
9.665399E-03
9.436108E-03
9.031338E-03
8.945921E-03
9.253510E-03
9.622714E-03
9.775565E-03
9.303321E-03
8.400012E-03
7.460890E-03
6.236737E-03
4.397351E-03
2.388775E-03
8.876843E-04
1.955061E-04
-2.610654E-04
-7.476372E-04
-7.776780E-04
-3.373830E-04
2.460495E-04
5.410462E-04
4.659119E-04
1.593418E-04
-3.876967E-04
-1.427701E-03
-2.995185E-03
-4.858158E-03
-6.723414E-03
-8.066343E-03
-8.675971E-03
-8.928958E-03
-9.099982E-03
-9.083614E-03
-8.755742E-03
-8.157694E-03
-7.728251E-03
-7.256053E-03
-6.189961E-03
-4.950517E-03
-4.037433E-03
-3.249159E-03
-2.409829E-03
-1.747611E-03
-1.374043E-03
-1.194797E-03
-1.064385E-03
-6.133826E-04
7.629266E-04
2.055628E-03
2.374802E-03
2.826206E-03
4.059081E-03
5.698060E-03
7.105208E-03
8.074436E-03
8.522608E-03
8.629683E-03
8.712014E-03
8.424082E-03
7.443387E-03
6.356686E-03
5.151650E-03
2.886088E-03
6.810194E-04
-3.257959E-04
-1.733812E-03
-3.700572E-03
-4.778445E-03
-5.029687E-03
-5.217056E-03
-5.262371E-03
-5.093810E-03
-4.898982E-03
-4.587874E-03
-4.109595E-03
-3.710943E-03
-3.513637E-03
-3.455640E-03
-3.405821E-03
-3.580325E-03
-4.574754E-03
-6.233126E-03
-8.115963E-03
-9.371931E-03
-9.818171E-03
-9.892034E-03
-1.055845E-02
-1.206740E-02
-1.303260E-02
-1.286646E-02
-1.228802E-02
-1.196064E-02
-1.182363E-02
-1.137415E-02
-1.063871E-02
-1.008473E-02
-9.999611E-03
-1.035029E-02
-1.111223E-02
-1.192682E-02
-1.235645E-02
-1.276502E-02
-1.352066E-02
-1.401888E-02
-1.409536E-02
-1.412270E-02
-1.391390E-02
-1.311494E-02
-1.182296E-02
-1.041140E-02
-9.029920E-03
-7.751782E-03
-6.687512E-03
-6.239849E-03
-6.202985E-03
-6.184416E-03
-6.496627E-03
-7.365643E-03
-7.711971E-03
-7.314701E-03
-6.783825E-03
-6.892280E-03
-7.793590E-03
-9.032836E-03
-1.000937E-02
-1.048314E-02
-1.066451E-02
-1.073788E-02
-1.072111E-02
-1.064925E-02
-1.056805E-02
-1.016087E-02
-9.228819E-03
-7.899050E-03
-6.221950E-03
-3.891737E-03
-1.072209E-03
1.435935E-03
3.383390E-03
4.939730E-03
6.225801E-03
7.067247E-03
7.043823E-03
6.416483E-03
5.605026E-03
5.351101E-03
5.753351E-03
6.339599E-03
6.818816E-03
7.351595E-03
8.198584E-03
9.363989E-03
1.067781E-02
1.215643E-02
1.395596E-02
1.567337E-02
1.701165E-02
1.779025E-02
1.830830E-02
1.891044E-02
1.948846E-02
1.980522E-02
1.990124E-02
1.929898E-02
1.731942E-02
1.467563E-02
1.234138E-02
1.073759E-02
9.403917E-03
7.928873E-03
6.349479E-03
5.014006E-03
4.284246E-03
3.701373E-03
2.860594E-03
2.446093E-03
2.556818E-03
2.615098E-03
1.839861E-03
4.131236E-04
-7.739499E-05
7.718731E-04
2.155802E-03
2.949326E-03
3.144368E-03
3.475956E-03
4.184568E-03
4.871212E-03
5.353333E-03
5.811266E-03
6.116516E-03
6.034027E-03
5.359388E-03
4.323972E-03
3.484346E-03
2.492013E-03
9.882167E-04
6.870883E-05
1.858655E-05
3.343636E-04
3.792351E-04
1.856659E-04
9.547063E-04
2.611408E-03
4.162483E-03
5.012283E-03
5.329295E-03
5.618236E-03
6.093778E-03
6.703337E-03
6.768976E-03
6.009447E-03
5.477513E-03
5.611751E-03
6.078229E-03
6.821710E-03
7.968482E-03
9.119768E-03
1.004413E-02
1.083247E-02
1.147542E-02
1.190220E-02
1.223408E-02
1.242508E-02
1.216677E-02
1.148942E-02
1.068257E-02
1.029322E-02
1.029413E-02
1.016231E-02
9.796290E-03
9.457609E-03
9.397468E-03
9.392772E-03
8.855728E-03
8.043339E-03
7.442646E-03
6.913861E-03
6.246415E-03
5.475302E-03
4.894421E-03
4.712573E-03
5.049212E-03
5.631704E-03
6.221201E-03
6.921122E-03
7.807318E-03
8.378959E-03
8.560170E-03
8.606326E-03
8.792968E-03
9.098863E-03
9.044112E-03
8.512022E-03
7.597237E-03
6.668603E-03
5.981146E-03
5.649987E-03
5.533708E-03
5.524042E-03
6.092650E-03
7.497424E-03
8.760006E-03
9.576612E-03
1.048183E-02
1.206885E-02
1.423705E-02
1.570142E-02
1.634599E-02
1.697268E-02
1.786116E-02
1.874276E-02
1.946707E-02
2.006294E-02
2.058107E-02
2.152003E-02
2.310914E-02
2.457871E-02
2.558177E-02
2.635155E-02
2.680452E-02
2.673656E-02
2.625528E-02
2.552747E-02
2.460937E-02
2.327764E-02
2.141662E-02
1.935980E-02
1.769638E-02
1.675647E-02
1.585219E-02
1.449213E-02
1.275400E-02
1.091960E-02
9.057388E-03
7.084315E-03
5.089683E-03
3.411395E-03
1.981267E-03
5.637356E-04
-8.437056E-04
-2.138884E-03
-3.197415E-03
-3.529441E-03
-3.222603E-03
-3.006598E-03
-3.214673E-03
-3.686217E-03
-4.039558E-03
-4.099386E-03
-3.601191E-03
-3.137909E-03
-3.448069E-03
-3.758837E-03
-3.474103E-03
-3.029610E-03
-3.196321E-03
-4.328752E-03
-5.628448E-03
-6.507608E-03
-7.083776E-03
-7.111523E-03
-6.462793E-03
-6.463104E-03
-7.315078E-03
-7.658204E-03
-7.214585E-03
-6.711098E-03
-6.888728E-03
-7.561103E-03
-7.974182E-03
-8.006100E-03
-7.952873E-03
-7.727037E-03
-7.377262E-03
-7.114369E-03
-6.862493E-03
-6.480679E-03
-6.122052E-03
-5.988608E-03
-6.290292E-03
-7.026365E-03
-7.956376E-03
-8.324022E-03
-8.081034E-03
-7.646249E-03
-7.042399E-03
-5.993410E-03
-4.415286E-03
-3.012002E-03
-2.517759E-03
-2.349901E-03
-1.916994E-03
-1.609999E-03
-1.493641E-03
-1.182958E-03
-1.035967E-03
-1.443958E-03
-2.060128E-03
-2.341628E-03
-2.091309E-03
-1.640307E-03
-1.213801E-03
-6.867013E-04
4.473361E-04
2.598808E-03
5.008777E-03
7.028543E-03
8.584729E-03
9.719862E-03
1.028869E-02
1.033581E-02
9.900821E-03
9.090299E-03
7.674308E-03
5.372340E-03
3.413458E-03
2.310847E-03
1.220817E-03
1.626743E-04
-2.588579E-04
2.539815E-04
1.207764E-03
1.623729E-03
1.522690E-03
1.344363E-03
7.066309E-04
-3.043781E-04
-1.151380E-03
-1.534108E-03
-1.579817E-03
-1.721880E-03
-1.995291E-03
-2.132562E-03
-2.142458E-03
-2.199318E-03
-2.473689E-03
-2.786593E-03
-2.848552E-03
-2.596164E-03
-2.128029E-03
-1.192684E-03
-1.227767E-04
5.046789E-04
8.468345E-04
1.210124E-03
1.268399E-03
1.039890E-03
8.524224E-04
6.280194E-04
2.293137E-04
-2.447346E-04
-6.890572E-04
-1.122821E-03
-1.735339E-03
-2.661736E-03
-3.943037E-03
-4.860112E-03
-5.030833E-03
-5.485605E-03
-6.260066E-03
-6.484707E-03
-6.579353E-03
-7.238116E-03
-8.257233E-03
-9.138955E-03
-9.705653E-03
-1.000885E-02
-1.031888E-02
-1.100153E-02
-1.141814E-02
-1.072432E-02
-9.617149E-03
-8.775664E-03
-7.925502E-03
-6.877995E-03
-5.752934E-03
-4.429086E-03
-3.095886E-03
-2.434210E-03
-2.424743E-03
-2.813130E-03
-3.779105E-03
-5.261167E-03
-6.738164E-03
-8.163913E-03
-9.704370E-03
-1.090033E-02
-1.152078E-02
-1.167855E-02
-1.152177E-02
-1.107652E-02
-1.068534E-02
-1.050726E-02
-1.045144E-02
-1.023867E-02
-9.851583E-03
-9.852686E-03
-1.053562E-02
-1.172976E-02
-1.233276E-02
-1.212119E-02
-1.197707E-02
-1.258291E-02
-1.389572E-02
-1.461478E-02
-1.429818E-02
-1.372409E-02
-1.349148E-02
-1.352707E-02
-1.368157E-02
-1.382817E-02
-1.381230E-02
-1.362743E-02
-1.337972E-02
-1.324011E-02
-1.323452E-02
-1.331722E-02
-1.317874E-02
-1.266837E-02
-1.213054E-02
-1.178608E-02
-1.157338E-02
-1.135463E-02
-1.113575E-02
-1.118611E-02
-1.139141E-02
-1.143006E-02
-1.130165E-02
-1.110150E-02
-1.057008E-02
-1.005676E-02
-1.015009E-02
-1.042991E-02
-1.046264E-02
-1.057450E-02
-1.086076E-02
-1.102987E-02
-1.091820E-02
-1.052388E-02
-9.352668E-03
-7.564629E-03
-5.686484E-03
-4.013205E-03
-2.527768E-03
-1.533264E-03
-5.422294E-04
1.043557E-03
1.689525E-03
7.960697E-04
-3.731853E-04
-9.947916E-04
-1.213189E-03
-1.633382E-03
-2.471756E-03
-2.781251E-03
-2.169684E-03
-1.030680E-03
6.111451E-04
3.069732E-03
4.989738E-03
5.876167E-03
7.059440E-03
8.815825E-03
1.029589E-02
1.161857E-02
1.321848E-02
1.452343E-02
1.506700E-02
1.490256E-02
1.472441E-02
1.472338E-02
1.394834E-02
1.237816E-02
1.073373E-02
9.209406E-03
7.658415E-03
6.125960E-03
4.801066E-03
3.698696E-03
2.257340E-03
3.767204E-04
-1.444755E-03
-3.091196E-03
-4.754895E-03
-6.321937E-03
-7.575929E-03
-8.403475E-03
-9.045500E-03
-9.716991E-03
-1.039710E-02
-1.091414E-02
-1.121100E-02
-1.184319E-02
-1.274458E-02
-1.296379E-02
-1.254462E-02
-1.212513E-02
-1.200670E-02
-1.180976E-02
-1.087883E-02
-9.709621E-03
-9.040621E-03
-9.059238E-03
-9.451230E-03
-9.875808E-03
-9.957979E-03
-9.561679E-03
-8.713691E-03
-7.850117E-03
-7.457022E-03
-7.625195E-03
-8.155882E-03
-8.753124E-03
-9.212581E-03
-9.422501E-03
-9.451413E-03
-9.493979E-03
-1.013605E-02
-1.096119E-02
-1.112751E-02
-1.075092E-02
-1.033600E-02
-1.023141E-02
-1.050302E-02
-1.112329E-02
-1.183317E-02
-1.233542E-02
-1.235458E-02
-1.224236E-02
-1.239277E-02
-1.262651E-02
-1.269454E-02
-1.264319E-02
-1.282976E-02
-1.356737E-02
-1.466764E-02
-1.594154E-02
-1.753643E-02
-1.928465E-02
-2.089509E-02
-2.214089E-02
-2.294812E-02
-2.327095E-02
-2.313031E-02
-2.252212E-02
-2.164416E-02
-2.039451E-02
-1.847102E-02
-1.615680E-02
-1.382923E-02
-1.192232E-02
-1.019090E-02
-8.092327E-03
-5.954542E-03
-4.335267E-03
-3.353009E-03
-2.709134E-03
-2.343358E-03
-1.883820E-03
-1.164260E-03
-9.815973E-04
-1.346450E-03
-1.559972E-03
-1.468026E-03
-1.374975E-03
-1.475144E-03
-1.696635E-03
-1.889909E-03
-1.704315E-03
-9.350269E-04
4.546643E-04
1.929882E-03
2.990851E-03
4.129464E-03
5.849703E-03
7.868510E-03
9.853984E-03
1.188640E-02
1.362713E-02
1.478548E-02
1.569607E-02
1.667387E-02
1.773640E-02
1.867642E-02
1.939683E-02
2.006756E-02
2.060089E-02
2.050961E-02
2.014704E-02
2.007956E-02
2.038112E-02
2.079652E-02
2.124296E-02
2.142109E-02
2.118387E-02
2.094826E-02
2.084270E-02
2.053869E-02
2.028171E-02
2.050309E-02
2.136489E-02
2.199323E-02
2.101289E-02
1.934471E-02
1.831715E-02
1.755554E-02
1.645324E-02
1.509798E-02
1.411132E-02
1.359333E-02
1.303859E-02
1.231638E-02
1.168079E-02
1.118993E-02
1.095951E-02
1.139932E-02
1.181839E-02
1.134341E-02
1.059042E-02
1.008485E-02
9.334037E-03
8.184311E-03
6.965592E-03
6.155173E-03
5.393613E-03
3.805359E-03
1.867472E-03
5.132602E-04
2.954160E-04
5.208763E-04
3.175633E-04
-4.221111E-04
-1.247755E-03
-1.744578E-03
-1.804914E-03
-1.477465E-03
-1.053890E-03
-7.384575E-04
-6.604828E-04
-4.843026E-04
1.477193E-04
6.718277E-04
7.607076E-04
8.901062E-04
1.382845E-03
2.147110E-03
2.953005E-03
3.686093E-03
4.279494E-03
4.824776E-03
5.435807E-03
6.126508E-03
6.693902E-03
6.325061E-03
5.118821E-03
3.706437E-03
2.500963E-03
1.432865E-03
3.369365E-04
-4.084099E-04
-3.860345E-04
8.389092E-04
2.488565E-03
2.649204E-03
2.282513E-03
3.047981E-03
4.318215E-03
4.884675E-03
4.342575E-03
3.570175E-03
3.278063E-03
3.130266E-03
2.745842E-03
2.326226E-03
2.254660E-03
2.651106E-03
3.423611E-03
4.316031E-03
5.208768E-03
5.846052E-03
6.111466E-03
6.318799E-03
6.570228E-03
6.602714E-03
6.441426E-03
6.305704E-03
6.360051E-03
6.468667E-03
6.390378E-03
6.151090E-03
5.942184E-03
6.040172E-03
6.258482E-03
6.209397E-03
6.692668E-03
8.297225E-03
9.768799E-03
1.047296E-02
1.078663E-02
1.066796E-02
9.908058E-03
9.145506E-03
8.404741E-03
6.819570E-03
4.354408E-03
1.632479E-03
-6.366141E-04
-2.495692E-03
-3.920058E-03
-4.958642E-03
-5.607079E-03
-6.029099E-03
-6.355718E-03
-6.257079E-03
-5.711588E-03
-5.257545E-03
-5.040634E-03
-4.794851E-03
-4.277733E-03
-3.484550E-03
-2.220444E-03
-6.309860E-04
1.004615E-03
2.685888E-03
4.485613E-03
5.975449E-03
7.134806E-03
8.235134E-03
9.227846E-03
9.925724E-03
1.033836E-02
1.050164E-02
1.015365E-02
8.942640E-03
6.920899E-03
4.941817E-03
3.306670E-03
1.672420E-03
-4.453636E-04
-3.011205E-03
-5.063962E-03
-6.245835E-03
-6.781699E-03
-6.587216E-03
-5.783701E-03
-4.708469E-03
-3.539883E-03
-2.290534E-03
-1.280672E-03
-5.709394E-04
1.444065E-04
6.204131E-04
2.995616E-04
-5.785512E-04
-1.563464E-03
-2.785426E-03
-4.030177E-03
-4.752496E-03
-4.644973E-03
-4.017097E-03
-3.263142E-03
-2.466531E-03
-1.513162E-03
-5.310022E-04
3.351498E-04
1.171219E-03
2.065802E-03
3.000741E-03
3.922603E-03
4.815674E-03
5.699063E-03
6.590595E-03
7.490686E-03
8.463578E-03
9.895559E-03
1.164786E-02
1.330834E-02
1.479557E-02
1.627117E-02
1.780273E-02
1.924846E-02
2.012035E-02
2.058783E-02
2.111771E-02
2.148565E-02
2.132534E-02
2.085502E-02
2.035084E-02
1.974304E-02
1.916041E-02
1.865393E-02
1.748730E-02
1.578535E-02
1.428422E-02
1.296546E-02
1.141263E-02
9.569802E-03
7.420642E-03
4.897984E-03
2.696872E-03
1.177590E-03
8.156946E-05
-9.196059E-04
-1.759993E-03
-2.257021E-03
-2.329291E-03
-1.932276E-03
-1.113357E-03
1.419815E-04
1.285166E-03
1.994964E-03
2.115181E-03
2.115694E-03
2.477740E-03
2.794714E-03
2.766094E-03
2.851346E-03
3.066843E-03
2.994232E-03
2.647836E-03
2.212735E-03
1.586946E-03
8.740640E-04
3.027513E-04
-2.609194E-04
-9.414752E-04
-1.543568E-03
-1.808381E-03
-1.606694E-03
-1.124181E-03
-5.917137E-04
-7.217098E-05
3.613785E-04
5.960815E-04
6.973479E-04
6.844246E-04
2.926186E-04
-2.130396E-04
-3.477548E-04
-3.023874E-04
-4.102742E-04
-6.364248E-04
-8.229534E-04
-9.275717E-04
-1.013450E-03
-1.066590E-03
-7.262024E-04
-9.138885E-05
4.802854E-04
1.036411E-03
1.657058E-03
1.587886E-03
9.254453E-04
3.282725E-04
-2.574574E-04
-1.129654E-03
-1.784987E-03
-2.155556E-03
-2.679543E-03
-3.201170E-03
-3.431734E-03
-3.864414E-03
-4.586009E-03
-5.178914E-03
-5.628570E-03
-6.207790E-03
-7.111977E-03
-8.249230E-03
-9.547624E-03
-1.084172E-02
-1.195175E-02
-1.250013E-02
-1.267706E-02
-1.288636E-02
-1.306007E-02
-1.294003E-02
-1.255982E-02
-1.209575E-02
-1.164625E-02
-1.137747E-02
-1.112556E-02
-1.039353E-02
-9.600839E-03
-9.241530E-03
-8.617567E-03
-7.618548E-03
-7.319852E-03
-7.872128E-03
-8.793878E-03
-9.692762E-03
-1.038302E-02
-1.060869E-02
-1.050126E-02
-1.021703E-02
-9.914955E-03
-9.364024E-03
-7.958560E-03
-6.068036E-03
-4.355298E-03
-3.199818E-03
-2.377691E-03
-1.511398E-03
-7.983419E-04
-6.821024E-04
-7.199102E-04
-4.102334E-04
3.065326E-04
1.156980E-03
2.036542E-03
2.806410E-03
3.462421E-03
4.473787E-03
5.850765E-03
7.247665E-03
8.203279E-03
8.638304E-03
9.034405E-03
9.444185E-03
9.307787E-03
8.637622E-03
7.752542E-03
6.962322E-03
6.415777E-03
6.236163E-03
5.763974E-03
4.554848E-03
3.323455E-03
2.638774E-03
2.442827E-03
2.247780E-03
1.772870E-03
9.277298E-04
-5.199402E-06
-5.335985E-04
-8.875974E-04
-1.436634E-03
-1.834805E-03
-1.857744E-03
-1.525560E-03
-1.173217E-03
-1.024666E-03
-1.068056E-03
-1.274188E-03
-1.783773E-03
-2.611524E-03
-3.645016E-03
-4.679461E-03
-5.417453E-03
-5.395451E-03
-4.886413E-03
-4.369297E-03
-4.021575E-03
-3.762437E-03
-3.616179E-03
-3.734822E-03
-4.152635E-03
-4.512483E-03
-4.835313E-03
-5.644976E-03
-6.970009E-03
-8.537907E-03
-1.041712E-02
-1.232043E-02
-1.363243E-02
-1.460381E-02
-1.566082E-02
-1.637313E-02
-1.658418E-02
-1.656465E-02
-1.657412E-02
-1.667850E-02
-1.716114E-02
-1.769388E-02
-1.774287E-02
-1.774644E-02
-1.817756E-02
-1.862571E-02
-1.878569E-02
-1.878168E-02
-1.876021E-02
-1.875619E-02
-1.895583E-02
-1.921759E-02
-1.925779E-02
-1.918475E-02
-1.911484E-02
-1.857924E-02
-1.771170E-02
-1.709648E-02
-1.673590E-02
-1.627838E-02
-1.547614E-02
-1.445216E-02
-1.337433E-02
-1.253537E-02
-1.198841E-02
-1.107955E-02
-9.774216E-03
-8.885735E-03
-8.476623E-03
-8.046724E-03
-7.075584E-03
-5.865435E-03
-5.926587E-03
-6.795599E-03
-6.932431E-03
-6.293008E-03
-5.682249E-03
-5.730514E-03
-5.919730E-03
-5.455452E-03
-4.775685E-03
-4.560230E-03
-4.947803E-03
-5.671239E-03
-6.563720E-03
-7.411561E-03
-8.244044E-03
-9.550965E-03
-1.095058E-02
-1.167674E-02
-1.217596E-02
-1.295493E-02
-1.362536E-02
-1.364525E-02
-1.287938E-02
-1.218268E-02
-1.187609E-02
-1.097692E-02
-9.372983E-03
-7.786749E-03
-6.752778E-03
-6.230521E-03
-5.918374E-03
-5.649000E-03
-5.598009E-03
-5.719873E-03
-5.872241E-03
-6.191015E-03
-6.637108E-03
-6.997507E-03
-7.365171E-03
-7.959616E-03
-8.963441E-03
-9.951742E-03
-1.039990E-02
-1.059991E-02
-1.089546E-02
-1.093811E-02
-1.069272E-02
-1.049649E-02
-1.036254E-02
-1.012058E-02
-9.807061E-03
-9.450161E-03
-8.941330E-03
-8.504445E-03
-8.332527E-03
-8.147645E-03
-7.999594E-03
-8.428253E-03
-9.012137E-03
-9.217800E-03
-9.614761E-03
-1.042401E-02
-1.126676E-02
-1.201667E-02
-1.271357E-02
-1.282893E-02
-1.247438E-02
-1.212760E-02
-1.175223E-02
-1.111944E-02
-1.047602E-02
-1.005699E-02
-9.955266E-03
-9.891848E-03
-9.608349E-03
-8.946607E-03
-8.191274E-03
-7.928538E-03
-7.609414E-03
-6.627799E-03
-5.800702E-03
-5.754295E-03
-6.287071E-03
-6.674960E-03
-6.570093E-03
-6.489403E-03
-6.734263E-03
-6.975737E-03
-7.243036E-03
-7.876729E-03
-8.693278E-03
-9.373425E-03
-9.588294E-03
-9.434861E-03
-9.205195E-03
-8.850103E-03
-8.117048E-03
-7.306510E-03
-6.617564E-03
-5.410141E-03
-3.956694E-03
-3.370488E-03
-3.344202E-03
-3.005849E-03
-2.178039E-03
-1.343980E-03
-9.662837E-04
-8.907350E-04
-7.467563E-04
-2.229958E-04
6.498301E-04
1.704234E-03
2.844289E-03
4.122809E-03
5.295636E-03
6.217512E-03
6.802264E-03
7.078997E-03
7.071476E-03
6.821889E-03
6.365735E-03
6.008826E-03
5.686038E-03
5.106791E-03
4.486326E-03
4.189171E-03
4.584845E-03
5.332676E-03
5.926332E-03
6.267791E-03
6.500173E-03
6.562616E-03
6.687536E-03
7.349631E-03
7.912856E-03
7.722593E-03
7.239747E-03
7.084587E-03
7.467120E-03
7.992939E-03
8.314522E-03
8.384265E-03
8.608104E-03
9.634746E-03
1.064774E-02
1.052183E-02
1.015302E-02
1.071342E-02
1.124762E-02
1.064844E-02
9.364310E-03
8.280029E-03
7.660301E-03
6.581355E-03
4.508999E-03
2.613697E-03
1.463875E-03
6.430372E-04
1.142684E-04
-2.600403E-05
-8.533158E-04
-2.197294E-03
-2.997414E-03
-2.897212E-03
-2.266768E-03
-1.807594E-03
-1.681041E-03
-1.651447E-03
-1.726398E-03
-2.088235E-03
-2.841172E-03
-3.827136E-03
-4.958150E-03
-6.259504E-03
-7.663386E-03
-8.617614E-03
-9.146848E-03
-9.611603E-03
-1.013442E-02
-1.054463E-02
-1.045049E-02
-9.987709E-03
-9.508325E-03
-9.238792E-03
-9.123902E-03
-8.778666E-03
-8.235197E-03
-8.005751E-03
-7.889050E-03
-7.327988E-03
-6.300181E-03
-5.123508E-03
-3.997402E-03
-2.958447E-03
-1.999730E-03
-1.253775E-03
-6.722431E-04
1.065609E-04
8.132185E-04
8.848688E-04
4.948554E-04
1.181637E-04
4.787798E-04
1.404699E-03
2.388496E-03
2.996416E-03
3.245918E-03
3.733011E-03
4.350822E-03
4.123369E-03
3.397603E-03
2.923882E-03
2.119755E-03
7.045767E-04
-5.351831E-04
-1.269205E-03
-1.698924E-03
-1.645386E-03
-1.225917E-03
-6.603566E-04
-2.350747E-04
-6.980920E-05
-1.823904E-04
-2.952682E-04
1.357980E-04
9.707850E-04
1.782665E-03
2.015671E-03
1.900899E-03
2.317806E-03
2.952583E-03
2.883611E-03
1.845915E-03
3.633342E-04
-1.000928E-03
-2.243498E-03
-3.603397E-03
-4.897198E-03
-5.845399E-03
-6.305050E-03
-6.680361E-03
-7.282836E-03
-7.514195E-03
-7.322919E-03
-7.647630E-03
-8.281046E-03
-8.393984E-03
-8.075803E-03
-7.711956E-03
-6.933319E-03
-5.777058E-03
-4.656322E-03
-3.639187E-03
-2.644903E-03
-2.001443E-03
-1.864546E-03
-2.163162E-03
-2.667152E-03
-3.345482E-03
-4.355312E-03
-5.389561E-03
-5.975666E-03
-6.071714E-03
-5.920026E-03
-6.116804E-03
-6.586770E-03
-6.856734E-03
-6.805005E-03
-6.584514E-03
-6.232805E-03
-5.820335E-03
-5.414379E-03
-4.963933E-03
-4.456838E-03
-4.176278E-03
-4.068498E-03
-3.830621E-03
-3.479055E-03
-3.219819E-03
-3.273986E-03
-3.471880E-03
-3.333848E-03
-2.987673E-03
-2.783018E-03
-2.666474E-03
-2.524842E-03
-2.474261E-03
-2.341160E-03
-1.843514E-03
-1.173135E-03
-6.648333E-04
-7.584556E-04
-1.170328E-03
-1.363290E-03
-1.221912E-03
-9.688576E-04
-6.847642E-04
-3.942851E-04
-1.669139E-04
-3.248773E-04
-8.582491E-04
-1.427724E-03
-1.888118E-03
-2.349952E-03
-2.987278E-03
-3.635019E-03
-3.810194E-03
-3.505096E-03
-2.935278E-03
-2.517098E-03
-2.371194E-03
-2.482668E-03
-2.537596E-03
-2.273285E-03
-2.049372E-03
-2.247011E-03
-2.964937E-03
-3.868566E-03
-4.768717E-03
-6.003366E-03
-7.491031E-03
-8.478745E-03
-9.033522E-03
-9.632334E-03
-1.020959E-02
-1.057252E-02
-1.079775E-02
-1.090170E-02
-1.085510E-02
-1.081068E-02
-1.084502E-02
-1.089386E-02
-1.085385E-02
-1.073046E-02
-1.076444E-02
-1.080704E-02
-1.023491E-02
-9.369939E-03
-8.821075E-03
-8.694291E-03
-8.782574E-03
-9.012879E-03
-9.368264E-03
-9.834834E-03
-1.034987E-02
-1.078763E-02
-1.093065E-02
-1.081127E-02
-1.059340E-02
-1.043390E-02
-1.021676E-02
-9.639550E-03
-8.926354E-03
-8.393498E-03
-7.888401E-03
-7.307872E-03
-6.883190E-03
-6.591143E-03
-6.234674E-03
-5.661204E-03
-4.854208E-03
-3.804389E-03
-2.696250E-03
-1.700618E-03
-9.980634E-04
-4.844235E-04
2.226634E-04
7.204573E-04
3.135792E-04
-3.843672E-04
-7.262693E-04
-8.063580E-04
-9.688142E-04
-1.254700E-03
-1.086886E-03
-4.193553E-04
-1.650031E-04
-2.923260E-04
-1.006554E-04
2.157777E-04
3.732264E-04
9.556805E-04
1.886827E-03
2.600619E-03
3.312212E-03
4.313932E-03
5.413444E-03
6.312222E-03
6.905499E-03
7.297560E-03
7.611721E-03
8.128561E-03
8.539784E-03
8.342231E-03
8.177853E-03
8.621058E-03
9.141638E-03
9.459834E-03
9.838727E-03
9.881519E-03
9.236701E-03
8.497493E-03
8.129530E-03
8.055139E-03
7.904004E-03
7.510244E-03
6.845771E-03
6.091076E-03
5.398807E-03
4.723152E-03
3.993977E-03
3.277907E-03
2.621903E-03
1.998545E-03
1.267859E-03
6.467810E-04
7.596056E-04
8.965224E-04
-1.325315E-05
-1.694448E-03
-3.358713E-03
-4.660972E-03
-5.818493E-03
-7.028751E-03
-7.798800E-03
-7.827904E-03
-7.286520E-03
-6.843442E-03
-6.834798E-03
-6.964671E-03
-6.905443E-03
-6.632589E-03
-6.392561E-03
-6.300473E-03
-6.070649E-03
-5.523341E-03
-4.694605E-03
-3.764976E-03
-2.777984E-03
-1.601394E-03
-5.558882E-04
-2.009455E-05
7.119029E-04
2.018472E-03
3.364256E-03
4.414886E-03
5.324507E-03
6.282416E-03
7.240161E-03
7.755227E-03
7.913138E-03
8.097060E-03
8.129849E-03
7.759745E-03
7.453654E-03
7.400442E-03
7.370352E-03
7.286560E-03
7.306776E-03
7.782130E-03
8.381743E-03
8.536388E-03
8.437322E-03
8.415795E-03
8.238665E-03
7.742055E-03
7.018765E-03
6.348428E-03
5.785971E-03
5.056959E-03
4.007460E-03
2.700759E-03
1.500538E-03
6.580856E-04
2.655080E-04
1.391899E-04
1.845664E-04
2.562438E-04
2.150932E-04
-8.474233E-05
-2.784916E-04
4.541258E-05
6.091001E-04
1.142108E-03
1.824143E-03
2.755646E-03
3.874257E-03
4.845770E-03
5.595722E-03
6.406753E-03
7.443434E-03
8.620297E-03
9.521795E-03
1.005992E-02
1.047645E-02
1.123796E-02
1.259312E-02
1.365204E-02
1.397437E-02
1.394156E-02
1.403088E-02
1.432958E-02
1.465386E-02
1.488399E-02
1.507785E-02
1.520332E-02
1.514516E-02
1.499676E-02
1.481553E-02
1.434691E-02
1.389268E-02
1.396846E-02
1.410934E-02
1.383412E-02
1.303280E-02
1.214959E-02
1.155852E-02
1.083913E-02
9.835624E-03
9.089771E-03
8.547619E-03
7.797219E-03
7.044858E-03
6.703026E-03
7.004850E-03
7.425268E-03
7.497871E-03
7.365268E-03
7.305770E-03
7.348904E-03
7.260595E-03
6.940975E-03
6.811179E-03
6.873486E-03
6.509270E-03
5.702391E-03
4.862911E-03
4.353613E-03
4.033253E-03
3.481677E-03
2.801785E-03
2.408175E-03
2.881470E-03
3.593770E-03
3.334721E-03
2.918602E-03
3.436995E-03
4.088256E-03
4.243141E-03
4.199721E-03
4.365789E-03
4.771708E-03
5.200115E-03
5.472462E-03
5.507629E-03
5.476785E-03
5.512607E-03
5.463690E-03
5.364650E-03
5.494977E-03
5.920709E-03
6.464486E-03
6.720673E-03
6.682801E-03
6.537241E-03
6.350851E-03
6.050604E-03
5.513832E-03
4.864737E-03
4.314151E-03
4.028073E-03
4.008119E-03
4.051587E-03
4.005890E-03
3.867018E-03
3.660074E-03
3.392363E-03
3.138178E-03
3.041130E-03
3.216166E-03
3.558548E-03
3.877171E-03
3.909729E-03
3.896231E-03
4.239238E-03
4.886704E-03
5.597684E-03
6.162151E-03
6.713499E-03
7.480782E-03
8.205403E-03
8.709954E-03
9.606243E-03
1.059555E-02
1.085546E-02
1.116630E-02
1.229781E-02
1.335933E-02
1.374663E-02
1.362143E-02
1.360117E-02
1.389665E-02
1.390558E-02
1.350957E-02
1.313284E-02
1.318609E-02
1.356402E-02
1.329818E-02
1.252021E-02
1.208375E-02
1.217489E-02
1.242601E-02
1.234351E-02
1.204314E-02
1.192970E-02
1.217871E-02
1.266977E-02
1.306304E-02
1.313276E-02
1.285162E-02
1.241141E-02
1.185002E-02
1.087360E-02
9.786281E-03
9.189911E-03
9.241454E-03
9.559058E-03
9.647901E-03
9.455487E-03
9.190713E-03
9.139999E-03
9.247451E-03
9.018450E-03
8.495205E-03
8.074653E-03
7.799736E-03
7.467251E-03
6.930457E-03
6.297912E-03
5.697428E-03
5.019707E-03
4.323402E-03
3.994445E-03
4.154848E-03
4.561230E-03
4.454891E-03
3.882815E-03
3.700767E-03
3.779721E-03
3.508656E-03
2.739895E-03
1.904685E-03
1.632180E-03
1.789309E-03
1.930195E-03
1.862939E-03
1.640249E-03
1.244640E-03
7.853655E-04
3.252835E-04
-3.568421E-04
-1.004442E-03
-9.141038E-04
-5.203694E-04
-5.101309E-04
-7.547180E-04
-1.039410E-03
-1.589597E-03
-1.971271E-03
-1.789481E-03
-1.611283E-03
-1.642755E-03
-1.539641E-03
-1.634816E-03
-2.136868E-03
-2.460396E-03
-2.698801E-03
-2.848213E-03
-2.692061E-03
-1.828101E-03
-5.296450E-04
2.463521E-04
2.196377E-04
-2.667458E-04
-1.124277E-03
-2.349244E-03
-3.712030E-03
-4.832433E-03
-5.510361E-03
-5.572355E-03
-5.124757E-03
-4.043957E-03
-2.853374E-03
-2.075722E-03
-1.733419E-03
-1.398416E-03
-7.483432E-04
8.821608E-05
8.622528E-04
1.459963E-03
2.041401E-03
2.846354E-03
3.635966E-03
4.150040E-03
4.653289E-03
5.362263E-03
6.189207E-03
6.892898E-03
7.376470E-03
7.662093E-03
7.862154E-03
8.122706E-03
8.522280E-03
9.016340E-03
9.411113E-03
9.724453E-03
1.014696E-02
1.060122E-02
1.095581E-02
1.140510E-02
1.186559E-02
1.190212E-02
1.139714E-02
1.069448E-02
1.084188E-02
1.149346E-02
1.141051E-02
1.096879E-02
1.105447E-02
1.130744E-02
1.117827E-02
1.061194E-02
9.879736E-03
9.204609E-03
9.041443E-03
9.109592E-03
8.846205E-03
8.450056E-03
8.190070E-03
7.659185E-03
6.711877E-03
5.546757E-03
4.320951E-03
3.160009E-03
2.307878E-03
1.947769E-03
2.067359E-03
2.626096E-03
3.540168E-03
4.635724E-03
5.379282E-03
5.357117E-03
5.377395E-03
5.678130E-03
5.272403E-03
3.821737E-03
1.874076E-03
5.122756E-04
-1.199126E-04
-3.564809E-04
-7.220170E-04
-1.309671E-03
-1.489117E-03
-1.463977E-03
-1.929158E-03
-2.362487E-03
-2.219855E-03
-1.429052E-03
-6.578941E-04
-5.282641E-04
-8.037276E-04
-1.006137E-03
-9.788782E-04
-8.499966E-04
-6.758026E-04
-7.831376E-05
8.759526E-04
1.195655E-03
8.002332E-04
3.219695E-04
2.313328E-04
4.151128E-04
5.479209E-04
5.156805E-04
4.550394E-04
7.212274E-04
1.120235E-03
8.768086E-04
1.922369E-04
-3.340376E-04
-7.254716E-04
-1.304931E-03
-2.202686E-03
-2.810060E-03
-2.715853E-03
-2.461077E-03
-2.551499E-03
-3.075724E-03
-3.846095E-03
-4.615463E-03
-4.765231E-03
-4.475813E-03
-4.296901E-03
-3.784709E-03
-2.479623E-03
-1.308468E-03
-8.402180E-04
-8.464947E-04
-8.515895E-04
-7.380489E-04
-5.131461E-04
-3.875033E-04
-5.490828E-04
-8.050973E-04
-9.122516E-04
-6.840888E-04
-3.017131E-04
2.230929E-05
6.180151E-04
1.543896E-03
2.099221E-03
2.095522E-03
1.905436E-03
2.261481E-03
3.183262E-03
4.038441E-03
4.211677E-03
3.540922E-03
3.001505E-03
3.168510E-03
3.782650E-03
4.200594E-03
4.117452E-03
3.600860E-03
2.967504E-03
2.541840E-03
2.333365E-03
2.166156E-03
1.845784E-03
1.661944E-03
2.331995E-03
3.354801E-03
3.914064E-03
3.790544E-03
3.537735E-03
3.697142E-03
4.229740E-03
4.767227E-03
4.744924E-03
4.463522E-03
4.672194E-03
4.734452E-03
3.899864E-03
2.895009E-03
2.472737E-03
2.657877E-03
2.905854E-03
2.875146E-03
2.435453E-03
2.135170E-03
2.559212E-03
3.252806E-03
3.778593E-03
4.347620E-03
4.666400E-03
4.239289E-03
4.145085E-03
4.783601E-03
5.084017E-03
4.779644E-03
4.406567E-03
4.247660E-03
4.346178E-03
4.887237E-03
5.545266E-03
5.992183E-03
6.468978E-03
7.213569E-03
8.143372E-03
8.971236E-03
9.574630E-03
1.008123E-02
1.058124E-02
1.101832E-02
1.145461E-02
1.191279E-02
1.187917E-02
1.142409E-02
1.137088E-02
1.149514E-02
1.121394E-02
1.086304E-02
1.073711E-02
1.071827E-02
1.077183E-02
1.092359E-02
1.089421E-02
1.069731E-02
1.054430E-02
1.003694E-02
8.923933E-03
8.127236E-03
7.771874E-03
7.215641E-03
6.435152E-03
5.731834E-03
5.227656E-03
4.861638E-03
4.580693E-03
4.385460E-03
4.215398E-03
3.924471E-03
3.713263E-03
3.772302E-03
3.855386E-03
3.796068E-03
3.710933E-03
3.719505E-03
3.777359E-03
3.558043E-03
3.000153E-03
2.346347E-03
1.597860E-03
7.209219E-04
3.186066E-04
5.337809E-04
1.073266E-03
1.601561E-03
2.105111E-03
2.677322E-03
3.206244E-03
3.486220E-03
3.608275E-03
3.677131E-03
3.552669E-03
3.245588E-03
2.891480E-03
2.463114E-03
1.876679E-03
1.148793E-03
3.684475E-04
-1.113200E-04
-2.087214E-04
-6.043818E-05
1.781001E-04
4.776170E-04
6.701120E-04
7.452903E-04
8.086201E-04
9.357717E-04
1.098571E-03
1.203113E-03
1.204945E-03
1.104818E-03
8.859623E-04
5.649661E-04
1.120715E-04
-6.119765E-04
-1.663255E-03
-2.156648E-03
-1.917025E-03
-1.820237E-03
-1.959124E-03
-1.735782E-03
-1.093438E-03
-4.239182E-04
-8.339571E-05
-8.778413E-05
-3.034273E-04
-8.284788E-05
3.493921E-04
-2.518476E-04
-1.344640E-03
-1.830812E-03
-1.868940E-03
-1.933213E-03
-1.960044E-03
-2.325451E-03
-3.231740E-03
-3.623398E-03
-3.273524E-03
-2.771040E-03
-2.550020E-03
-2.553416E-03
-2.552758E-03
-2.317303E-03
-1.634104E-03
-8.636470E-04
-3.912157E-04
-2.359745E-04
-1.652122E-04
-4.454526E-05
1.087458E-04
1.768693E-04
-9.201308E-05
-4.367689E-04
-4.189986E-04
-1.937401E-04
-1.908134E-04
-1.155431E-03
-2.751286E-03
-4.189828E-03
-5.194445E-03
-5.921798E-03
-6.403768E-03
-6.544425E-03
-6.209672E-03
-6.179217E-03
-6.641590E-03
-6.804418E-03
-6.557300E-03
-6.370416E-03
-6.405447E-03
-6.505565E-03
-6.539654E-03
-6.632388E-03
-6.875051E-03
-6.881178E-03
-6.482875E-03
-5.873106E-03
-5.063438E-03
-4.043889E-03
-3.584471E-03
-3.585297E-03
-2.837330E-03
-1.580842E-03
-7.184538E-04
-3.834280E-04
-2.163726E-04
-1.453356E-05
3.335089E-04
8.468801E-04
1.567860E-03
2.323016E-03
2.707204E-03
3.029509E-03
3.676707E-03
4.185303E-03
4.192003E-03
3.835298E-03
3.485227E-03
3.242895E-03
2.677641E-03
1.806447E-03
1.313675E-03
1.356776E-03
1.514303E-03
9.704187E-04
-5.827848E-05
-8.515557E-04
-1.258356E-03
-1.528220E-03
-1.697562E-03
-1.755247E-03
-1.749771E-03
-1.981303E-03
-2.448408E-03
-2.683584E-03
-2.771639E-03
-3.198768E-03
-4.195378E-03
-5.275826E-03
-5.540850E-03
-5.272230E-03
-5.134625E-03
-5.035272E-03
-4.717622E-03
-4.305087E-03
-3.904189E-03
-3.484094E-03
-2.974558E-03
-2.401940E-03
-1.876847E-03
-1.447326E-03
-1.087856E-03
-6.230041E-04
-2.826111E-04
-7.777199E-04
-1.721394E-03
-2.435953E-03
-3.040794E-03
-3.638351E-03
-3.708198E-03
-3.115730E-03
-2.202474E-03
-1.662657E-03
-1.538861E-03
-1.520168E-03
-1.465069E-03
-1.461821E-03
-1.605085E-03
-1.739391E-03
-1.550192E-03
-1.283431E-03
-1.248743E-03
-1.228621E-03
-9.163496E-04
-2.521244E-04
2.496026E-04
2.077198E-04
-4.887962E-04
-1.541212E-03
-2.685459E-03
-3.711504E-03
-4.681193E-03
-6.036497E-03
-7.731088E-03
-9.331870E-03
-1.022371E-02
-1.052018E-02
-1.087255E-02
-1.089918E-02
-1.005863E-02
-8.993436E-03
-8.081709E-03
-6.888035E-03
-5.503852E-03
-4.299715E-03
-3.187622E-03
-2.116384E-03
-1.392092E-03
-1.107475E-03
-1.255694E-03
-1.804357E-03
-2.607244E-03
-3.433543E-03
-4.145105E-03
-4.744604E-03
-5.198686E-03
-5.408025E-03
-5.223999E-03
-4.924111E-03
-4.783592E-03
-4.694024E-03
-4.576442E-03
-4.614180E-03
-4.586557E-03
-4.265380E-03
-3.977973E-03
-3.772679E-03
-3.238356E-03
-2.386419E-03
-1.484870E-03
-6.138660E-04
-8.348443E-05
-6.413981E-04
-2.019148E-03
-3.596800E-03
-5.305998E-03
-6.907908E-03
-7.929052E-03
-8.116138E-03
-7.821957E-03
-7.634480E-03
-7.430991E-03
-6.788628E-03
-6.271795E-03
-6.280778E-03
-6.642395E-03
-7.264996E-03
-8.320603E-03
-9.543590E-03
-1.046068E-02
-1.061340E-02
-1.011318E-02
-9.134953E-03
-8.277880E-03
-7.862580E-03
-7.857118E-03
-7.682453E-03
-6.948872E-03
-6.258351E-03
-6.249553E-03
-7.108160E-03
-7.661210E-03
-7.082286E-03
-5.986547E-03
-5.049014E-03
-4.276874E-03
-3.496976E-03
-2.743467E-03
-2.664079E-03
-3.312722E-03
-3.993074E-03
-4.538899E-03
-5.141102E-03
-5.332276E-03
-5.144033E-03
-4.990264E-03
-4.906507E-03
-4.707249E-03
-4.455759E-03
-4.229559E-03
-3.996397E-03
-3.630284E-03
-3.127178E-03
-2.830511E-03
-2.701902E-03
-2.389943E-03
-2.123659E-03
-2.243902E-03
-2.573524E-03
-2.868738E-03
-3.156148E-03
-3.545865E-03
-4.072982E-03
-4.742108E-03
-5.345336E-03
-5.672641E-03
-6.052343E-03
-6.766406E-03
-7.637005E-03
-8.274719E-03
-8.485028E-03
-8.639388E-03
-9.030720E-03
-9.581519E-03
-9.915489E-03
-9.761188E-03
-9.293507E-03
-8.726585E-03
-8.172108E-03
-7.775079E-03
-7.678189E-03
-7.818243E-03
-8.064513E-03
-8.066584E-03
-8.265821E-03
-9.336297E-03
-1.041622E-02
-1.080831E-02
-1.066724E-02
-1.064276E-02
-1.106911E-02
-1.136025E-02
-1.122212E-02
-1.124471E-02
-1.124045E-02
-1.046001E-02
-9.135894E-03
-7.729588E-03
-6.202999E-03
-4.926676E-03
-4.471749E-03
-4.259345E-03
-3.720489E-03
-3.055289E-03
-2.680620E-03
-2.848564E-03
-3.193103E-03
-3.276099E-03
-2.828030E-03
-2.298315E-03
-2.363401E-03
-2.568500E-03
-2.291517E-03
-1.863161E-03
-1.544759E-03
-1.076131E-03
-6.155751E-04
-4.475882E-04
-4.378005E-04
-2.542153E-04
3.635788E-04
9.373542E-04
1.043438E-03
9.928413E-04
8.604992E-04
7.468708E-05
-1.256954E-03
-2.682781E-03
-4.087178E-03
-5.279943E-03
-5.978586E-03
-6.245431E-03
-6.170430E-03
-5.666750E-03
-5.059595E-03
-4.760928E-03
-4.352915E-03
-3.560732E-03
-3.442231E-03
-3.993693E-03
-4.337613E-03
-4.396467E-03
-4.578651E-03
-4.929114E-03
-5.196229E-03
-5.176320E-03
-4.735033E-03
-3.834088E-03
-2.556199E-03
-1.459534E-03
-1.313808E-03
-1.175659E-03
-1.093000E-04
9.771660E-04
1.613041E-03
2.399122E-03
3.057126E-03
3.053534E-03
2.863798E-03
2.999584E-03
3.515680E-03
4.021664E-03
4.242597E-03
4.063233E-03
3.756697E-03
3.837571E-03
4.249938E-03
4.630273E-03
4.418036E-03
3.801791E-03
3.626018E-03
3.841260E-03
3.881925E-03
3.553106E-03
2.955028E-03
2.127903E-03
1.273452E-03
1.213747E-03
1.829338E-03
2.450541E-03
2.722484E-03
2.802775E-03
2.997859E-03
3.442520E-03
4.066201E-03
4.265965E-03
3.766751E-03
3.219354E-03
3.114350E-03
3.505351E-03
3.931127E-03
4.089473E-03
4.137825E-03
4.130429E-03
3.759469E-03
3.435686E-03
3.576778E-03
3.699477E-03
3.425826E-03
2.758448E-03
1.915326E-03
1.107540E-03
7.898767E-04
7.779916E-04
5.789368E-04
1.665078E-04
-1.601848E-04
-4.426268E-05
3.197392E-04
5.111391E-04
2.888032E-04
-2.324237E-04
-4.799618E-04
-3.705992E-04
-3.573317E-04
-5.338046E-04
-6.984906E-04
-8.722035E-04
-1.106307E-03
-1.324685E-03
-1.610068E-03
-2.062311E-03
-2.589712E-03
-3.040103E-03
-3.263159E-03
-3.026737E-03
-2.320661E-03
-1.740783E-03
-1.454959E-03
-1.061409E-03
-2.147733E-04
1.098195E-03
2.114385E-03
2.560400E-03
2.891131E-03
3.297376E-03
3.524531E-03
3.394735E-03
3.072087E-03
2.981783E-03
2.994035E-03
2.707106E-03
2.323369E-03
2.186184E-03
2.347374E-03
2.406350E-03
2.021346E-03
1.878655E-03
2.505765E-03
3.352228E-03
3.621080E-03
3.045054E-03
2.477515E-03
2.482925E-03
2.719959E-03
2.679010E-03
2.229078E-03
1.420821E-03
3.792671E-04
-3.670561E-04
-6.145785E-04
-5.013554E-04
-2.922434E-04
-9.149210E-05
-1.892533E-04
-5.874092E-04
-1.094808E-03
-1.271538E-03
-9.974533E-04
-7.390139E-04
-1.001809E-03
-1.936705E-03
-2.971919E-03
-3.751308E-03
-4.466178E-03
-5.142185E-03
-5.536364E-03
-5.734064E-03
-5.984874E-03
-6.623523E-03
-7.449088E-03
-8.051611E-03
-8.253703E-03
-8.137832E-03
-7.361469E-03
-6.369701E-03
-5.912946E-03
-5.782135E-03
-5.539827E-03
-5.347081E-03
-5.300612E-03
-5.257224E-03
-5.134570E-03
-4.997227E-03
-5.093695E-03
-5.329595E-03
-5.429233E-03
-5.270726E-03
-4.903217E-03
-4.411282E-03
-3.867480E-03
-3.257089E-03
-2.786421E-03
-2.547776E-03
-2.039228E-03
-1.265346E-03
-7.304988E-04
-5.845911E-04
-5.956985E-04
-3.924127E-04
2.870256E-05
3.921200E-04
5.739294E-04
6.712496E-04
8.924385E-04
1.287833E-03
1.775394E-03
2.155651E-03
2.309543E-03
2.438730E-03
2.639106E-03
2.737526E-03
3.045702E-03
3.969963E-03
4.553507E-03
4.396482E-03
4.308434E-03
4.585547E-03
4.833800E-03
4.703080E-03
4.345905E-03
4.345961E-03
4.659792E-03
4.851987E-03
4.834348E-03
4.800032E-03
4.942286E-03
5.203861E-03
5.400922E-03
5.242513E-03
4.829767E-03
4.763638E-03
5.084944E-03
5.381275E-03
5.160322E-03
4.515257E-03
3.940760E-03
3.595349E-03
3.184055E-03
2.421741E-03
1.653796E-03
1.298576E-03
1.201763E-03
1.118740E-03
1.146561E-03
1.133688E-03
5.784924E-04
-5.780723E-04
-1.949153E-03
-2.645762E-03
-2.936708E-03
-3.661173E-03
-4.668081E-03
-5.427801E-03
-5.866443E-03
-6.066770E-03
-6.007638E-03
-5.987266E-03
-6.159276E-03
-6.220031E-03
-6.142278E-03
-6.181593E-03
-6.347126E-03
-6.506317E-03
-6.570599E-03
-6.693200E-03
-7.062141E-03
-7.417907E-03
-7.580719E-03
-7.980277E-03
-8.523580E-03
-8.697557E-03
-8.146922E-03
-6.996002E-03
-6.183614E-03
-5.814912E-03
-5.250942E-03
-4.507238E-03
-3.957081E-03
-3.493142E-03
-2.974930E-03
-2.471372E-03
-1.900652E-03
-1.179929E-03
-5.784089E-04
-3.330800E-04
-5.479160E-04
-9.907123E-04
-1.351678E-03
-9.351269E-04
9.621554E-05
7.452028E-04
8.957739E-04
1.043896E-03
1.219597E-03
1.225315E-03
1.023747E-03
6.992695E-04
2.992031E-04
2.218955E-05
-1.490757E-04
-4.984508E-04
-9.144469E-04
-1.040295E-03
-5.357810E-04
2.430321E-04
4.105132E-04
2.614201E-04
5.670122E-04
1.168818E-03
1.584558E-03
1.544673E-03
1.468143E-03
1.898445E-03
2.824418E-03
3.818244E-03
4.289720E-03
4.295869E-03
4.186121E-03
3.916439E-03
3.276701E-03
2.485187E-03
1.536113E-03
2.258782E-04
-8.314801E-04
-1.311434E-03
-1.400096E-03
-1.535958E-03
-1.922330E-03
-2.185746E-03
-2.166510E-03
-2.328593E-03
-2.497776E-03
-2.093080E-03
-1.448497E-03
-9.280976E-04
-2.296512E-05
1.018238E-03
1.441862E-03
1.691306E-03
2.330986E-03
2.907711E-03
3.089101E-03
3.056370E-03
3.523128E-03
4.619186E-03
4.883023E-03
4.031109E-03
2.743282E-03
1.552514E-03
5.443854E-04
9.885902E-05
-6.733631E-05
-5.162078E-04
-7.890757E-04
-3.268927E-04
4.349537E-04
1.004532E-03
1.366723E-03
1.940958E-03
2.906650E-03
3.726845E-03
4.070867E-03
4.063362E-03
3.977162E-03
3.852216E-03
3.666942E-03
3.400330E-03
2.962663E-03
2.337671E-03
1.571549E-03
8.426066E-04
5.721354E-04
1.430985E-03
2.432772E-03
2.528349E-03
2.015679E-03
1.642201E-03
1.066754E-03
1.481529E-03
1.851330E-03
1.709080E-03
1.151987E-03
7.566660E-04
4.191372E-04
-3.610693E-04
-1.313687E-03
-2.000488E-03
-2.307111E-03
-2.331939E-03
-2.099427E-03
-2.034935E-03
-2.241437E-03
-2.228175E-03
-1.848443E-03
-1.390783E-03
-1.427192E-03
-1.905432E-03
-2.048088E-03
-1.778298E-03
-1.577159E-03
-1.558333E-03
-1.561557E-03
-1.678861E-03
-1.603867E-03
-8.847197E-04
2.952093E-05
6.675765E-04
1.102530E-03
1.371694E-03
1.077962E-03
5.756900E-04
3.647946E-04
3.664282E-04
3.676240E-04
4.203589E-04
3.795876E-04
1.345881E-04
6.783645E-05
1.660227E-04
-1.917326E-04
-1.018716E-03
-1.928530E-03
-2.751666E-03
-3.516077E-03
-4.162155E-03
-4.642496E-03
-4.998447E-03
-5.465431E-03
-6.048816E-03
-6.497722E-03
-6.684533E-03
-6.714192E-03
-6.927966E-03
-7.382628E-03
-7.852116E-03
-8.365698E-03
-9.107220E-03
-9.602155E-03
-9.696243E-03
-9.869831E-03
-1.025293E-02
-1.054938E-02
-1.027679E-02
-9.507457E-03
-8.761312E-03
-8.371850E-03
-8.332297E-03
-8.315666E-03
-8.160747E-03
-8.001560E-03
-7.821754E-03
-7.457873E-03
-7.094992E-03
-6.881897E-03
-6.744297E-03
-6.584295E-03
-6.401001E-03
-6.220395E-03
-6.052108E-03
-5.874983E-03
-5.680033E-03
-5.483318E-03
-5.294005E-03
-5.107791E-03
-4.918792E-03
-4.726769E-03
-4.534638E-03
-4.357406E-03
-4.419326E-03
-4.790616E-03
-4.865678E-03
-4.459848E-03
-4.003405E-03
-3.699959E-03
-3.430464E-03
-3.195516E-03
-3.041044E-03
-2.962288E-03
-2.696728E-03
-2.009930E-03
-1.359160E-03
-9.181670E-04
-2.233601E-04
6.838181E-04
1.425221E-03
1.985285E-03
2.539077E-03
3.112669E-03
3.636927E-03
4.058929E-03
4.290460E-03
4.324319E-03
4.421665E-03
4.463608E-03
4.104965E-03
3.458866E-03
2.785860E-03
2.325495E-03
2.077194E-03
1.934198E-03
1.631005E-03
1.134431E-03
9.268318E-04
1.062035E-03
1.235087E-03
1.280284E-03
1.238730E-03
1.097532E-03
9.005022E-04
6.808376E-04
2.424859E-04
-4.801503E-04
-9.608613E-04
-1.048767E-03
-9.222831E-04
-7.021060E-04
-3.667715E-04
9.061974E-05
5.410698E-04
7.829568E-04
8.210083E-04
7.866363E-04
8.732559E-04
1.042772E-03
1.081050E-03
9.516053E-04
7.549344E-04
6.856294E-04
7.591675E-04
8.289831E-04
8.815486E-04
1.023869E-03
1.252762E-03
1.397361E-03
1.198969E-03
9.137726E-04
8.723467E-04
7.758977E-04
3.832975E-04
-1.762488E-04
-7.515569E-04
-1.314599E-03
-1.585220E-03
-1.549517E-03
-1.541095E-03
-1.707419E-03
-1.922181E-03
-1.826255E-03
-1.435419E-03
-1.239507E-03
-1.182997E-03
-8.204510E-04
-5.823441E-05
8.046975E-04
1.290611E-03
1.678873E-03
2.537923E-03
3.661595E-03
4.639413E-03
5.368826E-03
6.023921E-03
6.743779E-03
7.518604E-03
8.233442E-03
8.631007E-03
8.803989E-03
8.994441E-03
9.297858E-03
9.604228E-03
9.563878E-03
9.402531E-03
9.715922E-03
9.922408E-03
9.388514E-03
8.793422E-03
8.659624E-03
8.890625E-03
9.048748E-03
8.945548E-03
8.764199E-03
8.657986E-03
8.568797E-03
8.421299E-03
8.200955E-03
7.868674E-03
7.429659E-03
6.857702E-03
6.241455E-03
5.679241E-03
5.219430E-03
4.837212E-03
4.541608E-03
4.167704E-03
3.683816E-03
3.660698E-03
3.922783E-03
3.844048E-03
3.508915E-03
3.284327E-03
3.262862E-03
3.321064E-03
3.361002E-03
3.229197E-03
2.891252E-03
2.548528E-03
2.305617E-03
2.104113E-03
1.868371E-03
1.593517E-03
1.315342E-03
1.055304E-03
8.080534E-04
5.610864E-04
3.106976E-04
6.067116E-05
-1.852653E-04
-4.270904E-04
-6.664355E-04
-9.041042E-04
-1.139839E-03
-1.373002E-03
-1.603356E-03
-1.831168E-03
-2.060323E-03
-2.298569E-03
-2.539772E-03
-2.775091E-03
-3.004171E-03
-3.231002E-03
-3.457384E-03
-3.682108E-03
-3.903629E-03
-4.121377E-03
-4.298659E-03
-4.356561E-03
-4.344612E-03
-4.345732E-03
-4.424540E-03
-4.551873E-03
-4.647741E-03
-4.720358E-03
-4.786426E-03
-4.515367E-03
-3.913603E-03
-3.437600E-03
-3.190311E-03
-2.952268E-03
-2.488116E-03
-1.938317E-03
-1.718581E-03
-1.698586E-03
-1.558169E-03
-1.522615E-03
-1.712620E-03
-1.822670E-03
-1.822226E-03
-1.912054E-03
-2.104355E-03
-2.297579E-03
-2.445398E-03
-2.538651E-03
-2.425418E-03
-2.177460E-03
-1.977662E-03
-1.885362E-03
-1.875444E-03
-1.630742E-03
-1.064867E-03
-9.153170E-04
-1.216724E-03
-1.376174E-03
-1.120832E-03
-6.532186E-04
-4.035399E-04
-4.590202E-04
-7.098760E-04
-8.353681E-04
-6.762400E-04
-3.517979E-04
-5.785960E-05
1.501395E-04
3.236559E-04
5.230637E-04
8.289827E-04
1.121588E-03
1.150749E-03
1.057070E-03
1.107089E-03
1.457469E-03
1.919517E-03
2.259203E-03
2.586656E-03
3.027692E-03
3.240584E-03
3.230549E-03
3.318428E-03
3.544852E-03
3.716279E-03
3.575340E-03
3.246876E-03
3.000748E-03
2.936820E-03
2.963603E-03
2.880259E-03
2.740784E-03
2.793685E-03
3.010785E-03
3.217235E-03
3.315824E-03
3.323547E-03
3.236452E-03
3.188766E-03
3.268218E-03
3.353785E-03
3.374749E-03
3.385289E-03
3.410501E-03
3.420304E-03
3.358689E-03
3.251877E-03
3.154697E-03
3.049913E-03
2.906910E-03
2.770115E-03
2.654035E-03
2.517761E-03
2.125709E-03
1.440275E-03
1.101066E-03
1.086644E-03
9.088493E-04
7.329783E-04
7.698709E-04
7.392385E-04
5.992265E-04
5.604665E-04
5.389481E-04
4.215445E-04
2.917912E-04
3.375781E-04
6.635651E-04
1.013857E-03
1.237787E-03
1.517229E-03
1.874522E-03
2.126313E-03
2.076478E-03
1.808309E-03
1.577854E-03
1.543867E-03
1.718868E-03
1.943902E-03
2.109100E-03
2.201905E-03
2.308924E-03
2.495474E-03
2.704216E-03
2.875238E-03
3.012670E-03
3.119544E-03
3.174671E-03
3.183213E-03
3.159138E-03
3.053230E-03
2.884400E-03
2.716297E-03
2.606347E-03
2.518184E-03
2.284855E-03
2.007555E-03
1.909735E-03
1.948467E-03
1.976753E-03
1.939119E-03
1.855769E-03
1.737541E-03
1.559587E-03
1.345260E-03
1.176724E-03
1.057865E-03
9.536088E-04
9.158630E-04
9.543526E-04
9.967983E-04
1.054781E-03
1.163199E-03
1.221462E-03
1.188363E-03
1.130249E-03
1.085046E-03
1.043376E-03
1.039754E-03
1.086477E-03
1.162116E-03
1.287971E-03
1.474600E-03
1.606911E-03
1.660699E-03
1.728454E-03
1.722832E-03
1.566738E-03
1.536389E-03
1.682749E-03
1.710611E-03
1.557222E-03
1.386276E-03
1.387830E-03
1.466815E-03
1.397445E-03
1.274404E-03
1.266491E-03
1.286927E-03
1.253616E-03
1.197923E-03
1.159887E-03
1.136344E-03
1.093523E-03
1.048516E-03
1.061348E-03
1.117409E-03
1.179316E-03
1.276771E-03
1.414923E-03
1.576144E-03
1.684007E-03
1.715047E-03
1.804064E-03
1.957957E-03
2.058962E-03
2.066830E-03
2.043488E-03
2.127682E-03
2.299742E-03
2.460520E-03
2.581222E-03
2.688996E-03
2.765868E-03
2.762570E-03
2.621900E-03
2.484989E-03
2.459244E-03
2.404729E-03
2.272786E-03
2.163910E-03
2.119176E-03
2.083430E-03
1.921447E-03
1.692909E-03
1.564905E-03
1.550325E-03
1.564657E-03
1.557167E-03
1.546252E-03
1.576704E-03
1.584210E-03
1.519193E-03
1.496782E-03
1.550741E-03
1.620218E-03
1.638791E-03
1.603674E-03
1.571069E-03
1.553870E-03
1.511058E-03
1.446784E-03
1.389412E-03
1.342932E-03
1.279705E-03
1.159012E-03
1.010041E-03
8.813051E-04
8.048084E-04
7.511209E-04
6.794437E-04
5.810826E-04
4.798621E-04
4.357632E-04
4.168005E-04
3.550778E-04
2.984745E-04
2.940888E-04
2.583720E-04
1.830602E-04
1.337135E-04
1.241608E-04
1.265948E-04
1.120266E-04
6.384810E-05
-2.065277E-05
-9.261075E-05
-1.323041E-04
-1.983863E-04
-2.951882E-04
-3.789411E-04
-4.366727E-04
-4.808254E-04
-5.039959E-04
-5.209395E-04
-5.513747E-04
-5.601011E-04
-5.403998E-04
-5.594384E-04
-6.137510E-04
-6.489587E-04
-6.424552E-04
-6.107141E-04
-5.702308E-04
-5.361957E-04
-5.117533E-04
-4.837637E-04
-4.473745E-04
-4.118723E-04
-3.875347E-04
-3.771105E-04
-3.712071E-04
-3.624931E-04
-3.487090E-04
-3.419588E-04
-3.535744E-04
-3.648049E-04
-3.654727E-04
-3.890360E-04
-4.256305E-04
-4.383306E-04
-4.284803E-04
-4.175966E-04
-4.160315E-04
-4.188373E-04
-4.187876E-04
-4.059461E-04
-3.808367E-04
-3.649936E-04
-3.701869E-04
-3.928325E-04
-4.175595E-04
-4.387816E-04
-4.610440E-04
-4.859581E-04
-5.101201E-04
-5.254215E-04
-5.294682E-04
-5.307623E-04
-5.375273E-04
-5.508115E-04
-5.600864E-04
-5.630276E-04
-5.816082E-04
-6.114553E-04
-6.322602E-04
-6.420186E-04
-6.493330E-04
-6.580684E-04
-6.712633E-04
-6.912601E-04
-7.117534E-04
-7.281885E-04
-7.418347E-04
-7.575096E-04
-7.771042E-04
-7.906726E-04
-7.943368E-04
-7.937073E-04
-7.958296E-04
-8.023598E-04
-8.096831E-04
-8.143272E-04
-8.151138E-04
-8.185921E-04
-8.302843E-04
-8.406962E-04
-8.436164E-04
-8.424995E-04
-8.413587E-04
-8.407308E-04
-8.412033E-04
-8.420627E-04
-8.416394E-04
-8.393231E-04
-8.355697E-04
-8.297761E-04
-8.236550E-04
-8.213117E-04
-8.189614E-04
-8.123158E-04
-8.030406E-04
-7.952254E-04
-7.918893E-04
-7.900799E-04
-7.865738E-04
-7.821214E-04
-7.783144E-04
-7.751647E-04
-7.713615E-04
-7.663433E-04
-7.610058E-04
-7.561468E-04
-7.519600E-04
-7.482798E-04
-7.448496E-04
-7.412579E-04
-7.373944E-04
-7.333672E-04
-7.301473E-04
-7.280121E-04
-7.254350E-04
-7.216942E-04
-7.172963E-04
-7.137016E-04
-7.112833E-04
-7.085363E-04
-7.046275E-04
-6.998655E-04
-6.954230E-04
-6.916816E-04
-6.876209E-04
-6.828823E-04
-6.778538E-04
-6.728121E-04
-6.677826E-04
-6.629178E-04
-6.581914E-04
-6.535074E-04
-6.487804E-04
-6.440296E-04
-6.394208E-04
-6.349082E-04
-6.303457E-04
-6.255158E-04
-6.204155E-04
-6.153700E-04
-6.104959E-04
-6.056964E-04
-6.007297E-04
-5.955638E-04
-5.905172E-04
-5.856409E-04
-5.807749E-04
-5.758335E-04
-5.708484E-04
-5.658823E-04
-5.609057E-04
-5.558480E-04
-5.506824E-04
-5.454551E-04
-5.402908E-04
-5.351674E-04
-5.299957E-04
-5.247413E-04
-5.194419E-04
-5.141810E-04
-5.089324E-04
-5.036307E-04
-4.982866E-04
-4.929401E-04
-4.876239E-04
-4.823049E-04
-4.769421E-04
-4.715323E-04
-4.660969E-04
-4.606623E-04
-4.552194E-04
-4.497472E-04
-4.442403E-04
-4.387122E-04
-4.331811E-04
-4.276435E-04
-4.220891E-04
-4.165181E-04
-4.109336E-04
-4.053362E-04
-3.997211E-04
-3.940853E-04
-3.884331E-04
-3.827701E-04
-3.770999E-04
-3.714196E-04
-3.657262E-04
-3.600197E-04
-3.543013E-04
-3.485715E-04
-3.428300E-04
-3.370763E-04
-3.313105E-04
-3.255329E-04
-3.197434E-04
-3.139421E-04
-3.081293E-04
-3.023049E-04
-2.964689E-04
-2.906216E-04
-2.847633E-04
-2.788941E-04
-2.730140E-04
-2.671232E-04
-2.612217E-04
-2.553098E-04
-2.493877E-04
-2.434555E-04
-2.375134E-04
-2.315615E-04
-2.256001E-04
-2.196293E-04
-2.136494E-04
-2.076605E-04
-2.016627E-04
-1.956563E-04
-1.896415E-04
-1.836184E-04
-1.775872E-04
-1.715482E-04
-1.655014E-04
-1.594471E-04
-1.533854E-04
-1.473166E-04
