8000
8000
6181
6181
9577
9578
1266
1320
5437
5442
5694
5694
7569
7569
6382
6382
7573
7576
8000
8000
5999
5999
8000
8000
11824
11824
8241
8241
4132
4094
8000
8000
16370
16370
7999
7999
12188
12241
6403
6410
7199
7199
7943
7949
7957
7971
7998
7999
2000
2000
3743
3743
4000
4000
2000
2000
2000
2000
19806
19806
33000
33000
18000
18000
1000
1000
14801
14801
16250
16250
11171
11171
4689
4691
16128
16128
15000
15000
18556
18556
4178
4178
9600
9600
5196
5196
50000
50000
27540
27540
13018
13018
13001
13001
13796
13796
20001
20001
15195
15195
