2.7296e-06
2.6907e-06
2.673e-06
2.6526e-06
2.6364e-06
2.6087e-06
2.5836e-06
2.57e-06
2.5523e-06
2.5276e-06
2.5027e-06
2.482e-06
2.4641e-06
2.4411e-06
2.4155e-06
2.399e-06
2.3828e-06
2.3604e-06
2.335e-06
2.3089e-06
2.291e-06
2.2767e-06
2.2557e-06
2.2344e-06
2.2221e-06
2.2058e-06
2.1757e-06
2.1348e-06
2.1171e-06
2.1185e-06
2.1151e-06
2.0944e-06
2.0636e-06
2.0287e-06
1.9919e-06
1.979e-06
1.9804e-06
1.9773e-06
1.9575e-06
1.9298e-06
1.8924e-06
1.8836e-06
1.8938e-06
1.8696e-06
1.8269e-06
1.7986e-06
1.7652e-06
1.7535e-06
1.7689e-06
1.7723e-06
1.7331e-06
1.6781e-06
1.6306e-06
1.6104e-06
1.6413e-06
1.6635e-06
1.6542e-06
1.6051e-06
1.5381e-06
1.5094e-06
1.5358e-06
1.5666e-06
1.5427e-06
1.4798e-06
1.4446e-06
1.4427e-06
1.438e-06
1.3995e-06
1.3916e-06
1.3969e-06
1.3601e-06
1.305e-06
1.2962e-06
1.3432e-06
1.3408e-06
1.2927e-06
1.3017e-06
1.301e-06
1.2454e-06
1.2125e-06
1.2156e-06
1.1713e-06
1.0854e-06
1.1043e-06
1.2291e-06
1.2474e-06
1.1169e-06
1.0533e-06
1.1226e-06
1.1713e-06
1.0887e-06
9.1885e-07
8.1623e-07
9.2173e-07
1.1391e-06
1.2505e-06
1.1664e-06
9.4907e-07
7.8131e-07
7.3773e-07
7.408e-07
8.0214e-07
9.6339e-07
1.0364e-06
9.5784e-07
8.6891e-07
8.2103e-07
7.989e-07
8.3909e-07
8.965e-07
8.3607e-07
7.2948e-07
6.7214e-07
7.1191e-07
7.9274e-07
7.3897e-07
6.2203e-07
6.3795e-07
7.1684e-07
7.302e-07
7.5751e-07
7.7142e-07
6.5125e-07
5.1231e-07
4.2263e-07
3.7853e-07
5.4975e-07
9.0396e-07
1.076e-06
8.1938e-07
3.9662e-07
1.6449e-07
1.4973e-07
3.9595e-07
7.9012e-07
8.6838e-07
4.4493e-07
1.3619e-07
2.7407e-07
5.0289e-07
6.0903e-07
6.1909e-07
4.4262e-07
1.638e-07
1.0792e-07
2.5356e-07
3.5379e-07
4.4876e-07
5.8825e-07
5.2607e-07
1.8267e-07
7.2249e-08
3.0464e-07
3.6259e-07
3.391e-07
5.1714e-07
6.1038e-07
4.0728e-07
1.195e-07
-3.7287e-08
-4.4569e-08
2.1309e-07
4.2156e-07
3.6468e-07
2.6909e-07
1.8258e-07
-1.4919e-08
-7.0809e-08
1.9245e-07
3.4343e-07
2.6316e-07
3.3451e-07
6.0236e-07
5.2518e-07
-9.3003e-08
-7.5899e-07
-7.2658e-07
4.4997e-08
6.7558e-07
7.6485e-07
6.069e-07
2.7569e-07
-2.7553e-07
-6.5708e-07
-5.4167e-07
4.9642e-08
7.267e-07
9.8842e-07
6.1249e-07
-2.0742e-08
-4.1217e-07
-6.2314e-07
-6.4999e-07
-3.8114e-07
1.7274e-07
7.6249e-07
1.0495e-06
6.2512e-07
-3.1968e-07
-9.4112e-07
-5.6655e-07
1.2785e-07
2.6526e-07
1.3116e-07
1.2069e-07
1.6041e-07
9.6629e-08
-8.1489e-08
-5.3693e-07
-9.8094e-07
-6.7477e-07
4.1414e-07
1.487e-06
1.4984e-06
1.2454e-07
-1.3524e-06
-1.7233e-06
-1.1268e-06
-1.7335e-07
8.2852e-07
1.0958e-06
3.0274e-07
-5.2651e-07
-5.8894e-07
-1.8927e-07
9.3969e-09
-9.2273e-08
-2.8738e-07
-2.8099e-07
4.5589e-08
9.1083e-08
-2.11e-07
-4.4954e-07
-8.078e-07
-9.0233e-07
9.5455e-08
1.4231e-06
1.2139e-06
-3.1633e-07
-1.1486e-06
-8.2856e-07
-4.5641e-07
-3.1899e-07
-1.9716e-08
2.1481e-07
3.2002e-07
1.4471e-07
-7.8455e-08
5.7226e-09
-2.9367e-07
-7.3955e-07
-5.1567e-07
4.6592e-08
3.2787e-07
8.8585e-08
-5.4385e-07
-8.8634e-07
-6.3533e-07
-1.7764e-07
2.4773e-07
1.4608e-07
-4.9541e-07
-5.4085e-07
3.5063e-07
8.0416e-07
3.8857e-08
-5.1807e-07
-2.2936e-07
-2.3338e-07
-4.6187e-07
-2.3091e-07
1.6592e-07
-1.3806e-07
-1.0133e-06
-8.2093e-07
7.7674e-07
1.6903e-06
1.0241e-06
-3.3296e-07
-1.1595e-06
-1.171e-06
-4.6326e-07
1.9043e-07
-4.4761e-08
-5.2739e-07
-3.437e-07
2.5272e-07
9.0585e-07
7.6804e-07
-2.3881e-07
-8.0198e-07
-7.5381e-07
-6.6389e-07
-5.1906e-07
2.7562e-08
7.8937e-07
1.122e-06
1.1681e-06
8.8302e-07
-3.1162e-07
-1.5634e-06
-1.6899e-06
-6.9055e-07
8.85e-07
1.6947e-06
1.1618e-06
2.5352e-07
-4.3437e-07
-4.6666e-07
-4.3817e-08
-1.3555e-07
-7.2371e-07
-7.5688e-07
3.5111e-07
1.5935e-06
1.5725e-06
1.5862e-07
-1.5163e-06
-1.6894e-06
-5.7086e-07
5.2146e-07
1.1802e-06
1.0313e-06
7.6837e-07
7.0935e-07
-1.6012e-08
-1.1661e-06
-9.3554e-07
4.8353e-07
7.9525e-07
6.5354e-07
1.1316e-06
7.8369e-07
-7.381e-07
-1.6366e-06
-8.6984e-07
5.3368e-07
1.479e-06
1.4408e-06
3.4614e-07
-6.3819e-07
-4.652e-07
8.8939e-08
2.9264e-07
6.0729e-07
6.0638e-07
2.3509e-07
8.0101e-07
8.3047e-07
-5.4965e-07
-1.7269e-06
-8.472e-07
1.2092e-06
2.1336e-06
2.097e-06
1.21e-06
-1.9747e-07
-1.369e-06
-1.2208e-06
4.0081e-07
1.8732e-06
2.0158e-06
1.0065e-06
5.4687e-07
9.1006e-07
3.7718e-07
-5.7003e-07
-5.3206e-07
5.8293e-07
7.6839e-07
3.1464e-07
1.5421e-06
3.046e-06
1.5046e-06
-1.745e-06
-1.1974e-06
2.3884e-06
3.2534e-06
1.2236e-06
-1.1355e-07
6.0972e-08
-9.5233e-08
-8.6531e-07
-9.6966e-07
-1.1951e-07
1.5918e-06
2.8407e-06
2.7805e-06
2.2273e-06
1.661e-06
5.4621e-07
-1.4572e-06
-1.7129e-06
-8.9975e-08
1.2884e-06
3.2382e-06
4.6018e-06
1.9036e-06
-1.8907e-06
-1.0813e-06
1.6095e-06
1.1921e-06
-1.3058e-06
-1.1747e-06
2.3193e-06
3.6592e-06
2.286e-06
8.1837e-07
-5.9771e-07
-1.5693e-06
-1.0435e-06
1.6875e-06
5.1486e-06
4.6814e-06
6.1629e-07
-1.973e-06
-5.0054e-07
1.9044e-06
2.0171e-06
1.3124e-06
1.2574e-06
9.1796e-07
-8.9053e-08
-8.9245e-07
5.7011e-07
3.7078e-06
3.8097e-06
1.3091e-06
2.013e-06
4.0391e-06
1.9649e-06
-2.5678e-06
-3.2534e-06
-1.0943e-06
-4.4913e-08
2.3334e-06
6.1537e-06
6.4258e-06
2.0272e-06
-1.242e-06
-6.5997e-07
4.9621e-08
-3.3077e-07
9.208e-07
3.0733e-06
3.2396e-06
2.1951e-06
1.6475e-06
9.4742e-07
-4.7469e-07
-2.4209e-07
2.0978e-06
4.3177e-06
5.4904e-06
4.0519e-06
-5.3308e-07
-2.0938e-06
1.193e-06
3.7572e-06
3.7841e-06
2.7426e-06
9.7944e-07
-5.602e-07
-5.6211e-07
6.5976e-07
1.4752e-06
1.9906e-07
1.4306e-07
4.226e-06
7.332e-06
5.8921e-06
2.4645e-06
-1.0788e-06
-3.5387e-06
-2.4203e-06
2.0466e-06
5.9429e-06
6.4333e-06
3.0197e-06
-7.8176e-07
-8.5464e-07
1.6151e-07
-3.3141e-07
7.6353e-08
2.4258e-06
4.5677e-06
4.807e-06
3.3194e-06
1.8778e-06
2.5119e-06
1.6259e-06
-1.1635e-06
-5.4045e-07
3.3651e-06
4.944e-06
4.5303e-06
3.6952e-06
-1.2535e-06
-5.1472e-06
-2.107e-06
3.4279e-06
6.5253e-06
5.9753e-06
3.4672e-06
1.9793e-06
6.2521e-07
-9.6877e-07
3.2332e-07
3.9757e-06
4.7067e-06
2.623e-06
3.303e-06
5.1614e-06
3.3621e-06
-1.7121e-06
-3.7912e-06
-6.1968e-07
4.2043e-06
6.0786e-06
4.192e-06
3.1023e-06
2.8336e-06
1.0277e-06
1.274e-06
4.7953e-06
5.8165e-06
1.7977e-06
-1.2292e-06
3.5505e-07
2.5218e-06
1.2107e-06
-1.5321e-07
2.0719e-06
5.0136e-06
4.954e-06
3.8451e-06
3.489e-06
1.9469e-06
-1.3366e-07
2.5589e-06
7.7385e-06
7.8638e-06
1.9914e-06
-2.6703e-06
-2.3039e-06
-8.3097e-07
9.3278e-07
5.803e-06
9.1594e-06
6.7315e-06
2.5545e-06
2.4213e-06
2.725e-06
-8.847e-07
-4.3904e-06
-2.8882e-06
5.9163e-06
1.3496e-05
1.1317e-05
3.5208e-06
-1.5921e-06
-1.9578e-06
-1.9258e-06
-8.2231e-08
4.2693e-06
7.8084e-06
7.9967e-06
4.4646e-06
8.0339e-07
-1.2585e-06
-2.0431e-06
3.9153e-07
5.148e-06
7.1558e-06
5.8027e-06
5.7608e-06
5.8905e-06
3.0902e-06
-6.1975e-07
-8.9588e-07
2.6342e-06
5.9628e-06
5.4962e-06
2.9066e-06
2.037e-06
1.7338e-06
9.134e-07
1.9233e-06
3.6955e-06
5.1101e-06
7.4541e-06
8.3968e-06
5.4806e-06
-1.7464e-06
-6.246e-06
-3.7598e-06
3.7983e-06
1.272e-05
1.4287e-05
6.7354e-06
6.5685e-08
5.9742e-07
1.0575e-06
-1.5526e-06
5.018e-07
7.1844e-06
9.9697e-06
7.5797e-06
5.8967e-06
2.9846e-06
-2.9567e-06
-2.4771e-06
4.5481e-06
9.0065e-06
9.3087e-06
1.0453e-05
1.0331e-05
2.279e-06
-5.5723e-06
-2.6814e-06
5.8792e-06
6.6748e-06
1.1304e-06
2.7057e-06
9.611e-06
9.8434e-06
2.1126e-06
-3.4665e-06
-1.0092e-06
3.9912e-06
7.205e-06
1.1072e-05
1.2583e-05
3.1906e-06
-9.6504e-06
-9.0529e-06
3.8074e-06
1.436e-05
1.4907e-05
7.1505e-06
-2.66e-06
-5.2943e-06
-5.014e-07
4.4565e-06
7.3839e-06
7.8386e-06
7.1874e-06
8.2531e-06
8.0139e-06
2.1712e-06
-3.8778e-06
-1.2094e-06
5.2245e-06
6.4799e-06
6.5413e-06
9.2706e-06
8.4996e-06
1.4696e-06
-4.5563e-06
-2.3164e-06
5.1407e-06
8.6932e-06
9.5473e-06
8.8811e-06
4.4471e-06
1.7531e-08
-2.7152e-06
-3.116e-06
4.3276e-06
1.2605e-05
1.2549e-05
6.6821e-06
5.1994e-07
-2.9656e-06
-8.7769e-07
5.8625e-06
1.0599e-05
7.1254e-06
1.0901e-06
2.0322e-06
5.5142e-06
2.4909e-06
-1.1024e-07
4.9726e-06
9.8413e-06
9.7824e-06
8.6358e-06
5.425e-06
1.0452e-06
-2.9243e-06
-5.0477e-06
-1.3588e-06
9.5147e-06
1.7413e-05
1.39e-05
4.7729e-06
-1.8594e-06
-2.8533e-06
-7.1794e-09
4.7588e-06
8.1754e-06
7.9147e-06
7.114e-06
6.2454e-06
7.1115e-06
8.837e-06
6.7978e-06
1.3924e-06
-5.4536e-07
5.059e-06
1.14e-05
9.9564e-06
2.3162e-06
-2.0666e-06
6.4408e-07
6.2514e-06
1.09e-05
1.0836e-05
4.6081e-06
1.9153e-07
1.4272e-06
4.5848e-06
6.1321e-06
6.5638e-06
5.1374e-06
1.4553e-06
1.7812e-06
7.875e-06
1.1373e-05
6.3583e-06
-1.1651e-07
-1.9199e-07
5.3991e-06
1.036e-05
1.0599e-05
5.6161e-06
2.8409e-06
3.5495e-06
1.5003e-06
9.4712e-07
9.8918e-06
1.7829e-05
1.0854e-05
3.2887e-07
-1.4837e-06
-2.05e-06
-1.7969e-06
4.492e-06
1.1375e-05
1.1774e-05
6.4329e-06
-9.5859e-07
-5.4321e-06
-2.663e-06
5.4245e-06
1.4314e-05
1.7856e-05
1.154e-05
-2.5379e-07
-6.205e-06
5.0426e-07
1.0068e-05
1.0483e-05
6.7588e-06
4.8121e-06
2.3976e-06
2.6844e-06
6.3139e-06
8.2118e-06
3.6698e-06
-2.1849e-06
1.6898e-06
1.2625e-05
1.6287e-05
1.0091e-05
1.8359e-06
-1.0773e-06
2.4488e-06
3.8179e-06
3.2454e-07
-8.6922e-07
2.3122e-06
6.408e-06
8.2569e-06
9.1677e-06
5.9529e-06
5.2328e-07
3.2052e-06
9.0937e-06
8.7331e-06
1.4492e-06
-6.6869e-07
6.1284e-06
9.0998e-06
6.0754e-06
4.3725e-06
7.9684e-06
8.5854e-06
2.5253e-06
-1.158e-06
4.2459e-07
4.4745e-06
7.4003e-06
6.5715e-06
3.1175e-06
5.3764e-06
1.4788e-05
1.7679e-05
1.1904e-05
1.4479e-06
-9.0039e-06
-1.0229e-05
-2.3505e-06
1.0258e-05
1.6596e-05
1.3479e-05
7.0443e-06
-2.2505e-07
-4.9116e-06
-2.9257e-06
6.6785e-06
1.459e-05
1.3148e-05
7.068e-06
3.1432e-06
-1.9033e-07
-4.1244e-06
-1.3878e-06
5.0763e-06
5.4763e-06
3.2676e-06
7.6599e-06
1.418e-05
9.0168e-06
-3.3893e-06
-8.0748e-06
-4.5188e-06
2.6915e-06
1.2087e-05
1.6682e-05
8.2404e-06
-2.1076e-06
-5.0576e-06
-5.0611e-06
1.04e-06
1.1793e-05
1.4557e-05
7.7532e-06
2.3494e-06
2.4773e-07
-3.8882e-06
-1.9871e-06
7.0413e-06
1.2183e-05
1.1014e-05
8.5714e-06
7.0606e-06
3.2476e-06
-2.3553e-06
-3.2239e-06
2.4907e-06
6.6328e-06
5.2088e-06
1.4474e-06
1.0217e-06
4.9547e-06
7.6673e-06
7.2812e-06
3.3696e-07
-6.0014e-06
-3.0647e-06
5.4748e-06
1.2122e-05
1.153e-05
4.6547e-06
-1.8301e-06
-3.9318e-06
-1.8709e-06
1.9485e-06
2.7537e-06
6.3298e-06
1.408e-05
1.154e-05
-4.9366e-07
-7.1137e-06
-7.9549e-07
8.9906e-06
8.7001e-06
8.8563e-07
-3.3989e-06
-4.1423e-07
3.6502e-06
8.8585e-06
9.8519e-06
2.1295e-07
-6.8598e-06
-2.8292e-06
4.7161e-06
7.2686e-06
3.9742e-06
-8.4799e-07
-1.3262e-06
4.9622e-06
1.0782e-05
1.2152e-05
5.434e-06
-4.2976e-06
-6.3705e-06
-7.7879e-07
5.3788e-06
5.0954e-06
6.392e-06
1.084e-05
6.1589e-06
-9.0079e-07
-7.5506e-07
1.8571e-06
1.7505e-06
1.3544e-06
3.8058e-06
4.3365e-06
6.2806e-06
1.0803e-05
7.0934e-06
-4.4602e-06
-5.9653e-06
3.0794e-06
8.0158e-06
5.6951e-06
2.5782e-06
1.3775e-06
3.2848e-06
8.1624e-06
5.8382e-06
-2.9361e-06
-3.4639e-07
1.0335e-05
8.9795e-06
-5.6135e-06
-1.3404e-05
-5.4167e-06
6.508e-06
1.1846e-05
6.6077e-06
-1.9779e-06
-2.3979e-06
4.7081e-06
8.4479e-06
3.8407e-06
5.0085e-06
1.0316e-05
5.6412e-07
-1.4539e-05
-7.5359e-06
9.9406e-06
1.4606e-05
9.7249e-06
-1.7705e-06
-1.1646e-05
-3.6874e-06
1.2918e-05
1.1536e-05
-2.1953e-06
-7.599e-06
-6.4548e-06
-6.6816e-06
-1.4609e-06
1.0125e-05
1.6386e-05
1.0292e-05
-1.1622e-06
-1.0949e-05
-1.3554e-05
-5.8466e-06
2.0737e-08
3.9601e-07
6.5978e-06
1.5056e-05
8.4321e-06
-6.461e-07
2.7425e-07
1.9667e-06
-2.2732e-06
-7.801e-06
-8.3738e-06
-7.4205e-06
-2.2849e-06
8.169e-06
9.348e-06
-4.9869e-07
-5.5908e-06
3.8142e-07
7.183e-06
2.9038e-06
-5.7456e-06
-9.3069e-06
-7.1001e-06
-8.2355e-06
-1.0335e-05
3.9274e-06
2.727e-05
3.1358e-05
3.0245e-06
-2.7802e-05
-2.7543e-05
-7.5176e-06
2.0739e-06
3.3209e-06
6.6437e-06
3.9758e-06
-1.435e-06
3.1279e-06
9.2206e-06
4.7938e-06
-2.3224e-06
-3.3702e-06
-4.2104e-06
-5.4686e-06
-1.8448e-06
-1.4649e-06
-2.3914e-06
-2.0421e-06
-7.8473e-06
-9.6345e-06
3.3593e-06
1.1225e-05
1.149e-07
-4.2491e-06
5.1181e-07
-1.1635e-05
-2.5281e-05
-9.3629e-06
2.1361e-05
2.4924e-05
4.3525e-07
-2.0989e-05
-2.4897e-05
-1.5998e-05
-6.0092e-06
5.3278e-06
1.5952e-05
1.3454e-05
-2.1963e-06
-1.5983e-05
-1.0837e-05
6.6702e-07
4.8909e-06
5.1829e-06
4.7293e-06
-3.7839e-06
-1.8702e-05
-1.7739e-05
-6.4341e-06
-2.4333e-06
-2.2249e-06
4.8066e-06
1.4949e-05
1.1917e-05
2.2348e-06
-6.2376e-06
-1.6985e-05
-2.6324e-05
-2.5512e-05
-2.6475e-06
2.5603e-05
2.9545e-05
7.2005e-06
-1.7021e-05
-2.1074e-05
-1.6823e-05
-1.1067e-05
4.3927e-06
2.0482e-05
1.3672e-05
-5.065e-06
-1.7769e-05
-3.076e-05
-3.2309e-05
-1.4901e-05
9.0447e-06
2.4796e-05
2.2679e-05
9.0588e-07
-2.4923e-05
-2.7149e-05
-1.4762e-05
-1.0534e-05
-8.0221e-06
1.0711e-06
3.742e-06
-9.2511e-06
-1.8661e-05
-6.7121e-06
1.5092e-06
-7.9084e-06
-9.0995e-06
7.4421e-06
1.3129e-05
-6.7563e-06
-2.7103e-05
-2.6839e-05
-1.66e-05
-6.8095e-06
1.7489e-06
6.7368e-06
5.6321e-06
-3.241e-06
-1.0718e-05
-7.501e-06
-9.1961e-06
-2.1974e-05
-2.2844e-05
-2.9059e-07
1.3012e-05
-5.2986e-06
-2.9301e-05
-3.2812e-05
-9.0367e-06
1.0802e-05
9.9925e-06
6.3944e-06
-9.6807e-06
-3.2557e-05
-2.7546e-05
-4.2112e-06
-1.6544e-06
-1.2833e-05
-9.6859e-06
9.1011e-06
1.5279e-05
1.4276e-07
-1.559e-05
-2.3743e-05
-2.5806e-05
-2.0492e-05
-2.0136e-06
1.8382e-05
1.4017e-05
-8.4891e-06
-2.5101e-05
-3.0565e-05
-2.5243e-05
-1.6339e-05
-1.0745e-05
-1.7682e-06
7.9317e-06
6.4607e-06
-2.6709e-06
-8.8695e-06
-1.9598e-05
-3.156e-05
-2.4158e-05
-5.5639e-07
6.7747e-06
-4.4994e-06
-1.4557e-05
-1.8589e-05
-1.8041e-05
-2.0955e-05
-1.5435e-05
5.8803e-06
1.6577e-05
-2.6718e-06
-2.6512e-05
-2.6656e-05
-2.0496e-05
-1.6646e-05
-6.0956e-06
8.2537e-06
5.8802e-06
-1.6131e-05
-2.3506e-05
-1.1396e-05
-8.9499e-06
-1.7402e-05
-1.6852e-05
-4.8406e-06
3.297e-06
6.2863e-07
-1.562e-05
-3.4067e-05
-3.6328e-05
-1.9406e-05
3.0405e-06
1.0559e-05
2.995e-06
-1.3378e-05
-2.8076e-05
-2.8627e-05
-1.9493e-05
-1.0415e-05
-1.0654e-05
-3.3002e-06
7.6936e-06
-2.2384e-06
-2.7075e-05
-4.0444e-05
-2.8532e-05
-6.9863e-06
8.1062e-06
8.2868e-06
-3.6772e-06
-1.3879e-05
-2.526e-05
-2.6861e-05
-1.1361e-05
-5.1851e-06
-1.3401e-05
-1.2554e-05
3.0973e-06
2.9496e-06
-2.2116e-05
-4.4809e-05
-4.2531e-05
-2.2846e-05
-9.2686e-07
1.7008e-05
1.3379e-05
-9.0416e-06
-2.4902e-05
-2.6107e-05
-2.6261e-05
-3.8154e-05
-3.1396e-05
3.5002e-06
1.9817e-05
5.7914e-06
-1.1029e-05
-2.8176e-05
-4.1732e-05
-3.2479e-05
-1.0091e-05
9.2863e-07
1.6055e-07
-9.61e-06
-2.7491e-05
-3.8747e-05
-3.8968e-05
-2.618e-05
1.8267e-06
1.9671e-05
5.7661e-06
-1.5947e-05
-2.5517e-05
-2.4994e-05
-1.8377e-05
-1.5026e-05
-2.2668e-05
-2.73e-05
-1.1112e-05
-2.27e-06
-2.0954e-05
-3.281e-05
-2.7364e-05
-2.0838e-05
-1.1403e-05
-4.6756e-06
-4.8591e-06
-1.5602e-05
-3.3575e-05
-4.6159e-05
-4.6521e-05
-2.5002e-05
7.8773e-06
2.2045e-05
9.4761e-06
-1.2153e-05
-2.3523e-05
-2.5723e-05
-3.252e-05
-3.6082e-05
-1.9285e-05
5.8405e-06
9.0894e-06
-1.43e-05
-3.6684e-05
-4.1029e-05
-2.8213e-05
-1.1118e-05
-2.7484e-06
-7.5882e-07
9.4746e-07
-1.0308e-05
-2.7755e-05
-3.8203e-05
-4.8147e-05
-4.7225e-05
-1.9114e-05
1.6085e-05
2.736e-05
6.1423e-06
-2.9022e-05
-4.7113e-05
-4.6378e-05
-4.2074e-05
-2.7559e-05
3.5141e-07
1.3846e-05
1.9651e-06
-1.7921e-05
-2.9824e-05
-3.4513e-05
-3.6242e-05
-2.8209e-05
-1.586e-05
-2.705e-06
5.9201e-07
-1.0247e-05
-1.897e-05
-2.2946e-05
-2.9876e-05
-2.8076e-05
-5.6836e-06
1.1671e-05
-4.7955e-06
-4.1237e-05
-5.3558e-05
-2.9098e-05
-1.343e-05
-1.4062e-05
-4.5032e-06
6.7403e-07
-1.5498e-05
-3.4926e-05
-3.982e-05
-4.0982e-05
-3.2941e-05
-6.8434e-06
1.2218e-05
8.0853e-06
-9.947e-06
-3.2673e-05
-5.0056e-05
-4.9687e-05
-3.6394e-05
-1.9782e-05
6.3568e-06
2.6359e-05
1.1547e-06
-4.1681e-05
-5.1279e-05
-3.3312e-05
-2.6544e-05
-2.1777e-05
5.1488e-06
2.3675e-05
2.8435e-06
-3.1909e-05
-4.4443e-05
-4.2974e-05
-2.9021e-05
-5.8639e-06
1.546e-06
-1.0536e-05
-1.5482e-05
-8.7647e-06
-2.0749e-05
-5.4237e-05
-6.4108e-05
-2.9773e-05
8.9969e-06
2.5583e-05
2.518e-05
2.3119e-07
-4.7408e-05
-7.5564e-05
-5.6638e-05
-1.5376e-05
1.5977e-05
1.9129e-05
-3.1524e-06
-2.6635e-05
-3.7016e-05
-3.7982e-05
-3.8969e-05
-4.7255e-05
-4.7427e-05
-1.7714e-05
2.071e-05
2.3045e-05
-1.713e-05
-5.5547e-05
-5.84e-05
-3.5289e-05
-1.2162e-05
2.1196e-06
2.3476e-06
-1.5952e-05
-3.3122e-05
-3.3636e-05
-2.761e-05
-2.4295e-05
-1.426e-05
-4.1801e-06
-2.4375e-06
-1.4713e-05
-4.0404e-05
-5.3643e-05
-3.8818e-05
-1.2317e-05
-1.3065e-06
3.4891e-06
6.8888e-06
-3.5768e-06
-2.3289e-05
-4.2922e-05
-5.0557e-05
-3.6454e-05
-8.9169e-06
7.0276e-06
-1.8427e-06
-1.6513e-05
-1.8492e-05
-1.9824e-05
-3.2637e-05
-4.1602e-05
-2.0574e-05
8.9506e-06
1.2663e-05
-1.016e-05
-2.8166e-05
-3.094e-05
-3.834e-05
-5.3581e-05
-4.8758e-05
-9.0338e-06
2.5624e-05
1.8728e-05
-1.0316e-05
-3.6827e-05
-4.8951e-05
-4.2444e-05
-1.8271e-05
-6.6661e-06
-2.0045e-05
-2.1838e-05
-1.0951e-05
-4.7791e-06
-9.752e-06
-2.5375e-05
-3.2721e-05
-2.5949e-05
-1.7888e-05
-1.1756e-05
6.1157e-07
-4.3958e-06
-3.1674e-05
-4.0971e-05
-3.2312e-05
-2.1123e-05
-6.6197e-06
1.3403e-05
1.0347e-05
-2.4111e-05
-4.301e-05
-3.0397e-05
-1.7262e-05
-1.7544e-05
-1.4059e-05
-1.1208e-05
-1.3949e-05
-8.3578e-06
-9.779e-06
-2.5708e-05
-3.6572e-05
-2.9994e-05
-2.1297e-05
-1.3861e-05
-5.2982e-07
-1.9115e-06
-1.381e-05
-2.7538e-05
-3.3474e-05
-1.9673e-05
-9.5683e-06
-8.9797e-06
-1.0029e-05
-8.2112e-06
-8.1798e-06
-1.4479e-05
-1.8945e-05
-2.8457e-05
-2.3939e-05
1.3572e-06
9.7242e-06
-1.3696e-05
-3.0825e-05
-3.6735e-05
-4.9787e-05
-3.0315e-05
2.5941e-05
4.3778e-05
2.3412e-06
-3.8285e-05
-3.4195e-05
-1.5122e-05
-1.6543e-05
-3.1444e-05
-3.237e-05
-1.2148e-05
-4.6997e-06
-1.2163e-05
-6.8338e-06
-5.5381e-06
-2.9308e-05
-4.0322e-05
-5.1943e-06
2.2659e-05
9.0595e-06
-1.2335e-05
-2.3851e-05
-2.7964e-05
-2.6524e-05
-1.8095e-05
-1.2924e-05
-6.5548e-06
8.9414e-06
7.2252e-06
-1.1226e-05
-3.106e-05
-5.0032e-05
-5.244e-05
-1.7482e-05
3.2009e-05
4.323e-05
6.3404e-06
-3.0252e-05
-2.7736e-05
-1.2448e-05
-9.9672e-06
4.7387e-06
2.4759e-05
1.3751e-05
-2.6144e-05
-4.6483e-05
-3.0934e-05
-1.8061e-05
-2.9155e-05
-2.73e-05
1.9248e-05
5.6196e-05
3.5416e-05
-1.3591e-05
-5.6798e-05
-7.9381e-05
-6.6841e-05
-5.4627e-06
5.6858e-05
5.1663e-05
6.0733e-06
-2.9117e-05
-3.349e-05
-1.964e-05
-1.0946e-05
-4.9429e-07
1.6928e-05
1.2849e-05
-1.562e-05
-3.4012e-05
-3.4048e-05
-2.3183e-05
-1.123e-05
-3.5213e-06
1.51e-05
4.5887e-05
2.9123e-05
-3.5529e-05
-6.027e-05
-3.135e-05
-7.0977e-06
-3.4193e-06
3.1895e-06
7.0857e-06
-6.9831e-06
-1.7418e-05
-1.5143e-05
-1.2285e-05
-1.322e-05
-8.9006e-06
1.1836e-05
3.177e-05
1.5706e-05
-2.7489e-05
-4.4726e-05
-2.3972e-05
1.0271e-06
1.5776e-05
2.695e-05
3.1589e-05
1.2568e-05
-2.3751e-05
-2.7605e-05
-2.0292e-06
-4.5101e-06
-1.8872e-05
3.9404e-06
2.7825e-05
1.7433e-05
6.1732e-06
1.5722e-06
-2.4411e-05
-4.5002e-05
-1.4126e-05
3.9678e-05
5.8855e-05
2.9262e-05
-1.7528e-05
-3.459e-05
-2.6504e-05
-2.7445e-05
-2.9508e-05
5.2891e-06
5.0816e-05
4.9535e-05
1.6921e-05
-1.3334e-07
1.3342e-06
-1.1177e-05
-3.1548e-05
-1.5627e-05
3.1126e-05
4.7464e-05
1.9407e-05
-5.88e-07
-7.371e-06
-2.0624e-05
-1.7982e-05
9.7049e-06
2.6206e-05
2.1962e-05
1.9921e-05
2.5042e-05
1.5425e-05
-1.9848e-05
-4.4957e-05
-2.2777e-05
2.1726e-05
4.2054e-05
3.2858e-05
2.4802e-05
1.7702e-05
-1.0014e-05
-3.3739e-05
-1.2492e-05
2.1991e-05
3.7555e-05
4.5298e-05
4.374e-05
1.7266e-05
-2.1897e-05
-3.3368e-05
8.0248e-08
4.7453e-05
5.5517e-05
2.1389e-05
-4.1314e-06
-9.9187e-06
-1.8015e-05
-4.6845e-06
3.5436e-05
5.0194e-05
2.4941e-05
4.5383e-06
6.1918e-06
3.5988e-06
-6.6719e-06
-5.5697e-06
1.3193e-05
3.2209e-05
4.2269e-05
4.4677e-05
3.464e-05
-9.5693e-06
-5.7125e-05
-4.0318e-05
2.8875e-05
8.276e-05
8.0704e-05
3.4227e-05
-6.9467e-06
-1.4891e-05
-5.6828e-06
-6.1914e-06
-1.9282e-07
1.8005e-05
2.6382e-05
3.7701e-05
5.3107e-05
4.113e-05
2.1937e-06
-1.7917e-05
4.6515e-08
2.8492e-05
4.4061e-05
4.2077e-05
2.1741e-05
-6.0741e-06
-1.8791e-05
5.4128e-06
4.2178e-05
4.5776e-05
2.5365e-05
2.3364e-05
3.3264e-05
2.1105e-05
-1.2064e-05
-2.9815e-05
1.1599e-07
4.9702e-05
7.6871e-05
5.6008e-05
1.9813e-05
1.301e-05
5.177e-07
-2.0629e-05
1.1235e-05
6.5069e-05
5.6295e-05
1.0817e-05
-1.7514e-06
1.6603e-05
3.0656e-05
2.6892e-05
1.5995e-05
2.4988e-05
4.8204e-05
5.8216e-05
4.8855e-05
2.5448e-05
-8.2338e-06
-1.406e-05
1.7139e-05
4.3911e-05
5.8612e-05
5.558e-05
3.2101e-05
8.6305e-06
5.9496e-06
2.6728e-05
4.7742e-05
5.968e-05
6.087e-05
3.619e-05
1.6497e-05
2.3429e-05
2.1327e-05
1.3204e-05
2.8485e-05
4.2062e-05
3.8582e-05
3.4468e-05
3.157e-05
2.593e-05
2.1319e-05
2.561e-05
3.7539e-05
4.4962e-05
3.514e-05
2.6747e-05
5.3991e-05
7.9664e-05
6.0711e-05
1.9728e-05
3.2652e-06
2.3132e-05
5.0103e-05
6.9079e-05
6.387e-05
2.9225e-05
-1.4049e-06
4.6345e-06
4.7916e-05
8.389e-05
7.4217e-05
3.802e-05
1.6529e-05
2.4622e-05
4.3419e-05
5.363e-05
4.8075e-05
3.6952e-05
4.6818e-05
6.6706e-05
5.2652e-05
8.0601e-06
-1.3573e-05
1.0814e-05
5.9935e-05
9.3412e-05
9.2347e-05
7.557e-05
5.6036e-05
2.1105e-05
-1.8428e-05
2.2399e-06
7.5515e-05
0.00010533
8.5163e-05
6.0856e-05
4.5551e-05
2.5986e-05
-7.3233e-07
-6.5877e-07
6.012e-05
0.00012982
0.0001212
4.097e-05
-1.9767e-05
-2.1882e-05
-3.8281e-06
2.563e-05
7.1125e-05
0.00011525
0.0001225
7.536e-05
2.7366e-05
9.318e-06
-1.3693e-06
-2.0112e-06
2.6082e-05
5.924e-05
8.2312e-05
0.00010952
0.00010746
5.0687e-05
-2.951e-06
-3.7484e-06
3.6616e-05
9.0448e-05
0.00011991
8.6759e-05
3.8618e-05
9.7255e-06
-1.1063e-05
-2.6645e-06
3.7983e-05
9.2028e-05
0.00013044
0.00012255
7.2449e-05
2.0407e-05
-8.3973e-07
1.7925e-05
6.0413e-05
8.9426e-05
9.1155e-05
7.722e-05
4.5382e-05
1.4729e-05
1.1729e-05
4.9163e-05
9.2625e-05
0.00010876
8.844e-05
4.1464e-05
2.2852e-05
4.1803e-05
5.6445e-05
4.5569e-05
4.0904e-05
6.7314e-05
0.00010086
0.00011895
9.8688e-05
5.0505e-05
4.7345e-06
-1.2663e-05
2.6574e-05
0.00010178
0.00013511
9.1854e-05
3.6826e-05
3.1524e-05
5.1104e-05
5.956e-05
6.1496e-05
7.4479e-05
8.2716e-05
6.2468e-05
5.7218e-05
6.8543e-05
4.5834e-05
5.7375e-06
1.9756e-05
8.4124e-05
0.00012249
0.00011354
7.7867e-05
4.591e-05
4.2733e-05
6.1045e-05
6.3761e-05
5.186e-05
5.2214e-05
5.8932e-05
8.3986e-05
0.00011471
9.3164e-05
2.618e-05
2.717e-07
5.076e-05
9.9988e-05
9.7191e-05
7.624e-05
7.1528e-05
6.8925e-05
5.9568e-05
6.6784e-05
9.5236e-05
9.4426e-05
5.1984e-05
2.1739e-05
4.2738e-05
7.9393e-05
8.0794e-05
7.0977e-05
7.6773e-05
7.5764e-05
6.8405e-05
7.4595e-05
7.7612e-05
6.341e-05
4.9833e-05
5.9072e-05
7.5947e-05
6.7436e-05
5.2577e-05
6.0965e-05
7.5871e-05
6.8208e-05
5.2831e-05
6.4305e-05
8.3963e-05
7.1352e-05
5.7617e-05
7.2889e-05
8.7972e-05
6.6963e-05
5.1964e-05
8.8329e-05
0.00013088
0.00011897
7.414e-05
4.1983e-05
4.5578e-05
6.9298e-05
7.9871e-05
7.9465e-05
7.1243e-05
5.695e-05
5.3971e-05
7.5141e-05
9.5324e-05
8.4775e-05
6.4959e-05
5.3568e-05
4.85e-05
7.401e-05
0.00010588
9.0404e-05
5.4838e-05
5.737e-05
6.8266e-05
6.4896e-05
8.638e-05
0.00011167
9.1599e-05
5.2621e-05
5.0953e-05
5.9519e-05
5.5275e-05
7.4543e-05
0.00010577
9.9916e-05
6.8986e-05
8.3705e-05
0.00011727
8.3804e-05
1.9266e-05
2.8165e-05
9.807e-05
0.00012694
0.00010534
7.6989e-05
3.5135e-05
2.1453e-05
5.8397e-05
8.7614e-05
0.00010654
0.00013524
0.00010695
3.469e-05
1.3236e-05
3.5073e-05
6.1985e-05
0.00010526
0.00013151
0.00010623
6.9798e-05
5.971e-05
4.5819e-05
3.5582e-05
4.7219e-05
6.5255e-05
0.00010035
0.000117
8.7115e-05
6.2871e-05
8.1949e-05
9.7424e-05
6.4616e-05
3.3015e-05
4.8375e-05
8.9753e-05
0.00011004
9.4235e-05
6.4269e-05
4.533e-05
4.6762e-05
6.4738e-05
8.0567e-05
0.00010102
0.00011546
8.6139e-05
2.6438e-05
1.3742e-05
5.5287e-05
9.2516e-05
0.00010852
0.00011867
0.00010399
6.4169e-05
5.1501e-05
5.8776e-05
5.4399e-05
6.576e-05
8.8293e-05
7.8589e-05
4.4597e-05
4.3413e-05
8.3149e-05
9.6686e-05
7.3367e-05
6.2058e-05
7.7306e-05
9.3644e-05
8.9106e-05
9.0634e-05
8.4014e-05
5.2567e-05
3.1996e-05
4.7399e-05
7.9677e-05
0.00010915
0.00011401
7.2147e-05
1.5846e-05
3.5311e-06
4.4949e-05
9.2887e-05
0.00012516
0.00013613
0.00010038
4.5364e-05
3.3766e-05
5.2225e-05
5.9757e-05
7.3789e-05
0.00010058
9.1266e-05
4.2771e-05
2.965e-05
6.1142e-05
7.8033e-05
7.8587e-05
8.8583e-05
7.6601e-05
4.1051e-05
4.7226e-05
8.6085e-05
9.0386e-05
6.0767e-05
4.0208e-05
3.7323e-05
4.235e-05
5.5836e-05
7.7346e-05
8.5829e-05
7.1657e-05
5.7617e-05
6.0382e-05
6.029e-05
5.9385e-05
7.2562e-05
7.7137e-05
5.449e-05
3.8377e-05
6.2106e-05
8.3421e-05
7.1718e-05
7.6903e-05
9.9741e-05
7.0503e-05
1.074e-05
7.7335e-06
5.6281e-05
7.1322e-05
4.8543e-05
4.6753e-05
6.2015e-05
6.4061e-05
5.8499e-05
6.2073e-05
6.2143e-05
4.6856e-05
4.2111e-05
6.4632e-05
7.9864e-05
6.8858e-05
5.2311e-05
5.5342e-05
6.2137e-05
3.7959e-05
2.477e-05
5.3359e-05
7.7957e-05
5.7141e-05
3.7423e-05
5.9432e-05
7.1171e-05
6.5272e-05
5.7967e-05
3.4627e-05
1.0446e-05
3.3547e-06
2.1402e-05
6.6509e-05
9.5131e-05
8.0764e-05
5.7404e-05
5.084e-05
4.938e-05
2.9355e-05
3.4649e-06
2.7246e-05
6.4183e-05
6.1035e-05
5.3283e-05
4.6524e-05
2.7017e-05
7.7625e-06
3.0781e-05
7.8239e-05
8.6844e-05
5.7465e-05
2.1794e-05
-6.4845e-06
-7.4766e-06
2.8297e-05
7.7676e-05
9.575e-05
6.5133e-05
2.0347e-05
1.5448e-06
2.0912e-05
5.5342e-05
6.6436e-05
4.0395e-05
1.5831e-05
1.4034e-05
3.7506e-05
5.0295e-05
1.733e-05
-2.034e-05
-8.5427e-06
4.2511e-05
7.0691e-05
5.9757e-05
5.6272e-05
6.7225e-05
4.3035e-05
-4.891e-06
-1.3356e-05
2.0904e-05
4.2176e-05
3.0635e-05
1.523e-05
2.509e-05
4.6549e-05
4.6522e-05
1.472e-05
-8.8073e-06
1.2683e-05
2.5565e-05
5.9542e-06
1.2107e-05
5.6242e-05
4.4243e-05
-2.1522e-05
-2.8719e-05
1.724e-05
3.6357e-05
3.4532e-05
5.0785e-05
2.9694e-05
-1.9019e-05
-2.9576e-05
-1.3408e-05
5.067e-06
2.6594e-05
4.0528e-05
2.2339e-05
-2.7252e-05
-4.2111e-05
-5.1044e-06
1.5167e-05
8.4701e-06
-3.9282e-07
-1.1073e-05
2.2655e-06
4.0041e-05
2.0684e-05
-5.103e-05
-6.7483e-05
-1.4408e-05
2.885e-05
3.6245e-05
2.0769e-05
-1.2916e-05
-4.1879e-05
-5.5855e-05
-3.4968e-05
1.6039e-05
3.0405e-05
-1.1938e-05
-4.0144e-05
-9.0254e-06
2.351e-05
5.539e-06
-2.8534e-05
-4.1352e-05
-4.5803e-05
-3.3251e-05
1.1456e-05
4.3887e-05
1.3832e-05
-5.5472e-05
-8.1742e-05
-2.653e-05
2.3436e-05
6.576e-06
-2.5096e-05
-3.065e-05
-2.6744e-05
-2.9718e-05
-2.0871e-05
-1.3277e-05
-3.7404e-05
-6.881e-05
-4.8144e-05
8.125e-06
1.1242e-05
-3.7272e-05
-6.0646e-05
-5.8298e-05
-6.6771e-05
-4.3624e-05
1.1915e-05
2.0086e-05
-3.4105e-05
-9.3386e-05
-9.5358e-05
-4.5912e-05
-1.9758e-05
-3.6092e-05
-3.7317e-05
-1.1058e-05
-9.6004e-06
-4.2237e-05
-7.8759e-05
-8.4462e-05
-6.9118e-05
-6.3079e-05
-4.6414e-05
1.1607e-07
1.413e-05
-4.9128e-05
-0.00010159
-9.7232e-05
-0.00010149
-9.2583e-05
-2.1901e-05
3.9266e-05
5.6906e-06
-8.2019e-05
-0.00012687
-0.00012003
-9.9202e-05
-6.815e-05
-2.4157e-05
3.5048e-06
-1.7446e-05
-7.3435e-05
-0.00010533
-7.9021e-05
-6.6586e-05
-8.5712e-05
-7.473e-05
-5.7988e-05
-7.1338e-05
-7.4758e-05
-4.2949e-05
-6.3124e-05
-0.00013444
-0.00013548
-6.6641e-05
-1.6676e-05
-3.2979e-05
-8.72e-05
-0.00013494
-0.00013556
-9.5424e-05
-7.5414e-05
-5.8799e-05
-4.8809e-05
-7.7316e-05
-0.00011143
-0.00011175
-7.9874e-05
-5.8929e-05
-6.9992e-05
-9.3e-05
-0.00012063
-0.00014125
-0.00011335
-7.544e-05
-9.0761e-05
-0.00013168
-0.0001433
-0.0001042
-4.1952e-05
-4.1742e-05
-0.00011906
-0.00016999
-0.00014148
-0.00010362
-0.00010124
-0.00010286
-0.0001139
-0.00014157
-0.00014769
-0.0001209
-9.661e-05
-0.00010205
-0.00011658
-0.00011291
-0.00010732
-0.00013548
-0.00017179
-0.00016509
-0.00014806
-0.00014733
-0.00013017
-0.0001104
-0.00011206
-0.00011614
-0.00012182
-0.0001379
-0.00014616
-0.00013121
-0.00013205
-0.00016065
-0.00015988
-0.00013431
-0.00015046
-0.00018037
-0.0001598
-0.00013238
-0.0001522
-0.00016677
-0.00014406
-0.00012651
-0.00014553
-0.00017869
-0.0001786
-0.00013348
-0.00012316
-0.00015323
-0.00014769
-0.00013549
-0.00018391
-0.00023633
-0.00021664
-0.0001649
-0.00012523
-0.00010849
-0.00013939
-0.00018509
-0.00019211
-0.0001767
-0.00017642
-0.00019159
-0.0002035
-0.0001898
-0.00015722
-0.0001365
-0.00015106
-0.00019801
-0.00023537
-0.00023796
-0.00021863
-0.00017414
-0.00012013
-0.00010026
-0.00015433
-0.00024065
-0.00026962
-0.00023286
-0.00017814
-0.00014581
-0.00014148
-0.00015211
-0.00018866
-0.00023408
-0.00025152
-0.00023888
-0.00022284
-0.00018639
-0.00013714
-0.00014614
-0.00021287
-0.00025317
-0.00023899
-0.00021934
-0.00021949
-0.00019408
-0.00015986
-0.0001679
-0.00020301
-0.0002536
-0.00029935
-0.00028386
-0.00021632
-0.00015188
-0.00013318
-0.0001595
-0.00022003
-0.00030292
-0.00033745
-0.00028394
-0.00021448
-0.00017861
-0.00015782
-0.0001699
-0.00022156
-0.00028669
-0.00031911
-0.00028389
-0.000233
-0.00021287
-0.00021257
-0.00021323
-0.00021136
-0.00023006
-0.0002807
-0.00032639
-0.00031892
-0.00023622
-0.00014771
-0.00014998
-0.00023267
-0.00031218
-0.00035712
-0.00035384
-0.00028042
-0.00016692
-0.00011246
-0.00018995
-0.00032412
-0.00037814
-0.00033212
-0.00026644
-0.00022618
-0.0002185
-0.00025525
-0.00027331
-0.0002363
-0.00022217
-0.0002853
-0.00036074
-0.00035991
-0.00028413
-0.00019934
-0.00017958
-0.00024823
-0.00031861
-0.00032961
-0.00032842
-0.00034072
-0.0003155
-0.0002434
-0.00019949
-0.00024042
-0.00028889
-0.00028887
-0.00032194
-0.00037133
-0.00032216
-0.00022757
-0.00020873
-0.00026767
-0.00033809
-0.00037031
-0.00034567
-0.00028701
-0.00025459
-0.00025007
-0.00024989
-0.00027122
-0.00030645
-0.00035153
-0.00038782
-0.00035779
-0.00027537
-0.00023821
-0.00027695
-0.00032664
-0.00031603
-0.00028969
-0.00033217
-0.00038729
-0.00036082
-0.0002747
-0.00021159
-0.00023036
-0.0003094
-0.00038844
-0.00043083
-0.00040398
-0.00032309
-0.00024735
-0.00022357
-0.00026355
-0.00032618
-0.00036597
-0.00038324
-0.00038595
-0.00037182
-0.00031913
-0.00025248
-0.00025168
-0.00031026
-0.00036818
-0.00042117
-0.0004339
-0.0003703
-0.00029449
-0.00026505
-0.00026721
-0.00029307
-0.00034589
-0.00041399
-0.00045999
-0.00043519
-0.00033954
-0.0002551
-0.0002466
-0.00029578
-0.00036168
-0.00042196
-0.00044527
-0.00039518
-0.00030281
-0.00025048
-0.0002691
-0.00032977
-0.00039049
-0.00041946
-0.00039361
-0.00034797
-0.00033731
-0.00034339
-0.0003393
-0.0003506
-0.00038182
-0.00040765
-0.00041133
-0.0003634
-0.00029828
-0.00029161
-0.0003303
-0.00035903
-0.0003848
-0.00043325
-0.00045767
-0.00040299
-0.0003074
-0.0002657
-0.00030224
-0.00036519
-0.00040143
-0.00041647
-0.00041877
-0.00038454
-0.00032986
-0.00031258
-0.00033364
-0.00034969
-0.00037292
-0.00042022
-0.00045423
-0.00043489
-0.00037462
-0.00031206
-0.00029022
-0.0003153
-0.0003632
-0.00043858
-0.00050527
-0.00048124
-0.00037459
-0.00028629
-0.0002942
-0.00034922
-0.00037899
-0.00041681
-0.00047062
-0.00045502
-0.00037599
-0.00034337
-0.00035194
-0.00033992
-0.00034304
-0.00039244
-0.00045802
-0.00048505
-0.0004415
-0.00035715
-0.00031015
-0.00032299
-0.00036235
-0.00041429
-0.00046259
-0.00047005
-0.0004306
-0.00037072
-0.0003161
-0.00029901
-0.00033698
-0.00040788
-0.00046968
-0.00046445
-0.00040969
-0.00037549
-0.00035832
-0.0003349
-0.00034808
-0.00043717
-0.00052282
-0.00048694
-0.00037058
-0.00029937
-0.00031185
-0.00036239
-0.00041014
-0.0004443
-0.00046462
-0.00045444
-0.00039886
-0.00033806
-0.00031667
-0.0003254
-0.00035528
-0.0004251
-0.00050181
-0.00050237
-0.00043399
-0.00036404
-0.00031324
-0.00028764
-0.00032839
-0.00044307
-0.00052698
-0.00049401
-0.00041169
-0.00035007
-0.00030545
-0.00029349
-0.00033277
-0.00042183
-0.00051319
-0.0005164
-0.00044856
-0.00038722
-0.00033792
-0.00031338
-0.00036281
-0.00044133
-0.00046837
-0.00043894
-0.0003869
-0.00035761
-0.00036995
-0.0003787
-0.00038075
-0.00040295
-0.00042024
-0.00043398
-0.00044229
-0.00040315
-0.00034436
-0.00032351
-0.00033861
-0.00039093
-0.00046544
-0.00048878
-0.00043139
-0.00035673
-0.00032589
-0.00034101
-0.00037614
-0.00042019
-0.00044785
-0.0004241
-0.00037653
-0.00036901
-0.00038195
-0.00036849
-0.00035314
-0.00037646
-0.00041032
-0.00041943
-0.0004013
-0.00036694
-0.0003386
-0.00033281
-0.00034313
-0.0003614
-0.00038704
-0.00041006
-0.00041703
-0.00041451
-0.00040034
-0.00034793
-0.00030756
-0.00035588
-0.00044417
-0.0004703
-0.00041985
-0.0003509
-0.00030876
-0.00029036
-0.00030996
-0.00038336
-0.00042653
-0.00039451
-0.0003631
-0.00037663
-0.00036946
-0.00031207
-0.00028527
-0.0003383
-0.00041248
-0.00044625
-0.00042598
-0.00037924
-0.00031878
-0.0002689
-0.0002969
-0.00038721
-0.00044935
-0.00045831
-0.00042525
-0.00036444
-0.00030129
-0.00027419
-0.0002952
-0.00035108
-0.00038338
-0.00035588
-0.00033426
-0.0003531
-0.00036009
-0.00033231
-0.00030298
-0.00030599
-0.00035727
-0.00040938
-0.00039055
-0.00032729
-0.00027792
-0.00026237
-0.00028874
-0.00035137
-0.0003919
-0.00036592
-0.00030044
-0.00026605
-0.00029901
-0.00035338
-0.00036931
-0.00034449
-0.00031027
-0.00029794
-0.00033473
-0.0003832
-0.0003586
-0.0002539
-0.00019875
-0.00026094
-0.00035418
-0.0003756
-0.00031148
-0.00025362
-0.00026813
-0.00031894
-0.00035274
-0.00033834
-0.00029574
-0.00024684
-0.00024145
-0.0002937
-0.00031912
-0.00027688
-0.00024836
-0.00027443
-0.00030255
-0.00030785
-0.00028554
-0.00025045
-0.00023755
-0.00024508
-0.00027705
-0.00030708
-0.00028758
-0.0002267
-0.00019729
-0.00024279
-0.0003192
-0.00033865
-0.0002797
-0.00022661
-0.00024373
-0.00027802
-0.00025869
-0.0002136
-0.00019439
-0.00020842
-0.00024375
-0.00025875
-0.00024138
-0.0002211
-0.00021865
-0.00022515
-0.00022618
-0.00022622
-0.00025011
-0.0002607
-0.0002369
-0.00020271
-0.00016867
-0.00015547
-0.00017297
-0.0001816
-0.00019091
-0.00023828
-0.00028514
-0.00023996
-0.00014566
-0.00013107
-0.0001978
-0.00025096
-0.00024944
-0.00022315
-0.00018765
-0.00014702
-0.00013555
-0.00017581
-0.00020999
-0.00017805
-0.00013356
-0.00012527
-0.00012685
-0.0001145
-0.00010924
-0.00014679
-0.00020879
-0.0002078
-0.00013547
-0.00011778
-0.00018549
-0.00016901
-3.0815e-05
7.1538e-05
6.395e-05
-2.7931e-05
-9.4687e-05
-4.5766e-05
3.0254e-05
2.4037e-05
-0.00016249
-0.0004314
-0.00048196
-0.00021919
5.8849e-05
9.2111e-05
5.3011e-05
0.00010326
0.00016162
9.7323e-05
-0.00017869
-0.00045557
-0.00042285
-0.00012788
0.00028746
0.00065534
0.0008644
0.00078154
0.00042454
0.00020602
8.1682e-05
-0.00048647
-0.0014279
-0.0020721
-0.0016371
-0.00038808
0.00071172
0.0009046
1.1928e-05
-0.0004208
0.00084799
0.0023565
0.0021853
0.0008645
0.00043355
0.0017939
0.0032442
0.0026747
0.00036706
-0.0015377
-0.0018747
-0.0014673
-0.00091866
0.00015838
0.00099523
0.00041105
-0.00073628
0.0003296
0.0037338
0.0052445
0.003676
0.0017222
0.0013921
0.0027041
0.0030264
-1.4849e-05
-0.0046816
-0.0061951
-0.0027338
0.0011392
0.0011103
-0.00073141
-0.001169
3.079e-05
0.0021105
0.0031709
0.0021301
0.0011225
0.00037677
-0.00088969
-0.001407
0.0001712
0.0043337
0.0069066
0.0024135
-0.0030167
-0.00026992
0.005833
0.0068705
0.0037022
0.0023579
0.0044828
0.0051141
0.001375
-0.0026878
-0.0018617
0.002778
0.0037423
-0.0006842
-0.0031379
-0.00092366
0.0023433
0.0057976
0.010614
0.017279
0.021459
0.017617
0.0095286
0.0024274
-0.0029073
-0.0033718
-0.00072138
-0.0021541
-0.0047448
-0.0025002
0.002691
0.0034261
-0.0033339
-0.01259
-0.019081
-0.01685
-0.0022204
0.016891
0.028147
0.028328
0.022398
0.012556
-0.00048261
-0.0075902
-0.0040961
0.00022466
-0.0023412
-0.0095198
-0.013169
-0.0037558
0.016945
0.033552
0.036666
0.031704
0.023168
0.011828
0.00046929
-0.0054321
-0.0014581
0.0068935
0.010215
0.0039726
-0.0080961
-0.017935
-0.019347
-0.015111
-0.011799
-0.0058347
0.0042742
0.012311
0.016896
0.020429
0.025796
0.037829
0.049225
0.039613
0.0073329
-0.025226
-0.0415
-0.044736
-0.042003
-0.028354
-0.0035655
0.013092
0.012165
0.013783
0.034419
0.054095
0.046508
0.016702
-0.00804
-0.0041487
0.018227
0.0248
0.0039535
-0.015301
-0.0077245
0.012073
0.020152
0.016202
0.012378
0.0087362
0.0038407
0.0083158
0.025439
0.038023
0.030494
0.011784
0.00183
0.0060322
0.012683
0.0069983
-0.015108
-0.036768
-0.035975
-0.019632
-0.0088653
-0.0041894
-0.00085911
-0.0034011
-0.0065736
-0.0038057
-0.0055655
-0.014465
-0.013346
0.0020596
0.016536
0.017353
0.010292
0.012479
0.02063
0.021779
0.015952
0.016912
0.032589
0.046332
0.041367
0.026152
0.022683
0.037043
0.052044
0.052421
0.043448
0.039975
0.040033
0.021134
-0.01808
-0.051144
-0.065113
-0.062226
-0.044999
-0.022248
-0.0099854
-0.016322
-0.029064
-0.029143
-0.011045
0.013978
0.02785
0.026519
0.019367
0.01241
0.010069
0.017013
0.030587
0.037014
0.032563
0.031296
0.039796
0.053204
0.051512
0.019916
-0.020883
-0.043526
-0.035816
-0.0042658
0.02607
0.036553
0.03877
0.042662
0.030572
0.0029955
-0.012311
-0.01071
-0.013094
-0.026473
-0.038885
-0.043158
-0.034221
0.0055138
0.064161
0.075155
0.011756
-0.056127
-0.063662
-0.026444
0.0088209
0.020687
0.02768
0.054521
0.090656
0.11436
0.11651
0.098189
0.077233
0.06429
0.043217
0.017785
0.017421
0.030121
0.013423
-0.03762
-0.084977
-0.095548
-0.078479
-0.060516
-0.0476
-0.022573
0.01939
0.043739
0.03217
0.024023
0.055449
0.0915
0.084891
0.038461
-0.02551
-0.08541
-0.11557
-0.10982
-0.087344
-0.064874
-0.035637
0.012614
0.061756
0.086405
0.092569
0.098797
0.10428
0.087788
0.03679
-0.02387
-0.053896
-0.043106
-0.02054
-0.013597
-0.016384
-0.015656
-0.021391
-0.044755
-0.065808
-0.060344
-0.043869
-0.04595
-0.063655
-0.095891
-0.15854
-0.23525
-0.27595
-0.25147
-0.19561
-0.16694
-0.17859
-0.18686
-0.14938
-0.097082
-0.077397
-0.087382
-0.11368
-0.15254
-0.17633
-0.15659
-0.12149
-0.11772
-0.15151
-0.18402
-0.16529
-0.099082
-0.039581
-0.0039989
0.02654
0.053957
0.06318
0.040444
-0.012891
-0.078311
-0.13959
-0.18172
-0.18588
-0.14974
-0.10141
-0.074752
-0.0764
-0.087488
-0.086884
-0.070704
-0.050461
-0.040296
-0.047808
-0.072944
-0.11106
-0.15466
-0.20208
-0.25397
-0.2951
-0.30453
-0.28487
-0.25828
-0.23985
-0.21911
-0.16549
-0.071807
0.013544
0.03143
-0.011037
-0.055733
-0.05079
0.015596
0.11364
0.21866
0.31314
0.36819
0.36637
0.33931
0.3425
0.38886
0.43687
0.43529
0.36969
0.26115
0.14437
0.057027
0.015667
-0.00025298
-0.0079493
0.022639
0.10328
0.19697
0.29582
0.39892
0.4585
0.43891
0.36928
0.30785
0.29018
0.31021
0.3312
0.32375
0.30729
0.31958
0.36752
0.42892
0.46588
0.45447
0.42223
0.41584
0.43167
0.43476
0.42256
0.42097
0.45069
0.51039
0.54658
0.46859
0.27533
0.083455
-0.026331
-0.067707
-0.092447
-0.13854
-0.19305
-0.22795
-0.25639
-0.30406
-0.36009
-0.39863
-0.42711
-0.46311
-0.49456
-0.5108
-0.51999
-0.52257
-0.50808
-0.476
-0.42795
-0.37469
-0.32418
-0.26765
-0.2075
-0.15133
-0.094323
-0.031558
0.033104
0.096629
0.16383
0.2155
0.20595
0.1472
0.10628
0.10791
0.11095
0.078032
0.030425
0.007471
0.019985
0.057788
0.11317
0.16253
0.1535
0.075268
-0.023382
-0.11162
-0.18743
-0.25218
-0.30941
-0.35123
-0.366
-0.36623
-0.37347
-0.37624
-0.35021
-0.31409
-0.28757
-0.24817
-0.1793
-0.097935
-0.022269
0.060669
0.14836
0.20234
0.22483
0.23291
0.21418
0.16415
0.098177
0.034078
-0.024208
-0.078148
-0.1278
-0.17217
-0.20784
-0.23583
-0.2695
-0.32132
-0.38446
-0.43626
-0.46036
-0.4654
-0.47122
-0.48245
-0.48503
-0.46299
-0.42013
-0.38458
-0.37388
-0.38538
-0.41115
-0.43625
-0.44753
-0.44036
-0.4004
-0.30856
-0.1752
-0.028183
0.11198
0.22466
0.2966
0.34235
0.38155
0.41674
0.44288
0.45805
0.47252
0.49442
0.48724
0.41361
0.315
0.22924
0.10706
-0.080297
-0.27204
-0.43042
-0.52633
-0.50435
-0.34467
-0.11835
0.091228
0.26069
0.38872
0.46424
0.48466
0.47794
0.47665
0.48276
0.50635
0.56006
0.59454
0.52592
0.36701
0.2303
0.17802
0.15878
0.085294
-0.065029
-0.24107
-0.38586
-0.49097
-0.56804
-0.60298
-0.60135
-0.58477
-0.56426
-0.56651
-0.61554
-0.67849
-0.67645
-0.56439
-0.39661
-0.22337
0.010685
0.33912
0.66162
0.83855
0.85515
0.82283
0.80965
0.80418
0.80159
0.79897
0.78245
0.74069
0.6811
0.63882
0.64481
0.67515
0.65543
0.56083
0.42057
0.26296
0.11607
0.0026744
-0.082198
-0.16473
-0.26474
-0.4003
-0.56734
-0.70704
-0.77749
-0.78092
-0.74174
-0.70876
-0.69798
-0.68554
-0.67293
-0.68164
-0.71257
-0.75665
-0.79875
-0.82627
-0.83921
-0.83498
-0.78466
-0.63796
-0.44008
-0.30468
-0.2342
-0.15071
-0.019095
0.14811
0.32705
0.47905
0.56895
0.61053
0.64763
0.69469
0.74013
0.78446
0.83133
0.84564
0.77788
0.65168
0.564
0.5691
0.62358
0.676
0.73606
0.82156
0.90731
0.90928
0.75231
0.50984
0.3283
0.24127
0.20075
0.17518
0.14908
0.10911
0.049593
-0.028045
-0.10717
-0.18105
-0.26392
-0.33082
-0.35302
-0.36499
-0.39354
-0.38772
-0.29897
-0.18823
-0.085688
0.032882
0.16273
0.28016
0.36662
0.42474
0.46311
0.48518
0.50784
0.5451
0.56102
0.48175
0.29108
0.086867
-0.044703
-0.11085
-0.14946
-0.1923
-0.2507
-0.29516
-0.28659
-0.24172
-0.20991
-0.19249
-0.17084
-0.15269
-0.14358
-0.13718
-0.12685
-0.10351
-0.060756
-0.010542
0.026653
0.05448
0.090397
0.13586
0.17291
0.17407
0.13535
0.088083
0.06227
0.066432
0.093428
0.12036
0.11879
0.085166
0.02514
-0.059376
-0.15215
-0.24884
-0.33836
-0.39779
-0.43432
-0.4614
-0.47489
-0.48222
-0.5032
-0.53679
-0.56132
-0.55175
-0.48927
-0.37271
-0.24327
-0.16259
-0.12418
-0.091342
-0.068655
-0.066239
-0.069499
-0.067509
-0.053842
-0.028197
-0.015136
-0.024017
-0.027245
-0.0082795
0.019037
0.045221
0.083253
0.15265
0.23027
0.25693
0.2243
0.17105
0.14128
0.17022
0.24443
0.33116
0.41227
0.47256
0.50631
0.52361
0.53289
0.5323
0.51409
0.47831
0.45211
0.44976
0.4117
0.29035
0.14192
0.032297
-0.028892
-0.059068
-0.073108
-0.092916
-0.12915
-0.16293
-0.17411
-0.15938
-0.1259
-0.079426
-0.031001
0.00093623
0.0069484
-0.0032741
-0.016557
-0.042992
-0.08988
-0.1524
-0.21535
-0.26863
-0.31484
-0.35312
-0.38463
-0.42036
-0.46806
-0.52862
-0.58583
-0.60575
-0.58114
-0.55412
-0.54482
-0.5063
-0.42158
-0.33189
-0.22813
-0.070162
0.12278
0.27279
0.32641
0.31197
0.28107
0.25545
0.23043
0.17454
0.078006
-0.025064
-0.10315
-0.15548
-0.21085
-0.28059
-0.3356
-0.36691
-0.39691
-0.41314
-0.38008
-0.3138
-0.23323
-0.1227
0.012288
0.14056
0.23969
0.3007
0.33088
0.34274
0.34032
0.31122
0.25133
0.18939
0.15225
0.13131
0.093325
0.026403
-0.052941
-0.12313
-0.16705
-0.17649
-0.15693
-0.11359
-0.040748
0.061957
0.16834
0.24225
0.26522
0.24253
0.19855
0.15326
0.11351
0.076803
0.036532
-0.0097088
-0.062009
-0.12283
-0.19548
-0.27595
-0.34854
-0.40215
-0.44128
-0.46915
-0.48081
-0.4766
-0.45557
-0.39809
-0.29647
-0.18116
-0.081592
-0.016886
-0.012912
-0.051347
-0.076834
-0.086022
-0.089244
-0.046111
0.034935
0.071456
0.079425
0.11616
0.15574
0.14805
0.084849
0.0063633
-0.041905
-0.055283
-0.052435
-0.049811
-0.059876
-0.07992
-0.10206
-0.1303
-0.16262
-0.19147
-0.21461
-0.23017
-0.2449
-0.26444
-0.2775
-0.28339
-0.28308
-0.24852
-0.16334
-0.059769
0.034247
0.12148
0.18917
0.22481
0.23445
0.2152
0.16432
0.10895
0.067409
0.029013
-0.012461
-0.055319
-0.10348
-0.15685
-0.20808
-0.25432
-0.2973
-0.33585
-0.36297
-0.37112
-0.37032
-0.37588
-0.3965
-0.45361
-0.52823
-0.58611
-0.65645
-0.72131
-0.70273
-0.57491
-0.40574
-0.28288
-0.20309
-0.099587
0.070491
0.28389
0.48006
0.61527
0.68802
0.71218
0.69465
0.64719
0.59633
0.56945
0.57813
0.618
0.67505
0.72989
0.77958
0.82176
0.82141
0.78197
0.74241
0.71992
0.72761
0.75702
0.77187
0.75728
0.73299
0.7257
0.72987
0.71136
0.66142
0.60237
0.54494
0.49328
0.45987
0.43908
0.41361
0.37769
0.33609
0.29684
0.26456
0.23726
0.20798
0.16719
0.11505
0.063573
0.020227
-0.017611
-0.054978
-0.092326
-0.1278
-0.15714
-0.17519
-0.18425
-0.19206
-0.20653
-0.23151
-0.26495
-0.3047
-0.35184
-0.41037
-0.48272
-0.55899
-0.61761
-0.63278
-0.57945
-0.46478
-0.34295
-0.25489
-0.19802
-0.1605
-0.14092
-0.13153
-0.10633
-0.057868
-0.0062903
0.032984
0.056376
0.062685
0.05462
0.036207
0.0086268
-0.021028
-0.032333
-0.015527
0.00075243
-0.0036817
-0.0064258
0.008353
0.022941
0.014506
-0.015758
-0.053004
-0.092921
-0.13834
-0.18469
-0.22205
-0.2466
-0.26191
-0.2725
-0.27809
-0.27511
-0.25858
-0.2255
-0.18098
-0.13359
-0.086699
-0.044691
-0.012853
0.017924
0.058744
0.096233
0.11371
0.11689
0.11055
0.086961
0.046797
-0.0018221
-0.053121
-0.10323
-0.1535
-0.19766
-0.21503
-0.18846
-0.12655
-0.056032
0.0059552
0.057496
0.10131
0.13922
0.17002
0.19234
0.21038
0.22301
0.20994
0.16799
0.12544
0.087652
0.046984
0.0073164
-0.031398
-0.072911
-0.11745
-0.16253
-0.20525
-0.24505
-0.2842
-0.32339
-0.35252
-0.34732
-0.29166
-0.19919
-0.096684
-0.0074053
0.054186
0.088762
0.1092
0.12176
0.12392
0.12096
0.12293
0.12686
0.1186
0.09181
0.057326
0.028859
0.0057642
-0.017139
-0.041662
-0.073271
-0.11257
-0.14497
-0.15322
-0.12578
-0.059758
0.029035
0.11287
0.17553
0.21837
0.24732
0.26278
0.26158
0.24458
0.21435
0.16985
0.11428
0.060455
0.015912
-0.024602
-0.061543
-0.09359
-0.12661
-0.1636
-0.19933
-0.22633
-0.24032
-0.24186
-0.23647
-0.2339
-0.24015
-0.24132
-0.22177
-0.19489
-0.17922
-0.17791
-0.18435
-0.19362
-0.20749
-0.23163
-0.2668
-0.29139
-0.2849
-0.25862
-0.22535
-0.18021
-0.12222
-0.05723
0.013842
0.090699
0.15867
0.20204
0.22722
0.24828
0.26859
0.28045
0.27816
0.2698
0.2689
0.27905
0.29109
0.29126
0.27615
0.25418
0.23171
0.20789
0.18146
0.15217
0.12277
0.099421
0.085297
0.079042
0.081479
0.095117
0.12013
0.14765
0.15883
0.14422
0.11487
0.082939
0.046942
0.0040249
-0.041092
-0.083338
-0.1191
-0.14155
-0.14747
-0.14335
-0.13525
-0.12429
-0.11185
-0.097039
-0.081239
-0.068993
-0.060987
-0.054789
-0.048964
-0.04428
-0.042317
-0.041358
-0.036257
-0.023923
-0.0058319
0.013949
0.031749
0.044769
0.050595
0.047681
0.035561
0.015481
-0.0095382
-0.035929
-0.059662
-0.075831
-0.079458
-0.069599
-0.049182
-0.019397
0.016198
0.048299
0.071657
0.084282
0.082014
0.06614
0.045967
0.026711
0.0060584
-0.016795
-0.039474
-0.063721
-0.094254
-0.12878
-0.15806
-0.17799
-0.18769
-0.17995
-0.14971
-0.10423
-0.055999
-0.012896
0.023158
0.05293
0.073707
0.079976
0.073923
0.067431
0.068029
0.073833
0.082226
0.092843
0.10487
0.11739
0.12795
0.13021
0.11838
0.095185
0.067309
0.03829
0.012405
-0.0032239
-0.0071478
-0.0073663
-0.0067025
0.0050123
0.033387
0.069862
0.10341
0.12655
0.13352
0.12107
0.090805
0.049106
0.0031971
-0.043368
-0.090971
-0.13837
-0.17931
-0.20529
-0.21096
-0.19606
-0.16234
-0.11195
-0.048903
0.019035
0.083104
0.13815
0.18173
0.2081
0.20573
0.16807
0.10768
0.047223
-0.0030253
-0.046645
-0.085511
-0.11899
-0.14876
-0.17712
-0.20332
-0.22062
-0.21835
-0.19023
-0.141
-0.083738
-0.030195
0.01502
0.050814
0.074956
0.086386
0.087463
0.08287
0.077408
0.073786
0.07174
0.068933
0.063487
0.056237
0.049366
0.041724
0.028486
0.0071301
-0.017865
-0.038351
-0.048713
-0.049421
-0.046712
-0.045589
-0.045465
-0.044026
-0.040667
-0.035266
-0.026748
-0.016241
-0.010088
-0.01186
-0.014704
-0.010707
-0.00034073
0.012177
0.023685
0.032114
0.036965
0.039957
0.045238
0.056693
0.072375
0.081571
0.074181
0.051129
0.019074
-0.01774
-0.055034
-0.08625
-0.10513
-0.10843
-0.098597
-0.080989
-0.059729
-0.037686
-0.016648
0.0028639
0.018989
0.026349
0.019387
-1.7584e-05
-0.021693
-0.037335
-0.045583
-0.045987
-0.036805
-0.018248
0.0061958
0.032381
0.057906
0.081036
0.099165
0.10749
0.1007
0.079415
0.051321
0.02364
0.00013225
-0.017537
-0.028357
-0.030221
-0.021406
-0.0029978
0.022044
0.049727
0.075157
0.093823
0.10309
0.10216
0.091472
0.072176
0.046173
0.017129
-0.010809
-0.035322
-0.054792
-0.067885
-0.073792
-0.072006
-0.064799
-0.056884
-0.050263
-0.043284
-0.034653
-0.024626
-0.013642
-0.002114
0.0089993
0.018959
0.027539
0.034387
0.039284
0.042248
0.043193
0.041088
0.034151
0.022628
0.0093405
-0.0022835
-0.0097535
-0.013761
-0.01738
-0.022291
-0.02693
-0.027471
-0.020052
-0.0031621
0.020121
0.043389
0.062155
0.076873
0.090014
0.10254
0.11269
0.11536
0.10368
0.075931
0.04206
0.014546
-0.0026848
-0.011931
-0.01702
-0.019133
-0.013743
0.0052243
0.036205
0.069794
0.097704
0.11703
0.12494
0.11718
0.09642
0.073451
0.055903
0.04236
0.028917
0.015127
0.0019046
-0.0093588
-0.015724
-0.014348
-0.0059529
0.0047965
0.013011
0.015959
0.01377
0.0090221
0.0041134
6.9136e-05
-0.0023958
-0.0026823
-0.00028644
0.0058794
0.016148
0.029174
0.043305
0.056324
0.064452
0.064209
0.05438
0.0368
0.015878
-0.0044807
-0.022021
-0.03518
-0.043227
-0.045674
-0.042985
-0.03723
-0.02952
-0.020372
-0.012245
-0.0076447
-0.0069754
-0.010476
-0.018374
-0.028556
-0.036516
-0.03779
-0.030795
-0.018192
-0.0055263
0.0019845
0.0019247
-0.0043923
-0.01276
-0.019926
-0.02653
-0.034575
-0.044737
-0.057534
-0.072834
-0.087795
-0.098414
-0.10212
-0.099146
-0.093042
-0.088124
-0.086094
-0.08575
-0.084818
-0.08152
-0.076068
-0.071946
-0.073392
-0.080399
-0.088689
-0.094065
-0.094312
-0.088639
-0.077732
-0.064428
-0.052735
-0.044228
-0.037134
-0.030159
-0.02523
-0.02531
-0.030089
-0.036127
-0.039906
-0.039276
-0.034234
-0.025801
-0.014586
-0.0013977
0.011699
0.021971
0.027418
0.027891
0.025666
0.02432
0.026662
0.03337
0.042657
0.051498
0.058105
0.061791
0.061673
0.058132
0.053302
0.049095
0.045502
0.04137
0.036497
0.03244
0.030816
0.030511
0.027775
0.019572
0.0062481
-0.0089143
-0.022471
-0.033145
-0.041962
-0.050605
-0.059912
-0.070018
-0.080479
-0.090016
-0.09714
-0.10116
-0.10214
-0.10024
-0.09516
-0.086886
-0.076906
-0.067913
-0.062667
-0.062123
-0.064793
-0.067979
-0.06879
-0.06463
-0.053552
-0.034923
-0.011213
0.013372
0.03596
0.055317
0.069944
0.077621
0.077049
0.068623
0.054236
0.036337
0.017851
0.0024776
-0.0068392
-0.0091367
-0.0047381
0.0057004
0.020722
0.037225
0.05137
0.060016
0.061582
0.055978
0.044928
0.031455
0.017126
0.0033896
-0.0057886
-0.0082031
-0.0066133
-0.0037155
0.00043333
0.0041932
0.0052503
0.0038045
0.00027339
-0.0061285
-0.015047
-0.024411
-0.03247
-0.038553
-0.042784
-0.045012
-0.04432
-0.041051
-0.036121
-0.029473
-0.021982
-0.015654
-0.01177
-0.0099138
-0.0075301
-0.0015109
0.0074608
0.015122
0.018742
0.017946
0.012523
0.003295
-0.0073602
-0.01802
-0.028576
-0.037989
-0.043683
-0.042483
-0.032475
-0.014194
0.010311
0.037699
0.063514
0.084397
0.099787
0.11079
0.11773
0.12008
0.11803
0.11215
0.10227
0.088389
0.071832
0.054587
0.039329
0.028886
0.023748
0.022031
0.022511
0.025841
0.031904
0.037396
0.038139
0.034311
0.02852
0.020216
0.008968
-0.0017044
-0.0092868
-0.01476
-0.019048
-0.023834
-0.031484
-0.04084
-0.047799
-0.048852
-0.042861
-0.031698
-0.018099
-0.0060463
-0.00070969
-0.0039478
-0.014046
-0.028193
-0.042296
-0.052244
-0.054696
-0.047396
-0.03259
-0.016054
-0.0015829
0.010294
0.01845
0.020107
0.015135
0.0074895
0.0002477
-0.0060506
-0.0096366
-0.0082125
-0.0027094
0.004096
0.010966
0.017751
0.023475
0.027485
0.030175
0.031708
0.032257
0.032871
0.034311
0.034797
0.031264
0.022731
0.01051
-0.0030971
-0.016009
-0.027203
-0.035638
-0.038997
-0.034573
-0.023225
-0.010409
0.0001973
0.0088584
0.015857
0.020083
0.01976
0.014533
0.0072274
0.0016387
-0.00071743
0.0001322
0.0044503
0.011997
0.020683
0.027657
0.030855
0.029453
0.023621
0.014308
0.0028299
-0.010375
-0.025207
-0.039784
-0.051343
-0.058238
-0.060152
-0.058151
-0.054204
-0.049851
-0.046088
-0.043798
-0.043546
-0.045025
-0.046646
-0.046607
-0.044492
-0.041135
-0.036524
-0.028814
-0.016323
7.7665e-05
0.017234
0.031727
0.041632
0.046437
0.046362
0.041915
0.034136
0.026001
0.021064
0.021151
0.026715
0.036873
0.04839
0.056777
0.058645
0.053689
0.045131
0.036371
0.027706
0.018438
0.0093668
0.0019811
-0.0023427
-0.0024398
0.0021919
0.010776
0.021183
0.030979
0.038831
0.045134
0.050989
0.055541
0.055388
0.047814
0.034096
0.01788
0.0017722
-0.013454
-0.027881
-0.041192
-0.052007
-0.058977
-0.061729
-0.060984
-0.058443
-0.055328
-0.050763
-0.0435
-0.035102
-0.028847
-0.026052
-0.025981
-0.027475
-0.029731
-0.031837
-0.031311
-0.025438
-0.014589
-0.0019962
0.009735
0.020587
0.031411
0.041464
0.049223
0.05501
0.060045
0.064345
0.06705
0.067352
0.064982
0.059984
0.051728
0.039016
0.022812
0.007213
-0.0039045
-0.010007
-0.013137
-0.014556
-0.013833
-0.010305
-0.0037503
0.00437
0.011247
0.01562
0.01863
0.022429
0.028558
0.036047
0.041384
0.040973
0.033488
0.020282
0.0035874
-0.014303
-0.030956
-0.044044
-0.052482
-0.056617
-0.056342
-0.049693
-0.034557
-0.012169
0.011725
0.029206
0.035873
0.033499
0.027158
0.020728
0.014543
0.007409
-3.4156e-05
-0.0059117
-0.0094794
-0.010783
-0.0097016
-0.006265
-0.00024747
0.008497
0.018045
0.025011
0.028254
0.028995
0.027987
0.025111
0.02071
0.016297
0.014148
0.015766
0.019998
0.023775
0.025178
0.023899
0.01812
0.0052731
-0.012852
-0.030408
-0.042632
-0.047542
-0.042949
-0.026208
0.00024209
0.028903
0.053944
0.073874
0.087798
0.090523
0.077127
0.050885
0.020007
-0.010285
-0.038808
-0.064065
-0.083248
-0.091739
-0.084026
-0.060142
-0.026611
0.010568
0.047133
0.077509
0.096114
0.098542
0.082159
0.052157
0.019756
-0.0079836
-0.028997
-0.041597
-0.044262
-0.037348
-0.023529
-0.0056393
0.013738
0.03083
0.042141
0.045648
0.0407
0.030059
0.018957
0.0093579
-0.0017938
-0.017061
-0.034411
-0.049804
-0.059872
-0.061592
-0.052693
-0.03489
-0.014953
-0.00012242
0.006328
0.0050301
-0.0021739
-0.01334
-0.027202
-0.042894
-0.057452
-0.067452
-0.072114
-0.071818
-0.06664
-0.057536
-0.046017
-0.033199
-0.020566
-0.010218
-0.0033461
0.0011374
0.0054762
0.010869
0.017689
0.026104
0.035215
0.04336
0.049563
0.053735
0.055549
0.054506
0.05153
0.048739
0.046526
0.042973
0.036445
0.02771
0.018894
0.011035
0.003823
-0.0037812
-0.012768
-0.022517
-0.031127
-0.037396
-0.041221
-0.042351
-0.039246
-0.030994
-0.019766
-0.0087472
0.0010045
0.010529
0.020731
0.029697
0.033333
0.03012
0.022733
0.01452
0.0078822
0.0041121
0.0025081
0.0014699
0.00055039
7.6966e-05
-0.0005353
-0.002075
-0.002893
0.00057686
0.009453
0.020481
0.029927
0.036684
0.040921
0.042514
0.04137
0.037563
0.03134
0.023987
0.017032
0.0099875
0.00089612
-0.010346
-0.02169
-0.031239
-0.038078
-0.042379
-0.045092
-0.047284
-0.049366
-0.050894
-0.051493
-0.051238
-0.050492
-0.050618
-0.053149
-0.056602
-0.056972
-0.05225
-0.044171
-0.036345
-0.031814
-0.031263
-0.034337
-0.040892
-0.04857
-0.052769
-0.050878
-0.044142
-0.035346
-0.026361
-0.017827
-0.010475
-0.0052437
-0.0017159
0.0017283
0.0051438
0.0060441
0.0024081
-0.004488
-0.010508
-0.01277
-0.012118
-0.011179
-0.011069
-0.0095313
-0.0032907
0.0069963
0.016254
0.020559
0.020058
0.016471
0.011919
0.0074447
0.0015349
-0.0073155
-0.016789
-0.021011
-0.016519
-0.0074673
-0.00095219
0.00040831
-0.0025409
-0.0095991
-0.018477
-0.023759
-0.023589
-0.02084
-0.018405
-0.017593
-0.017253
-0.014963
-0.011389
-0.0099779
-0.013135
-0.019963
-0.027064
-0.031975
-0.034672
-0.035124
-0.032256
-0.026384
-0.019381
-0.012726
-0.006753
-0.00098777
0.0047476
0.009528
0.012051
0.011326
0.0069004
-0.00076211
-0.0098443
-0.017575
-0.021289
-0.01945
-0.011622
0.0011261
0.015618
0.028242
0.036381
0.038141
0.033247
0.023559
0.011421
-0.0010535
-0.012238
-0.021008
-0.0261
-0.026249
-0.020814
-0.010291
0.0033526
0.017128
0.028206
0.035071
0.038338
0.039147
0.037418
0.032729
0.025346
0.016383
0.0076758
0.0012583
-0.00055957
0.0035277
0.011415
0.01964
0.026256
0.030212
0.031123
0.029584
0.026261
0.020811
0.013019
0.0048708
-6.9436e-05
0.00059906
0.0065157
0.015267
0.024163
0.031751
0.037874
0.041584
0.040462
0.033878
0.025428
0.019757
0.018718
0.021464
0.026002
0.030103
0.032047
0.031848
0.031759
0.03455
0.040747
0.048802
0.05812
0.068744
0.077929
0.0801
0.07047
0.049593
0.023268
-0.0026271
-0.023839
-0.038072
-0.045617
-0.045733
-0.034803
-0.012382
0.016104
0.044858
0.069321
0.084406
0.085591
0.071379
0.046819
0.021754
0.0027866
-0.0099786
-0.019528
-0.026835
-0.030589
-0.031682
-0.032369
-0.032066
-0.028748
-0.022948
-0.017962
-0.016694
-0.019067
-0.022333
-0.023813
-0.022693
-0.019448
-0.01556
-0.013352
-0.014037
-0.016579
-0.01944
-0.021646
-0.021902
-0.018939
-0.013775
-0.009404
-0.0061574
-0.00062775
0.0081506
0.016082
0.01915
0.016846
0.011211
0.0051338
0.00062706
-0.0029038
-0.0075965
-0.013704
-0.01898
-0.021704
-0.021543
-0.018537
-0.013394
-0.0080744
-0.004957
-0.0047278
-0.0057659
-0.0062651
-0.0058183
-0.0043569
-0.001895
0.00023589
8.7899e-05
-0.0034228
-0.010103
-0.017986
-0.024171
-0.027214
-0.027371
-0.02484
-0.019367
-0.01076
-5.2937e-05
0.0095493
0.014482
0.012968
0.0052151
-0.0064836
-0.018189
-0.026306
-0.028299
-0.023699
-0.015284
-0.0070821
-0.0014593
0.0019554
0.0047181
0.0073238
0.009327
0.010758
0.011555
0.011426
0.010762
0.0096519
0.0071382
0.0027477
-0.0022955
-0.0062455
-0.0088413
-0.011475
-0.015563
-0.021119
-0.027174
-0.032528
-0.035185
-0.03284
-0.025888
-0.018332
-0.014742
-0.015997
-0.017627
-0.01452
-0.0067864
0.0011791
0.005197
0.0036636
-0.0024123
-0.010942
-0.020459
-0.029724
-0.036609
-0.039219
-0.03791
-0.034058
-0.028178
-0.02101
-0.014478
-0.011005
-0.012145
-0.017346
-0.024414
-0.03168
-0.039126
-0.047728
-0.057646
-0.067702
-0.0765
-0.079709
-0.068415
-0.041103
-0.007402
0.025885
0.057952
0.089157
0.11782
0.13897
0.14782
0.14054
0.11297
0.068372
0.019568
-0.024816
-0.064068
-0.095985
-0.1174
-0.12864
-0.12761
-0.10842
-0.071766
-0.024139
0.029193
0.081284
0.12273
0.14541
0.1417
0.10827
0.055962
0.0036766
-0.036661
-0.06155
-0.070741
-0.065672
-0.049546
-0.026017
0.001229
0.027547
0.047468
0.056287
0.052395
0.038201
0.018318
-0.0034633
-0.025513
-0.046479
-0.063359
-0.071717
-0.068301
-0.053683
-0.031592
-0.0068271
0.015958
0.033232
0.04286
0.044071
0.038301
0.028603
0.017121
0.0045053
-0.0083362
-0.019672
-0.028383
-0.034997
-0.039836
-0.04093
-0.035731
-0.02461
-0.010868
0.0020565
0.012329
0.019692
0.024611
0.027212
0.02776
0.027897
0.029512
0.032524
0.034183
0.031517
0.025077
0.018626
0.014845
0.014021
0.015738
0.019166
0.022555
0.024082
0.023069
0.019867
0.014763
0.0079725
0.00017871
-0.0081857
-0.016901
-0.024886
-0.030836
-0.034496
-0.036112
-0.035052
-0.03043
-0.02257
-0.012581
-0.0016462
0.0089393
0.018413
0.025938
0.029634
0.027923
0.021125
0.01158
0.0021865
-0.0053919
-0.01062
-0.013573
-0.015097
-0.016062
-0.016826
-0.017641
-0.018677
-0.020024
-0.021801
-0.023412
-0.023393
-0.020677
-0.015627
-0.010141
-0.0065981
-0.0063575
-0.0088146
-0.011303
-0.010612
-0.0053976
0.0027845
0.011545
0.019706
0.026627
0.031818
0.03565
0.038663
0.039979
0.037693
0.031474
0.023583
0.016648
0.011787
0.0088695
0.0073963
0.0081309
0.013238
0.02285
0.033883
0.043407
0.050665
0.055169
0.054459
0.04574
0.03035
0.013719
0.0006723
-0.0072448
-0.011117
-0.011642
-0.0077628
0.0008395
0.012371
0.023902
0.032269
0.03484
0.031044
0.023465
0.015542
0.0081715
0.0016272
-0.00042538
0.0049956
0.013763
0.020298
0.025578
0.031706
0.03535
0.032957
0.025221
0.014334
0.0026336
-0.007335
-0.014461
-0.019657
-0.02385
-0.026061
-0.025322
-0.023156
-0.020983
-0.018661
-0.017327
-0.017995
-0.017979
-0.013114
-0.0028161
0.0084284
0.014918
0.015259
0.012029
0.0065327
-0.00080656
-0.0071019
-0.0099804
-0.010772
-0.012013
-0.014248
-0.01561
-0.014478
-0.011915
-0.010251
-0.010126
-0.010691
-0.012061
-0.014988
-0.018128
-0.017976
-0.012619
-0.0041231
0.0042212
0.0114
0.01766
0.022052
0.023011
0.019936
0.013191
0.0040908
-0.0048887
-0.011333
-0.014286
-0.014034
-0.010924
-0.0055428
7.8135e-07
0.0031102
0.0029654
0.00046441
-0.0030413
-0.0067544
-0.010045
-0.011377
-0.0091784
-0.0034461
0.0042225
0.011458
0.015779
0.015594
0.011165
0.0047392
-0.00015101
-0.0013166
0.00056316
0.0039306
0.00762
0.01054
0.011827
0.011377
0.0099932
0.0086129
0.0071146
0.004763
0.0020141
0.00048334
0.0010037
0.0023912
0.0023472
-0.00072719
-0.0061394
-0.01143
-0.014645
-0.014935
-0.012549
-0.0090906
-0.006183
-0.0038872
-0.0013966
0.0013214
0.0033107
0.0034718
0.0017824
-0.00018894
-0.00093481
-0.0011171
-0.0025412
-0.0051186
-0.0070175
-0.0077965
-0.0087078
-0.009987
-0.010627
-0.010051
-0.0077735
-0.0030331
0.0037055
0.010535
0.015972
0.019703
0.021664
0.021455
0.018403
0.012252
0.0041317
-0.0041714
-0.011802
-0.018296
-0.022413
-0.022696
-0.018518
-0.010951
-0.0026861
0.0041405
0.0092378
0.01301
0.015289
0.015046
0.011458
0.004806
-0.0040863
-0.013715
-0.022027
-0.028209
-0.03247
-0.033993
-0.031786
-0.026337
-0.019175
-0.01185
-0.0050009
0.0011753
0.0056559
0.0072837
0.0060696
0.0030195
-0.000746
-0.0045238
-0.0078726
-0.01044
-0.01211
-0.012545
-0.011152
-0.0079932
-0.0040678
-0.00059975
0.0012285
0.00068641
-0.0016547
-0.0051415
-0.010065
-0.015545
-0.019657
-0.02213
-0.023877
-0.025012
-0.02477
-0.021628
-0.014517
-0.0050531
0.0035888
0.0096282
0.013362
0.01576
0.016922
0.015829
0.011433
0.0041712
-0.0038543
-0.010795
-0.016164
-0.01941
-0.01893
-0.013855
-0.0058944
0.0023626
0.0099847
0.0177
0.025809
0.03223
0.03377
0.029931
0.023543
0.017157
0.011493
0.0070667
0.0046793
0.0045129
0.0063172
0.010415
0.016896
0.024274
0.030502
0.034443
0.035976
0.035424
0.032442
0.026247
0.017375
0.0077858
-0.0006314
-0.0067485
-0.010063
-0.010444
-0.0078909
-0.0026173
0.0045063
0.012092
0.018643
0.02256
0.022581
0.018381
0.010744
0.001319
-0.0079718
-0.015418
-0.020033
-0.021824
-0.020948
-0.017127
-0.010869
-0.0048699
-0.0033516
-0.0090914
-0.020934
-0.034477
-0.043807
-0.043261
-0.032032
-0.014098
0.0077723
0.031615
0.053983
0.071181
0.080573
0.079556
0.066222
0.042658
0.013589
-0.016845
-0.044353
-0.064057
-0.073423
-0.072304
-0.061593
-0.043606
-0.020652
0.0058865
0.031824
0.050057
0.056145
0.051155
0.040126
0.028515
0.018626
0.0095436
0.00063189
-0.0067967
-0.011844
-0.015135
-0.017385
-0.018472
-0.017384
-0.01306
-0.0059142
0.0023168
0.01031
0.016317
0.016372
0.0076651
-0.0070421
-0.021757
-0.032239
-0.036937
-0.035927
-0.02973
-0.019018
-0.0058608
0.0065999
0.016027
0.020879
0.020298
0.015204
0.0078913
0.00076241
-0.0040648
-0.0054595
-0.0046613
-0.0045476
-0.0067018
-0.010777
-0.015983
-0.02157
-0.026562
-0.029687
-0.029814
-0.027092
-0.022891
-0.018158
-0.013187
-0.0085119
-0.0054504
-0.0054421
-0.0084901
-0.013258
-0.018562
-0.023421
-0.026257
-0.025475
-0.020972
-0.01446
-0.0078265
-0.0021467
0.0020395
0.004593
0.0053829
0.0035607
-0.0018893
-0.010303
-0.01958
-0.027717
-0.033056
-0.034891
-0.033763
-0.030581
-0.026312
-0.021673
-0.016661
-0.011116
-0.0056783
-0.0017543
-0.00078575
-0.0034854
-0.0093352
-0.017118
-0.025621
-0.033599
-0.039931
-0.044138
-0.046528
-0.047782
-0.048125
-0.046838
-0.042715
-0.034637
-0.022198
-0.0065782
0.0096616
0.023951
0.034229
0.038811
0.036765
0.028548
0.016279
0.0026691
-0.0095758
-0.017216
-0.017655
-0.011316
-0.0012885
0.0094898
0.019537
0.028144
0.034656
0.038206
0.038263
0.035339
0.03085
0.02639
0.022873
0.02024
0.018171
0.016399
0.014571
0.012528
0.010292
0.0084091
0.0083447
0.011471
0.017382
0.024053
0.029739
0.033529
0.03445
0.031426
0.024584
0.015731
0.0071845
0.00055588
-0.0033071
-0.0035661
0.00028362
0.0074823
0.015986
0.023019
0.026617
0.027352
0.027215
0.027184
0.026747
0.02495
0.02156
0.017294
0.01273
0.007667
0.0022129
-0.0026569
-0.0062256
-0.009136
-0.012602
-0.016588
-0.019267
-0.01838
-0.013249
-0.0056834
0.0013868
0.0060918
0.0082675
0.0085213
0.0072056
0.0047064
0.0018337
-0.0010707
-0.0041182
-0.006277
-0.0060485
-0.0037255
-0.0012398
-0.00025504
-0.001048
-0.0030459
-0.005741
-0.0088515
-0.011877
-0.013878
-0.013974
-0.012243
-0.010093
-0.0092816
-0.010243
-0.012054
-0.013886
-0.015411
-0.016269
-0.015929
-0.013899
-0.010084
-0.0048149
0.0014782
0.0081428
0.013882
0.016738
0.015116
0.0092077
0.0012055
-0.0061616
-0.011359
-0.014269
-0.015056
-0.013625
-0.010426
-0.00717
-0.0057653
-0.0066818
-0.0087675
-0.0099476
-0.0086151
-0.0051173
-0.0013719
0.00088554
0.0013054
0.00098928
0.0011093
0.0012409
-4.18e-05
-0.0033345
-0.0079313
-0.012295
-0.015041
-0.015822
-0.015072
-0.013392
-0.011258
-0.0090302
-0.0070322
-0.0053498
-0.0038018
-0.0023001
-0.0010719
-0.0003045
-8.588e-05
-0.00044715
-0.00089112
-0.00051993
0.0011653
0.0041027
0.007777
0.011434
0.014974
0.018775
0.022312
0.024441
0.025
0.024725
0.023971
0.022558
0.020506
0.018055
0.015019
0.010747
0.0050069
-0.0014067
-0.0069927
-0.010171
-0.010192
-0.0078669
-0.0044003
8.6699e-05
0.0051428
0.0086488
0.0090905
0.0072408
0.0045062
0.0016517
-0.00077981
-0.0023354
-0.0030627
-0.0034767
-0.003411
-0.0016705
0.0023751
0.0079747
0.013686
0.018086
0.020201
0.019747
0.017285
0.013933
0.01084
0.0089339
0.0084775
0.0086472
0.0083877
0.0076455
0.0070583
0.0071145
0.0079354
0.0091994
0.010381
0.011285
0.012201
0.013796
0.016619
0.020095
0.02231
0.021302
0.016562
0.0096192
0.0031657
-0.000607
-0.001372
-0.00035067
0.0016871
0.0050623
0.0090904
0.011511
0.010947
0.0078373
0.0031985
-0.0017112
-0.0054092
-0.0068684
-0.0056519
-0.0019477
0.0027619
0.0060972
0.0063017
0.0030685
-0.0024912
-0.0082773
-0.012292
-0.013914
-0.013953
-0.013309
-0.011953
-0.0094328
-0.0064452
-0.0046927
-0.0047251
-0.0053079
-0.0053319
-0.0047503
-0.0034717
-0.0012361
0.0018121
0.0050022
0.0072491
0.0079207
0.0075082
0.006677
0.005499
0.004471
0.0049316
0.0077019
0.012429
0.017781
0.021796
0.022882
0.02061
0.015512
0.0088801
0.0027287
-0.0016652
-0.0044042
-0.0049957
-0.0020538
0.0039604
0.010679
0.01631
0.019946
0.020922
0.019084
0.014787
0.0086554
0.0022384
-0.0019591
-0.0023613
0.000318
0.0043956
0.0090996
0.014705
0.021305
0.027943
0.032732
0.034139
0.031871
0.027141
0.021948
0.017243
0.012978
0.0099678
0.0096899
0.011918
0.014589
0.016035
0.015815
0.014341
0.01263
0.011633
0.011708
0.012658
0.013744
0.014077
0.013247
0.011511
0.0095859
0.0081908
0.0071446
0.0052003
0.0017705
-0.0020782
-0.0051075
-0.006954
-0.0078497
-0.0083179
-0.0083571
-0.0073926
-0.0057946
-0.0049574
-0.0057313
-0.0078842
-0.010817
-0.013763
-0.015415
-0.014796
-0.012343
-0.0090731
-0.0054676
-0.0021058
-0.00010476
-0.00016512
-0.0019716
-0.0045587
-0.0069887
-0.0087414
-0.009535
-0.0096045
-0.0098017
-0.010992
-0.013348
-0.015944
-0.017522
-0.018029
-0.018058
-0.017226
-0.015344
-0.013958
-0.014428
-0.015828
-0.016026
-0.013924
-0.010403
-0.0069778
-0.0043018
-0.0027355
-0.0031648
-0.0058395
-0.0096626
-0.013078
-0.014856
-0.014572
-0.012739
-0.010569
-0.009318
-0.0095341
-0.011092
-0.013772
-0.017511
-0.022111
-0.026747
-0.030249
-0.03165
-0.03033
-0.026308
-0.020715
-0.015846
-0.013785
-0.014168
-0.014574
-0.013642
-0.012379
-0.012352
-0.013698
-0.014898
-0.014329
-0.01237
-0.011517
-0.01382
-0.018668
-0.023946
-0.02851
-0.032312
-0.034975
-0.035796
-0.034586
-0.031884
-0.028533
-0.025142
-0.022167
-0.020453
-0.021156
-0.024626
-0.02971
-0.034669
-0.038477
-0.040723
-0.040696
-0.037225
-0.029948
-0.020317
-0.010805
-0.0035943
0.00036824
0.001129
-0.0011786
-0.0054034
-0.0093037
-0.012106
-0.014372
-0.015366
-0.013927
-0.01094
-0.0082259
-0.0065575
-0.0058343
-0.0053708
-0.0041838
-0.0021554
0.00024615
0.0030247
0.0060334
0.0085187
0.010256
0.011402
0.01097
0.0078421
0.0030176
-0.0013086
-0.0038908
-0.0044882
-0.0028394
0.0013656
0.007213
0.012897
0.017375
0.019972
0.019611
0.015829
0.0090936
-4.8881e-05
-0.010783
-0.021126
-0.027985
-0.028364
-0.021328
-0.0089106
0.0050267
0.01702
0.026718
0.034606
0.039053
0.036903
0.027446
0.01404
0.00059599
-0.011731
-0.022286
-0.02862
-0.028777
-0.023333
-0.014676
-0.0049885
0.0044183
0.011649
0.014782
0.013966
0.010724
0.0068296
0.0038939
0.0014146
-0.0029874
-0.0094214
-0.01537
-0.019305
-0.02088
-0.019072
-0.012655
-0.0018594
0.010807
0.021954
0.029754
0.034361
0.036366
0.035909
0.03304
0.02808
0.021278
0.013285
0.0064128
0.0035517
0.0053744
0.010411
0.01733
0.025319
0.033427
0.040089
0.04303
0.040759
0.034416
0.027075
0.021181
0.017207
0.014282
0.011973
0.011277
0.013244
0.017065
0.020815
0.023881
0.02665
0.028138
0.026586
0.022218
0.016975
0.01235
0.0087777
0.0060779
0.0042409
0.0042309
0.0074767
0.014186
0.022448
0.029284
0.032633
0.032345
0.029475
0.025041
0.019859
0.014563
0.0090285
0.0030509
-0.0022802
-0.0051487
-0.0041978
0.00087287
0.0086708
0.016471
0.021848
0.023935
0.023183
0.019807
0.013435
0.0046307
-0.0049284
-0.013785
-0.020892
-0.025273
-0.026715
-0.025743
-0.02296
-0.019035
-0.014778
-0.010933
-0.0077397
-0.0047778
-0.0017857
0.00068012
0.0018382
0.0015602
0.00034797
-0.0015547
-0.004288
-0.0075377
-0.010655
-0.0134
-0.015597
-0.016627
-0.015889
-0.013563
-0.010455
-0.0072784
-0.0044469
-0.0020804
-0.00034226
5.9016e-05
-0.0012763
-0.0034453
-0.0051885
-0.0058688
-0.0051469
-0.0029442
9.8356e-07
0.0021517
0.0024236
0.0010075
-0.0015186
-0.0047808
-0.0080117
-0.0101
-0.010593
-0.010332
-0.010666
-0.011988
-0.013347
-0.013472
-0.012043
-0.010018
-0.0084657
-0.0077241
-0.007761
-0.0084097
-0.0091727
-0.0095265
-0.009429
-0.0092179
-0.0094273
-0.010611
-0.012456
-0.013735
-0.013841
-0.013453
-0.013553
-0.014236
-0.014664
-0.014505
-0.014596
-0.015529
-0.016813
-0.017772
-0.01808
-0.017554
-0.016064
-0.013342
-0.0093213
-0.0049068
-0.0014401
0.00042553
0.00050158
-0.0013223
-0.0046829
-0.0086236
-0.012037
-0.014247
-0.015333
-0.015613
-0.014848
-0.012284
-0.0075912
-0.0016979
0.0037383
0.0076415
0.0099088
0.010711
0.0098946
0.0071942
0.0028692
-0.0021622
-0.0066709
-0.009355
-0.0092786
-0.0063194
-0.0011369
0.0049143
0.010234
0.01394
0.01588
0.015603
0.012469
0.0070507
0.0015384
-0.0013524
-0.00013256
0.0047144
0.011596
0.018705
0.024415
0.027361
0.02657
0.021988
0.015068
0.0081577
0.0029884
4.0404e-05
-0.00072766
0.00084666
0.0044114
0.0086461
0.012451
0.015394
0.016944
0.016667
0.015078
0.013244
0.011557
0.0097408
0.0078181
0.0062305
0.005439
0.0057909
0.0073489
0.0097359
0.012348
0.014754
0.016547
0.017171
0.016475
0.015114
0.013895
0.013098
0.012627
0.012189
0.011397
0.0098583
0.0072031
0.0035306
-0.0001756
-0.0025567
-0.0031749
-0.0029649
-0.002805
-0.0022672
-0.00052945
0.0024947
0.0059267
0.008297
0.0089866
0.0092627
0.011024
0.014734
0.019041
0.022297
0.023905
0.023588
0.020327
0.013475
0.0043467
-0.0046722
-0.011888
-0.016365
-0.017313
-0.014044
-0.0066695
0.0033842
0.01379
0.021918
0.025576
0.023826
0.017237
0.0078514
-0.001711
-0.0097568
-0.015633
-0.018781
-0.0187
-0.015411
-0.0096992
-0.0029359
0.0033033
0.0077718
0.0097966
0.0091283
0.0062553
0.0023879
-0.0015323
-0.005103
-0.0077776
-0.0091022
-0.0092663
-0.0086713
-0.0075814
-0.006186
-0.0045342
-0.0027208
-0.0009627
0.00075816
0.0028871
0.0056659
0.0082944
0.0094965
0.0087952
0.006438
0.0029252
-0.00095799
-0.0044264
-0.0068672
-0.0078699
-0.0073987
-0.006001
-0.0047746
-0.0043177
-0.0039975
-0.0030256
-0.0015027
-0.00019589
0.00011133
-0.00080982
-0.0025115
-0.0042384
-0.0054171
-0.0059283
-0.0059921
-0.0058309
-0.0055317
-0.0050938
-0.0043383
-0.0030417
-0.0012858
0.00054594
0.0020233
0.0027412
0.0024128
0.0011154
-0.00064052
-0.0022589
-0.0033646
-0.0036787
-0.0031466
-0.0021985
-0.0013454
-0.00088156
-0.00093411
-0.0014151
-0.0023186
-0.003771
-0.0055148
-0.0070689
-0.0081783
-0.0087798
-0.0089188
-0.0087337
-0.0083772
-0.0080173
-0.0077382
-0.0074455
-0.0070423
-0.0065682
-0.0061377
-0.0058939
-0.0058776
-0.005855
-0.0055785
-0.0051341
-0.0046575
-0.0041872
-0.0039655
-0.0042389
-0.0048516
-0.0054671
-0.0059932
-0.0066368
-0.0077117
-0.0092498
-0.010824
-0.011893
-0.012112
-0.011469
-0.010273
-0.0088152
-0.0071854
-0.0054504
-0.0038012
-0.0023863
-0.0011234
0.00012466
0.0012218
0.0017748
0.0015184
0.00057686
-0.00076354
-0.0022466
-0.0034951
-0.0041873
-0.0043428
-0.0040605
-0.0032311
-0.001721
0.0004199
0.0028436
0.0048985
0.0059971
0.0058917
0.0046453
0.0026638
0.00053233
-0.0014533
-0.0032595
-0.0046887
-0.0054103
-0.0051658
-0.0039094
-0.0020297
-0.00012234
0.0014478
0.0025111
0.0029545
0.0028076
0.0022671
0.0015821
0.00089594
0.00019386
-0.00055628
-0.0012572
-0.0016921
-0.0017306
-0.0014974
-0.0011996
-0.00095092
-0.0007976
-0.00072415
-0.00066303
-0.00062212
-0.00074201
-0.0011144
-0.0015763
-0.001838
-0.0017837
-0.0014708
-0.00092249
-0.00011107
0.0008968
0.001849
0.0023869
0.0022601
0.0015047
0.00038369
-0.0007743
-0.0016922
-0.0022621
-0.0024779
-0.0022963
-0.0018065
-0.0013992
-0.0014073
-0.0018057
-0.0022775
-0.0023411
-0.0016464
-0.00029462
0.0011603
0.0020839
0.0022362
0.0018786
0.0013956
0.0010343
0.00093789
0.0011774
0.0016959
0.0023469
0.0029502
0.0032144
0.0028289
0.0017244
0.00013171
-0.0015014
-0.0025661
-0.0026941
-0.0020667
-0.0010063
0.00028764
0.0014561
0.0021056
0.0021035
0.0015482
0.00078157
0.00017881
-0.00014007
-0.00021198
-7.2675e-05
0.00025574
0.00073097
0.0012929
0.0018842
0.0024666
0.0030066
0.0034172
0.0035949
0.0035736
0.0034734
0.0032944
0.0029522
0.002439
0.0018463
0.0012829
0.00079257
0.00038267
0.00011407
7.1701e-05
0.00024449
0.00056268
0.00099104
0.0014477
0.001735
0.0016701
0.0012384
0.00062561
0.00012907
-6.9903e-05
-4.7152e-05
4.1808e-05
0.00014209
0.0002582
0.00038543
0.0005032
0.00059865
0.00067475
0.00069
0.00057995
0.00039131
0.00026466
0.00026198
0.00029994
0.00026985
0.0001692
7.5703e-05
3.5598e-05
3.9804e-05
7.5842e-05
0.00015172
0.00027192
0.00039472
0.00044171
0.00037341
0.00020118
-2.5785e-05
-0.0002083
-0.00025882
-0.0001647
2.855e-05
0.00025405
0.00044314
0.00052728
0.0004751
0.00034833
0.00026428
0.00031013
0.00048544
0.00072175
0.00097127
0.0012257
0.0014383
0.0015192
0.0014359
0.0012599
0.0010923
0.00097935
0.00092265
0.00091384
0.00093195
0.00095247
0.00094902
0.00088815
0.0007704
0.00063635
0.00050838
0.00038479
0.00029329
0.00028893
0.00038023
0.00049791
0.00055418
0.000522
0.00045292
0.00041849
0.00045474
0.00057207
0.00076889
0.001016
0.0012645
0.0014792
0.0016436
0.001748
0.0017695
0.0016441
0.0013092
0.00081191
0.00029873
-0.00011654
-0.00039694
-0.00053363
-0.00051856
-0.00036825
-0.00015243
4.8212e-05
0.00018917
0.00024179
0.0001854
4.7712e-05
-0.00010187
-0.00020905
-0.00025192
-0.00022932
-0.00016715
-0.00011251
-0.00010042
-0.00013379
-0.00018958
-0.00023478
-0.00024868
-0.00023233
-0.00019353
-0.00013892
-8.0958e-05
-3.5986e-05
-1.3269e-05
-1.3336e-05
-3.6267e-05
-8.3458e-05
-0.00014869
-0.00021411
-0.00026104
-0.00028142
-0.00027334
-0.00023193
-0.0001587
-7.3763e-05
-8.7009e-06
1.2068e-05
-1.5622e-05
-7.7371e-05
-0.00015035
-0.00021422
-0.00025856
-0.00028166
-0.00028648
-0.00027865
-0.00026535
-0.00025277
-0.00024201
-0.00023034
-0.00021845
-0.0002114
-0.0002118
-0.00021666
-0.00022041
-0.00021932
-0.00021302
-0.00020319
-0.00019202
-0.00018195
-0.00017434
-0.00016854
-0.00016276
-0.00015562
-0.00014669
-0.0001362
-0.00012485
-0.00011339
-0.00010237
-9.2015e-05
-8.2287e-05
-7.3126e-05
-6.4655e-05
-5.7029e-05
-5.0174e-05
-4.3886e-05
-3.8048e-05
-3.2652e-05
