-0.00024854
-0.00024386
-0.00023916
-0.00023443
-0.00022968
-0.00022489
-0.00022009
-0.00021525
-0.00021039
-0.00020551
-0.00020061
-0.00019566
-0.00019068
-0.00018566
-0.00018061
-0.00017557
-0.00017056
-0.00016553
-0.00016038
-0.00015515
-0.00014997
-0.00014488
-0.00013994
-0.00013503
-0.00012975
-0.00012381
-0.00011716
-0.00011039
-0.000105
-0.00010171
-9.9963e-05
-9.7811e-05
-9.3097e-05
-8.5403e-05
-7.6107e-05
-6.7398e-05
-6.0576e-05
-5.6028e-05
-5.3142e-05
-4.9085e-05
-4.3024e-05
-3.6979e-05
-3.4743e-05
-3.6601e-05
-3.7829e-05
-3.1478e-05
-1.22e-05
1.8539e-05
5.0645e-05
6.63e-05
5.6388e-05
2.8374e-05
1.6723e-06
5.2708e-06
4.2198e-05
8.8691e-05
9.8663e-05
6.2063e-05
5.5956e-06
-2.8493e-05
-1.2989e-06
7.9938e-05
0.00016732
0.00020691
0.00018017
0.00012541
7.7549e-05
3.8586e-05
1.2145e-05
1.0598e-06
1.2897e-05
4.6802e-05
9.4498e-05
0.00014986
0.00020433
0.00025779
0.00028837
0.00029715
0.00030918
0.00033453
0.00032573
0.00022739
4.3138e-05
-0.00012113
-0.00012931
5.3644e-05
0.00027377
0.00033863
0.00020722
4.8925e-05
5.1112e-05
0.0002582
0.00057628
0.00087682
0.0010025
0.00086019
0.00052868
0.00021468
5.5306e-05
9.1146e-05
0.00025759
0.00038554
0.00032259
0.00015579
7.4499e-05
0.00017192
0.0003431
0.00042386
0.00040078
0.00039104
0.00055344
0.00089375
0.0011175
0.00097442
0.0005685
0.00017707
3.5899e-05
0.00020224
0.00064598
0.001163
0.001456
0.0013006
0.00072917
1.0727e-07
-0.0005395
-0.000558
2.918e-05
0.00076376
0.001256
0.0013576
0.0011426
0.00090358
0.00098164
0.0013875
0.0018962
0.0021289
0.0019128
0.0014054
0.00084989
3.9192e-05
-0.0011055
-0.0021943
-0.0023081
-0.00087011
0.0014602
0.0036783
0.0045153
0.0034161
0.001112
-0.00092482
-0.0020483
-0.0021588
-0.0012818
0.00041823
0.0020765
0.0031039
0.0033964
0.0035634
0.0037074
0.0035149
0.0024064
0.00072324
-0.00082804
-0.0020101
-0.0024175
-0.0013913
0.0011246
0.0043583
0.0064831
0.0060363
0.0038881
0.002201
0.0022629
0.0036812
0.00493
0.0048723
0.0034336
0.0011706
-0.00099372
-0.002117
-0.0013052
0.0012365
0.0043536
0.0070891
0.0088281
0.0093674
0.0089816
0.007931
0.0070645
0.0072454
0.0076685
0.0064389
0.0026579
-0.0027731
-0.0078998
-0.010992
-0.010518
-0.0055659
0.0024986
0.011185
0.017532
0.018186
0.012504
0.0042996
-0.0012501
-0.0017536
0.0010562
0.0036519
0.0041122
0.0029206
0.0027899
0.0055141
0.008827
0.0081679
0.0020617
-0.00732
-0.014731
-0.014697
-0.0069357
0.0026431
0.0080786
0.0059452
-0.0015166
-0.0091006
-0.011657
-0.0062977
0.0026464
0.0087386
0.0075025
8.0752e-05
-0.0084506
-0.014041
-0.013874
-0.0065821
0.004836
0.014694
0.017462
0.010709
-0.002517
-0.016433
-0.025208
-0.026161
-0.019551
-0.0083854
0.0037139
0.013689
0.018132
0.013484
-0.00068798
-0.020961
-0.039603
-0.050282
-0.051313
-0.041283
-0.024021
-0.0072893
0.002773
0.0055752
0.0055854
0.0086919
0.018044
0.032089
0.043111
0.042619
0.029745
0.012024
-0.002313
-0.0084947
-0.007557
-0.0026412
0.0032763
0.0094268
0.01497
0.015783
0.0081452
-0.0044173
-0.015939
-0.020508
-0.012697
0.0076609
0.037116
0.067337
0.085443
0.089399
0.084449
0.074396
0.059907
0.043584
0.028139
0.016884
0.010161
0.005525
0.00027868
-0.0082928
-0.021041
-0.038407
-0.057914
-0.07355
-0.076591
-0.063994
-0.041082
-0.018702
-0.0055706
-0.0031125
-0.0066704
-0.0080597
-0.00094466
0.014329
0.031749
0.043308
0.045675
0.039402
0.028996
0.019928
0.015109
0.016442
0.024724
0.039375
0.057018
0.072818
0.080882
0.075289
0.055139
0.026967
0.00097955
-0.017478
-0.028062
-0.032863
-0.030725
-0.021846
-0.0084819
0.0038211
0.010254
0.0091848
0.0043598
0.00042302
0.00032151
0.0039777
0.008905
0.011106
0.0057316
-0.0080802
-0.028587
-0.050735
-0.068568
-0.07925
-0.080884
-0.071921
-0.053014
-0.028122
-0.0056652
0.0066433
0.0089977
0.0066681
0.0044715
0.0028313
-0.0013027
-0.012254
-0.02868
-0.042519
-0.043944
-0.028139
0.0042487
0.04273
0.074926
0.092946
0.093244
0.076911
0.050403
0.023866
0.0046512
-0.0060378
-0.013056
-0.019819
-0.02696
-0.033028
-0.034204
-0.027078
-0.0087447
0.018741
0.046399
0.06352
0.062643
0.045755
0.022001
0.0019038
-0.0090356
-0.010835
-0.0086112
-0.010857
-0.02013
-0.03162
-0.037843
-0.031319
-0.010458
0.018623
0.045171
0.062719
0.068058
0.059367
0.039802
0.013895
-0.013993
-0.037489
-0.052956
-0.058593
-0.05283
-0.038448
-0.02278
-0.010926
-0.0041318
-0.0012353
-0.0030465
-0.0096337
-0.018575
-0.025934
-0.030657
-0.034792
-0.04094
-0.052018
-0.068161
-0.085958
-0.10121
-0.11098
-0.11454
-0.11258
-0.10866
-0.10614
-0.10625
-0.10824
-0.11035
-0.11163
-0.11251
-0.11423
-0.11373
-0.11072
-0.10682
-0.10371
-0.10322
-0.10384
-0.10332
-0.10144
-0.098734
-0.096636
-0.097341
-0.10065
-0.10451
-0.10415
-0.09548
-0.076727
-0.049703
-0.020613
0.0047243
0.023266
0.036029
0.044198
0.04856
0.048491
0.044487
0.038725
0.032741
0.028042
0.026961
0.030644
0.038215
0.047185
0.055766
0.062669
0.066512
0.063886
0.053074
0.034583
0.011873
-0.010562
-0.02693
-0.035561
-0.03777
-0.034834
-0.028315
-0.020597
-0.012935
-0.0052701
0.0014875
0.0074783
0.013144
0.018246
0.021405
0.020941
0.015513
0.0044887
-0.012442
-0.03249
-0.051161
-0.065971
-0.076054
-0.081703
-0.082623
-0.077833
-0.067294
-0.051214
-0.030086
-0.0062687
0.019066
0.042225
0.058093
0.065759
0.06846
0.070211
0.073474
0.077544
0.080205
0.080557
0.079478
0.078715
0.080308
0.083783
0.089147
0.098091
0.11065
0.12752
0.14702
0.16495
0.17775
0.1825
0.17843
0.16822
0.15472
0.13915
0.12082
0.098555
0.073991
0.0503
0.031547
0.020803
0.017502
0.01949
0.02189
0.019568
0.011092
-0.0012215
-0.014054
-0.024692
-0.030868
-0.033913
-0.036141
-0.036775
-0.033866
-0.026311
-0.012915
0.0064491
0.028567
0.046617
0.057205
0.060393
0.055799
0.043616
0.026165
0.0068308
-0.010221
-0.02322
-0.031837
-0.035614
-0.034653
-0.029745
-0.022061
-0.01303
-0.0043555
0.0029149
0.008748
0.013902
0.018782
0.023109
0.024614
0.020634
0.0098664
-0.0057569
-0.022676
-0.036991
-0.046222
-0.049204
-0.045113
-0.034459
-0.018164
0.0015509
0.02186
0.041043
0.059173
0.076589
0.095093
0.1141
0.1292
0.13708
0.13747
0.13268
0.12579
0.11738
0.10677
0.093618
0.076414
0.056397
0.033114
0.0089384
-0.01194
-0.026525
-0.03395
-0.035757
-0.034531
-0.034003
-0.035697
-0.037953
-0.039378
-0.039501
-0.038577
-0.037007
-0.036877
-0.038927
-0.040507
-0.038784
-0.03333
-0.025729
-0.018091
-0.012745
-0.0098096
-0.0087453
-0.009515
-0.011704
-0.014733
-0.019139
-0.025638
-0.034606
-0.045233
-0.055863
-0.065548
-0.072706
-0.077105
-0.077884
-0.073929
-0.065925
-0.055761
-0.045725
-0.03684
-0.028928
-0.020672
-0.0094813
0.0056772
0.022212
0.035792
0.043968
0.045348
0.039632
0.027746
0.010516
-0.0092568
-0.026805
-0.03976
-0.04768
-0.052202
-0.0545
-0.053629
-0.048414
-0.039701
-0.028755
-0.017022
-0.005869
0.0043874
0.013928
0.022805
0.030495
0.036565
0.039825
0.040832
0.042085
0.044637
0.047952
0.0494
0.047372
0.041778
0.034109
0.025677
0.017058
0.0080698
-0.0025205
-0.014388
-0.026562
-0.03799
-0.048716
-0.059672
-0.072216
-0.087517
-0.1048
-0.12108
-0.13388
-0.1415
-0.14323
-0.13976
-0.1327
-0.12262
-0.11101
-0.098896
-0.087312
-0.075974
-0.064519
-0.052144
-0.0385
-0.024287
-0.010017
0.0043506
0.018667
0.032562
0.045266
0.057526
0.068386
0.076524
0.082439
0.085863
0.085254
0.081034
0.075752
0.071935
0.072166
0.076875
0.083848
0.091174
0.097736
0.10256
0.1046
0.10288
0.097811
0.089752
0.077864
0.062303
0.046744
0.035342
0.029668
0.029202
0.031815
0.033621
0.030756
0.022467
0.010618
-0.0023335
-0.014475
-0.02326
-0.026716
-0.024239
-0.017454
-0.010393
-0.0053618
-0.0039895
-0.0064051
-0.0098527
-0.011962
-0.012208
-0.010543
-0.0088367
-0.0083328
-0.0095881
-0.01246
-0.017182
-0.022868
-0.028456
-0.033653
-0.038789
-0.044411
-0.050717
-0.056865
-0.062461
-0.067783
-0.072886
-0.077416
-0.08152
-0.085287
-0.087377
-0.085796
-0.08
-0.070388
-0.059279
-0.047712
-0.036774
-0.028381
-0.023027
-0.019022
-0.013583
-0.0046276
0.0080651
0.022281
0.035613
0.0467
0.054655
0.060443
0.065007
0.069268
0.073811
0.077947
0.080077
0.078786
0.074682
0.068685
0.062753
0.058451
0.057088
0.058064
0.057866
0.054201
0.047882
0.040508
0.032696
0.023604
0.014047
0.005329
-0.0017743
-0.0063754
-0.0090541
-0.010888
-0.011826
-0.012096
-0.012169
-0.012034
-0.011209
-0.0097768
-0.008749
-0.0093676
-0.011722
-0.015848
-0.021751
-0.029352
-0.037675
-0.045884
-0.054368
-0.063796
-0.072781
-0.079939
-0.085373
-0.089273
-0.089384
-0.084218
-0.075824
-0.066428
-0.058038
-0.052426
-0.048921
-0.045803
-0.041434
-0.033839
-0.023359
-0.01182
-0.0015148
0.0053842
0.0075557
0.0043683
-0.0016623
-0.007202
-0.01086
-0.012338
-0.010473
-0.0056546
0.0011345
0.0089301
0.017177
0.026332
0.036771
0.047941
0.058578
0.066716
0.071
0.071224
0.06765
0.061043
0.05152
0.040276
0.028377
0.017455
0.0094168
0.004068
0.0018818
0.0035648
0.0076713
0.012265
0.015319
0.014191
0.0094786
0.0024663
-0.0052251
-0.011843
-0.017236
-0.022152
-0.026481
-0.030795
-0.034265
-0.036466
-0.037481
-0.035643
-0.030382
-0.022918
-0.014988
-0.0082669
-0.0044077
-0.0049087
-0.0095647
-0.017975
-0.027322
-0.034233
-0.037482
-0.037214
-0.034706
-0.03305
-0.032961
-0.033703
-0.035038
-0.037976
-0.041905
-0.045002
-0.045931
-0.043831
-0.038542
-0.03095
-0.021126
-0.0094952
0.0008324
0.0078516
0.011521
0.011975
0.010365
0.0079517
0.0058816
0.0057587
0.0094667
0.01646
0.02468
0.032867
0.03882
0.039943
0.035391
0.026542
0.016573
0.0091684
0.0057216
0.0068309
0.012005
0.019549
0.028036
0.036131
0.043189
0.049154
0.054492
0.058441
0.060444
0.059504
0.054721
0.046086
0.035894
0.026451
0.019036
0.013632
0.0090758
0.0046827
-4.9498e-05
-0.0055373
-0.011154
-0.015323
-0.016925
-0.016367
-0.015094
-0.014506
-0.014349
-0.014712
-0.01683
-0.021093
-0.025687
-0.030088
-0.033846
-0.035887
-0.035938
-0.034133
-0.030388
-0.026177
-0.022064
-0.019108
-0.018119
-0.018096
-0.018527
-0.018947
-0.019591
-0.021034
-0.023621
-0.024936
-0.022392
-0.016414
-0.008918
-0.0010957
0.0064903
0.013605
0.020517
0.025978
0.029347
0.031335
0.032191
0.032357
0.032434
0.032467
0.032013
0.031501
0.031364
0.032007
0.034654
0.039363
0.045692
0.052501
0.057944
0.060834
0.062468
0.062571
0.060371
0.055789
0.049883
0.04342
0.0368
0.030346
0.024845
0.02098
0.017678
0.013799
0.0091076
0.0036525
-0.0020814
-0.0076273
-0.012779
-0.01726
-0.020738
-0.022365
-0.022892
-0.02313
-0.023885
-0.026312
-0.029139
-0.030808
-0.030941
-0.030563
-0.030608
-0.030054
-0.028944
-0.027207
-0.025524
-0.024533
-0.023415
-0.022009
-0.019076
-0.014172
-0.0089623
-0.0044995
-0.0003809
0.0025936
0.0031947
0.0029236
0.0028581
0.0023196
0.0008211
0.00017533
0.0025862
0.0075188
0.013112
0.017366
0.019061
0.018772
0.018176
0.017758
0.016916
0.016133
0.015442
0.015114
0.014616
0.01349
0.012589
0.011509
0.01113
0.012138
0.013906
0.015527
0.016466
0.016567
0.016299
0.015903
0.014208
0.010391
0.0061271
0.0016874
-0.0037475
-0.0093634
-0.014313
-0.018105
-0.01858
-0.015431
-0.011444
-0.0085704
-0.0074437
-0.0081836
-0.0091303
-0.008642
-0.0065814
-0.0053156
-0.0062273
-0.0083735
-0.010839
-0.013836
-0.016564
-0.018744
-0.02041
-0.019298
-0.014976
-0.0090593
-0.0033114
0.00096163
0.003084
0.0041812
0.0046625
0.0048519
0.0055963
0.0081341
0.012371
0.017552
0.02346
0.028424
0.030194
0.028797
0.026494
0.024995
0.024576
0.024619
0.02366
0.020797
0.016177
0.010029
0.0023721
-0.0059724
-0.013933
-0.020623
-0.025527
-0.028383
-0.029012
-0.027461
-0.02523
-0.022949
-0.020632
-0.018978
-0.018787
-0.01908
-0.019576
-0.020285
-0.021253
-0.020759
-0.018238
-0.014874
-0.01212
-0.010139
-0.0084368
-0.0083871
-0.010401
-0.014189
-0.018569
-0.022652
-0.025844
-0.027342
-0.027074
-0.025431
-0.022125
-0.016433
-0.0085333
0.0012893
0.011469
0.020746
0.028042
0.032501
0.03367
0.031543
0.027931
0.023248
0.018776
0.014977
0.012692
0.014008
0.018595
0.024452
0.02968
0.033567
0.035811
0.035257
0.031964
0.027055
0.021933
0.016503
0.010997
0.0055948
0.00048233
-0.0034581
-0.0057914
-0.0072922
-0.0079615
-0.0083284
-0.0090463
-0.0096718
-0.0098805
-0.010097
-0.010735
-0.011224
-0.011318
-0.011473
-0.012387
-0.014186
-0.017339
-0.022242
-0.027767
-0.031889
-0.03334
-0.032388
-0.029806
-0.026624
-0.022869
-0.017871
-0.011953
-0.0068117
-0.0030985
-0.00019297
0.003262
0.0075957
0.011913
0.014945
0.016422
0.016241
0.013162
0.0076778
0.0014246
-0.004394
-0.009059
-0.011722
-0.0099435
-0.0045765
0.0023356
0.0088285
0.013497
0.014821
0.011586
0.0055689
-0.00015498
-0.0037905
-0.0049536
-0.0033117
0.00025186
0.0038955
0.0069836
0.0086467
0.0082829
0.0073982
0.0069744
0.0067326
0.0061791
0.0048377
0.0035787
0.002172
-0.00034347
-0.0042439
-0.0090105
-0.014285
-0.019432
-0.023524
-0.026105
-0.027775
-0.029636
-0.031565
-0.03328
-0.034449
-0.03503
-0.035587
-0.035967
-0.035796
-0.034769
-0.032998
-0.030773
-0.028696
-0.027028
-0.026185
-0.025669
-0.025129
-0.024837
-0.025747
-0.026719
-0.026914
-0.026594
-0.026332
-0.026875
-0.028482
-0.03017
-0.032244
-0.034307
-0.035645
-0.036597
-0.036525
-0.035501
-0.032792
-0.028213
-0.022785
-0.016634
-0.010266
-0.0039326
0.0028334
0.0088658
0.0134
0.017149
0.02075
0.023474
0.024382
0.024384
0.025107
0.027329
0.031758
0.037961
0.043747
0.047867
0.050369
0.051294
0.050911
0.050111
0.049979
0.050494
0.051697
0.054019
0.057345
0.061349
0.065453
0.069028
0.071442
0.072753
0.073056
0.072116
0.069867
0.066546
0.062916
0.058371
0.052133
0.044577
0.037005
0.030567
0.025056
0.020813
0.017805
0.0155
0.013699
0.012414
0.011369
0.0099012
0.0083813
0.0062641
0.0035283
0.00061787
-0.0019158
-0.0038243
-0.0056812
-0.0076648
-0.010143
-0.013038
-0.016228
-0.019453
-0.022141
-0.024779
-0.026302
-0.025694
-0.023847
-0.021866
-0.020016
-0.018609
-0.017775
-0.017845
-0.019178
-0.021165
-0.022642
-0.023823
-0.024283
-0.024121
-0.023126
-0.020741
-0.018416
-0.017017
-0.016109
-0.015023
-0.0133
-0.011217
-0.0096595
-0.0086413
-0.0085485
-0.0084162
-0.0083746
-0.0091293
-0.010834
-0.012912
-0.014107
-0.014808
-0.015261
-0.014423
-0.012227
-0.0095685
-0.0062388
-0.0020097
0.0031789
0.008521
0.012776
0.015353
0.016384
0.016181
0.015376
0.015031
0.015028
0.014157
0.012017
0.0098139
0.0085832
0.0088057
0.0099538
0.010907
0.011474
0.011774
0.012249
0.012353
0.01171
0.011129
0.010523
0.0087418
0.00587
0.0027574
0.00048218
-5.6626e-05
0.00043447
0.0008158
0.00069899
0.00060743
0.0011105
0.0016381
0.0017754
0.0013778
0.00051266
-0.00055511
-0.0019897
-0.0030386
-0.003927
-0.0045545
-0.0045342
-0.0047429
-0.0051315
-0.0053625
-0.0053763
-0.0053068
-0.0052768
-0.0055584
-0.0065675
-0.0083698
-0.010945
-0.013828
-0.016586
-0.01945
-0.022526
-0.025064
-0.026846
-0.027695
-0.028257
-0.028344
-0.027762
-0.027305
-0.027875
-0.029608
-0.031049
-0.03173
-0.031688
-0.031148
-0.030059
-0.028417
-0.026097
-0.023364
-0.020589
-0.018205
-0.016854
-0.016683
-0.01697
-0.017046
-0.016821
-0.01602
-0.014452
-0.013735
-0.013982
-0.012926
-0.010076
-0.0069091
-0.004667
-0.0032717
-0.0026754
-0.0021713
-0.0014955
-0.00055666
1.9904e-05
4.3218e-05
-0.00042447
-0.00099296
-0.00071429
0.00043679
0.0021894
0.0031208
0.0029515
0.0024589
0.002286
0.0024695
0.0029625
0.003735
0.0041558
0.0038303
0.0031648
0.0032821
0.0043769
0.0067306
0.010019
0.013651
0.017281
0.02177
0.027217
0.032457
0.036304
0.039371
0.041645
0.042474
0.04235
0.042161
0.041737
0.040289
0.038156
0.036097
0.034805
0.033691
0.033098
0.032783
0.032144
0.031591
0.031161
0.030507
0.029523
0.027749
0.02587
0.02439
0.023205
0.021751
0.019123
0.015385
0.012086
0.010054
0.008477
0.0075201
0.0077556
0.0077405
0.0063241
0.0041728
0.0011405
-0.0023065
-0.0057952
-0.008778
-0.011047
-0.01284
-0.014811
-0.016699
-0.018007
-0.018582
-0.01907
-0.01985
-0.021574
-0.023495
-0.024654
-0.025722
-0.026644
-0.027827
-0.030019
-0.032817
-0.03505
-0.036554
-0.038199
-0.039822
-0.040592
-0.04054
-0.039952
-0.038047
-0.034437
-0.030017
-0.025767
-0.022058
-0.019113
-0.01692
-0.015808
-0.015196
-0.014794
-0.014404
-0.013625
-0.012786
-0.011612
-0.0096397
-0.0075925
-0.0062457
-0.0057678
-0.0052012
-0.0041423
-0.003339
-0.003011
-0.0026959
-0.0025459
-0.0016389
-0.00059866
-0.00044042
-0.0013446
-0.0020338
-0.0011394
0.0014753
0.0047555
0.0078825
0.010838
0.01279
0.013383
0.013525
0.013265
0.012816
0.012016
0.010977
0.010237
0.0097782
0.010057
0.010566
0.011057
0.012234
0.013425
0.014246
0.014352
0.013608
0.012582
0.011208
0.010328
0.009975
0.0085989
0.005792
0.0024782
-0.00050475
-0.0028644
-0.0044704
-0.0058409
-0.0075912
-0.0088224
-0.009047
-0.0087827
-0.0084684
-0.0081084
-0.0081987
-0.0079477
-0.0069492
-0.0059462
-0.0049604
-0.0039246
-0.0033819
-0.0034164
-0.0034348
-0.0028018
-0.0019407
-0.0010653
-0.00061408
-0.00049495
-1.4651e-05
0.00054005
0.00045784
-0.00041272
-0.0010696
-0.0015765
-0.0032336
-0.0060965
-0.0087289
-0.0095624
-0.0090381
-0.0079454
-0.0059931
-0.0030902
0.00041322
0.003318
0.004665
0.004603
0.0041969
0.0041874
0.0045343
0.004852
0.0046557
0.0038095
0.0029006
0.0021112
0.0018248
0.0014128
9.0179e-05
-0.0015112
-0.0031561
-0.004157
-0.0044491
-0.003881
-0.0033289
-0.0033129
-0.0038792
-0.0048336
-0.0055994
-0.0062021
-0.0064283
-0.0063167
-0.006183
-0.0061994
-0.0063059
-0.006133
-0.005449
-0.0049211
-0.0045852
-0.0045259
-0.0055675
-0.0068328
-0.0080083
-0.0089245
-0.0091749
-0.0089567
-0.0087687
-0.0082943
-0.0064902
-0.0041026
-0.0030027
-0.0027537
-0.0015843
0.00063026
0.0035211
0.0067699
0.010232
0.013577
0.016923
0.019989
0.022739
0.025124
0.026876
0.027939
0.028244
0.028169
0.027869
0.027273
0.026954
0.026763
0.025932
0.02472
0.024641
0.026224
0.028098
0.030209
0.032714
0.035183
0.036922
0.037797
0.03793
0.03809
0.038861
0.039568
0.039482
0.038576
0.037639
0.036926
0.036467
0.035889
0.034965
0.033154
0.031167
0.029339
0.027144
0.024467
0.021578
0.018756
0.016073
0.01367
0.011653
0.0096225
0.0075667
0.0051285
0.0022889
-0.00035704
-0.0023758
-0.0042429
-0.0059119
-0.0073707
-0.0090342
-0.011448
-0.013843
-0.015316
-0.016471
-0.017035
-0.01705
-0.016947
-0.017005
-0.017182
-0.017272
-0.016989
-0.015944
-0.014646
-0.014121
-0.014074
-0.013663
-0.012643
-0.010689
-0.0084079
-0.0062298
-0.0043788
-0.0024769
-0.0005077
0.0013522
0.0024416
0.0033283
0.0042999
0.0048256
0.0048156
0.0049447
0.0056945
0.0065969
0.0071865
0.0067793
0.0064093
0.0071979
0.0089063
0.010396
0.010467
0.00901
0.0073716
0.0061433
0.0043143
0.0016884
-0.00086491
-0.0025454
-0.0032793
-0.0036649
-0.004651
-0.0058929
-0.0064917
-0.0067686
-0.0072587
-0.0076315
-0.0080735
-0.008791
-0.0099342
-0.011434
-0.012836
-0.014189
-0.01545
-0.016791
-0.017406
-0.01734
-0.017136
-0.017079
-0.016803
-0.015794
-0.014644
-0.01423
-0.014426
-0.014341
-0.013652
-0.013068
-0.012953
-0.013164
-0.013677
-0.014369
-0.014647
-0.01417
-0.013291
-0.013199
-0.013338
-0.012515
-0.011303
-0.010011
-0.0094245
-0.0096372
-0.0099371
-0.010015
-0.0094519
-0.0089146
-0.0088083
-0.0089821
-0.0091596
-0.009234
-0.0095419
-0.0098666
-0.0099121
-0.010646
-0.012864
-0.016034
-0.018653
-0.020124
-0.020249
-0.019873
-0.019721
-0.019548
-0.018739
-0.017671
-0.016512
-0.0152
-0.014611
-0.014742
-0.015006
-0.015015
-0.014493
-0.013614
-0.012804
-0.012113
-0.011134
-0.0089762
-0.0063287
-0.0043764
-0.002852
-0.0011196
0.00056547
0.0016703
0.001893
0.0016881
0.0015815
0.0017197
0.0023024
0.0035652
0.0054852
0.0073469
0.0086661
0.0098116
0.010647
0.011333
0.011305
0.010608
0.010226
0.011094
0.012886
0.013876
0.014076
0.014326
0.01456
0.013963
0.012851
0.012387
0.0117
0.0098796
0.0075406
0.0057853
0.0051363
0.0053657
0.0056567
0.0051531
0.0041575
0.0030861
0.0014625
-0.00013791
-0.0015669
-0.0031821
-0.0048039
-0.0066448
-0.008124
-0.0086076
-0.0092912
-0.010567
-0.012265
-0.013735
-0.014131
-0.013808
-0.013511
-0.013555
-0.013783
-0.01389
-0.013389
-0.01253
-0.011654
-0.011035
-0.010844
-0.010053
-0.0087487
-0.0080269
-0.0075741
-0.0066017
-0.0051013
-0.0034765
-0.0015409
0.0011999
0.0043667
0.0071813
0.008535
0.0090367
0.0097863
0.0099665
0.0090347
0.007937
0.0063865
0.004035
0.0017862
0.000366
-3.7482e-05
0.0001433
0.00044608
0.001486
0.0019578
0.00084066
-0.0011313
-0.0034608
-0.0061047
-0.0093037
-0.011663
-0.010457
-0.0065712
-0.0027805
-0.00032608
0.00083748
0.0010886
0.0013394
0.00072187
-0.00085519
-0.0025877
-0.0045438
-0.0062522
-0.0063893
-0.0053644
-0.0034504
-0.00078684
0.0020853
0.0039445
0.0042314
0.0037605
0.0033552
0.0025976
0.001027
-0.00048394
-0.0021124
-0.0035826
-0.0043472
-0.0048942
-0.0053196
-0.0054979
-0.0051598
-0.0034362
-0.0005199
0.0025938
0.0047851
0.0050207
0.0045174
0.0037783
0.0027591
0.0017004
0.0012543
0.0012106
0.0011084
0.00184
0.0027612
0.003203
0.0038123
0.0051931
0.0072233
0.0082237
0.0075389
0.0068487
0.0073682
0.0082668
0.0091891
0.011022
0.013254
0.0145
0.014906
0.014865
0.014541
0.013918
0.013029
0.011912
0.011785
0.012034
0.011907
0.012341
0.013926
0.016556
0.019008
0.019802
0.019588
0.019792
0.020067
0.019713
0.018725
0.017134
0.015945
0.015281
0.015162
0.015275
0.01495
0.013724
0.011618
0.0084911
0.0048665
0.0017699
-0.00072119
-0.0030814
-0.0049699
-0.0055965
-0.0053951
-0.0051891
-0.005304
-0.0055671
-0.005725
-0.0057121
-0.0055876
-0.004794
-0.0033096
-0.0024676
-0.0025674
-0.0030095
-0.0039006
-0.005218
-0.0058349
-0.0056471
-0.0052541
-0.0044404
-0.0031329
-0.0021154
-0.0015175
-0.0014394
-0.0016323
-0.0021816
-0.0029107
-0.0041035
-0.0054947
-0.0069252
-0.0081096
-0.008571
-0.0093714
-0.010715
-0.012436
-0.014322
-0.015409
-0.015494
-0.01554
-0.01499
-0.012404
-0.0081831
-0.0041975
-0.0019795
-0.0016663
-0.0021788
-0.0024703
-0.0028159
-0.0046237
-0.0074985
-0.010225
-0.012592
-0.013979
-0.014142
-0.013848
-0.013778
-0.014062
-0.014836
-0.01565
-0.015461
-0.014584
-0.014034
-0.013635
-0.013164
-0.012573
-0.012493
-0.013502
-0.014576
-0.01394
-0.012186
-0.011162
-0.010696
-0.0097979
-0.0075895
-0.0034408
0.0010601
0.0048948
0.0083708
0.011401
0.013447
0.014658
0.01518
0.015225
0.015198
0.015376
0.016223
0.01759
0.018555
0.019152
0.019449
0.019379
0.018621
0.017241
0.015799
0.01505
0.014583
0.014206
0.014011
0.013945
0.013846
0.013157
0.01185
0.010938
0.010807
0.010414
0.0091992
0.0074949
0.0054051
0.0039845
0.0033867
0.0037697
0.0044317
0.0045837
0.0043336
0.0040545
0.0039724
0.0039036
0.0027727
0.0013271
0.00030264
-5.3343e-05
5.5293e-05
0.00010743
-0.00055125
-0.0013545
-0.0014397
-0.0004205
0.0006828
3.2386e-05
-0.0012036
-0.0011627
-0.00029842
0.00027001
0.00023677
0.0001108
0.00057574
0.0011837
0.0012306
0.00043785
-0.00050061
-0.0013163
-0.0016542
-0.0016799
-0.0021394
-0.0029068
-0.0038313
-0.0042079
-0.0033863
-0.0019236
-0.001119
-0.00092635
-0.00023132
0.00027307
0.00052911
0.00019482
-0.00031426
-0.00064698
-0.0010013
-0.00058942
0.00061602
0.0012764
0.00041522
-0.0012397
-0.0021318
-0.0019753
-0.0017132
-0.0025199
-0.0039809
-0.0047913
-0.0049728
-0.0053318
-0.0057033
-0.0058674
-0.0058754
-0.0055659
-0.0048522
-0.0043895
-0.0044025
-0.0043133
-0.0036133
-0.0030055
-0.0026619
-0.002383
-0.0024342
-0.0021843
-0.0023454
-0.0038898
-0.0056875
-0.0063498
-0.0057652
-0.0043211
-0.0027269
-0.0013992
-0.00026499
0.00066045
0.0015392
0.0029083
0.004128
0.0055485
0.0075342
0.0096861
0.011625
0.012625
0.013077
0.01349
0.014287
0.015596
0.017206
0.017907
0.017327
0.016205
0.016083
0.01709
0.017941
0.018396
0.018809
0.018983
0.018943
0.018865
0.018508
0.017822
0.017402
0.017027
0.016426
0.016049
0.015692
0.015089
0.014327
0.013511
0.013179
0.013251
0.012663
0.01119
0.010289
0.010338
0.010716
0.010486
0.0095559
0.0088883
0.0084847
0.0079707
0.0073192
0.0065711
0.0062324
0.0062827
0.0060514
0.0052959
0.0043845
0.0032085
0.0014897
-0.0006363
-0.0020442
-0.0025599
-0.0029105
-0.0034817
-0.0043166
-0.0051767
-0.0063111
-0.0073663
-0.0084494
-0.010158
-0.011919
-0.012982
-0.01344
-0.013889
-0.014209
-0.014661
-0.015391
-0.015838
-0.016191
-0.017103
-0.018154
-0.01856
-0.018393
-0.018155
-0.01815
-0.018667
-0.019564
-0.02039
-0.021044
-0.021214
-0.021069
-0.020967
-0.021379
-0.022579
-0.023803
-0.024171
-0.02388
-0.02357
-0.02356
-0.023742
-0.02389
-0.023906
-0.023841
-0.02375
-0.023006
-0.021526
-0.019889
-0.017585
-0.015584
-0.014569
-0.013831
-0.0132
-0.012912
-0.012882
-0.012894
-0.012819
-0.012701
-0.01264
-0.012601
-0.012133
-0.011371
-0.010581
-0.0099516
-0.0093423
-0.0087613
-0.0085394
-0.0086493
-0.0092349
-0.009996
-0.010683
-0.010689
-0.0095257
-0.0077472
-0.0056309
-0.0031975
-0.0010629
0.00031195
0.00089984
0.0013669
0.0020048
0.0024176
0.0025951
0.0035441
0.0054143
0.0068233
0.0074016
0.0080014
0.0088168
0.0092957
0.0096729
0.010277
0.011045
0.01225
0.013728
0.014775
0.015275
0.015717
0.015953
0.015609
0.014462
0.013274
0.012899
0.013169
0.013448
0.013081
0.011787
0.010433
0.0099942
0.0099308
0.0095266
0.0091377
0.0087193
0.0077827
0.0063498
0.0050767
0.0046888
0.0049462
0.0049392
0.0039024
0.0024416
0.0017563
0.0022093
0.0033423
0.0042556
0.0048635
0.0050163
0.0048984
0.0047777
0.0045503
0.0039759
0.0035892
0.0033357
0.0024783
0.0010303
-0.00053893
-0.001916
-0.0031572
-0.0041409
-0.0044551
-0.0046723
-0.0059115
-0.0073805
-0.0086164
-0.0097976
-0.010892
-0.01155
-0.012129
-0.012511
-0.01241
-0.01151
-0.010058
-0.0085155
-0.0071508
-0.005946
-0.0048665
-0.0039546
-0.0024259
-0.00051655
0.0012986
0.0030983
0.0044223
0.0057736
0.0065405
0.0061891
0.0060534
0.0064216
0.0062639
0.0056945
0.0052962
0.004722
0.0043402
0.0054382
0.006963
0.0074823
0.0070367
0.0059712
0.0052822
0.005904
0.0069348
0.0073917
0.0077615
0.0081223
0.0082386
0.0081957
0.0082016
0.0083616
0.0089371
0.0090717
0.0091666
0.0094022
0.0089896
0.0082178
0.0073228
0.0067642
0.0067642
0.0069825
0.007075
0.0069096
0.0060814
0.0047045
0.0038213
0.0038332
0.0041259
0.0036019
0.0021643
0.0010604
0.00093121
0.0012726
0.0015588
0.0021015
0.0026979
0.0034225
0.00397
0.0040625
0.0039176
0.00372
0.0030831
0.001921
0.00049837
-0.0008638
-0.0016151
-0.0016193
-0.0013736
-0.0013068
-0.0015
-0.0022177
-0.0035087
-0.0045934
-0.0053058
-0.0062092
-0.0070211
-0.00729
-0.0072031
-0.0072004
-0.0082031
-0.0097667
-0.010947
-0.011405
-0.010809
-0.0098561
-0.0095203
-0.0097708
-0.0096096
-0.0084776
-0.0072376
-0.0063746
-0.0059106
-0.0059311
-0.006557
-0.0073121
-0.0075818
-0.0079125
-0.0088136
-0.0088416
-0.0077393
-0.0068253
-0.0058354
-0.0047346
-0.0037603
-0.0025443
-0.00071242
0.0010029
0.002371
0.0029762
0.0026458
0.002559
0.002202
0.00080505
-0.0009795
-0.0025225
-0.0037175
-0.0042886
-0.0037775
-0.0024355
-0.001461
-0.0019017
-0.0031079
-0.0041564
-0.0047149
-0.0050602
-0.0050136
-0.0045157
-0.0042179
-0.004224
-0.0034027
-0.0015176
0.00038592
0.0012928
0.0011254
0.00069708
0.00070297
0.0020276
0.0047472
0.007409
0.0089519
0.0093544
0.0095744
0.010119
0.010591
0.010714
0.010181
0.0093922
0.0090743
0.0092267
0.0094022
0.0089467
0.0081149
0.007695
0.0077353
0.0074633
0.0068141
0.0064229
0.0064185
0.0060766
0.0049405
0.0038718
0.0036293
0.0040202
0.0052885
0.0072266
0.0089323
0.0097373
0.010057
0.010385
0.010195
0.0096082
0.0092736
0.0089712
0.0090004
0.0095017
0.0098811
0.0099043
0.0097421
0.0096355
0.0096587
0.0097427
0.009779
0.0093261
0.0086412
0.0087556
0.0091226
0.0088817
0.0079078
0.0070351
0.0068714
0.0071439
0.0073622
0.007346
0.0070836
0.005871
0.0050236
0.0047305
0.0046033
0.004497
0.00375
0.0023777
0.0014464
0.0014051
0.0017515
0.001735
0.00034624
-0.0012605
-0.0017549
-0.0012963
-0.00021848
0.00097502
0.0010179
0.00020476
-0.00034089
-0.00036087
-0.00069819
-0.0014198
-0.0029284
-0.0043218
-0.0046674
-0.0043196
-0.0040203
-0.0041039
-0.0043767
-0.0043901
-0.0031796
-0.0016544
-0.00058317
-0.00026323
-0.00056612
-0.0014063
-0.0021521
-0.0028042
-0.0032487
-0.0033945
-0.0038748
-0.0045368
-0.0048862
-0.0049193
-0.0053659
-0.0060123
-0.0063282
-0.0062904
-0.0060733
-0.0054162
-0.0047326
-0.003989
-0.0034866
-0.0034189
-0.0035349
-0.0035859
-0.0035212
-0.0035141
-0.004138
-0.0048996
-0.005114
-0.0049333
-0.0047275
-0.0046873
-0.0047857
-0.0049168
-0.0049415
-0.0048713
-0.0048895
-0.0055028
-0.0063048
-0.0071098
-0.0075917
-0.0076698
-0.0080743
-0.0085898
-0.0082874
-0.0075848
-0.0071831
-0.0066542
-0.0061718
-0.0060633
-0.0061438
-0.0061337
-0.0055461
-0.005277
-0.0051702
-0.0053962
-0.0053929
-0.0055317
-0.0058759
-0.005958
-0.0052869
-0.0044908
-0.0042617
-0.0044761
-0.0047014
-0.0046453
-0.0040247
-0.0038497
-0.004297
-0.0046906
-0.0048149
-0.0052012
-0.0051703
-0.0047164
-0.0044214
-0.0044299
-0.0045718
-0.0046536
-0.0046288
-0.004564
-0.0045283
-0.0046349
-0.0056619
-0.0071362
-0.0077705
-0.0075704
-0.0072308
-0.0071708
-0.0073453
-0.0075219
-0.0075683
-0.0075151
-0.0074547
-0.0074358
-0.007424
-0.0074272
-0.0074315
-0.0074402
-0.0074686
-0.0074875
-0.0074875
-0.0074805
-0.0073788
-0.0063795
-0.0049248
-0.0041967
-0.0034725
-0.0028519
-0.0025335
-0.0021213
-0.0014413
-0.0011207
-0.001117
-0.0012321
-0.00069825
0.00056269
0.0017574
0.0024557
0.0029346
0.0035065
0.0047068
0.0061609
0.0069369
0.0079486
0.0089718
0.0093138
0.0092343
0.0097595
0.011116
0.012206
0.012352
0.011931
0.011096
0.010388
0.0097454
0.0093197
0.0092002
0.0087352
0.0080319
0.0071046
0.0064639
0.0063422
0.0059428
0.0053526
0.0051522
0.0058169
0.0065559
0.0060844
0.0045266
0.0034606
0.0039884
0.0045935
0.0044026
0.0039257
0.0037464
0.0042883
0.0044141
0.0034343
0.0028485
0.0026083
0.0018587
0.001094
0.00086747
0.0009814
0.0010827
0.001053
0.00099413
0.00097535
0.00098714
0.0010795
0.001665
0.0023956
0.0032034
0.0037418
0.0037002
0.00282
0.0014067
0.00052354
0.00054927
0.00093436
0.0011103
0.00090226
7.1112e-05
-0.00072774
-0.00098187
-0.0013608
-0.0018518
-0.0020671
-0.0021082
-0.0027302
-0.0040557
-0.0050261
-0.0051122
-0.00477
-0.0045673
-0.0046508
-0.0046841
-0.0035877
-0.0022145
-0.0017523
-0.0020499
-0.0024047
-0.002522
-0.002877
-0.0027946
-0.0023557
-0.0026657
-0.0035037
-0.0045182
-0.0051379
-0.0052063
-0.0056539
-0.006869
-0.0078725
-0.0082124
-0.0091687
-0.010359
-0.010705
-0.0098216
-0.0082792
-0.0073789
-0.0074176
-0.0071881
-0.0060642
-0.0050086
-0.0045841
-0.0036763
-0.0031255
-0.0033196
-0.0030981
-0.0025557
-0.002803
-0.0035187
-0.0039575
-0.0043639
-0.0041392
-0.00298
-0.002
-0.0017321
-0.00090442
0.00019596
0.000685
0.00058853
0.00037307
0.00041881
0.0012358
0.0026328
0.0035168
0.003655
0.0044336
0.0051121
0.005556
0.0059018
0.0060913
0.0067481
0.0079915
0.0088732
0.0089401
0.0086323
0.0084982
0.0086284
0.0088121
0.008886
0.0087626
0.0081192
0.0080053
0.0085416
0.0089229
0.008887
0.0085985
0.0078603
0.007106
0.0063577
0.0059494
0.0064498
0.0067503
0.006974
0.007836
0.0086682
0.0088585
0.0086369
0.0086294
0.0093273
0.010029
0.010376
0.010715
0.010645
0.010484
0.0095529
0.0082295
0.0066664
0.0054031
0.0042454
0.0040505
0.0043936
0.0042638
0.004266
0.0045025
0.0048241
0.005315
0.0053571
0.0055259
0.0059088
0.0061437
0.006069
0.0053234
0.0040154
0.0031929
0.0032394
0.0036093
0.0037697
0.0036524
0.003429
0.0028977
0.002916
0.0034047
0.0032088
0.0025353
0.0021559
0.00225
0.0024955
0.0026011
0.0024976
0.0018283
0.0011444
0.00091757
0.00050532
-9.3185e-05
-0.00088224
-0.001433
-0.0014796
-0.0012986
-0.0011674
-0.0012566
-0.0019214
-0.0025181
-0.0021548
-0.0019511
-0.0028559
-0.0039144
-0.004196
-0.0038949
-0.0036032
-0.0035864
-0.0037027
-0.003861
-0.0044748
-0.0051713
-0.0059187
-0.0064269
-0.0064373
-0.0062349
-0.0061493
-0.0062247
-0.0062993
-0.0062991
-0.0062619
-0.0062342
-0.0061852
-0.0057767
-0.0055249
-0.0053609
-0.0045274
-0.0035547
-0.0032142
-0.0033545
-0.0030881
-0.0023776
-0.00198
-0.0024832
-0.0033922
-0.003798
-0.003638
-0.0033591
-0.0032822
-0.0034209
-0.003568
-0.0036157
-0.0035547
-0.0029811
-0.0017756
-0.00069252
0.00047399
0.0016217
0.0019951
0.0017668
0.0015332
0.0015659
0.0017475
0.0018739
0.0018242
0.001303
0.00098956
0.001348
0.0017267
0.0013279
0.00045842
3.9218e-06
9.9397e-05
0.00030439
-0.00010163
-0.00091477
-0.0013487
-0.0012842
-0.0010977
-0.0010321
-0.0010774
-0.0011518
-0.0011872
-0.0011795
-0.0012356
-0.0017412
-0.0025001
-0.0033304
-0.0040131
-0.004668
-0.0057202
-0.0066563
-0.0069177
-0.0067812
-0.0071131
-0.0079289
-0.0088894
-0.0095979
-0.0096845
-0.0094288
-0.0093647
-0.010347
-0.011387
-0.010944
-0.010102
-0.0096441
-0.0093432
-0.0087932
-0.0077457
-0.0067853
-0.0065106
-0.0067132
-0.0069093
-0.0068877
-0.0067441
-0.006641
-0.0065933
-0.0062278
-0.0058587
-0.0061726
-0.0066262
-0.0067958
-0.0066769
-0.0061356
-0.0049627
-0.0038632
-0.0036114
-0.003907
-0.003812
-0.0034131
-0.0032495
-0.0032181
-0.0029366
-0.0018234
-0.00098991
-0.00092432
-0.0012619
-0.0014744
-0.0014136
-0.0012456
-0.0011539
-0.0012007
-0.001355
-0.0021843
-0.003691
-0.0045058
-0.0043757
-0.0040043
-0.0046087
-0.0059267
-0.0062601
-0.0054459
-0.0042545
-0.0033678
-0.0024546
-0.0016489
-0.00066797
0.00074062
0.0014819
0.0014005
0.0010987
0.00099005
0.0011107
0.0012718
0.0013294
0.0012871
0.0012254
0.0012012
0.001214
0.0012347
0.0012435
0.0012649
0.0013103
0.0013367
0.0013524
0.0017019
0.0020918
0.0021445
0.0024086
0.0023464
0.0020507
0.0019463
0.0016389
0.0014315
0.0021388
0.0036793
0.0045704
0.004527
0.0048252
0.005771
0.0064021
0.0068652
0.00703
0.006975
0.0069446
0.0076866
0.0085
0.0082166
0.0076277
0.0069481
0.0066892
0.0068541
0.0074166
0.0078649
0.0081961
0.0091059
0.0097283
0.0098112
0.010401
0.011841
0.012738
0.012681
0.012283
0.012111
0.012272
0.013183
0.014343
0.014345
0.013359
0.012243
0.012307
0.014122
0.016659
0.016701
0.013609
0.011198
0.010754
0.01111
0.011354
0.010801
0.0097322
0.0091252
0.0091789
0.0094644
0.0095956
0.0094703
0.0087883
0.0074985
0.0064271
0.0057211
0.0048188
0.0040002
0.003731
0.0038162
0.0039208
0.0039111
0.0037927
0.0037023
0.0035878
0.0025971
0.0011833
0.00060222
0.00081192
0.0011325
0.0011772
0.0010046
0.00083923
0.00080139
0.00085615
0.0009143
0.0008289
-0.00019012
-0.0016353
-0.0022235
-0.0020009
-0.0016656
-0.0016192
-0.0019266
-0.0030664
-0.0040846
-0.0044012
-0.0045246
-0.004599
-0.0047713
-0.0058098
-0.0072659
-0.0078942
-0.0076758
-0.0073302
-0.0072971
-0.0075424
-0.0082157
-0.0088978
-0.0086344
-0.0077596
-0.0072689
-0.0073688
-0.0076626
-0.0077965
-0.0077616
-0.0077173
-0.0077104
-0.007725
-0.007774
-0.0078113
-0.0078155
-0.0078021
-0.0077934
-0.00782
-0.0078526
-0.0078325
-0.0077975
-0.0077854
-0.0078201
-0.0078847
-0.0079176
-0.0079091
-0.0078892
-0.007882
-0.0078882
-0.0078981
-0.0079268
-0.0079524
-0.0079334
-0.0075889
-0.0072323
-0.0075695
-0.0080212
-0.0081422
-0.0080357
-0.0079009
-0.0075213
-0.0071989
-0.0075822
-0.0080741
-0.0082079
-0.0080593
-0.0079024
-0.0078602
-0.0075673
-0.0072359
-0.0071803
-0.0065251
-0.0055247
-0.0050501
-0.005121
-0.0049177
-0.0038119
-0.0025217
-0.0020697
-0.002358
-0.0026881
-0.0023444
-0.0014045
-0.00083763
-0.0012506
-0.0022791
-0.0028148
-0.002665
-0.0023276
-0.0021939
-0.0022961
-0.002442
-0.0025255
-0.0024728
-0.0020142
-0.0012242
-0.0007923
-0.00052133
-8.8978e-06
0.00033953
0.00039474
0.00070071
0.0017985
0.0030246
0.0034558
0.0032169
0.0029178
0.0028904
0.0030314
0.0031249
0.0031566
0.0038671
0.0053452
0.0062114
0.0064951
0.0068476
0.0071357
0.0076036
0.0083555
0.0087815
0.0087546
0.0086137
0.009283
0.010839
0.011804
0.011736
0.011318
0.01186
0.0131
0.013432
0.013401
0.013433
0.013458
0.013893
0.013949
0.013326
0.01281
0.012762
0.012945
0.012702
0.01192
0.011364
0.010626
0.0093797
0.0086543
0.008349
0.008272
0.0087149
0.0087516
0.0076883
0.0063636
0.0062451
0.0072766
0.0080744
0.0080662
0.0073025
0.0062964
0.0058985
0.0054366
0.0043163
0.0035624
0.0035252
0.0037653
0.0035133
0.0023379
0.0010224
0.00021297
-0.00059423
-0.0014111
-0.0017222
-0.0015963
-0.0014424
-0.0014624
-0.0015481
-0.00089087
0.00028616
0.00081382
0.00066997
-0.00038299
-0.0015665
-0.0019233
-0.0016084
-0.0012673
-0.001212
-0.0012775
-0.00058833
0.0008942
0.0010537
-0.00050254
-0.0020935
-0.0025276
-0.0016545
-0.00079755
-0.00030463
0.00046244
0.0013452
0.0017271
0.0016663
0.0015272
0.0015276
0.0016197
0.0013433
0.00030395
-0.00082804
-0.0012033
-0.00096209
-0.00065569
-0.0005836
-0.00068772
-0.00081171
-0.0015779
-0.0030474
-0.0038563
-0.0037064
-0.003246
-0.0030688
-0.0031959
-0.0033585
-0.003408
-0.0034578
-0.004389
-0.0057525
-0.0062928
-0.0060398
-0.0056762
-0.0056145
-0.0057912
-0.0059594
-0.0059602
-0.0058475
-0.0057625
-0.0057564
-0.0057914
-0.0058661
-0.0064122
-0.0075934
-0.0085774
-0.0087565
-0.0084613
-0.0082425
-0.0082924
-0.0084671
-0.0085771
-0.0085696
-0.0085089
-0.0083079
-0.0070664
-0.0056829
-0.0052893
-0.0056772
-0.0060779
-0.0060988
-0.0058716
-0.0056481
-0.0055812
-0.0056518
-0.0057689
-0.0057945
-0.0057311
-0.0056726
-0.0056634
-0.0056047
-0.0050825
-0.0049231
-0.0046975
-0.0039235
-0.0039002
-0.004993
-0.0059523
-0.0059082
-0.0047375
-0.0032217
-0.0025356
-0.0027747
-0.0032164
-0.0033365
-0.0031529
-0.0029401
-0.0028743
-0.0029337
-0.0030095
-0.0030338
-0.0030153
-0.0033289
-0.0046348
-0.0058255
-0.0060507
-0.0054126
-0.0041325
-0.0029605
-0.0026576
-0.0029822
-0.0032842
-0.0032664
-0.0030618
-0.0029084
-0.0028976
-0.0029668
-0.003022
-0.0030266
-0.003002
-0.0029823
-0.0029807
-0.0029897
-0.0029969
-0.0029976
-0.0029945
-0.002992
-0.0029919
-0.0029931
-0.0029941
-0.0029943
-0.002994
-0.0029938
-0.0029939
-0.0029942
-0.0029756
-0.0025756
-0.001474
-0.0010538
-0.0022008
-0.0033168
-0.0034679
-0.0025674
-0.00097305
0.00012894
0.00016591
-0.00024481
-4.0937e-06
0.00088384
0.0019416
0.0026858
0.0027807
0.0025399
0.0023884
0.0024492
0.0025928
0.0026735
0.0026607
0.0026107
0.002656
0.0032373
0.0039877
0.004812
0.0052726
0.0046846
0.0038006
0.0035984
0.0045116
0.0055578
0.0058355
0.0055135
0.0051482
0.0050705
0.0052176
0.0053664
0.0053967
0.0053396
0.0051076
0.00459
0.0046776
0.005196
0.0052746
0.0045273
0.0040527
0.0043636
0.0043789
0.0040786
0.0038546
0.0041036
0.0049184
0.0052251
0.0050378
0.0057527
0.0066446
0.0066723
0.0057311
0.0046093
0.0038134
0.0036952
0.0036292
0.0034508
0.0036901
0.0039722
0.0040017
0.0035397
0.002751
0.0023631
0.0024879
0.0030742
0.0038049
0.0036922
0.0033177
0.003521
0.0043778
0.0052899
0.0056242
0.0058665
0.0059106
0.0059316
0.0058631
0.0055154
0.0053046
0.0053347
0.0054431
0.0054853
0.0054485
0.0053902
0.0052507
0.0045545
0.0033652
0.0030322
0.0030748
0.0029919
0.003402
0.0039547
0.0041053
0.0039409
0.0036168
0.002979
0.0025013
0.00247
0.0026522
0.0025346
0.0014836
6.8338e-05
-0.00083769
-0.001378
-0.0012569
-0.00044292
0.00010483
3.1813e-06
-0.00034483
-0.00051222
-0.00045349
-0.00068555
-0.0013906
-0.0021963
-0.0029241
-0.0031898
-0.0030799
-0.0029364
-0.002942
-0.0030474
-0.0031813
-0.0036435
-0.0038865
-0.0039929
-0.0047896
-0.0057679
-0.0060569
-0.0053842
-0.0051173
-0.0056012
-0.0060899
-0.0062355
-0.0067338
-0.007896
-0.0089003
-0.0096704
-0.010058
-0.010044
-0.0097505
-0.0088882
-0.0076911
-0.0070537
-0.0069745
-0.0065987
-0.0060735
-0.0055692
-0.0049045
-0.0045129
-0.0050381
-0.0063399
-0.006665
-0.0061166
-0.005612
-0.00554
-0.0057168
-0.0058704
-0.0058839
-0.0057906
-0.0053446
-0.004576
-0.0041509
-0.0037909
-0.0032442
-0.0029361
-0.0029416
-0.0030426
-0.003018
-0.0025087
-0.0021543
-0.0018739
-0.00093711
-8.3866e-05
0.0001915
0.00057064
0.00097435
0.00057504
-0.00015417
-0.00051764
-0.00087176
-0.00051004
0.0006991
0.0015632
0.0017474
0.0020496
0.0024512
0.0026479
0.0026459
0.0025993
0.0026009
0.0026418
0.0026764
0.0026811
0.002492
0.0018012
0.0014155
0.0020092
0.0029786
0.0041064
0.0051175
0.0055009
0.0053495
0.0051453
0.0051549
0.0053293
0.0054885
0.005491
0.0054062
0.0053468
0.0053482
0.0053788
0.0053999
0.0053999
0.0053899
0.0053811
0.0051096
0.0043708
0.003597
0.0028928
0.0028665
0.0036483
0.0040068
0.0035559
0.003482
0.0040712
0.0050761
0.0056434
0.0058556
0.0066006
0.0077576
0.0081211
0.0073238
0.0062605
0.0054109
0.0052068
0.0054447
0.0056491
0.0053482
0.0044505
0.0038161
0.003794
0.0040582
0.0044859
0.005179
0.005579
0.0055308
0.0053361
0.004996
0.004333
0.0039128
0.0039336
0.0041216
0.0044679
0.004599
0.0035238
0.0020729
0.0011104
0.0014316
0.002633
0.004057
0.0053925
0.0057823
0.0058089
0.0058751
0.0056088
0.0053552
0.0046146
0.0032577
0.0024823
0.0021717
0.0014253
0.00079009
0.0013997
0.0026352
0.0031987
0.0025944
0.0010762
-0.00057118
-0.0018786
-0.0025689
-0.0025577
-0.0019885
-0.0012457
-0.0010245
-0.0015806
-0.0021763
-0.0019128
-0.0017285
-0.0029362
-0.0049439
-0.0059432
-0.0060688
-0.0059471
-0.0049222
-0.0025939
0.00037072
0.0029705
0.0042844
0.0039984
0.0025847
0.00075306
-0.00096161
-0.0019017
-0.0030685
-0.0045513
-0.0054044
-0.0056107
-0.0060435
-0.0065922
-0.0067387
-0.0061017
-0.0053788
-0.0051579
-0.0047217
-0.0035387
-0.0020078
-0.0011043
-0.00058791
-0.00029805
-0.00030365
-0.00087806
-0.0021271
-0.0036527
-0.0050664
-0.0058482
-0.0058598
-0.0055939
-0.0050786
-0.0045242
-0.004377
-0.0045634
-0.0047441
-0.0043595
-0.0030925
-0.0014619
-0.00035908
9.7237e-05
0.00015034
-0.00038056
-0.00084636
-0.0013784
-0.0023172
-0.0024826
-0.0020583
-0.0017479
-0.0017887
-0.0019875
-0.0021064
-0.0020845
-0.001829
-0.0010994
-0.00049001
-0.00039029
-0.00054649
-0.0006453
-0.00067734
-0.0011547
-0.0017468
-0.0020223
-0.0025144
-0.0029829
-0.0024344
-0.0009098
0.0006819
0.0019003
0.0024542
0.0019127
0.00049118
-0.0010923
-0.0022863
-0.0022495
-0.00090593
0.0002877
4.1443e-05
-0.0011344
-0.0018545
-0.0017233
-0.0012455
-0.00099045
-0.0010656
-0.0012369
-0.00099988
-0.00023507
0.00030719
0.0003315
0.00012077
1.8719e-05
-0.00015209
-0.00075042
-0.0014718
-0.0024352
-0.0034612
-0.0041768
-0.0046184
-0.0042932
-0.0035401
-0.0025109
-0.001447
-0.00097582
-0.0011045
-0.0016926
-0.0032428
-0.0049662
-0.0056715
-0.0054099
-0.0049147
-0.0042377
-0.0036821
-0.0030362
-0.0025483
-0.0023988
-0.001982
-0.0019567
-0.0024674
-0.0033737
-0.0040421
-0.0040916
-0.0038408
-0.0036955
-0.003808
-0.0043512
-0.0041866
-0.003028
-0.0017533
-0.001022
-0.00098913
-0.00075317
-7.346e-05
0.00087192
0.0025142
0.0041998
0.0047734
0.0044325
0.0036722
0.0028924
0.0023309
0.0018288
0.0016372
0.0016907
0.0017547
0.0017214
0.0016352
0.0013089
0.00057154
0.00034846
0.001091
0.0018235
0.0019471
0.0016791
0.0012055
0.00051828
0.00015746
0.00039707
0.0012288
0.0020372
0.0027425
0.0030788
0.0030215
0.0028794
0.0028693
0.0031358
0.0040405
0.005316
0.0061935
0.0068278
0.0071514
0.0071591
0.0069287
0.0057025
0.0043055
0.0033428
0.0029979
0.0031237
0.0033627
0.0040245
0.0051506
0.0058962
0.005906
0.005616
0.0054844
0.0055387
0.0051556
0.0039836
0.0023636
0.00037996
-0.0016714
-0.003667
-0.0051041
-0.0058382
-0.0061703
-0.005834
-0.0051524
-0.0044252
-0.0038822
-0.003844
-0.0045006
-0.00537
-0.0061266
-0.0065304
-0.0054911
-0.0028343
-0.00017479
0.00096022
0.0010529
0.00041063
-0.00091497
-0.0028514
-0.0041256
-0.0042841
-0.0048989
-0.0052924
-0.003752
-5.5808e-05
0.0045723
0.0087397
0.011153
0.012005
0.011989
0.011135
0.0086645
0.0049095
0.00077556
-0.0032538
-0.0069712
-0.010076
-0.0124
-0.013541
-0.014136
-0.014323
-0.01317
-0.0094864
-0.0042967
0.0011428
0.0056792
0.0074191
0.0066999
0.004907
0.0026386
0.00027566
-0.0011232
-0.0011908
-0.00050001
0.00059441
0.0015576
0.0017696
0.00094135
-0.0012583
-0.0036809
-0.0053783
-0.0062673
-0.0044284
-0.00086108
0.0027532
0.0056766
0.0070511
0.0063273
0.0035829
0.00033651
-0.002312
-0.0037599
-0.0037864
-0.0029332
-0.0013088
0.00068737
0.0022625
0.0034114
0.0041616
0.0043685
0.0043086
0.0042998
0.004391
0.0041582
0.0035035
0.0030685
0.0026293
0.0021014
0.001894
0.0019422
0.0015177
0.00027212
-0.0013999
-0.0033405
-0.0047707
-0.0050121
-0.0045894
-0.0042962
-0.0044041
-0.0046804
-0.0048357
-0.0046096
-0.0032111
-0.0014505
0.00089492
0.0033559
0.0055188
0.0066552
0.0066486
0.0063072
0.0062571
0.0065055
0.0067701
0.0068864
0.006499
0.0046258
0.0013986
-0.0019244
-0.0043719
-0.0054386
-0.0053318
-0.004718
-0.0040088
-0.0038136
-0.0040551
-0.0038991
-0.0024219
-0.00036832
0.00088432
0.00096234
5.332e-05
-0.0015461
-0.0045238
-0.0080734
-0.010639
-0.012342
-0.013854
-0.014752
-0.013885
-0.011011
-0.0075526
-0.0045904
-0.0015801
0.0021091
0.0062785
0.0099498
0.012949
0.015651
0.018364
0.020649
0.02096
0.019275
0.016507
0.013113
0.0085728
0.0030516
-0.0030586
-0.0077166
-0.011167
-0.014153
-0.016002
-0.015768
-0.012907
-0.008885
-0.0056394
-0.003428
-0.0021217
-0.0015037
-0.0013039
-0.0020726
-0.0035065
-0.0044929
-0.0044731
-0.0035258
-0.001967
9.4937e-05
0.0027601
0.0050137
0.0057592
0.0054666
0.0055678
0.0056346
0.0048997
0.0039383
0.0025306
0.0013586
0.0011488
0.0011389
7.5411e-06
-0.0013063
-0.0019242
-0.002334
-0.0025874
-0.002885
-0.0035506
-0.0043249
-0.0051392
-0.0055172
-0.005458
-0.0050449
-0.0042044
-0.0025723
0.00071783
0.0043239
0.0060858
0.0061793
0.0057772
0.0052513
0.004785
0.0039696
0.0031025
0.0027688
0.0025182
0.0019005
0.0010567
-0.00012784
-0.0011814
-0.0022109
-0.0035155
-0.0045444
-0.0052276
-0.0053999
-0.0052942
-0.005198
-0.0052184
-0.0053095
-0.0053742
-0.0053745
-0.0052904
-0.0047133
-0.0034307
-0.0018956
-0.00092425
-0.00041642
1.6531e-05
0.00064383
0.0010301
0.0016468
0.0026952
0.0032525
0.0026799
0.0009753
-0.0015139
-0.0042679
-0.0069437
-0.0094454
-0.011218
-0.011614
-0.010007
-0.007026
-0.0040624
-0.0021711
-0.0012963
-0.0010629
-0.0010628
-0.00089617
-0.00015631
0.00010027
-0.00021991
3.1873e-05
0.0008851
0.0023689
0.0029886
0.0025507
0.0018872
0.0012068
0.0008857
0.00098935
0.0011893
0.0012373
0.0013167
0.0019046
0.0027107
0.0035804
0.0042267
0.0048723
0.0051213
0.0045019
0.0040116
0.0043642
0.0042656
0.0032652
0.002457
0.0023473
0.0026474
0.0031364
0.0038441
0.0042192
0.0041453
0.0039501
0.0041645
0.004993
0.0056195
0.0054036
0.0046982
0.0044949
0.0045681
0.0048584
0.0048665
0.0048625
0.0044355
0.0040005
0.0039045
0.004038
0.0041564
0.0041497
0.0035313
0.0017395
-0.0002788
-0.0020644
-0.0033853
-0.0035614
-0.0033417
-0.0026316
-0.0013624
0.00076746
0.0033838
0.0052627
0.0058378
0.0057055
0.0046602
0.0035519
0.0026313
0.0017568
0.0011346
0.00047157
-1.394e-05
-0.00013233
-5.8971e-05
0.00016107
0.00065189
0.00054702
5.9878e-05
0.0003075
0.0010177
0.0014783
0.0019133
0.0018599
0.001935
0.0023455
0.0026334
0.0024616
0.0011169
-0.00030954
-0.00067435
-0.000285
4.4006e-05
-8.8181e-05
-0.00094932
-0.0018116
-0.0020173
-0.0017654
-0.0015298
-0.0015273
-0.0016916
-0.0018114
-0.0017399
-0.00116
-0.00038523
-2.9212e-05
0.00024779
0.00021743
-0.00025656
-0.00053685
-8.2098e-05
0.00039324
9.4098e-05
-0.00040315
-0.00059141
-0.00048313
-0.00032756
-0.00028351
-0.0003364
-0.00039779
-0.00041432
-0.00037514
4.7707e-05
0.0011865
0.0026914
0.0037634
0.0035712
0.0025191
0.0018827
0.0015069
0.00073877
0.00061783
0.00095628
0.0011935
0.0011865
0.0013288
0.0019814
0.0022469
0.001875
0.0019582
0.0023554
0.0026334
0.0026589
0.002829
0.003279
0.0032978
0.0034814
0.0038437
0.0038582
0.0031633
0.0021625
0.00070472
-0.00043562
-0.0011338
-0.0013285
-0.00063508
0.00017498
0.00034651
6.0499e-05
-7.5279e-05
0.0005914
0.0014068
0.0012169
0.00031443
-0.0002759
-0.00061892
-0.00057472
-0.00050861
-0.00085279
-0.0012196
-0.0016766
-0.0019711
-0.0015546
-0.0010854
-0.0013381
-0.0018784
-0.0016995
-0.0012097
-0.00094489
-0.0010046
-0.0011501
-0.0012552
-0.0012757
-0.0012218
-0.0012027
-0.0012275
-0.0012435
-0.0012161
-0.0012007
-0.0011775
-0.0011507
-0.0011273
-0.0010915
-0.0010972
-0.0011269
-0.001101
-0.0010433
-0.0010187
-0.0010675
-0.0011259
-0.0011048
-0.0010241
-0.00053623
0.00016745
0.00042363
-0.00018569
-0.0010994
-0.0014526
-0.0012107
-0.00049303
0.00063804
0.0016013
0.0014436
0.0004294
8.7958e-05
0.00059828
0.00068462
0.00060147
0.00101
0.0014599
0.0021084
0.0029273
0.0028237
0.0028305
0.0022329
0.0014332
0.0011763
0.0013794
0.0016075
0.0016168
0.0014486
0.001221
0.00057778
-0.00014705
-0.001005
-0.0020751
-0.0023278
-0.0024169
-0.0032623
-0.004209
-0.0045448
-0.0043306
-0.0036134
-0.0029095
-0.0032102
-0.00406
-0.0036167
-0.0020935
-0.0011432
-0.00088193
-0.00098315
-0.0014902
-0.0014877
-0.0010973
-0.0012408
-0.0016095
-0.0017937
-0.0020202
-0.0023875
-0.0024047
-0.0026911
-0.0030811
-0.0029745
-0.0024513
-0.0025748
-0.0028501
-0.0024704
-0.0018893
-0.0014865
-0.00091111
-0.00045117
-0.00021782
8.2535e-05
-0.00028751
-0.0014377
-0.0022369
-0.0021839
-0.001368
-0.0010458
-0.0010795
-0.0015177
-0.0019927
-0.0016643
-0.0014782
-0.0018624
-0.0026525
-0.0029078
-0.0019272
-0.00072791
-0.00030087
-0.00015293
-0.00027038
-0.00076894
-0.0014516
-0.0017267
-0.0011544
-0.00059733
-0.00057739
-0.0012159
-0.0021408
-0.0021929
-0.0016358
-0.0013529
-0.0010198
-0.00081023
-0.00081732
-0.00062832
0.00033809
0.0013243
0.0011464
0.00045571
0.00012088
0.00025835
0.0005212
0.00046748
-6.3975e-05
-0.00026526
-0.00047326
-0.00073853
-0.0010208
-0.0016654
-0.0022251
-0.002256
-0.0013983
4.5109e-05
0.00084966
0.00025198
-0.00015561
0.00078371
0.0020664
0.0030372
0.0034978
0.0034471
0.0032581
0.0032213
0.0033382
0.0034646
0.0034561
0.0029241
0.0021723
0.0022262
0.0030937
0.0033496
0.0025852
0.0018603
0.0017602
0.002382
0.002993
0.0030269
0.002826
0.0026375
0.0030233
0.0031306
0.0028554
0.0023372
0.0012327
0.00055266
0.00059594
0.00090006
0.00075738
-0.00035302
-0.0014993
-0.0013673
-0.00089196
-0.00096251
-0.00086444
-0.00064017
-0.00054106
-0.00057423
-0.00062343
-0.00035005
0.000678
0.0016665
0.0012211
6.4947e-05
-0.00031992
-0.00014363
0.0005646
0.00081487
7.1766e-05
-0.00097349
-0.0016174
-0.0014285
-0.0014332
-0.0014406
-0.00092854
-0.00072749
-0.0013993
-0.002087
-0.0022186
-0.0017332
-0.0011128
-0.0013618
-0.0019752
-0.0020025
-0.0016887
-0.0023889
-0.0030488
-0.0029128
-0.0031809
-0.0041495
-0.0046794
-0.00405
-0.0031815
-0.0029184
-0.0031627
-0.0032622
-0.0026251
-0.0018887
-0.0018323
-0.0025017
-0.0026213
-0.0023132
-0.002416
-0.0023155
-0.0018417
-0.0010157
-0.00044712
-0.00059583
-0.0013154
-0.001534
-0.0016496
-0.0018384
-0.001759
-0.0012489
-0.0012921
-0.0016229
-0.001445
-0.0013111
-0.00095977
-0.00055381
-0.00024887
0.00016631
-8.4022e-07
-0.00050201
-0.00056774
3.289e-05
0.00031885
0.00056462
0.00082318
0.00098763
0.001563
0.0020739
0.0015718
0.00030612
-0.00010463
3.3853e-05
0.00044426
0.00032721
-0.00020324
-9.4504e-05
-9.1098e-06
-0.00021473
3.7332e-05
7.5345e-05
-0.00022585
6.2787e-05
0.00062706
0.00043774
0.00036111
0.0011811
0.001555
0.0011328
0.00067783
0.00067891
0.0013925
0.0016256
0.0010685
4.1262e-05
-0.00067588
-0.00054315
0.00095417
0.0023982
0.0021091
0.00092467
0.00037973
0.0012269
0.0022549
0.001513
0.00045394
0.00037944
0.00084765
0.0011794
0.0010856
0.00028895
-0.00052573
-0.00071956
-0.00040352
0.00024226
-0.00022005
-0.00096871
-0.0014643
-0.0011786
-0.00054835
-0.00082437
-0.001644
-0.0020883
-0.0020043
-0.001754
-0.0015655
-0.0010084
-0.00033165
0.00053394
0.0016293
0.0018585
0.0018248
0.0021483
0.0029559
0.0030726
0.0019833
0.00091142
0.00062531
0.00035902
3.5809e-05
0.00036124
0.00051645
0.00061183
0.00031633
-0.00014584
0.0001549
0.00032765
3.6671e-05
0.00019883
0.000277
0.0005965
0.0015689
0.0018966
0.001392
0.00095396
0.0013989
0.0016764
0.0013649
0.0011226
0.0015788
0.0017274
0.0013078
0.00085914
0.00027529
0.00025507
0.00031495
0.00052626
0.00034535
-0.0001069
0.00032687
0.0016999
0.0027351
0.0027401
0.0018443
0.0014518
0.0014121
0.0013147
0.0012446
0.0013006
0.0018722
0.0025085
0.0026811
0.0025118
0.0023482
0.0023506
0.0025337
0.003235
0.003945
0.004193
0.0044966
0.0043912
0.0039393
0.0036232
0.003162
0.0033233
0.0043857
0.0047912
0.0042673
0.0037157
0.0035362
0.003123
0.0026099
0.0024251
0.0025944
0.0032437
0.0033224
0.0026789
0.0016659
0.0010024
0.00093006
0.00068148
0.00067028
0.00046641
7.4783e-05
0.00034401
0.00052694
0.00077015
0.001184
0.0018393
0.0019304
0.0018965
0.0015179
0.00044544
-0.00057556
-0.0017977
-0.0022658
-0.0017308
-0.00080061
-0.0011234
-0.0013238
-0.00065151
0.00051648
0.0013246
0.0013764
0.0010008
0.00029535
0.00029289
0.00094961
0.0014121
0.0013999
0.0011713
0.0010321
0.0010606
0.0011576
0.0010539
-0.00011592
-0.0010124
-0.001439
-0.0021638
-0.0028231
-0.0030021
-0.0028777
-0.002773
-0.0028075
-0.0029062
-0.0028911
-0.0023818
-0.002271
-0.0027078
-0.0030601
-0.0030032
-0.002191
-0.00081266
7.4335e-05
9.9725e-05
-0.00031003
-0.0011774
-0.0022365
-0.0017151
-0.00041323
-0.00083607
-0.0017608
-0.0015001
-0.0016806
-0.0025527
-0.0030985
-0.003241
-0.0035026
-0.0033255
-0.0028974
-0.0027096
-0.0024503
-0.0014099
-0.0010783
-0.0017376
-0.0014161
-0.00057279
-0.00052441
-0.00069568
-0.0013052
-0.0022274
-0.0024152
-0.0024538
-0.0022977
-0.0012738
-0.00043073
0.00037968
0.00044578
-5.0945e-05
-0.00036564
-0.00028715
-5.864e-05
6.0797e-05
-0.0001488
-0.00074161
-0.00072057
-0.00038463
-0.00071812
-0.0013082
-0.0015484
-0.0012798
-0.00048403
-3.6263e-05
-0.00046491
-0.00064577
1.5682e-05
0.0012669
0.0011186
0.00012016
-0.00045702
-0.00034725
-2.6177e-07
0.00016571
9.2926e-05
-4.9331e-05
-0.00011006
0.00045613
0.0014456
0.0010393
0.00029194
0.00028985
0.00025022
-0.00017388
-0.00097079
-0.0014676
-0.0017315
-0.0022713
-0.0024343
-0.0017781
-0.0011504
-0.0010645
-0.0015731
-0.0022241
-0.001992
-0.0013688
-0.00080842
-0.00021593
-0.00020432
-0.00074089
-0.00093328
-0.00092017
-0.00066622
-0.00091681
-0.0016289
-0.0022884
-0.0017384
-0.00099662
-0.0014005
-0.0017574
-0.0013695
-0.00079673
-0.0010082
-0.0015167
-0.002068
-0.0023407
-0.0022077
-0.0020554
-0.0016545
-0.0013928
-0.0014147
-0.0015446
-0.0015839
-0.0011795
-0.0007109
-0.001004
-0.0018371
-0.002006
-0.0011763
-0.0012457
-0.0022799
-0.0026499
-0.0015572
-0.00041034
-0.00057618
-0.0013327
-0.0020722
-0.0026655
-0.0024258
-0.0019944
-0.0021486
-0.0020264
-0.0010539
-0.00041274
-0.00034796
-0.00020715
-1.4734e-05
9.2892e-05
0.00015996
0.00059944
0.00082722
0.0005261
0.0010622
0.0019445
0.0019943
0.0015807
0.0013469
0.0014412
0.0016823
0.0022217
0.0023661
0.0014325
0.00074077
0.0010075
0.0011593
0.0012697
0.0016372
0.0023237
0.0024065
0.0024397
0.0026887
0.0023685
0.0022846
0.0026987
0.0029638
0.0023771
0.0015413
0.0012393
0.0015027
0.0022844
0.0024107
0.0018026
0.0013541
0.0018151
0.0020918
0.0017574
0.0013803
0.0012854
0.0013929
0.0014194
0.00080268
0.00015103
0.00030504
-3.1662e-05
-0.00035003
-0.00022701
-6.7339e-06
5.7311e-05
-1.4412e-05
6.881e-05
0.0006981
0.0013497
0.0016949
0.0021671
0.0025764
0.0026797
0.0024256
0.0018599
0.001781
0.0018401
0.0020715
0.0018429
0.001516
0.0017683
0.0017585
0.0014019
0.0011506
0.00097292
0.00061336
0.00051635
0.00021089
-9.7719e-05
-0.00014902
-5.0345e-05
1.7266e-05
-8.0061e-07
-5.4073e-05
-8.182e-05
0.00017734
0.00088312
0.0011277
0.00045519
-0.00022866
-8.6288e-05
0.00057524
0.00057286
0.00087877
0.0021013
0.0029676
0.0029788
0.0022983
0.0021054
0.0029029
0.0032451
0.003383
0.0038139
0.0037729
0.0030314
0.002141
0.001771
0.0018965
0.0021985
0.0021745
0.001234
0.00053967
0.0003658
0.0001992
5.5961e-05
-0.00041066
-0.00068979
-0.00074833
-0.0005754
-9.7554e-05
0.00018226
0.00021942
0.00069015
0.0012494
0.00088052
7.7005e-05
-0.00036041
-0.0007503
-0.00065351
-0.00070065
-0.0011898
-0.0020787
-0.0027686
-0.0028617
-0.0025558
-0.0017842
-0.0011283
-0.0012228
-0.0018116
-0.0014586
-0.0012077
-0.0017887
-0.0021478
-0.0022754
-0.0018648
-0.0011493
-0.0003032
-1.4726e-05
-0.00074865
-0.0013724
-0.0008567
9.7312e-06
0.0003441
0.00012017
-0.00018777
-0.00027143
-0.00016568
-4.6374e-05
-1.354e-05
0.0001998
0.00084328
0.0013175
0.0013485
0.0011745
0.0013752
0.0018253
0.0019944
0.0022933
0.0025161
0.0025225
0.0020733
0.0012608
0.0004765
-0.00019171
-8.1875e-05
0.00036462
0.00010076
-0.00042964
-0.00068464
-0.00062389
-0.00055938
-0.0011055
-0.002354
-0.0029544
-0.0023909
-0.0012842
-0.00046919
-0.00046562
-0.0013104
-0.0022926
-0.0025529
-0.0017874
-0.00070804
0.00016558
0.0010792
0.0017309
0.0017859
0.0015866
0.0015964
0.0026037
0.0036517
0.0040574
0.0036403
0.0028943
0.0024858
0.0019203
0.00091613
0.00066686
0.001035
0.00026049
-0.00042749
0.00076356
0.0019083
0.0017788
0.0010959
0.00070889
0.00087884
0.0017523
0.0025402
0.0025716
0.0015746
6.7239e-05
-0.00035035
-0.00036152
-0.00093603
-0.001121
-0.0007854
-0.00052788
-0.00076649
-0.0014648
-0.001495
-0.00097525
-0.00064777
-0.00052635
-0.00021391
-0.00039221
-0.00073528
-0.00067931
-0.0011948
-0.0015064
-0.0012885
-0.0010027
-0.00077659
-0.0002511
0.00021132
0.00012126
-0.00069503
-0.0014188
-0.0012869
-0.00058589
-0.00035944
-0.00019395
-0.00031472
-0.00098419
-0.0015041
-0.0015505
-0.0013849
-0.0013075
-0.0013493
-0.0014477
-0.0017755
-0.0022398
-0.0017475
-0.0010653
-0.0017845
-0.0026122
-0.002275
-0.001514
-0.001172
-0.0010578
-0.00061878
-0.00022189
-0.0001522
-0.00060883
-0.0010568
-0.00070512
-0.00016448
2.8165e-06
-0.00049576
-0.001049
-0.00082624
-0.001053
-0.0019651
-0.0021891
-0.0018484
-0.0015504
-0.0015422
-0.0016941
-0.0018045
-0.0018009
-0.001472
-0.00069848
-0.00045087
-0.001189
-0.0019289
-0.0020622
-0.0020432
-0.001981
-0.0012704
-0.00092865
-0.0006855
-0.00062281
-0.0010399
-0.0011714
-0.0013719
-0.0016548
-0.0015967
-0.0010576
-0.00089174
-0.00071375
-0.00045049
-0.00033173
-0.00035716
-0.00041213
-0.00045727
-0.00047226
-0.0004579
-0.00044201
-0.00044721
-0.00057956
-0.0011634
-0.0012565
-0.00068096
0.00030408
0.00098363
0.00095991
0.00062725
0.00037749
-0.00014278
-0.00066133
-0.00078334
-0.00064264
-0.00053092
-0.00058806
-0.00072932
-0.00081048
-0.00080001
-0.00075414
-0.00072829
-0.00078083
-0.0012269
-0.0014538
-0.0010496
-0.00029752
-0.00026718
-0.0014905
-0.002481
-0.0025552
-0.0021492
-0.0018724
-0.0019109
-0.0020892
-0.0021964
-0.0021775
-0.0021031
-0.002069
-0.0023799
-0.0027612
-0.0024764
-0.0017096
-0.0010536
-0.0010988
-0.0012657
-0.0014146
-0.0010125
-0.0005103
-9.4305e-05
0.0004888
0.00063125
0.00022804
7.0696e-05
5.4455e-05
0.00050555
0.001009
0.0011764
0.0012271
0.0017136
0.0021335
0.0017605
0.0011406
0.00091196
0.0010665
0.0013012
0.0015348
0.0019169
0.0017949
0.0013504
0.0011106
0.0011673
0.0013183
0.0013439
0.00086665
0.00074058
0.0011323
0.001463
0.0014512
0.00088084
0.0006534
0.00053953
0.00030488
0.00016909
0.00016796
0.00017921
0.00018457
0.00056622
0.0011615
0.0013572
0.00086121
0.00049654
0.00074486
0.00073636
0.00025552
-0.00010268
0.00023587
0.00092529
0.0012127
0.00079204
0.00053571
0.0010229
0.0014684
0.001584
0.0013812
0.001184
0.00079935
0.00054147
0.0005147
0.00059534
0.0006377
0.00060492
0.00052867
0.00045434
0.00042865
0.00044495
0.00067765
0.0010478
0.00086062
0.00085847
0.0015962
0.0017007
0.0010981
0.00097498
0.0012973
0.0015665
0.0015836
0.0014588
0.0012257
0.00082721
0.0010509
0.0018513
0.0020496
0.0016322
0.0011171
0.0004167
-0.00027831
-5.7859e-05
0.00084002
0.0010534
0.00057265
0.00014119
5.3172e-05
-0.00014468
-5.4741e-05
0.00030689
0.00044767
2.6398e-05
-9.7368e-05
0.00063259
0.0013608
0.0010515
1.6009e-05
4.8132e-05
0.0010173
0.0016319
0.0011834
7.0837e-05
-0.00015354
0.00039873
0.00031711
-0.00034545
-0.00080276
-0.00081385
-0.00062742
-0.00051759
-0.00054742
-0.00062776
-0.00066875
-0.00062324
-0.0003067
-0.00014702
-0.00040814
-0.00065193
-0.00039285
0.00015174
0.00042509
0.00038582
0.00051422
0.00059533
0.00033604
-0.00016905
-0.00034106
6.8383e-06
0.00033786
0.00037525
0.00026536
0.00046809
0.00088578
0.00084443
0.0006607
0.00078879
0.00096559
0.00076121
0.00060266
0.0010625
0.0014312
0.0012294
0.00088401
0.00074912
0.00081623
0.00091266
0.00095861
0.0011727
0.0012151
0.00067524
0.00031964
0.00075316
0.00095006
0.00067814
0.00051616
0.00027233
-6.3673e-05
-0.00021219
-0.00015088
-6.3655e-05
-4.1928e-05
0.0001452
0.00021908
-2.0766e-05
-0.00024227
-0.00027273
-0.00016434
0.00016637
0.00054642
0.00063724
0.00029566
3.6181e-05
8.6161e-07
0.00013043
0.00016734
-9.2533e-05
-0.0005377
-0.0006915
-0.00041196
-0.00014067
-0.00010633
-0.00019314
-8.3471e-05
-0.00020174
-0.00047656
-0.00047295
-0.00051883
-0.00053093
-0.00037295
-0.00043118
-0.00056211
-0.00068219
-0.00083272
-0.00070411
-0.00058771
-0.00075997
-0.0011304
-0.0012696
-0.0012215
-0.0012954
-0.0014098
-0.0016199
-0.0016735
-0.001468
-0.0014334
-0.001293
-0.0010717
-0.0010806
-0.00099638
-0.00074112
-0.00056867
-0.00053431
-0.00038369
-0.00013794
-0.00019502
-0.00049402
-0.00065013
-0.00044192
-0.00024963
-0.00033654
-0.00032799
-0.00014423
-0.00013812
-4.3619e-05
0.00011352
-7.6661e-05
-0.00027031
-0.00018983
-3.6938e-05
2.1756e-05
-1.303e-05
-6.4062e-05
-8.0788e-05
-6.6499e-05
-4.8197e-05
-4.2822e-05
-6.3955e-05
-0.00020817
-0.00027586
-0.00014621
-1.5645e-05
2.1061e-05
0.00011669
0.00025022
7.7528e-05
-7.7692e-05
-2.7489e-05
-3.5638e-06
-2.9301e-05
-4.7934e-05
5.3172e-05
0.00012176
0.00014278
0.00019756
0.00012384
-3.5711e-05
-2.1574e-05
5.8043e-05
0.0001108
9.9253e-05
0.00015773
0.00016556
8.6844e-05
9.193e-05
0.00013966
0.00015305
5.2928e-05
-2.2096e-05
-4.941e-05
-9.4146e-05
-4.0724e-05
7.3737e-05
5.3714e-05
-7.2424e-06
2.1094e-05
7.9027e-05
0.00010752
0.00017313
0.000325
0.00037801
0.00021968
8.7951e-05
0.0001219
0.00019737
0.00016039
4.598e-05
2.2976e-05
4.6884e-05
7.0996e-05
4.5362e-05
-0.00012689
-0.00017863
-5.8657e-05
7.743e-06
-1.6847e-05
-7.4103e-05
-0.00014429
-0.00011794
-4.0744e-05
-3.3714e-05
-7.4261e-05
-0.00010921
-0.0001164
-0.00010932
-0.00013546
-0.0002
-0.00023821
-0.00023435
-0.0002155
-0.00020599
-0.00020879
-0.0002145
-0.00021694
-0.00023733
-0.00025702
-0.00025185
-0.00021881
-0.00016374
-0.00014136
-0.00014903
-0.00020411
-0.00024387
-0.00020039
-0.00012405
-0.00010763
-0.00013714
-0.0001428
-0.0001442
-0.00016334
-0.00016413
-0.00014971
-0.00015619
-0.00017032
-0.00018786
-0.00019586
-0.00017681
-0.00015643
-0.00015052
-0.0001542
-0.00015768
-0.00016679
-0.00019044
-0.00019456
-0.00016935
-0.00014815
-0.00014183
-0.00014611
-0.00013902
-0.00012825
-0.00012898
-0.00013426
-0.00012675
-0.00011582
-0.00011072
-0.00011088
-0.00011687
-0.00013093
-0.0001323
-0.00011118
-9.277e-05
-8.5388e-05
-8.3658e-05
-8.8898e-05
-9.5476e-05
-9.8042e-05
-9.0219e-05
-8.342e-05
-8.5919e-05
-8.5159e-05
-7.2326e-05
-6.2494e-05
-6.4551e-05
-6.9416e-05
-6.9611e-05
-6.5686e-05
-6.4648e-05
-6.8841e-05
-6.9758e-05
-6.704e-05
-6.1911e-05
-6.0864e-05
-6.0704e-05
-5.4291e-05
-4.7842e-05
-4.5359e-05
-4.2704e-05
-3.8382e-05
-3.3704e-05
-3.184e-05
-3.0305e-05
-2.6657e-05
-2.2697e-05
-1.9976e-05
-1.8226e-05
-1.6609e-05
-1.5188e-05
-1.3719e-05
-1.0936e-05
-7.93e-06
-5.585e-06
-4.1853e-06
-2.6718e-06
5.5747e-07
3.5317e-06
4.9668e-06
6.0469e-06
7.7272e-06
9.9219e-06
1.1957e-05
1.3678e-05
1.5776e-05
1.8184e-05
2.0504e-05
2.2233e-05
2.3932e-05
2.6041e-05
2.8184e-05
3.0189e-05
3.2092e-05
3.3754e-05
3.5241e-05
3.6777e-05
3.873e-05
4.0734e-05
4.2677e-05
4.4474e-05
4.6094e-05
4.7634e-05
4.9223e-05
5.107e-05
5.3103e-05
5.5108e-05
5.695e-05
5.8623e-05
6.0263e-05
6.1927e-05
6.3608e-05
6.5307e-05
6.7019e-05
6.8727e-05
7.0443e-05
7.2144e-05
7.3816e-05
7.5487e-05
7.7141e-05
7.8773e-05
8.0395e-05
8.2014e-05
8.3621e-05
8.5203e-05
8.6766e-05
8.8317e-05
8.9863e-05
9.1403e-05
9.2936e-05
9.4458e-05
9.5966e-05
9.746e-05
9.8943e-05
0.00010041
0.00010187
0.00010333
0.00010477
0.00010619
0.00010761
0.00010902
0.00011042
0.00011181
0.00011319
0.00011456
0.00011592
0.00011727
0.0001186
0.00011993
0.00012125
0.00012256
0.00012386
0.00012515
0.00012643
0.0001277
0.00012896
0.00013021
0.00013145
