0.00044484
0.00044521
0.00044497
0.00044456
0.00044364
0.00044365
0.00044404
0.00044597
0.00044788
0.00044831
0.0004448
0.00043746
0.00042856
0.00042513
0.00042944
0.00044308
0.00046045
0.00047202
0.00046627
0.00044142
0.00040801
0.00038745
0.0003914
0.00042874
0.00048847
0.00053027
0.00051662
0.00044991
0.00036675
0.00030782
0.00031516
0.00039456
0.00048488
0.00054616
0.00054455
0.00047429
0.00039968
0.00038164
0.00042989
0.0005072
0.00054791
0.00049739
0.00038915
0.00031282
0.00036519
0.00054632
0.00070251
0.00069258
0.00044951
8.9814e-05
-0.0002125
-0.00022761
0.00016666
0.00084502
0.0015115
0.0017362
0.0013738
0.0005505
-0.00028164
-0.00071601
-0.00041595
0.00047288
0.001378
0.0018464
0.001686
0.0010643
0.00046614
0.00035489
0.00079073
0.001481
0.0019432
0.0019169
0.0013616
0.00059233
-0.00016948
-0.00073113
-0.0010793
-0.0011609
-0.00090402
-0.00020949
0.00080221
0.0019482
0.0027438
0.0026971
0.0016212
-0.00010712
-0.0019185
-0.0027842
-0.0023297
-0.00052953
0.0018539
0.0038383
0.0043781
0.0036177
0.0021333
0.00081926
0.00014668
7.0583e-05
0.00026311
0.0002621
-0.00015002
-0.00066996
-0.00055732
0.00065187
0.002541
0.0039357
0.0036615
0.0012971
-0.0020892
-0.0043068
-0.0037107
-0.00050502
0.0031982
0.0049889
0.0035116
-0.00019036
-0.0032948
-0.0031205
0.00042546
0.0047681
0.0072476
0.0070504
0.0048149
0.0022566
0.00060743
-0.00021437
-0.00067929
-0.0008295
-0.00026415
0.0012092
0.0029734
0.003677
0.002172
-0.0011195
-0.004619
-0.0060809
-0.0043225
0.00027955
0.0058175
0.0097804
0.009923
0.0060489
0.00030248
-0.0049286
-0.0072227
-0.0052916
0.00022036
0.0065335
0.010209
0.01037
0.0079779
0.0046374
0.0024416
0.0024382
0.0042161
0.0059374
0.005074
0.0011093
-0.0037716
-0.0071782
-0.0074884
-0.0050736
-0.0031516
-0.0044258
-0.0088146
-0.013132
-0.013159
-0.0057816
0.0080554
0.022241
0.029397
0.02772
0.01899
0.0059972
-0.0062477
-0.012519
-0.012385
-0.0071408
0.00064973
0.0058614
0.0061654
0.0031474
-0.00051132
-0.0030726
-0.0037549
-0.0025993
-0.00041417
0.001652
0.0030292
0.0028954
0.00042493
-0.0037368
-0.0077088
-0.0096846
-0.0082059
-0.0041031
-0.00027341
0.00079001
-0.0013587
-0.0048025
-0.0060809
-0.0025132
0.0064291
0.018866
0.030007
0.036112
0.035839
0.029091
0.017291
0.0032203
-0.0099346
-0.018644
-0.02293
-0.023223
-0.019038
-0.011254
-0.001817
0.0071847
0.012112
0.010555
0.0033683
-0.0050918
-0.010091
-0.0080262
0.00060402
0.010591
0.016161
0.014927
0.0078127
-0.00077321
-0.0053213
-0.0036653
0.0020801
0.0069312
0.0080972
0.0062892
0.0048445
0.0068533
0.012494
0.018257
0.019551
0.013239
0.0011801
-0.010311
-0.015576
-0.012477
-0.0040717
0.0035285
0.0046053
-0.0024431
-0.014387
-0.025879
-0.03358
-0.035402
-0.031471
-0.024716
-0.017426
-0.010987
-0.0061187
-0.0021484
0.001372
0.0040244
0.0049975
0.0036021
0.00051573
-0.0032238
-0.0078686
-0.013965
-0.021697
-0.030457
-0.038013
-0.043305
-0.045498
-0.044432
-0.040363
-0.033503
-0.024016
-0.013036
-0.0015049
0.0089718
0.016109
0.018729
0.016296
0.0089489
-0.0020199
-0.015201
-0.026584
-0.030926
-0.025635
-0.011448
0.0072761
0.022138
0.026151
0.018747
0.0042415
-0.011692
-0.01964
-0.014726
0.00049207
0.019555
0.036352
0.044362
0.045113
0.040344
0.031896
0.021336
0.0093279
-0.0033716
-0.015381
-0.025461
-0.032224
-0.034195
-0.031332
-0.024058
-0.01344
-0.00057657
0.01311
0.02531
0.03452
0.040002
0.040175
0.034167
0.023743
0.011516
0.00044378
-0.0053902
-0.0063367
-0.0062336
-0.0087552
-0.015222
-0.023801
-0.031273
-0.033301
-0.028072
-0.019689
-0.015237
-0.020164
-0.035707
-0.057087
-0.077566
-0.087275
-0.081297
-0.063448
-0.041708
-0.023961
-0.017829
-0.018955
-0.021008
-0.017581
-0.0057347
0.011811
0.030996
0.043301
0.045289
0.035152
0.016387
-0.0077627
-0.032287
-0.052547
-0.066227
-0.070038
-0.061993
-0.042712
-0.015366
0.015617
0.041846
0.05701
0.054439
0.03372
-0.0010223
-0.041491
-0.080033
-0.10895
-0.12687
-0.13988
-0.14847
-0.15074
-0.14731
-0.13873
-0.12688
-0.11412
-0.10232
-0.093374
-0.089187
-0.089119
-0.092368
-0.09641
-0.098634
-0.097728
-0.093954
-0.088446
-0.083088
-0.080235
-0.081431
-0.086782
-0.094298
-0.10132
-0.10521
-0.10301
-0.092764
-0.074549
-0.049663
-0.021552
0.0070318
0.034661
0.05725
0.073462
0.084437
0.093055
0.10103
0.10842
0.11488
0.11862
0.11847
0.11468
0.1088
0.10221
0.09734
0.096268
0.098373
0.10235
0.10576
0.10631
0.10315
0.096697
0.088151
0.079102
0.071764
0.067867
0.06777
0.070118
0.072972
0.075308
0.076549
0.075761
0.072126
0.065519
0.057531
0.051159
0.048765
0.050748
0.05588
0.061177
0.064801
0.065535
0.063969
0.062554
0.064036
0.069965
0.079208
0.088575
0.094987
0.097125
0.094792
0.089402
0.082858
0.076813
0.072335
0.069825
0.069186
0.070302
0.073078
0.076819
0.082067
0.088745
0.096285
0.10391
0.11142
0.11986
0.12967
0.13958
0.14761
0.15157
0.14981
0.14215
0.12918
0.11147
0.089812
0.063343
0.033391
0.003845
-0.023716
-0.046673
-0.063525
-0.076797
-0.08549
-0.090747
-0.093379
-0.094589
-0.095555
-0.096847
-0.098746
-0.099505
-0.098356
-0.093324
-0.083107
-0.069507
-0.05559
-0.040188
-0.024824
-0.0091105
0.0079122
0.025616
0.045218
0.062481
0.076364
0.08285
0.08243
0.076434
0.064906
0.050425
0.036179
0.021937
0.0071994
-0.0076346
-0.023848
-0.039616
-0.053576
-0.063993
-0.070096
-0.073442
-0.074672
-0.074784
-0.07502
-0.075699
-0.077177
-0.079568
-0.081702
-0.082219
-0.080844
-0.077358
-0.071714
-0.064494
-0.055162
-0.045622
-0.034648
-0.024251
-0.015522
-0.0064856
0.0026231
0.01132
0.01854
0.024173
0.02844
0.031562
0.033987
0.035973
0.037153
0.036668
0.034808
0.031729
0.02818
0.024394
0.020518
0.016124
0.010741
0.004458
-0.0017289
-0.006769
-0.010238
-0.011139
-0.0085977
-0.0040111
5.8047e-05
0.0024928
0.0023166
-0.0010148
-0.0069544
-0.014514
-0.022844
-0.030288
-0.035864
-0.039361
-0.039055
-0.035075
-0.028568
-0.021573
-0.015685
-0.013109
-0.014579
-0.020167
-0.028748
-0.03812
-0.046556
-0.054105
-0.059401
-0.063706
-0.06662
-0.067399
-0.063611
-0.055553
-0.045604
-0.036378
-0.029857
-0.028323
-0.03156
-0.038334
-0.046416
-0.05487
-0.062064
-0.067142
-0.069578
-0.069692
-0.06814
-0.064206
-0.057266
-0.046731
-0.033293
-0.018194
-0.0035087
0.010129
0.020813
0.027813
0.030713
0.029322
0.025265
0.020917
0.017136
0.015381
0.016477
0.020475
0.026307
0.032401
0.038218
0.043535
0.047017
0.047853
0.046924
0.044994
0.042225
0.038948
0.035033
0.030151
0.023804
0.016542
0.0097807
0.0046888
0.0023759
0.0033035
0.0068537
0.011374
0.014982
0.016342
0.014426
0.0095345
0.0032488
-0.0031463
-0.0086952
-0.012012
-0.012683
-0.011111
-0.0083281
-0.0062582
-0.0063178
-0.0093317
-0.014237
-0.019695
-0.024216
-0.025954
-0.023484
-0.017727
-0.01154
-0.006268
-0.0022824
0.0011218
0.0042735
0.0083732
0.014414
0.022326
0.030934
0.039021
0.046472
0.052887
0.058472
0.062851
0.065426
0.065429
0.062234
0.056111
0.048295
0.040424
0.03431
0.032161
0.034838
0.040856
0.047324
0.052049
0.054305
0.054399
0.05259
0.049681
0.04605
0.041416
0.035427
0.028493
0.02041
0.011383
0.0024513
-0.0058451
-0.012211
-0.015125
-0.012891
-0.0064148
0.0014905
0.0077894
0.0098938
0.0061138
-0.0016808
-0.010608
-0.017596
-0.021828
-0.022617
-0.019708
-0.015186
-0.011758
-0.010591
-0.012183
-0.015983
-0.021021
-0.026352
-0.031507
-0.036424
-0.040589
-0.043564
-0.045015
-0.043939
-0.041393
-0.038941
-0.036842
-0.036402
-0.038166
-0.041352
-0.044868
-0.046928
-0.045987
-0.042431
-0.037993
-0.03366
-0.029388
-0.025454
-0.022287
-0.019192
-0.015648
-0.012382
-0.010323
-0.0093508
-0.0094024
-0.010508
-0.01164
-0.011521
-0.0097963
-0.0070227
-0.003849
-0.00047757
0.0025825
0.0037429
0.0013479
-0.0029981
-0.0073484
-0.011637
-0.01399
-0.014187
-0.013107
-0.011095
-0.010103
-0.009996
-0.010361
-0.010285
-0.0092885
-0.0075063
-0.0057706
-0.0048155
-0.0052746
-0.0072968
-0.0093847
-0.010802
-0.011978
-0.011136
-0.0086414
-0.0064096
-0.0040378
-0.0021956
-0.0010008
0.00011546
0.00072275
0.00042785
-0.00042182
-0.0015868
-0.0036162
-0.0061904
-0.0097031
-0.01493
-0.020389
-0.025066
-0.028582
-0.030875
-0.030568
-0.027632
-0.023352
-0.018239
-0.013657
-0.010728
-0.0096248
-0.010313
-0.01331
-0.017879
-0.023429
-0.029324
-0.033445
-0.034632
-0.03284
-0.028574
-0.022827
-0.016412
-0.010271
-0.0050625
-0.0010098
0.0015741
0.0029924
0.0027595
0.00068899
-0.0022745
-0.0047607
-0.0061931
-0.0057259
-0.0029799
0.00056477
0.0034365
0.0055668
0.0071199
0.0081714
0.008729
0.0099058
0.012837
0.017042
0.021605
0.026136
0.030187
0.032966
0.034641
0.035774
0.036274
0.036997
0.038955
0.041922
0.04493
0.047157
0.04793
0.046954
0.044518
0.041418
0.038014
0.034512
0.03179
0.029615
0.027936
0.026637
0.024708
0.02168
0.017829
0.014079
0.011198
0.0099247
0.01063
0.012191
0.013075
0.01245
0.01025
0.0060835
0.00036591
-0.0057694
-0.011286
-0.015605
-0.018713
-0.020168
-0.019787
-0.0182
-0.016163
-0.013908
-0.011277
-0.0087215
-0.0065181
-0.0047254
-0.0031103
-0.0013555
7.7055e-05
0.00043013
-9.7381e-05
-0.00019931
0.00025167
0.00047642
0.00057192
0.00088467
0.0013228
0.0027025
0.0051523
0.008036
0.010922
0.013656
0.015909
0.017174
0.01723
0.01641
0.014965
0.012727
0.0099768
0.0073301
0.0047386
0.0024714
0.00054834
-0.00039255
-0.00077998
-0.0014968
-0.0030428
-0.0060492
-0.010179
-0.014626
-0.018592
-0.021511
-0.022777
-0.021277
-0.018046
-0.014632
-0.011245
-0.0081933
-0.0055742
-0.0038681
-0.002495
-0.00068206
0.001547
0.0036728
0.0050289
0.005764
0.005714
0.0051622
0.0047859
0.0040405
0.0031904
0.003209
0.0045469
0.0075386
0.011004
0.014852
0.018635
0.021375
0.023508
0.024494
0.023826
0.021869
0.018652
0.014928
0.010591
0.005169
-0.00052955
-0.0062421
-0.011565
-0.015616
-0.017574
-0.017416
-0.015767
-0.012954
-0.0093501
-0.0046685
0.00084136
0.0063284
0.010471
0.013666
0.016204
0.017131
0.01682
0.016188
0.015188
0.013768
0.011259
0.0072314
0.0021162
-0.0032686
-0.0083073
-0.012983
-0.017216
-0.020516
-0.023796
-0.025846
-0.026483
-0.026043
-0.024695
-0.022782
-0.021336
-0.019884
-0.018315
-0.016855
-0.01433
-0.011849
-0.0095717
-0.0070265
-0.005209
-0.0044931
-0.0040549
-0.0034464
-0.0032298
-0.0028535
-0.0022381
-0.0018895
-0.0024645
-0.0031079
-0.0029957
-0.0027759
-0.0027563
-0.0032103
-0.0043696
-0.0058936
-0.0067311
-0.0078593
-0.008583
-0.0084456
-0.0076931
-0.0061104
-0.003971
-0.0012281
0.0016073
0.0043453
0.0068329
0.00889
0.010383
0.011556
0.012137
0.01188
0.011363
0.010956
0.011238
0.011431
0.010925
0.0094086
0.0071951
0.0059171
0.0053811
0.0056456
0.0065825
0.0081208
0.0097208
0.010972
0.011169
0.0096255
0.0068261
0.0040265
0.0017567
0.00029766
-0.00030722
-0.00082979
-0.00098585
-0.00094304
-0.00087785
-0.00096462
-0.0017147
-0.0035953
-0.0064757
-0.010018
-0.014094
-0.018056
-0.021454
-0.023996
-0.025928
-0.027465
-0.029064
-0.030648
-0.031684
-0.031652
-0.030199
-0.02685
-0.022024
-0.016314
-0.010232
-0.0040354
0.0024803
0.0074169
0.010559
0.013746
0.016579
0.019515
0.02268
0.025846
0.028554
0.029748
0.028527
0.025459
0.021222
0.016727
0.012133
0.0080126
0.0056883
0.0046652
0.0034497
0.0017197
-0.00070348
-0.0037814
-0.0066988
-0.0090436
-0.010267
-0.0098613
-0.0072573
-0.0046331
-0.0022008
-0.00092105
8.322e-05
0.0009175
0.0012275
0.0013051
0.00079616
0.0010707
0.0018271
0.0027895
0.0035059
0.0042065
0.0044571
0.0048349
0.0068021
0.0090605
0.010752
0.012398
0.013793
0.014347
0.01515
0.015893
0.016734
0.017312
0.017905
0.018185
0.018849
0.02005
0.020995
0.021915
0.023245
0.024055
0.02379
0.022833
0.021129
0.019365
0.018004
0.017668
0.017368
0.017309
0.016721
0.015101
0.012513
0.0085569
0.0039192
-0.00038791
-0.0049118
-0.0078402
-0.0087581
-0.0082667
-0.0075842
-0.0073907
-0.0083746
-0.010006
-0.011607
-0.013414
-0.015521
-0.017679
-0.020328
-0.022839
-0.024932
-0.02674
-0.028563
-0.029691
-0.028998
-0.027483
-0.025657
-0.023233
-0.020514
-0.018053
-0.016182
-0.015143
-0.01495
-0.015894
-0.017674
-0.019885
-0.022257
-0.024109
-0.025391
-0.02643
-0.026987
-0.02697
-0.02665
-0.025823
-0.024682
-0.023704
-0.022686
-0.021456
-0.020473
-0.019002
-0.017511
-0.016438
-0.015994
-0.01612
-0.016248
-0.016208
-0.015799
-0.01472
-0.012817
-0.010071
-0.0065274
-0.0026173
0.0014665
0.0052946
0.0082535
0.010297
0.011167
0.011092
0.010115
0.0088106
0.0077616
0.0070877
0.0067851
0.0071172
0.0082852
0.0093936
0.0097972
0.0096513
0.00883
0.0079712
0.007628
0.0073398
0.0069032
0.0067473
0.0066257
0.0059711
0.004703
0.0033837
0.0025374
0.0022974
0.0023003
0.002392
0.0029297
0.0041737
0.005715
0.0070171
0.0075928
0.0071058
0.005974
0.0051405
0.0049898
0.0052036
0.005621
0.0063733
0.0072867
0.0085522
0.010043
0.011678
0.013673
0.017204
0.021519
0.026211
0.030199
0.033114
0.034994
0.036314
0.036732
0.036597
0.03587
0.034273
0.032432
0.030829
0.028883
0.026274
0.023523
0.020752
0.017934
0.015064
0.012268
0.0098309
0.0082016
0.0074881
0.0069173
0.0066852
0.0065992
0.0065089
0.0065395
0.0067161
0.0069926
0.0070521
0.0065678
0.0064391
0.0065673
0.0065352
0.006121
0.0051281
0.0036989
0.0015159
-0.00050476
-0.0021093
-0.0038594
-0.0044231
-0.0033011
-0.0011746
0.00080477
0.0018815
0.0024982
0.0027492
0.0028443
0.0023214
0.0019927
0.0010398
-0.00065768
-0.0020292
-0.003961
-0.0054419
-0.0066871
-0.0077859
-0.0085817
-0.0093937
-0.01081
-0.012257
-0.013409
-0.014307
-0.015139
-0.016361
-0.01704
-0.016932
-0.016624
-0.016087
-0.01551
-0.015614
-0.015822
-0.015878
-0.015618
-0.014764
-0.013265
-0.01176
-0.010471
-0.0096794
-0.0096074
-0.010038
-0.011187
-0.011497
-0.010509
-0.0091788
-0.0083872
-0.0080275
-0.0075153
-0.0071471
-0.0061623
-0.0045975
-0.0031158
-0.00039652
0.0028928
0.0066089
0.010513
0.013437
0.015573
0.016839
0.018188
0.019899
0.021973
0.024309
0.02658
0.028944
0.030677
0.031155
0.029735
0.027264
0.024693
0.022667
0.02123
0.019877
0.018144
0.016986
0.016183
0.015226
0.013792
0.012319
0.010962
0.0096446
0.0084174
0.0070972
0.0053785
0.0028377
-0.00054443
-0.0042071
-0.0078897
-0.011953
-0.01574
-0.01896
-0.021691
-0.024287
-0.026494
-0.028109
-0.029079
-0.029329
-0.029981
-0.031088
-0.032387
-0.034077
-0.035631
-0.037478
-0.038822
-0.039838
-0.040561
-0.040939
-0.041183
-0.041084
-0.040983
-0.040217
-0.039335
-0.038279
-0.037513
-0.036967
-0.03621
-0.035556
-0.034794
-0.03422
-0.033664
-0.033379
-0.032892
-0.032152
-0.03129
-0.029726
-0.027462
-0.024423
-0.020722
-0.016439
-0.011964
-0.0075623
-0.0038526
-0.0013766
0.00047712
0.001605
0.0019524
0.001538
0.00087985
0.00071801
0.0015942
0.0033939
0.005659
0.0080536
0.010647
0.01299
0.014989
0.016905
0.018791
0.020613
0.022582
0.024331
0.025711
0.027164
0.028679
0.030048
0.030979
0.031273
0.031167
0.031087
0.031199
0.031708
0.032787
0.034196
0.035569
0.036944
0.03834
0.039595
0.040506
0.040993
0.041396
0.042005
0.042323
0.04199
0.041315
0.040521
0.03933
0.037748
0.036074
0.034418
0.032213
0.029945
0.028516
0.027683
0.026971
0.025909
0.024534
0.022959
0.020947
0.018396
0.015703
0.013172
0.010748
0.0081714
0.0051087
0.0020965
-0.00065148
-0.0034882
-0.0063994
-0.0091445
-0.011238
-0.012277
-0.012463
-0.012428
-0.012422
-0.012445
-0.012566
-0.01289
-0.013515
-0.014127
-0.01394
-0.013179
-0.012365
-0.012342
-0.013252
-0.015208
-0.017796
-0.02048
-0.023356
-0.02674
-0.030584
-0.034083
-0.036917
-0.039469
-0.041634
-0.043192
-0.044411
-0.045247
-0.04551
-0.045547
-0.045252
-0.044314
-0.042809
-0.041398
-0.039347
-0.037077
-0.034673
-0.032602
-0.03062
-0.029429
-0.02889
-0.028858
-0.028846
-0.028788
-0.028802
-0.028747
-0.028385
-0.027341
-0.025543
-0.023389
-0.019841
-0.016242
-0.012401
-0.0087515
-0.0054063
-0.0018679
0.0010417
0.0034692
0.0050091
0.0062465
0.0078607
0.0092401
0.010639
0.01162
0.012666
0.013293
0.013349
0.013316
0.012967
0.012306
0.01167
0.011735
0.012462
0.013759
0.014742
0.016305
0.018332
0.020505
0.022497
0.024385
0.025905
0.027371
0.028594
0.029241
0.029466
0.029362
0.029158
0.029195
0.02889
0.027906
0.026492
0.025023
0.023506
0.021921
0.020422
0.018803
0.016964
0.015504
0.014375
0.01384
0.014038
0.01438
0.014455
0.01488
0.015853
0.016854
0.017258
0.017211
0.017021
0.016535
0.015682
0.014819
0.013957
0.012439
0.010304
0.0082017
0.0061014
0.004179
0.0026623
0.0018106
0.0012961
0.00097012
0.00057737
-0.00033556
-0.0017603
-0.0038405
-0.0058637
-0.0073031
-0.0088099
-0.010044
-0.010746
-0.011333
-0.011539
-0.011269
-0.010768
-0.010163
-0.0089867
-0.0070797
-0.0056572
-0.0050235
-0.004964
-0.0050369
-0.0050792
-0.005071
-0.0048739
-0.0042179
-0.0029972
-0.0015856
-0.00010522
0.0015309
0.0031827
0.0043995
0.0046003
0.0046822
0.0051408
0.0056641
0.0056573
0.005449
0.0043204
0.0027876
0.0013346
5.4259e-05
-0.00081794
-0.001137
-0.0010437
-0.00033011
0.00016081
0.00023891
-0.00021081
-0.00023279
-0.00043198
0.00018117
0.00095136
0.00094184
0.00066113
4.0173e-05
-0.00079473
-0.0013721
-0.0019439
-0.0020284
-0.0019783
-0.0017496
-0.00097615
0.0002188
0.0012017
0.0020869
0.0034274
0.0045378
0.0067453
0.0094911
0.011604
0.01294
0.013789
0.013869
0.013256
0.013003
0.012405
0.011394
0.010801
0.010539
0.0097836
0.0086403
0.0078607
0.0071831
0.0058766
0.0043276
0.0024938
0.0003072
-0.0016365
-0.0029126
-0.0038041
-0.0043055
-0.0046231
-0.0052769
-0.0059895
-0.0063842
-0.0067148
-0.006643
-0.0057753
-0.0046456
-0.0029854
-0.0012265
0.00020772
0.0012184
0.002717
0.0049632
0.0070488
0.0089532
0.01036
0.011617
0.012722
0.013552
0.014355
0.015361
0.016024
0.016542
0.017447
0.018226
0.017909
0.016686
0.015549
0.014177
0.012257
0.010441
0.008236
0.0056782
0.0034133
0.0017371
0.00017663
-0.0016028
-0.0030348
-0.0042942
-0.0053304
-0.0061872
-0.0072659
-0.0086257
-0.0097172
-0.010422
-0.010957
-0.011297
-0.011315
-0.011373
-0.011499
-0.011557
-0.011401
-0.010914
-0.010287
-0.010105
-0.010544
-0.010954
-0.010691
-0.0096728
-0.0081647
-0.0061482
-0.0043918
-0.0031949
-0.0022005
-0.0014795
-0.0010216
-0.0010242
-0.0015929
-0.0019558
-0.001884
-0.0018087
-0.001772
-0.001735
-0.0017179
-0.0018179
-0.0021811
-0.0028483
-0.0035561
-0.0041691
-0.004782
-0.0053953
-0.0062355
-0.0074017
-0.0089431
-0.010367
-0.011542
-0.012518
-0.013374
-0.014439
-0.015332
-0.015586
-0.015526
-0.015482
-0.015487
-0.015626
-0.016043
-0.016785
-0.017629
-0.018763
-0.02008
-0.021254
-0.022254
-0.023294
-0.024797
-0.026425
-0.028211
-0.029671
-0.030314
-0.030262
-0.029815
-0.028392
-0.026183
-0.024322
-0.022971
-0.021315
-0.01956
-0.018113
-0.016924
-0.016157
-0.015799
-0.015291
-0.014256
-0.013074
-0.011827
-0.010113
-0.0083588
-0.0066756
-0.0048191
-0.0030716
-0.0010701
0.0015585
0.0042516
0.0064477
0.0081165
0.0096498
0.01123
0.012589
0.013298
0.013087
0.012437
0.011838
0.012156
0.013475
0.015461
0.017001
0.018147
0.019
0.019481
0.019823
0.019734
0.019742
0.020317
0.020451
0.019985
0.019034
0.017746
0.015905
0.014203
0.012407
0.010377
0.0087809
0.0074587
0.006467
0.0060383
0.0059571
0.0054523
0.0052755
0.0054998
0.0059339
0.0063883
0.0063923
0.0064788
0.0071284
0.0083497
0.0095034
0.010084
0.010343
0.0099001
0.0093366
0.0095148
0.0099732
0.010097
0.0094214
0.0087918
0.0082584
0.0079305
0.0074496
0.0064826
0.005496
0.0046652
0.0036281
0.002621
0.0019606
0.0014198
0.0012107
0.0012455
0.0012616
0.0012408
0.0010648
0.00060297
-0.00013287
-0.00087096
-0.0017421
-0.0026834
-0.0035056
-0.0045382
-0.0055452
-0.0061796
-0.0066991
-0.0070535
-0.0074681
-0.0082242
-0.0089157
-0.0094964
-0.0098984
-0.010328
-0.010933
-0.011189
-0.011008
-0.010542
-0.0098048
-0.0091125
-0.0085199
-0.0082536
-0.0082331
-0.0082336
-0.0083975
-0.0088675
-0.009491
-0.0096933
-0.0093834
-0.0087709
-0.0081225
-0.0081184
-0.0088664
-0.0099597
-0.010723
-0.010761
-0.010572
-0.010717
-0.011412
-0.01255
-0.013428
-0.013501
-0.013018
-0.012259
-0.011453
-0.010345
-0.0089468
-0.0076618
-0.0066494
-0.0059208
-0.0053146
-0.0051936
-0.0056605
-0.0063841
-0.0068923
-0.0070452
-0.0066836
-0.0060887
-0.0050849
-0.0033814
-0.0018182
-0.00067338
0.00044222
0.0017623
0.003422
0.0046507
0.0051887
0.0057816
0.0067051
0.0083174
0.010545
0.012721
0.014828
0.01682
0.018709
0.020256
0.021474
0.022663
0.023854
0.024348
0.024322
0.024503
0.025045
0.025757
0.026063
0.025938
0.025556
0.024892
0.024066
0.022798
0.021192
0.019599
0.017289
0.014416
0.011779
0.0096977
0.0081885
0.0068741
0.0054949
0.0040634
0.0025861
0.0011122
-0.00026786
-0.0014491
-0.0023026
-0.0029072
-0.0036902
-0.0046389
-0.0057404
-0.0066007
-0.0067815
-0.0066596
-0.0065539
-0.006511
-0.0067399
-0.0074655
-0.0086015
-0.0094699
-0.0096074
-0.0094448
-0.0093515
-0.0093676
-0.0095811
-0.010111
-0.010887
-0.011534
-0.012026
-0.01222
-0.012123
-0.012206
-0.01275
-0.013799
-0.014918
-0.015612
-0.016075
-0.016433
-0.016628
-0.016975
-0.017194
-0.01663
-0.015271
-0.013734
-0.011962
-0.0099345
-0.0081341
-0.0068867
-0.0061601
-0.0061115
-0.006444
-0.006506
-0.0064339
-0.0064248
-0.0062347
-0.0064916
-0.0069787
-0.0069886
-0.0067397
-0.006259
-0.0057059
-0.0056063
-0.0059594
-0.0061449
-0.0057298
-0.0052241
-0.0047939
-0.0042814
-0.0040642
-0.0039306
-0.0034584
-0.0027766
-0.0024497
-0.0024765
-0.0025548
-0.0026155
-0.002587
-0.0023237
-0.0016404
-0.00062483
3.9527e-05
-2.596e-05
-0.00023862
6.6427e-05
0.00035131
0.00050518
0.0010566
0.0020937
0.0031646
0.0039895
0.0049029
0.005691
0.0060976
0.0066563
0.0076394
0.008492
0.0089977
0.009807
0.011169
0.012318
0.01333
0.014273
0.014917
0.015585
0.016246
0.016977
0.01775
0.018576
0.019288
0.019727
0.019643
0.019299
0.019327
0.019336
0.019442
0.019583
0.019919
0.02016
0.020117
0.020089
0.020123
0.020185
0.020198
0.020047
0.019633
0.019052
0.01868
0.018294
0.017595
0.016933
0.016361
0.015994
0.015564
0.014829
0.014222
0.013732
0.013264
0.012337
0.010592
0.0087513
0.0069735
0.0050678
0.0034761
0.0021218
0.000658
-0.00095655
-0.0026115
-0.0040887
-0.0059162
-0.007874
-0.0095938
-0.010915
-0.01129
-0.011315
-0.011794
-0.012728
-0.013559
-0.014033
-0.013814
-0.013043
-0.012365
-0.011693
-0.011036
-0.010359
-0.0097137
-0.009036
-0.0084107
-0.0078498
-0.007479
-0.0073976
-0.0071629
-0.006793
-0.0065726
-0.0063451
-0.0060015
-0.0060509
-0.0061439
-0.006058
-0.0056631
-0.0049132
-0.0041261
-0.0035208
-0.0031298
-0.0031259
-0.0033158
-0.0038372
-0.004773
-0.0056871
-0.0060128
-0.0059461
-0.005917
-0.0058901
-0.0057381
-0.0054916
-0.0053543
-0.0050289
-0.0041914
-0.0032708
-0.0023995
-0.0019414
-0.0014882
-0.00053588
0.00045528
0.00092611
0.0012052
0.0017971
0.0025006
0.0031605
0.0039196
0.0044745
0.0050108
0.005302
0.0058241
0.0063953
0.0067297
0.0074127
0.008249
0.0087241
0.0089357
0.008665
0.0085757
0.0088659
0.0087268
0.0088226
0.0093776
0.0094517
0.0093797
0.0092864
0.009217
0.0093284
0.0097233
0.010336
0.010824
0.010756
0.010461
0.010004
0.009554
0.0092184
0.0082553
0.0068494
0.0057902
0.0054013
0.0055071
0.0055419
0.0055091
0.005499
0.0055014
0.0054372
0.0051761
0.0046546
0.0041219
0.0041129
0.0040121
0.0035689
0.0029718
0.0025143
0.001356
-0.00032741
-0.0013504
-0.0025922
-0.0034486
-0.004975
-0.0068198
-0.0084508
-0.0095819
-0.010961
-0.011766
-0.012782
-0.013472
-0.013678
-0.014194
-0.014782
-0.014912
-0.015
-0.015449
-0.016132
-0.01665
-0.017333
-0.018128
-0.018291
-0.019046
-0.020164
-0.021383
-0.021862
-0.022283
-0.022913
-0.023093
-0.023047
-0.022781
-0.02217
-0.021482
-0.021441
-0.021833
-0.022402
-0.022823
-0.022381
-0.021502
-0.020846
-0.020119
-0.019419
-0.018747
-0.018183
-0.017664
-0.017131
-0.016225
-0.014799
-0.013664
-0.012673
-0.011698
-0.011023
-0.010468
-0.010097
-0.0096724
-0.0088845
-0.0080187
-0.0069332
-0.0057435
-0.0047292
-0.0038543
-0.0036782
-0.0038655
-0.0042618
-0.0044985
-0.0041876
-0.0034135
-0.0023086
-0.0015077
-0.0013696
-0.0015074
-0.0015252
-0.0013144
-0.00085142
-0.00031773
-0.00018389
-0.00050798
-0.00054912
-0.00036731
-0.00029057
-0.00021832
-0.00027952
0.00032155
0.0014089
0.0019951
0.002244
0.0024936
0.0030668
0.0039882
0.0044525
0.0047832
0.0055113
0.0063274
0.0069555
0.0073069
0.0072615
0.0072366
0.0074921
0.0081262
0.0090999
0.010471
0.012206
0.013377
0.013575
0.013423
0.013311
0.01358
0.013879
0.014685
0.015306
0.015779
0.016045
0.016534
0.017155
0.017494
0.018052
0.018549
0.018652
0.018732
0.018743
0.018373
0.017609
0.016774
0.01653
0.016873
0.0179
0.018633
0.018875
0.01816
0.016852
0.015552
0.014948
0.014344
0.013913
0.013581
0.013475
0.013043
0.012075
0.011011
0.010513
0.010402
0.0099886
0.0092438
0.0083109
0.0068357
0.0055585
0.0049972
0.0051275
0.005245
0.0051508
0.0048521
0.0042944
0.0037173
0.0035422
0.0030796
0.0022117
0.0014287
0.00024324
-0.00072454
-0.0014571
-0.0023427
-0.0024161
-0.0017713
-0.0017267
-0.0017561
-0.0017859
-0.0020521
-0.0026775
-0.0033685
-0.0034008
-0.0031735
-0.002615
-0.0016398
-0.00066868
0.00050087
0.00083126
5.1935e-05
-0.00094253
-0.0014647
-0.0019262
-0.0019214
-0.0019719
-0.0022019
-0.0022895
-0.001961
-0.0021374
-0.002708
-0.0030625
-0.0026237
-0.0018646
-0.0017415
-0.0020202
-0.0024536
-0.0027668
-0.0026978
-0.002858
-0.0027288
-0.0026207
-0.0031172
-0.0033071
-0.0032681
-0.0031824
-0.0030931
-0.0030839
-0.0033345
-0.0039614
-0.0048005
-0.0052021
-0.0052111
-0.0046963
-0.0045331
-0.0045958
-0.0045958
-0.0045695
-0.0046103
-0.0048619
-0.0053614
-0.0058228
-0.0056248
-0.0052278
-0.00514
-0.0046632
-0.0045127
-0.0047359
-0.0052029
-0.0058585
-0.0062579
-0.0064925
-0.0066454
-0.0063502
-0.006049
-0.005886
-0.0054738
-0.004898
-0.0046687
-0.004714
-0.0047042
-0.0046337
-0.0046372
-0.0048191
-0.005142
-0.0053424
-0.0049785
-0.0044972
-0.0040325
-0.0034236
-0.0031474
-0.0032108
-0.0034216
-0.0038541
-0.0044002
-0.0046031
-0.0045425
-0.0045931
-0.0048628
-0.0052004
-0.0053163
-0.0056674
-0.0060145
-0.0060853
-0.0059804
-0.0054594
-0.0043702
-0.0030013
-0.0017929
-0.0010538
-0.0008396
-0.0013229
-0.0025259
-0.0033094
-0.0032501
-0.0029865
-0.0024188
-0.0014264
-0.00048876
-0.00017796
-0.00028724
-0.00037511
-0.00041411
-0.00029591
0.00024894
0.0013745
0.0027372
0.0037939
0.0044678
0.005
0.0053736
0.0054088
0.0053722
0.0052569
0.0050206
0.0048668
0.0051375
0.005563
0.0055397
0.0053976
0.0052929
0.005373
0.0058986
0.0070486
0.0085598
0.0098951
0.010872
0.011452
0.011738
0.011783
0.011665
0.011524
0.011239
0.011257
0.01132
0.011337
0.011357
0.011361
0.011378
0.011444
0.011537
0.011587
0.01151
0.011159
0.010561
0.01009
0.0098194
0.0093633
0.0089285
0.0085483
0.007855
0.0071674
0.0068314
0.0068708
0.0071555
0.00745
0.0077259
0.0073756
0.0065897
0.0057392
0.0048988
0.004079
0.0036271
0.003286
0.0026922
0.002285
0.002362
0.0026243
0.0029494
0.003159
0.003429
0.0038334
0.003741
0.0033425
0.0027097
0.0020617
0.0014543
0.00063644
-0.00035114
-0.001336
-0.0017387
-0.0015971
-0.0011437
-0.00034165
0.00045435
0.00085858
0.00063267
-0.00035056
-0.0012914
-0.0016727
-0.0019131
-0.002398
-0.002795
-0.0029662
-0.0033384
-0.0038018
-0.0038672
-0.0034769
-0.0033255
-0.0033398
-0.0032838
-0.003503
-0.0040633
-0.0051044
-0.0059986
-0.0069013
-0.0078003
-0.0081268
-0.0081455
-0.0083313
-0.0086231
-0.0087126
-0.0089237
-0.0095769
-0.010303
-0.011172
-0.011539
-0.011357
-0.011377
-0.011547
-0.012034
-0.012611
-0.013592
-0.014554
-0.014854
-0.01476
-0.014693
-0.014663
-0.014648
-0.014659
-0.014729
-0.01492
-0.015229
-0.015411
-0.015018
-0.014219
-0.013639
-0.013237
-0.012831
-0.011954
-0.010877
-0.0099636
-0.0087135
-0.0071636
-0.005859
-0.0052155
-0.0054547
-0.0061126
-0.0065069
-0.0068335
-0.0073294
-0.007551
-0.0075627
-0.0075627
-0.0074449
-0.0070372
-0.0063247
-0.0056418
-0.0049265
-0.0042197
-0.0035065
-0.0029576
-0.0026457
-0.0025971
-0.0024282
-0.0023927
-0.0025113
-0.0021716
-0.001891
-0.0018989
-0.0019345
-0.0019467
-0.0019554
-0.00195
-0.0019321
-0.0018846
-0.0018356
-0.0018489
-0.0020532
-0.0025336
-0.003153
-0.0034492
-0.0038495
-0.0044318
-0.0046056
-0.0046532
-0.0047173
-0.0045677
-0.0039562
-0.0028508
-0.00181
-0.00097719
-0.00010829
0.00010019
-0.00052595
-0.00095453
-0.0012979
-0.0015131
-0.0010796
-0.00069023
-0.0011435
-0.0018358
-0.0019393
-0.0018047
-0.0018001
-0.0020497
-0.0026097
-0.0031736
-0.0031069
-0.0026129
-0.0020642
-0.0017966
-0.0013386
-0.00049221
0.00020653
0.00083385
0.0009124
0.00062556
0.00010914
-0.00044253
-0.00050541
-0.00044182
-0.00052509
-0.00064898
-0.00062291
-0.00013161
0.00096265
0.0022239
0.0025001
0.0029448
0.0036282
0.0036905
0.0036519
0.0035796
0.0033507
0.0030677
0.0030617
0.0037292
0.0037456
0.003602
0.0036224
0.0038689
0.0044095
0.0049709
0.0050067
0.0051167
0.0054789
0.0058189
0.005819
0.0063544
0.00637
0.0062355
0.0063077
0.0066173
0.007254
0.0078494
0.0077718
0.0076022
0.0076485
0.0079798
0.0086772
0.0093592
0.009298
0.0089139
0.0083546
0.0078121
0.0078965
0.007975
0.0077265
0.0071061
0.0064182
0.0064459
0.0067381
0.0071446
0.0074907
0.007368
0.0076178
0.0071312
0.0064288
0.0064031
0.0064324
0.0064923
0.0067617
0.0073484
0.0079982
0.0080744
0.008056
0.0080527
0.007815
0.0072187
0.0064108
0.0060304
0.0057402
0.0058183
0.0055545
0.0060944
0.0069279
0.00714
0.0071544
0.0064986
0.0049771
0.0044173
0.0041899
0.004182
0.0039032
0.0031984
0.0026565
0.0027036
0.0028573
0.0029279
0.0028543
0.0023915
0.001504
0.00051797
0.00014724
0.00017279
-0.00016678
-0.00098665
-0.0017239
-0.0017279
-0.0015189
-0.0020446
-0.0025517
-0.0025211
-0.0024394
-0.0024435
-0.00245
-0.0024528
-0.0024238
-0.0023881
-0.0023478
-0.002285
-0.0022186
-0.0022197
-0.0022653
-0.0023232
-0.0022086
-0.001778
-0.0010608
-0.00054914
-0.00084064
-0.0015606
-0.0021982
-0.002389
-0.0024536
-0.0021906
-0.0015065
-0.0013379
-0.0014415
-0.0014915
-0.00054709
0.00066339
0.0011574
0.001048
0.0010102
0.001198
0.001529
0.001819
0.0017313
0.0012454
0.0012509
0.0013593
0.0013592
0.0013454
0.0013327
0.0014146
0.0016767
0.0022255
0.0028159
0.003151
0.0038006
0.0046137
0.0051063
0.0055749
0.0059322
0.0067781
0.0079789
0.0088465
0.0094286
0.010017
0.010269
0.010416
0.010216
0.0098817
0.0099868
0.010121
0.010057
0.009652
0.0089342
0.0083367
0.0080897
0.0079791
0.0077119
0.0071832
0.0068942
0.0067433
0.0070075
0.0074658
0.007473
0.0073509
0.0071679
0.0069222
0.0067986
0.0070842
0.0073982
0.007046
0.0063808
0.0058369
0.0054575
0.0049469
0.0046552
0.0047416
0.0046812
0.0042675
0.003513
0.0027611
0.0022675
0.0020426
0.0020203
0.0015999
0.00060452
-0.0005565
-0.0013957
-0.0019606
-0.002163
-0.0017061
-0.00096305
-0.00036069
-0.00012721
-0.00015395
-0.00022635
-0.00016767
-0.00023608
-0.00035943
-0.00065785
-0.00083295
-0.0012709
-0.0019048
-0.0021595
-0.0021068
-0.0020227
-0.001942
-0.0018925
-0.0019445
-0.0021832
-0.0026735
-0.0032125
-0.0032584
-0.0029237
-0.0027652
-0.0031304
-0.003393
-0.0033137
-0.0032413
-0.0034042
-0.0040405
-0.0050944
-0.0059356
-0.0061123
-0.0060034
-0.0059045
-0.005877
-0.0060747
-0.0067035
-0.0077615
-0.0087469
-0.0093835
-0.0099421
-0.010219
-0.010205
-0.010034
-0.0095926
-0.0089773
-0.0087012
-0.0087618
-0.0089743
-0.0094286
-0.010026
-0.01029
-0.010277
-0.010219
-0.0099917
-0.0094834
-0.008889
-0.0087773
-0.008839
-0.0088566
-0.0088834
-0.0089221
-0.0089228
-0.0087299
-0.0081986
-0.0074076
-0.0068295
-0.006346
-0.0062123
-0.0059873
-0.0053842
-0.00472
-0.004576
-0.0046535
-0.0047003
-0.0047159
-0.0046344
-0.0044187
-0.0040636
-0.0038195
-0.0040342
-0.004109
-0.0043705
-0.0042239
-0.0038699
-0.0038376
-0.0034128
-0.003197
-0.0030735
-0.0028181
-0.0027237
-0.0031655
-0.003254
-0.0031369
-0.003185
-0.0034138
-0.0037403
-0.0038111
-0.0032013
-0.0027415
-0.0024332
-0.0021753
-0.0012566
-0.0004761
-0.0003996
-0.00046326
-0.00047976
-0.00044443
-0.00040394
-0.00035731
-0.00033618
-0.00034159
-0.00040283
-0.00048445
-0.0005042
-0.00027286
0.00036258
0.0012737
0.0018739
0.0024516
0.0024789
0.0023646
0.0021431
0.0016497
0.0011305
0.0010857
0.00086699
0.00043859
0.00034434
0.00099033
0.0013434
0.001845
0.0024643
0.0024441
0.0023878
0.0023685
0.0023375
0.0022941
0.0023567
0.002662
0.0033073
0.0039639
0.0039294
0.003616
0.0031086
0.0024659
0.0021732
0.0015025
0.00062989
0.00047495
0.00085896
0.00039174
-9.7595e-05
0.00020362
0.00037383
-0.00014333
-0.00021102
-0.00046014
-0.0011184
-0.0018101
-0.0018261
-0.0016919
-0.0014953
-0.0011303
-0.00080694
-0.00081734
-0.00017355
8.3476e-05
0.0001215
-4.2634e-05
0.0006983
0.0015048
0.0010155
-0.00027023
-0.0005856
-0.0010862
-0.0020395
-0.0026092
-0.0029623
-0.0023518
-0.0013454
-0.00070243
-0.00020246
-0.00048936
-0.0012263
-0.0020832
-0.0025944
-0.0030328
-0.0030098
-0.0030074
-0.0030808
-0.0029005
-0.0023461
-0.0014813
-0.00090546
-0.00035629
-0.00037646
-0.00043944
-0.00040961
-0.00036854
-0.00033614
-0.00033445
-0.00035029
-0.00033239
-0.00021081
8.575e-05
0.00044237
0.00069907
0.0018134
0.0024575
0.0023302
0.0022288
0.0022571
0.002536
0.0032026
0.0041268
0.0046855
0.0052031
0.0052026
0.0051191
0.0050592
0.0050557
0.00516
0.0055242
0.0060945
0.0064298
0.0058421
0.0051647
0.0051747
0.0052735
0.0053181
0.0053319
0.0051979
0.0048884
0.0046119
0.0046942
0.0054141
0.0055194
0.0052548
0.0047149
0.00386
0.0032446
0.0036844
0.0034632
0.0030542
0.0031691
0.0028215
0.0030738
0.0031558
0.0025038
0.002382
0.00243
0.0024991
0.0027623
0.0031553
0.0034213
0.0030822
0.0030347
0.0024778
0.0024159
0.0025065
0.0025284
0.0025945
0.0026556
0.002725
0.0025441
0.0018604
0.00067541
-0.00028616
-0.00016054
6.1798e-05
2.6242e-05
-0.00033401
-0.0011133
-0.0019984
-0.0025214
-0.0026799
-0.0020628
-0.0012329
-0.00057332
0.00022419
0.00080736
0.0011818
0.00090163
0.00035066
-4.515e-05
-0.00010344
-0.00046969
-0.0012668
-0.0019401
-0.0018374
-0.0015155
-0.0020496
-0.0028291
-0.0035318
-0.0046742
-0.0056186
-0.005553
-0.0054276
-0.0054309
-0.0054479
-0.0054124
-0.0054182
-0.0056026
-0.0059609
-0.0062908
-0.0061021
-0.0051933
-0.004325
-0.0034421
-0.0030347
-0.0033009
-0.0043582
-0.0053327
-0.005561
-0.0053395
-0.0051887
-0.0053116
-0.0058157
-0.0066391
-0.0072891
-0.0074716
-0.0071931
-0.0066475
-0.0062275
-0.0056637
-0.0052803
-0.0053533
-0.0055755
-0.0059543
-0.0063498
-0.0062846
-0.005678
-0.0052756
-0.0052207
-0.0049859
-0.0044833
-0.0039992
-0.0034541
-0.0024153
-0.0012619
-0.00065426
-0.0005707
-0.00090424
-0.0013169
-0.0013273
-0.0010516
-0.00036387
0.00073627
0.0016418
0.0020301
0.0022399
0.0023386
0.0019559
0.0016465
0.001706
0.0019683
0.0025114
0.0032852
0.0037787
0.0038351
0.0035511
0.0036921
0.0044572
0.0051932
0.0059668
0.0068124
0.0078026
0.0086203
0.0089086
0.0090592
0.0093393
0.0094637
0.0090604
0.0088458
0.0092184
0.0098699
0.010466
0.010344
0.009778
0.009205
0.0091127
0.0091456
0.0090668
0.0090127
0.0092368
0.010004
0.011198
0.012009
0.012073
0.011759
0.011087
0.010098
0.0093685
0.0088919
0.0080984
0.0073448
0.0077129
0.0081676
0.0086515
0.0092413
0.009333
0.0092522
0.0092534
0.0092782
0.0093153
0.0093907
0.0094807
0.0095061
0.0092865
0.0086426
0.0076396
0.0068607
0.0063336
0.005393
0.00427
0.0041072
0.0042276
0.0040123
0.0033562
0.0024212
0.0018561
0.0016393
0.0020574
0.0024852
0.0020926
0.001479
0.0014294
0.0015304
0.0013221
0.00059486
-0.00052112
-0.001254
-0.0013233
-0.0012684
-0.001285
-0.0012882
-0.0012067
-0.0010649
-0.0010668
-0.001544
-0.0026481
-0.0039163
-0.0041324
-0.0037515
-0.0031972
-0.0025706
-0.0024362
-0.0025045
-0.0025804
-0.0027784
-0.0032705
-0.0038531
-0.0039302
-0.0038196
-0.0037769
-0.0038123
-0.0038699
-0.0038764
-0.0038848
-0.0038608
-0.003792
-0.003802
-0.0039849
-0.0044637
-0.0050563
-0.0052483
-0.0054479
-0.0058792
-0.0062198
-0.0059436
-0.0057476
-0.0064637
-0.0074109
-0.0085208
-0.0092843
-0.0095988
-0.010089
-0.010638
-0.010513
-0.0099607
-0.0094069
-0.0093677
-0.0094799
-0.0094987
-0.0094701
-0.009396
-0.0093325
-0.0093162
-0.009338
-0.0093646
-0.0093941
-0.009393
-0.0094024
-0.0094384
-0.0094557
-0.0092549
-0.008635
-0.0076023
-0.0067722
-0.0065272
-0.0064179
-0.0061232
-0.0059103
-0.0062155
-0.0064833
-0.0064496
-0.0064135
-0.006404
-0.0064027
-0.0063825
-0.0063493
-0.0063264
-0.0063731
-0.0064479
-0.0064349
-0.0061763
-0.0056025
-0.0049485
-0.0048915
-0.00543
-0.0060664
-0.006261
-0.0061262
-0.0059427
-0.0056893
-0.0054298
-0.005344
-0.0048757
-0.0041461
-0.0035117
-0.003244
-0.0032747
-0.0032912
-0.0032642
-0.0032341
-0.0032349
-0.003261
-0.0032571
-0.0031143
-0.0027384
-0.0021472
-0.0016254
-0.0012267
-0.00065429
-0.00030307
-0.0003596
-0.0003628
-0.000198
0.0002057
0.0007634
0.00109
0.0011535
0.0015052
0.0021421
0.0025429
0.0025013
0.002448
0.0025722
0.0028746
0.0032354
0.0034185
0.0036216
0.003971
0.0039685
0.0039094
0.0038793
0.0038512
0.0039893
0.0044146
0.0050719
0.0054951
0.0053761
0.0048604
0.0039365
0.0029492
0.0024935
0.0025875
0.0027098
0.0027612
0.0026365
0.0021575
0.0013102
0.00052718
0.00059413
0.0011135
0.0012155
0.0014756
0.0020418
0.0025172
0.00252
0.0024996
0.0025909
0.0025836
0.0023776
0.001802
0.0010297
0.00074355
0.0013339
0.0013384
0.00090412
0.00026102
-0.00026576
-0.00023247
-0.00015267
-0.00014058
-0.00015624
-0.00019092
-0.00022183
-0.00024135
-0.00023085
-0.00018277
-0.00010645
-7.7205e-05
-0.00022494
-0.00063981
-0.0012188
-0.0016103
-0.0017159
-0.0019384
-0.002153
-0.0019379
-0.0014449
-0.0010816
-0.00055649
-0.0001912
-0.0002259
-0.00027767
-0.00030254
-0.00032113
-0.00027954
-9.0098e-05
0.00030391
0.00075449
0.00081003
0.00045715
0.00044765
0.00068438
0.00077593
0.00067685
6.4811e-05
-0.00020254
0.00025851
0.00090325
0.001238
0.0011542
0.0012081
0.0016055
0.0021921
0.0025185
0.0024816
0.0026043
0.0030586
0.0036724
0.0039348
0.0036169
0.0032422
0.0031852
0.0032721
0.0032677
0.0034064
0.0035948
0.0039337
0.0040742
0.0043913
0.0049158
0.0052132
0.0052147
0.0053727
0.0057998
0.0062934
0.0063503
0.005771
0.0052256
0.0047391
0.0038515
0.0029558
0.0025603
0.0022003
0.0015876
0.0011854
0.0011154
0.001139
0.001364
0.0018485
0.0023732
0.0024105
0.002065
0.0018685
0.0020795
0.0019856
0.0014522
0.0011991
0.0010531
0.00063213
3.9111e-05
-0.00021133
-0.00017071
-0.00015229
-0.00017912
-0.00021263
-0.00021996
-0.00018003
-0.00011858
-0.0001221
-0.00032353
-0.00080284
-0.001386
-0.0015379
-0.0012831
-0.00095965
-0.00084228
-0.0012651
-0.0016188
-0.00161
-0.0014802
-0.0012362
-0.00092932
-0.00076706
-0.0010849
-0.0013553
-0.0014718
-0.0018624
-0.0024344
-0.0026656
-0.0025935
-0.0025516
-0.0025738
-0.0026046
-0.0026104
-0.0025662
-0.0024801
-0.0024084
-0.0023473
-0.0023119
-0.0024366
-0.0028813
-0.0036269
-0.0042879
-0.0047988
-0.004988
-0.0049467
-0.0049403
-0.0049594
-0.0049584
-0.0049273
-0.0048979
-0.004877
-0.0048639
-0.0048149
-0.0046712
-0.0044391
-0.0042744
-0.0044055
-0.0041778
-0.0034938
-0.0031716
-0.0031915
-0.0033025
-0.0035147
-0.0037398
-0.0036827
-0.0029821
-0.0023309
-0.0022779
-0.0020944
-0.0018966
-0.0017559
-0.001234
-0.0003543
0.00039438
0.00091895
0.0010697
0.0010071
0.0011463
0.0015994
0.0022648
0.0027414
0.0031927
0.0037715
0.0040343
0.0040096
0.0039923
0.0040137
0.0040605
0.0041179
0.0041733
0.0041853
0.0041688
0.0041499
0.004151
0.0041825
0.0042549
0.004327
0.0043161
0.0041628
0.0038945
0.0037547
0.0041252
0.0044196
0.0044062
0.0043934
0.0044321
0.0044729
0.0044998
0.0044909
0.0044226
0.0043175
0.0043099
0.0046123
0.0053922
0.0064137
0.0068644
0.0066286
0.0062189
0.0055059
0.004981
0.0047609
0.0048182
0.0047088
0.0043794
0.0041551
0.0044368
0.0049569
0.0050111
0.0046993
0.0038977
0.0027056
0.0019822
0.0020724
0.0021922
0.0022221
0.0022671
0.0023447
0.0024319
0.0023353
0.0018454
0.00085854
-0.00018858
-0.00055758
-0.0004601
-0.00042729
-0.00043636
-0.00035387
-1.3918e-06
0.00055198
0.00088951
0.00063412
0.00036537
0.00048263
0.00096092
0.00097766
0.00097269
0.0011168
0.0013533
0.0016248
0.0015757
0.0011086
0.00094417
0.0006706
0.00020784
5.5735e-06
0.00032996
0.00037679
-4.9706e-05
-0.00020864
-0.0006515
-0.0015402
-0.0023607
-0.0023222
-0.0016928
-0.001613
-0.0014007
-0.00075773
-6.7594e-05
-0.00011788
-0.00059612
-0.0014396
-0.0023596
-0.0023287
-0.0015694
-0.0014311
-0.0014845
-0.0015754
-0.0018945
-0.0024693
-0.0030798
-0.0030842
-0.0029744
-0.0029184
-0.0028921
-0.0029302
-0.002981
-0.0030352
-0.0030795
-0.0030675
-0.0030368
-0.0029948
-0.0029543
-0.0029575
-0.0029591
-0.0029531
-0.0029543
-0.0029782
-0.0030252
-0.0030601
-0.003013
-0.0029109
-0.0026906
-0.0024132
-0.0024027
-0.0029841
-0.0030288
-0.0029216
-0.0029136
-0.0029641
-0.0030923
-0.0031418
-0.0029064
-0.0021508
-0.0010098
-0.00023631
-0.00015988
-0.00022792
-0.00028357
-0.00046704
-0.00096793
-0.0016736
-0.0020586
-0.0023047
-0.0024
-0.0028858
-0.0029246
-0.0023702
-0.0015567
-0.00089263
-0.00034162
-0.00023853
-0.00034756
-0.0003532
-0.00034521
-0.00024693
-0.00014193
-0.00011427
-0.00035694
-0.0009717
-0.0018064
-0.002137
-0.0020883
-0.00167
-0.0018171
-0.0024031
-0.0028138
-0.0024011
-0.0017276
-0.0015689
-0.0016201
-0.0016979
-0.0018722
-0.0021725
-0.0024521
-0.0024276
-0.0028104
-0.0029859
-0.0029956
-0.0030543
-0.0030809
-0.0030855
-0.0030379
-0.0029469
-0.0028749
-0.0029118
-0.0031616
-0.0036797
-0.0042805
-0.0043398
-0.0037985
-0.0031032
-0.0027913
-0.0028406
-0.0030759
-0.003631
-0.0044368
-0.0049527
-0.0049614
-0.0043444
-0.003599
-0.0030527
-0.0028663
-0.0029055
-0.0029005
-0.0029584
-0.0032549
-0.0038169
-0.0042952
-0.0047626
-0.0052071
-0.004973
-0.0041374
-0.0034246
-0.0029089
-0.0027243
-0.0027365
-0.0026651
-0.002606
-0.0027594
-0.0032134
-0.0038154
-0.004011
-0.0037657
-0.0032969
-0.0027188
-0.00245
-0.0023354
-0.0020738
-0.0018869
-0.0021938
-0.0024807
-0.0024993
-0.0024644
-0.0023051
-0.0019002
-0.0013187
-0.00094197
-0.00065909
-0.00034067
-0.000321
-0.00020296
-0.00020833
-0.00033362
6.0437e-05
0.00041967
0.00044488
0.00036083
0.00022853
0.00016878
0.00039419
0.0011204
0.0022568
0.0030811
0.0030734
0.0025457
0.0020985
0.0023572
0.0030423
0.0033206
0.0033023
0.0034242
0.0037464
0.0040499
0.0039324
0.0037797
0.0035867
0.0037487
0.0043939
0.0049163
0.0054426
0.0060328
0.0060392
0.0054538
0.0048416
0.0048426
0.0054245
0.00607
0.0062962
0.0062281
0.0061835
0.0061637
0.0061826
0.0062152
0.0062213
0.006249
0.0063209
0.0064159
0.0064646
0.0062648
0.0056073
0.0045523
0.0037506
0.0035914
0.0036836
0.0037046
0.0036698
0.0036237
0.0035947
0.0035834
0.0035864
0.003599
0.0036425
0.003801
0.0041393
0.0044813
0.0044488
0.0043481
0.0039864
0.0035191
0.0030983
0.0027115
0.0029601
0.0036353
0.0039301
0.0038712
0.0037677
0.0035844
0.0033199
0.0032101
0.0036006
0.0039026
0.0038849
0.0038595
0.0039305
0.0040351
0.0040195
0.0036409
0.0028418
0.0019406
0.0017959
0.001469
0.0013337
0.0013617
0.0013322
0.0013038
0.00127
0.0012644
0.0012778
0.0013225
0.0013682
0.0013786
0.00137
0.0013652
0.0013617
0.001367
0.0013857
0.0014215
0.0014593
0.0014618
0.0014624
0.0014816
0.0015122
0.0015168
0.0014481
0.0012718
0.0010428
0.0010039
0.0015046
0.0015888
0.001271
0.00097277
0.00089215
0.00023254
-0.00044286
-0.00095905
-0.0010239
-0.00094667
-0.00095679
-0.00095827
-0.00095186
-0.00084281
-0.00077753
-0.00091043
-0.0014571
-0.0022992
-0.0029475
-0.0035043
-0.0036418
-0.0035794
-0.0034301
-0.0029029
-0.0020293
-0.0012675
-0.00063806
-0.00060096
-0.001186
-0.002298
-0.0034863
-0.003437
-0.00264
-0.0016633
-0.0010278
-0.00079823
-0.0014995
-0.0026865
-0.0033881
-0.0033817
-0.0032474
-0.0032234
-0.0032592
-0.0032952
-0.0032928
-0.0032635
-0.0032617
-0.0032528
-0.0032353
-0.0032192
-0.0032241
-0.0032623
-0.0033302
-0.0033643
-0.0032572
-0.0029028
-0.0023547
-0.0020406
-0.0026696
-0.0033735
-0.0033345
-0.0031952
-0.003239
-0.0033661
-0.0034153
-0.0031093
-0.0022336
-0.00099885
-0.00034822
-0.00039301
-0.0005033
-0.00072519
-0.0012403
-0.0018853
-0.0021611
-0.0026225
-0.0031103
-0.0031552
-0.0031742
-0.003132
-0.0028681
-0.0023275
-0.0018103
-0.0017226
-0.001617
-0.0014257
-0.0014807
-0.0021426
-0.00317
-0.0032403
-0.003072
-0.0027507
-0.0020798
-0.0013152
-0.00087235
-0.00052282
-0.00045036
-0.00011335
0.00058902
0.0011526
0.0010662
0.00065926
7.5017e-05
-0.00040654
-0.00042185
-0.00038379
-0.00031478
-8.1352e-05
0.00033918
0.00073449
0.0006055
-6.6605e-05
-0.00036786
1.9863e-05
0.00069017
0.0012522
0.001611
0.0020959
0.0024211
0.0023943
0.0023656
0.0023684
0.0023705
0.0023923
0.0024274
0.0024647
0.0025282
0.0025583
0.0023934
0.0018149
0.00081957
-4.2729e-05
-0.00037377
-0.00038469
-0.00040485
-0.00026576
0.00030868
0.0013164
0.0021775
0.0024575
0.0024673
0.0024509
0.0022643
0.0017475
0.0010575
0.00082218
0.0011129
0.0016942
0.0023658
0.0026185
0.0024753
0.0021555
0.0016662
0.0012695
0.0015728
0.0023508
0.0026611
0.0024179
0.0018676
0.0011406
0.00065316
0.00038962
0.00030784
-5.8063e-06
-0.00015925
0.00024619
0.00088689
0.0013663
0.0018358
0.0024051
0.0025029
0.0024387
0.0024417
0.0025101
0.0026161
0.0026813
0.0025476
0.0020473
0.0012215
0.00058548
2.0893e-05
-6.7517e-05
9.8269e-05
0.00032507
0.00058422
0.00065708
0.00023747
6.9054e-05
-6.4484e-05
-0.00054178
-0.0011851
-0.0013819
-0.0013037
-0.0010454
-0.0004637
0.00021348
0.0003759
0.00026485
1.8564e-05
-0.00049722
-0.0010805
-0.0012041
-0.0011521
-0.0011004
-0.0008058
-0.00024049
0.00037323
0.00040146
0.00039421
0.00039617
0.00019055
-0.00033714
-0.00089351
-0.00086613
-0.00077897
-0.00078979
-0.00082468
-0.00088035
-0.00087913
-0.00079017
-0.00056321
-0.00018013
2.3467e-05
-0.00026357
1.3167e-05
0.00014169
0.00077215
0.00081285
0.00052817
0.00018649
-0.00012979
-5.9011e-05
-0.00059458
-0.00064197
-0.00054948
-0.00049184
-0.00024755
0.00028864
0.00090379
0.00097099
0.00095034
0.00085587
0.00059439
0.0001356
-0.00012318
0.00047743
0.0011078
0.0012446
0.0012876
0.001129
0.00039438
-0.00084345
-0.0018293
-0.0017222
-0.0015176
-0.0014299
-0.0012658
-0.001037
-0.00076143
-0.00049264
-0.0001741
0.00014178
0.00049358
0.00084862
0.0010704
0.00091127
0.00036676
-0.00021445
-0.00050234
-0.00099225
-0.0014697
-0.0015071
-0.0015414
-0.0014962
-0.0011728
-0.00044502
0.00042776
0.00089851
0.00096732
0.00034414
-0.00017036
-8.6965e-05
-1.3821e-05
9.405e-05
0.00041083
0.00094122
0.0013846
0.001372
0.0013525
0.0013956
0.0014143
0.0014333
0.0014448
0.0014591
0.0014887
0.0015396
0.0015867
0.0016145
0.0016292
0.0016395
0.0016819
0.0017394
0.0017363
0.0015605
0.0011475
0.00065181
0.00057243
0.00099737
0.0012503
0.00144
0.0017746
0.0017655
0.0017133
0.0017045
0.0016961
0.0017094
0.0017633
0.0018722
0.0019666
0.0018671
0.0013404
0.00039184
-0.00038811
-0.00043205
-0.00012993
0.00035693
0.0011731
0.0016139
0.0013503
0.00030859
-0.0006554
-0.00092198
-0.00081848
-0.0007818
-0.0007944
-0.00070768
-0.00044061
-9.6482e-05
-3.9559e-05
-0.00020461
-0.00042182
-0.00077385
-0.0007799
-0.00073519
-0.00074457
-0.00073135
-0.0007228
-0.00073376
-0.00074756
-0.00074456
-0.00073081
-0.00069632
-0.00065712
-0.00063899
-0.0006355
-0.00062627
-0.00063874
-0.00072046
-0.00097693
-0.0013292
-0.0014927
-0.0017813
-0.0018234
-0.0013184
-0.00069075
-0.00050251
-0.00069917
-0.0010109
-0.0012986
-0.0013573
-0.0016713
-0.0019574
-0.0019327
-0.0016931
-0.0011961
-0.00058753
-0.00042657
-0.00043053
-0.00035267
-0.00033258
-0.00058226
-0.0012989
-0.0022707
-0.0026971
-0.0024734
-0.00242
-0.001957
-0.0015665
-0.0010717
-0.00045784
-0.00040448
-0.00066131
-0.00091701
-0.00095988
-0.00045439
-0.00026958
-9.055e-05
0.00027345
0.00049887
0.00020336
0.00015718
-0.0003351
-0.00038346
-0.00027568
-0.00027948
-0.00027456
-0.00032359
-0.00034548
-0.00035698
-0.00027286
-0.00010501
0.00014726
0.00022455
-5.0999e-05
0.00052852
0.0011973
0.00090218
0.00024936
-0.00038006
-0.00036193
-0.00031074
-0.00034879
-0.00032622
-5.9516e-05
0.00054598
0.0012529
0.001656
0.0019988
0.0017609
0.0005218
-0.00048477
-0.00027888
0.00014233
0.00050031
0.00069659
0.00072359
0.0011527
0.0012105
0.0011643
0.0010977
0.00080213
0.00043974
0.00034944
0.00071163
0.00077502
0.00073652
0.0001377
-0.00023158
7.826e-05
0.00034397
0.00011627
-0.00030391
-0.00033569
-0.00029206
-0.00028596
-0.00028084
-0.00029085
-0.0002892
-0.00028817
-0.00028162
-0.00029764
-0.00033068
-0.00037261
-0.00034791
-0.00018218
0.00017665
0.00056983
0.00060224
0.00030798
0.0004902
0.0010444
0.0014815
0.0020394
0.0024136
0.0024194
0.0024686
0.002525
0.0024783
0.0022279
0.0017226
0.0011793
0.0012358
0.0018089
0.0022739
0.0019998
0.0012804
0.00096346
0.0010358
0.001099
0.0010801
0.001064
0.001237
0.0016954
0.0023057
0.0025411
0.0024886
0.0024523
0.0024683
0.0024926
0.002522
0.00253
0.0025304
0.0025101
0.0024936
0.0024831
0.0025171
0.0025122
0.0025026
0.0025085
0.0025627
0.0026225
0.0026137
0.0023724
0.0018111
0.0010164
0.00061764
0.00053461
0.00086653
0.00077618
0.000644
0.0010541
0.0011575
0.0010967
0.0011197
0.0011783
0.0012598
0.0012369
0.0011121
0.00086572
0.00053038
0.00036508
0.00073709
0.00054633
0.00039148
-0.00048444
-0.0011504
-0.001633
-0.0015513
-0.0014374
-0.0015994
-0.0018803
-0.0022622
-0.0023473
-0.0017238
-0.0013679
-0.00086225
-0.00025142
-0.00024525
-0.0002463
-0.00019859
-0.00028217
-0.00062264
-0.0011852
-0.0015025
-0.00082967
-3.7658e-06
7.4277e-05
-0.00014784
-0.00074859
-0.0016851
-0.0023052
-0.00168
-0.0015
-0.0015092
-0.0014018
-0.0012027
-0.001006
-0.0012764
-0.002327
-0.0027356
-0.002317
-0.0022327
-0.0028324
-0.0029064
-0.0028515
-0.0028241
-0.0028238
-0.0028678
-0.0028644
-0.0027692
-0.0024743
-0.0020741
-0.0017204
-0.0006258
-0.00020979
-0.0008443
-0.00156
-0.0016728
-0.0017476
-0.0019916
-0.0019328
-0.0012559
-0.0012201
-0.0015931
-0.002177
-0.0026881
-0.002359
-0.001941
-0.0017089
-0.00061062
0.00010637
5.0197e-05
-5.801e-05
-0.00031964
-0.00081954
-0.0013792
-0.0013895
-0.0013686
-0.0013235
-0.0010604
-0.00048651
0.00011782
0.00011698
4.7256e-05
5.4232e-05
2.0895e-05
5.879e-05
9.886e-05
0.00015628
0.0001928
0.0001917
0.00017532
0.00017919
0.00017644
0.0001885
0.00019032
0.00020001
0.0001902
0.00018016
0.00015739
0.00016952
0.00022773
0.00035173
0.00043996
0.0004299
0.00012114
-0.00059283
-0.0014531
-0.0016823
-0.0014928
-0.00062034
-0.00032224
-0.00057985
-0.0015724
-0.0019157
-0.0017685
-0.0022549
-0.0022888
-0.0022356
-0.0022439
-0.0022375
-0.0022371
-0.0022457
-0.0022074
-0.0021967
-0.0021991
-0.0021974
-0.0022021
-0.0022041
-0.0022005
-0.0021775
-0.0021343
-0.0020897
-0.0020925
-0.0021
-0.0020993
-0.0020916
-0.0020738
-0.0020477
-0.0020204
-0.001996
-0.0018639
-0.0015531
-0.0011829
-0.00093404
0.00015863
0.0008641
0.0008421
0.00085417
0.00085189
0.00064525
7.6689e-05
-0.00052083
-0.00050187
-0.0004065
-0.0004019
-0.00039688
-0.00041685
-0.00043485
-0.00048945
-0.00043659
-0.00021255
0.00010599
0.00028368
-4.3789e-05
0.0001475
0.00018977
-0.00035881
-0.00012462
0.00052031
0.0011537
0.0011819
0.0010909
0.0010729
0.0010837
0.0011031
0.0011171
0.0011294
0.0011712
0.0012324
0.0012813
0.0012886
0.0010712
0.00046744
-0.00017682
-0.00010729
0.00022267
0.00061627
0.00088442
0.0006066
0.00073388
0.0004476
0.00064604
0.00078758
0.0014814
0.0022463
0.0028611
0.0030015
0.0028951
0.0027383
0.0023558
0.0018462
0.0014837
0.00074904
-0.00043821
-0.0010205
-0.0005212
0.00050536
0.0013492
0.0021067
0.002297
0.0019486
0.002056
0.0021673
0.0017256
0.0016767
0.0019706
0.0024071
0.0027529
0.0026044
0.0024422
0.0017168
0.0009758
0.00048207
0.00068807
0.0013643
0.0019689
0.0019913
0.0016789
0.0013988
0.0013865
0.0019094
0.0018781
0.0013099
0.00067295
0.00054732
0.0005999
0.00065215
0.00070504
0.00071187
0.00063684
0.00053257
0.00052011
0.00076445
0.0013817
0.002086
0.0022515
0.0021048
0.0018268
0.0013228
0.00078234
0.0007385
0.00081085
0.00068312
0.00044129
0.00030478
0.0005268
0.00032055
-0.00018324
-0.00020603
4.6916e-06
-0.00011285
9.2325e-05
0.00070719
0.00087311
0.00057753
0.0002296
0.00012382
-0.00018103
-0.00043419
-0.00040188
-0.00031866
-0.00017039
0.00011692
0.00044983
0.00052607
0.00071894
0.00072545
0.00043386
0.00034923
7.1108e-05
-0.00016435
-0.00019462
-0.00034546
-0.00061385
-0.00075352
-0.00041727
-0.00014326
-0.00015569
-0.00018161
-0.00018068
-0.0001655
-7.0808e-05
0.00018868
0.0005505
0.00073902
0.0011054
0.0013279
0.0011115
0.00062639
6.9033e-05
-9.4029e-05
1.0127e-06
-1.0426e-05
-0.00020451
-0.00052418
-0.00072327
-0.00041619
-1.6777e-05
4.8476e-05
1.727e-05
-0.00016345
-0.00062132
-0.001247
-0.001553
-0.0013122
-0.00094759
-0.00075734
-0.0011283
-0.0018463
-0.002254
-0.0023931
-0.0024513
-0.0024037
-0.0017211
-0.00094226
-0.00039469
-9.0124e-05
-0.0001467
-0.00018613
-0.00016249
-0.0001213
-7.2696e-05
-2.7451e-05
-5.876e-06
-5.4402e-05
-0.00022187
-0.00049469
-0.00068375
-0.0004366
-2.5121e-05
-1.7771e-05
-7.8926e-05
-9.5594e-05
-9.884e-05
-8.4418e-05
-7.3533e-05
-6.5001e-05
-6.4733e-05
-6.5441e-05
-6.8348e-05
-6.8795e-05
-6.9135e-05
-6.6797e-05
-6.4077e-05
-6.0587e-05
-6.0669e-05
-6.5168e-05
-7.0469e-05
-5.8311e-05
1.9662e-06
0.00016626
0.00048631
0.00073613
0.0008917
0.0014925
0.0016889
0.0016009
0.0011778
0.00054257
0.00067146
0.00053114
0.00047316
0.00028503
0.00073443
0.0013863
0.0017458
0.0023486
0.0028333
0.0026639
0.0022134
0.0017194
0.0015978
0.0022689
0.002868
0.0028924
0.0028268
0.0027098
0.0023784
0.0018379
0.0013862
0.001386
0.0013375
0.0012839
0.0013717
0.0017126
0.0022851
0.0026244
0.0019598
0.0010639
0.0007263
0.00051715
0.00058467
5.3905e-05
-0.00010392
-0.00010559
-6.054e-05
0.00026594
0.00081816
0.0012751
0.00089517
0.00045708
0.0004749
-4.2888e-05
-7.9117e-05
5.4017e-05
8.9516e-05
0.00012213
0.00010427
5.0631e-05
-0.00029127
-0.00091606
-0.001501
-0.0012232
-0.00050837
0.00034378
0.00072773
0.00086333
0.00053442
0.00049359
-9.1022e-05
-0.00015914
-3.792e-05
6.4895e-05
0.0003167
0.00061165
0.0006763
0.00022788
0.00047994
0.00061491
2.9907e-05
-1.1395e-05
4.2641e-05
9.3222e-05
0.00026992
0.00054582
0.00071018
0.00036353
0.00057367
0.0006266
-3.7694e-05
-7.7611e-05
2.9232e-05
6.9154e-05
6.6883e-05
-2.1867e-05
-7.8444e-05
-8.8866e-05
2.3948e-06
0.00024827
0.00058076
0.0006617
8.9672e-05
-2.7216e-05
-0.00024127
-0.00084735
-0.0014622
-0.0014222
-0.0011846
-0.00089024
-0.00060562
-0.00056583
0.00023956
0.00065766
0.0006312
-5.318e-05
-0.00037145
-0.00066235
-0.0009004
-0.00053815
-0.00051437
9.8429e-07
4.3083e-06
-8.9361e-05
2.1953e-05
0.00028244
0.00063582
0.00079806
0.00044556
0.00063515
0.00060594
5.6155e-05
-3.3845e-05
-2.3388e-06
0.00014217
0.00054264
0.0011057
0.0013578
0.00080386
0.00012524
-0.0002747
-0.00087873
-0.0013232
-0.00091363
-5.2709e-05
0.0008196
0.00092197
0.00032484
-0.00078511
-0.0012386
-0.00095639
-0.00062791
-0.0003838
-0.00048959
-0.001
-0.0010401
-0.00096555
-0.001013
-0.0012051
-0.0015482
-0.00177
-0.0017726
-0.0022655
-0.0020499
-0.0014186
-0.00082332
-0.00073565
-0.00074333
-0.00078071
-0.0010502
-0.0015673
-0.0021421
-0.0021341
-0.002077
-0.0020306
-0.0019
-0.0016677
-0.0013718
-0.0013485
-0.0019879
-0.0020696
-0.00188
-0.0015731
-0.0011489
-0.0010368
-0.0016911
-0.0020174
-0.0024777
-0.0030278
-0.00299
-0.003102
-0.003516
-0.0038579
-0.0036226
-0.0035042
-0.0026628
-0.0020096
-0.0014832
-0.0014749
-0.0015316
-0.0014735
-0.0014722
-0.0014353
-0.0013776
-0.0012531
-0.0011455
-0.0011873
-0.0015132
-0.0021524
-0.0027973
-0.0026952
-0.0023166
-0.0016896
-0.001017
-0.00097736
-0.0010764
-0.0011951
-0.0014453
-0.0017585
-0.001781
-0.0010707
-0.00075772
-0.00043574
-0.00017059
-0.00047288
-0.00046955
-0.0010111
-0.0010657
-0.00095691
-0.0009387
-0.00089293
-0.00088047
-0.00088317
-0.00097712
-0.0010311
-0.00093285
-0.00053534
0.00011058
0.00054426
-9.4539e-05
-0.0010386
-0.001585
-0.0021738
-0.0024292
-0.0028421
-0.0031964
-0.0026282
-0.0019779
-0.0019934
-0.002025
-0.0017904
-0.0014786
-0.0013501
-0.0017447
-0.0014884
-0.0012897
-0.0016897
-0.0013783
-0.0011566
-0.0016117
-0.0018209
-0.0020386
-0.002535
-0.0029176
-0.0024616
-0.0015414
-0.00088251
-0.00036096
-0.00030002
-0.00038129
-0.00037172
-0.00032467
-0.00026544
-0.0002396
-0.00024664
-0.00028161
-0.00027613
-6.5935e-05
0.00047321
0.0011388
0.0013361
0.0011002
0.00064546
9.3712e-05
-0.0001246
-0.00011605
-0.00012232
-2.5787e-05
0.00039969
0.0011778
0.001947
0.002609
0.0027998
0.0023741
0.0014519
0.00027711
-0.00015631
-1.0095e-06
0.00010226
9.5212e-05
2.5066e-05
-8.6698e-05
-0.00014454
-2.1242e-05
0.00038103
0.00099969
0.0013788
0.001337
0.0012798
0.0012624
0.0012516
0.0012606
0.001338
0.0015321
0.001814
0.0019956
0.0017212
0.0011817
0.000939
0.00079541
0.00096878
0.0014916
0.0014828
0.0012784
0.00095243
0.00051439
0.00033674
0.00062599
0.00059469
7.2177e-05
1.7049e-05
4.6189e-05
2.1123e-05
-5.2757e-06
7.0309e-06
0.00012648
0.00036883
0.00060544
0.00050253
5.0006e-06
-2.1709e-05
5.3896e-05
5.416e-05
2.7702e-05
-5.6106e-06
5.7127e-05
0.00029992
0.00084884
0.0014578
0.001438
0.0013485
0.0013774
0.0014477
0.0015259
0.0014734
0.0011878
0.00063019
0.00012157
0.00023147
0.00024048
-0.00012781
-0.0007957
-0.0014957
-0.0014436
-0.0010974
-0.00055038
6.07e-05
0.00010077
-0.00018505
-0.00054936
-0.00080005
-0.00058207
-0.00050257
-6.238e-05
8.1249e-05
1.1983e-05
2.7817e-05
9.0831e-05
0.00014964
0.00012473
-0.00013743
-0.00074155
-0.0014013
-0.0014342
-0.0010424
-0.00049446
-0.00013168
-0.00062117
-0.0013975
-0.0016005
-0.0014638
-0.0011157
-0.00051129
5.0605e-05
-9.4299e-05
-0.00066696
-0.0012024
-0.0011966
-0.00082
-0.00071727
-0.0011902
-0.0015044
-0.0012308
-0.00055725
0.00033189
0.00075891
0.00042534
9.8482e-05
-6.7291e-05
-0.00047929
-0.0010469
-0.0012732
-0.001218
-0.0011975
-0.0012148
-0.0012474
-0.0012703
-0.0012849
-0.0012827
-0.0012723
-0.0012488
-0.0012284
-0.0012267
-0.0012729
-0.0012989
-0.0012556
-0.0011173
-0.00084031
-0.00056762
-0.0006353
-0.0007758
-0.00063257
-0.00088198
-0.0012956
-0.0011208
-0.00051338
0.0004473
0.0012376
0.0012516
0.00085654
0.00085829
0.0010999
0.001204
0.0011463
0.00056494
0.0002674
0.00060143
0.0010168
0.0012037
0.0013899
0.0017302
0.0017147
0.0016445
0.0016278
0.0016738
0.0018417
0.0021269
0.0023589
0.0021775
0.0017885
0.0016375
0.0012745
0.00067378
0.00032468
0.00047615
0.00081065
0.0011483
0.0012811
0.0013257
0.0013692
0.0010495
0.00099429
0.0012412
0.0015263
0.0018845
0.0017898
0.0015107
0.001223
0.001088
0.00089492
0.00051339
0.00047683
0.00054977
0.00076185
0.0012072
0.0016424
0.0015647
0.0009089
0.00053733
0.0006813
0.00084235
0.00085308
0.00066213
0.0002251
-0.00028638
-0.00037703
3.7686e-05
0.00027446
0.00046151
0.0008267
0.0008148
0.00077052
0.00081921
0.00089354
0.00097025
0.0010181
0.00095615
0.00065277
0.00010496
-0.00035805
-0.00032493
-0.00029517
-0.00031288
-0.00028173
-0.00025189
-0.00023845
-0.00022822
-0.00022242
-0.00020273
-0.00021839
-0.00022531
-0.00015822
8.5624e-06
0.00026396
0.00050323
0.00039423
-0.00010533
-9.877e-05
1.7742e-05
4.2911e-05
5.5502e-05
3.5059e-05
2.8881e-06
-2.999e-05
-3.8179e-06
0.00016229
0.00058266
0.0011186
0.0012391
0.00049165
-0.00028679
-0.00046456
-0.00025822
0.0002873
0.00032687
0.00023745
0.00022642
0.00023964
0.00031675
0.00047771
0.00072582
0.0009546
0.00087698
0.00044208
0.0004645
0.00054533
0.00053223
0.00043915
0.00025272
9.2774e-05
0.00021283
0.00058449
0.00023731
-0.00035145
-0.00051981
0.00010038
0.00077559
0.0011175
0.0016837
0.0021908
0.0021866
0.0021432
0.0021278
0.0019965
0.0017418
0.0014987
0.0013352
0.00070055
0.00045184
0.00051638
0.00075506
0.00042856
0.0002084
0.00047325
0.00065116
0.0011177
0.0011263
0.0010198
0.0010079
0.0010949
0.001374
0.0017761
0.002064
0.0021718
0.002566
0.0023169
0.0016401
0.0010255
0.00081083
0.00066797
0.00079862
0.0013274
0.0014
0.0013212
0.0011525
0.00088474
0.00066953
0.00082815
0.0013705
0.0013424
0.0010567
0.00071323
0.00047088
0.00040351
-1.009e-05
-3.1792e-05
2.1619e-05
-5.2408e-05
-0.00010409
-1.7033e-05
0.00035369
0.00097294
0.0014507
0.001368
0.0012843
0.0013088
0.0013892
0.0015089
0.0015564
0.0014245
0.0010863
0.00067566
0.00055979
0.00088529
0.0010606
0.0014746
0.0014507
0.0013533
0.0013847
0.0013752
0.0012514
0.00091503
0.00052
0.00014098
-0.00057876
-0.00054904
6.3298e-05
0.00019054
0.0002982
0.00050278
0.0004848
0.00023278
0.00055327
0.00075417
0.00056133
0.00065255
0.0006028
0.00089576
0.0010408
0.0011708
0.00048596
-0.00044654
-0.0010221
-0.0014773
-0.0014283
-0.0013032
-0.001102
-0.00080239
-0.0005918
-0.00053135
-8.127e-05
-4.3778e-05
-9.3634e-05
-7.2094e-05
-3.6518e-05
6.2719e-06
-1.739e-05
-0.00018378
-0.00052595
-0.00086187
-0.0010634
-0.0015463
-0.0014319
-0.00091582
-0.00025203
0.00011005
-0.0003445
-0.0010494
-0.0015257
-0.0014638
-0.0013873
-0.0014063
-0.0013452
-0.0010067
-0.00039131
4.9651e-05
0.00011779
7.9795e-05
-0.00013935
-0.0006357
-0.0012482
-0.0014561
-0.00093901
-0.00014546
0.00047161
0.00070941
0.00065015
0.00042882
0.00022598
-4.9385e-05
6.9161e-06
1.6473e-05
-0.0001901
-0.00052131
-0.0007106
-0.00028185
0.00053006
0.0010183
0.001046
0.0006025
0.00033177
0.00020464
8.1173e-05
0.0004779
0.0010168
0.001129
0.00071257
0.00039532
0.00011169
-0.0001789
5.895e-05
0.00061026
0.0012141
0.0013414
0.0010219
0.00066144
0.00053747
0.00020591
-6.5566e-05
-7.1328e-06
0.00010089
0.0001556
0.00011017
-0.00010837
-0.00057189
-0.0011829
-0.0014604
-0.0014902
-0.0015066
-0.001316
-0.00077941
-8.3165e-05
0.00015344
-0.00011628
-0.00064386
-0.0012553
-0.0014656
-0.0013626
-0.0012764
-0.0013223
-0.0015808
-0.0019725
-0.0021298
-0.0015996
-0.0011093
-0.00080557
-0.00072392
-0.0012462
-0.001511
-0.0016725
-0.0019583
-0.0021731
-0.0019877
-0.0019689
-0.0016164
-0.0014338
-0.0012055
-0.0005916
3.6751e-05
-5.6254e-05
-0.00074751
-0.0016036
-0.0020325
-0.0020035
-0.001373
-0.00084416
-0.0003627
-1.2083e-05
-0.00051342
-0.0014145
-0.0020337
-0.0023543
-0.0020438
-0.0015615
-0.0014482
-0.0010961
-0.0012847
-0.0017119
-0.0019532
-0.001659
-0.0016485
-0.0010806
-0.00084592
-0.00065778
-0.00033095
-0.00035269
-0.00098874
-0.0010283
-0.00082349
-0.00074645
-0.00073259
-0.00079019
-0.00085413
-0.00090868
-0.00081982
-0.00049858
9.1028e-05
0.00069886
0.00072619
0.00062719
0.0006138
0.00062469
0.00068688
0.00075605
0.0008142
0.0007517
0.00048988
-2.9871e-06
-0.00039843
-4.4969e-05
0.00029642
0.0003918
0.00085902
0.00089078
0.00083297
0.00087384
0.00093199
0.00089127
0.00054425
-6.4162e-05
-0.00054404
-0.00048548
-0.00038374
-0.0004104
-0.0005629
-0.00085539
-0.00112
-0.0010171
-0.00049192
-0.00044897
-0.00050915
-0.00051209
-0.00051902
-0.00054405
-0.00062363
-0.00071163
-0.00071172
-0.00053582
-0.00011985
0.00040382
0.00054205
-6.2717e-05
-0.00062238
-0.00059609
-0.00051839
-0.0005115
-0.00051762
-0.00052229
-0.00055009
-0.00055314
-0.00050186
-0.0004585
-0.0005725
-0.00089293
-0.0013302
-0.0015335
-0.0012792
-0.0014267
-0.0018473
-0.0019041
-0.0018374
-0.0016729
-0.0013908
-0.0011855
-0.0014095
-0.0018204
-0.0018345
-0.0017673
-0.0017197
-0.0015843
-0.0013289
-0.0010138
-0.0008501
-0.00069993
-0.00055445
-0.00087262
-0.0010995
-0.0013181
-0.0016788
-0.0015614
-0.0011731
-0.00074615
-0.00057887
-0.00057554
-0.0006746
-0.0012435
-0.0014716
-0.0010068
-0.00034979
2.2252e-05
-1.3069e-05
-3.0817e-05
-1.2123e-06
-7.385e-05
-0.00039463
-0.00096302
-0.001389
-0.0014282
-0.0013549
-0.0011573
-0.000761
-0.00034469
-0.00040583
-0.00098399
-0.0012214
-0.00091162
-0.0006519
-0.00085228
-0.0012462
-0.0012987
-0.0012977
-0.0013052
-0.0012195
-0.00097419
-0.00063771
-0.00048191
-0.00030396
1.9403e-05
2.5162e-05
-1.0144e-05
2.2585e-05
8.0026e-05
0.00014071
0.00014469
2.3608e-05
-0.00037141
-0.0009769
-0.0013789
-0.0013498
-0.0011486
-0.00073028
-0.00014617
0.00018255
7.6801e-05
-6.8725e-06
0.00021908
0.00083531
0.0015475
0.0015797
0.00078974
-0.00032014
-0.00094816
-0.0006057
0.00015773
0.00047273
0.00038866
0.0002954
0.00027245
0.00030199
0.00033787
0.00033851
0.00028496
0.00022182
0.00026003
0.00054368
0.0011161
0.0017541
0.0018228
0.0012725
0.00059699
0.00033429
0.0004486
0.00073925
0.0012357
0.0017397
0.0016907
0.001291
0.0011345
0.00078951
0.00050389
0.00056068
0.00080684
0.0013029
0.0019598
0.0022448
0.0021539
0.0019289
0.001534
0.0012031
0.0014038
0.0015377
0.0010451
0.00088704
0.00093741
0.00095077
0.00094381
0.00089692
0.00085921
0.00090145
0.0011432
0.0016975
0.0023797
0.0025671
0.0024789
0.0021984
0.0016299
0.0010317
0.0011587
0.0018579
0.0027291
0.0031833
0.0032243
0.0026611
0.0022027
0.0016839
0.0010635
0.0010681
0.0014979
0.0021843
0.0028261
0.0027162
0.0022754
0.001661
0.0011328
0.0013726
0.0021115
0.0029868
0.0032627
0.0031948
0.0025977
0.0025654
0.0025779
0.0022654
0.0017573
0.0014437
0.002061
0.0026824
0.0024735
0.0020757
0.0019197
0.0022457
0.0020292
0.001968
0.0026582
0.0027635
0.0026445
0.0023576
0.0018036
0.0012482
0.0012647
0.0013059
0.0012345
0.0011703
0.0011244
0.0011974
0.0014547
0.001766
0.0019689
0.0017152
0.0019615
0.0019752
0.0023685
0.0020589
0.0015831
0.0016258
0.0011998
0.0011949
0.0012712
0.001261
0.0012025
0.0011658
0.0011383
0.0011365
0.0011781
0.0012477
0.0012143
0.0010532
0.00076739
0.00053187
0.000696
0.0012408
0.0012655
0.0011236
0.00095892
0.0007527
0.00058022
0.00066823
0.00096104
0.00061963
0.00026726
0.00017491
-0.00021797
-0.00017966
-8.0567e-05
-0.00017998
-0.00054437
-0.0011724
-0.0016759
-0.0016517
-0.0015741
-0.0015638
-0.0015641
-0.0015885
-0.0016287
-0.0016971
-0.0017422
-0.0016186
-0.0011556
-0.00047082
-6.9983e-05
-0.00025261
-0.00074639
-0.0013813
-0.0017188
-0.0016257
-0.001528
-0.001502
-0.0015363
-0.0016099
-0.0016443
-0.0016327
-0.0016299
-0.0016625
-0.0017151
-0.001718
-0.0015558
-0.0011054
-0.00046924
-0.00022822
-0.00067871
-0.0013583
-0.0017447
-0.0016745
-0.0015889
-0.0015812
-0.0016024
-0.0016371
-0.001658
-0.0016653
-0.0016568
-0.0016442
-0.0016337
-0.0016409
-0.0016702
-0.0017136
-0.0017252
-0.0016394
-0.0014111
-0.0011119
-0.0010455
-0.001619
-0.0022088
-0.0023179
-0.0018828
-0.001535
-0.0015342
-0.0016216
-0.0018109
-0.0021214
-0.0023903
-0.0022813
-0.0021492
-0.0018465
-0.0016176
-0.0016572
-0.0016923
-0.0016832
-0.0016509
-0.0016298
-0.0016501
-0.0016684
-0.0016536
-0.0016213
-0.0015822
-0.0015719
-0.0015765
-0.0015673
-0.0015383
-0.0015052
-0.0014976
-0.0015489
-0.0015851
-0.0014506
-0.00099766
-0.00029504
0.00016125
0.00039318
0.00049619
0.00012132
-0.00018305
-0.00017508
-9.4999e-05
0.00011159
0.00059187
0.0012556
0.0015227
0.0012959
0.0008168
0.00026393
7.4804e-05
0.00014151
0.00015116
9.8716e-05
6.9364e-05
8.5977e-05
0.00012742
0.00019425
0.00024518
0.00012689
-0.00033537
-0.0011303
-0.0018378
-0.0023051
-0.0022336
-0.0017712
-0.0014252
-0.00083638
-0.00053793
-0.0011511
-0.001725
-0.0018777
-0.0014775
-0.00096181
-0.00021273
0.00089015
0.0016106
0.0016026
0.0012091
0.00088425
0.00086005
0.00046641
0.00043818
0.00077143
0.0011406
0.0012898
0.00069217
0.00016532
-0.00033131
-0.00064232
6.8567e-05
0.0013478
0.0021296
0.0020491
0.0015001
0.00065711
-0.00026075
-0.0015096
-0.0024957
-0.0026154
-0.0018791
-0.0011869
-0.00047342
0.00021122
0.00099257
0.001492
0.0015923
0.00096746
0.00022521
-0.00056754
-0.0011205
-0.001384
-0.00093499
-0.0002063
-6.2254e-05
-0.00018564
-0.00046826
-0.00083089
-0.00099287
-0.00047548
9.0617e-06
0.00076481
0.0019766
0.0028408
0.002928
0.0025078
0.0016139
0.00048469
1.9691e-05
0.00026014
0.00045272
0.00039518
5.2306e-05
-0.00058426
-0.0012398
-0.0012692
-0.001233
-0.0011833
-0.00080012
4.816e-05
0.0010087
0.0010489
0.00030198
0.00017896
0.00025333
0.00038839
0.00074449
0.001414
0.0021164
0.0020743
0.0016818
0.0010823
0.00050992
0.00059888
0.00072857
0.00070767
0.0005997
0.00058575
0.00088845
0.0015889
0.0023523
0.002359
0.0020093
0.0012984
0.00031649
-0.00024781
-0.00058674
-0.00039578
-0.00010069
8.3982e-05
2.5731e-05
-0.0002044
0.0002795
0.00077375
0.00081878
0.0011217
0.0018483
0.0026469
0.0029698
0.0028817
0.0023063
0.0019189
0.001394
0.00091539
0.00097334
0.0010648
0.0010536
0.0010153
0.00098577
0.00096724
0.00096138
0.00095606
0.0009596
0.00097618
0.0010155
0.0010433
0.00098582
0.00072578
0.00022414
-0.00032217
-0.00068749
-0.001328
-0.0019414
-0.0019491
-0.0014914
-0.00047838
0.00091341
0.0020398
0.0026952
0.0028864
0.0027642
0.002257
0.0020982
0.0018973
0.001677
0.0019397
0.0025598
0.0026422
0.0023483
0.0015805
0.0002805
-0.00086359
-0.0015541
-0.002097
-0.002289
-0.0020351
-0.001454
-0.00086662
-0.00018169
4.4412e-05
-9.5801e-05
0.00025749
0.00051308
0.00061389
0.00059063
1.507e-05
-0.00045832
-0.0006503
-0.00093685
-0.0011364
-0.0014159
-0.0018155
-0.001708
-0.0012531
-0.00063655
-0.00024437
-0.00029245
-0.00040474
-0.00057922
-0.00081656
-0.00094367
-0.0006213
-0.00019587
-0.00033669
-0.00081832
-0.0014324
-0.0017931
-0.0017362
-0.0017102
-0.001756
-0.0017807
-0.0016453
-0.0012631
-0.00068754
-0.00033312
-0.00037848
-0.00042483
-0.00036039
-0.00022036
2.106e-05
0.00028426
0.00032865
0.00032879
0.00059204
0.00084809
0.0010041
0.00054383
-8.8453e-05
-0.00032136
-2.1405e-07
0.00036036
0.00039494
0.00034511
0.00050563
0.00064621
0.00067012
0.00010903
-0.00045502
-0.00086482
-0.001472
-0.0018278
-0.0016255
-0.0011604
-0.00060438
-0.00032813
-0.00042774
-0.0004636
-0.00032125
-3.1647e-05
0.00024396
0.00017235
1.3997e-06
0.00011943
-9.1327e-05
-0.00035441
4.9422e-05
0.00071041
0.0011203
0.0011287
0.0010801
0.0009311
0.00053244
-5.1304e-05
-0.00040033
-0.00034711
-0.00028466
-0.00027573
-0.00028358
-0.00032543
-0.00036923
-0.00038833
-0.00040068
-0.0004005
-0.0003395
-0.00019374
5.2194e-05
0.00023959
-7.2909e-06
-0.00043307
-0.00045095
-0.00038239
-0.00031512
-0.00024081
-0.0002383
-0.00043015
-0.00091436
-0.0015516
-0.0017904
-0.0013524
-0.00068677
-0.00026442
-0.00028071
-0.00032462
-0.00035083
-0.00044252
-0.00050867
-0.00040992
2.6783e-05
0.00073686
0.0012734
0.0010776
0.00058741
1.8286e-05
-0.00022785
0.00018478
0.00052188
0.00059899
0.00095172
0.00091086
0.00095997
0.0013823
0.0020407
0.0024692
0.0020995
0.0014288
0.00091896
0.00093557
0.0010279
0.0011397
0.0014368
0.0019818
0.002483
0.0024652
0.0023643
0.0022359
0.0020307
0.0018704
0.0020398
0.0024726
0.0021625
0.0014922
0.000996
0.0010241
0.0011572
0.0011446
0.00099365
0.00074022
0.00051388
0.00060415
0.0011187
0.0011536
0.0011016
0.0011106
0.0010812
0.0008734
0.0005044
0.00020798
8.9338e-05
-0.00026673
4.4776e-05
0.00069998
0.0011716
0.0011325
0.0010514
0.0010797
0.0011328
0.0011818
0.0011582
0.001133
0.00115
0.0012416
0.0012871
0.0011645
0.00082653
0.00035599
0.00011488
0.000383
0.00033719
-0.00013821
-6.3568e-05
0.0002146
0.00050739
0.00060563
0.00045267
0.00073498
0.00091551
0.001335
0.0012723
0.00095314
0.0006558
0.00060594
0.0009343
0.00097482
0.0010551
0.000469
-4.9955e-05
9.1847e-05
0.00026537
0.00021259
-0.00017508
-0.0009165
-0.00165
-0.0018481
-0.0016841
-0.0012402
-0.0012247
-0.0011492
-0.00080294
-0.00033605
-0.00017086
-0.00075261
-0.0012842
-0.0012543
-0.0011814
-0.0012044
-0.0012253
-0.0011659
-0.00086422
-0.0002821
0.00021479
0.00019605
0.00017661
0.00024119
0.00031796
0.00036925
0.00029191
-3.865e-05
-0.00058765
-0.0010207
-0.00095911
-0.00090843
-0.0010205
-0.0012698
-0.0015242
-0.0014338
-0.00089272
-0.00078821
-0.00079491
-0.00085562
-0.0011611
-0.001716
-0.0021679
-0.0021242
-0.0020376
-0.0020133
-0.0020025
-0.0020204
-0.0020315
-0.0019232
-0.0015313
-0.00092186
-0.00051338
-0.00076174
-0.0010599
-0.00091724
-0.00034316
-0.0002548
-0.00024503
-0.00013419
1.3987e-05
3.2017e-05
-0.00039345
-0.0013629
-0.0024774
-0.0028202
-0.0023152
-0.0015005
-0.00077533
-0.00058119
-0.00078916
-0.0012775
-0.0012105
-0.0010437
-0.0010371
-0.0010459
-0.0010147
-0.00085796
-0.00059359
-0.00036054
-0.00044324
-0.0008176
-0.0005562
-3.4735e-05
0.00025704
0.00016142
0.00047947
0.0012483
0.0011996
0.00068
0.00068652
0.00077821
0.00080135
0.0007866
0.00070883
0.00066046
0.0007581
0.0011596
0.0018271
0.0023751
0.0023662
0.0021983
0.0018589
0.0013144
0.00088908
0.00091053
0.00080298
0.00044859
0.00017198
4.7404e-05
-0.00042203
-0.00045356
-0.00034731
-0.00030748
-0.00029701
-0.00039088
-0.00070278
-0.0012935
-0.0018068
-0.0018204
-0.0017575
-0.0017341
-0.0017234
-0.0017806
-0.0018483
-0.0018197
-0.0015262
-0.00097499
-0.00048082
-0.00037415
-5.2923e-05
0.00051292
0.00092687
0.00072121
0.00033547
2.6441e-05
-0.00028623
-0.00098886
-0.00088364
-0.00025159
-0.00028692
-0.00069116
-0.0013243
-0.0018805
-0.0018783
-0.001795
-0.00178
-0.0017974
-0.0018216
-0.001838
-0.0018429
-0.0018583
-0.001883
-0.0019106
-0.0018792
-0.0017414
-0.0014784
-0.0012494
-0.0013929
-0.0019454
-0.0019504
-0.0017358
-0.0014613
-0.001235
-0.001404
-0.0019478
-0.0018879
-0.0015357
-0.0011377
-0.00099006
-0.0012735
-0.001421
-0.0018392
-0.0018483
-0.0018202
-0.0020311
-0.0023682
-0.0026194
-0.00238
-0.0025642
-0.0024146
-0.0025975
-0.0023959
-0.002405
-0.0018924
-0.0017473
-0.0017341
-0.0016673
-0.0017304
-0.0019876
-0.0025643
-0.0031429
-0.0031344
-0.0030954
-0.0031074
-0.0030705
-0.0028916
-0.0026028
-0.0025457
-0.0030147
-0.0028517
-0.0024986
-0.0025326
-0.0031572
-0.0031839
-0.0027899
-0.0021837
-0.0014819
-0.0014271
-0.0017506
-0.0023518
-0.0029911
-0.0030644
-0.0027621
-0.0021535
-0.0012726
-0.00066602
-0.000266
-0.00048631
-0.00089941
-0.00096304
-0.0013026
-0.0012002
-0.00070951
-0.00036061
-0.00056071
-0.00070894
-0.0011876
-0.0013855
-0.0013
-0.0011681
-0.00086009
-0.00037446
0.00017606
0.0002288
0.00014162
0.00016511
0.00047536
0.0011065
0.0017725
0.0017407
0.001247
0.00070478
0.00055742
0.00060283
0.0004216
-4.7033e-05
-0.00048551
-0.00021713
0.00063225
0.001194
0.0012949
0.000904
0.00062691
0.00068658
0.00079055
0.00083918
0.00086472
0.00088683
0.00088988
0.00079193
0.00052895
0.00017034
5.1019e-05
-6.081e-05
0.00030446
0.0012582
0.0018927
0.0019006
0.0018684
0.0019539
0.0018452
0.0021213
0.0025852
0.0026358
0.0025976
0.0025612
0.0025643
0.0026305
0.0027437
0.0028137
0.0026803
0.0022183
0.0015726
0.001246
0.0014873
0.0019035
0.0022423
0.0022068
0.0020076
0.0019315
0.0019117
0.0021786
0.0020491
0.0015453
0.0016019
0.0019108
0.0022836
0.0024482
0.0022307
0.0021158
0.0016888
0.0016457
0.0017097
0.0017104
0.0017596
0.0018271
0.0019028
0.0018073
0.0014145
0.00077471
0.0003352
0.00049591
0.00091841
0.0015018
0.0019779
0.00193
0.0018898
0.0019238
0.001951
0.001908
0.0018857
0.0019891
0.002349
0.0029115
0.0032662
0.0026706
0.0019702
0.0019271
0.0020307
0.0021995
0.0025322
0.0028766
0.002805
0.0017929
0.0010678
0.00060955
0.00099544
0.0017504
0.002441
0.0024485
0.0021698
0.0016358
0.0007779
0.0002084
0.00083532
0.0009559
0.00086437
0.00085783
0.00084377
0.00088189
0.00085818
0.00082838
0.00079855
0.00085177
0.00092694
0.00096961
0.00093914
0.00081706
0.00058504
0.0003794
0.00052682
0.0013372
0.0016027
0.0010498
0.00082799
0.0008459
0.00091856
0.0010214
0.0010567
0.00093935
0.00066947
0.00037107
0.00028223
0.00069693
0.00065943
0.00032614
0.00016997
-0.00058918
-0.0013581
-0.0019037
-0.0017331
-0.00099993
-5.8609e-05
0.0004186
0.0003952
0.00055172
0.00045348
0.00014503
3.9218e-05
-0.00029922
-0.0005331
-0.00034993
-3.202e-05
0.00023253
0.00015065
0.00019698
0.00030387
0.00053991
0.00053607
0.00018984
3.8066e-05
-0.00024932
-0.0004276
-0.000387
-0.00055796
-0.0010783
-0.001769
-0.0020385
-0.0018328
-0.0013452
-0.00068665
-0.00026933
-2.5703e-05
0.00011286
-0.00026965
-0.00073823
-0.0011503
-0.0016544
-0.0018129
-0.0017593
-0.0019099
-0.0022777
-0.0026709
-0.0027193
-0.0025543
-0.0022496
-0.0017523
-0.0013005
-0.00085253
-0.00094282
-0.001763
-0.0024765
-0.0026462
-0.0022632
-0.0014842
-0.00074736
-2.403e-05
0.00057583
0.00093905
0.00081839
0.00033011
-0.00059444
-0.0016846
-0.0024295
-0.0029593
-0.0032001
-0.0028362
-0.0020947
-0.0013265
-0.00076442
-0.00048933
-0.00059355
-0.00066898
-0.00062261
-0.00052565
-0.00036211
-0.00017088
-2.3735e-05
-0.00010243
-4.3894e-05
0.00056993
0.00087941
0.00050058
-7.1706e-05
-0.00040469
-0.00043094
-0.0007009
-0.0012953
-0.0018351
-0.0018882
-0.0018648
-0.001754
-0.0013781
-0.0007437
-0.00015819
-0.0001039
-0.00025473
-0.00061259
-0.001236
-0.0017247
-0.0015486
-0.0011148
-0.00052822
-5.8638e-05
-0.00010381
-0.00013779
-7.9777e-05
-1.2921e-05
4.5539e-05
5.9521e-05
6.4206e-05
8.801e-05
0.00013371
0.00018878
0.00021866
0.00024315
0.00025071
0.00028749
0.00034734
0.00037808
0.00028919
4.3196e-05
-0.00019599
-5.2194e-05
0.00057074
0.00074716
0.00065736
0.00020761
-0.00080384
-0.0018974
-0.0022479
-0.0018226
-0.0012243
-0.00067025
-0.00036083
0.00017902
0.00071428
0.00071018
0.00045171
-0.00010523
-0.00087172
-0.0014456
-0.0020516
-0.001986
-0.0015931
-0.00096268
-0.00033811
-0.00045681
-0.00081223
-0.001129
-0.0011192
-0.0004331
-0.00031422
-0.00036112
-0.0003608
-0.000321
-0.0002317
-0.00025008
-0.00052061
-0.0011402
-0.0017882
-0.0016665
-0.0012023
-0.00060031
-8.8712e-05
-0.00035194
-0.00072554
-0.00074988
-7.9303e-05
7.5989e-05
6.3728e-05
7.3469e-05
5.0018e-05
3.3424e-05
-3.182e-05
-7.0021e-05
1.2403e-05
0.00038278
0.0010412
0.0017164
0.0016417
0.0012535
0.00065456
9.9981e-05
0.00025125
0.00060772
0.00094172
0.0009822
0.00035042
0.00025473
0.00032434
0.0003505
0.0003931
0.00042791
0.00046422
0.00045122
0.00044019
0.00043494
0.00043442
0.00044226
0.00046704
0.00051272
0.00055528
0.00054794
0.0005294
0.00052289
0.00053604
0.00058653
0.00065464
0.00067925
0.00056506
0.00031408
-0.00010653
-0.00034409
8.2272e-06
-3.2528e-05
-0.00072217
-0.00084824
-0.00069093
-0.00029308
0.00031735
0.00078503
0.00072476
0.00064037
0.00063595
0.00060298
0.00063482
0.00082727
0.0012446
0.001738
0.0018263
0.0011873
0.00065388
0.00073988
0.00087943
0.00091888
0.00091216
0.00086867
0.00080547
0.00077081
0.00087228
0.0012703
0.001873
0.0022803
0.0019518
0.0013633
0.00091692
0.0008497
0.00064252
0.00025098
9.897e-05
0.00038011
0.00050958
0.00086196
0.00083569
0.0008673
0.0012691
0.0018437
0.0020461
0.0013039
0.00038167
-0.00014761
-0.0002969
0.00014411
0.00048106
0.00050959
0.00089091
0.00087513
0.00080305
0.00073368
0.00056157
0.00035408
0.00034787
0.00057447
0.00020769
1.3862e-05
0.00031981
0.00048498
0.00090261
0.00092708
0.00082965
0.00067389
0.00038412
0.00016683
0.00041756
0.00098988
0.0012962
0.0014863
0.0012778
0.00081941
0.00060848
0.00037432
0.00021816
0.00049648
0.00093427
0.00095945
0.00082385
0.00061264
0.00034431
0.00019426
0.00047516
0.00091389
0.00090804
0.00079442
0.00074234
0.00075434
0.00080092
0.00084848
0.00085463
0.00080889
0.00076514
0.00074237
0.00072689
0.00075645
0.0008803
0.0011508
0.0014612
0.001433
0.0011583
0.00092021
0.00069035
0.00072956
0.00076763
0.00074272
0.00070663
0.00068326
0.00072023
0.00075968
0.00074579
0.00062671
0.00036088
4.6155e-05
-7.6697e-05
-0.00041685
-0.00062855
-0.00043708
-0.00015515
-3.4499e-05
-0.00038166
-0.00068092
-0.00070817
-0.00063079
-0.00043017
-0.00014479
3.8175e-06
-0.00032062
-0.00059792
-0.00059121
-0.00056127
-0.00053856
-0.00050392
-0.00050231
-0.00055591
-0.00062028
-0.00062263
-0.00044387
2.2055e-06
0.00058264
0.00082662
0.000791
0.00072319
0.00057506
0.00028831
7.0728e-06
-2.2375e-06
-0.00035185
-0.0004553
-0.00043084
-0.00063576
-0.0011021
-0.0016699
-0.0018129
-0.0017915
-0.0017319
-0.0016443
-0.00157
-0.0016297
-0.0018953
-0.0023105
-0.0026431
-0.0024603
-0.0023205
-0.0027614
-0.0028922
-0.0026482
-0.0021678
-0.0016441
-0.0015577
-0.0015338
-0.0012816
-0.00085762
-0.0004891
-0.00064739
-0.00075872
-0.00027781
-1.6e-05
2.492e-05
2.1371e-05
-0.00015742
-0.00058855
-0.0010875
-0.0011437
-0.0011013
-0.0011062
-0.0010594
-0.00083933
-0.00034005
0.00026011
0.00039505
0.00033863
0.00033113
0.00037674
0.00044113
0.00048075
0.00051054
0.00054851
0.0005691
0.00061064
0.00066491
0.00075819
0.00083081
0.00076993
0.00058059
0.00036619
0.00036333
0.00090783
0.0011556
0.00099909
0.00049896
-0.0002295
-0.0007376
-0.0010343
-0.00080019
-0.00041993
-0.00035003
3.9929e-05
0.00016714
8.6519e-05
-4.706e-05
-0.00027109
-0.0004485
-0.00029089
-0.00029855
-0.00016865
-0.00027691
-0.00033158
-0.00069129
-0.00082744
-0.00075701
-0.00072183
-0.00068909
-0.00069771
-0.00065517
-0.00053588
-0.00033488
-0.00022459
-0.0003751
-5.3685e-05
0.00048934
0.00044543
4.4531e-05
-0.00039107
-0.00050981
-0.00065916
-0.0010294
-0.001351
-0.0010919
-0.00053791
-0.00023978
0.0001054
0.00055439
0.0006175
0.00047058
0.00026627
8.0929e-05
7.4013e-05
-0.00028557
-0.0003344
-0.00024075
-0.00029466
-0.00056204
-0.0010634
-0.001472
-0.0012181
-0.00070492
-0.00024135
-0.0002901
-0.00037624
-0.00036358
-0.0003496
-0.0003347
-0.00037357
-0.00041457
-0.00038464
-0.00014091
0.00034728
0.00084199
0.00076941
0.00046341
2.9694e-05
-0.00029907
-4.4574e-06
0.00038484
0.00056329
0.001179
0.0011848
0.00053781
0.00024856
7.6874e-05
7.1499e-05
-0.00030959
-0.00029676
-7.0232e-05
0.00017553
0.00030204
2.0981e-06
1.3453e-05
-0.00011694
0.00032416
0.0007978
0.00056527
4.4741e-05
-0.00044615
-0.00040276
-0.00012385
0.00031931
0.00077399
0.00077464
0.00066203
0.00045092
5.5418e-05
-0.00033235
-0.00030188
-0.00022925
-0.00022734
-0.00023473
-0.00025952
-0.0002729
-0.00028553
-0.00027511
-0.00023378
-7.2057e-05
0.00012822
0.00014658
-0.00024776
-0.00026552
-0.00020604
-0.00025922
-0.00040469
-0.00060537
-0.00061438
-0.00021224
-0.00016327
-0.00021777
-0.00022153
-0.00022868
-0.00021282
-0.00020612
-0.00019479
-0.00019443
-0.00018835
-0.00018423
-0.00017055
-0.00016
-0.00015225
-0.00016447
-0.00017475
-0.00011223
6.1051e-05
0.00023235
0.00017798
-0.00013462
-0.0001524
-0.00013132
-0.00014163
-0.00012157
-0.00010126
-7.1769e-05
-5.2012e-05
-2.6765e-05
-3.9027e-05
-0.00013137
-0.00031531
-0.00047219
-0.00033761
0.00018514
0.00055851
0.00075992
0.00061807
0.00038386
0.00025069
0.00021939
-2.631e-05
-3.5621e-05
4.8056e-05
7.2052e-05
3.152e-05
-0.0001133
-0.00031981
-0.00046248
-0.00044173
-0.0004669
-0.00014517
0.00016342
0.00015915
0.00011954
8.9726e-05
9.709e-05
0.00017901
0.00034995
0.00055335
0.00061027
0.0004635
0.00039215
0.00020957
0.00024997
0.00031625
0.00024597
5.3685e-05
-0.00022646
-0.00037215
-0.00033523
-0.00029932
-0.00029076
-0.00027993
-0.00027628
-0.00027593
-0.00027254
-0.00021268
-7.3644e-05
0.00011504
0.0002229
0.00034603
0.00054474
0.00057069
0.00053641
0.00044948
0.00026693
8.9402e-05
0.00013677
0.00043784
0.0006204
0.00060117
0.00054853
0.00047964
0.00037808
0.0003107
0.0004159
0.00059237
0.00059869
0.00059645
0.00061774
0.00060713
0.00051612
0.00032017
7.2879e-05
1.8379e-06
0.00020272
0.00046492
0.00059729
0.00057123
0.00056898
0.00059543
0.00055994
0.00040874
0.00015696
-9.1505e-06
-1.5481e-05
-7.7927e-06
7.836e-06
9.444e-05
0.00027435
0.00049515
0.00057246
0.00054844
0.00054614
0.00056817
0.00057387
0.00051481
0.00035104
0.00013311
5.0676e-05
6.4906e-05
5.7712e-05
5.7954e-05
0.00011723
0.00027454
0.00047898
0.00056399
0.00056264
0.00060654
0.00069647
0.00074604
0.00063112
0.00054319
0.00054714
0.00054883
0.00054307
0.00054075
0.00054547
0.00055328
0.00054215
0.00048363
0.00038479
0.00034273
0.00046404
0.00055217
0.00053442
0.0005112
0.00049676
0.00048993
0.00048688
0.00048804
0.00048977
0.00048911
0.00049048
0.00049724
0.0004866
0.0004255
0.00028858
0.00012054
5.6127e-05
7.6533e-05
9.4339e-05
9.9391e-05
8.2379e-05
3.3619e-05
-4.5668e-05
-8.4768e-05
1.8264e-05
0.00013456
0.00019967
0.00022163
0.0001242
5.2562e-05
5.8856e-05
7.3034e-05
8.1841e-05
8.9321e-05
9.0817e-05
9.2988e-05
9.456e-05
8.4919e-05
4.6913e-05
-1.8511e-05
-7.1516e-05
-3.7443e-05
3.8358e-06
6.3373e-05
6.182e-05
-4.2234e-05
-0.00014102
-0.00012088
-6.1244e-05
-5.5967e-05
-0.00014163
-0.00011183
3.8486e-05
0.00020146
0.00023319
0.00013418
0.00010767
0.0001155
8.6137e-05
-3.6856e-07
-0.00010887
-0.00012378
-7.3913e-05
1.3295e-05
0.00010801
0.00012247
0.00011009
9.8967e-05
7.3373e-05
2.462e-05
-2.2588e-05
-1.858e-05
-3.6983e-05
2.406e-05
0.00011057
8.6227e-05
-6.7056e-06
-0.00010266
-0.00011132
-6.3091e-05
1.8437e-05
0.00010105
0.00010508
5.8846e-05
-1.3257e-05
-8.5706e-05
-7.6881e-05
-2.8517e-05
1.261e-05
1.9657e-05
7.164e-05
8.8987e-05
7.1152e-05
2.7066e-05
-4.23e-05
-9.6422e-05
-6.2087e-05
7.3176e-06
6.4201e-05
5.5854e-05
3.9267e-05
3.7103e-05
4.0794e-05
4.131e-05
4.1593e-05
3.7985e-05
2.1708e-05
-2.8249e-06
-2.5342e-05
-2.0571e-05
2.9633e-05
2.6382e-05
-1.8254e-06
-3.2188e-05
-5.7947e-05
-4.9725e-05
-6.8227e-05
-2.9915e-05
1.5924e-05
1.005e-05
1.142e-06
5.6362e-07
-1.0853e-06
-2.3562e-06
-3.537e-06
-3.9014e-06
-2.9473e-06
-1.9488e-06
-1.1109e-05
-2.5407e-05
-4.3554e-05
-5.0557e-05
-2.9312e-05
-4.1538e-05
-4.6989e-05
-1.5022e-05
-2.3989e-06
4.2171e-06
-4.3364e-06
-3.077e-05
-3.2557e-05
-2.906e-05
-3.0631e-05
-3.6587e-05
-4.8602e-05
-6.0053e-05
-6.0504e-05
-5.1689e-05
-6.3678e-05
-6.3915e-05
-4.0903e-05
-2.5575e-05
-6.7229e-06
4.5722e-06
-1.1005e-05
-3.8464e-05
-6.6934e-05
-8.3996e-05
-9.5387e-05
-9.2869e-05
-9.0798e-05
-9.1908e-05
-9.3227e-05
-9.288e-05
-8.8716e-05
-8.047e-05
-7.1328e-05
-6.8388e-05
-7.4891e-05
-7.8102e-05
-8.8429e-05
-8.8945e-05
-8.6326e-05
-8.243e-05
-7.623e-05
-7.2225e-05
-7.6864e-05
-9.0943e-05
-9.5138e-05
-9.0537e-05
-7.9786e-05
-7.8203e-05
-7.8937e-05
-7.8567e-05
-7.8467e-05
-7.8161e-05
-7.746e-05
-7.6587e-05
-7.6078e-05
-7.5559e-05
-7.5203e-05
-7.4691e-05
-7.4195e-05
-7.3557e-05
-7.3089e-05
-7.2793e-05
-7.2892e-05
-7.2954e-05
-7.2384e-05
-7.0103e-05
-6.5991e-05
-6.1812e-05
-6.2351e-05
-6.7911e-05
-7.1292e-05
-7.0519e-05
-6.9684e-05
-6.9313e-05
-6.9149e-05
-6.8849e-05
-6.8413e-05
-6.8098e-05
-6.8696e-05
-7.0736e-05
-7.379e-05
-7.5326e-05
-7.4444e-05
-7.2777e-05
-7.0312e-05
-6.7213e-05
-6.5487e-05
-6.5624e-05
-6.5834e-05
-6.5603e-05
-6.5267e-05
-6.5059e-05
-6.5509e-05
-6.6831e-05
-6.8742e-05
-6.9728e-05
-6.9429e-05
-6.8951e-05
-6.8269e-05
-6.6991e-05
-6.5533e-05
-6.5004e-05
-6.5815e-05
-6.6647e-05
-6.6887e-05
-6.7062e-05
-6.7611e-05
-6.7608e-05
-6.76e-05
-6.7597e-05
-6.7393e-05
-6.6871e-05
-6.6243e-05
-6.6041e-05
-6.6376e-05
-6.6696e-05
-6.6967e-05
-6.7216e-05
-6.7492e-05
-6.7781e-05
-6.8104e-05
-6.8425e-05
-6.8757e-05
-6.907e-05
-6.9398e-05
-6.974e-05
-7.0116e-05
-7.0487e-05
-7.0868e-05
-7.1239e-05
-7.1621e-05
-7.201e-05
-7.2423e-05
-7.2837e-05
-7.3278e-05
-7.3735e-05
-7.4218e-05
-7.468e-05
-7.5086e-05
-7.5517e-05
-7.6069e-05
-7.6571e-05
-7.7006e-05
-7.7445e-05
-7.7907e-05
-7.8371e-05
-7.884e-05
-7.9294e-05
-7.9753e-05
-8.0241e-05
-8.0772e-05
-8.1306e-05
-8.1845e-05
-8.2385e-05
-8.2935e-05
-8.3488e-05
-8.4049e-05
-8.4615e-05
-8.5187e-05
-8.5763e-05
-8.6346e-05
-8.6933e-05
-8.7526e-05
-8.8123e-05
-8.8727e-05
-8.9335e-05
-8.9948e-05
-9.0566e-05
-9.119e-05
-9.1818e-05
-9.2452e-05
-9.309e-05
-9.3734e-05
-9.4382e-05
-9.5035e-05
-9.5693e-05
-9.6356e-05
-9.7024e-05
-9.7697e-05
-9.8374e-05
-9.9057e-05
-9.9744e-05
-0.00010044
