-7.9684e-05
-8.0013e-05
-7.9805e-05
-8.0783e-05
-8.0086e-05
-7.8902e-05
-7.5674e-05
-7.423e-05
-7.321e-05
-7.4448e-05
-7.3659e-05
-7.2463e-05
-6.7982e-05
-6.221e-05
-5.6586e-05
-5.9602e-05
-6.4574e-05
-6.7482e-05
-6.4453e-05
-6.0091e-05
-5.4535e-05
-5.4976e-05
-6.7407e-05
-9.6623e-05
-0.00012814
-0.0001411
-0.00011915
-7.4641e-05
-3.0244e-05
-2.6391e-05
-6.4977e-05
-0.00011494
-0.00012539
-7.4738e-05
1.5176e-05
9.042e-05
0.00010845
6.3737e-05
2.7993e-05
3.6854e-05
9.8879e-05
0.00014665
0.00014265
7.3324e-05
-2.4775e-05
-9.2557e-05
-7.8943e-05
2.1484e-05
0.00015632
0.0002407
0.00020153
1.3653e-05
-0.00025868
-0.0005509
-0.00069931
-0.00064994
-0.00043717
-0.00017187
3.0883e-06
-4.0743e-05
-0.00027925
-0.00051244
-0.00054204
-0.00022035
0.00034981
0.00086628
0.0010587
0.00082296
0.00036408
1.718e-05
-6.8807e-05
0.00018381
0.00060786
0.00097989
0.0011648
0.0011501
0.00094839
0.00049044
-0.00022416
-0.00099539
-0.0015441
-0.0015681
-0.00093049
8.4217e-05
0.00097114
0.0012746
0.00072723
-0.00034412
-0.0012377
-0.0016064
-0.001194
2.4559e-05
0.0016235
0.0029204
0.0034869
0.003036
0.0018857
0.00061807
-0.00019516
-0.00036896
-5.0137e-05
0.00024345
0.00010287
-0.00039306
-0.00083771
-0.0009333
-0.00090627
-0.0013051
-0.0025279
-0.0045135
-0.0065231
-0.007346
-0.0060303
-0.0025585
0.0018351
0.0051442
0.0059667
0.0046666
0.0028936
0.0017888
0.0016164
0.0020447
0.0025211
0.0026064
0.0022403
0.0015455
0.00076015
0.00014142
-0.00010051
-4.9611e-05
3.6416e-05
-1.9766e-05
-0.00037928
-0.0011627
-0.0022154
-0.0034775
-0.0047751
-0.0055398
-0.0050663
-0.0031369
-0.00032367
0.0022854
0.0035566
0.0024837
-0.000851
-0.0051493
-0.0081999
-0.0080349
-0.0039016
0.0029574
0.0093621
0.012619
0.012595
0.010612
0.0081043
0.00566
0.0030431
0.00010281
-0.0027483
-0.0045314
-0.0042213
-0.0018954
0.00063658
0.0010561
-0.0013117
-0.0055996
-0.010048
-0.013149
-0.013143
-0.0084517
-0.00019713
0.0080622
0.014251
0.01727
0.016252
0.011888
0.0063805
0.0014221
-0.0017298
-0.0027947
-0.0022268
-0.00073743
0.00064754
0.001394
0.0015227
0.0012032
0.00025939
-0.0015424
-0.0039812
-0.0062001
-0.0071121
-0.0071489
-0.0077541
-0.0096389
-0.012207
-0.013534
-0.011558
-0.006256
0.00027334
0.0056259
0.0077372
0.0068006
0.0051303
0.0045967
0.006053
0.009301
0.013417
0.01703
0.018682
0.017313
0.012638
0.0057647
-0.0004063
-0.0045528
-0.0065179
-0.0067335
-0.0060573
-0.0050052
-0.0034603
-0.0020439
-0.0023282
-0.0053581
-0.01013
-0.014232
-0.014708
-0.010238
-0.0023812
0.0064812
0.015178
0.021957
0.025405
0.026143
0.025362
0.023489
0.019781
0.013908
0.0080777
0.0051667
0.0058787
0.0085848
0.010447
0.00943
0.0054683
1.7665e-05
-0.0042103
-0.0050493
-0.0022769
0.0017098
0.0035643
0.0013887
-0.0039924
-0.0095063
-0.012488
-0.012692
-0.010979
-0.0087561
-0.0078316
-0.0094409
-0.013006
-0.017023
-0.020573
-0.023398
-0.025746
-0.02756
-0.027909
-0.025116
-0.018925
-0.010407
-0.0025778
0.0022974
0.0035218
0.0019535
-0.00050801
-0.0025144
-0.0032916
-0.0031759
-0.0030604
-0.0041801
-0.0076137
-0.012887
-0.018065
-0.021505
-0.021971
-0.019034
-0.013593
-0.0086116
-0.0063747
-0.0075799
-0.011091
-0.014049
-0.012618
-0.0048753
0.0071016
0.019132
0.02653
0.024923
0.015969
0.00484
-0.0059047
-0.012548
-0.012307
-0.0067172
0.0011746
0.0084944
0.012569
0.012875
0.010524
0.0084165
0.0096898
0.016652
0.028652
0.042279
0.054858
0.06503
0.071467
0.075059
0.07663
0.076705
0.076172
0.075478
0.074395
0.07244
0.069346
0.06456
0.058251
0.05183
0.047542
0.045988
0.046766
0.047866
0.046144
0.04063
0.030979
0.018462
0.0051413
-0.0072592
-0.016236
-0.022324
-0.027146
-0.032452
-0.039675
-0.049168
-0.06119
-0.073726
-0.084718
-0.094077
-0.10054
-0.10306
-0.10102
-0.092816
-0.077048
-0.05403
-0.025615
0.0010006
0.018412
0.025919
0.023592
0.013103
-0.00098522
-0.015961
-0.029843
-0.038688
-0.0419
-0.041028
-0.036202
-0.027495
-0.016144
-0.0048997
0.001467
-0.00049797
-0.010246
-0.024752
-0.042487
-0.060736
-0.078119
-0.094487
-0.10717
-0.11497
-0.11646
-0.10958
-0.0948
-0.074593
-0.053896
-0.038028
-0.02651
-0.020986
-0.022688
-0.02949
-0.039023
-0.049199
-0.057551
-0.06268
-0.064255
-0.062425
-0.05954
-0.056962
-0.05475
-0.05291
-0.051074
-0.047852
-0.040757
-0.027553
-0.0085107
0.014252
0.038897
0.061931
0.078819
0.090669
0.099494
0.10639
0.11202
0.11605
0.1184
0.119
0.11919
0.12089
0.12488
0.13036
0.13625
0.14219
0.14664
0.14812
0.14668
0.14332
0.1388
0.13357
0.12819
0.12335
0.1197
0.11769
0.11711
0.11785
0.12051
0.1251
0.13004
0.133
0.13143
0.12484
0.11599
0.10759
0.10143
0.098839
0.099351
0.10049
0.099894
0.095554
0.087516
0.078218
0.069623
0.063009
0.056715
0.048745
0.038489
0.02531
0.010666
-0.0040108
-0.01745
-0.02769
-0.035784
-0.040927
-0.0449
-0.04986
-0.055439
-0.061899
-0.067959
-0.0736
-0.078362
-0.081626
-0.083605
-0.082972
-0.079544
-0.073576
-0.065367
-0.05584
-0.046912
-0.039861
-0.036176
-0.035311
-0.037933
-0.045277
-0.056869
-0.072036
-0.089586
-0.10722
-0.12213
-0.13558
-0.14691
-0.15519
-0.16084
-0.16201
-0.15897
-0.1533
-0.1458
-0.1372
-0.12786
-0.11837
-0.1102
-0.10171
-0.095269
-0.090253
-0.085872
-0.081889
-0.076897
-0.069074
-0.058962
-0.048847
-0.039519
-0.032648
-0.030749
-0.033653
-0.040611
-0.05023
-0.060039
-0.06867
-0.075177
-0.077117
-0.073424
-0.063295
-0.048818
-0.03383
-0.019977
-0.0078744
-3.8949e-05
0.0032761
0.0019435
-0.0040893
-0.012958
-0.023906
-0.034983
-0.044859
-0.051537
-0.055526
-0.056782
-0.055053
-0.052196
-0.050143
-0.049523
-0.050187
-0.05034
-0.048813
-0.044748
-0.038417
-0.030105
-0.021033
-0.012687
-0.0062308
-0.00016027
0.0052261
0.010738
0.017014
0.024359
0.03278
0.04153
0.050733
0.060255
0.069202
0.07669
0.081699
0.085383
0.087785
0.089083
0.089155
0.088071
0.085445
0.081556
0.077529
0.074586
0.073357
0.073681
0.075047
0.076441
0.077173
0.077988
0.079093
0.08184
0.086202
0.091119
0.095363
0.097895
0.097259
0.092266
0.082695
0.069485
0.053977
0.035961
0.014914
-0.0077727
-0.03201
-0.055343
-0.077888
-0.096622
-0.10925
-0.11655
-0.11713
-0.11341
-0.10701
-0.10001
-0.0949
-0.092567
-0.090748
-0.087731
-0.082245
-0.073172
-0.061016
-0.047708
-0.035838
-0.026048
-0.01902
-0.014471
-0.0099307
-0.0047917
0.0012343
0.0088141
0.017592
0.026558
0.034834
0.04133
0.045031
0.046015
0.043944
0.040324
0.037
0.034812
0.034533
0.037024
0.041871
0.047583
0.052414
0.054086
0.051053
0.043491
0.032814
0.020267
0.0077889
-0.0027411
-0.010647
-0.013841
-0.011804
-0.0054663
0.0037501
0.014166
0.023624
0.03115
0.036395
0.037941
0.035141
0.029066
0.021136
0.012483
0.0041472
-0.0023294
-0.0057031
-0.0059162
-0.0038423
-0.00085284
0.0017302
0.0031254
0.0040763
0.0061243
0.010608
0.017624
0.026951
0.037137
0.046024
0.052906
0.058028
0.061744
0.064358
0.065176
0.063913
0.060434
0.054434
0.046571
0.038063
0.029381
0.021515
0.015392
0.010459
0.0062982
0.0019924
-0.0026816
-0.0070131
-0.010326
-0.01161
-0.011012
-0.0088547
-0.0059307
-0.0031095
-0.00077861
0.00048946
0.00042607
-0.00057481
-0.00126
-0.00058496
0.00096939
0.0029034
0.0042979
0.004107
0.0020914
-0.0013083
-0.0062563
-0.012392
-0.018374
-0.022449
-0.024856
-0.025187
-0.0243
-0.022596
-0.020383
-0.018775
-0.017502
-0.015626
-0.01258
-0.00791
-0.0010194
0.0072834
0.015256
0.022084
0.026637
0.029284
0.029542
0.026672
0.021303
0.01457
0.0072477
0.00045119
-0.0047005
-0.0077429
-0.0080443
-0.0069849
-0.0050941
-0.003249
-0.0035428
-0.0065007
-0.011009
-0.016456
-0.021742
-0.025774
-0.028793
-0.030131
-0.029647
-0.028564
-0.027106
-0.025375
-0.022618
-0.019755
-0.017519
-0.016427
-0.016564
-0.017304
-0.018746
-0.020407
-0.020954
-0.020246
-0.018399
-0.01531
-0.010848
-0.0060901
-0.0015934
0.0017864
0.0044157
0.0068039
0.0086392
0.0099051
0.011129
0.011152
0.010957
0.011092
0.011734
0.01314
0.014617
0.014502
0.013027
0.01012
0.0063865
0.0022807
0.00020768
0.00050396
0.0032434
0.008154
0.013074
0.016998
0.020037
0.021678
0.021682
0.020227
0.017641
0.013459
0.0083
0.0028302
-0.0030156
-0.0080117
-0.012027
-0.015437
-0.018363
-0.021155
-0.02398
-0.026829
-0.029875
-0.03323
-0.036724
-0.039711
-0.042395
-0.044821
-0.046909
-0.048757
-0.050915
-0.052957
-0.053295
-0.050865
-0.044315
-0.033767
-0.020028
-0.0044759
0.010347
0.023819
0.033788
0.040892
0.045001
0.046156
0.0438
0.0379
0.029433
0.020946
0.013952
0.0092988
0.0070401
0.0067388
0.0076829
0.0088757
0.0091677
0.0080002
0.0051772
0.00063944
-0.0055476
-0.013266
-0.02092
-0.027786
-0.033815
-0.039259
-0.04398
-0.047066
-0.048119
-0.046719
-0.043315
-0.039432
-0.035961
-0.033876
-0.033404
-0.033685
-0.033839
-0.033595
-0.032571
-0.03041
-0.027528
-0.024662
-0.021884
-0.019305
-0.017353
-0.016459
-0.016422
-0.016911
-0.018363
-0.02077
-0.023286
-0.025199
-0.026515
-0.027264
-0.027742
-0.028744
-0.029889
-0.03046
-0.03042
-0.029771
-0.028167
-0.025612
-0.022137
-0.017565
-0.012459
-0.0072512
-0.0023563
0.0020771
0.005614
0.0076962
0.0082974
0.0073968
0.005367
0.0028918
0.0010896
0.00033983
0.00090427
0.0031043
0.0064283
0.010144
0.013725
0.016662
0.019161
0.021729
0.024665
0.028394
0.033191
0.038492
0.043461
0.048276
0.052925
0.056807
0.059379
0.059989
0.0587
0.056489
0.054081
0.051442
0.049079
0.047346
0.046339
0.04619
0.046915
0.047536
0.047407
0.047476
0.048135
0.049266
0.050216
0.050897
0.05214
0.053592
0.054926
0.056327
0.057655
0.059103
0.060543
0.062051
0.063301
0.064125
0.064191
0.063909
0.063219
0.062068
0.061058
0.06023
0.058804
0.056601
0.053489
0.049944
0.046557
0.043194
0.039863
0.036377
0.032953
0.029461
0.02526
0.020253
0.013961
0.006574
-0.0010681
-0.0094663
-0.018003
-0.027147
-0.036216
-0.045129
-0.053744
-0.060177
-0.064631
-0.066752
-0.066982
-0.065692
-0.061934
-0.056789
-0.051828
-0.046917
-0.041792
-0.037341
-0.034055
-0.031842
-0.030713
-0.030678
-0.031177
-0.032464
-0.034468
-0.036613
-0.039402
-0.042525
-0.045353
-0.048693
-0.051445
-0.053527
-0.054796
-0.055414
-0.05525
-0.054617
-0.053866
-0.053652
-0.055047
-0.055914
-0.055487
-0.054122
-0.051899
-0.049586
-0.046408
-0.042542
-0.038303
-0.033272
-0.028838
-0.024937
-0.020438
-0.016353
-0.012388
-0.009607
-0.007204
-0.0047147
-0.0020202
0.0014204
0.004594
0.0081597
0.012178
0.015825
0.018962
0.0218
0.023766
0.025554
0.026529
0.026857
0.025763
0.025065
0.025261
0.025484
0.025589
0.025355
0.024601
0.023298
0.022057
0.020624
0.018373
0.014856
0.010531
0.0061081
0.0017705
-0.0020127
-0.0046062
-0.0071929
-0.0094623
-0.010629
-0.010565
-0.009121
-0.0060088
-0.0019712
0.0022853
0.006813
0.011566
0.015974
0.02005
0.023477
0.025802
0.027225
0.028072
0.028393
0.028748
0.028904
0.028388
0.028364
0.028439
0.028401
0.028341
0.028333
0.02857
0.029263
0.030236
0.030632
0.030502
0.029341
0.02833
0.02748
0.026256
0.025643
0.026003
0.026922
0.028105
0.028743
0.028704
0.028707
0.028552
0.027912
0.02662
0.025039
0.022875
0.020175
0.017859
0.016213
0.015081
0.01508
0.015151
0.015079
0.015026
0.015073
0.015191
0.015086
0.014333
0.012689
0.010707
0.0086891
0.0071219
0.0055641
0.0040826
0.0029443
0.00096665
-0.0014441
-0.0051592
-0.010049
-0.015362
-0.020572
-0.025834
-0.031427
-0.036167
-0.040682
-0.044423
-0.047647
-0.050718
-0.053525
-0.055701
-0.056889
-0.057952
-0.059084
-0.059124
-0.0591
-0.059483
-0.060084
-0.060549
-0.060087
-0.059384
-0.058919
-0.057741
-0.055786
-0.054121
-0.052005
-0.049252
-0.046445
-0.043739
-0.041088
-0.038385
-0.035369
-0.031771
-0.027573
-0.023416
-0.019332
-0.015169
-0.010806
-0.0064095
-0.0023928
0.00060061
0.0022321
0.0032828
0.0047811
0.0057892
0.0070023
0.007985
0.0086775
0.0096803
0.010381
0.011075
0.012766
0.015231
0.018156
0.020536
0.021749
0.021912
0.022239
0.022653
0.022809
0.023467
0.024467
0.024631
0.025022
0.026063
0.02725
0.028075
0.029234
0.030006
0.02911
0.027347
0.025205
0.022753
0.02029
0.017973
0.016497
0.015233
0.014237
0.013832
0.013743
0.013319
0.012324
0.011073
0.010032
0.0088367
0.0073303
0.0054824
0.0029763
0.00033428
-0.0026901
-0.0059023
-0.0086457
-0.010953
-0.01262
-0.013686
-0.01443
-0.014909
-0.015021
-0.014662
-0.01443
-0.014275
-0.01337
-0.011484
-0.009343
-0.007689
-0.0059493
-0.0039098
-0.0023323
-0.00083367
0.00078116
0.0021769
0.0028183
0.0025615
0.0015519
-0.00023848
-0.0020855
-0.0037098
-0.0050852
-0.0056233
-0.0055955
-0.0053561
-0.0046514
-0.0034533
-0.0023473
-0.0010598
0.00055241
0.0020126
0.0030218
0.0042074
0.00589
0.0077383
0.0094846
0.011457
0.013115
0.013813
0.014439
0.015516
0.016337
0.016531
0.01657
0.016608
0.016563
0.01644
0.016375
0.016546
0.017215
0.018417
0.01963
0.020696
0.021676
0.021867
0.022108
0.023014
0.024259
0.024718
0.02364
0.021651
0.019916
0.018313
0.016735
0.015471
0.013897
0.012587
0.011439
0.0111
0.011042
0.010932
0.011163
0.012072
0.013632
0.015045
0.016859
0.018545
0.020214
0.021864
0.022934
0.02383
0.023927
0.022851
0.021879
0.02076
0.018843
0.017004
0.015205
0.013381
0.012141
0.011027
0.011317
0.012225
0.013273
0.013769
0.013707
0.013862
0.014266
0.014491
0.013959
0.013474
0.012384
0.010696
0.0095185
0.0081802
0.0074924
0.006546
0.0055006
0.0040455
0.0013462
-0.0016814
-0.0051899
-0.0093633
-0.013681
-0.01814
-0.022573
-0.026526
-0.030581
-0.033723
-0.036624
-0.039096
-0.040411
-0.041697
-0.041647
-0.040804
-0.039309
-0.037605
-0.035971
-0.034682
-0.032997
-0.032154
-0.032025
-0.03323
-0.033557
-0.032136
-0.030155
-0.028891
-0.027911
-0.028078
-0.028263
-0.027647
-0.025964
-0.023096
-0.018885
-0.013948
-0.0085302
-0.0044625
-0.00091634
0.0016019
0.0033156
0.004413
0.004979
0.0054428
0.0063249
0.0076015
0.0087112
0.010001
0.011498
0.012579
0.013562
0.014175
0.015199
0.016415
0.017099
0.018281
0.019384
0.019459
0.019172
0.018574
0.017551
0.016708
0.016491
0.015709
0.013892
0.011491
0.0087758
0.006514
0.004921
0.0037206
0.0025774
0.0024843
0.0031639
0.0049311
0.0076557
0.010275
0.012645
0.014939
0.016987
0.018152
0.019012
0.019115
0.019147
0.019327
0.019361
0.01909
0.018242
0.016984
0.015636
0.013965
0.01143
0.0079865
0.0041618
0.00032086
-0.0036899
-0.0073395
-0.011272
-0.015015
-0.018344
-0.021093
-0.022709
-0.023788
-0.024856
-0.025248
-0.025696
-0.025905
-0.025408
-0.024628
-0.022897
-0.02046
-0.018495
-0.016915
-0.015183
-0.013537
-0.012378
-0.011457
-0.01146
-0.011601
-0.011583
-0.011333
-0.010693
-0.0098024
-0.0093199
-0.00984
-0.010745
-0.011222
-0.011868
-0.013503
-0.015808
-0.018249
-0.020598
-0.022129
-0.022737
-0.022709
-0.021769
-0.019959
-0.01823
-0.016534
-0.014229
-0.011423
-0.0085415
-0.0056718
-0.0029415
-0.00054183
0.0013616
0.00299
0.0052142
0.0082644
0.011029
0.012851
0.013487
0.013565
0.013979
0.014555
0.014622
0.014143
0.013727
0.013204
0.012251
0.011251
0.010392
0.0093765
0.008476
0.0081489
0.0081471
0.0083534
0.0089427
0.0098976
0.010627
0.010854
0.011146
0.012004
0.013142
0.013638
0.013767
0.014373
0.015457
0.016355
0.01658
0.016505
0.016472
0.016548
0.016681
0.016785
0.016627
0.015989
0.014929
0.01398
0.013169
0.012155
0.011435
0.011204
0.010698
0.0097269
0.0086862
0.0074068
0.005192
0.0025488
-0.00053732
-0.0034215
-0.0063943
-0.0098618
-0.013577
-0.016541
-0.018347
-0.019878
-0.021225
-0.021883
-0.022778
-0.024088
-0.024954
-0.02604
-0.02721
-0.027175
-0.027092
-0.027402
-0.028055
-0.028731
-0.028682
-0.028262
-0.027632
-0.027012
-0.027092
-0.027317
-0.027418
-0.027158
-0.026216
-0.02457
-0.022817
-0.021244
-0.020037
-0.018133
-0.016285
-0.014071
-0.011604
-0.01002
-0.0092041
-0.0081451
-0.0075536
-0.0075026
-0.0074223
-0.0073313
-0.0072259
-0.0071805
-0.0072053
-0.0071956
-0.0071303
-0.0070303
-0.0068859
-0.0068748
-0.0072584
-0.0081758
-0.0093374
-0.010073
-0.010337
-0.010276
-0.0096891
-0.0090605
-0.0077618
-0.0058365
-0.0039468
-0.0014927
0.0013871
0.0036858
0.005013
0.0059395
0.0066371
0.0063663
0.0053173
0.0046468
0.0045132
0.0039069
0.0027766
0.0020021
0.0019967
0.0021061
0.0021874
0.0022489
0.0021259
0.001665
0.00083719
-6.3323e-06
-0.00057513
-0.0013357
-0.0026276
-0.0035112
-0.0033268
-0.0024469
-0.00092893
0.00066214
0.001773
0.0023966
0.002953
0.0037638
0.004037
0.0034363
0.0030313
0.0035132
0.0041687
0.0047619
0.0053755
0.006359
0.0076147
0.0079046
0.0069799
0.0055321
0.0043895
0.003456
0.0026452
0.0023561
0.0024081
0.0027464
0.003529
0.0045648
0.0049972
0.0051341
0.005697
0.006588
0.0070738
0.0070296
0.0061575
0.0053149
0.0047105
0.0036599
0.0024586
0.0024956
0.003568
0.0050932
0.0063064
0.0077771
0.0093216
0.011377
0.013203
0.014512
0.016156
0.017478
0.01858
0.018751
0.01865
0.018969
0.019865
0.021163
0.021929
0.021802
0.021589
0.02177
0.022613
0.024157
0.025685
0.026847
0.027403
0.027381
0.02738
0.027524
0.027617
0.027435
0.026709
0.025525
0.02449
0.023452
0.021895
0.020639
0.018978
0.017746
0.016527
0.016236
0.016084
0.016021
0.016571
0.016584
0.016538
0.016599
0.016633
0.01642
0.015689
0.014426
0.013068
0.011513
0.0094386
0.0069116
0.0045023
0.0018673
-0.0014693
-0.0044392
-0.0073636
-0.010274
-0.012702
-0.014273
-0.015573
-0.017235
-0.018449
-0.01936
-0.019388
-0.019432
-0.019876
-0.020537
-0.020995
-0.020676
-0.020079
-0.019623
-0.019597
-0.019377
-0.018759
-0.018004
-0.01747
-0.016932
-0.01657
-0.015926
-0.015094
-0.014554
-0.014168
-0.01411
-0.013784
-0.012969
-0.012073
-0.01174
-0.011638
-0.011294
-0.011723
-0.012847
-0.01433
-0.015905
-0.018361
-0.021297
-0.024446
-0.026946
-0.029038
-0.031035
-0.033023
-0.034587
-0.035773
-0.0363
-0.035934
-0.034861
-0.033073
-0.030754
-0.028078
-0.025321
-0.022443
-0.019503
-0.016792
-0.014915
-0.0143
-0.014453
-0.014389
-0.01382
-0.012693
-0.01123
-0.0097765
-0.00829
-0.0067227
-0.0051019
-0.0029724
-0.00011018
0.0025554
0.004601
0.0060081
0.0072238
0.0084484
0.0094358
0.010474
0.011291
0.012189
0.013474
0.014996
0.016954
0.019394
0.021796
0.023488
0.024502
0.025359
0.026497
0.027481
0.0276
0.0269
0.025761
0.024916
0.024936
0.025653
0.026704
0.027496
0.027662
0.027611
0.027683
0.027766
0.027559
0.026749
0.025392
0.024227
0.023214
0.022413
0.022163
0.022063
0.021809
0.021617
0.021778
0.021595
0.020863
0.020222
0.019677
0.01916
0.018364
0.017217
0.016568
0.016116
0.015188
0.014056
0.01282
0.011103
0.0093854
0.007942
0.0066547
0.0056994
0.0052244
0.0050431
0.0051534
0.005042
0.0048283
0.0052344
0.0057324
0.0058514
0.0054543
0.0041903
0.0021427
0.00049045
-3.3202e-05
-0.00040517
-0.0013792
-0.0026194
-0.0038917
-0.0054097
-0.0067015
-0.0082818
-0.009631
-0.010861
-0.011215
-0.010998
-0.010408
-0.0092928
-0.0081249
-0.0069346
-0.0056732
-0.0053993
-0.0058846
-0.006924
-0.0083507
-0.0091879
-0.0099654
-0.010562
-0.011009
-0.012173
-0.014179
-0.015995
-0.017663
-0.019164
-0.020091
-0.021131
-0.0219
-0.022105
-0.022107
-0.022156
-0.022278
-0.022372
-0.022276
-0.021749
-0.020731
-0.019586
-0.018465
-0.017055
-0.015786
-0.014643
-0.013762
-0.012848
-0.011642
-0.011089
-0.011137
-0.011196
-0.011197
-0.011139
-0.011066
-0.011046
-0.011068
-0.011073
-0.01103
-0.010992
-0.011016
-0.011106
-0.011221
-0.011209
-0.010829
-0.009913
-0.0087588
-0.0083319
-0.0084868
-0.0085023
-0.0081354
-0.0072422
-0.0060555
-0.0054035
-0.0049406
-0.0039571
-0.0027868
-0.0016672
-0.00040357
0.00063063
0.0016509
0.0028253
0.0039324
0.0050824
0.0057495
0.0062629
0.0072415
0.0083943
0.0095901
0.011142
0.012567
0.013712
0.014182
0.014148
0.014185
0.014302
0.01438
0.014362
0.014274
0.014227
0.014435
0.01511
0.016175
0.017022
0.017216
0.017157
0.017197
0.01733
0.017451
0.017334
0.016732
0.015658
0.014765
0.014548
0.014681
0.014827
0.014893
0.014768
0.014208
0.01312
0.011923
0.010867
0.0098656
0.0094782
0.0093305
0.0085334
0.0071275
0.0059206
0.0048854
0.00407
0.0038623
0.0039401
0.0040007
0.0040221
0.0040351
0.0040154
0.0039478
0.0038504
0.0038193
0.0040446
0.0047291
0.0057859
0.0066099
0.0068291
0.0068098
0.0068335
0.006901
0.0069562
0.0069868
0.0070081
0.0070384
0.0070757
0.0071012
0.0071158
0.0071214
0.0070573
0.006842
0.0064567
0.0059749
0.0049529
0.0038961
0.002871
0.001705
0.00059394
-0.00051557
-0.00098342
-0.00087134
-0.00072635
-0.00076662
-0.0011894
-0.0021028
-0.0032145
-0.0036347
-0.003702
-0.0042326
-0.00523
-0.0060967
-0.0065358
-0.0070833
-0.0080288
-0.0088382
-0.0092312
-0.0097289
-0.010691
-0.011684
-0.012471
-0.013495
-0.014692
-0.015823
-0.016955
-0.017463
-0.017456
-0.017474
-0.017502
-0.017496
-0.017476
-0.017509
-0.01762
-0.017738
-0.01768
-0.017214
-0.016263
-0.015176
-0.014369
-0.013683
-0.013126
-0.012958
-0.013102
-0.013172
-0.012662
-0.012145
-0.011709
-0.010802
-0.0095809
-0.0083943
-0.0072327
-0.0065347
-0.0066373
-0.0067869
-0.0067046
-0.0062264
-0.0052049
-0.0039261
-0.0027581
-0.0016421
-0.00095251
-0.0010002
-0.0010601
-0.0010035
-0.00090963
-0.000815
-0.0007842
-0.00085473
-0.00094827
-0.00084876
-0.00029437
0.00080381
0.0020282
0.0031017
0.004136
0.0046125
0.0048811
0.0057194
0.0069599
0.0077277
0.0083305
0.0093645
0.010267
0.010561
0.010545
0.010547
0.010578
0.0106
0.010641
0.01071
0.01075
0.010706
0.010595
0.010547
0.010767
0.01146
0.012535
0.013372
0.013573
0.013483
0.013455
0.013506
0.013556
0.013613
0.013706
0.013804
0.01377
0.013394
0.012522
0.011439
0.011027
0.010951
0.010383
0.0093385
0.0084588
0.0081434
0.0079437
0.0074995
0.0070426
0.007063
0.0065359
0.0055874
0.0052433
0.005312
0.0055231
0.0059352
0.0065317
0.0069902
0.0074386
0.0079283
0.007769
0.0069484
0.0061295
0.0053995
0.0049342
0.0048823
0.0053375
0.0056862
0.0055408
0.0049573
0.0038891
0.0026991
0.0015761
0.00043168
-5.9277e-05
1.8992e-05
0.0001048
0.00013707
-2.5922e-05
-0.00056874
-0.0015742
-0.0025995
-0.0034067
-0.0043737
-0.0054099
-0.0062808
-0.0072199
-0.007874
-0.0078319
-0.0076382
-0.0079949
-0.0083764
-0.0084929
-0.0085136
-0.0083137
-0.0077047
-0.0067424
-0.0059776
-0.005656
-0.0051717
-0.0042042
-0.0032782
-0.002989
-0.0030669
-0.0028179
-0.0019115
-0.00054789
0.00028038
-3.8733e-05
-0.00096484
-0.0021904
-0.0029132
-0.0027765
-0.0025692
-0.002508
-0.0026745
-0.003237
-0.004201
-0.0052165
-0.0059716
-0.0068202
-0.0078799
-0.0088144
-0.0097915
-0.010721
-0.011024
-0.010932
-0.011037
-0.011574
-0.01253
-0.013466
-0.013947
-0.014406
-0.01533
-0.01628
-0.016638
-0.016598
-0.01657
-0.016603
-0.016658
-0.016713
-0.016721
-0.016681
-0.016651
-0.01663
-0.016629
-0.016689
-0.016794
-0.016854
-0.016656
-0.015981
-0.014837
-0.013847
-0.013568
-0.012907
-0.011761
-0.010525
-0.0088144
-0.006566
-0.0048294
-0.0034569
-0.0017725
-0.00060374
0.00039945
0.0016621
0.0032965
0.0047382
0.0063417
0.0074896
0.0083101
0.0083918
0.008764
0.0097551
0.01089
0.011456
0.011383
0.011351
0.011452
0.011632
0.011698
0.01144
0.01057
0.0093384
0.0086651
0.0087142
0.0088353
0.0089768
0.0091252
0.0090906
0.0085849
0.0073031
0.0053567
0.003934
0.0025724
0.0009994
-0.00068329
-0.0021483
-0.0028706
-0.0039984
-0.0052051
-0.0063358
-0.007561
-0.0076193
-0.0075114
-0.0075399
-0.0075686
-0.00758
-0.0075137
-0.00733
-0.0070704
-0.0070147
-0.0074514
-0.0074371
-0.0069855
-0.0065725
-0.0065296
-0.0063402
-0.0066676
-0.0072926
-0.007417
-0.007343
-0.0072558
-0.0071964
-0.0071858
-0.0072232
-0.0072867
-0.0073695
-0.00737
-0.0071394
-0.0065261
-0.005689
-0.0052
-0.0049337
-0.0048869
-0.0045839
-0.004284
-0.0042585
-0.0042275
-0.0041827
-0.0041387
-0.0041101
-0.0040656
-0.0040497
-0.0040224
-0.0039683
-0.0038824
-0.0037968
-0.0037628
-0.003903
-0.0043063
-0.0049659
-0.0055743
-0.0063281
-0.007364
-0.0087364
-0.0099092
-0.01091
-0.011641
-0.011732
-0.011574
-0.011712
-0.012486
-0.013998
-0.015611
-0.016783
-0.017375
-0.01715
-0.016734
-0.016329
-0.016146
-0.016105
-0.015434
-0.014509
-0.013779
-0.01251
-0.011018
-0.0096481
-0.0082197
-0.0069132
-0.005507
-0.004128
-0.0026112
-0.0011799
0.00016545
0.0012101
0.0021295
0.0030891
0.0048001
0.006605
0.0075637
0.0078265
0.0077194
0.0076775
0.0078683
0.0083564
0.0092287
0.010201
0.010699
0.010962
0.011764
0.013004
0.014126
0.015204
0.016325
0.017048
0.018182
0.019206
0.019239
0.019174
0.019215
0.019248
0.019258
0.019207
0.019182
0.019303
0.019729
0.020385
0.020834
0.02056
0.019977
0.019354
0.018822
0.017828
0.016713
0.016049
0.014942
0.013917
0.01394
0.014102
0.014152
0.013981
0.013394
0.012336
0.011288
0.010727
0.0096776
0.0084419
0.0084301
0.0085768
0.0085693
0.0083968
0.007971
0.0073831
0.0068709
0.0058239
0.005661
0.005276
0.0041593
0.0029722
0.002851
0.0027093
0.0022853
0.0021269
0.0026264
0.0030185
0.0038014
0.0050112
0.0056312
0.0056006
0.0056126
0.0056966
0.0056583
0.0052765
0.0044236
0.0035944
0.0038579
0.0051036
0.0057543
0.0056594
0.0055084
0.0054726
0.005545
0.0057254
0.0058793
0.0057922
0.0052689
0.0042607
0.0031428
0.0029405
0.0028505
0.0021756
0.0010309
0.00022959
0.00011002
0.00014661
0.00013752
0.00011873
0.00015812
0.00024998
0.00020326
-0.00019443
-0.0010388
-0.0019737
-0.0021395
-0.0024735
-0.0026061
-0.0025859
-0.0026789
-0.0028089
-0.0028756
-0.002624
-0.0018676
-0.00072313
1.804e-05
9.6795e-05
3.2926e-05
4.9299e-05
7.9671e-05
6.0358e-05
-3.654e-05
-8.7611e-05
0.00016835
0.0010487
0.0025065
0.0038169
0.0049432
0.0057397
0.0065559
0.0077143
0.0082912
0.0083315
0.0083453
0.0083681
0.0083437
0.0082325
0.0080394
0.0079256
0.008089
0.0077701
0.0067271
0.0058903
0.0057304
0.0058288
0.0056626
0.0050141
0.0039895
0.0032379
0.0030761
0.002956
0.0023511
0.0013163
0.00049351
0.000306
0.00021764
-0.00036001
-0.0014388
-0.0023407
-0.0025816
-0.0025107
-0.0024778
-0.0025019
-0.0025525
-0.0025908
-0.0025847
-0.0025184
-0.0024287
-0.0023838
-0.002489
-0.0029439
-0.0038559
-0.0047998
-0.0051963
-0.0052219
-0.0052566
-0.0051571
-0.0046452
-0.0036531
-0.0026693
-0.0023178
-0.0024295
-0.0025498
-0.0025528
-0.0022615
-0.0014396
-0.00020689
0.0006273
0.00065572
0.00048032
0.00010467
-0.00058807
-0.0013266
-0.0018717
-0.002144
-0.0020925
-0.0020669
-0.0021023
-0.0021365
-0.0021655
-0.0021669
-0.0021464
-0.0021011
-0.0020603
-0.0020259
-0.0020002
-0.0020424
-0.002266
-0.0027041
-0.0032278
-0.0039256
-0.0045414
-0.00459
-0.0049551
-0.0058843
-0.0069739
-0.007857
-0.0087369
-0.009593
-0.0099832
-0.010276
-0.010956
-0.011744
-0.01235
-0.012707
-0.012711
-0.012719
-0.01275
-0.012645
-0.012205
-0.011326
-0.010363
-0.0096848
-0.0089015
-0.0077252
-0.0069506
-0.006995
-0.0071273
-0.0071462
-0.0069663
-0.0063799
-0.0053408
-0.0043323
-0.0039668
-0.0040637
-0.0041946
-0.0042894
-0.0042588
-0.003893
-0.0030149
-0.0017873
-0.0010425
-0.0011504
-0.0013526
-0.0014171
-0.0012285
-0.00058629
0.00048017
0.0014659
0.0018013
0.0017097
0.0016495
0.0016719
0.0017345
0.0018105
0.0018642
0.0018623
0.0017782
0.0016878
0.0018099
0.0023812
0.0034204
0.0044005
0.0046928
0.0045184
0.0044471
0.0047712
0.0057016
0.0070174
0.0077068
0.0072066
0.0061916
0.0051558
0.0044411
0.0038135
0.0031203
0.0025971
0.0023274
0.0024084
0.002395
0.0019757
0.00099957
-0.00027363
-0.001414
-0.0024789
-0.0031205
-0.0031157
-0.003227
-0.0035098
-0.0036644
-0.0033687
-0.0029533
-0.003199
-0.0040266
-0.0051854
-0.0058928
-0.0058068
-0.0057026
-0.0057077
-0.0057387
-0.0057705
-0.0057674
-0.0057532
-0.0057589
-0.005821
-0.0058548
-0.0056514
-0.0050053
-0.003995
-0.0032278
-0.0030358
-0.0028505
-0.0021792
-0.0011171
-0.00041641
-0.0006331
-0.001301
-0.0015713
-0.0014169
-0.0011655
-0.00092588
-0.00078345
-0.00094989
-0.00081586
-0.00024563
5.9128e-05
9.1171e-05
0.00010978
8.2282e-05
5.0015e-06
-4.0325e-05
0.00012126
0.00069969
0.0017264
0.0027338
0.0035062
0.0044272
0.0053784
0.0061278
0.0069982
0.0078092
0.0082003
0.007637
0.0065161
0.0057479
0.0056005
0.0056133
0.0057236
0.0061866
0.0071314
0.0081116
0.0080257
0.0076245
0.0077912
0.007916
0.0083755
0.0085173
0.0084379
0.0084993
0.0087072
0.0090747
0.0093067
0.0089352
0.0085373
0.007764
0.0063712
0.005139
0.0046363
0.0050827
0.0057657
0.0059289
0.0058904
0.0058552
0.0056625
0.0051328
0.0042933
0.003627
0.0030632
0.0029799
0.0031288
0.0032391
0.0031794
0.002702
0.0016707
0.00046469
0.00016892
0.00023721
0.00026834
0.00036987
0.00056118
0.00061533
4.0752e-05
-0.0014933
-0.0036397
-0.0048831
-0.0053094
-0.0051155
-0.0050193
-0.0052672
-0.0059756
-0.0069821
-0.0076365
-0.0081759
-0.0080587
-0.0077356
-0.0074483
-0.0074497
-0.0081006
-0.008208
-0.0081337
-0.0081114
-0.0080844
-0.0080958
-0.0081017
-0.0081177
-0.0081148
-0.0081151
-0.0081028
-0.0081034
-0.0081041
-0.008124
-0.0081336
-0.0081293
-0.0080719
-0.0079979
-0.0079804
-0.0082082
-0.0088164
-0.0096863
-0.010247
-0.010811
-0.010845
-0.010872
-0.011016
-0.011002
-0.010456
-0.0092421
-0.0079586
-0.0079288
-0.008091
-0.0081003
-0.0080935
-0.0080553
-0.00804
-0.0079979
-0.0079227
-0.0079073
-0.0079995
-0.0082257
-0.0085559
-0.0086632
-0.0081538
-0.0080294
-0.0077193
-0.006835
-0.0056557
-0.0050662
-0.0052313
-0.0053346
-0.0050886
-0.0042917
-0.0030621
-0.0020695
-0.0012451
-0.00010133
0.00051829
0.00042797
0.00028862
0.00029596
0.0005775
0.0013152
0.0024967
0.0034518
0.0033993
0.0033422
0.0036089
0.0040867
0.0044645
0.0044907
0.0045842
0.0040342
0.0034916
0.0035468
0.0036625
0.0037032
0.003625
0.003473
0.0034711
0.0039417
0.0050553
0.0064625
0.0072367
0.0071092
0.0065556
0.0064807
0.0065455
0.006619
0.0067887
0.0070738
0.0073838
0.0073567
0.0068864
0.0068223
0.0068757
0.0069147
0.0070846
0.0073354
0.0076165
0.0075968
0.0072132
0.0072674
0.0072828
0.0069198
0.0061937
0.0054316
0.0053039
0.0058382
0.0069768
0.0075164
0.0074465
0.0074106
0.0074853
0.0076216
0.0076466
0.007284
0.0064052
0.0053811
0.0049109
0.0048078
0.0044562
0.0038758
0.0031842
0.0022179
0.0021361
0.0022671
0.0023475
0.0024429
0.0023846
0.0019988
0.0011209
6.6232e-05
-0.0004294
-0.00035573
-0.00028709
-0.00028082
-0.00029322
-0.00030191
-0.00032403
-0.00038433
-0.00045336
-0.00032565
0.00022022
0.0012165
0.0021719
0.0025154
0.0024808
0.0025351
0.002647
0.0025907
0.0020957
0.001126
0.00021546
-0.00010622
-0.00022416
-0.00066117
-0.0012382
-0.0012851
-0.00041655
0.00080875
0.0019842
0.0026733
0.0026006
0.0025076
0.0025357
0.0025965
0.002658
0.0026752
0.0026529
0.002613
0.0026238
0.0027528
0.0030277
0.0032934
0.0031967
0.0028764
0.002681
0.002088
0.0010985
0.00049832
0.001033
0.0021857
0.0024346
0.0013617
0.00027152
-6.4866e-05
5.971e-05
0.00015211
0.00015721
0.00012953
0.00010209
0.00010549
0.00012031
0.00010701
2.4718e-05
-9.2985e-05
-9.484e-05
0.00028063
0.0012305
0.0024816
0.0030328
0.0029606
0.0028872
0.0028943
0.0029408
0.0029879
0.0030168
0.003024
0.0030228
0.003022
0.0030263
0.003026
0.0030648
0.0031187
0.0030784
0.0028323
0.0023737
0.0019778
0.0022361
0.002978
0.0033825
0.0033187
0.0028689
0.0019057
0.0007265
0.00026101
0.00036999
0.00044642
0.00044106
0.00039416
0.00034594
0.00030729
0.00029277
0.00030332
0.00035682
0.00043147
0.00045857
0.00028054
-0.00024912
-0.0010545
-0.0016595
-0.0022027
-0.0023448
-0.0023488
-0.0024093
-0.0024173
-0.0023648
-0.0022789
-0.0022959
-0.0026157
-0.0033719
-0.0042236
-0.0043559
-0.0038211
-0.0038698
-0.0045112
-0.0051997
-0.0051875
-0.0044648
-0.0032576
-0.0020929
-0.0010977
-2.8508e-05
0.00039967
0.00088346
0.0017237
0.0024192
0.0029883
0.0030584
0.0029832
0.0031669
0.0037514
0.0046574
0.0053425
0.0058692
0.0059593
0.0059002
0.005904
0.0059504
0.0060261
0.0060964
0.006119
0.0061136
0.0060967
0.0060715
0.0060521
0.0060715
0.0061543
0.0062763
0.0062966
0.0059764
0.0051059
0.0038982
0.0032575
0.0033096
0.0033765
0.0033922
0.0034343
0.0035071
0.0034892
0.0031505
0.00229
0.0011398
0.00059802
0.00073601
0.00083641
0.00071386
0.00033106
-0.00020879
-0.00048577
0.00012028
0.00061667
1.6104e-05
-0.00099429
-0.0016761
-0.0022792
-0.0022347
-0.0018962
-0.0013537
-0.00074176
-0.00063218
-0.00045978
-0.00021506
-0.00037995
-0.0013388
-0.0017244
-0.0015128
-0.0017875
-0.0015486
-0.0014702
-0.0020998
-0.0022041
-0.0021499
-0.0021461
-0.0021226
-0.0021166
-0.0020909
-0.0020956
-0.0021363
-0.0022533
-0.0023484
-0.0022538
-0.001684
-0.00056078
0.00060625
0.00060513
0.00067021
0.0012626
0.0021235
0.0026512
0.002959
0.0026703
0.0023968
0.0014111
0.00078286
0.000543
-0.00028308
-0.0014849
-0.0021101
-0.0019542
-0.0017872
-0.0018842
-0.0024889
-0.0036777
-0.0049098
-0.0049497
-0.0049614
-0.0054658
-0.0061505
-0.006509
-0.0070584
-0.0076961
-0.0076965
-0.0076128
-0.0075849
-0.007611
-0.0077079
-0.0078591
-0.0079399
-0.0077412
-0.0070428
-0.0059373
-0.0052456
-0.0063967
-0.0078035
-0.0078863
-0.0077792
-0.0077328
-0.0074932
-0.0069056
-0.0060267
-0.0054433
-0.0048938
-0.0049086
-0.0050322
-0.0050978
-0.0050871
-0.0049581
-0.0046571
-0.0042148
-0.0038777
-0.0041257
-0.0042532
-0.0051302
-0.0058443
-0.0063053
-0.0060025
-0.0053143
-0.0047618
-0.0047801
-0.0049037
-0.0049103
-0.0048854
-0.0048052
-0.004762
-0.0047798
-0.004826
-0.0048159
-0.0048197
-0.0048403
-0.0047979
-0.0047227
-0.0047021
-0.0048045
-0.0049723
-0.005021
-0.0046734
-0.0037784
-0.0025958
-0.0020495
-0.0022077
-0.002229
-0.0017971
-0.00086963
0.0001097
0.00023311
0.00071116
0.00077678
0.00069544
0.00069948
0.00068506
0.00076307
0.00095604
0.0013289
0.0016432
0.0015953
0.0019177
0.0017265
0.0015988
0.002157
0.0025364
0.0030677
0.0035527
0.0036564
0.0038843
0.0043203
0.0046072
0.0046092
0.0051777
0.0063899
0.0071561
0.0082423
0.0091981
0.0091903
0.0090906
0.009097
0.0091237
0.0091925
0.009291
0.0094221
0.0094992
0.0094234
0.0089883
0.0081247
0.0072173
0.007004
0.0072688
0.0075109
0.0083106
0.0089984
0.0094765
0.0093973
0.0089258
0.0081142
0.0071585
0.0066645
0.0063058
0.0054835
0.0044015
0.0038598
0.0038659
0.0039237
0.0039601
0.0040335
0.0040762
0.0040017
0.0035233
0.0025597
0.0014463
0.00094358
0.00078133
0.00066692
0.00087588
0.0012349
0.0012176
0.0011487
0.0011273
0.0011283
0.0011455
0.0011727
0.0012066
0.0012416
0.0012429
0.0012137
0.0012033
0.0012245
0.0012279
0.001254
0.0014032
0.0017697
0.0022466
0.0023958
0.0021448
0.002033
0.0017581
0.00093423
-1.1021e-05
-0.00094335
-0.0015094
-0.0019427
-0.0025074
-0.0025746
-0.0020877
-0.0014737
-0.0012424
-0.001312
-0.0013749
-0.0013796
-0.0013351
-0.0012381
-0.0011268
-0.0010283
-0.0010466
-0.0013474
-0.0019686
-0.0026289
-0.002597
-0.0016956
-0.001149
-0.00096289
-0.00034841
0.00063361
0.0011957
0.00082346
-9.366e-05
-0.00157
-0.0035
-0.0051875
-0.005744
-0.0051215
-0.0043477
-0.0037781
-0.0035305
-0.003509
-0.0036844
-0.004337
-0.0054824
-0.0065378
-0.0073026
-0.0079441
-0.00775
-0.0067226
-0.0061714
-0.005479
-0.0043021
-0.0035385
-0.0036854
-0.0044796
-0.0055802
-0.0062775
-0.0062635
-0.0060865
-0.0060299
-0.0062274
-0.0067875
-0.0076307
-0.00829
-0.0088405
-0.0089361
-0.0088693
-0.0088695
-0.0089112
-0.0089657
-0.0089706
-0.008848
-0.0085201
-0.0079778
-0.0073825
-0.0062737
-0.0058633
-0.00595
-0.0062462
-0.0069521
-0.0078408
-0.0080716
-0.0074767
-0.007067
-0.0066825
-0.0062107
-0.0060131
-0.0055723
-0.0045771
-0.0034437
-0.0031918
-0.0030559
-0.0023367
-0.0011868
-0.00036007
-0.00025502
-0.00032501
-0.00033355
-0.00026979
-0.00018965
-0.00016799
-0.00032856
-0.00074732
-0.0013144
-0.0016343
-0.0020993
-0.002764
-0.0029854
-0.0029579
-0.0026769
-0.0019766
-0.00095948
-0.00025211
6.1894e-05
0.00070328
0.001759
0.0025103
0.0027999
0.003304
0.0041607
0.0048574
0.0054323
0.0055321
0.0054449
0.0054768
0.0056836
0.0061075
0.0065136
0.0065174
0.00668
0.0063209
0.0056581
0.0055344
0.0056314
0.0057417
0.0057976
0.0058085
0.0056987
0.0053919
0.0048061
0.0042382
0.0043714
0.0049918
0.0056091
0.0057275
0.0055989
0.0055469
0.0055425
0.0055877
0.005644
0.0057161
0.0057419
0.0057523
0.0057101
0.0055971
0.0053982
0.0051618
0.0051045
0.0055578
0.0057807
0.0057459
0.0056947
0.0056615
0.0056629
0.0057248
0.0058385
0.0059336
0.0058231
0.00535
0.0045444
0.0038201
0.0032578
0.0030597
0.0031369
0.0031987
0.0031868
0.0031426
0.0031037
0.0030992
0.0031384
0.0032263
0.0033094
0.0033391
0.003208
0.0027979
0.0022047
0.0018046
0.0014374
0.00094329
0.00071262
0.00066579
0.00048496
0.00020731
9.3881e-05
0.00050164
0.00080887
0.00071238
0.00044263
9.4533e-05
-0.00015821
-0.00054417
-0.001173
-0.0013826
-0.0016312
-0.0020469
-0.0019367
-0.0013757
-0.00040718
0.00058113
0.0010205
0.0010456
0.00089492
0.00041488
-0.00049881
-0.0014347
-0.0018512
-0.0018852
-0.001895
-0.0017638
-0.0012555
-0.00029722
0.00067669
0.0010578
0.00098875
0.00093856
0.00094096
0.00095816
0.000977
0.0010211
0.0010731
0.0010593
0.00095709
0.00087319
0.00098024
0.0015014
0.0024696
0.0034243
0.0037731
0.0036994
0.0036476
0.0036677
0.0037076
0.0037474
0.0037642
0.003768
0.0037598
0.003755
0.003749
0.0037505
0.0037517
0.0037607
0.0037669
0.0037712
0.0037553
0.0037257
0.0036936
0.0037187
0.0038528
0.0041154
0.0043598
0.0042457
0.0037129
0.003652
0.0037605
0.0038784
0.0039697
0.0038332
0.0032699
0.0022566
0.0013169
0.0010442
0.0012255
0.0013488
0.0011935
0.00058164
-0.00047146
-0.0014233
-0.0016742
-0.0015093
-0.0015762
-0.0021433
-0.0031969
-0.004201
-0.0045385
-0.0044259
-0.0043682
-0.0044214
-0.004494
-0.0045442
-0.0045905
-0.0046238
-0.0046167
-0.0045654
-0.0045322
-0.0045312
-0.0045379
-0.0045477
-0.0045721
-0.0046025
-0.0046163
-0.0046015
-0.0045948
-0.0045554
-0.0044031
-0.0041355
-0.0039422
-0.0041671
-0.0045699
-0.0045886
-0.0045333
-0.0045135
-0.0045148
-0.0045402
-0.0045656
-0.0045616
-0.004502
-0.0043988
-0.0043493
-0.0044912
-0.0049328
-0.0056594
-0.0063326
-0.0066567
-0.006657
-0.0064449
-0.0061028
-0.0054238
-0.0048807
-0.0045572
-0.004493
-0.0044357
-0.0044562
-0.0047998
-0.005492
-0.0061444
-0.005894
-0.0048957
-0.0044794
-0.0045599
-0.0045991
-0.0046014
-0.0045861
-0.004566
-0.0045542
-0.004564
-0.0045717
-0.0045548
-0.0045375
-0.0045583
-0.0045925
-0.0046234
-0.004615
-0.0045948
-0.0046137
-0.0046955
-0.0047918
-0.004755
-0.0043044
-0.0033196
-0.0021914
-0.0019811
-0.0025388
-0.0029749
-0.0026817
-0.0019653
-0.0016912
-0.0018239
-0.0019379
-0.001776
-0.0011247
-3.8878e-05
0.00084283
0.001089
0.0010636
0.0010683
0.0010332
0.00089616
0.00064773
0.00051654
0.00090622
0.0012379
0.0012319
0.0011718
0.0011564
0.0011954
0.0012334
0.0012764
0.0013346
0.0013769
0.0013343
0.0012224
0.0011599
0.001362
0.0020494
0.0031682
0.004049
0.0042681
0.0042152
0.0042236
0.004264
0.004312
0.0043754
0.0044578
0.0045346
0.0045989
0.0046538
0.0046394
0.004421
0.0039274
0.0033617
0.0033166
0.0038403
0.0045136
0.0048016
0.0047492
0.0046903
0.0046952
0.0047483
0.0048148
0.0048444
0.0048444
0.0048514
0.0048822
0.0049291
0.0049575
0.004969
0.0049825
0.0049916
0.0050394
0.005154
0.0052534
0.0051212
0.0044924
0.0033473
0.0023591
0.0021362
0.0025744
0.0035383
0.0047653
0.0053106
0.0052576
0.0050823
0.0046421
0.003911
0.0032731
0.0027795
0.0025731
0.0025877
0.0025849
0.0025925
0.0026523
0.002738
0.0027676
0.0025958
0.0020517
0.0012228
0.00064425
0.0005387
0.0010888
0.0016821
0.0011306
0.00022269
-6.4491e-06
0.00010885
7.9236e-05
-0.00030373
-0.0010448
-0.001734
-0.0023213
-0.0026825
-0.0026665
-0.0026095
-0.0025519
-0.0024621
-0.0024281
-0.002531
-0.0027972
-0.0031672
-0.003404
-0.0036079
-0.0037932
-0.0033687
-0.0027062
-0.0023332
-0.0023579
-0.0024061
-0.0024034
-0.0023716
-0.0023025
-0.0022569
-0.0022374
-0.0022861
-0.0024395
-0.0026757
-0.0028145
-0.0025553
-0.0021956
-0.0023256
-0.0026489
-0.0029348
-0.0034769
-0.0044302
-0.004948
-0.0048782
-0.00478
-0.0047375
-0.0047598
-0.0048548
-0.0049361
-0.0048779
-0.0045416
-0.0038746
-0.0031678
-0.002828
-0.0026136
-0.0024576
-0.0019622
-0.0019426
-0.002196
-0.0025201
-0.0028413
-0.0031262
-0.0038267
-0.0038761
-0.0035829
-0.0038604
-0.0040516
-0.0038838
-0.0040408
-0.0041339
-0.0046111
-0.0047995
-0.0050478
-0.0053621
-0.0053284
-0.0047794
-0.0046284
-0.004451
-0.0040644
-0.0037525
-0.0038746
-0.0036849
-0.0041914
-0.0046299
-0.0040223
-0.0032266
-0.002919
-0.0025074
-0.0020273
-0.0020618
-0.0018316
-0.0010284
1.9199e-05
0.00041812
0.00032974
0.00082515
0.00087263
0.00077969
0.00081379
0.0008402
0.00090369
0.00094635
0.00096364
0.00096377
0.00097226
0.00093775
0.00087171
0.00078984
0.00083164
0.0011347
0.0016927
0.0022558
0.0022643
0.0021807
0.0021841
0.0021962
0.0022358
0.0022416
0.0022309
0.0021845
0.0021708
0.0022343
0.0024532
0.0027638
0.0029055
0.0024716
0.002265
0.0022027
0.0020566
0.0018107
0.0016535
0.0018865
0.0017828
0.0016593
0.0020968
0.002277
0.0022463
0.002169
0.0020213
0.0018171
0.0017278
0.0019427
0.0016096
0.00099934
0.0010296
0.0014223
0.0017443
0.0015884
0.0014836
0.001026
0.00084666
0.00088547
0.00087067
0.00083858
0.00081951
0.00083238
0.00085503
0.00088312
0.00093487
0.00099083
0.00093063
0.00060725
-0.00011976
-0.00099466
-0.0011744
-0.00061772
-0.00039251
-0.00043098
-0.00051807
-0.00071666
-0.0011327
-0.0017353
-0.0021414
-0.0025681
-0.0030199
-0.0028597
-0.0021625
-0.0016755
-0.0013546
-0.0010393
-0.0011027
-0.0012051
-0.00064306
-4.4271e-06
0.00015055
-0.00033639
-0.00088221
-0.0011172
-0.00096679
-8.4421e-05
0.00082409
0.0010162
0.00084346
0.00074035
0.00088611
0.0014215
0.0022917
0.0030442
0.0036049
0.0038262
0.0038117
0.0038388
0.0038825
0.0039135
0.0039363
0.0039535
0.0039705
0.0039874
0.0039904
0.0040123
0.0040355
0.0040417
0.0040442
0.004041
0.0040285
0.0040159
0.0040789
0.0042218
0.0043008
0.0041241
0.0035009
0.002469
0.0016217
0.0013944
0.0014411
0.0014431
0.0014304
0.0014278
0.0014063
0.0013864
0.001396
0.0014317
0.0014618
0.0014299
0.0012685
0.00096419
0.00068416
0.00074615
0.00072371
0.00063588
0.00034107
6.9728e-05
-6.549e-05
-0.00042995
-0.00096674
-0.0012126
-0.0011866
-0.0011774
-0.0011987
-0.0012228
-0.0012059
-0.0011494
-0.0011068
-0.0012314
-0.0016871
-0.0024688
-0.00318
-0.0037578
-0.0039641
-0.0038823
-0.0038493
-0.0038799
-0.0039134
-0.0039297
-0.0039225
-0.0039085
-0.0039042
-0.003872
-0.0038111
-0.0037488
-0.0037187
-0.003768
-0.0039914
-0.0044494
-0.0048462
-0.0046139
-0.003961
-0.0036767
-0.0037281
-0.0037889
-0.0038066
-0.0037959
-0.0037672
-0.0037369
-0.0037135
-0.0037122
-0.0036888
-0.0036573
-0.0036379
-0.0036416
-0.0036921
-0.0037899
-0.0038428
-0.0036636
-0.0030353
-0.0019977
-0.001138
-0.00083149
-0.00067179
-0.00040743
-0.00028563
-0.0007147
-0.001229
-0.0014818
-0.0014837
-0.0017666
-0.0022196
-0.0027211
-0.0033265
-0.0035306
-0.0033332
-0.0030661
-0.0029304
-0.0031048
-0.0029307
-0.0023059
-0.0020341
-0.0019907
-0.0019522
-0.0019701
-0.002165
-0.002633
-0.003208
-0.0033782
-0.003384
-0.0033548
-0.003136
-0.0026305
-0.0020099
-0.001837
-0.0018484
-0.0018742
-0.0019245
-0.0019653
-0.0019294
-0.0016752
-0.0011226
-0.00047149
-0.00031686
-0.00040738
-0.00046523
-0.00042118
-0.00019974
0.0002263
0.00068905
0.00079179
0.0011566
0.0022168
0.0025768
0.0025044
0.002476
0.0024904
0.0025588
0.0026244
0.0026519
0.00265
0.0026552
0.0026636
0.0026777
0.0026787
0.0027329
0.0027972
0.0028552
0.0028579
0.0028046
0.0027207
0.0026914
0.0028852
0.0034754
0.0043698
0.0050388
0.0055795
0.005683
0.005621
0.0056341
0.0056829
0.0057613
0.005811
0.005802
0.0057648
0.0057864
0.0059286
0.0062427
0.0065717
0.0066588
0.0071316
0.007348
0.0073236
0.0072795
0.0070926
0.0067705
0.0064646
0.0064989
0.0059578
0.0058571
0.0058989
0.0058881
0.0059357
0.0059992
0.0060306
0.0058394
0.005255
0.0043519
0.0037483
0.0032013
0.0031786
0.0032283
0.003199
0.0032176
0.0031844
0.0031698
0.0031575
0.0031557
0.0031393
0.0031369
0.0031518
0.0032147
0.0032728
0.0032312
0.0029049
0.0022271
0.0014289
0.00094046
0.00057391
0.00050133
0.00021964
-0.00036825
-0.00089461
-0.001003
-0.0011851
-0.0015156
-0.0017033
-0.0016904
-0.0020455
-0.0021624
-0.0025492
-0.0035075
-0.0046124
-0.0051292
-0.0050444
-0.0049557
-0.0049707
-0.004972
-0.0049789
-0.0050967
-0.0054247
-0.0059734
-0.0064218
-0.0064424
-0.0065568
-0.0068949
-0.0071499
-0.0068173
-0.0060226
-0.0054084
-0.0050679
-0.0050625
-0.0049838
-0.0047229
-0.0045169
-0.0047412
-0.0051278
-0.0051288
-0.0050447
-0.0049945
-0.0049634
-0.00497
-0.0050818
-0.0054604
-0.0061771
-0.0069546
-0.0075659
-0.0079782
-0.008021
-0.007879
-0.0074051
-0.0065055
-0.005592
-0.0051052
-0.0047432
-0.0041911
-0.0037784
-0.0033424
-0.0027374
-0.0024506
-0.0024326
-0.0023896
-0.0023389
-0.0023284
-0.0023852
-0.0025098
-0.0025934
-0.0023995
-0.0017252
-0.00066526
0.0001336
0.00033405
0.00047382
0.00097951
0.0016383
0.0017497
0.0011138
3.4492e-05
-0.00084547
-0.0010441
-0.00081886
-0.0004144
0.000111
0.00050615
0.0010764
0.0020982
0.0029647
0.0032087
0.0031666
0.0031553
0.0031656
0.0031607
0.0031527
0.0032215
0.0034816
0.0040511
0.0047149
0.0048196
0.004522
0.0039893
0.0034163
0.0033506
0.0034435
0.0034867
0.0035138
0.0035259
0.0035078
0.0034867
0.0034882
0.0035121
0.0035594
0.0036045
0.0036045
0.0035789
0.0035633
0.0035829
0.0036654
0.0037801
0.0038114
0.0036237
0.0030835
0.0022722
0.0016701
0.0011458
0.00096263
0.00089994
0.00088722
0.0012055
0.0020476
0.0032106
0.0038599
0.0038476
0.0038033
0.003877
0.0039718
0.0040622
0.0040291
0.0037479
0.0031793
0.0026226
0.0026791
0.0027234
0.0024364
0.0019121
0.0013509
0.0014018
0.001414
0.0010746
0.00050912
7.5514e-05
0.00060826
0.0015093
0.0022343
0.0031646
0.0037333
0.0040497
0.0035137
0.0025958
0.0020376
0.001559
0.0016432
0.001718
0.001506
0.00098247
0.00029315
-7.4356e-05
-0.00062453
-0.0011296
-0.00078689
-0.00013934
0.00033832
0.00036734
0.00036225
0.00044068
0.00039962
2.0716e-06
-0.0009057
-0.0019687
-0.0024543
-0.0023881
-0.0022957
-0.0022772
-0.0022691
-0.0022721
-0.0023798
-0.0027028
-0.0032519
-0.0037061
-0.0036971
-0.0036371
-0.0036431
-0.003658
-0.0036784
-0.0036689
-0.0036448
-0.0036227
-0.0036384
-0.0036291
-0.0035966
-0.0036003
-0.0036275
-0.0036485
-0.0036477
-0.0036059
-0.0035916
-0.0035781
-0.0035803
-0.0036143
-0.0036862
-0.0037293
-0.0036179
-0.0031947
-0.0024523
-0.0016858
-0.0015092
-0.0019798
-0.0017207
-0.001272
-0.0012141
-0.0006499
-0.00058343
-0.00065474
-0.0006372
-0.00059616
-0.00052942
-0.00051946
-0.00052473
-0.00054482
-0.00056751
-0.00057024
-0.0005262
-0.0005217
-0.0005329
-0.00053976
-0.00053985
-0.0005168
-0.00047167
-0.00042307
-0.00042742
-0.00044621
-0.00046696
-0.0004679
-0.00042706
-0.00033603
-0.00026616
-0.00034169
-0.00068835
-0.0013976
-0.0021785
-0.0024616
-0.0022157
-0.001359
-0.00071152
-0.00028825
-0.00031361
-0.00039911
-0.0004089
-0.00039636
-0.00021782
0.00016498
0.00066133
0.00080759
0.00022883
-0.0003426
-0.00033013
-0.00022994
-0.00016952
-0.0001661
-0.00023719
-0.00036569
-0.00043894
-0.00023534
0.00055205
0.001831
0.002665
0.0020261
0.0007723
-0.00020666
-0.0003048
-0.0005532
-0.0011536
-0.0015219
-0.0013903
-0.00096685
-0.00038551
-1.766e-05
-7.1756e-05
-0.00014867
-0.00017767
-0.00013412
1.8026e-05
0.00030733
0.00065404
0.00081231
0.00085461
0.00093713
0.0007707
0.00096145
0.0013647
0.0013532
0.0012912
0.0014515
0.001932
0.0026147
0.0029397
0.0027155
0.0021774
0.0015433
0.0013198
0.0015174
0.0018557
0.0022061
0.0023165
0.002605
0.0028602
0.0028523
0.0028259
0.0028596
0.0028938
0.0029063
0.0029083
0.0029088
0.0029054
0.002905
0.0029028
0.0029041
0.0029024
0.0029036
0.0029015
0.0029025
0.0029
0.002901
0.0028983
0.0028998
0.0028978
0.0029006
0.0028986
0.0028993
0.0028923
0.0028897
0.0028873
0.0029028
0.0029197
0.0029172
0.0028177
0.0025608
0.0021907
0.0018779
0.00093039
0.00025476
0.00042015
0.00091659
0.0012665
0.00096388
0.00060514
0.00088248
0.001068
0.0018862
0.0022331
0.0019768
0.0010184
0.00063652
0.00075835
0.00023381
0.00018158
0.00024175
0.00025493
0.0002615
0.00022002
0.00010872
-3.6091e-05
-5.82e-05
0.00031014
0.0012573
0.0024825
0.0027904
0.0018614
0.00060424
2.7073e-05
0.00014319
0.0002707
0.00027838
0.00021933
0.00013517
9.6389e-05
0.0001243
0.0001487
0.00011144
6.6821e-05
4.6391e-05
3.2737e-05
3.9016e-05
7.5952e-05
7.6343e-05
6.845e-05
6.2287e-05
6.5349e-05
8.2004e-05
0.00011342
0.00013213
0.00011969
9.1114e-05
-2.1437e-05
-0.00023711
-0.00042418
-0.00029151
0.00017016
0.00018599
9.18e-05
7.913e-05
0.00011412
0.00015709
0.00016301
0.00016742
0.00016521
0.00016558
0.00016286
0.00016348
0.00016164
0.00016297
0.00016336
0.00016754
0.00016884
0.00016642
0.00015094
0.00012765
0.00010945
0.00013163
0.00017608
0.00019953
0.00019612
0.00014889
4.9245e-05
-3.0822e-05
6.1485e-05
0.00050496
0.0012406
0.0017721
0.0012149
0.00030853
4.7118e-05
0.00012864
0.00019316
0.00021109
0.00021034
0.00021647
0.00021728
0.00015946
-2.1298e-05
-0.00030966
-0.00048105
-0.0001588
0.00016415
0.00031277
0.00058985
0.00087497
0.00080493
0.00066397
0.00035328
0.00012067
0.00015765
0.00020224
0.00020728
0.00016512
9.5005e-05
3.8826e-05
0.00010047
0.00037101
0.00078487
0.0010874
0.00085633
0.00072576
0.0014169
0.0021365
0.0027381
0.0028948
0.0028809
0.0028816
0.002743
0.0023301
0.0016888
0.0013019
0.0008609
0.00031251
0.00018114
0.00021342
0.0002097
0.00019206
0.00017123
0.00016678
0.00017255
0.00018212
0.00017167
0.00013836
0.00017035
0.00027411
0.00037188
0.00038515
7.3289e-05
-0.00067167
-0.0015633
-0.0017499
-0.0011902
-0.0010315
-0.0012589
-0.001589
-0.0017847
-0.0015224
-0.0016373
-0.0017942
-0.0013562
-0.0011056
-0.00091314
-0.00057821
-0.00042227
-0.00089159
-0.0013077
-0.0017458
-0.0023187
-0.0024463
-0.0024357
-0.0024722
-0.0024996
-0.0024854
-0.0024199
-0.0022199
-0.0019296
-0.0018189
-0.002257
-0.0024003
-0.0023593
-0.0023661
-0.0023902
-0.0023965
-0.0023713
-0.002224
-0.0018878
-0.0015333
-0.0015053
-0.0013331
-0.0016642
-0.0022756
-0.002405
-0.0023425
-0.0022836
-0.0022429
-0.0022247
-0.0022643
-0.00238
-0.0024463
-0.0022278
-0.0014991
-0.00034351
0.0004433
0.00055099
0.00047139
0.0004562
0.00050955
0.00059525
0.00066646
0.00066965
0.00064348
0.0006359
0.0006837
0.00077661
0.00082992
0.00066044
9.1136e-05
-0.00078384
-0.0013047
-0.0013645
-0.00065627
0.00015895
0.0010245
0.0016221
0.0019358
0.0015387
0.00087574
0.00076789
0.00085875
0.00091872
0.00092522
0.00091755
0.00091052
0.0009234
0.00092664
0.00095472
0.00097287
0.00097443
0.00097295
0.00098979
0.0010208
0.0010629
0.001074
0.0010884
0.0011224
0.0011702
0.0011832
0.0011754
0.0011629
0.0011644
0.0011863
0.0012384
0.0012872
0.0012693
0.0010937
0.00080557
0.00066171
0.0010272
0.00134
0.0013243
0.0011552
0.00086294
0.00063557
0.00079085
0.00083457
0.00078105
0.0012452
0.0015998
0.0013922
0.00070263
-0.00036788
-0.0011873
-0.001338
-0.0012275
-0.0011971
-0.0012292
-0.0012787
-0.0013105
-0.0013108
-0.0012818
-0.0012513
-0.0012537
-0.0012643
-0.0012746
-0.0013032
-0.0012572
-0.0010108
-0.00054424
-0.00012511
-0.00032938
-0.00094747
-0.0011711
-0.0010127
-0.00084815
-0.00085413
-0.0012629
-0.0022495
-0.0034472
-0.0037385
-0.0030146
-0.001904
-0.0010758
-0.00088514
-0.00093958
-0.00095073
-0.00092145
-0.00085361
-0.0007931
-0.00077653
-0.00077651
-0.00078258
-0.00077953
-0.00076806
-0.00075211
-0.00075227
-0.00072357
-0.00067704
-0.00068158
-0.00074337
-0.00079387
-0.00073579
-0.00045178
6.0504e-05
0.00050198
0.00028355
-0.0003717
-0.00066157
-0.00060959
-0.00055126
-0.00052875
-0.00053016
-0.00053275
-0.00053534
-0.00054512
-0.00052803
-0.00048477
-0.00048395
-0.0005121
-0.00051795
-0.00044327
-0.00026354
-2.6942e-05
5.3554e-05
-0.00026725
-0.00052562
2.1412e-05
0.0010361
0.0018394
0.0018497
0.001455
0.00098072
0.00046626
0.00058158
0.00067933
0.00015248
-0.00025146
-0.00025346
-0.00020191
-0.00018265
-0.0001979
-0.00026383
-0.00032398
-0.00021629
0.00032017
0.0013217
0.0023078
0.0026869
0.0026317
0.0025769
0.0026292
0.0027009
0.0027574
0.0028045
0.0028303
0.0027817
0.002619
0.0023494
0.0021673
0.0024166
0.002853
0.0028932
0.0028542
0.00288
0.0029382
0.0029495
0.0027858
0.0023695
0.001864
0.0018294
0.0024593
0.002977
0.0030524
0.0030482
0.0029364
0.002573
0.0019357
0.0012602
0.00070544
0.00014024
2.0799e-05
0.00021889
0.00088637
0.0021384
0.0032115
0.003132
0.0025652
0.0016337
0.00059325
0.00018321
0.00030872
0.00045351
0.00049261
0.00031489
-0.0001307
-0.00076781
-0.0012382
-0.0010448
-0.00070283
-0.00051777
-0.00070168
-0.0011843
-0.00092121
-0.00022626
0.00032499
0.00032014
0.00022695
0.00020397
0.00016727
1.3811e-05
-0.00032154
-0.00066259
-0.0009545
-0.0015123
-0.0013363
-0.00095616
-0.0019541
-0.0026039
-0.0025767
-0.002566
-0.0025431
-0.002527
-0.0025002
-0.002476
-0.0024887
-0.0025141
-0.0025329
-0.0025412
-0.0025054
-0.0025072
-0.0024943
-0.0025349
-0.0025564
-0.0024784
-0.0022374
-0.0018917
-0.0018541
-0.0024645
-0.0025374
-0.0024459
-0.0024349
-0.0024677
-0.0025614
-0.0025866
-0.0023742
-0.0017422
-0.00083694
-0.00022938
0.00031394
0.00032382
0.00024342
0.00024642
0.00023246
0.00025142
0.00030555
0.00036669
0.00035958
0.00035248
0.00034049
0.00033967
0.00033756
0.00035213
0.00037111
0.00039543
0.00038598
0.00032669
0.00022124
0.0001872
0.00042238
0.0011392
0.0022203
0.0029616
0.0030826
0.0030978
0.0031508
0.0031415
0.0028237
0.0020679
0.0012134
0.0012386
0.0022727
0.0030849
0.0031666
0.0030546
0.0029994
0.0030051
0.0030378
0.0030704
0.003087
0.0030966
0.003106
0.0031221
0.0031228
0.0030876
0.0030752
0.0030911
0.0031149
0.0031464
0.0031552
0.0031144
0.0030773
0.0031261
0.0032117
0.0032278
0.0030127
0.0024579
0.0017514
0.0015993
0.0019041
0.0024868
0.0031791
0.0033226
0.0030249
0.0024341
0.0016136
0.0010268
0.00054279
0.00044385
0.000478
0.00045954
0.00045381
0.00048474
0.0005376
0.00049547
0.00021336
-0.00037211
-0.00096043
-0.00085512
-0.00025945
0.0003746
0.00050087
0.0004085
0.00036854
0.00036006
0.00039167
0.00042484
0.00046542
0.00047507
0.00043123
0.00026985
-1.09e-05
-0.0002767
-0.00030086
-0.0009406
-0.0016515
-0.0022537
-0.0024172
-0.002375
-0.0023371
-0.0023048
-0.0023491
-0.0024134
-0.0024698
-0.002455
-0.0024042
-0.0023474
-0.0023436
-0.0023692
-0.0024106
-0.0024346
-0.0024028
-0.0023478
-0.0023376
-0.0023471
-0.0023617
-0.0023642
-0.0023466
-0.0023004
-0.0022598
-0.002292
-0.0024918
-0.002879
-0.0032352
-0.0031515
-0.00318
-0.0027831
-0.002405
-0.0031099
-0.0043717
-0.0050297
-0.0046557
-0.0038401
-0.0032238
-0.0036804
-0.0048933
-0.0050118
-0.0041475
-0.002905
-0.0020556
-0.00193
-0.0019774
-0.0021754
-0.002684
-0.003476
-0.004103
-0.0046879
-0.0048696
-0.0048325
-0.0046251
-0.0040647
-0.0032526
-0.0026308
-0.0020844
-0.0019205
-0.0018721
-0.0017752
-0.001814
-0.0020783
-0.0025626
-0.0029112
-0.0024846
-0.0017856
-0.0016525
-0.0017235
-0.0017035
-0.0015872
-0.0014917
-0.0016682
-0.0023735
-0.0034721
-0.0042034
-0.0042662
-0.0041738
-0.004162
-0.0042045
-0.0042365
-0.004073
-0.0035769
-0.0028757
-0.0024595
-0.0019747
-0.0014504
-0.0015537
-0.0018904
-0.0020483
-0.0027613
-0.0033332
-0.0033794
-0.0024215
-0.0011461
-0.00089239
-0.0009833
-0.0010059
-0.00096752
-0.00092373
-0.00088839
-0.00085391
-0.00081552
-0.00077527
-0.00076563
-0.00083258
-0.00091288
-0.00093619
-0.00067775
9.4044e-05
0.0012535
0.0020285
0.0021292
0.002125
0.0022167
0.0022434
0.0019605
0.0012137
0.00028132
8.1e-05
0.0007645
0.0012565
0.0014797
0.0013652
0.00054891
4.811e-05
5.0053e-05
-0.00036286
-0.00056028
-0.00042413
-2.5031e-05
0.00065706
0.0011702
0.0007359
-0.00034748
-0.00017078
0.0010099
0.0023089
0.002603
0.0024766
0.002448
0.0024767
0.0025164
0.0025407
0.0025909
0.0026727
0.002782
0.0028675
0.0026876
0.0020093
0.00090816
4.2672e-05
-0.00016295
6.6775e-05
0.00059687
0.0013588
0.0020298
0.0025889
0.0028381
0.0028195
0.0028251
0.0028848
0.0029614
0.003004
0.0030245
0.0030541
0.0030945
0.0031113
0.0031097
0.0031092
0.0031116
0.003115
0.0031187
0.003122
0.0031224
0.0031193
0.0031131
0.0031142
0.0031359
0.0031898
0.003253
0.0033011
0.003296
0.0031471
0.0027762
0.0023011
0.0021369
0.0023399
0.0022829
0.0022434
0.002754
0.0031383
0.0029044
0.0026804
0.002867
0.0033336
0.0029786
0.0019981
0.00091269
0.00042666
0.00049976
0.00053574
0.00053697
0.00053107
0.00053727
0.00054818
0.00052632
0.00050008
0.00048388
0.00051687
0.000609
0.00065968
0.00062645
0.00054547
0.00031196
-5.4926e-05
-0.00027605
3.1106e-05
-9.2083e-05
-0.00012953
-0.00072718
-0.0010993
-0.0015787
-0.0021681
-0.0021497
-0.0021407
-0.0021497
-0.0020389
-0.0017037
-0.0012796
-0.0011859
-0.0010295
-0.0015066
-0.0023176
-0.002431
-0.0018674
-0.00071616
0.00052134
0.00076503
0.00060951
0.00056142
0.00057157
0.00063504
0.00067679
0.00070821
0.00070206
0.00069356
0.00067052
0.00066854
0.000679
0.00072648
0.00076638
0.0007511
0.00057306
0.00021674
-0.00014488
-8.0372e-05
0.00013282
0.00065543
0.0011728
0.0012785
0.00090846
0.00062732
0.00064683
0.0006988
0.00071925
0.00071813
0.00071047
0.0007204
0.00074701
0.00076257
0.00070376
0.0005228
0.00024698
0.00011236
0.00046292
0.00074483
0.00070034
0.00063355
0.0006343
0.00068765
0.0007164
0.00071106
0.00068054
0.00064835
0.00064877
0.00069676
0.00072957
0.00073209
0.00072443
0.00071318
0.000693
0.00068107
0.00069818
0.00073179
0.00073836
0.00073997
0.00073515
0.00072057
0.00069967
0.00069566
0.00073671
0.00083001
0.00090497
0.00078806
0.00025698
-0.00072776
-0.0016917
-0.0020701
-0.0020787
-0.0021153
-0.0020497
-0.001611
-0.00065571
0.0004702
0.00091913
0.00057672
-3.9406e-05
-0.00064043
-0.0010439
-0.0012532
-0.00015967
0.00077032
0.00045729
9.4363e-05
-0.00014262
-0.00092744
-0.0015397
-0.0019312
-0.0018716
-0.0017488
-0.00176
-0.0018598
-0.0019995
-0.0019938
-0.0016842
-0.00098213
-8.055e-05
0.00060789
0.0010009
0.00069949
1.3294e-05
-0.00070783
-0.0012124
-0.0016944
-0.0017354
-0.0017154
-0.0017254
-0.0015227
-0.0010457
-0.00041644
-0.00016815
0.0003371
0.00099317
0.0010487
0.00092444
0.00073104
0.0004439
0.00046588
0.0011078
0.0011939
0.00098971
0.00073336
0.00030105
3.1694e-05
0.00040308
0.00049046
-0.0003708
-0.0010401
-0.0016225
-0.0016195
-0.0015475
-0.0015659
-0.0016056
-0.0015981
-0.0014831
-0.0012448
-0.00093497
-0.00086553
-0.0014438
-0.0015349
-0.0015736
-0.0017918
-0.002051
-0.0020302
-0.0013888
-0.0013615
-0.0016801
-0.0019795
-0.0019998
-0.0013507
-0.0012068
-0.0012125
-0.0014015
-0.0020022
-0.0028102
-0.003165
-0.0033866
-0.0033302
-0.0038268
-0.0039
-0.0038606
-0.0038968
-0.0038845
-0.0038626
-0.003789
-0.0037294
-0.0037447
-0.0038339
-0.0038361
-0.0036025
-0.0031399
-0.0027242
-0.0027175
-0.0024928
-0.0030226
-0.0037622
-0.0037171
-0.0033542
-0.0027398
-0.0021264
-0.0021168
-0.0021743
-0.002128
-0.0020245
-0.0020285
-0.002301
-0.0028621
-0.0034461
-0.003401
-0.0033033
-0.0032844
-0.0033085
-0.0033968
-0.003491
-0.003474
-0.0031426
-0.0022623
-0.0010335
-0.0003858
-0.000453
-0.00056649
-0.0005269
-0.00043336
-0.00036512
-0.00030608
-0.00025968
-0.00026185
-0.00025111
-0.00021266
-0.00016772
-0.00016823
-0.00017159
-0.00015993
-0.00011991
-5.8804e-05
-4.5315e-06
6.062e-05
9.5607e-05
8.5921e-05
-9.1834e-06
-0.00023004
-0.00048761
-0.00047276
0.00013727
0.00021528
0.00013695
0.00013849
0.00016764
0.00024887
0.00030011
0.00035007
0.00034545
0.00033812
0.00033945
0.00036445
0.00040842
0.00045405
0.00044873
0.00043874
0.00044127
0.00046812
0.00051695
0.00056043
0.00053797
0.00049546
0.0004717
0.00043725
0.00052715
0.00086974
0.0014309
0.0018111
0.0013002
0.00064632
0.00057536
0.00065532
0.00069853
0.00070853
0.00069027
0.00066684
0.0006484
0.00064656
0.00066041
0.00068885
0.00071006
0.0006995
0.00063526
0.00055752
0.00059627
0.0010463
0.0020907
0.0033384
0.003662
0.0035938
0.0034092
0.002962
0.0023548
0.0019139
0.0011808
0.0016253
0.0028328
0.0035732
0.0036445
0.0035177
0.0034922
0.0035075
0.0035728
0.0036092
0.0037005
0.0038094
0.0037676
0.0032608
0.0021872
0.00099401
0.0010028
0.0016762
0.0022885
0.002191
0.001601
0.00093854
0.00080117
0.00088882
0.00092987
0.00091044
0.00086191
0.00085607
0.000988
0.0012944
0.0016349
0.0017021
0.0020416
0.0020096
0.0016722
0.001507
0.0018776
0.0021314
0.0024625
0.0031476
0.0037635
0.0034614
0.0025427
0.001393
0.00081052
0.00087074
0.00089821
0.00090389
0.0010714
0.0015681
0.0022361
0.0025403
0.0028308
0.0028278
0.0019645
0.0013547
0.00086894
0.00088364
0.00097615
0.00096459
0.00094722
0.00090732
0.00089402
0.00087903
0.00088121
0.0008767
0.00089355
0.0009181
0.00095921
0.00095469
0.00085673
0.00060934
0.00030848
0.000276
0.00089159
0.00097897
0.00090478
0.00088625
0.00086969
0.00088182
0.0008934
0.00090539
0.00090685
0.00090076
0.00089167
0.00088683
0.00090033
0.00092974
0.00096244
0.00094177
0.0008151
0.00055781
0.00030951
0.00040226
0.00090747
0.00095996
0.00090624
0.00090599
0.00091124
0.00089536
0.00080053
0.00058555
0.00027655
0.00019029
0.00041962
0.0002546
-1.8938e-05
-0.00085765
-0.0015077
-0.0018154
-0.0015395
-0.0011843
-0.0012704
-0.0018163
-0.002042
-0.0022439
-0.0024872
-0.0023658
-0.0018701
-0.0018137
-0.0018929
-0.0019058
-0.0019238
-0.0019042
-0.0018997
-0.0018842
-0.0018886
-0.0018833
-0.0018897
-0.0018852
-0.0018918
-0.0018918
-0.0019007
-0.001895
-0.0018828
-0.0018514
-0.0018384
-0.001878
-0.0020289
-0.0022673
-0.0024391
-0.0022304
-0.0019582
-0.0021866
-0.0024906
-0.0024404
-0.0022915
-0.0023956
-0.0021726
-0.0018459
-0.0021348
-0.002703
-0.0031853
-0.0034561
-0.0031816
-0.0021983
-0.0017281
-0.0017697
-0.0018428
-0.0018858
-0.0018794
-0.0018254
-0.001783
-0.0017706
-0.0017565
-0.0017287
-0.0017017
-0.0016601
-0.0016662
-0.001783
-0.0020071
-0.0021919
-0.0020315
-0.0020136
-0.0021493
-0.0017973
-0.0014729
-0.0014661
-0.0015048
-0.0015134
-0.0014943
-0.0014474
-0.0013957
-0.001376
-0.0013844
-0.0013871
-0.0013738
-0.0013363
-0.0012921
-0.0012774
-0.001285
-0.001286
-0.0012735
-0.0012377
-0.0011917
-0.0011638
-0.001131
-0.0010873
-0.0010773
-0.0010787
-0.0010806
-0.001082
-0.0010851
-0.0010815
-0.0010648
-0.0010262
-0.00098316
-0.0009731
-0.00097849
-0.00097912
-0.00097919
-0.00097601
-0.00097475
-0.00097267
-0.00097406
-0.00097543
-0.00097913
-0.00097829
-0.00097163
-0.00095309
-0.00093191
-0.00092906
-0.00097384
-0.00097984
-0.00097485
-0.00097176
-0.00096913
-0.0009682
-0.00097139
-0.00097779
-0.00098585
-0.00098542
-0.00096962
-0.00093723
-0.00091364
-0.00093951
-0.0010485
-0.0011941
-0.0012021
-0.00079089
0.00021763
0.0014669
0.0017727
0.00078224
-0.00060711
-0.0013117
-0.0012036
-0.00072326
0.00020664
0.0013888
0.0018831
0.0015661
0.0011745
0.001094
0.0016453
0.0015594
0.0012121
0.00095043
-0.00022334
-0.00097996
-0.00098729
-0.00087413
-0.00058513
1.0275e-05
0.00069005
0.00093238
0.0011862
0.0011476
0.00037246
8.1367e-05
0.0001061
0.0004487
3.7414e-05
-0.00058155
-0.00061034
-0.00065117
-0.00071503
-0.00072313
-0.00039436
0.00048733
0.0016908
0.0022715
0.0021998
0.0021406
0.0021897
0.0022732
0.0023439
0.002406
0.0024464
0.0024372
0.0024256
0.0024237
0.0024361
0.0024578
0.0024784
0.0024691
0.0024293
0.0024223
0.0024355
0.0024609
0.0025023
0.0025297
0.0025233
0.0025207
0.0025426
0.0025761
0.0025946
0.002539
0.0023702
0.0021145
0.0019557
0.0021976
0.002686
0.0023163
0.0012229
-1.0454e-05
-0.00050207
-2.3008e-05
0.00099683
0.0021758
0.0027226
0.0026137
0.0023637
0.0019873
0.0015309
0.001433
0.0020583
0.002615
0.0025863
0.0025113
0.0025326
0.0026224
0.0026845
0.0025824
0.0022701
0.0018558
0.0016999
0.0019769
0.0021642
0.0026609
0.0028107
0.0028138
0.0026473
0.0019855
0.00085299
-0.00013424
-0.00015778
-4.3895e-05
0.0001034
0.00047024
0.0010066
0.001361
0.0014592
0.0018119
0.0024176
0.0028249
0.0028618
0.0028921
0.0029892
0.0030749
0.0029763
0.0024529
0.0014792
0.00054013
0.00021332
0.00028435
0.0003382
0.00034526
0.00035266
0.00036018
0.00037227
0.00039237
0.00042327
0.00043614
0.00036491
0.0002089
5.0701e-05
8.7469e-05
1.2558e-05
-0.00057578
-0.0008158
-0.00032095
0.00037681
0.00071674
0.00051532
0.00017914
-1.5291e-05
0.00024862
0.00070173
0.00073955
0.00068095
0.00063562
0.00061542
0.00064955
0.0006995
0.00073645
0.00076512
0.00078761
0.00073264
0.00048924
2.7063e-05
-0.00053252
-0.0014652
-0.0020164
-0.0019898
-0.0018935
-0.0017138
-0.0014009
-0.001054
-0.00098618
-0.00090272
-0.00113
-0.0017077
-0.001913
-0.0018383
-0.0018301
-0.0018983
-0.0019618
-0.0018566
-0.001403
-0.00060622
0.0001295
0.00071493
0.00093956
0.0008555
0.00071063
0.00052328
0.00039794
0.00052888
0.00027806
-0.00037249
-0.00051595
-0.00031184
2.7289e-05
0.00034543
0.00035394
0.0007268
0.00088605
0.00092582
0.0011265
0.0013951
0.0014778
0.0010156
0.00083915
0.00091409
0.00095479
0.00095921
0.00093593
0.00090421
0.00089012
0.00092403
0.0009415
0.00094091
0.00093417
0.00091738
0.00089732
0.00089303
0.00093056
0.00094424
0.00093498
0.00091767
0.00089809
0.0008962
0.00093337
0.00094076
0.00091646
0.0008818
0.00086253
0.00090074
0.00094587
0.00092346
0.0008696
0.00082487
0.00084469
0.00089822
0.00095012
0.00095104
0.0009249
0.00087825
0.00082573
0.00082291
0.00085025
0.00091027
0.00098956
0.0010966
0.001105
0.0007729
-9.4256e-05
-0.0013628
-0.0020334
-0.0018593
-0.0014294
-0.00088803
-0.00059714
-0.0012252
-0.0019463
-0.0019508
-0.0018407
-0.0018106
-0.001852
-0.0019404
-0.0019525
-0.0017291
-0.0011511
-0.00042366
-0.00013619
0.00014217
0.00019465
-0.00050834
-0.00090555
-0.0013659
-0.0017777
-0.0017413
-0.0018416
-0.0022381
-0.0027723
-0.0029509
-0.0023584
-0.0017939
-0.0017967
-0.001876
-0.0019138
-0.0019315
-0.0019254
-0.0018939
-0.0018459
-0.0018554
-0.0019
-0.0019533
-0.0019718
-0.0019138
-0.0018326
-0.0018145
-0.001949
-0.0022216
-0.0024888
-0.0024016
-0.0018805
-0.0017927
-0.0018829
-0.001954
-0.0020052
-0.0019711
-0.0019038
-0.0018273
-0.0017991
-0.0018219
-0.0019525
-0.0022025
-0.0024559
-0.0023694
-0.0018883
-0.0018418
-0.0018799
-0.0018137
-0.0017606
-0.001877
-0.0025111
-0.0036811
-0.0046925
-0.00471
-0.0046327
-0.0046196
-0.0044831
-0.0041118
-0.0035106
-0.0031509
-0.0035689
-0.0042482
-0.0045783
-0.0040183
-0.0029693
-0.0020524
-0.001754
-0.0017955
-0.0016627
-0.0013565
-0.0011033
-0.001267
-0.0016284
-0.0016712
-0.0017066
-0.0017947
-0.0016995
-0.0011571
-0.00012749
0.00090756
0.0013426
0.0011951
0.00075755
9.429e-05
-0.00046048
-0.00070659
-0.00078307
-0.00037313
0.00039329
0.00094973
0.0012892
0.0013389
0.0013281
0.001151
0.00062424
-7.9676e-05
-0.00023338
0.00062815
0.0014665
0.0014838
0.0013935
0.0014042
0.0014876
0.0015509
0.0013772
0.00078364
-0.00013662
-0.00072563
-0.00093231
-0.0012185
-0.0011457
-0.0009645
-0.0009176
-0.0011864
-0.0019879
-0.0031856
-0.0039621
-0.0039411
-0.003857
-0.0036885
-0.003206
-0.0023673
-0.0015134
-0.00099585
-0.00030946
0.0010387
0.0024514
0.0034931
0.004323
0.0045709
0.0045635
0.0046392
0.0047782
0.0049006
0.0048002
0.0042611
0.0033171
0.0025141
0.002106
0.0015528
0.00056884
-0.00023698
-0.00045665
-0.00045796
-0.00055013
-0.00058033
-0.00024326
0.00068215
0.0019208
0.0024707
0.0023983
0.00233
0.0023506
0.0024292
0.0025136
0.0025547
0.0025538
0.0025564
0.0025772
0.0026208
0.002654
0.002689
0.0027287
0.0027435
0.0027342
0.002736
0.0027598
0.0028171
0.0028827
0.0029055
0.0029175
0.0029365
0.0029563
0.0030031
0.0030527
0.0030568
0.0030251
0.0029922
0.002998
0.003114
0.003365
0.0036698
0.0037664
0.0033214
0.0031564
0.0031728
0.0030397
0.0027773
0.0026529
0.0030875
0.0033256
0.0034558
0.0036067
0.0036043
0.0031437
0.0020609
0.0007848
0.00049141
0.00069888
0.0010274
0.0014946
0.0017873
0.0013538
0.00075232
0.0008335
0.001203
0.001321
0.00090728
0.00092282
0.001313
0.0015252
0.0010843
0.00058708
-0.00019709
-0.0013592
-0.002009
-0.0020117
-0.002022
-0.0019661
-0.001489
-0.00047373
0.0006532
0.00075375
0.00098055
0.0016186
0.0021468
0.0018813
0.0013568
0.0010111
0.001321
0.0014355
0.00080007
0.00078797
0.0011253
0.0014668
0.0015229
0.00072555
9.753e-05
-0.0005034
-0.00078525
-0.0012669
-0.0018774
-0.0018878
-0.0018587
-0.0019213
-0.002016
-0.0020369
-0.0018195
-0.0012346
-0.0004802
-0.00015442
0.00012691
8.329e-05
-0.00084959
-0.0015162
-0.0019361
-0.0016095
-0.0010234
-0.00061041
-0.00078331
-0.00071401
-4.3007e-06
-0.00018693
0.00026748
0.0009391
0.00092341
0.00085462
0.00088635
0.00093127
0.00090838
0.00086968
0.00087221
0.00098061
0.0011036
0.0011522
0.00080644
-0.00011146
-0.0013482
-0.0019523
-0.001861
-0.0018009
-0.0018759
-0.0019464
-0.0017566
-0.0011255
-0.00023736
9.9836e-05
-0.00074815
-0.0015499
-0.0020847
-0.0019918
-0.0014439
-0.00050278
0.00055815
0.00097509
0.00087501
0.00084542
0.00098899
0.0011391
0.0010814
0.00053026
-0.00051019
-0.0014546
-0.0012306
0.00011788
0.0012957
0.0012353
0.00065392
-0.00034611
-0.0015078
-0.002086
-0.0020427
-0.0017397
-0.0010557
8.13e-05
0.0010275
0.00098165
0.00084849
0.00085394
0.00089456
0.00095232
0.00098157
0.0009879
0.00097766
0.00097159
0.00097834
0.0009926
0.00099215
0.00094549
0.00085615
0.00076941
0.00076107
0.0010195
0.0017791
0.0028771
0.0034146
0.0024823
0.0012987
0.00082229
0.0009016
0.001015
0.0010884
0.0011745
0.0012069
0.001005
0.00032312
-0.00084537
-0.0018378
-0.0018724
-0.0018321
-0.0018634
-0.0016649
-0.0010535
-0.00010973
0.00051486
0.00096487
0.00063036
1.2264e-05
-0.00032104
0.00025345
0.00096794
0.0010315
0.00098022
0.00093023
0.00092318
0.00098563
0.0010675
0.0010781
0.00086067
0.00030964
-0.00041215
-0.00075994
-0.0012295
-0.0015721
-0.0010328
-0.00037774
-0.00033302
-0.00024355
6.6444e-05
0.00035822
0.00032828
0.00086456
0.0010132
0.0010771
0.0012166
0.001105
0.00050492
-0.00073651
-0.0020346
-0.0019307
-0.0012179
-0.00026184
0.00044344
-0.00024074
-0.00070528
-0.0012621
-0.001928
-0.0020018
-0.0019194
-0.0015816
-0.00073137
0.00040921
0.00092133
0.00064091
0.00031469
9.3782e-05
-0.00096314
-0.0022188
-0.0030877
-0.0034815
-0.0025848
-0.001746
-0.0016744
-0.0018022
-0.0018736
-0.001877
-0.0018451
-0.0018104
-0.0017914
-0.0017887
-0.0017944
-0.0018009
-0.0018042
-0.0018043
-0.0018019
-0.0017978
-0.0017937
-0.0017921
-0.0017967
-0.0018044
-0.0018018
-0.0017647
-0.001673
-0.0014623
-0.0011725
-0.0010905
-0.0015728
-0.0017613
-0.0017037
-0.0016642
-0.0016489
-0.0016912
-0.0017464
-0.0017499
-0.0015582
-0.0010082
-0.00027369
0.00010558
0.00033335
0.00018642
-0.00074876
-0.001485
-0.0015613
-0.0014798
-0.0014321
-0.0013946
-0.001413
-0.0014853
-0.0015111
-0.0014921
-0.0014442
-0.0013937
-0.0013808
-0.0013869
-0.00139
-0.0013929
-0.0013922
-0.0013903
-0.0013818
-0.0013678
-0.00135
-0.0013487
-0.0013808
-0.0013775
-0.0013357
-0.0012908
-0.0012813
-0.0012878
-0.001286
-0.0012742
-0.0012516
-0.0012378
-0.0012576
-0.0012601
-0.0012653
-0.0013034
-0.001349
-0.0013172
-0.0010646
-0.00040915
0.0005241
0.001045
0.0011488
0.0016039
0.0015521
0.00078581
-0.00036265
-0.0010969
-0.0011295
-0.00096507
-0.00085852
-0.00091607
-0.0010355
-0.0011078
-0.0010028
-0.0006399
-7.9665e-05
0.0002459
-0.00026774
-0.00099718
-0.00089592
-4.5758e-05
0.0011981
0.0020347
0.0022096
0.0021716
0.0019288
0.001216
0.00016436
-0.00047707
-0.00047663
-0.00037044
-0.00039512
-0.00047796
-0.00047731
-0.00026076
0.00024944
0.00092414
0.0013075
0.001783
0.002416
0.0026104
0.0026259
0.0026797
0.0027441
0.0028028
0.0028301
0.0028447
0.0028846
0.0029378
0.0029842
0.0030255
0.0030565
0.0030871
0.0031282
0.0031273
0.0031312
0.0031641
0.0032479
0.0033336
0.0034018
0.0033203
0.0030027
0.0024669
0.0019154
0.00094803
0.00070214
0.00080964
0.00083501
0.00083122
0.00079558
0.00076871
0.00075396
0.00078828
0.00098496
0.0014276
0.0019246
0.0020927
0.0025725
0.0023626
0.0023361
0.0023605
0.0021156
0.0016664
0.001077
0.00099206
0.0010843
0.0011111
0.0010761
0.0010367
0.0010079
0.0010406
0.0010514
0.0010572
0.0010537
0.0010576
0.0010538
0.0010597
0.0010585
0.0010645
0.0010578
0.0010538
0.00104
0.0010456
0.0010671
0.00112
0.0011466
0.0010779
0.00080073
0.00033041
-5.9527e-05
0.00018033
0.0001567
-0.00061004
-0.00072094
-0.00045888
-0.0013383
-0.0012074
-0.0010968
-0.0017873
-0.0018815
-0.0016238
-0.0010107
-0.00012287
0.00048147
0.0010857
0.0011871
0.0011149
0.00081837
1.8473e-05
-0.0011513
-0.0017984
-0.0017617
-0.0017125
-0.0016772
-0.0016626
-0.0016891
-0.0017188
-0.0017612
-0.0018424
-0.0019185
-0.0019643
-0.0018218
-0.0012368
-0.00017303
0.00071409
0.00012553
-0.0011095
-0.0015661
-0.0010205
-0.0003139
-0.00040739
-0.0010382
-0.001689
-0.0017978
-0.0017204
-0.0016978
-0.0017117
-0.0017379
-0.0017235
-0.0017229
-0.001726
-0.0017234
-0.0017191
-0.0017193
-0.0017238
-0.0017301
-0.0017274
-0.0017088
-0.0016766
-0.0016615
-0.0017162
-0.001889
-0.00215
-0.0022836
-0.0019581
-0.0016802
-0.0016741
-0.001675
-0.0016458
-0.00163
-0.001633
-0.0016361
-0.001626
-0.0015824
-0.0015022
-0.0014332
-0.0014351
-0.001599
-0.0020198
-0.0026008
-0.0029355
-0.0031735
-0.0035056
-0.0036402
-0.0038722
-0.0038441
-0.0033512
-0.0028756
-0.0021966
-0.0018234
-0.00151
-0.0012548
-0.0012607
-0.0012654
-0.0012369
-0.0011873
-0.0011336
-0.001101
-0.0010957
-0.001076
-0.0010397
-0.0010101
-0.00099446
-0.00096203
-0.0009217
-0.0009105
-0.00093369
-0.00093288
-0.000853
-0.00066697
-0.0003875
-0.00016523
-0.00034898
-0.0007274
-0.000755
-0.00070572
-0.00067579
-0.00063785
-0.00060531
-0.00059337
-0.00060943
-0.00060993
-0.00057459
-0.00049887
-0.00041375
-0.00036468
-0.00035799
-0.00038777
-0.0004611
-0.00054367
-0.00051037
-0.00019309
0.00048292
0.0012488
0.0013266
0.00025097
-0.00035441
-0.00033016
-0.00032537
-0.00022587
0.00021492
0.0011465
0.0022387
0.0028099
0.0028615
0.0027984
0.0024193
0.0015187
0.00045488
-1.1107e-05
0.00010168
0.00027458
0.00051608
0.00080879
0.00081154
0.00015308
5.8749e-05
0.00014603
0.00025926
0.00053146
0.00084205
0.00091009
0.0003287
0.00023956
0.00030364
0.00031919
0.00034062
0.00035339
0.00039266
0.00043241
0.00043393
0.00041585
0.00039435
0.00037739
0.0004201
0.00056449
0.00081541
0.0011268
0.0011915
0.00070232
0.00052693
0.00055142
0.00058726
0.00072387
0.00097538
0.0012693
0.0013371
0.00085138
0.00066
0.00072045
0.00076559
0.00079714
0.00077497
0.00079688
0.00082904
0.00082739
0.00079956
0.00079127
0.0008231
0.00092868
0.0010556
0.0010641
0.00078646
0.00011459
-0.00076292
-0.0011079
-0.00092218
-0.0010183
-0.0012593
-0.00064711
0.00057276
0.0011141
0.0010451
0.00098863
0.00098698
0.00098571
0.00099715
0.0010446
0.0011118
0.0011879
0.0011984
0.0010948
0.00085989
0.00057661
0.0004715
0.00086956
0.0012329
0.0012545
0.0011273
0.00088038
0.00057659
0.0005106
0.0010831
0.0017051
0.0018575
0.0014118
0.00091182
0.00062645
0.00047658
0.00078732
0.0011907
0.0011924
0.0011413
0.0011659
0.0012131
0.0012115
0.001024
0.00060785
0.0001433
0.0001753
0.00080099
0.0012289
0.001198
0.001131
0.0011059
0.0011131
0.0011329
0.0011542
0.0011622
0.0011607
0.0011441
0.0011238
0.0011074
0.0011264
0.001155
0.0011595
0.0011539
0.0011531
0.0011492
0.0011521
0.0011552
0.0011653
0.0011681
0.0011598
0.0011234
0.0010795
0.0010681
0.0011323
0.0012822
0.0015469
0.0017619
0.0015782
0.0011022
0.0010974
0.001163
0.0011775
0.0011859
0.001174
0.0011651
0.0011569
0.0011559
0.0011564
0.0011597
0.0011639
0.0011692
0.0011709
0.0011609
0.0011321
0.0010892
0.0010659
0.001095
0.001136
0.001144
0.001096
0.0010522
0.0010619
0.0010935
0.001134
0.0011514
0.0011209
0.0010941
0.0010958
0.0010931
0.0011368
0.0011721
0.0011542
0.0011194
0.0010994
0.0011227
0.0011311
0.0011702
0.0011735
0.0011592
0.0011543
0.0011579
0.0011828
0.0012136
0.0012241
0.0011674
0.001039
0.00092334
0.0010467
0.0016726
0.0028565
0.0038976
0.0033788
0.0024273
0.0018117
0.00092789
0.00012876
-0.00077466
-0.00080139
0.00015083
0.00086655
0.0015013
0.0015277
0.0012023
0.00059284
-0.00027196
-0.00082004
-0.0012797
-0.0012214
-0.0011212
-0.001151
-0.0011978
-0.0012319
-0.001228
-0.0011827
-0.0011233
-0.001096
-0.0010757
-0.0010585
-0.0010716
-0.0010117
-0.0008317
-0.00055733
-0.00028079
-0.00025802
-0.00082365
-0.00088805
-0.00078322
-0.00072977
-0.00070357
-0.00068366
-0.00063732
-0.00063402
-0.00076362
-0.0011205
-0.0014926
-0.0014963
-0.0016456
-0.0012733
-0.00064854
-0.00052754
-0.00049778
-0.00029369
3.9909e-05
0.00016373
-0.00025105
-0.00036242
-0.00026666
-0.00025377
-0.00034749
-0.00059826
-0.00086886
-0.0008477
-0.00018399
7.4304e-05
-0.00023654
-0.0010953
-0.0023381
-0.0030029
-0.0026971
-0.0019829
-0.001393
-0.0015413
-0.0021937
-0.0028926
-0.0030302
-0.0027456
-0.0021825
-0.0013739
-0.0009187
-0.0017831
-0.0026291
-0.0027332
-0.0026454
-0.0025743
-0.0025431
-0.0025044
-0.0024759
-0.0024933
-0.0025715
-0.0026602
-0.0026585
-0.0023504
-0.0015784
-0.00043626
0.00031309
0.00040923
0.00036421
0.00038795
0.00047748
0.00060184
0.00064539
0.00057531
0.0003646
9.0817e-05
2.5254e-05
0.00051539
0.00073915
0.00070694
0.00066994
0.0006528
0.00067571
0.0007282
0.0007889
0.00080517
0.00079218
0.00076724
0.00074322
0.00075181
0.00081956
0.00093486
0.0009822
0.00074709
7.4035e-06
-0.0011176
-0.0018116
-0.0018505
-0.0017866
-0.0017651
-0.001788
-0.0017828
-0.0017837
-0.0017996
-0.0018473
-0.0019205
-0.0019426
-0.0017402
-0.0011498
-0.00027604
0.00035222
0.00083999
0.00091591
0.00086012
0.00092187
0.0010792
0.0012574
0.0013121
0.0010188
0.00023169
-0.0008986
-0.0016051
-0.0016134
-0.0014978
-0.0014739
-0.0015318
-0.0016536
-0.0017777
-0.001771
-0.0014492
-0.00070981
0.00014254
0.00030983
-4.9305e-05
-0.0010032
-0.0012906
-0.00061154
4.8842e-05
0.0011946
0.0012515
0.001107
0.0012056
0.0013214
0.0012955
0.00075295
-0.00039641
-0.001638
-0.0016542
-0.0015021
-0.0014875
-0.0015108
-0.0015629
-0.0015971
-0.0016104
-0.0016052
-0.0015926
-0.0015831
-0.0015773
-0.0015808
-0.0015857
-0.001593
-0.0015856
-0.0015641
-0.0015252
-0.0015083
-0.0015484
-0.001677
-0.0018086
-0.0017351
-0.0011432
8.8673e-05
0.0013869
0.0013647
0.00090128
0.00025003
-0.00039228
-0.00029686
0.00010206
0.00069789
0.001275
0.0012264
0.0011246
0.0011539
0.0012537
0.0013299
0.0011887
0.00064791
-0.00025582
-0.00096404
-0.0010291
-0.0014201
-0.0015551
-0.0016131
-0.0015975
-0.0011852
-0.0002902
0.0007735
0.0012421
0.0011671
0.0010874
0.0010931
0.0011414
0.001223
0.0012943
0.0012945
0.0011246
0.0007339
0.00025463
0.00013143
0.00064299
0.00096629
0.0007318
0.00070884
0.0010246
0.00084108
0.00059419
0.00069125
0.0011606
0.0012175
0.00116
0.001171
0.0011869
0.0012028
0.0011176
0.00089192
0.00056567
0.00041145
0.00046603
0.00046273
0.00060371
0.00082587
0.0011436
0.0011612
0.0011113
0.0011148
0.0011083
0.0011129
0.0011018
0.0011148
0.0011526
0.0012229
0.0012679
0.0011746
0.000688
-0.00024656
-0.0012077
-0.0016256
-0.0016062
-0.0013242
-0.00057995
0.00052742
0.0012229
0.0011797
0.001076
0.0010751
0.0010986
0.0011314
0.0011438
0.0011658
0.0011709
0.001143
0.0011092
0.0011162
0.0011799
0.0012941
0.001344
0.0011752
0.00061851
-0.0002752
-0.00094543
-0.00085125
-0.00037485
-0.00035836
-0.00090668
-0.0012477
-0.001248
-0.0012081
-0.001188
-0.0011746
-0.001159
-0.0011263
-0.0010946
-0.0010652
-0.0010286
-0.0010062
-0.0010034
-0.00098631
-0.00094974
-0.0009017
-0.00087951
-0.00087444
-0.00086062
-0.00080987
-0.00065342
-0.00034144
2.5137e-05
0.00017289
0.00031969
0.00017238
-0.00034986
-0.00057339
-0.00049231
-0.00037953
-0.00030869
-0.00027989
-0.00026668
-0.00025378
-0.00023095
-0.00018061
-0.00013415
-8.9112e-05
-5.363e-05
-1.4446e-05
2.6484e-05
8.5581e-05
0.00015004
0.00016264
0.00013665
0.00015019
0.00024904
0.00045085
0.00071526
0.00083837
0.00053243
0.00028862
0.00032436
0.00040767
0.00046718
0.00050309
0.00051065
0.00050688
0.00051697
0.00059624
0.00078104
0.0010073
0.0010844
0.00077119
0.00056862
0.00073218
0.0010168
0.0011896
0.00093543
0.00068868
0.00063235
0.00051849
0.00033283
0.00025737
0.0005449
0.00076666
0.00074392
0.0007072
0.00069766
0.00071413
0.00073592
0.00073749
0.00073122
0.00071545
0.0006652
0.00065933
0.00078435
0.0011314
0.0016467
0.0019874
0.0021563
0.0021984
0.0018615
0.0015919
0.0016481
0.0019033
0.0023113
0.002617
0.0022837
0.0014037
0.00074049
0.00064959
0.00080215
0.00085345
0.00064192
8.3803e-05
-0.00065114
-0.00095275
-0.00051502
8.3969e-05
0.00052408
0.00066226
0.00058898
0.00053365
0.00051047
0.00050886
0.0005357
0.00057421
0.00058122
0.0005675
0.00055254
0.00054406
0.00053836
0.0005356
0.00052981
0.00052043
0.00050336
0.00048386
0.00047159
0.00048438
0.00048892
0.00048154
0.00046833
0.00045016
0.00042817
0.00041787
0.00043466
0.00043775
0.00042787
0.00041942
0.00041031
0.00040356
0.00039656
0.00039153
0.00038545
0.00037898
0.00036825
0.00035538
0.00034242
0.00033893
0.00034746
0.00035818
0.00033162
0.00021027
-0.00010164
-0.00053943
-0.00075474
-0.00090792
-0.00099982
-0.00080518
-0.00084455
-0.00092347
-0.0007798
-0.001016
-0.0014477
-0.0015488
-0.0014846
-0.0014247
-0.0013656
-0.0013223
-0.001369
-0.0015989
-0.0020266
-0.0024073
-0.0021859
-0.001479
-0.0012804
-0.0013631
-0.0014028
-0.0013619
-0.0012083
-0.0010072
-0.0009346
-0.001216
-0.0013236
-0.0012915
-0.0012656
-0.0012478
-0.0012462
-0.00125
-0.0012483
-0.0012178
-0.0011358
-0.00099084
-0.0008473
-0.00079033
-0.0003489
0.0001489
0.00050703
0.00037965
-0.00018899
-0.00089757
-0.0012263
-0.0011259
-0.0010337
-0.0010198
-0.0010423
-0.0010609
-0.0010728
-0.0010653
-0.0010519
-0.0010249
-0.00099492
-0.00096217
-0.00095451
-0.00093635
-0.00090749
-0.00087383
-0.00086824
-0.00086264
-0.00085423
-0.0008327
-0.00080324
-0.00077078
-0.00076633
-0.00076195
-0.00075476
-0.00073519
-0.00070811
-0.00067681
-0.00066899
-0.00065471
-0.0006329
-0.00060497
-0.00059315
-0.00056345
-0.000521
-0.00048496
-0.00046411
-0.00048672
-0.00059867
-0.00072988
-0.00071665
-0.00039153
-0.0003454
-0.00037802
-0.00037274
-0.00035564
-0.00032073
-0.00030376
-0.00028603
-0.00027512
-0.00027111
-0.000244
-0.00022653
-0.00021352
-0.00020813
-0.00019174
-0.00018348
-0.00017018
-0.00014808
-0.00012918
-0.00012718
-0.00012544
-0.000121
-0.0001118
-0.00010257
-9.7707e-05
-0.00010103
-8.8252e-05
-8.9834e-05
-0.00012738
-0.00021072
-0.00029512
-0.00026012
-6.6917e-05
-5.6637e-05
-6.8729e-05
-3.1076e-05
7.4979e-05
0.00022993
0.00029346
0.00019368
0.00013335
-3.7726e-05
-5.2697e-05
-2.3334e-05
-2.4168e-05
-2.1706e-05
-2.1622e-05
-3.7561e-06
1.8539e-05
2.9619e-05
8.0439e-07
-4.3653e-05
-5.6475e-05
4.7749e-05
0.00033337
0.0007342
0.00092542
0.00062107
0.00027697
0.00019472
0.00020065
7.4525e-05
5.955e-05
6.802e-05
7.1611e-05
8.8742e-05
9.4796e-05
0.00010514
0.00010197
0.0001017
0.00010039
0.00010491
0.00011223
0.00012607
0.00013369
0.00013211
0.00012856
0.00013156
0.00013883
0.00015173
0.00015778
0.00015655
0.00015335
0.00015271
0.00015131
0.00015122
0.0001493
0.00014761
0.00014438
0.00014342
0.00014506
0.00015278
0.00016166
0.00016367
0.00015316
0.00014257
0.00014116
0.00015139
0.00015709
0.00015541
0.00015266
0.0001516
0.00014985
0.00014735
0.00014218
0.00013758
0.00013755
0.00014898
0.00016932
0.00018201
0.00015926
8.0649e-05
-5.0502e-05
-0.00015347
-0.00018807
-0.00020919
-0.00018533
-0.00018055
-0.00028976
-0.00036131
-0.00034743
-0.00033796
-0.00034001
-0.00031536
-0.00022503
-6.1472e-05
9.8548e-05
0.00018381
0.00015888
9.9508e-06
-0.00010744
-9.9363e-05
2.9316e-05
0.00020911
0.00027862
0.00026202
0.00024598
0.00023395
0.00021153
0.00017589
0.00015062
0.00018622
0.00024533
0.00024714
0.00023526
0.00023023
0.00022652
0.00022117
0.00020079
0.00016266
0.00014201
0.00018782
0.0002212
0.00021467
0.00020941
0.00021295
0.00020932
0.0001821
0.00012438
5.6498e-05
3.453e-05
3.9309e-05
1.7007e-05
-4.2603e-05
-0.0001108
-0.00011478
-5.2531e-05
2.3098e-05
4.9915e-05
3.1391e-05
-2.0592e-06
-3.5133e-05
-4.4415e-05
-7.1525e-05
-8.831e-05
-6.6423e-05
-3.0124e-05
9.008e-07
-5.6287e-06
-1.5334e-05
-4.0932e-05
-5.9644e-05
-5.4082e-05
-4.8459e-05
-4.5326e-05
-4.0074e-05
-3.3534e-05
-3.0051e-05
-2.9123e-05
-2.7095e-05
-2.0694e-05
-1.2549e-05
-7.3646e-06
-3.6751e-06
-7.6022e-07
1.2862e-06
2.6879e-06
5.4371e-06
1.2087e-05
1.9387e-05
2.195e-05
2.0738e-05
1.8732e-05
2.3013e-05
4.2488e-05
7.7484e-05
0.00011418
0.0001197
0.00010754
9.0292e-05
7.4981e-05
7.588e-05
5.7648e-05
5.1966e-05
5.608e-05
5.839e-05
6.0545e-05
6.2188e-05
6.4239e-05
6.595e-05
6.7273e-05
6.7825e-05
6.8809e-05
7.2016e-05
7.6236e-05
7.9143e-05
8.1243e-05
8.2328e-05
8.1777e-05
8.0542e-05
8.2232e-05
9.2696e-05
0.00011577
0.00014365
0.0001539
0.00015244
0.00013145
0.00012026
0.00010679
9.1118e-05
9.2998e-05
9.5739e-05
9.6435e-05
9.6073e-05
9.583e-05
9.6646e-05
0.00010031
0.00010743
0.00011569
0.00012086
0.00014323
0.00015517
0.0001507
0.00014635
0.00014456
0.00014386
0.00014266
0.00014151
0.00013975
0.00013617
0.00012943
0.00011988
0.00011238
0.00011516
0.00011545
0.00010649
0.00010544
0.00010462
0.00010003
9.2217e-05
8.4199e-05
8.3818e-05
8.4667e-05
8.533e-05
8.544e-05
8.4249e-05
8.2829e-05
8.2541e-05
8.5333e-05
9.2432e-05
0.00010135
0.00010339
9.8885e-05
9.598e-05
9.7201e-05
9.248e-05
8.682e-05
8.567e-05
8.5128e-05
8.4897e-05
8.5125e-05
8.5205e-05
8.3062e-05
7.7164e-05
7.493e-05
7.5717e-05
7.3024e-05
7.1372e-05
7.3208e-05
7.4746e-05
7.3761e-05
7.2123e-05
7.0049e-05
6.7889e-05
6.6545e-05
6.6613e-05
6.629e-05
6.7128e-05
6.7139e-05
6.6572e-05
6.5851e-05
6.5599e-05
6.3531e-05
6.0261e-05
5.7135e-05
5.5434e-05
5.4958e-05
5.4368e-05
5.3592e-05
5.2694e-05
5.1858e-05
5.1214e-05
5.0926e-05
5.0892e-05
5.0676e-05
4.9794e-05
4.8841e-05
4.7942e-05
4.6973e-05
4.5791e-05
4.4497e-05
4.342e-05
4.2942e-05
4.2637e-05
4.2147e-05
4.1235e-05
4.0189e-05
3.9117e-05
3.8156e-05
3.7456e-05
3.6785e-05
3.6115e-05
3.5486e-05
3.488e-05
3.4223e-05
3.3486e-05
3.2824e-05
3.2085e-05
3.1413e-05
3.0832e-05
3.0125e-05
2.9375e-05
2.8638e-05
2.7976e-05
2.7436e-05
2.6913e-05
2.6315e-05
2.5623e-05
2.4976e-05
2.4379e-05
2.3829e-05
2.3291e-05
2.2754e-05
2.2225e-05
2.1707e-05
2.12e-05
2.0706e-05
2.0223e-05
1.975e-05
1.9288e-05
1.8837e-05
1.8396e-05
1.7966e-05
1.7549e-05
1.7142e-05
1.6748e-05
1.6364e-05
1.5992e-05
1.5632e-05
1.5283e-05
1.4947e-05
1.4621e-05
1.4308e-05
1.4006e-05
1.3716e-05
1.3438e-05
1.3171e-05
1.2916e-05
1.2673e-05
1.2441e-05
1.2221e-05
1.2012e-05
1.1815e-05
