0.00026952
0.00027082
0.00027174
0.00027314
0.000274
0.00027519
0.0002752
0.00027672
0.00027934
0.00028326
0.00028561
0.0002869
0.00029176
0.00029497
0.00029862
0.00029895
0.00029597
0.00029414
0.00029757
0.00030244
0.0002945
0.00029074
0.00029223
0.00028833
0.0002767
0.00027647
0.00027118
0.00027319
0.00027364
0.00026302
0.00024544
0.00024603
0.00026329
0.00027712
0.00028976
0.00029398
0.00029383
0.00028231
0.00024896
0.00021308
0.00022897
0.00027295
0.00029259
0.00028317
0.00025916
0.00022341
0.00018732
0.00017771
0.0001949
0.00023732
0.00025239
0.00023208
0.00017192
0.00013646
0.00019091
0.00030377
0.00036944
0.00035094
0.00030856
0.00028877
0.00036631
0.00045478
0.0005196
0.00049934
0.0003965
0.00029317
0.00020793
0.00023426
0.00035713
0.00038309
0.00026197
6.1103e-05
-0.00010438
-8.6893e-05
-8.8549e-06
-1.1957e-05
-2.2225e-05
2.3427e-05
9.9215e-05
0.00015835
0.00013828
0.00013555
0.00011361
8.8822e-05
0.00017076
0.0002765
0.00040405
0.00046139
0.00042349
0.00036799
0.00026905
0.00017319
6.662e-05
-4.9742e-05
-0.00017946
-0.00029601
-0.00038933
-0.00042482
-0.00042631
-0.00046613
-0.00049483
-0.00036049
-0.0001993
-5.7966e-05
2.7566e-05
0.00014614
0.00027626
0.00032302
0.00047593
0.0007578
0.0011289
0.0014751
0.0016024
0.0014024
0.00089763
0.00046028
0.0001486
-0.00013172
-0.00032907
-0.00038954
-0.00038769
-0.00061345
-0.0008732
-0.001035
-0.0011547
-0.0012636
-0.0010668
-0.0003306
0.00073423
0.0018679
0.002676
0.0025544
0.0018311
0.0010767
0.00052379
0.00030337
0.0002977
0.00028244
0.00019778
0.00013398
0.00016239
1.8633e-05
-0.00037387
-0.00070193
-0.00079237
-0.00066949
-3.7415e-05
0.00077487
0.0012471
0.0014417
0.001482
0.001166
0.00021098
-0.00083571
-0.00089499
-7.4449e-06
0.0012013
0.0022398
0.0022751
0.0010264
-0.00062958
-0.0021611
-0.0033462
-0.0037418
-0.003388
-0.0028586
-0.0026591
-0.0028345
-0.0026623
-0.0027028
-0.0027923
-0.0025156
-0.0022352
-0.0017777
-0.00059741
0.00064123
0.0013976
0.0016665
0.00177
0.0015554
0.0012097
0.0011573
0.0012726
0.0014858
0.0012861
0.0013622
0.0013161
0.0011196
0.0011275
0.001699
0.0030455
0.0041293
0.0044808
0.0050558
0.0054237
0.005622
0.005471
0.0044328
0.0029378
0.00083929
-0.0014415
-0.0030217
-0.0040201
-0.003799
-0.0027474
-0.0014882
-0.00086653
-0.00048679
-0.00044224
-9.9478e-05
0.0015646
0.0029401
0.0026373
0.00032478
-0.0040686
-0.0094479
-0.013178
-0.014101
-0.011709
-0.0072828
-0.0035717
-0.001574
-0.0010579
-0.0020613
-0.0022455
-0.00040474
0.0020779
0.0052945
0.0073626
0.0080854
0.0069731
0.0040524
0.00085505
-0.0018211
-0.0032847
-0.0029637
-0.001409
-0.00038076
0.00047538
0.00036915
0.00067784
0.00053949
-0.00011297
0.00014891
0.0011103
0.0015083
0.0010272
-0.00061816
-0.0012661
-0.001835
-0.0023069
-0.0026136
-0.0023402
-0.0018349
-0.0016628
-0.0023012
-0.0030832
-0.0031457
-0.0027922
-0.0017956
-0.0002496
0.00088629
0.00083257
0.00023936
-0.0010482
-0.0018604
-0.003156
-0.0057665
-0.0082676
-0.009437
-0.0071877
-0.0036441
-3.298e-05
0.0029211
0.0044594
0.0045174
0.0040856
0.0038778
0.0038213
0.002785
0.00053342
-0.0015942
-0.0025574
-0.0021057
-0.0010834
-0.00033166
0.00041618
0.0015168
0.0022253
0.0022288
0.0016775
0.0010072
-0.00015186
-0.0009276
-0.0023016
-0.0049716
-0.0077122
-0.0091464
-0.0089898
-0.0065389
-0.00277
0.0011192
0.0054812
0.010353
0.014561
0.016342
0.015869
0.013683
0.010171
0.0061109
0.0014427
-0.0025503
-0.0047653
-0.0039814
-0.00072191
0.0039711
0.0080885
0.010449
0.010855
0.0092529
0.0063921
0.0037009
0.00155
0.00043094
0.00052597
0.0010361
0.0027634
0.0042411
0.0053934
0.0053244
0.0023887
-0.002025
-0.0077297
-0.012901
-0.016161
-0.01649
-0.013908
-0.010088
-0.0065091
-0.0041612
-0.0033987
-0.0034724
-0.0029512
-0.0029017
-0.0033086
-0.0037955
-0.0035716
-0.0016694
0.0012051
0.0039665
0.0064916
0.0093569
0.01286
0.01518
0.014911
0.011833
0.0068472
0.0011441
-0.0033652
-0.0060102
-0.007002
-0.0064873
-0.0054034
-0.0044923
-0.0034722
-0.0012674
0.0026287
0.0085819
0.015642
0.02233
0.02679
0.028134
0.026534
0.022307
0.015926
0.0081323
0.0010125
-0.0035871
-0.0049418
-0.0036533
-0.0018314
-0.001043
-0.0016331
-0.0038469
-0.0073077
-0.0096039
-0.0090972
-0.0066701
-0.0038591
-0.0018438
-0.0013898
-0.0021018
-0.0019351
0.00050194
0.0048751
0.0099186
0.014096
0.015552
0.012302
0.0048063
-0.0041656
-0.010837
-0.012734
-0.01048
-0.0067316
-0.004282
-0.0038421
-0.0055141
-0.0081703
-0.010721
-0.011711
-0.0091879
-0.0046026
0.001558
0.0072849
0.011529
0.013383
0.013555
0.012671
0.011128
0.0098713
0.0097797
0.010353
0.0114
0.011488
0.0095221
0.0049544
-0.00011404
-0.0050278
-0.0079751
-0.0083602
-0.0055682
-0.0014123
0.0016661
0.002728
0.0017529
-0.0003649
-0.0018462
-0.0024689
-0.0021805
-0.0010324
-4.0236e-05
0.00069894
0.0017498
0.0027816
0.0043644
0.0049203
0.006041
0.0063661
0.0064152
0.0060876
0.0043751
0.0011765
-0.00258
-0.0076409
-0.012227
-0.015515
-0.016511
-0.016031
-0.015472
-0.015083
-0.016933
-0.01956
-0.021645
-0.022773
-0.021493
-0.019457
-0.019316
-0.022177
-0.027257
-0.033773
-0.042515
-0.053436
-0.064218
-0.072388
-0.076554
-0.077922
-0.07827
-0.079036
-0.0805
-0.081145
-0.079568
-0.076326
-0.072061
-0.066541
-0.058987
-0.049746
-0.039572
-0.028285
-0.016009
-0.0031524
0.0085214
0.01787
0.024785
0.03067
0.036295
0.041867
0.047066
0.050442
0.051393
0.050692
0.048675
0.046339
0.045366
0.04489
0.043217
0.038382
0.031068
0.022001
0.012642
0.005085
-0.00056853
-0.0038733
-0.0050253
-0.0051833
-0.0052533
-0.0052996
-0.0055085
-0.0063121
-0.0069733
-0.0073792
-0.0072038
-0.0065881
-0.004525
-0.0016993
0.00069386
0.003419
0.0061006
0.0083085
0.011241
0.015568
0.02276
0.033211
0.046575
0.059725
0.069879
0.074162
0.072049
0.065355
0.056408
0.047881
0.041304
0.035371
0.027662
0.017587
0.006321
-0.003822
-0.011335
-0.013862
-0.011783
-0.0057692
0.0025562
0.012385
0.021423
0.027526
0.031814
0.033552
0.033369
0.031784
0.028378
0.022141
0.012851
0.0030983
-0.004591
-0.0094928
-0.010955
-0.0085377
-0.0043954
-5.4369e-05
0.003393
0.0045197
0.0016626
-0.0040408
-0.010017
-0.014076
-0.014216
-0.0099404
-0.0028321
0.0054279
0.013214
0.019211
0.022693
0.025244
0.027536
0.029321
0.030828
0.031622
0.031793
0.030747
0.027551
0.023522
0.018612
0.012812
0.0073385
0.0041929
0.0044723
0.0087327
0.014795
0.020186
0.02373
0.024032
0.020896
0.016099
0.011431
0.0082433
0.0079496
0.0081996
0.006604
0.0035967
-0.00060238
-0.0068017
-0.015259
-0.026125
-0.039596
-0.05343
-0.065917
-0.076631
-0.083838
-0.086381
-0.086422
-0.084015
-0.080148
-0.075605
-0.070385
-0.065632
-0.062564
-0.062237
-0.065361
-0.06999
-0.076529
-0.084426
-0.092604
-0.10126
-0.10989
-0.11699
-0.1223
-0.12574
-0.12761
-0.1267
-0.1216
-0.11268
-0.099713
-0.08299
-0.062805
-0.038202
-0.0088853
0.021502
0.049569
0.071838
0.085475
0.091378
0.091982
0.090539
0.090209
0.092878
0.097472
0.099885
0.098837
0.093957
0.086847
0.079996
0.073933
0.070076
0.068923
0.071139
0.07591
0.080207
0.082088
0.079401
0.071303
0.058353
0.041913
0.024271
0.0076911
-0.0075516
-0.021705
-0.035069
-0.046868
-0.057082
-0.065228
-0.07007
-0.070426
-0.065363
-0.055712
-0.043247
-0.029084
-0.013987
0.001615
0.017756
0.033369
0.047475
0.059897
0.069864
0.077781
0.084187
0.089472
0.093347
0.094947
0.093936
0.090452
0.086519
0.084448
0.085383
0.089818
0.096601
0.10313
0.10748
0.10962
0.10948
0.1079
0.106
0.10403
0.1022
0.099058
0.093816
0.086799
0.078812
0.070371
0.062347
0.0544
0.045947
0.036732
0.025634
0.013383
-0.001691
-0.018552
-0.037038
-0.054545
-0.071287
-0.085251
-0.095609
-0.10221
-0.10361
-0.099605
-0.09165
-0.081073
-0.068804
-0.056423
-0.044309
-0.031981
-0.018988
-0.0062936
0.0048482
0.014165
0.019567
0.022019
0.022715
0.022442
0.021321
0.019835
0.017442
0.012444
0.0047517
-0.0046795
-0.014626
-0.024185
-0.032668
-0.040141
-0.046017
-0.049366
-0.050435
-0.050285
-0.050718
-0.051973
-0.053129
-0.054543
-0.056326
-0.05887
-0.062209
-0.065952
-0.070179
-0.074916
-0.079836
-0.08505
-0.090125
-0.094659
-0.097621
-0.097702
-0.095104
-0.090121
-0.082395
-0.072636
-0.061616
-0.050591
-0.041585
-0.035878
-0.032473
-0.029449
-0.025716
-0.020668
-0.014612
-0.0082016
-0.0022199
0.0026465
0.0071652
0.011954
0.017975
0.025866
0.035225
0.044417
0.051011
0.054721
0.055935
0.054909
0.052694
0.050917
0.049551
0.047547
0.045223
0.043128
0.040763
0.038545
0.035657
0.031714
0.027998
0.025212
0.023339
0.022268
0.021484
0.020008
0.016824
0.012182
0.0072957
0.003284
0.00064862
-0.00044614
-0.00032189
0.0013626
0.0038014
0.0060723
0.0086955
0.012356
0.017475
0.024188
0.03079
0.035757
0.0388
0.039339
0.036103
0.029303
0.020314
0.010322
-0.00033241
-0.0094474
-0.015611
-0.018795
-0.018224
-0.015283
-0.011003
-0.0067159
-0.0028719
-0.0015007
-0.0025637
-0.0051415
-0.0088223
-0.012775
-0.016834
-0.020789
-0.024033
-0.026047
-0.028303
-0.031325
-0.035717
-0.042146
-0.0497
-0.057289
-0.065009
-0.072042
-0.077359
-0.080464
-0.080225
-0.07698
-0.071736
-0.064781
-0.056942
-0.049086
-0.04187
-0.036063
-0.032049
-0.029694
-0.028043
-0.025383
-0.022132
-0.018626
-0.014748
-0.010817
-0.0065783
-0.0014739
0.0048359
0.012745
0.021047
0.028961
0.035707
0.040639
0.043633
0.044927
0.043558
0.039221
0.031995
0.022258
0.011632
0.0018816
-0.0054657
-0.0097066
-0.010957
-0.011982
-0.014159
-0.017928
-0.022649
-0.027901
-0.033807
-0.03949
-0.044417
-0.049102
-0.052789
-0.056012
-0.058201
-0.059016
-0.058652
-0.057055
-0.053841
-0.048145
-0.038952
-0.025572
-0.0074826
0.014297
0.038467
0.063136
0.084617
0.10066
0.11107
0.11718
0.1218
0.1263
0.13071
0.13383
0.13269
0.12442
0.10869
0.087105
0.062919
0.039082
0.01715
-0.0023765
-0.019964
-0.035431
-0.048224
-0.05819
-0.06477
-0.068689
-0.071345
-0.072283
-0.070584
-0.067324
-0.06358
-0.059803
-0.056262
-0.051944
-0.046373
-0.040361
-0.034705
-0.029303
-0.024054
-0.019453
-0.016014
-0.0138
-0.013193
-0.013596
-0.014171
-0.014416
-0.013437
-0.011829
-0.0094631
-0.0059164
-0.0012289
0.004596
0.010715
0.016126
0.020241
0.022683
0.023933
0.024383
0.024316
0.023851
0.023118
0.023043
0.024636
0.027474
0.030738
0.03476
0.039472
0.044105
0.048285
0.052426
0.056297
0.058884
0.060356
0.060999
0.060062
0.057126
0.053584
0.049867
0.046027
0.042762
0.038697
0.035243
0.033057
0.030924
0.029209
0.029389
0.029415
0.028325
0.025976
0.022975
0.020781
0.019133
0.018959
0.020756
0.024204
0.028148
0.032758
0.036443
0.039115
0.041496
0.043055
0.043975
0.043159
0.039685
0.033982
0.026129
0.015579
0.0040537
-0.0073871
-0.018007
-0.027208
-0.034217
-0.040039
-0.045541
-0.049771
-0.052932
-0.055312
-0.056266
-0.055764
-0.05297
-0.049423
-0.046188
-0.043042
-0.041063
-0.041028
-0.041115
-0.040607
-0.040487
-0.040196
-0.039264
-0.037515
-0.035213
-0.03287
-0.031361
-0.029052
-0.025723
-0.022669
-0.021007
-0.020195
-0.019448
-0.019789
-0.019568
-0.017603
-0.014807
-0.01108
-0.0054663
0.0021188
0.010755
0.019731
0.028066
0.033832
0.036598
0.038559
0.038807
0.037881
0.036437
0.034248
0.031283
0.027424
0.024227
0.02267
0.021258
0.019466
0.017821
0.017156
0.018172
0.019347
0.019816
0.019498
0.017645
0.014705
0.011133
0.0068764
0.0025974
-0.001016
-0.0045705
-0.0086799
-0.012734
-0.017318
-0.022011
-0.026947
-0.031941
-0.035912
-0.039833
-0.044372
-0.048331
-0.051445
-0.053821
-0.055769
-0.056261
-0.054647
-0.051333
-0.047392
-0.042416
-0.036583
-0.030004
-0.022694
-0.015194
-0.0086623
-0.0043182
-0.0029682
-0.0048398
-0.0091164
-0.014816
-0.021187
-0.027283
-0.031931
-0.034225
-0.033665
-0.030937
-0.027058
-0.022383
-0.016882
-0.011282
-0.0060152
-0.0013925
0.0019579
0.0039088
0.0051366
0.0066921
0.0085996
0.010873
0.014082
0.017941
0.022154
0.027302
0.033051
0.038381
0.043434
0.048046
0.051917
0.054597
0.056069
0.056752
0.056602
0.055932
0.054131
0.051216
0.048832
0.047686
0.047287
0.046728
0.046251
0.045967
0.046488
0.048152
0.049818
0.051318
0.05323
0.054528
0.055054
0.054845
0.054627
0.053115
0.049893
0.046343
0.042034
0.037793
0.032968
0.02737
0.021679
0.016181
0.01094
0.005354
0.00012452
-0.0048225
-0.0088038
-0.012416
-0.015578
-0.018108
-0.019922
-0.019818
-0.01886
-0.017978
-0.016884
-0.016212
-0.016268
-0.016671
-0.016593
-0.017073
-0.018553
-0.019262
-0.01994
-0.020171
-0.020338
-0.021721
-0.023091
-0.024144
-0.025117
-0.026626
-0.029481
-0.032625
-0.03616
-0.04155
-0.047327
-0.053114
-0.058617
-0.062979
-0.066719
-0.068978
-0.070349
-0.071078
-0.071767
-0.07165
-0.070845
-0.069308
-0.065833
-0.061344
-0.056405
-0.05117
-0.046048
-0.041371
-0.037263
-0.03359
-0.030547
-0.028202
-0.025896
-0.024083
-0.021893
-0.02005
-0.018854
-0.017295
-0.015723
-0.013478
-0.0099953
-0.0059265
-0.002287
0.00047272
0.0025505
0.0048755
0.0071964
0.0093252
0.011692
0.01385
0.015763
0.017895
0.019781
0.020044
0.018934
0.016967
0.013806
0.010152
0.0058862
0.00040837
-0.0061361
-0.013047
-0.018754
-0.022735
-0.025566
-0.026968
-0.027041
-0.026463
-0.02584
-0.02499
-0.023981
-0.023167
-0.022311
-0.02082
-0.018803
-0.016782
-0.014379
-0.011449
-0.0080473
-0.0042388
-0.00049338
0.0037908
0.0090387
0.014535
0.01978
0.024522
0.028625
0.032383
0.0361
0.039931
0.044243
0.048538
0.052585
0.055667
0.057418
0.057854
0.057306
0.056849
0.056902
0.05756
0.058435
0.059429
0.060581
0.061872
0.063664
0.066264
0.069486
0.072948
0.076176
0.07893
0.080904
0.082345
0.083263
0.082963
0.082199
0.081607
0.080578
0.078697
0.077024
0.075991
0.074153
0.071114
0.067309
0.062516
0.056593
0.049692
0.042146
0.033915
0.025771
0.01815
0.010601
0.0037223
-0.0024459
-0.0089369
-0.01545
-0.021427
-0.026888
-0.031657
-0.03615
-0.040533
-0.044035
-0.046826
-0.049857
-0.052751
-0.055019
-0.056645
-0.056654
-0.054718
-0.052071
-0.049265
-0.045756
-0.041436
-0.037262
-0.03377
-0.030861
-0.028475
-0.026801
-0.026118
-0.025771
-0.025448
-0.025531
-0.025527
-0.024355
-0.022433
-0.021418
-0.021221
-0.02007
-0.018537
-0.017456
-0.01727
-0.018009
-0.0188
-0.019773
-0.020753
-0.021769
-0.023349
-0.024925
-0.027153
-0.030591
-0.034567
-0.037899
-0.039998
-0.041098
-0.0416
-0.041585
-0.041655
-0.042242
-0.043652
-0.045604
-0.046887
-0.047369
-0.047225
-0.046817
-0.046045
-0.043353
-0.039939
-0.035709
-0.030671
-0.024914
-0.019431
-0.015001
-0.010733
-0.006026
-0.003019
-0.00084123
6.1353e-05
-0.00072364
-0.0017337
-0.0020991
-0.0020903
-0.0026544
-0.0037312
-0.004487
-0.0048625
-0.0041067
-0.0039254
-0.0026033
-0.00046385
0.0023344
0.0056483
0.0092015
0.012436
0.0152
0.016544
0.016513
0.014705
0.012753
0.010012
0.0076349
0.005142
0.0033269
0.0015514
-7.0433e-05
-0.00064751
-0.0006795
-0.00041565
0.00034628
0.0016655
0.0029817
0.0043467
0.0057071
0.0069679
0.0078641
0.0083469
0.0087395
0.0097477
0.010991
0.012045
0.01343
0.013607
0.012912
0.012442
0.012395
0.012115
0.011483
0.011056
0.011044
0.011188
0.011411
0.011543
0.010421
0.007747
0.0054192
0.0040177
0.0029424
0.002681
0.0036559
0.0052826
0.0063068
0.0061662
0.0053954
0.0049909
0.0047673
0.0045494
0.005253
0.0078429
0.010981
0.014153
0.016494
0.01789
0.017927
0.017252
0.016211
0.014515
0.013152
0.01267
0.012803
0.012098
0.010707
0.0090095
0.0079723
0.0076075
0.007362
0.0078694
0.0089806
0.0095869
0.0089245
0.0072893
0.0053861
0.0028269
-0.00021843
-0.0036443
-0.0070995
-0.010466
-0.013056
-0.014714
-0.016595
-0.018811
-0.020369
-0.019644
-0.016661
-0.013262
-0.01046
-0.0076589
-0.0046433
-0.0017627
0.0014204
0.0048922
0.0079527
0.010589
0.012432
0.01299
0.012555
0.011959
0.011754
0.011157
0.010309
0.010242
0.010697
0.010484
0.010311
0.010555
0.0099201
0.0088982
0.0070826
0.0065229
0.0071768
0.0081623
0.0090934
0.0091556
0.0099147
0.01024
0.010042
0.010447
0.010402
0.010564
0.011545
0.013376
0.01521
0.015863
0.016329
0.016217
0.015459
0.014328
0.013835
0.013241
0.012408
0.011075
0.0096076
0.0082439
0.0070589
0.0062484
0.0058018
0.0058966
0.007014
0.0083174
0.0091374
0.010331
0.011379
0.011931
0.011718
0.010882
0.010539
0.010248
0.0091657
0.007502
0.0058728
0.0047828
0.0040657
0.0032292
0.0023569
0.0010106
-0.0010384
-0.0029331
-0.003726
-0.0036048
-0.0034157
-0.0027698
-0.0017266
-0.00087146
-0.0012977
-0.0022296
-0.0030331
-0.0039364
-0.0050507
-0.0059719
-0.0070371
-0.0083289
-0.0085965
-0.0086083
-0.009074
-0.009344
-0.0095735
-0.009388
-0.0095179
-0.0099885
-0.010329
-0.010674
-0.0116
-0.01252
-0.012389
-0.011165
-0.0092176
-0.0074866
-0.0060006
-0.0047372
-0.0041169
-0.003357
-0.0024777
-0.0014406
-0.00077625
-0.00051435
0.0001872
0.001507
0.0027699
0.0035519
0.0039653
0.0044543
0.0048947
0.0057039
0.0068363
0.0073216
0.0068889
0.0062483
0.0060465
0.00567
0.0047825
0.0036266
0.0020892
0.00076065
-0.0013335
-0.0033158
-0.0052634
-0.006543
-0.0059094
-0.005616
-0.0050862
-0.0038819
-0.0027749
-0.0030302
-0.0021811
-0.00079391
-0.00033109
0.00046395
0.0012693
0.00078253
-0.00084215
-0.0020987
-0.0040687
-0.0060612
-0.007086
-0.0088417
-0.010096
-0.011458
-0.012161
-0.011828
-0.011447
-0.010523
-0.0099732
-0.0095849
-0.0085328
-0.006697
-0.0040058
-0.0015598
0.00038847
0.0017035
0.0019563
0.0025062
0.0030893
0.0029777
0.0025331
0.0019026
0.0010651
-0.00056524
-0.0023531
-0.0035084
-0.004253
-0.0046724
-0.0051172
-0.0058783
-0.0064367
-0.0064645
-0.0067727
-0.007104
-0.0064054
-0.0057612
-0.0057058
-0.0059938
-0.0062098
-0.0058142
-0.0054107
-0.0056694
-0.0066742
-0.0081179
-0.0099658
-0.011478
-0.012048
-0.012357
-0.01374
-0.015735
-0.016967
-0.017421
-0.017829
-0.018343
-0.019292
-0.020806
-0.022041
-0.022951
-0.023499
-0.024186
-0.024807
-0.025472
-0.025783
-0.024963
-0.023746
-0.022606
-0.021133
-0.018828
-0.016411
-0.014139
-0.011624
-0.0083938
-0.0052633
-0.0022247
0.00043935
0.0019449
0.0029763
0.0036998
0.0040358
0.0044342
0.0048587
0.0049654
0.0054245
0.0055547
0.0054691
0.0055213
0.005788
0.0061844
0.0064989
0.007466
0.0081083
0.0079095
0.0075007
0.0073954
0.0079888
0.008472
0.0089009
0.0091936
0.0087455
0.0081256
0.0080659
0.007923
0.0075724
0.0074401
0.0079932
0.0082803
0.0090079
0.01027
0.011214
0.011891
0.012629
0.013968
0.014817
0.013116
0.0098184
0.0065141
0.003628
0.0018316
0.00043065
-0.0012007
-0.0028784
-0.0052727
-0.0069218
-0.0076929
-0.0089272
-0.0098628
-0.010144
-0.010219
-0.011094
-0.011797
-0.012027
-0.011304
-0.0096451
-0.0067575
-0.0043232
-0.0025718
-0.00027533
0.0020542
0.0035047
0.0047921
0.005839
0.0062345
0.0061259
0.0061905
0.0067594
0.0078709
0.0090955
0.0094484
0.0086805
0.0075668
0.0072464
0.0067556
0.0062088
0.0063252
0.0070437
0.0086247
0.01073
0.012469
0.014434
0.017118
0.019314
0.021354
0.022599
0.023118
0.023647
0.02372
0.023491
0.022857
0.021904
0.021303
0.020936
0.019551
0.017051
0.014108
0.01112
0.0082702
0.0059296
0.0040015
0.0020502
0.00018181
-0.002254
-0.0052947
-0.0082259
-0.010869
-0.012596
-0.013781
-0.014688
-0.015162
-0.015617
-0.016258
-0.016713
-0.017207
-0.018047
-0.018775
-0.019156
-0.018881
-0.018161
-0.017688
-0.01748
-0.017414
-0.017013
-0.016615
-0.016602
-0.016944
-0.017633
-0.017327
-0.015783
-0.013302
-0.010554
-0.0083789
-0.0070175
-0.0058851
-0.0051532
-0.0050619
-0.0051568
-0.0051903
-0.0049436
-0.0040057
-0.0021958
-8.2537e-05
0.001622
0.0032449
0.0057831
0.0082115
0.0095406
0.0098177
0.010347
0.012603
0.014485
0.015991
0.017488
0.018563
0.018928
0.019585
0.019782
0.020306
0.020999
0.021994
0.02338
0.025464
0.027189
0.028736
0.029714
0.029434
0.029305
0.029793
0.030761
0.030315
0.029605
0.029244
0.026796
0.022859
0.018862
0.017058
0.014055
0.01091
0.0094818
0.0091542
0.008945
0.0080739
0.0076317
0.007126
0.0058249
0.0047244
0.0040434
0.0033569
0.0022949
0.0011709
0.00021708
-6.4174e-05
-0.00062099
-0.0014757
-0.0020724
-0.0025544
-0.0025424
-0.0024845
-0.0023348
-0.001929
-0.00085742
0.0014168
0.0032964
0.0039552
0.0035123
0.0027903
0.0026178
0.0026302
0.0033192
0.0042066
0.0045541
0.0039457
0.0032663
0.0033781
0.0035051
0.0029985
0.0025875
0.0023321
0.0016391
0.0004722
-0.0011327
-0.0030061
-0.0047174
-0.0067364
-0.0088491
-0.010142
-0.011059
-0.011824
-0.011954
-0.011779
-0.01174
-0.012011
-0.011817
-0.010978
-0.010235
-0.0097114
-0.0087468
-0.0081385
-0.0082293
-0.0088612
-0.010229
-0.011391
-0.013383
-0.015442
-0.016999
-0.018559
-0.018893
-0.019084
-0.019814
-0.02075
-0.021159
-0.021137
-0.021758
-0.022281
-0.021424
-0.020609
-0.020506
-0.020488
-0.020307
-0.020269
-0.020597
-0.019982
-0.019083
-0.018786
-0.018588
-0.018649
-0.018101
-0.018004
-0.01805
-0.018081
-0.018175
-0.01822
-0.018033
-0.01737
-0.016272
-0.015254
-0.014276
-0.014282
-0.014045
-0.01317
-0.012092
-0.011315
-0.010524
-0.0092225
-0.0078838
-0.0066108
-0.0057712
-0.0059854
-0.0054425
-0.0045738
-0.0040628
-0.0036644
-0.0035568
-0.0031289
-0.0023291
-0.0017061
-0.0019293
-0.0023848
-0.0017932
-0.00052389
0.00073647
0.0013994
0.0022661
0.0031502
0.0038444
0.0039595
0.0039458
0.0046388
0.0056263
0.0064475
0.0070506
0.0068888
0.0067468
0.0070981
0.008183
0.010084
0.012636
0.015644
0.018487
0.020587
0.021907
0.022886
0.023172
0.023322
0.024124
0.024607
0.024189
0.023118
0.021659
0.020134
0.018518
0.01698
0.016012
0.015542
0.015089
0.014435
0.013666
0.01359
0.014508
0.016095
0.017613
0.018991
0.019694
0.01946
0.018981
0.017909
0.016408
0.014271
0.011623
0.0089627
0.0062759
0.0035499
0.00094387
-0.0012455
-0.0027702
-0.0037229
-0.0041982
-0.0043729
-0.0043132
-0.004931
-0.0058279
-0.0062136
-0.0074732
-0.0091687
-0.010585
-0.011289
-0.010937
-0.011054
-0.011756
-0.012671
-0.014431
-0.016939
-0.019527
-0.02105
-0.022009
-0.022634
-0.022824
-0.023043
-0.023258
-0.023131
-0.022467
-0.022409
-0.021536
-0.020741
-0.020064
-0.020085
-0.020451
-0.019397
-0.017555
-0.015779
-0.012954
-0.010006
-0.0059796
-0.0018575
0.0018447
0.0050103
0.0074284
0.0097051
0.011824
0.013701
0.014257
0.013676
0.012601
0.011554
0.011538
0.011188
0.010203
0.0091699
0.0076824
0.0063379
0.0054268
0.0050453
0.0048576
0.0042252
0.0032739
0.0023938
0.0015128
0.001213
0.0012125
0.0010884
0.0018847
0.0030746
0.0040126
0.004999
0.0061456
0.0070443
0.0085203
0.010184
0.011761
0.013191
0.01405
0.01458
0.015324
0.015535
0.014392
0.012639
0.010929
0.0086766
0.0059439
0.0032461
0.00074427
-0.0012988
-0.002765
-0.0039218
-0.0046105
-0.0043164
-0.0036289
-0.0027869
-0.0016995
-0.0005705
0.00013296
0.00034287
0.00042064
0.0005173
0.00031533
-0.00053628
-0.0020089
-0.0033356
-0.0045239
-0.0053601
-0.0060275
-0.0066997
-0.0073627
-0.0077722
-0.0078403
-0.0074964
-0.006355
-0.004439
-0.0026374
-0.00076235
0.0011942
0.0036078
0.0059565
0.0065651
0.0058806
0.0050146
0.0044911
0.0029867
0.0022363
0.001738
-0.00010171
-0.0021725
-0.0043278
-0.0063201
-0.0082897
-0.009779
-0.010819
-0.01132
-0.011498
-0.011926
-0.010932
-0.0086143
-0.0060707
-0.0043077
-0.0034759
-0.002813
-0.0019271
-0.00039656
0.00070924
0.00083031
6.4294e-05
-0.00057302
-0.001745
-0.0031487
-0.003334
-0.0032769
-0.0041613
-0.0046809
-0.0047561
-0.0040094
-0.0032735
-0.0022188
-0.0013276
-0.0014576
-0.0015416
-0.0013333
-0.00089313
-0.00039172
9.5876e-05
0.0008357
0.00098192
0.0012442
0.00085093
9.199e-05
-0.00039273
-4.509e-05
0.001089
0.0028508
0.0047545
0.0062162
0.0068323
0.0070341
0.0070661
0.0065455
0.0060039
0.0053165
0.0055734
0.005757
0.0053075
0.0047729
0.0048853
0.0049045
0.0042825
0.0045592
0.0060945
0.0074404
0.0090897
0.010865
0.011826
0.011823
0.01076
0.0095273
0.0087002
0.0071287
0.0044829
0.0020557
0.0011531
0.0014777
0.0017809
0.0018366
0.0014612
0.00091995
0.00077702
0.00078771
0.0010388
0.0017667
0.002904
0.0037525
0.003862
0.0043737
0.0047707
0.0046982
0.0049117
0.005706
0.0070063
0.0080583
0.0082815
0.0086625
0.0094325
0.010341
0.011217
0.011993
0.013216
0.014777
0.016158
0.016832
0.01627
0.014583
0.012524
0.01074
0.0090869
0.0073516
0.0059703
0.0046554
0.0031283
0.0014812
0.00095005
0.00023583
-0.0015016
-0.003555
-0.0053663
-0.0072676
-0.0091867
-0.010358
-0.010932
-0.011177
-0.01176
-0.012768
-0.013631
-0.014295
-0.014156
-0.013492
-0.013847
-0.014246
-0.014444
-0.014503
-0.014053
-0.013004
-0.012788
-0.012933
-0.012792
-0.012324
-0.011654
-0.011295
-0.010876
-0.010413
-0.010356
-0.01013
-0.0092174
-0.0077661
-0.0066573
-0.0064809
-0.006017
-0.0048662
-0.0047756
-0.0054876
-0.0054173
-0.0056251
-0.0061398
-0.0073769
-0.0083347
-0.0091622
-0.0095094
-0.0089993
-0.0082855
-0.0074654
-0.0065158
-0.0053836
-0.004457
-0.0034351
-0.0021011
-0.00069309
0.00082509
0.0024771
0.0040831
0.0052834
0.0064473
0.0074419
0.0085084
0.0097882
0.011004
0.012039
0.011996
0.011005
0.010045
0.0093291
0.0091491
0.0087621
0.0080301
0.0072737
0.0066987
0.0063116
0.006072
0.0054163
0.0037259
0.0014093
-0.00059714
-0.0010438
-0.00041131
-0.00051698
-0.00086328
-0.00051297
0.00054999
0.0020566
0.0037629
0.0055494
0.0070535
0.0085168
0.010227
0.011042
0.011078
0.01096
0.01033
0.0088784
0.0069419
0.0050998
0.0031706
0.0011799
-9.2271e-05
-0.0012371
-0.0025608
-0.0033646
-0.0032808
-0.0026171
-0.0017786
-0.00032313
0.0018019
0.0039915
0.0061273
0.0077331
0.0084472
0.0090628
0.009892
0.011014
0.01225
0.013327
0.014363
0.014806
0.014944
0.015223
0.014343
0.012461
0.010594
0.0084199
0.0065909
0.0052945
0.0042285
0.0036942
0.0037988
0.0039417
0.0041605
0.0040608
0.0033348
0.0024338
0.0019449
0.0011262
-2.0503e-05
-0.00075231
-0.0011589
-0.0018352
-0.0028864
-0.0034323
-0.0029641
-0.002054
-0.0010032
-0.001079
-0.0028079
-0.0046203
-0.0059609
-0.0072746
-0.0092835
-0.012051
-0.014526
-0.016333
-0.017868
-0.019332
-0.020378
-0.021359
-0.02221
-0.022232
-0.021682
-0.021296
-0.02109
-0.020551
-0.019782
-0.018837
-0.017675
-0.016693
-0.015864
-0.015383
-0.015194
-0.014835
-0.014798
-0.014833
-0.014895
-0.015103
-0.015362
-0.015459
-0.015624
-0.016096
-0.0165
-0.017056
-0.017437
-0.017465
-0.017516
-0.017483
-0.017067
-0.016072
-0.014722
-0.013408
-0.012111
-0.010762
-0.0094567
-0.0083988
-0.0077708
-0.0075987
-0.0079686
-0.0086899
-0.0091639
-0.0093696
-0.0093244
-0.0094675
-0.0099045
-0.010301
-0.0099987
-0.0087245
-0.0066679
-0.0039863
-0.0013507
0.0012545
0.003912
0.0064577
0.0086856
0.010483
0.012155
0.013937
0.015406
0.016478
0.017163
0.01728
0.017645
0.018324
0.018904
0.019353
0.020102
0.021473
0.022995
0.023458
0.023689
0.02445
0.025077
0.025359
0.025136
0.024778
0.024539
0.024166
0.023615
0.02348
0.023085
0.022058
0.021105
0.020634
0.020563
0.020353
0.020302
0.020004
0.019257
0.018291
0.017953
0.018947
0.019719
0.019598
0.019674
0.019467
0.019583
0.020084
0.019819
0.019137
0.018436
0.017996
0.017448
0.016789
0.015648
0.014652
0.01472
0.014933
0.01514
0.015343
0.015248
0.014812
0.01473
0.014405
0.013488
0.012181
0.011056
0.0102
0.0092962
0.0078368
0.0059955
0.0057434
0.0060282
0.0061978
0.007161
0.0083625
0.0098647
0.011251
0.012918
0.014136
0.015177
0.016186
0.016704
0.015989
0.015217
0.014575
0.012463
0.0097957
0.0072467
0.0045988
0.0015566
-0.0020049
-0.0057071
-0.0087797
-0.011313
-0.013968
-0.016799
-0.019701
-0.022478
-0.024789
-0.026348
-0.027133
-0.02772
-0.028217
-0.028029
-0.02741
-0.026642
-0.026056
-0.025621
-0.025743
-0.026173
-0.026947
-0.027897
-0.028449
-0.028929
-0.029941
-0.030987
-0.03141
-0.032246
-0.033277
-0.033673
-0.033641
-0.033881
-0.034537
-0.035366
-0.036067
-0.036895
-0.037471
-0.037614
-0.036774
-0.035381
-0.033801
-0.031664
-0.028995
-0.026268
-0.023585
-0.021046
-0.018964
-0.017606
-0.016702
-0.015696
-0.015423
-0.015936
-0.016467
-0.016719
-0.0172
-0.017721
-0.017795
-0.01768
-0.017189
-0.01613
-0.014912
-0.01441
-0.014427
-0.013623
-0.012523
-0.011162
-0.010161
-0.0097315
-0.0094774
-0.0087116
-0.007539
-0.0064314
-0.0049931
-0.0032453
-0.0020233
-0.00078569
0.00087418
0.0031631
0.0059588
0.008714
0.011314
0.013579
0.015381
0.016937
0.018683
0.02021
0.021079
0.021662
0.021242
0.020201
0.01981
0.019886
0.019753
0.019418
0.019245
0.01936
0.01917
0.019167
0.018958
0.019075
0.018814
0.017971
0.01773
0.017731
0.017314
0.017256
0.017188
0.01693
0.016699
0.016764
0.017158
0.016946
0.016688
0.016838
0.017269
0.016911
0.016056
0.01507
0.014342
0.01349
0.011868
0.0099313
0.0081192
0.0067983
0.0054885
0.0040785
0.0027222
0.001666
0.0011434
0.0011194
0.0013211
0.0019567
0.0030992
0.0041668
0.0050117
0.006089
0.007131
0.0081846
0.009047
0.0096069
0.010577
0.011412
0.011304
0.010491
0.0098419
0.0097126
0.010023
0.010538
0.010894
0.011411
0.011864
0.012073
0.012247
0.012063
0.011731
0.011705
0.011482
0.01088
0.010124
0.0092451
0.0081314
0.0070658
0.006612
0.0069758
0.0071746
0.0066968
0.0059808
0.0058127
0.0061899
0.0066191
0.0064269
0.0057359
0.0047531
0.0040093
0.0037232
0.00322
0.0021973
0.0011857
0.00051904
-0.00018108
-0.00083586
-0.0013778
-0.001579
-0.0016117
-0.0018278
-0.0022139
-0.0024403
-0.0020439
-0.0014802
-0.0009704
-0.00051502
-0.00084135
-0.0020442
-0.0035763
-0.0052195
-0.0070059
-0.0086823
-0.010538
-0.012801
-0.014816
-0.016137
-0.017145
-0.017302
-0.016647
-0.015729
-0.013918
-0.011308
-0.0086472
-0.0061835
-0.0040311
-0.0021589
-0.00035228
0.00088713
0.0017818
0.0025462
0.0023586
0.0022736
0.0021748
0.0015409
0.0003792
-0.00075579
-0.0017569
-0.0029712
-0.0048264
-0.0065061
-0.0080802
-0.0095853
-0.0106
-0.011768
-0.012534
-0.012291
-0.011651
-0.010857
-0.010394
-0.0099857
-0.010073
-0.010138
-0.009973
-0.0096499
-0.0092673
-0.0092718
-0.01009
-0.01066
-0.011182
-0.011417
-0.011888
-0.01251
-0.012544
-0.012608
-0.0127
-0.012506
-0.011641
-0.0099698
-0.0077349
-0.0050958
-0.0024667
0.00016798
0.0029086
0.0056165
0.0079776
0.009489
0.010101
0.010409
0.010714
0.010905
0.011459
0.011563
0.011528
0.011345
0.010762
0.0097794
0.0084038
0.0064056
0.0042931
0.0017361
-0.00058991
-0.0018598
-0.0030293
-0.0040824
-0.0047877
-0.0051455
-0.0050055
-0.0043239
-0.003259
-0.0014391
0.00086634
0.0030709
0.0046855
0.0059604
0.0072612
0.0083816
0.0090584
0.0091936
0.0086389
0.0075729
0.0067199
0.0059096
0.0051488
0.004958
0.0049019
0.0044502
0.0036118
0.0026981
0.0016802
0.00089494
0.00069898
0.0007452
0.0008482
0.0012218
0.0020069
0.0030136
0.0043993
0.0066942
0.009224
0.011092
0.01227
0.013342
0.014007
0.014415
0.014896
0.014947
0.014728
0.01473
0.014339
0.013529
0.012386
0.011
0.0096996
0.0085531
0.0076003
0.0067304
0.0055887
0.0045198
0.0041079
0.0041405
0.0036314
0.0025551
0.0011777
-4.6243e-05
-0.00066657
-0.00072409
-0.00081069
-0.0011341
-0.0014439
-0.0014782
-0.0019611
-0.0024523
-0.0031556
-0.0041869
-0.0049737
-0.0066121
-0.0081244
-0.0093864
-0.010737
-0.012147
-0.013575
-0.014776
-0.015498
-0.015624
-0.015604
-0.015488
-0.015092
-0.014446
-0.013874
-0.012962
-0.011856
-0.010546
-0.0097565
-0.0090693
-0.0085969
-0.0082788
-0.0082723
-0.0080321
-0.0071545
-0.007165
-0.0085019
-0.0099212
-0.01062
-0.010501
-0.010131
-0.0094339
-0.0083607
-0.0075507
-0.0068169
-0.0057501
-0.005186
-0.0052393
-0.0051971
-0.0050711
-0.005006
-0.0052285
-0.0058632
-0.00674
-0.0072118
-0.0076424
-0.0076522
-0.0078709
-0.0084863
-0.0091458
-0.0092342
-0.0093569
-0.0096238
-0.0096993
-0.0093504
-0.0098527
-0.010536
-0.010661
-0.011096
-0.011965
-0.012888
-0.014259
-0.0154
-0.015887
-0.015863
-0.015915
-0.015992
-0.01576
-0.014993
-0.013814
-0.012765
-0.011668
-0.010517
-0.0099399
-0.0091847
-0.0083011
-0.0071088
-0.0060057
-0.0049646
-0.0035075
-0.001565
4.9831e-05
0.0015927
0.0029125
0.0037576
0.0047633
0.0052244
0.0049815
0.004461
0.0037867
0.0030095
0.001697
0.00019241
-0.0013307
-0.0026741
-0.0032831
-0.0027494
-0.0014143
-0.00038306
0.00028858
0.0010406
0.002089
0.0027738
0.0030679
0.0032108
0.0030237
0.0029956
0.0026181
0.0024939
0.0021608
0.0014981
0.0010631
0.0011466
0.0016703
0.0027018
0.0039778
0.0049564
0.0055735
0.006047
0.0064519
0.0066688
0.0069643
0.0071849
0.0075506
0.0082178
0.0085768
0.0085526
0.0083401
0.0081092
0.0077926
0.0078136
0.0078483
0.0077838
0.007753
0.0078613
0.0082522
0.0088305
0.0091875
0.0091178
0.0089615
0.0087205
0.0084444
0.0083435
0.0081596
0.0076623
0.0072975
0.0068297
0.0065094
0.0063808
0.0059083
0.0050673
0.0043036
0.0037958
0.003867
0.0043972
0.0047707
0.0043817
0.003597
0.0034064
0.0039986
0.0052056
0.0067287
0.0083921
0.010198
0.011877
0.013645
0.015612
0.01709
0.017862
0.01814
0.018245
0.018216
0.01769
0.016469
0.014941
0.01364
0.012777
0.011679
0.010901
0.010551
0.010806
0.01123
0.011258
0.011381
0.010933
0.011225
0.01147
0.011482
0.011527
0.011489
0.0113
0.010841
0.010268
0.009945
0.0093461
0.0082788
0.0073953
0.0066732
0.0056344
0.0046494
0.0037974
0.0027179
0.0020552
0.0018036
0.0012295
0.00056647
0.00057712
0.00066889
0.0006478
0.00043732
-0.00011039
-0.00092744
-0.0016814
-0.0030206
-0.004499
-0.0058648
-0.0070122
-0.0075889
-0.0075569
-0.0073457
-0.0068564
-0.0062381
-0.0060414
-0.0056613
-0.0052838
-0.0055746
-0.0057361
-0.0053779
-0.005636
-0.0058036
-0.005592
-0.0057497
-0.0058492
-0.0064129
-0.0068095
-0.0073579
-0.0078476
-0.0077275
-0.0073751
-0.0068582
-0.0064502
-0.006497
-0.0063522
-0.0057922
-0.0049858
-0.0040921
-0.0027829
-0.0014515
-0.00017386
0.0011811
0.0025567
0.0037986
0.0046966
0.0051097
0.0049196
0.0040927
0.0041019
0.0038881
0.0028724
0.0013905
3.0178e-05
-0.0011365
-0.0022128
-0.0032627
-0.0045395
-0.0056506
-0.0062309
-0.0065749
-0.006654
-0.0067193
-0.0066953
-0.0062966
-0.0054615
-0.0044839
-0.0037119
-0.002802
-0.0017386
-0.00098317
-0.00048589
-0.00030924
-0.00060936
-0.00080069
-0.00048662
-7.4069e-06
-7.4799e-05
-0.00055008
-0.0014121
-0.0023814
-0.0031702
-0.0041845
-0.0054481
-0.005611
-0.0044697
-0.0035149
-0.0026686
-0.0018867
-0.0017075
-0.0018381
-0.0017774
-0.0013809
-0.00067287
0.0001051
0.00083358
0.0015725
0.0020899
0.0022575
0.0018642
0.0012837
0.00088985
0.00064575
8.6889e-05
-0.00061764
-0.0013474
-0.002238
-0.0032021
-0.004173
-0.0050037
-0.0060141
-0.0069605
-0.0074689
-0.0077628
-0.007783
-0.0077767
-0.0073938
-0.0066137
-0.0055008
-0.0041978
-0.0030555
-0.0021683
-0.0013796
-0.00030086
0.00078069
0.0014466
0.0019305
0.0028651
0.0035596
0.0038734
0.0040687
0.0036164
0.0028039
0.0017172
0.00040329
-0.00086988
-0.0020346
-0.003103
-0.0041868
-0.0054828
-0.0064459
-0.0071728
-0.0078303
-0.0083955
-0.0086891
-0.0087737
-0.0088428
-0.0087321
-0.0083177
-0.0077028
-0.0073185
-0.0070051
-0.0065692
-0.006358
-0.0061434
-0.005488
-0.0045752
-0.0041817
-0.0046482
-0.0049331
-0.0050882
-0.0055722
-0.006279
-0.0066777
-0.0069024
-0.0069857
-0.0076109
-0.0081049
-0.0082435
-0.0078926
-0.0077694
-0.0074718
-0.0063547
-0.0046127
-0.0033137
-0.0022988
-0.0010612
0.00055742
0.0015089
0.0018137
0.0020926
0.0019803
0.00091756
-0.00026624
-0.0010636
-0.0017864
-0.0028462
-0.0037586
-0.0042317
-0.0045626
-0.0044351
-0.0043748
-0.0038089
-0.0032668
-0.0027694
-0.0024592
-0.0018172
-0.0007207
8.7384e-05
0.0004154
0.00069018
0.00093536
0.0018701
0.0025979
0.0027104
0.0028923
0.0033782
0.0039157
0.0039482
0.0039743
0.0044422
0.0053109
0.0059957
0.0055863
0.005844
0.0061438
0.0057693
0.0057802
0.0054709
0.0058985
0.0065836
0.0068931
0.007606
0.0085348
0.0087773
0.0086036
0.009069
0.0091721
0.0094103
0.010055
0.010744
0.0108
0.010508
0.0097246
0.0083348
0.0069489
0.0056366
0.0043472
0.0030911
0.0020065
0.0011275
0.00029406
-0.00083614
-0.0014301
-0.0014722
-0.0017522
-0.0023981
-0.0030146
-0.002838
-0.0022993
-0.0016661
-0.0012727
-0.00049818
0.00044802
0.00078201
0.00070697
0.00094075
0.0016909
0.0027067
0.0035834
0.0042818
0.0040789
0.0031278
0.0022632
0.0013327
0.00081012
0.00051393
2.7301e-05
-0.00011212
0.00064095
0.0014568
0.0016669
0.0017856
0.0020717
0.0019675
0.0017566
0.0016345
0.0017446
0.0016524
0.00081756
0.0001112
-1.6334e-05
-0.0003126
-0.0010564
-0.0016116
-0.0018757
-0.0018504
-0.001981
-0.0024228
-0.0030198
-0.0033969
-0.0034866
-0.0037345
-0.0040663
-0.0041837
-0.004519
-0.0048033
-0.0048197
-0.0048515
-0.0048635
-0.0047375
-0.0043522
-0.0037924
-0.0034137
-0.0030623
-0.0025495
-0.0023007
-0.0021862
-0.0019102
-0.0016182
-0.0016335
-0.0015056
-0.0015144
-0.001193
-0.0011053
-0.00091714
-0.00017167
0.00094366
0.0016946
0.0018747
0.002018
0.0020873
0.0018362
0.0021666
0.0028511
0.0032086
0.0036579
0.0041954
0.0042727
0.0041703
0.0041266
0.0041705
0.0044178
0.0049317
0.0055563
0.0058207
0.0063444
0.0069534
0.0069133
0.0067948
0.0067575
0.0067839
0.0068576
0.0069354
0.00697
0.0067974
0.0062455
0.0053339
0.0044541
0.00325
0.0024654
0.0019831
0.0015438
0.0014889
0.0014375
0.001435
0.0016883
0.0022684
0.0029534
0.0034127
0.0039165
0.0043429
0.0050596
0.0056484
0.0053547
0.0044771
0.0036907
0.003854
0.004465
0.0054197
0.0064392
0.0070948
0.0076588
0.0082398
0.0086257
0.0088056
0.0089266
0.0095861
0.010302
0.010491
0.010391
0.01011
0.010066
0.0094285
0.0086177
0.0076696
0.0066977
0.005912
0.0049682
0.0041813
0.0038309
0.003453
0.0028126
0.0023285
0.0018525
0.0012497
0.0010185
0.0010981
0.0011284
0.0010439
0.00080229
0.00043697
0.00018728
0.00039698
0.00030629
0.00026989
-0.00022317
-0.00062973
-0.0010809
-0.0016594
-0.0017831
-0.0017761
-0.0017815
-0.0018077
-0.0018354
-0.0018573
-0.0018664
-0.0018782
-0.001892
-0.0019051
-0.0018907
-0.0018371
-0.0017658
-0.0017838
-0.0020487
-0.0026743
-0.003418
-0.0036275
-0.0037308
-0.0034703
-0.0024004
-0.0016279
-0.0010862
-0.00039376
0.00011662
0.0006177
0.00086781
0.0012032
0.0014462
0.001425
0.0016828
0.0014708
0.0012817
0.0011716
0.00032879
-0.00067652
-0.0019935
-0.0035069
-0.005262
-0.0072037
-0.0088457
-0.0099901
-0.010933
-0.011763
-0.012734
-0.013877
-0.014686
-0.015253
-0.015588
-0.015566
-0.015561
-0.015637
-0.015726
-0.015781
-0.015677
-0.015295
-0.014629
-0.013954
-0.013105
-0.012072
-0.010885
-0.0099828
-0.0091063
-0.0080033
-0.0066681
-0.0048351
-0.0032579
-0.0024253
-0.0019694
-0.0014172
-0.0010239
-0.00049742
0.00011893
0.00022025
0.00013985
0.00014386
0.00030357
0.00065907
0.0010544
0.0011913
0.0015913
0.0014778
0.0011109
0.00078247
0.00085709
0.0018205
0.0024037
0.0027661
0.0025891
0.0025574
0.0031169
0.0043038
0.0056082
0.005777
0.0059205
0.0060143
0.0055374
0.0054765
0.0051476
0.0042451
0.0032097
0.0027304
0.0026028
0.0020762
0.0012095
0.00023238
-0.0010761
-0.0021925
-0.0030168
-0.0038182
-0.0047658
-0.0052849
-0.0055729
-0.0062848
-0.0071688
-0.0077796
-0.0080944
-0.0080712
-0.0080766
-0.0081736
-0.0082218
-0.0081167
-0.0077341
-0.0071885
-0.0068853
-0.006983
-0.0070458
-0.0070242
-0.0069911
-0.0069963
-0.0070392
-0.00708
-0.006982
-0.0065922
-0.0058709
-0.005094
-0.0041539
-0.0032258
-0.0024508
-0.0014716
-0.00053001
5.2635e-05
0.00057883
0.0009788
0.001414
0.0019959
0.0022588
0.002241
0.0022325
0.0022134
0.0021693
0.002136
0.0022644
0.0027199
0.0035169
0.004266
0.0048606
0.005
0.0049632
0.0047805
0.0042402
0.0034066
0.002789
0.0022907
0.0022632
0.0023574
0.0022577
0.0019199
0.001379
0.00099998
0.0014063
0.0020892
0.0022067
0.0021132
0.0020689
0.0020609
0.0020683
0.0020587
0.0020376
0.0020282
0.0020767
0.0021025
0.0019967
0.0016651
0.0011643
0.00088579
0.001471
0.0020594
0.0019274
0.0018
0.0020414
0.0027966
0.0039494
0.0047748
0.0054264
0.0065654
0.007615
0.0084824
0.0093007
0.009128
0.0093409
0.0090969
0.008854
0.0078478
0.0072304
0.0071489
0.0065628
0.0054144
0.0041641
0.0026517
0.00065285
-0.00026831
-0.00062163
-0.0010022
-0.0019346
-0.0030936
-0.0037365
-0.0039485
-0.0042083
-0.0042012
-0.0036935
-0.0032939
-0.002523
-0.0015463
-0.0010738
-0.0008715
-0.00028502
0.00053008
0.001129
0.0016692
0.0018954
0.0022553
0.0025602
0.0024948
0.0028586
0.0035378
0.0031091
0.0019516
0.0014355
0.0015527
0.0016527
0.0016598
0.0016257
0.0015804
0.0015445
0.001524
0.00152
0.0015395
0.0015767
0.0015978
0.0015143
0.0011959
0.00052274
-0.00025729
-0.00074072
-0.0010703
-0.0011031
-0.0014952
-0.0024535
-0.003512
-0.0039769
-0.0039989
-0.0041988
-0.0044716
-0.0044325
-0.0039895
-0.0039968
-0.0039341
-0.0035465
-0.0029727
-0.0023097
-0.0013903
-0.0013884
-0.0015123
-0.0015039
-0.0015165
-0.0015269
-0.0015383
-0.0014512
-0.0012673
-0.00098944
-0.00079718
-0.00061473
0.00019727
0.00081044
0.0011663
0.001048
0.00088665
0.00097993
0.0014543
0.0024293
0.0034762
0.0038582
0.003634
0.0035233
0.0036868
0.0041113
0.0046504
0.004887
0.0044917
0.0043239
0.0045752
0.0045223
0.0048237
0.0044139
0.003841
0.003824
0.0034926
0.0026723
0.0017468
0.0017515
0.0024205
0.0024907
0.0024237
0.0024542
0.0024778
0.0024176
0.002324
0.0035464
0.0039236
0.0043206
0.0049242
0.0050134
0.005297
0.0056152
0.0056155
0.0061475
0.0061934
0.0061043
0.0061453
0.0062351
0.0063685
0.0063228
0.0058613
0.0047746
0.0034796
0.002981
0.0020767
0.00099607
0.0010286
0.00078374
-0.00014669
-0.0013842
-0.0019712
-0.0018661
-0.0017917
-0.0018402
-0.0019531
-0.0020726
-0.0021017
-0.0020532
-0.0019384
-0.0018407
-0.0019499
-0.0024926
-0.0035133
-0.0044339
-0.0040646
-0.0033974
-0.003389
-0.0032737
-0.0027958
-0.0021924
-0.0020497
-0.0020805
-0.002128
-0.0023298
-0.0027535
-0.0033251
-0.0036495
-0.0041193
-0.0047267
-0.0048614
-0.0048413
-0.0048633
-0.0048564
-0.0047853
-0.0046883
-0.00475
-0.0052294
-0.0062778
-0.007452
-0.0076366
-0.0074917
-0.0074986
-0.0075776
-0.0076719
-0.0077441
-0.0077805
-0.0076765
-0.0073427
-0.0068076
-0.0062723
-0.005205
-0.0048149
-0.0047472
-0.0047028
-0.0049358
-0.004652
-0.0039579
-0.0034844
-0.003153
-0.0028652
-0.0030622
-0.0034281
-0.0031911
-0.0027094
-0.0029018
-0.0035744
-0.0039002
-0.0038569
-0.00365
-0.0032158
-0.0027198
-0.0026351
-0.0027668
-0.0025976
-0.0019091
-0.00081286
-1.8194e-06
0.00012584
-8.223e-06
-4.3582e-05
5.9014e-05
0.00029656
0.00060263
0.00073249
0.00035006
2.1579e-05
-8.2456e-06
2.2178e-05
7.8141e-05
0.00013776
0.00014616
-1.5092e-05
-0.00046652
-0.0011353
-0.0015882
-0.0018374
-0.0019224
-0.0014771
-0.00096346
-0.00065034
-0.00050565
-0.00035636
-0.00016839
-0.00048533
-0.00080182
-0.00061445
-8.8063e-05
0.00046451
0.0013858
0.0022883
0.0025996
0.0025969
0.0026277
0.0025261
0.0020222
0.0010986
0.00025739
1.1852e-05
-2.9976e-05
-0.00042853
-0.0011183
-0.0015829
-0.0015771
-0.0013941
-0.0010098
-0.00047275
-0.0001939
-0.00029018
-0.00033539
-0.00019925
0.00012198
0.00054678
0.0007711
0.00093932
0.0016891
0.0024094
0.0023704
0.0022763
0.002271
0.0022969
0.0023616
0.0024408
0.0024862
0.002378
0.0019842
0.0013197
0.00076051
0.00048796
0.00034868
0.00074984
0.0015819
0.0021792
0.0023156
0.0017365
0.00076115
-0.00011809
-0.00048499
-0.00064546
-0.00096
-0.0011741
-0.0014492
-0.0018625
-0.0018507
-0.0016864
-0.0014837
-0.0013265
-0.0014598
-0.0014661
-0.00086474
-0.00044477
-0.0005355
-0.00076462
-0.0010571
-0.0011989
-0.00080243
-8.4355e-05
0.00031263
0.00038746
0.00030544
0.00073886
0.0015081
0.0012432
0.00028183
-0.00035336
-0.00072947
-0.00056707
-0.00038908
-0.0004648
-0.00093809
-0.0019067
-0.0029805
-0.0034236
-0.0033008
-0.0032327
-0.0032663
-0.0033305
-0.003382
-0.0033963
-0.0033751
-0.0033452
-0.003349
-0.0034226
-0.0035447
-0.0035797
-0.0032656
-0.002384
-0.0011571
-0.00011714
0.00087247
0.0017781
0.002021
0.0025903
0.0034339
0.0040168
0.004461
0.0044575
0.0044405
0.0044866
0.0045017
0.0044512
0.0043476
0.004335
0.0046546
0.0055076
0.0066762
0.0072592
0.0071546
0.0070883
0.0071135
0.0071068
0.0070315
0.0069399
0.0069437
0.0072801
0.0081592
0.0093292
0.0098606
0.0097246
0.0096343
0.0096582
0.0097434
0.0098451
0.0098945
0.009771
0.0093481
0.0086977
0.0080811
0.0069071
0.0070026
0.007486
0.0078972
0.0080698
0.0074555
0.0073075
0.0084986
0.0098082
0.0097713
0.0095976
0.0095733
0.0095969
0.0096521
0.0096944
0.0097142
0.009708
0.0096772
0.0096303
0.009588
0.0095965
0.0096171
0.0096168
0.0095726
0.0095009
0.0094734
0.0096449
0.010164
0.010954
0.011553
0.012082
0.012211
0.012163
0.012013
0.011572
0.010891
0.010314
0.0095653
0.0087845
0.0077402
0.0068149
0.0061034
0.0051586
0.0044384
0.0039658
0.0029875
0.0015477
0.0006353
-0.00031216
-0.0011452
-0.001867
-0.0030146
-0.0041903
-0.0052736
-0.0063606
-0.0065829
-0.0066788
-0.007186
-0.0078777
-0.0082692
-0.0087301
-0.0093163
-0.0094568
-0.0094586
-0.0094693
-0.0094851
-0.0094917
-0.0094885
-0.0094987
-0.0095627
-0.0096732
-0.0097319
-0.0095201
-0.008824
-0.0077248
-0.0069429
-0.0070092
-0.007566
-0.0080421
-0.0079233
-0.0075182
-0.0075056
-0.0074747
-0.0075896
-0.0078612
-0.008481
-0.009034
-0.0090845
-0.009353
-0.0096108
-0.0096025
-0.0095201
-0.0093241
-0.0090322
-0.00877
-0.0080404
-0.0072443
-0.0070562
-0.0071112
-0.0070782
-0.0070001
-0.0070121
-0.0072392
-0.0077012
-0.0081069
-0.007855
-0.0071957
-0.0069729
-0.0070883
-0.0071462
-0.0070815
-0.0070165
-0.0071732
-0.007762
-0.0087362
-0.0095389
-0.0098911
-0.010344
-0.011156
-0.011761
-0.011959
-0.012431
-0.012719
-0.012273
-0.01115
-0.0097274
-0.0092238
-0.0097874
-0.010191
-0.010172
-0.01004
-0.0097689
-0.0092968
-0.0087727
-0.0086404
-0.0086538
-0.0082785
-0.0074925
-0.0066548
-0.005685
-0.0047486
-0.0040987
-0.0034086
-0.0027763
-0.0023051
-0.0021754
-0.0021663
-0.0017882
-0.00090717
0.00013885
0.00040193
5.7871e-06
8.8047e-05
0.00059882
0.0010539
0.0017613
0.0024703
0.0029733
0.003387
0.003711
0.0042175
0.0045879
0.0047457
0.0051545
0.0056371
0.0056072
0.0049813
0.004551
0.0043012
0.0038112
0.0032868
0.0027371
0.00187
0.0010957
0.00016703
-0.0013187
-0.0021518
-0.0024105
-0.0029281
-0.0033732
-0.0034958
-0.003541
-0.0034195
-0.0030191
-0.002443
-0.0021238
-0.002207
-0.0022266
-0.0020795
-0.0018141
-0.0016108
-0.0018337
-0.0022455
-0.002289
-0.0023023
-0.0023171
-0.0021559
-0.0016762
-0.00091155
-0.00033727
-0.00026577
4.4736e-05
0.00094141
0.0018126
0.0024163
0.0024002
0.0023276
0.0025983
0.002902
0.0031351
0.0033319
0.003816
0.0039937
0.0042624
0.0044069
0.0047556
0.0053442
0.0056915
0.005673
0.0056406
0.0056548
0.0056403
0.0056048
0.0055827
0.0057103
0.006114
0.0067771
0.0073211
0.0075459
0.0076455
0.0079968
0.0087797
0.0093921
0.0096987
0.0096466
0.0095633
0.0095495
0.0096021
0.0098049
0.010142
0.010424
0.010186
0.0094904
0.0086769
0.0076143
0.0069772
0.0069353
0.0065261
0.0057175
0.0050746
0.0049541
0.0046202
0.0037118
0.0028121
0.0021608
0.002088
0.0020537
0.0017786
0.0016081
0.0010118
-9.1087e-05
-0.0010989
-0.0013115
-0.00087967
-0.00027996
0.0001537
0.0001842
0.00040715
0.00086335
0.0010661
0.00070206
0.00051168
0.00073707
0.00071044
0.00090147
0.00072426
0.00046938
-0.00035023
-0.0010029
-0.0014373
-0.0014447
-0.0013958
-0.0014308
-0.00145
-0.0014746
-0.0014598
-0.0014724
-0.0015239
-0.0016448
-0.001714
-0.0015412
-0.00087949
0.00024871
0.001108
0.00046765
0.00036442
0.00066219
0.0014862
0.0019727
0.00189
0.0022466
0.0024584
0.0027213
0.0031987
0.003529
0.0030955
0.0024663
0.0024662
0.0027825
0.0030886
0.0030743
0.0024003
0.0019863
0.0019351
0.0020892
0.0014408
0.00039291
1.9831e-05
-0.00063954
-0.00081228
-0.00025031
-0.0001742
-0.00047558
-0.00082308
-0.00092747
-0.00045916
-0.00036068
-0.00047305
-0.00047041
-0.00026733
0.00020405
0.00071789
0.00075642
0.00042569
0.000272
0.00063648
0.0009431
0.00095207
0.00094567
0.00092394
0.00083059
0.00062405
0.0003202
0.00014456
0.00052283
0.001021
0.0014889
0.0019913
0.0019784
0.0014412
0.00085523
0.00072453
0.00075669
0.00073388
0.00078879
0.0010598
0.0014901
0.0016703
0.0010015
0.00028694
0.00063531
0.00071369
0.00050828
0.0015531
0.0025099
0.0023836
0.0015178
0.0013548
0.0021051
0.0024548
0.0021832
0.0013509
0.0011135
0.00068094
0.00047238
0.00043535
0.0003642
0.00031229
-0.00085597
-0.0026202
-0.0034039
-0.0033255
-0.0032926
-0.0035507
-0.0039747
-0.0042003
-0.0035727
-0.0018791
-0.0024002
-0.0035101
-0.0024175
-0.00049522
0.0010211
0.0028108
0.0036569
0.0037754
0.0038747
0.0047791
0.005224
0.0051809
0.0057867
0.0058115
0.0057222
0.0057248
0.0058
0.0059248
0.00597
0.0055741
0.0044831
0.0029116
0.0020126
0.0022343
0.0018017
0.00023872
-0.00062366
-0.0015794
-0.0024906
-0.0030965
-0.0030898
-0.0038674
-0.0055223
-0.0062085
-0.0055662
-0.005004
-0.004977
-0.0047292
-0.0041411
-0.0036464
-0.0037799
-0.00426
-0.0049728
-0.0055298
-0.0053496
-0.004781
-0.0043601
-0.005132
-0.006016
-0.0071288
-0.0078877
-0.0074092
-0.0068786
-0.0069492
-0.0077987
-0.0083661
-0.0082205
-0.0082884
-0.0079684
-0.0079164
-0.0079508
-0.0079024
-0.0079067
-0.0080541
-0.0084979
-0.0091317
-0.0095367
-0.0095226
-0.0095629
-0.010336
-0.011664
-0.012314
-0.013099
-0.014297
-0.014899
-0.014989
-0.014974
-0.014644
-0.013926
-0.013987
-0.014786
-0.015142
-0.014962
-0.014445
-0.013608
-0.012739
-0.011847
-0.01122
-0.010802
-0.00975
-0.0080759
-0.0068337
-0.0056784
-0.0039883
-0.0025786
-0.0012534
0.0003275
0.0019828
0.0022162
0.0021001
0.0026179
0.0038368
0.0053268
0.0058985
0.0064849
0.0068271
0.0073256
0.0077879
0.0087532
0.0086605
0.00872
0.0095752
0.0095725
0.0089498
0.0091503
0.0098619
0.010645
0.01099
0.011165
0.01105
0.011369
0.011192
0.010987
0.011022
0.010553
0.010283
0.010187
0.010958
0.010986
0.010318
0.0098011
0.0089547
0.0080282
0.0073379
0.0059789
0.0053592
0.0058088
0.0057665
0.0050832
0.0041637
0.0034226
0.0034919
0.0036365
0.0036596
0.0035749
0.0033417
0.0030069
0.0027942
0.0030509
0.0034957
0.0035806
0.0036172
0.0035842
0.0034423
0.0040634
0.0047535
0.0052206
0.0060479
0.0068982
0.0076397
0.0079795
0.008619
0.0096308
0.010454
0.010461
0.010231
0.010131
0.010538
0.010541
0.010097
0.010391
0.010384
0.0098577
0.0091823
0.0082655
0.0077494
0.0078184
0.0073868
0.0057696
0.0044051
0.0034242
0.0035372
0.0039988
0.0039438
0.0029849
0.0020033
0.0014049
0.0017056
0.0015796
0.00087684
0.00035883
0.00092048
0.0021395
0.002061
0.0020819
0.0023989
0.0024201
0.0028375
0.0029645
0.0031668
0.0035463
0.0037001
0.0031852
0.002975
0.0023231
0.0008874
-0.00047257
-0.00034934
-0.00091705
-0.00173
-0.0029071
-0.0041148
-0.0054165
-0.0071839
-0.008156
-0.0090371
-0.01022
-0.010776
-0.011942
-0.013539
-0.014126
-0.014556
-0.014731
-0.015046
-0.01539
-0.015607
-0.016081
-0.015867
-0.01515
-0.014338
-0.013707
-0.013075
-0.012771
-0.012761
-0.013084
-0.013271
-0.013576
-0.013095
-0.012064
-0.011125
-0.010803
-0.010755
-0.010291
-0.0095965
-0.0091926
-0.0088136
-0.0082009
-0.0083119
-0.0083218
-0.0077989
-0.0067391
-0.0056571
-0.005115
-0.0049724
-0.0050365
-0.0050784
-0.004782
-0.0042827
-0.0036407
-0.0035144
-0.0032529
-0.0024854
-0.0017686
-0.001231
-0.00095312
-0.00090669
-0.00057847
-0.00025714
-0.00011661
0.00011712
0.00034218
0.00023622
0.00031765
0.00061979
0.0013158
0.0019459
0.0019806
0.0021603
0.0031169
0.0038709
0.0042795
0.0047387
0.0048285
0.0049589
0.0054505
0.0061475
0.0065775
0.0070023
0.0072935
0.0068305
0.006308
0.0066723
0.0074895
0.0081033
0.0088172
0.0093195
0.0087207
0.0083549
0.0087021
0.0096216
0.0098425
0.0098827
0.0089575
0.0079308
0.0079884
0.0075195
0.0074794
0.0076048
0.0076519
0.0075926
0.0072403
0.0064915
0.0055734
0.005262
0.0052476
0.0044121
0.0039608
0.0038179
0.0031279
0.0027781
0.0026364
0.0025414
0.0019209
0.0014913
0.0010694
0.00093237
0.0015372
0.0020294
0.0019755
0.0018707
0.0018483
0.0018436
0.0018645
0.001867
0.0018614
0.0017704
0.0015227
0.0011533
0.00092529
0.00069516
0.00045221
0.00075121
0.0012064
0.00069146
-0.00063841
-0.00096791
-0.00075829
-0.00079616
-0.0011799
-0.0019008
-0.0024595
-0.002125
-0.0016068
-0.0021381
-0.0029094
-0.0034759
-0.0036758
-0.0037927
-0.004229
-0.0048675
-0.0051431
-0.0051412
-0.0051328
-0.0050992
-0.0049389
-0.004665
-0.0044656
-0.0046537
-0.0045066
-0.0043981
-0.003941
-0.0038005
-0.0039351
-0.0040589
-0.0040675
-0.003727
-0.0028879
-0.0017747
-0.0012606
-0.0013437
-0.0012608
-0.00090271
-0.00052115
-0.00038614
0.0004654
0.00080664
0.00070028
0.0012713
0.0013864
0.0013439
0.001204
0.00081617
0.00033241
0.00022329
0.00088783
0.0014209
0.0012906
0.0010337
0.00080211
0.00068713
0.00050988
-0.0005863
-0.0015153
-0.0014587
-0.0013116
-0.0012014
-0.0010489
-0.00097861
-0.0012494
-0.0015897
-0.0014396
-0.0011733
-0.0010688
-0.0013639
-0.0016757
-0.0015223
-0.0012156
-0.00099735
-0.0010784
-0.00086564
-0.00030036
0.00058393
0.0010108
0.0009151
0.0010288
0.0014975
0.0021665
0.0025576
0.0029355
0.0032798
0.003098
0.0029632
0.0034285
0.0036194
0.0036434
0.0037253
0.0037728
0.0036173
0.0030768
0.0021849
0.0015923
0.0022858
0.0024867
0.0023327
0.0019985
0.0013486
0.00075438
0.00078008
0.00082277
0.0006319
0.00033998
8.2118e-05
-0.00014629
-0.0010264
-0.0016472
-0.0019212
-0.0015143
-0.00094877
-0.00086199
-0.0015835
-0.0022011
-0.0021406
-0.0019127
-0.0016353
-0.0014093
-0.0015377
-0.0017519
-0.0016824
-0.0018671
-0.0019817
-0.0013068
-0.00037851
-2.1071e-05
-0.000276
-0.00045518
-0.00054175
-0.00025554
-0.00017763
-0.00019811
-6.9868e-05
0.00020386
0.00043687
0.0004308
0.0003995
0.00036603
0.0002626
9.1714e-05
-5.8939e-05
-2.6444e-05
-0.00049912
-0.0014009
-0.001726
-0.0020055
-0.0023952
-0.0028121
-0.0034346
-0.0038342
-0.0041261
-0.0030517
-0.0015763
-0.00050908
5.1497e-05
0.00020467
0.00066219
0.001501
0.0021664
0.0027069
0.0027938
0.0027459
0.0028058
0.0029138
0.002955
0.0027301
0.0020853
0.0011933
0.00065624
0.00016597
0.00016909
0.00022106
0.0001984
0.00025799
0.00037843
0.00052968
0.00045042
0.00020693
0.00067752
0.001247
0.0014813
0.0016562
0.00097054
0.00087743
0.0014071
0.0021566
0.002312
0.0028099
0.0030594
0.0032774
0.0038167
0.0048002
0.0052863
0.0055612
0.0062305
0.0069629
0.0075122
0.0078048
0.0077678
0.0077517
0.0078369
0.0079429
0.0079815
0.0077779
0.0072076
0.0063758
0.0058665
0.0058577
0.0053795
0.0044734
0.0034809
0.0027073
0.0023691
0.001875
0.00088826
-8.7227e-05
-0.00076202
-0.00147
-0.002214
-0.0030002
-0.003641
-0.0043259
-0.004782
-0.0051149
-0.0052504
-0.0057365
-0.0058421
-0.0054247
-0.0047242
-0.0041009
-0.004372
-0.0042233
-0.0040848
-0.0046702
-0.0062227
-0.0070879
-0.0079601
-0.0082602
-0.0078503
-0.0078899
-0.0088015
-0.0093357
-0.0095326
-0.009187
-0.0091497
-0.008705
-0.0087903
-0.0089584
-0.0087786
-0.0082228
-0.0072663
-0.0065772
-0.0065409
-0.0061596
-0.0059665
-0.0057327
-0.0053819
-0.004958
-0.0038902
-0.0033029
-0.0031736
-0.0031016
-0.0033109
-0.003528
-0.0031911
-0.0027917
-0.002759
-0.0029977
-0.0033531
-0.0039392
-0.0042235
-0.0043483
-0.0046275
-0.0050112
-0.0052742
-0.005514
-0.0054385
-0.0046157
-0.0037815
-0.0036629
-0.0038214
-0.0037632
-0.0033419
-0.0026861
-0.0022166
-0.0017366
-0.0010566
-0.00066462
-0.00042686
-0.00039514
3.4425e-05
0.00021972
0.00019667
0.00021509
0.00021366
0.00020605
0.00015067
0.00011505
0.00016703
0.0004509
0.00097329
0.001477
0.0013825
0.0013936
0.0018013
0.0024197
0.0029642
0.0040849
0.0040858
0.0039126
0.0040002
0.004211
0.0045505
0.0046932
0.0044101
0.0047652
0.0050469
0.0047911
0.0049031
0.0054177
0.0053345
0.0049478
0.0045101
0.0042929
0.0045428
0.0043171
0.0035215
0.0032546
0.003629
0.0045381
0.0049326
0.0046832
0.0040259
0.0038154
0.0043458
0.0048838
0.0048326
0.0041285
0.0036985
0.0037715
0.0039102
0.003963
0.0038807
0.0035571
0.0030574
0.0027037
0.0031487
0.0040582
0.0043552
0.0037328
0.0032428
0.0033958
0.0040849
0.004457
0.0048732
0.0054695
0.0059701
0.0062048
0.0063483
0.0066621
0.006941
0.0068082
0.0067511
0.0068653
0.0075894
0.0083514
0.0089716
0.0090017
0.0085895
0.0079071
0.0070637
0.0067602
0.0068906
0.00646
0.0060227
0.0054517
0.0046849
0.0043297
0.0041234
0.0039525
0.002776
0.0017734
0.001194
0.00063535
0.00066292
0.0007266
0.0007113
0.00069493
0.00063448
0.00049744
0.00025034
2.0944e-06
7.667e-05
0.00075665
0.00072859
0.00019692
-0.00070851
-0.0017217
-0.0022297
-0.0024491
-0.0028676
-0.0031588
-0.0029565
-0.0030483
-0.0035228
-0.0034749
-0.0033186
-0.0033397
-0.0036867
-0.0040628
-0.0035931
-0.0035723
-0.0037357
-0.00378
-0.0037091
-0.003355
-0.0027585
-0.0022281
-0.0021578
-0.0020184
-0.0018824
-0.0017895
-0.0011646
-0.0010943
-0.0020035
-0.0024069
-0.0030116
-0.0029877
-0.0027144
-0.0031984
-0.0036919
-0.0037496
-0.0040375
-0.0047062
-0.0053781
-0.0053804
-0.005102
-0.0045536
-0.0037996
-0.0035646
-0.0047767
-0.0052944
-0.0048275
-0.0046321
-0.0051822
-0.0053051
-0.0055055
-0.0060433
-0.0065249
-0.0064807
-0.0064314
-0.005307
-0.005252
-0.0055253
-0.0055598
-0.0055099
-0.0053438
-0.0053269
-0.0055929
-0.006376
-0.0074007
-0.0079066
-0.007631
-0.0074842
-0.0079764
-0.0082497
-0.0082804
-0.0082613
-0.0080287
-0.0075805
-0.0070594
-0.0070491
-0.0070011
-0.0064728
-0.0054226
-0.0043
-0.0031885
-0.0029485
-0.0028529
-0.0024763
-0.002124
-0.0022715
-0.0022291
-0.0013239
-0.00051207
-0.00030705
-0.00027332
-8.5454e-05
0.00016579
0.00023981
0.00069361
0.0014216
0.0022156
0.002909
0.0034014
0.003383
0.0029864
0.0027729
0.0032085
0.003786
0.0042686
0.0046454
0.0043502
0.0035764
0.0031206
0.002929
0.0027498
0.001986
0.00099369
0.00035931
-0.0001811
-0.00052623
-0.00051014
-0.00051406
-0.00055334
-0.00055033
-0.00046682
-0.00031898
-0.00021991
-0.00034266
-0.0002065
0.00074677
0.0016946
0.0019897
0.0020496
0.0024144
0.0030509
0.0038995
0.0051625
0.0055133
0.0057839
0.0066629
0.0069123
0.0065994
0.006647
0.0071825
0.0073884
0.0076297
0.0079229
0.0078134
0.0071833
0.0070917
0.0071578
0.0072343
0.0074875
0.0077509
0.0077342
0.0070917
0.0071197
0.0073115
0.0073095
0.006951
0.0060852
0.0050257
0.004676
0.0048772
0.0045435
0.0034135
0.0029028
0.0024606
0.0017202
0.0012023
0.0007578
0.00062358
0.0002197
-0.00065011
-0.00037181
0.00033014
0.00024264
-0.00046811
-0.0015213
-0.0023804
-0.0031063
-0.0042552
-0.0054613
-0.0061528
-0.0061187
-0.0057766
-0.0055255
-0.0048207
-0.0040187
-0.0038293
-0.0039842
-0.0042392
-0.004562
-0.0046814
-0.0041021
-0.003219
-0.0023222
-0.0017314
-0.0018627
-0.0023536
-0.0023233
-0.001773
-0.0016009
-0.0019422
-0.0020936
-0.0021547
-0.0023336
-0.0024029
-0.0029099
-0.0034547
-0.0036715
-0.004075
-0.00425
-0.0044437
-0.0045427
-0.004596
-0.0053672
-0.0057876
-0.0052992
-0.0049605
-0.0039026
-0.0035798
-0.0034559
-0.0031184
-0.0021984
-0.0016216
-0.0013593
-0.00067423
0.0001501
0.00066685
0.00097833
0.00090693
0.00098306
0.0015023
0.0023461
0.0030507
0.0028526
0.0022707
0.0023557
0.0027121
0.0030189
0.0029931
0.0025042
0.002336
0.0020024
0.0014439
0.0011151
0.0014178
0.0016836
0.0014344
0.00068432
0.0003979
0.00051769
0.00086377
0.0005966
0.0002358
0.00042333
0.0012525
0.0018911
0.0022797
0.0021556
0.0018603
0.0015807
0.0015211
0.0020619
0.002132
0.0023834
0.0031775
0.0042288
0.004697
0.0046138
0.0048334
0.005517
0.0063083
0.0064752
0.0064287
0.0060251
0.0051876
0.0055135
0.0056403
0.0059944
0.0056794
0.0052038
0.0051778
0.0046916
0.0049134
0.0053334
0.0054065
0.0048094
0.0046645
0.004421
0.0037928
0.0032102
0.0033395
0.0036599
0.0039028
0.0038462
0.0031771
0.0032654
0.0036452
0.0039215
0.0036687
0.002469
0.0017592
0.0017522
0.001642
0.0014514
0.00152
0.0020574
0.0015605
0.00032068
-0.00096604
-0.0012322
-0.0015992
-0.0021624
-0.0021465
-0.0021048
-0.002131
-0.0022383
-0.0024745
-0.0028398
-0.0031751
-0.0031681
-0.003342
-0.003008
-0.0024228
-0.0023465
-0.0023629
-0.0022263
-0.0019623
-0.0018303
-0.0021037
-0.0019438
-0.0016502
-0.0018033
-0.0017227
-0.0018991
-0.0018705
-0.0020364
-0.0018486
-0.0017759
-0.0025785
-0.0033014
-0.0037544
-0.0035485
-0.0031256
-0.0031045
-0.003889
-0.0045137
-0.0045698
-0.0040037
-0.003672
-0.0037535
-0.0040022
-0.0044421
-0.0048384
-0.0047444
-0.0043643
-0.0035461
-0.0027012
-0.0025251
-0.0026137
-0.0025919
-0.0024686
-0.002253
-0.0012216
-0.00048624
-0.00086777
-0.0012188
-0.00049325
4.7464e-05
-0.00018858
-0.00070278
-0.0012499
-0.0013219
-0.00099395
-0.00070288
-0.00068256
-0.00039882
-2.1921e-05
0.00032422
0.0008422
0.0011578
0.0011475
0.001238
0.0015023
0.0017582
0.0017043
0.0015458
0.0016209
0.0012855
0.00084315
0.0010244
0.0010282
0.00074744
0.0007978
0.00048462
0.00029613
0.00025079
0.00018572
0.00041981
0.00026375
-0.0002303
-0.00071854
-0.0016533
-0.0027519
-0.0034834
-0.0039729
-0.0042255
-0.0041504
-0.004216
-0.004623
-0.0053503
-0.0060744
-0.0062965
-0.0061755
-0.005767
-0.0058488
-0.0058929
-0.0054888
-0.0045886
-0.0035399
-0.0030882
-0.0030572
-0.0028976
-0.0026976
-0.0028307
-0.0032554
-0.0030279
-0.0024587
-0.0019643
-0.0022265
-0.0033484
-0.0034895
-0.0032798
-0.0028347
-0.0019561
-0.00099397
-0.00052448
-0.00033593
0.00027113
0.0010573
0.0015537
0.0018775
0.0019014
0.0022357
0.0031078
0.0040653
0.0041262
0.0033411
0.0030114
0.002571
0.0021228
0.0023138
0.00237
0.0021327
0.0029559
0.0027737
0.0025752
0.0017275
0.0010866
0.00064672
0.00068643
0.00069113
0.00037392
-7.4192e-06
-0.00011282
0.00058687
0.00089632
0.0013263
0.0018022
0.001765
0.0019198
0.0025416
0.0033862
0.003933
0.0044725
0.0046566
0.0050727
0.0056835
0.0058743
0.0060383
0.0046034
0.0035879
0.0036727
0.0030619
0.002764
0.002765
0.0031896
0.0031919
0.0029954
0.0027633
0.002442
0.00217
0.0011234
0.00019649
-0.00012254
-7.1088e-05
0.00045715
0.00052867
0.00020063
-0.00017572
-0.00035685
6.9183e-05
0.00024266
0.00040944
0.00093234
0.0017089
0.0022334
0.0027334
0.0030547
0.0036286
0.0044945
0.0049617
0.005098
0.0057216
0.0059881
0.0056017
0.0045806
0.0043411
0.0054508
0.0057912
0.0054882
0.0050395
0.0046473
0.0046959
0.0045147
0.0046809
0.004836
0.0044025
0.0041832
0.0039754
0.0034728
0.0028306
0.002537
0.0023747
0.0023679
0.0028154
0.0027232
0.0021266
0.0014295
0.0010609
0.00068874
0.00039371
0.00074875
0.0010963
0.00063726
0.00014949
0.0003851
0.00047978
-2.1285e-05
-0.00010015
-8.7458e-05
-8.381e-05
-2.7574e-06
1.5708e-05
-0.00019671
-0.00081088
-0.0017235
-0.0024271
-0.0032045
-0.0034302
-0.0035243
-0.0046977
-0.0057377
-0.0064585
-0.007383
-0.0077112
-0.0075612
-0.0078879
-0.0076232
-0.0073386
-0.0075908
-0.0073821
-0.0075846
-0.0073354
-0.0060894
-0.0055179
-0.0058638
-0.0063416
-0.0065887
-0.0062356
-0.0061522
-0.0056107
-0.0055579
-0.0056472
-0.0056466
-0.0056816
-0.0057337
-0.005819
-0.0057974
-0.0055131
-0.0049474
-0.0044082
-0.0044815
-0.004589
-0.0045089
-0.0042654
-0.0038911
-0.0037257
-0.004125
-0.004115
-0.0043817
-0.0049983
-0.004678
-0.003907
-0.0040169
-0.004606
-0.0045388
-0.0042432
-0.0039734
-0.0039782
-0.0042242
-0.0038588
-0.003048
-0.0014682
-0.00048132
-0.00053041
-0.00042937
-0.00014415
-3.1003e-05
-0.00016091
0.00016856
0.0006403
0.0015975
0.0020443
0.001981
0.0021502
0.002588
0.0030559
0.0033701
0.0037787
0.0036221
0.0041243
0.0046954
0.004676
0.004547
0.0043077
0.0040021
0.0038715
0.0040073
0.0038455
0.0038749
0.0036981
0.003867
0.0036656
0.003093
0.003205
0.0036593
0.0042752
0.0046677
0.0046349
0.0044377
0.0039966
0.0032995
0.0027561
0.0025942
0.0026228
0.0024946
0.0019349
0.0012479
0.00085013
0.0010685
0.00075636
-9.1528e-05
-0.00069024
-0.00087065
-0.00052197
-0.00023275
-0.00041547
-0.00087788
-0.0011517
-0.00098071
-0.00042419
-0.00070627
-0.0012341
-0.0011561
-0.00066434
9.498e-05
0.00071112
0.00089904
0.00081149
0.00071841
0.0009231
0.0012794
0.0016145
0.0016042
0.0015495
0.0015374
0.001544
0.0015612
0.0015579
0.0014805
0.001207
0.00069693
0.00011638
-0.00078854
-0.0012347
-0.0011125
-0.0010177
-0.0010097
-0.0010814
-0.0011356
-0.00028653
0.00065735
0.001099
0.0011969
0.0012575
0.0017248
0.0025634
0.0033037
0.0037863
0.0037611
0.0034038
0.0032491
0.0036284
0.0039907
0.0041461
0.0043681
0.0044957
0.004196
0.003966
0.0038886
0.0035096
0.0028029
0.0021396
0.0014283
0.00081331
0.0011072
0.0011429
0.00045854
-0.00044756
-0.0008929
-0.00097703
-0.0016212
-0.0020569
-0.0020866
-0.0016014
-0.0014404
-0.0015437
-0.0016912
-0.001919
-0.0021463
-0.0022181
-0.0019152
-0.0021345
-0.0025468
-0.0024676
-0.0023576
-0.001604
-0.00073571
4.081e-05
0.00014069
-0.00047264
-0.00057766
-0.00028425
8.6035e-05
0.0002409
-0.00017955
-0.00039634
-0.00062575
-0.0011822
-0.0017846
-0.0018057
-0.0015261
-0.001253
-0.0012208
-0.0017467
-0.0019313
-0.0018677
-0.0018157
-0.0018051
-0.001902
-0.0022131
-0.0027417
-0.0031225
-0.002741
-0.0023751
-0.0025009
-0.0022027
-0.0025566
-0.0028587
-0.0025064
-0.002577
-0.0023108
-0.0026448
-0.0027798
-0.0020686
-0.0017061
-0.001277
-0.001008
-0.0015383
-0.0018915
-0.0013219
-0.00094224
-0.0015558
-0.002259
-0.0021794
-0.0018384
-0.0013723
-0.0010988
-0.0016859
-0.0021554
-0.0019131
-0.0032512
-0.0042883
-0.0041859
-0.0033296
-0.0029061
-0.0027215
-0.0028015
-0.0023023
-0.0022803
-0.0024326
-0.0024125
-0.0022082
-0.0016023
-0.00091935
-0.0006677
-0.00027991
0.00016837
6.4607e-05
0.00023806
0.0010552
0.0023388
0.0033282
0.0041157
0.0050387
0.0055241
0.0057279
0.0062498
0.0068544
0.0072371
0.0078026
0.0082808
0.0082016
0.0081144
0.0081302
0.0081722
0.0082096
0.0082304
0.0082051
0.0081226
0.0079803
0.0078236
0.0076859
0.0077437
0.0077985
0.0069066
0.005774
0.0052751
0.0051542
0.0048824
0.0045707
0.0041173
0.003536
0.0035836
0.0035924
0.0029971
0.0025816
0.002662
0.0028985
0.0032392
0.0035414
0.0040085
0.0045137
0.0041512
0.0034406
0.0031242
0.0031033
0.0031107
0.0029501
0.0029228
0.0024308
0.0018764
0.0021872
0.0026807
0.0025418
0.0019915
0.0011655
0.00045916
-9.9467e-05
-0.00038833
-0.00055638
-0.00081515
-0.00099325
-0.001564
-0.0023011
-0.0028499
-0.0030346
-0.0029756
-0.0029784
-0.0030431
-0.0031299
-0.0031724
-0.0031823
-0.0031783
-0.0031797
-0.003179
-0.0031869
-0.0031905
-0.0031975
-0.0031951
-0.0031954
-0.0031938
-0.0032134
-0.0032528
-0.0033127
-0.0033383
-0.0033525
-0.0033339
-0.0032755
-0.0031915
-0.0032085
-0.003496
-0.0042031
-0.0051071
-0.0054781
-0.0053921
-0.0057899
-0.0060481
-0.0062622
-0.0065717
-0.0066705
-0.0063086
-0.0063812
-0.0067119
-0.0067251
-0.0061406
-0.0061666
-0.0064585
-0.0067497
-0.0068386
-0.0064137
-0.0067471
-0.0070897
-0.006817
-0.0068965
-0.0064553
-0.006367
-0.0061476
-0.0054618
-0.0047182
-0.004573
-0.0046918
-0.0049874
-0.0043461
-0.0034043
-0.0031356
-0.003227
-0.0039021
-0.0038444
-0.0034682
-0.0030507
-0.0028253
-0.0029446
-0.0025288
-0.0015838
-0.0014956
-0.0022222
-0.0026495
-0.0022602
-0.0015983
-0.0011273
-0.0011798
-0.001272
-0.0012761
-0.0012589
-0.0012425
-0.0012698
-0.0013142
-0.0013029
-0.0011001
-0.0006341
-7.5523e-05
0.00031216
0.00064165
0.00057405
0.00065938
0.00087448
0.0012035
0.001232
0.0011862
0.0011888
0.0011825
0.0011953
0.0011937
0.0011983
0.0011896
0.0011879
0.0011789
0.0011779
0.0011671
0.0011533
0.0011186
0.0010837
0.0010267
0.0009454
0.00091623
0.0011231
0.0017082
0.002572
0.0030904
0.0030835
0.0033077
0.0035791
0.0037461
0.004181
0.0047822
0.0051241
0.0053115
0.005564
0.0056643
0.0060431
0.0064031
0.006444
0.0062146
0.0055514
0.0045012
0.0037263
0.003587
0.0036694
0.0036378
0.0035435
0.0034696
0.0034397
0.003429
0.0034421
0.0034457
0.003435
0.0033862
0.0033406
0.0033575
0.0035636
0.0040092
0.0045376
0.0046789
0.0048675
0.0053115
0.0056957
0.0054059
0.0049378
0.0049142
0.0047148
0.0039921
0.0039782
0.0038907
0.0038717
0.003538
0.0034017
0.003209
0.0024624
0.0012851
0.00034026
-0.00018595
-0.00072312
-0.00099696
-0.0015761
-0.0022505
-0.0022733
-0.0022254
-0.0022445
-0.0022651
-0.0022932
-0.0023148
-0.0023468
-0.0023917
-0.0024352
-0.0024314
-0.0024249
-0.0024303
-0.0024434
-0.0024655
-0.0024799
-0.0024716
-0.0024224
-0.0023637
-0.0023826
-0.0026338
-0.0032154
-0.00393
-0.0042037
-0.0046064
-0.0049247
-0.0045244
-0.0043532
-0.0047279
-0.0049785
-0.0054235
-0.0051329
-0.0043744
-0.0035805
-0.0030892
-0.0027958
-0.0028537
-0.0026363
-0.0019148
-0.0010742
-0.00053065
-0.00019378
-0.00023452
-2.8007e-05
0.00068676
0.0015965
0.0022239
0.002574
0.0022445
0.0015253
0.0007545
0.00021446
-0.00017855
-0.00015726
-0.00010168
-8.2247e-05
6.5892e-05
0.00029388
0.00045879
0.00054648
0.0011699
0.0015863
0.0019397
0.0018812
0.0013286
0.0010946
0.0012978
0.0012944
0.00074033
0.00015551
-5.2851e-05
-0.00034191
-0.00034414
-0.00032694
-0.00040451
-0.00057399
-0.0009058
-0.00127
-0.0013487
-0.001294
-0.001924
-0.0029111
-0.0032541
-0.0031509
-0.0030922
-0.0031218
-0.0032183
-0.0033411
-0.0033989
-0.0032446
-0.0027946
-0.002221
-0.0019953
-0.0020739
-0.0019922
-0.0015418
-0.00091971
-0.00066128
-0.00071318
-0.00074743
-0.00075417
-0.00076351
-0.00078621
-0.00079159
-0.00079001
-0.00079446
-0.00080126
-0.00079776
-0.00078728
-0.00077709
-0.0007918
-0.00084113
-0.00090724
-0.00090204
-0.00070152
-0.0002207
0.00035383
0.00048589
0.00019143
-0.00025709
-0.00066123
-0.00053507
-0.00013933
-5.9903e-05
0.00024647
0.00037037
7.981e-05
-0.00023397
-0.00023398
0.00044516
0.00081991
0.00081822
0.00053358
0.00092724
0.0016161
0.0016688
0.0013856
0.0010491
0.0009477
0.0014343
0.001616
0.0015638
0.0015303
0.0015083
0.0015072
0.0015088
0.0015164
0.0015293
0.0015455
0.001535
0.0014322
0.0011623
0.00077528
0.00042201
-0.00060982
-0.0013739
-0.001216
-0.00088279
-0.00052084
-0.00036968
-0.00078721
-0.00078528
-0.0010514
-0.00072577
-0.00043219
-0.00078538
-0.00079014
-0.0011056
-0.00074645
-0.00042932
-0.00080503
-0.00087289
-0.0013394
-0.0011023
-0.00054547
-0.00024129
-0.00060096
-0.0006945
-2.4979e-05
0.00013487
6.1713e-05
-0.00029679
-0.0011098
-0.002056
-0.0022263
-0.0018017
-0.0017417
-0.0012935
-0.0013652
-0.0015727
-0.0015522
-0.0012176
-0.00040592
0.00056038
0.00088197
0.00060859
0.00075903
0.0015646
0.0015628
0.0010517
0.0010331
0.0010694
0.0010695
0.0010557
0.0010718
0.0010959
0.0010161
0.00069658
0.00015876
-0.00030024
-0.00030636
-0.00027411
-0.00024005
-0.00020067
-0.00019687
-0.00032193
-0.00066662
-0.0011828
-0.0014636
-0.0011253
-0.00074636
-0.00037342
0.00054662
0.00095847
0.00085548
0.000808
0.00083406
0.00087126
0.0008812
0.00085936
0.00085417
0.00094747
0.0012104
0.0015863
0.0017753
0.0015742
0.0016942
0.0021003
0.0020074
0.0016659
0.0012935
0.0011971
0.0013809
0.0017234
0.002382
0.0028903
0.0031315
0.0030549
0.0029835
0.0029127
0.0027023
0.0024062
0.0022588
0.0021769
0.0021139
0.0024122
0.0024974
0.0022941
0.001935
0.0012696
0.00078028
0.00052227
0.00051121
0.00042104
0.00018767
1.4865e-05
0.00017998
0.00045659
0.00039082
0.00033532
0.00047684
0.00086392
0.0013672
0.001521
0.0011121
0.00054684
0.00025252
0.00032181
0.00039026
0.00039316
0.00037156
0.00033247
0.00028796
0.00024206
0.00022258
0.00022192
0.00023162
0.00026091
0.00030309
0.0003056
0.00017045
-0.00019505
-0.00072347
-0.0010891
-0.0013378
-0.0015857
-0.0022116
-0.0027416
-0.0025213
-0.0019815
-0.0018618
-0.0021362
-0.0024246
-0.0025301
-0.0028762
-0.0032662
-0.0033821
-0.0032035
-0.0031638
-0.0031905
-0.0027105
-0.0022647
-0.0022273
-0.0020146
-0.0018052
-0.001807
-0.0018103
-0.0017781
-0.0016675
-0.001439
-0.0011429
-0.00091225
-0.0002364
0.00017975
-1.4113e-05
-0.00013881
0.00023701
0.00040352
0.00041577
0.00039862
0.00023621
-9.9414e-05
-0.00049297
-0.00059195
-0.00072757
-0.001074
-0.0014815
-0.0015556
-0.0015388
-0.0015824
-0.0016056
-0.0014746
-0.0010587
-0.00049342
-0.00019029
-8.3912e-06
3.1971e-05
0.0003463
0.0004186
0.00024844
5.6195e-05
2.4949e-05
0.00040929
0.00052061
0.00044279
0.00039035
0.00041785
0.00058973
0.00083947
0.0009474
0.00070341
0.00089092
0.0010915
0.0018411
0.002281
0.0021814
0.0021108
0.0020807
0.0021005
0.0021337
0.002195
0.0022242
0.002164
0.0019029
0.0014524
0.0010647
0.0012734
0.0016981
0.0020623
0.0020097
0.0019188
0.0018961
0.0018944
0.0019051
0.0019062
0.0018979
0.0018836
0.0018699
0.0018599
0.0018465
0.0018203
0.0017716
0.001717
0.001684
0.0016867
0.0017593
0.0019173
0.0020684
0.0019828
0.0016154
0.0015086
0.001436
0.0013935
0.0015996
0.0019357
0.0019103
0.0021908
0.0023289
0.0020666
0.0021948
0.002184
0.0025898
0.0026195
0.0024383
0.0023499
0.0022672
0.0023694
0.0022308
0.0019815
0.0019657
0.0019871
0.0019605
0.0018787
0.0017031
0.0014928
0.0013773
0.0012529
0.0010373
0.0010223
0.0010283
0.0010106
0.00099064
0.00096935
0.0009453
0.00091549
0.00087934
0.00085487
0.00084391
0.000834
0.00081988
0.00080761
0.00079349
0.00078098
0.00076472
0.00074919
0.00073313
0.00072576
0.00072395
0.00072121
0.00068494
0.00058171
0.00035757
6.158e-05
-0.00010571
-0.00021008
-0.00036436
-0.00045909
-0.00071099
-0.00096691
-0.0010051
-0.0007872
-0.00064665
-0.00071307
-0.00084622
-0.00098129
-0.0010188
-0.00082296
-0.00067678
-0.00070068
-0.00078221
-0.00090766
-0.001024
-0.0010281
-0.0011634
-0.0013466
-0.0014838
-0.001614
-0.0015026
-0.00091841
-0.00059113
-0.00065307
-0.00069367
-0.00068808
-0.00067252
-0.00067554
-0.00069424
-0.00069055
-0.00059243
-0.00038255
-0.00016277
-0.00016841
-0.00033568
-0.00041007
-0.00020679
4.8877e-05
0.00019417
0.00020248
0.00021588
9.91e-05
-0.00014548
-0.00017143
2.072e-05
0.00024561
0.00032165
0.00029414
0.00026212
0.000194
3.9296e-05
-0.00017778
-0.00032137
-0.00045461
-0.00064002
-0.00071429
-0.00069995
-0.00069874
-0.00071337
-0.0007294
-0.0007527
-0.00078462
-0.00080049
-0.00073892
-0.00057745
-0.00060918
-0.00070727
-0.00070278
-0.00068598
-0.00067577
-0.00067446
-0.00067722
-0.00067826
-0.0006655
-0.00065547
-0.00067242
-0.00073066
-0.00080622
-0.00081384
-0.00063919
-0.00044758
-0.0003672
-0.00044865
-0.00057571
-0.00051041
-0.00030295
-0.00016259
-0.00010055
-9.2006e-05
-2.3506e-05
2.6001e-05
-1.05e-05
-7.7934e-05
-0.000149
-0.00018357
-0.0003015
-0.00046082
-0.00058272
-0.00062025
-0.00060196
-0.00059642
-0.00060399
-0.00061472
-0.00061533
-0.00060823
-0.00059952
-0.00059384
-0.0005913
-0.00059176
-0.00058826
-0.00057451
-0.00055815
-0.00056138
-0.0006001
-0.0006738
-0.00072937
-0.00066837
-0.00054542
-0.00051793
-0.00057513
-0.00063412
-0.00063956
-0.0006605
-0.00064717
-0.00058077
-0.00055074
-0.00051474
-0.00045513
-0.00044941
-0.00044814
-0.00043865
-0.00042868
-0.00041952
-0.00041344
-0.00040858
-0.0004002
-0.00038121
-0.00034638
-0.00030469
-0.00028065
-0.00023803
-0.00015775
-0.00011723
-0.00010407
-8.2062e-05
-4.2461e-05
-4.3169e-05
-5.0041e-05
-5.1354e-05
-5.3283e-05
-5.48e-05
-5.8831e-05
-6.4816e-05
-7.2782e-05
-7.8488e-05
-8.1528e-05
-8.4353e-05
-8.7184e-05
-8.8372e-05
-8.81e-05
-8.7977e-05
-9.2882e-05
-0.00010767
-0.0001325
-0.0001541
-0.00014221
-9.8104e-05
-0.00010497
-0.00013068
-0.00015898
-0.00018542
-0.00020788
-0.00025917
-0.00025401
-0.00021255
-0.00020317
-0.00017997
-0.00013732
-0.00010729
-0.00011699
-0.00012955
-0.00012678
-9.8694e-05
-3.8896e-05
2.1817e-05
3.5792e-05
7.3108e-06
-2.0472e-05
-2.6117e-05
5.5503e-06
4.4034e-06
-7.4254e-06
-1.585e-05
-1.9732e-05
-1.236e-05
5.9218e-06
2.328e-05
1.6179e-05
1.8078e-05
3.7834e-05
5.794e-05
4.8744e-05
3.0546e-05
5.9096e-06
-2.4995e-05
-5.0632e-05
-9.6268e-05
-9.9718e-05
-9.6965e-05
-0.00010091
-0.00010475
-0.00010942
-0.00011244
-0.00011497
-0.00011645
-0.00011807
-0.00011963
-0.0001219
-0.00012445
-0.00012698
-0.00012795
-0.00012881
-0.00012962
-0.00013046
-0.00013112
-0.00013171
-0.0001321
-0.00013242
-0.00013259
-0.00013276
-0.00013288
-0.00013303
-0.00013312
-0.00013307
-0.00013268
-0.0001334
-0.00013585
-0.00013894
-0.0001384
-0.00013003
-0.00012729
-0.00012914
-0.00013185
-0.00013375
-0.0001322
-0.0001378
-0.00014276
-0.00014571
-0.00014362
-0.00013948
-0.00013604
-0.0001327
-0.00012934
-0.00012567
-0.00012217
-0.00011924
-0.00011732
-0.00011582
-0.0001126
-0.00010523
-0.00010049
-9.7392e-05
-9.4149e-05
-9.1171e-05
-8.8817e-05
-8.7739e-05
-8.706e-05
-8.4392e-05
-8.1675e-05
-7.9172e-05
-7.532e-05
-7.3032e-05
-6.9498e-05
-6.5102e-05
-6.1008e-05
-5.7282e-05
-5.4195e-05
-5.151e-05
-4.8406e-05
-4.3873e-05
-3.9833e-05
-3.5095e-05
-3.1267e-05
-2.8038e-05
-2.4781e-05
-2.1603e-05
-1.8451e-05
-1.5246e-05
-1.1789e-05
-8.0348e-06
-4.3681e-06
-1.6487e-06
5.1475e-07
2.4859e-06
4.4302e-06
6.8238e-06
9.4442e-06
1.1929e-05
1.4276e-05
1.6545e-05
1.8764e-05
2.0953e-05
2.3102e-05
2.5185e-05
2.7145e-05
2.8941e-05
3.0576e-05
3.2193e-05
3.4012e-05
3.5929e-05
3.7701e-05
3.9188e-05
4.0549e-05
4.2051e-05
4.3593e-05
4.4965e-05
4.6193e-05
4.7364e-05
4.8479e-05
4.9541e-05
5.0549e-05
5.1513e-05
5.2435e-05
5.3304e-05
5.4086e-05
5.4805e-05
5.5472e-05
5.6061e-05
5.6583e-05
5.706e-05
5.7489e-05
5.7871e-05
5.8204e-05
5.8492e-05
5.8733e-05
5.8927e-05
5.9068e-05
5.9161e-05
5.9208e-05
5.9208e-05
5.9161e-05
5.9073e-05
5.894e-05
5.8762e-05
5.8541e-05
5.8277e-05
5.7971e-05
5.7622e-05
5.7231e-05
5.6798e-05
5.6324e-05
5.5809e-05
5.5253e-05
5.4658e-05
5.4024e-05
5.335e-05
