-0.0097228
-0.0097917
-0.0097939
-0.0096359
-0.0096523
-0.0097575
-0.0092752
-0.0088135
-0.0095224
-0.0096275
-0.0071953
-0.0062552
-0.0090557
-0.0098359
-0.0067965
-0.0046894
-0.0064888
-0.0086077
-0.0060483
-0.0034825
-0.0048927
-0.0056289
-0.0025017
-8.8634e-06
-0.0039788
-0.0049733
0.0029589
0.0048443
-0.0032794
-0.0043186
0.0042078
0.0057149
0.0036264
0.0062391
0.0026964
-0.0052784
-0.0025072
0.010534
0.014842
-0.00068343
-0.012723
0.0055846
0.027449
0.016958
-0.0014134
0.00075651
0.0061654
0.0060636
0.01399
0.026318
0.019857
-0.0041402
-0.007984
0.012711
0.021729
0.0052973
-0.015956
-0.02162
-0.0090128
0.0087515
0.015479
0.0062079
-0.0067742
0.020176
0.052818
0.01557
-0.0074777
0.013749
0.027319
0.026114
0.029304
0.023532
-0.014096
-0.045857
-0.025951
0.030823
0.071352
0.048371
-0.031882
-0.073674
-0.0066973
0.065671
0.026179
-0.043711
-0.037399
0.0036143
0.024725
0.034997
0.049775
0.063327
0.057308
0.027797
0.0017453
0.0063152
0.021533
-0.012944
-0.080702
-0.088332
-0.0039722
0.10526
0.092129
-0.053592
-0.10745
-0.0033077
0.079293
0.04679
-0.0191
-0.029331
0.021449
0.061649
0.039797
-0.021438
-0.066995
-0.056788
-0.014517
0.015642
0.011525
-0.010449
-0.021476
-0.02263
-0.021497
-0.019863
-0.011021
-0.00094166
0.0053043
0.016897
0.03011
0.012179
-0.042302
-0.076971
-0.051467
0.0031534
0.024451
-0.013045
-0.055888
-0.072651
-0.074748
-0.061394
-0.039613
-0.025871
-0.024408
-0.030617
-0.030768
-0.038817
-0.071582
-0.090058
-0.0524
0.01863
0.062716
0.045658
0.017674
0.036593
0.076329
0.0843
0.057392
0.051196
0.089787
0.13239
0.12257
0.076816
0.053282
0.061778
0.066015
0.063119
0.073414
0.078106
0.04313
-0.012865
-0.041935
-0.053656
-0.078955
-0.089849
-0.084514
-0.10568
-0.12149
-0.081052
-0.018354
0.032154
0.049972
0.024197
-0.038242
-0.093322
-0.092802
-0.067482
-0.084886
-0.13255
-0.1404
-0.088048
-0.036874
-0.050592
-0.093088
-0.06975
-0.00021212
0.033591
0.032551
0.043708
0.060578
0.036464
0.0029466
0.023254
0.086651
0.1072
0.012585
-0.095947
-0.095092
-0.03077
0.023268
0.020504
-0.011179
-0.010637
-0.0083998
-0.056543
-0.10234
-0.078919
0.011688
0.099094
0.13841
0.15534
0.14869
0.071772
-0.042778
-0.09037
-0.083128
-0.090125
-0.12204
-0.15912
-0.17324
-0.14136
-0.13061
-0.15373
-0.057713
0.11397
0.10321
0.024599
0.096954
0.24434
0.36821
0.40937
0.30941
0.14476
0.087629
0.12763
0.11117
0.023874
-0.059202
-0.12659
-0.15633
-0.17097
-0.18904
-0.23199
-0.25471
-0.1875
-0.038358
0.16861
0.26751
0.21638
0.14783
0.091393
0.089577
0.1251
0.11715
0.044213
0.089216
0.17402
0.037738
-0.025726
0.066426
0.073778
-0.033156
-0.11465
-0.080264
0.03516
0.10773
0.063221
-0.029593
-0.11684
-0.16436
-0.11507
-0.031346
-0.0187
-0.069382
-0.092745
-0.070443
-0.043622
-0.011864
-0.00626
-0.055454
-0.087884
-0.06675
-0.0088053
0.055889
0.11775
0.14407
0.057135
-0.07916
-0.12906
-0.079388
0.025011
0.080146
0.065682
0.041489
0.015699
0.0050946
-0.011622
-0.035852
-0.037727
-0.057352
-0.066461
-0.017981
0.028292
0.043985
0.014242
-0.065408
-0.1195
-0.10853
-0.01501
0.038248
-0.013296
-0.043311
-0.0048336
0.015422
0.014741
0.034188
0.0060767
-0.050239
-0.072514
-0.065971
-0.039325
0.0072059
-0.0017696
-0.065431
-0.09073
-0.067541
-0.046348
-0.058141
-0.090328
-0.12451
-0.11689
-0.061128
0.0052143
0.013225
-0.038185
-0.026176
0.015861
-0.013821
0.045063
0.1456
0.21033
0.28414
0.33664
0.33752
0.17483
0.074153
0.10093
0.0085273
-0.070299
-0.024406
0.050001
0.0052605
-0.076163
-0.043482
0.0342
0.089509
0.078014
-0.029411
-0.096095
-0.043967
0.0014216
-0.017629
-0.058592
-0.089035
-0.068601
-0.047485
-0.021852
0.046876
0.041271
-0.048429
-0.10854
-0.10308
-0.066631
-0.041425
-0.037453
0.052617
0.13721
0.11875
0.099231
0.081788
0.035835
0.017051
-0.025856
-0.065785
-0.086099
-0.10247
-0.10761
-0.10771
-0.068483
0.0062831
0.075893
0.076894
-0.032106
-0.1293
-0.14288
-0.14922
-0.15439
-0.12866
-0.078269
-0.061382
-0.015928
0.037066
0.040046
0.016363
0.0077963
0.013552
-0.020538
-0.045786
0.0026391
0.086209
0.12247
0.087601
0.066406
0.042772
0.0070249
0.0077112
0.027949
0.053574
0.097008
0.10208
0.034588
-0.043339
-0.083693
-0.042341
0.033645
0.032263
-0.0020532
0.05032
0.095997
0.056084
0.019861
0.0422
0.092375
0.087419
0.061912
0.085
0.051812
-0.017361
-0.053043
-0.10153
-0.15874
-0.1534
-0.08626
0.039142
0.11513
0.032989
-0.048478
-0.079677
-0.12077
-0.063074
0.051272
0.085833
0.029747
-0.017487
0.012996
0.042094
0.0071543
-0.010741
0.017098
0.064065
0.034171
-0.066704
-0.049848
0.020375
-0.022549
-0.064681
0.0075524
0.089402
0.089227
0.032848
-0.050604
-0.15241
-0.15558
0.0041866
0.16566
0.14504
0.018646
-0.0030939
0.014945
-0.053524
-0.095665
-0.076794
-0.10812
-0.11319
-0.015916
0.053584
0.052582
0.063014
0.056142
0.013475
0.042778
0.090143
0.0093929
0.013594
0.1259
-0.029255
-0.088061
0.03949
0.062435
0.073617
0.1461
0.19841
0.12693
-0.03036
-0.09961
-0.053412
-0.025487
0.0034416
0.042187
0.013622
-0.045844
0.0021081
0.023298
-0.02278
-0.044549
-0.038351
-0.011409
-0.00031645
-0.017133
-0.053098
-0.062296
-0.035402
0.012724
0.032936
0.026781
0.0063616
-0.014377
-0.037268
-0.031061
-0.0090751
-0.056647
-0.066261
0.016507
0.046499
0.016361
0.014106
0.059157
0.066437
-0.0042364
-0.059293
-0.054559
-0.048252
-0.017528
0.031462
0.044281
-0.0068361
-0.025675
0.005438
-0.0023739
-0.015655
-0.0086986
0.022831
0.032992
0.0063958
0.010368
0.021156
-0.021477
-0.048467
0.002966
0.031206
-0.0074216
-0.033864
-0.012336
-0.024628
-0.047565
-0.040731
-0.061319
-0.089547
-0.076312
-0.042799
-0.027637
-0.049843
-0.0645
-0.072144
-0.089066
-0.083374
-0.050338
-0.014647
-0.02169
-0.05867
-0.047917
-0.027017
-0.051603
-0.064714
-0.028876
0.0097726
0.017248
0.032459
0.08168
0.039553
0.0064868
0.18368
0.27186
0.10078
-0.074896
-0.072719
0.041008
0.13641
0.18479
0.15546
0.09783
0.10067
0.071589
-0.0025325
-0.0015733
0.069413
0.044006
-0.069457
-0.119
-0.10382
-0.067207
-0.028652
0.026918
0.035957
-0.049572
-0.11274
-0.093325
-0.017275
0.026694
0.034261
0.051385
0.087008
0.081665
0.021856
-0.036654
-0.080918
-0.057911
-0.0099046
-0.029803
-0.1028
-0.1568
-0.11688
-0.011068
-0.010045
-0.12004
-0.071156
0.079865
0.091577
0.041904
0.039366
0.05554
0.025537
-0.0032165
0.044051
0.10836
0.12733
0.12838
0.12105
0.082674
0.024774
-0.04356
-0.078906
-0.01423
0.070999
0.061558
-0.055593
-0.14257
-0.092702
-0.038146
-0.045729
-0.053418
-0.019254
0.0095683
-0.0099347
-0.060119
-0.08029
-0.066547
-0.040989
-0.029063
-0.028348
-0.0088517
0.023763
0.046266
0.039664
0.019858
0.0040973
-0.031051
-0.059121
-0.029105
0.033695
0.060371
0.034532
0.01741
0.016856
0.017132
0.024915
0.036659
0.046208
0.030067
-0.0084536
-0.028083
0.010709
0.063355
0.053134
0.0055059
-0.014262
-0.015305
-0.013975
0.01366
0.024336
-0.017603
-0.056916
-0.036224
0.011546
0.0044816
-0.027609
-0.022355
-0.0027967
0.0070741
0.026579
0.038663
0.0049625
-0.03217
-0.021109
8.0227e-05
-0.0066832
-0.030005
-0.017028
0.02274
0.030558
0.027749
0.047751
0.055842
0.053351
0.068183
0.042405
-0.0497
-0.092119
-0.035051
-0.002447
0.012778
0.072337
0.059103
0.00098744
0.0032887
0.024727
0.026919
0.05072
0.032956
-0.045362
-0.048795
-9.4698e-05
0.02652
0.021763
0.0022171
-0.011269
-0.021805
-0.041746
-0.046279
-0.0028802
0.021362
-0.019937
-0.05272
-0.020326
0.0086897
-0.0015372
-0.013803
-0.013725
0.0048772
0.026344
0.0014997
-0.02263
-0.0061494
0.017253
0.018949
0.0026907
-0.0016905
0.01528
0.025439
0.0058501
-0.020932
-0.032375
-0.022869
0.0057647
0.023314
0.01245
-0.015884
-0.042996
-0.047554
-0.024451
-0.0024195
0.0082798
0.014823
-0.0039501
-0.045467
-0.059227
-0.029456
-0.0074567
-0.0019668
0.018787
0.03821
0.041584
0.026426
-0.02156
-0.052716
-0.027213
0.0027077
0.0014135
0.0055894
0.024416
0.016
-0.014494
-0.032905
-0.033992
-0.025906
-0.016311
-0.018614
-0.016851
0.0077785
0.014804
-0.0048639
-0.019861
-0.019476
0.0046424
0.0335
0.036307
0.035567
0.039586
0.025974
-0.0043507
-0.03352
-0.0341
0.016038
0.058494
0.033411
-0.02144
-0.035597
-0.0083973
0.0129
0.0077504
-0.010026
-0.017188
-0.015618
-0.01889
-0.014317
0.012599
0.031042
0.014669
-0.016038
-0.034915
-0.030831
-0.016301
-0.0083672
0.001436
0.0069819
-0.00073847
0.0013488
0.020165
0.019323
0.0031056
0.0027567
0.0033688
-0.011018
-0.02606
-0.022729
-0.0098578
0.0041424
0.012671
0.018479
0.020065
0.01814
0.018786
0.018371
0.015038
0.016409
0.021114
0.024751
0.035039
0.036513
0.010649
-0.0074725
-0.0041109
-0.019171
-0.033854
-0.034127
-0.028662
-0.0054642
0.037384
0.067066
0.056627
0.034745
0.017959
0.01815
0.039257
0.05196
0.02513
-0.0026515
0.0082185
0.02116
0.021291
0.010841
-0.011367
-0.015957
-0.0077658
-0.016172
-0.032411
-0.051233
-0.060983
-0.061027
-0.069978
-0.075708
-0.056325
-0.020698
-0.005798
-0.021164
-0.030228
-0.021522
-0.029695
-0.05982
-0.029154
0.047293
0.042599
0.016291
0.037836
0.052845
0.033344
0.018938
0.017106
0.014671
0.031739
0.044377
0.029208
0.021094
0.04077
0.046845
0.02312
0.014363
0.034656
0.03108
-0.0038695
-0.031284
-0.030537
-0.016916
-0.011057
-0.01191
-0.012314
-0.010062
-0.013802
-0.01571
-0.013264
-0.018419
-0.028223
-0.031698
-0.018792
0.0013476
-0.0047066
-0.023555
-0.027186
-0.020249
-0.012359
0.0042202
0.017638
0.01316
0.0042232
0.0017043
-0.0059595
-0.0075601
0.0081005
0.016289
-0.0035946
-0.017795
-0.00046916
0.016498
0.01888
0.01297
-0.006867
-0.018935
-0.0043948
0.0045787
-0.0063185
0.031349
0.078377
0.022815
-0.02288
-0.012229
-0.0073254
-0.0042328
0.0014326
-0.004201
-0.011201
-0.0065398
0.0013219
0.0029118
0.00013231
-0.00092746
-0.0010227
0.00076374
0.0050463
0.0073126
0.0061577
0.0021548
0.0013015
0.0058588
0.0033028
-0.0023677
-0.0010514
0.0012038
-0.002339
-0.0073587
-0.0074711
-0.0042507
-0.0035087
-0.01137
-0.016941
-0.014274
-0.0092003
-0.0061096
-0.0045685
-0.0029531
0.001942
0.0049449
0.0026282
0.0011258
0.0019624
0.0020205
0.0011716
0.00036646
0.00014926
0.00016522
0.00039491
0.00075521
0.00065866
0.00055924
0.00061884
0.0003465
-0.00010866
-0.00019599
0.00011366
0.00027654
0.00026049
0.00034409
0.00047178
0.00056175
0.00064574
0.00076494
0.00090367
0.0010293
0.0011478
0.0012725
0.0014063
0.0015487
0.0016974
0.0018517
