-0.00042265
-0.00083013
-0.00085919
0.00012665
0.003027
0.0045831
0.0023549
0.00045418
-0.0020127
-0.0034717
-0.0018779
-0.0013388
-0.0016646
-0.00072058
0.0014047
-5.7451e-05
0.00033073
0.0012962
-0.001448
-0.0011016
0.0011552
0.00015826
-0.00041744
0.0018027
0.0039688
0.0038908
0.0036334
0.003276
-0.0015214
-0.0052081
-0.0054309
-0.0034076
-0.0017606
-0.00011982
0.00259
0.0023458
0.0017957
-0.0027814
-0.0060601
-0.0037083
-0.0016166
9.938e-06
-0.00085944
0.0012985
0.002816
0.004414
0.0081754
0.0062147
-0.0013826
-0.0017807
0.00179
-0.00062365
-0.0040501
-0.0052163
-0.0040722
-0.0012909
-0.0032394
-0.0050084
-0.0051178
-0.0038676
0.00050287
0.0027282
0.0038683
-0.00089127
-0.0020115
0.0041195
0.0056125
0.0030316
0.0030181
0.0033942
0.0059542
0.0069893
-0.0019156
-0.01017
-0.011227
-0.0058209
-0.0010199
0.00073219
0.0021436
0.0028278
0.0030041
-0.00014283
-0.0045505
-0.0044772
-0.0034156
-0.0049366
-0.0019023
0.00081372
0.0033115
0.0049096
-0.0036412
-0.0056192
-0.00044796
0.00057084
0.0019222
0.0041211
0.0062119
0.0071012
0.01026
0.0079536
-0.00032389
-0.0085504
-0.013316
-0.010907
-0.0081643
-0.0089121
-0.0053555
0.0063213
0.013843
0.011062
0.0072726
0.0038218
0.0029699
0.0058513
0.0061796
-0.00066576
-0.0068858
-0.0039943
-0.0017677
-0.005857
-0.011501
-0.0094324
-0.001959
0.00081125
0.0066812
0.012297
0.0079234
0.0067289
0.011622
0.013437
0.0057881
0.0062032
-0.0016469
-0.015861
-0.011799
-0.010567
-0.014629
-0.01275
0.0011668
0.0054762
0.0042378
0.0073314
0.011592
0.010363
0.006963
0.0097506
0.0087886
0.0016027
-0.0058791
-0.0098755
-0.010438
-0.0089587
-0.0087099
-0.0050134
-0.0053623
-0.0025615
0.0024008
0.0068581
0.0088236
0.0093815
0.0099792
0.011238
0.013644
0.010094
0.0041089
-0.0045764
-0.017674
-0.014224
-0.0041869
-0.0069308
-0.012884
-0.011006
0.00058247
0.010408
0.0080315
0.0015575
0.0054151
0.0070216
-0.0012333
-8.784e-05
0.0070511
-0.00142
-0.0024716
0.010923
0.015803
0.0092848
0.0016083
-0.0080032
-0.0035376
0.0084974
0.0036034
-0.0034428
-0.00026854
-0.0040211
-0.018442
-0.017327
-0.004981
0.0011962
0.0079139
0.0055506
-0.001923
-0.006309
-0.0097923
-0.011857
-0.012269
-0.0050166
0.0011493
0.0030893
0.00547
0.0015747
-0.0057244
-0.0062773
0.0004925
0.0061851
0.0069297
0.0014952
-0.008616
-0.01766
-0.019891
-0.016621
-0.012862
-0.0057161
0.016658
0.030567
0.019104
0.014076
0.017305
0.01756
0.009988
0.007844
0.0066313
-0.010946
-0.018981
-0.020317
-0.024048
-0.029386
-0.028127
-0.024387
-0.015812
0.003697
0.0092112
0.005271
-0.004319
-0.0060326
0.0013023
0.005927
0.010537
0.015491
0.021359
0.017022
0.0085955
0.0017758
-0.0032884
-0.0040064
0.0027654
0.013999
0.015887
0.027687
0.044771
0.031839
0.0027371
-0.01504
-0.025363
-0.035594
-0.037102
-0.037981
-0.030857
-0.0075248
-0.0019055
0.00078324
0.0038382
0.0060965
-0.0030508
-0.017203
-0.017217
-0.024734
-0.017544
0.0086826
0.034531
0.041556
0.046602
0.055683
0.065753
0.052757
0.024189
0.020392
0.0087677
-0.017285
-0.030017
-0.028846
-0.028955
-0.033847
-0.043102
-0.032198
0.0037651
0.029076
0.021758
-0.0016652
-0.010265
-0.015514
-0.025701
-0.040996
-0.036545
-0.01316
-0.00068046
0.0073888
0.014227
0.01973
0.029626
0.043173
0.052163
0.057711
0.041761
0.0079871
-0.010705
-0.014929
-0.021063
-0.030169
-0.03211
-0.02244
-0.0029857
-0.0023654
-0.025013
-0.014946
0.012749
0.031313
0.032251
0.028104
-0.0035196
-0.054823
-0.072882
-0.066258
-0.046366
-0.039886
-0.02272
0.021489
0.051097
0.048694
0.045384
0.052415
0.04639
0.01052
-0.018359
-0.029622
-0.030642
-0.024339
-0.013312
-0.0017527
0.0078761
0.01479
0.0069491
-0.0082835
-0.018082
-0.015402
-0.0070369
0.0023727
0.010098
0.026585
0.040519
0.032872
0.0083492
-0.011713
-0.011791
-0.0044873
0.0023365
0.0042042
0.0010933
0.0035801
0.0065218
0.017581
0.025996
0.015084
0.0062028
0.01465
0.020482
0.011187
-0.0040785
-0.015758
-0.03942
-0.071973
-0.079334
-0.07506
-0.064875
-0.035955
-0.006986
0.025599
0.059197
0.063723
0.062159
0.052761
0.019224
-0.0045825
-0.011449
-0.011894
-0.014101
-0.0071894
0.0047579
0.0096795
0.014442
0.0088269
0.0038239
-0.007033
-0.012825
-0.014727
-0.015784
-0.012288
-0.016697
-0.018422
-0.020971
-0.020894
-0.022461
-0.025794
-0.024573
-0.010541
0.012251
0.039903
0.072774
0.089836
0.075132
0.039203
0.012279
-0.0015728
-0.025295
-0.027109
0.0091231
0.022891
0.012474
-0.0085003
-0.0177
-0.024095
-0.032851
-0.016982
0.016539
0.028834
0.033899
0.0096938
-0.047991
-0.078022
-0.070998
-0.023195
0.02022
0.041019
0.038387
0.025536
0.015553
-0.00049553
-0.0077059
0.00074386
0.0077187
0.0019333
-0.0012634
-0.0008645
-0.006604
-0.016818
-0.019767
-0.011046
-0.0074484
-0.010234
-0.013973
-0.019629
-0.022092
-0.025962
-0.031241
-0.035388
-0.03897
-0.036116
-0.012076
0.017312
0.031314
0.037311
0.038773
0.036144
0.016154
0.0018435
-0.007259
-0.013624
-0.013839
0.0033736
0.046635
0.078938
0.079613
0.046291
0.011847
0.019287
0.045957
0.055502
0.037847
0.00020582
-0.041407
-0.088574
-0.10604
-0.10656
-0.081004
-0.047334
-0.018363
0.0019339
0.0096605
0.029605
0.037602
0.039533
0.030343
0.01867
0.0083081
-0.028246
-0.066211
-0.075678
-0.034433
0.027812
0.051567
0.044667
0.027221
0.016114
0.008802
2.9043e-05
-0.012768
-0.031351
-0.044215
-0.02428
0.020161
0.048226
0.051307
0.053432
0.058137
0.059486
0.048997
0.014393
-0.020888
-0.034573
-0.034882
-0.051982
-0.063884
-0.071296
-0.058605
-0.0085824
0.039286
0.088335
0.11958
0.12975
0.10794
0.062046
0.015009
-0.02504
-0.05702
-0.074911
-0.075425
-0.071247
-0.061137
-0.058621
-0.053258
-0.041001
-0.0273
-0.024042
0.0029856
0.028097
0.021221
0.016837
0.009941
0.009891
0.010356
0.011663
0.012128
0.010046
0.0099278
0.010571
0.0028408
-0.015147
-0.028661
-0.033566
-0.03108
-0.031716
-0.039059
-0.046316
-0.02992
-0.004036
0.012695
0.030764
0.031541
0.019579
0.0089823
0.006624
0.0024114
0.0044198
0.018159
0.021244
0.013641
0.016191
0.037635
0.047719
0.047522
0.058831
0.069298
0.061684
0.03066
-0.01103
-0.039302
-0.060443
-0.076127
-0.078151
-0.080199
-0.066238
-0.038476
-0.010155
0.019208
0.052812
0.081814
0.089718
0.071408
0.023871
-0.037412
-0.089473
-0.11131
-0.095738
-0.050351
-0.0098145
0.010777
0.020357
0.019215
0.0080008
0.0015442
0.0054997
0.020445
0.033104
0.032048
0.026833
0.025172
0.015701
0.00032414
-0.0077318
-0.0057775
-0.0030796
-0.0026033
-0.0032847
0.00039749
0.012624
0.016939
0.01823
0.018888
0.019624
0.0051139
-0.025629
-0.043665
-0.048572
-0.04615
-0.027908
-0.012935
-0.0089225
-0.00045651
0.022767
0.044424
0.052361
0.053341
0.053268
0.053505
0.056115
0.033678
-0.0083168
-0.022993
-0.02113
-0.02192
-0.025025
-0.024882
-0.0099979
0.0062507
0.008618
0.010565
0.012665
0.014141
0.0057252
-0.0066046
-0.011805
-0.014487
-0.021062
-0.040235
-0.050393
-0.041854
-0.031575
-0.026852
-0.010592
0.018183
0.032881
0.034078
0.031482
0.028867
0.023333
0.019752
0.025842
0.034342
0.0367
0.020232
0.0036805
-0.0053659
-0.022091
-0.034855
-0.036923
-0.033773
-0.031343
-0.027612
-0.023473
-0.02171
-0.019428
-0.0029763
0.010726
0.015148
0.011959
-0.0094116
-0.02417
-0.025905
-0.018738
-0.013712
-0.017429
-0.023547
-0.016394
0.00065144
0.0098651
0.015108
0.01848
0.010598
-0.0035022
-0.007417
-0.0068376
0.0010245
0.0092181
0.014022
0.019694
0.019196
0.01337
0.0010549
-0.012406
-0.022465
-0.024501
-0.016574
-0.015042
-0.017144
-0.01401
-0.010866
-0.0085069
-0.0060865
-0.0013772
0.0039451
0.0037982
-0.0033622
-0.013706
-0.014425
-0.0085143
-0.0008348
0.006297
0.013765
0.02526
0.031683
0.033252
0.031925
0.034427
0.037762
0.040364
0.044618
0.048552
0.051633
0.035672
0.0042076
-0.012577
-0.012708
-0.0087731
-0.0014097
0.0012738
-0.0050624
-0.0079991
-0.0052747
0.0068827
0.018269
0.023992
0.027285
0.027882
0.02387
0.010047
-0.00021986
-0.0091612
-0.019987
-0.02536
-0.01568
-0.004195
-0.0025569
-0.0035647
-0.0056598
-0.0021449
0.00018572
0.0016096
-0.0040718
-0.022388
-0.034773
-0.036365
-0.03133
-0.023655
-0.017724
-0.01767
-0.020001
-0.018587
-0.013131
-0.0087877
-0.0099393
-0.01098
-0.013254
-0.019296
-0.025419
-0.026799
-0.023904
-0.019195
-0.01321
-0.0034678
0.0038262
0.0025338
-0.0024408
-0.0055008
-0.0055192
-0.0054132
0.005462
0.019119
0.030597
0.037849
0.037034
0.033889
0.02627
0.011376
-0.0047974
-0.011128
-0.012398
-0.014329
-0.014747
-0.0087879
0.0090019
0.024112
0.027118
0.020414
0.0053614
-0.0011595
0.00011851
0.0028123
0.0080245
0.011432
0.015613
0.019561
0.013386
-0.0046533
-0.016734
-0.026591
-0.03929
-0.044107
-0.03798
-0.01446
0.010917
0.017927
0.011255
9.6461e-05
-0.010131
-0.017732
-0.021749
-0.015921
-0.0074925
0.00036757
0.0054186
0.0086509
0.0094444
0.0067924
0.010914
0.019052
0.0261
0.028019
0.025303
0.020722
0.013067
0.0055498
0.0038096
0.0097541
0.016471
0.02055
0.019334
0.01612
0.015983
0.017882
0.019315
0.012635
0.0050241
0.0016713
-0.00092869
-0.0022721
-0.0059074
-0.0099833
-0.021265
-0.03393
-0.031069
-0.018077
-0.0058708
-0.001899
-0.0011167
-0.0062902
-0.016612
-0.024435
-0.028122
-0.024517
-0.018698
-0.0054233
0.016539
0.031852
0.035069
0.033446
0.022065
-0.00070195
-0.017737
-0.02494
-0.030282
-0.033667
-0.032052
-0.020482
-0.00089901
0.012902
0.019238
0.021162
0.018681
0.014937
0.013528
0.016385
0.017228
0.014376
0.009622
0.0044873
0.0014416
0.0035988
0.0043159
0.00055307
-0.0082169
-0.018274
-0.02229
-0.020908
-0.0067084
0.0065424
0.0033528
-0.01953
-0.032421
-0.029053
-0.021461
-0.011967
-0.0085905
-0.014107
-0.01994
-0.020744
-0.016917
-0.010166
-0.0062957
-0.0016424
0.0025375
0.0046581
0.0058769
0.01027
0.015005
0.018975
0.017475
0.014817
0.012005
0.010548
0.010043
0.011064
0.014154
0.015908
0.012566
0.0044109
-0.0041816
-0.0084166
-0.0039195
0.0066977
0.014726
0.016219
0.015702
0.010803
0.0021892
-0.0044428
-0.006491
-0.0038411
-0.00069745
0.0028603
0.0070535
0.0086049
0.0075676
-0.00044252
-0.0080874
-0.0085495
0.00098034
0.010715
0.014721
0.016013
0.013848
0.012403
0.010824
0.012242
0.016124
0.016876
0.016542
0.016711
0.01329
0.0084496
0.0044951
0.00057114
-0.0051949
-0.012678
-0.013858
-0.0089292
-0.0071972
-0.01002
-0.011519
-0.011467
-0.011269
-0.0088476
-0.0034947
0.00089845
0.00032725
-0.0049768
-0.0125
-0.014626
-0.013591
-0.013136
-0.012902
-0.014949
-0.015213
-0.011542
-0.010291
-0.010783
-0.0092445
-0.0037008
0.0032566
0.0069531
0.0061524
0.0024559
-0.0025258
-0.0090109
-0.011913
-0.014187
-0.015843
-0.014903
-0.011516
-0.0073412
-0.0068384
-0.0072168
-0.0092425
-0.010825
-0.0089028
-0.0038192
0.0017276
0.0043704
0.0010646
-0.0042302
-0.0072423
-0.0079287
-0.0051564
-0.0014721
-0.00081729
-0.0021055
-0.0040038
-0.0037059
0.0031842
0.012342
0.018587
0.020433
0.016185
0.010658
0.0014206
-0.0076594
-0.013816
-0.014762
-0.0084407
-0.0028644
0.0039747
0.010201
0.013
0.012149
0.0098408
0.011852
0.01271
0.014075
0.013725
0.012702
0.012705
0.011237
0.0079131
-0.00062127
-0.0062904
-0.0063343
-0.0037312
-0.00062531
-0.0016749
-0.003058
-0.0044737
-0.0057191
-0.0044094
-0.0063811
-0.0064637
-0.0013596
0.0054142
0.0091566
0.010835
0.010039
0.0044524
0.00074065
0.0012119
0.0021901
0.0044086
0.0090262
0.011867
0.012409
0.010207
0.0056306
0.0035723
0.00018286
-0.00018025
0.0057878
0.01069
0.015987
0.015327
0.010312
0.0086888
0.0091396
0.011597
0.014254
0.016664
0.016812
0.01287
0.0061817
0.0010001
-0.003599
-0.0062286
-0.0059358
-0.0062612
-0.0074239
-0.0059194
-0.0027064
0.00047807
0.003023
0.0033851
0.0027997
0.00080047
-0.0012874
-0.0021381
-0.0012966
0.0012626
0.0041941
0.0049459
0.0038504
0.00092204
-0.0016453
-0.0032181
-0.0045063
-0.0064137
-0.0080141
-0.0065922
-0.0065727
-0.0077529
-0.0067869
-0.0042563
-0.0021662
-0.0031597
-0.0055597
-0.0075385
-0.011022
-0.01557
-0.019459
-0.022884
-0.027602
-0.029356
-0.028109
-0.025814
-0.02257
-0.019482
-0.020542
-0.023224
-0.021629
-0.01868
-0.015895
-0.014799
-0.01465
-0.014714
-0.015362
-0.014864
-0.016119
-0.01813
-0.017417
-0.011138
-0.0028407
0.0025664
0.0038934
0.003668
0.0036426
0.0051869
0.0063456
0.006722
0.010363
0.014479
0.018978
0.021014
0.021358
0.018318
0.015889
0.01407
0.009461
0.0055616
0.0021508
0.0025455
0.0065521
0.011768
0.019958
0.029352
0.031317
0.030734
0.024518
0.016287
0.011736
0.011121
0.013264
0.016755
0.022772
0.023591
0.019609
0.014062
0.010356
0.0062885
0.0054083
0.0074535
0.0075943
0.0071271
0.0034562
-0.0043039
-0.010479
-0.014487
-0.012012
-0.0062489
-0.0035469
-2.6855e-05
0.003638
0.0072315
0.0072081
0.00455
0.0023601
-0.00341
-0.0093749
-0.012772
-0.016326
-0.016224
-0.012266
-0.0078243
-0.0035178
-0.0015747
-0.0012227
-0.002052
-0.0016286
-0.0029709
-0.0069825
-0.010501
-0.014718
-0.020405
-0.021094
-0.014022
-0.0066549
-0.0032286
-0.0024514
-0.0016251
-0.0018209
-0.00045103
0.0017206
0.0021847
0.0014504
0.0030712
0.003823
0.0010578
-0.002352
-0.0056333
-0.0079956
-0.008223
-0.0074978
-0.0061146
-0.0049426
-0.0060146
-0.0063521
-0.0047925
-0.0029198
-0.0015142
-0.00092354
-0.0006226
0.001444
0.0034136
0.0043235
0.0034484
0.0030312
0.0040135
0.0046592
0.0034577
0.0020389
0.00097308
0.00062122
0.00010413
-0.0016115
-0.0030384
-0.0018491
0.00047965
0.0028746
0.0027329
0.0011703
0.0017711
0.0019232
0.0020833
0.0021803
0.00099609
-0.00014933
-0.00071641
0.00051886
0.005164
0.008988
0.0091502
0.0066145
0.0055793
0.0049173
0.0029345
0.0015014
0.00061
0.00061514
0.00079776
0.00085288
0.0053164
0.0098851
0.014609
0.016251
0.015726
0.013821
0.0089846
0.0061205
0.0052056
0.003542
0.0028352
0.0027322
0.003943
0.0059861
0.008732
0.011618
0.01007
0.0082802
0.0045399
-0.00012349
-0.0043677
-0.0036047
-0.0032058
-0.006024
-0.0080518
-0.0080701
-0.0092277
-0.0097428
-0.0082454
-0.0076752
-0.0077374
-0.0072284
-0.0052475
-0.0044049
-0.0045528
-0.0051617
-0.0070578
-0.0091294
-0.011366
-0.011853
-0.0094506
-0.0065232
-0.0053399
-0.0075298
-0.0094433
-0.0098788
-0.0098992
-0.011772
-0.01544
-0.018084
-0.019635
-0.019319
-0.017552
-0.014147
-0.0070766
-0.0002711
0.0028032
0.0047137
0.0036509
0.00077964
5.7513e-05
-0.00046469
-0.0021609
-0.0028249
-0.002779
-0.0013917
0.00060137
0.0019345
0.0040603
0.0067725
0.009244
0.009347
0.0096673
0.010282
0.0099132
0.0083955
0.0046072
0.00062109
-0.001373
-0.00072117
0.00053754
0.0024644
0.0063873
0.010371
0.014384
0.014419
0.010893
0.0055521
0.002231
0.0017281
0.0016343
0.0029746
0.0026564
0.0020434
0.0036673
0.0055757
0.0050311
0.0043508
0.0055901
0.0081279
0.010371
0.0111
0.010469
0.0092184
0.0066918
0.0058728
0.0062156
0.0063329
0.0050467
0.00050158
-0.0018332
-0.0018536
-0.00027049
0.0017216
0.00064347
-0.0038782
-0.0079265
-0.0090332
-0.0055937
-0.0015209
0.00043552
0.00052326
-0.0014545
-0.0048725
-0.0087322
-0.01131
-0.011109
-0.011753
-0.010934
-0.0091136
-0.0074061
-0.0068481
-0.0055037
-0.0024733
-0.0010035
0.0026257
0.0038028
0.0040935
0.0031194
0.0016129
0.001054
-0.0012543
-0.0036472
-0.0047539
-0.0040613
-0.0023854
0.0012856
0.00094492
6.1607e-05
0.00063588
0.00033499
0.0026524
0.0040937
0.0052494
0.0040325
-0.0011001
-0.0068203
-0.0097721
-0.01034
-0.0083574
-0.0049414
-0.00097256
0.0032778
0.0041581
0.0057482
0.0055065
0.0027097
0.0014153
-0.00096844
-0.00061042
0.0025526
0.0044886
0.0057697
0.0041306
0.00237
0.0043958
0.0065888
0.0059941
0.0050353
0.003644
0.0030055
0.0039949
0.0015632
-0.0027636
-0.0071843
-0.0082278
-0.0086521
-0.010787
-0.010956
-0.0096925
-0.0082859
-0.0069854
-0.0059022
-0.0032737
0.00054827
0.0031737
0.0029504
0.0048598
0.0068845
0.0074139
0.0068549
0.0042651
0.0033838
0.0030064
0.0034185
0.0025892
0.0011571
0.00058181
0.0029676
0.0049392
0.0057358
0.0056634
0.0051279
0.0062193
0.0068109
0.0093619
0.011108
0.011954
0.0091568
0.0047953
0.00051329
-0.0022489
-0.0038299
-0.0047183
-0.0043379
-0.0026335
-0.00038952
-0.0002447
-0.00025696
-0.0025285
-0.004131
-0.0044798
-0.0032008
0.00023865
0.0027611
0.003677
0.0033322
0.002046
0.001026
0.0003609
0.0006118
0.0017144
0.0011217
-0.0003634
-0.0016415
-0.0034836
-0.0060632
-0.0083644
-0.0095537
-0.0094089
-0.0088724
-0.0070518
-0.0052189
-0.0037062
-0.0038766
-0.0041918
-0.0045223
-0.0054853
-0.0059647
-0.0069123
-0.0064737
-0.0045246
-0.0045287
-0.0044736
-0.0030385
-0.0018278
-0.00097514
0.00024066
0.0020317
0.0032996
0.0034709
0.0018501
-0.00055717
-0.003302
-0.0046913
-0.0033521
-0.00060528
-0.00037277
-0.002472
-0.0056636
-0.0069509
-0.0064328
-0.0047916
-0.004299
-0.0045194
-0.0039992
-0.0029589
-0.0002396
0.0028346
0.0034323
0.0012056
0.00073634
0.0020245
0.0030618
0.0030108
0.0029332
0.0022783
0.0012001
-0.00015652
0.00041564
0.0011592
0.0033664
0.0086928
0.011136
0.011309
0.010577
0.0090934
0.0065015
0.0047399
0.0024102
0.0006843
-0.00033576
-0.0019852
-0.0028206
-0.0017558
0.0012399
0.0025832
0.0034205
0.0032114
0.0018068
-0.0012706
-0.0025396
-0.0027243
-0.0017196
-9.0757e-05
0.0019094
0.0025744
0.0012901
0.001136
-0.00172
-0.0010724
-1.2689e-05
0.0027321
0.0066457
0.0091426
0.0099504
0.0076278
0.0061528
0.0048114
0.0042524
0.004595
0.0039309
0.0040675
0.0040532
0.0031015
0.0033288
0.0031717
0.0037285
0.0015344
-0.0016776
-0.0020673
-0.00025183
0.0016586
0.0034394
0.0036882
0.0030017
0.0019479
0.001343
-0.00016364
-0.0042029
-0.0084554
-0.011563
-0.010955
-0.0098704
-0.0084221
-0.0062465
-0.0057896
-0.0056632
-0.0057755
-0.0053604
-0.0029748
-0.0012
-0.00057385
0.00077859
0.001772
0.0015862
0.001322
0.00011829
0.00017634
0.00010791
0.00015576
0.00093087
0.0021701
0.0025413
0.00067049
-0.00058828
-0.00041191
-0.0010475
-0.0013209
-0.0041403
-0.005547
-0.0054859
-0.0045057
-0.00052069
0.0019435
0.0030767
0.0023034
0.0013955
0.001016
0.0011036
0.00098415
-0.00034093
-0.0012356
-0.002428
-0.0038582
-0.0051435
-0.0058943
-0.0046459
-0.0029549
-0.0016371
-0.001982
-0.0017852
-0.0034959
-0.0047863
-0.0032339
-0.0020131
-0.00037713
-0.00071689
-0.0023735
-0.0035313
-0.0025593
-0.00066937
0.0004413
0.0006503
0.00089091
0.00033389
0.00016446
0.0014373
0.0027163
0.0021266
0.0023876
0.0040909
0.0043091
0.0044263
0.0036387
0.0038314
0.0045484
0.0045238
0.0042279
0.0043757
0.0047631
0.0051965
0.0056993
0.0069405
0.0069312
0.007027
0.0056805
0.0045196
0.0032731
0.0013166
-0.00030329
-0.0028554
-0.001807
-0.0017959
-0.0028048
-0.0017176
-0.0012505
0.00062616
0.00149
0.00033931
-0.0017651
-0.003336
-0.0052353
-0.0065686
-0.0048735
-0.0035445
-0.0032876
-0.0014435
-0.00058278
0.0013877
0.0026177
0.0028278
0.003918
0.0034446
0.0030814
0.0033832
0.003227
0.0011696
0.00036549
-0.0014371
-0.0029012
-0.0023588
-0.0023636
-0.0021695
-0.0026901
-0.0038498
-0.0023531
-0.0011699
-6.707e-05
0.00040725
0.000414
0.00033732
-0.00093998
-0.0017751
-0.0022988
-0.0040404
-0.0054062
-0.0051869
-0.0044842
-0.0033387
-0.0040473
-0.0062912
-0.0082459
-0.0093809
-0.0084145
-0.0064932
-0.0060976
-0.0058917
-0.0055139
-0.0057062
-0.0051444
-0.0028782
-0.0006002
0.0012443
0.0024766
0.0030116
0.0036466
0.0047783
0.0039926
0.0036253
0.0043404
0.0041958
0.002815
0.0020718
0.00060558
0.001341
0.0026677
0.0031526
0.0047423
0.0048366
0.0046993
0.0031733
0.002514
0.0019644
0.0019829
0.0027538
0.0038477
0.0047859
0.0049844
0.0042777
0.0039261
0.0039152
0.0036372
0.0048114
0.0049214
0.0048189
0.0039984
0.0020895
0.00085659
-0.00034439
-0.0014037
-0.0019247
-0.0010805
6.53e-05
0.00074962
0.0011153
0.00078132
0.00024743
-0.00042002
-0.00081486
-0.00059397
-0.00035406
-0.00043977
-0.00037525
0.00033201
0.00087696
0.00097808
0.0004154
-0.00032661
-0.0010931
-0.0017432
-0.0019624
-0.0020426
-0.0020149
-0.0022239
-0.0023163
-0.0020928
-0.001984
-0.001674
-0.0012758
-0.00098713
-0.00093456
-0.00085156
-0.00061748
-0.00042516
-0.00039236
-0.00070282
-0.00062883
-0.00029595
2.4326e-06
-2.8092e-05
-0.00026215
-0.00030477
-0.00019295
-0.0001772
-0.00023694
-0.00044694
-0.0007471
-0.00077316
-0.00073757
-0.00066686
-0.000512
-0.0002787
-0.00019352
-0.00014961
8.2353e-05
0.00023092
0.00029422
0.00018099
-4.2461e-05
-0.00019198
-0.00025189
-0.00024597
-0.00023447
-0.00012706
5.2141e-06
3.8673e-05
2.8797e-06
-4.8651e-05
-0.00010179
-0.00015113
-0.00015971
-0.00018413
-0.00019052
-0.0001896
-0.00015498
-9.2474e-05
-4.7032e-05
8.4471e-07
3.1914e-05
9.8482e-05
0.00013742
0.00016707
0.00018082
0.00016807
0.00016021
0.00015027
0.00015544
0.00016208
0.00015468
0.00014232
0.00013867
0.0001355
0.00013459
0.00012353
0.00011427
0.00010564
9.5181e-05
8.4864e-05
7.4853e-05
6.3516e-05
5.4309e-05
4.573e-05
3.9135e-05
3.3666e-05
2.8122e-05
2.5508e-05
2.3139e-05
2.1531e-05
1.946e-05
1.7063e-05
1.4772e-05
1.2622e-05
1.0661e-05
8.868e-06
7.3588e-06
6.0441e-06
4.9244e-06
3.95e-06
3.1118e-06
2.3346e-06
1.5626e-06
7.7632e-07
-1.2261e-08
-8.0664e-07
-1.6054e-06
-2.4173e-06
-3.2529e-06
