-0.00056216
-0.00056087
-0.0005596
-0.00055832
-0.00055706
-0.0005558
-0.00055456
-0.00055332
-0.0005521
-0.0005509
-0.00054973
-0.00054856
-0.00054739
-0.00054618
-0.00054493
-0.00054364
-0.00054232
-0.00054104
-0.00053984
-0.00053879
-0.00053791
-0.00053721
-0.00053664
-0.000536
-0.00053506
-0.00053351
-0.00053109
-0.00052789
-0.00052441
-0.00052128
-0.00051895
-0.00051762
-0.00051731
-0.00051793
-0.00051928
-0.00052066
-0.00052099
-0.0005196
-0.00051746
-0.0005169
-0.00051997
-0.00052733
-0.00053822
-0.00054995
-0.00055755
-0.00055704
-0.00054878
-0.00053722
-0.00052723
-0.00052121
-0.0005187
-0.00051815
-0.00051824
-0.0005183
-0.00051645
-0.00050725
-0.00048499
-0.00045003
-0.00041625
-0.0004037
-0.00042419
-0.00047562
-0.00054319
-0.00059469
-0.00059408
-0.0005252
-0.00040047
-0.00026577
-0.00018223
-0.00018621
-0.00027235
-0.00040659
-0.00054827
-0.0006399
-0.00062874
-0.00052261
-0.0003832
-0.00028462
-0.00027368
-0.00036369
-0.00053716
-0.0007304
-0.00083185
-0.00075498
-0.00049121
-0.00012184
0.00016718
0.0001877
-0.0001197
-0.00067042
-0.0012603
-0.0016175
-0.0015682
-0.001127
-0.00046361
0.00013826
0.00040597
0.00023908
-0.00026017
-0.0008232
-0.0011354
-0.0010304
-0.00060836
-0.00020831
-0.00016163
-0.00058691
-0.0013754
-0.0022904
-0.0030237
-0.0033298
-0.003177
-0.0027872
-0.0024818
-0.0023819
-0.0022894
-0.001921
-0.0011601
-0.00014348
0.00077909
0.0012879
0.0012929
0.00093506
0.00044986
-3.319e-05
-0.00059982
-0.0011953
-0.0015501
-0.0014391
-0.00084869
-2.9664e-05
0.00060584
0.00076335
0.00042483
-0.00011376
-0.00034875
3.3298e-05
0.00091521
0.0019278
0.0027461
0.0032638
0.0035996
0.0039649
0.0044648
0.0049056
0.0049446
0.0043853
0.0032874
0.0018808
0.00040634
-0.0010009
-0.0022633
-0.0030439
-0.0028697
-0.0015507
0.0006968
0.0034044
0.005817
0.006978
0.0063638
0.0041842
0.0011337
-0.0019999
-0.004396
-0.0054696
-0.0052101
-0.0041842
-0.0032288
-0.0029381
-0.0034032
-0.0043041
-0.005015
-0.0048053
-0.0033221
-0.00087981
0.0015969
0.0029608
0.0025455
0.00050584
-0.0024401
-0.0055217
-0.0082882
-0.010467
-0.011597
-0.011334
-0.0097776
-0.0073943
-0.0047316
-0.0023954
-0.001293
-0.0021103
-0.0048059
-0.0087178
-0.012997
-0.01649
-0.017583
-0.015303
-0.0099885
-0.0030995
0.003282
0.0075262
0.0090983
0.0085059
0.006759
0.0047608
0.0029725
0.0014031
-0.00017881
-0.0017962
-0.0023872
-0.00037486
0.0049477
0.0127
0.019625
0.021656
0.0169
0.0065074
-0.0063765
-0.017376
-0.022744
-0.021754
-0.017224
-0.013267
-0.012544
-0.015237
-0.019538
-0.022489
-0.021728
-0.016863
-0.0092779
-0.00093833
0.0067467
0.013346
0.018219
0.019434
0.015473
0.0066218
-0.0053177
-0.018155
-0.029304
-0.035554
-0.035174
-0.029046
-0.019997
-0.011846
-0.0075555
-0.0071819
-0.0078414
-0.006273
-0.0010795
0.0063458
0.012869
0.016075
0.015603
0.012753
0.0088183
0.0040349
-0.001919
-0.009203
-0.016989
-0.023093
-0.025611
-0.024392
-0.021438
-0.01959
-0.020528
-0.023439
-0.025476
-0.024162
-0.018966
-0.011153
-0.0027102
0.0043764
0.0088484
0.010744
0.011106
0.011273
0.01232
0.01464
0.017884
0.020903
0.022123
0.021019
0.018691
0.016778
0.016295
0.017172
0.018136
0.017452
0.014201
0.0088288
0.0033292
0.00023858
0.0006363
0.0033011
0.0059626
0.0069893
0.0063761
0.0055878
0.0060567
0.0076112
0.0087809
0.0082469
0.0057006
0.0017798
-0.0021234
-0.0037023
-0.0011055
0.0057511
0.015372
0.025689
0.034189
0.038402
0.037514
0.032735
0.026759
0.023332
0.025192
0.032463
0.042833
0.052659
0.059127
0.061733
0.062211
0.063068
0.065827
0.069424
0.070528
0.067174
0.060791
0.054439
0.050407
0.04915
0.049706
0.050796
0.051568
0.051878
0.052243
0.053334
0.055034
0.05578
0.053833
0.048661
0.0412
0.033366
0.026891
0.022395
0.019313
0.016762
0.015223
0.016119
0.020247
0.027149
0.035369
0.042655
0.047041
0.04803
0.04606
0.040923
0.032187
0.020145
0.005888
-0.0092614
-0.024235
-0.038091
-0.050201
-0.06062
-0.06997
-0.079006
-0.088352
-0.098784
-0.111
-0.12505
-0.14037
-0.15616
-0.17101
-0.18029
-0.17838
-0.1636
-0.13913
-0.11045
-0.082216
-0.056443
-0.03267
-0.0092835
0.015021
0.039156
0.058533
0.068942
0.069901
0.064497
0.057021
0.050627
0.046474
0.044823
0.045761
0.048936
0.053569
0.058807
0.063644
0.065989
0.063736
0.056487
0.045683
0.033499
0.021638
0.010751
0.0010596
-0.0058842
-0.008049
-0.0048949
0.0022396
0.011131
0.01992
0.027791
0.034903
0.04158
0.045994
0.044482
0.034973
0.018537
-0.0016588
-0.022379
-0.041787
-0.059638
-0.074924
-0.08349
-0.081569
-0.069186
-0.049904
-0.028344
-0.0082245
0.0060305
0.0096432
0.0012193
-0.01633
-0.037979
-0.058941
-0.074406
-0.08106
-0.079559
-0.073745
-0.067689
-0.062603
-0.056467
-0.046759
-0.032625
-0.01516
0.0036187
0.021783
0.036858
0.046216
0.049111
0.046948
0.040424
0.02811
0.0088682
-0.016474
-0.045496
-0.075548
-0.10344
-0.12213
-0.12444
-0.10915
-0.081358
-0.048754
-0.017353
0.0093499
0.028337
0.038717
0.043305
0.046511
0.050909
0.054855
0.054741
0.048512
0.036914
0.022524
0.0079928
-0.0052054
-0.017012
-0.028226
-0.039731
-0.051929
-0.063612
-0.070814
-0.069854
-0.060323
-0.045041
-0.028361
-0.014032
-0.0033531
0.0059986
0.018616
0.037645
0.06291
0.090523
0.11185
0.11859
0.10884
0.087385
0.061682
0.037568
0.017151
-0.00066548
-0.017677
-0.032501
-0.041438
-0.042342
-0.036235
-0.026271
-0.015772
-0.0074548
-0.0032426
-0.0028295
-0.0029546
0.00011462
0.0079872
0.019708
0.032981
0.045143
0.052971
0.054321
0.049613
0.041279
0.032111
0.024044
0.01878
0.017892
0.021628
0.028709
0.037209
0.045593
0.053245
0.060212
0.065305
0.06537
0.05816
0.044205
0.026204
0.0072272
-0.010771
-0.027391
-0.043303
-0.059418
-0.076185
-0.092571
-0.10609
-0.11461
-0.11743
-0.1152
-0.10945
-0.10194
-0.093917
-0.084985
-0.073654
-0.058989
-0.041376
-0.022135
-0.002659
0.016213
0.033587
0.046821
0.053257
0.052611
0.047063
0.039964
0.035131
0.035304
0.040708
0.049447
0.059029
0.067757
0.075232
0.082004
0.088121
0.090666
0.085707
0.071908
0.051313
0.027669
0.0042231
-0.017345
-0.034716
-0.043646
-0.041614
-0.030018
-0.013022
0.0044059
0.016165
0.017333
0.0074081
-0.0099627
-0.029765
-0.048361
-0.064637
-0.078758
-0.088308
-0.089233
-0.079923
-0.062473
-0.041035
-0.019378
0.00042603
0.016024
0.02347
0.020537
0.0086743
-0.0075989
-0.022422
-0.031775
-0.03538
-0.036082
-0.037047
-0.038712
-0.039186
-0.036616
-0.03062
-0.022253
-0.013112
-0.0044245
0.0031833
0.0091997
0.013338
0.015626
0.015913
0.013134
0.0061516
-0.0049757
-0.018735
-0.031372
-0.037906
-0.035763
-0.026187
-0.012812
0.00058917
0.0098625
0.01035
0.00010447
-0.018803
-0.04199
-0.065328
-0.085009
-0.096241
-0.096214
-0.086579
-0.073055
-0.061422
-0.052602
-0.043144
-0.029345
-0.010009
0.013394
0.038215
0.062286
0.084785
0.10609
0.12606
0.14208
0.15122
0.153
0.14966
0.14458
0.1404
0.13804
0.13708
0.13686
0.13705
0.13755
0.13722
0.13325
0.12351
0.1082
0.08946
0.069829
0.050996
0.033344
0.01633
-0.00082181
-0.01858
-0.036941
-0.05556
-0.072906
-0.08437
-0.085416
-0.075429
-0.057813
-0.037453
-0.018048
-0.00097761
0.012877
0.021135
0.022039
0.016241
0.0063394
-0.0047419
-0.015114
-0.024331
-0.032949
-0.041751
-0.05046
-0.056255
-0.055907
-0.048559
-0.036068
-0.021499
-0.0073579
0.0053369
0.016917
0.028309
0.040217
0.051679
0.059202
0.059675
0.052869
0.041235
0.028078
0.015782
0.0050716
-0.0046346
-0.014358
-0.024801
-0.036055
-0.047754
-0.05942
-0.070759
-0.081748
-0.09252
-0.10202
-0.10635
-0.10176
-0.08792
-0.067804
-0.045534
-0.024152
-0.0046672
0.013016
0.026573
0.031762
0.026596
0.013676
0.00058224
-0.0047818
0.00068706
0.014605
0.031891
0.047919
0.058536
0.060106
0.051948
0.036933
0.021215
0.011808
0.012156
0.020776
0.033175
0.043531
0.046402
0.03982
0.025936
0.008967
-0.0074527
-0.021762
-0.034397
-0.046721
-0.059884
-0.074231
-0.089274
-0.10309
-0.11258
-0.11589
-0.11376
-0.10862
-0.1031
-0.099073
-0.097648
-0.098826
-0.10169
-0.10493
-0.10614
-0.10174
-0.089774
-0.071285
-0.049283
-0.026826
-0.0056198
0.014216
0.033521
0.053218
0.073624
0.092016
0.10087
0.093903
0.071223
0.040448
0.015172
0.0063103
0.015655
0.036959
0.061368
0.081255
0.089829
0.083727
0.065535
0.043919
0.028768
0.023525
0.022421
0.016615
0.0010065
-0.023632
-0.051908
-0.076137
-0.089593
-0.088473
-0.073861
-0.050841
-0.025338
-0.0012856
0.020337
0.040675
0.060938
0.078201
0.086021
0.080483
0.063069
0.039094
0.015561
-0.00028563
-0.0047627
0.00057138
0.010445
0.018589
0.021106
0.017948
0.012094
0.0077354
0.0076909
0.012078
0.018367
0.021844
0.018606
0.0080775
-0.0072794
-0.023999
-0.038986
-0.048208
-0.048078
-0.038311
-0.021947
-0.0033443
0.01343
0.025965
0.034322
0.040424
0.046709
0.054732
0.06462
0.075441
0.085339
0.091789
0.093063
0.087673
0.074557
0.054469
0.02988
0.0036544
-0.022121
-0.044899
-0.060431
-0.066013
-0.062654
-0.054108
-0.044442
-0.036361
-0.031297
-0.029477
-0.029764
-0.029999
-0.028356
-0.024358
-0.018776
-0.013365
-0.011058
-0.014198
-0.022846
-0.03504
-0.048215
-0.059628
-0.065651
-0.063873
-0.054877
-0.041579
-0.027273
-0.014031
-0.0022404
0.0088488
0.019969
0.02964
0.034515
0.032526
0.024398
0.012825
0.00068078
-0.010485
-0.021436
-0.034319
-0.050605
-0.070132
-0.09131
-0.1099
-0.11941
-0.1161
-0.10149
-0.080642
-0.058646
-0.038299
-0.019824
-0.0019487
0.016706
0.036742
0.057873
0.079351
0.099678
0.11396
0.11638
0.10524
0.084002
0.059276
0.038138
0.024497
0.017492
0.01214
0.0028387
-0.013006
-0.034263
-0.05777
-0.080407
-0.098429
-0.10713
-0.10438
-0.092257
-0.075363
-0.058054
-0.042815
-0.030878
-0.022573
-0.01717
-0.01331
-0.0097504
-0.0058279
-0.001256
0.0042086
0.010628
0.017794
0.025354
0.032998
0.040567
0.047966
0.054152
0.056873
0.054632
0.047866
0.038475
0.028955
0.022152
0.01989
0.021829
0.024733
0.023523
0.014943
-0.00060172
-0.020064
-0.040022
-0.058212
-0.072167
-0.07873
-0.076686
-0.067983
-0.0569
-0.047524
-0.041665
-0.038634
-0.035725
-0.02926
-0.017108
7.2515e-05
0.019026
0.03565
0.047623
0.055326
0.06086
0.065843
0.069497
0.069953
0.066313
0.059288
0.050553
0.041714
0.033648
0.027095
0.023928
0.025815
0.032687
0.042841
0.054079
0.064089
0.06951
0.067726
0.058861
0.045456
0.030688
0.016772
0.005403
-0.00046501
0.0015123
0.010974
0.025195
0.040396
0.051191
0.052434
0.042825
0.025303
0.0046448
-0.015309
-0.033017
-0.047698
-0.05643
-0.056306
-0.047305
-0.032281
-0.015043
0.0015324
0.015081
0.022733
0.023046
0.017179
0.0086028
0.0025135
0.002935
0.010394
0.021799
0.031072
0.03276
0.025486
0.011913
-0.0033561
-0.015107
-0.019749
-0.017198
-0.010221
-0.002278
0.0043165
0.0084386
0.0093207
0.0069267
0.0021291
-0.0037869
-0.0096148
-0.014168
-0.016679
-0.017416
-0.017928
-0.020014
-0.024477
-0.030872
-0.038087
-0.045109
-0.051188
-0.054795
-0.054205
-0.049053
-0.040616
-0.03155
-0.025157
-0.023357
-0.025748
-0.030003
-0.032623
-0.030976
-0.024765
-0.015709
-0.0070199
-0.0028978
-0.0058998
-0.015412
-0.028538
-0.041291
-0.049055
-0.04907
-0.042008
-0.031265
-0.02179
-0.017598
-0.019577
-0.025738
-0.032843
-0.037232
-0.036198
-0.029515
-0.019162
-0.0077788
0.002785
0.012041
0.020427
0.028435
0.036278
0.043966
0.051562
0.059442
0.068017
0.077311
0.085436
0.087987
0.081696
0.066926
0.046981
0.025781
0.005883
-0.012163
-0.029224
-0.046419
-0.062456
-0.071797
-0.069373
-0.054787
-0.032075
-0.0067115
0.017323
0.038622
0.056176
0.067649
0.071822
0.070177
0.065673
0.060061
0.052982
0.043451
0.031179
0.016841
0.0015926
-0.013537
-0.027478
-0.038818
-0.046802
-0.051912
-0.055398
-0.057481
-0.056247
-0.049804
-0.038117
-0.022943
-0.0066961
0.0080169
0.018915
0.024929
0.026243
0.023838
0.01904
0.013116
0.0069529
0.0014937
-0.0018388
-0.0021597
-0.000287
0.0011386
-0.00037574
-0.0055558
-0.013359
-0.02202
-0.030158
-0.037016
-0.041065
-0.04027
-0.033982
-0.023472
-0.010994
0.0014959
0.013089
0.023894
0.03452
0.045093
0.05392
0.058673
0.058492
0.054744
0.050438
0.048274
0.049177
0.052258
0.054992
0.054118
0.0479
0.037045
0.02382
0.010483
-0.0018968
-0.013181
-0.022978
-0.030424
-0.034888
-0.036425
-0.035754
-0.03375
-0.031099
-0.028262
-0.025474
-0.022711
-0.019822
-0.016696
-0.013444
-0.011189
-0.011917
-0.016768
-0.025222
-0.035634
-0.045965
-0.053033
-0.053566
-0.046694
-0.034348
-0.019726
-0.0054614
0.0071437
0.017431
0.025213
0.030971
0.03561
0.039975
0.04453
0.049064
0.051971
0.051233
0.046165
0.037789
0.027979
0.01844
0.010896
0.0070509
0.0074015
0.010932
0.015886
0.020774
0.024675
0.026031
0.022913
0.014729
0.0026775
-0.011152
-0.024965
-0.037928
-0.049303
-0.05587
-0.053768
-0.042044
-0.023219
-0.0013899
0.019881
0.037103
0.046838
0.048075
0.042852
0.034759
0.027102
0.021604
0.017811
0.013842
0.008057
4.9325e-05
-0.0093815
-0.018247
-0.023948
-0.02512
-0.022785
-0.02012
-0.020217
-0.02419
-0.031065
-0.038658
-0.044688
-0.047763
-0.04777
-0.045686
-0.042593
-0.038441
-0.032464
-0.024254
-0.014171
-0.0030786
0.0081398
0.018379
0.025894
0.029499
0.029495
0.027374
0.025272
0.025246
0.028161
0.033428
0.039157
0.042367
0.040877
0.034696
0.025626
0.015897
0.0069796
-0.00081624
-0.0080135
-0.015338
-0.023123
-0.030709
-0.036848
-0.04068
-0.04194
-0.040937
-0.038388
-0.035109
-0.031712
-0.028479
-0.025906
-0.025513
-0.028723
-0.035549
-0.043248
-0.046461
-0.041247
-0.027653
-0.0089321
0.010924
0.029304
0.045539
0.059505
0.070765
0.079239
0.085542
0.090687
0.095573
0.10062
0.10476
0.10474
0.097829
0.084047
0.065854
0.046384
0.027809
0.01072
-0.0054904
-0.021768
-0.037864
-0.050513
-0.055932
-0.053103
-0.044197
-0.032819
-0.021922
-0.012716
-0.0048207
0.0028472
0.011118
0.019127
0.023858
0.022801
0.01589
0.005213
-0.0065349
-0.017305
-0.025181
-0.028411
-0.02671
-0.021455
-0.014723
-0.0081625
-0.0024288
0.002548
0.0064059
0.0082419
0.0076187
0.0051405
0.0020625
-0.00056918
-0.0024523
-0.0039195
-0.0054843
-0.0074659
-0.0098435
-0.012137
-0.013608
-0.013839
-0.013258
-0.013651
-0.017015
-0.024023
-0.0334
-0.041345
-0.043682
-0.038892
-0.028621
-0.01607
-0.0039885
0.0063707
0.014357
0.018957
0.019709
0.0173
0.013219
0.0091811
0.0063923
0.0050779
0.0044704
0.0029771
-0.00076283
-0.0069806
-0.014856
-0.023199
-0.030491
-0.033555
-0.029263
-0.017151
0.00043394
0.020068
0.039126
0.056456
0.070472
0.078427
0.078922
0.073159
0.064019
0.054416
0.046593
0.041769
0.039668
0.038161
0.034194
0.025994
0.014279
0.0017969
-0.0087422
-0.015692
-0.017833
-0.014909
-0.0080693
0.00064681
0.0084593
0.012552
0.011811
0.0072453
0.0009782
-0.0050218
-0.0087916
-0.0081859
-0.0025353
0.0061259
0.014408
0.01995
0.022546
0.023777
0.025596
0.028987
0.033219
0.036558
0.037747
0.036742
0.034497
0.032211
0.030557
0.028846
0.025279
0.01858
0.0088757
-0.0026136
-0.014459
-0.025635
-0.035056
-0.041572
-0.044904
-0.045863
-0.045736
-0.045294
-0.044408
-0.042635
-0.039836
-0.036916
-0.035767
-0.037747
-0.042783
-0.049576
-0.055722
-0.058526
-0.056793
-0.051339
-0.043745
-0.034765
-0.024388
-0.012539
0.00056539
0.014446
0.028593
0.042661
0.056386
0.068259
0.075513
0.076582
0.072289
0.065073
0.057431
0.050774
0.045006
0.038738
0.030545
0.020015
0.0077992
-0.0049896
-0.017464
-0.029301
-0.04066
-0.05123
-0.059076
-0.06221
-0.060372
-0.055085
-0.048532
-0.042373
-0.037198
-0.032708
-0.028257
-0.023368
-0.017949
-0.012275
-0.0070985
-0.0033474
-0.0013992
-0.00063293
0.00055469
0.0036077
0.0086506
0.014521
0.019846
0.023915
0.026663
0.027808
0.026925
0.024043
0.019786
0.015609
0.013713
0.015512
0.020864
0.028702
0.03779
0.046563
0.051754
0.05009
0.040921
0.026411
0.00986
-0.0061535
-0.020652
-0.033264
-0.041958
-0.044371
-0.040142
-0.031162
-0.020321
-0.010351
-0.0028713
0.0020939
0.0056494
0.009092
0.013191
0.017877
0.0215
0.021314
0.015774
0.0055728
-0.0071146
-0.02006
-0.032016
-0.042857
-0.052591
-0.060621
-0.066433
-0.070196
-0.07266
-0.074689
-0.076462
-0.076591
-0.073336
-0.066204
-0.056192
-0.04499
-0.034
-0.023807
-0.014245
-0.004804
0.0048868
0.013936
0.019745
0.020256
0.015576
0.0076419
-0.0011628
-0.0092299
-0.016032
-0.021013
-0.023205
-0.022229
-0.018718
-0.014023
-0.0097392
-0.0069344
-0.0054263
-0.0035138
0.00070626
0.0079302
0.017449
0.027876
0.038029
0.04742
0.055832
0.061613
0.062422
0.057459
0.048036
0.036555
0.025246
0.015966
0.0098571
0.0067746
0.0054544
0.0041127
0.0016687
-0.0015549
-0.0045337
-0.0064859
-0.0073545
-0.0077497
-0.0084239
-0.0097904
-0.011802
-0.014189
-0.016787
-0.019558
-0.022378
-0.024863
-0.02666
-0.027713
-0.028131
-0.02769
-0.025993
-0.022953
-0.018972
-0.014935
-0.011732
-0.0095689
-0.0076333
-0.0047931
-0.00046674
0.0051396
0.011347
0.01741
0.022762
0.02724
0.030856
0.03302
0.032904
0.030331
0.02594
0.020773
0.015893
0.012078
0.0094886
0.0076043
0.0053538
0.0018059
-0.003248
-0.0093311
-0.015576
-0.020311
-0.021536
-0.018489
-0.012086
-0.0041386
0.003546
0.0094704
0.012972
0.014457
0.01496
0.015515
0.016971
0.019806
0.023914
0.028631
0.03235
0.033065
0.029916
0.023651
0.015954
0.008975
0.004993
0.0050692
0.0085207
0.013632
0.018728
0.022483
0.023908
0.022848
0.020021
0.016496
0.013104
0.010153
0.0075041
0.004849
0.0019586
-0.0012035
-0.004511
-0.0075833
-0.0097072
-0.010366
-0.0096314
-0.0081646
-0.0071082
-0.0074534
-0.0094346
-0.012555
-0.016037
-0.019195
-0.021043
-0.02043
-0.016981
-0.011349
-0.0047281
0.0013219
0.0043089
0.0022186
-0.0049636
-0.015455
-0.026956
-0.037863
-0.047716
-0.056427
-0.062401
-0.063454
-0.058944
-0.050218
-0.039597
-0.029053
-0.019475
-0.010714
-0.0021295
0.0066221
0.0145
0.019752
0.021525
0.02042
0.018158
0.016702
0.017159
0.019402
0.022361
0.024531
0.024894
0.023447
0.02115
0.019573
0.019894
0.022223
0.025577
0.028408
0.029638
0.029185
0.027805
0.026795
0.027294
0.028917
0.029155
0.025478
0.017239
0.0057418
-0.0069068
-0.01902
-0.029401
-0.036917
-0.041103
-0.042311
-0.041116
-0.037693
-0.032162
-0.024952
-0.016742
-0.0083438
-0.0011628
0.0032553
0.0043988
0.0030364
0.00058922
-0.00138
-0.0014661
0.00086476
0.0050893
0.0098129
0.012844
0.01247
0.008568
0.002399
-0.004374
-0.010354
-0.014149
-0.014844
-0.012693
-0.0093076
-0.0069942
-0.0072469
-0.010037
-0.014195
-0.018303
-0.0215
-0.023732
-0.025489
-0.027344
-0.029609
-0.032185
-0.034043
-0.03347
-0.029503
-0.022583
-0.014079
-0.0054165
0.0022672
0.0080772
0.011788
0.013936
0.01541
0.016832
0.018085
0.018646
0.018185
0.016806
0.01492
0.012971
0.011246
0.010093
0.010051
0.011404
0.013941
0.017122
0.020382
0.022978
0.023817
0.022254
0.01857
0.013695
0.0086088
0.0038954
-4.1316e-05
-0.0023726
-0.0023935
-0.00017834
0.0034892
0.0076349
0.01158
0.015101
0.017813
0.01849
0.016071
0.01061
0.003284
-0.0040679
-0.0099364
-0.013974
-0.017169
-0.021005
-0.026384
-0.033241
-0.040862
-0.048295
-0.054042
-0.056577
-0.055536
-0.05178
-0.046212
-0.03915
-0.030708
-0.021127
-0.01081
-0.0001804
0.010465
0.020995
0.030773
0.037396
0.03837
0.03328
0.023922
0.012956
0.0024392
-0.0067834
-0.013984
-0.017711
-0.017095
-0.012713
-0.0061708
0.00086362
0.0073555
0.012701
0.016454
0.018601
0.019626
0.020435
0.022076
0.0251
0.029342
0.034025
0.03721
0.036426
0.030626
0.020793
0.0090462
-0.0026744
-0.013425
-0.023293
-0.032568
-0.039627
-0.041504
-0.036721
-0.026368
-0.013127
0.00035872
0.012069
0.020462
0.025169
0.02705
0.0273
0.026825
0.026035
0.024703
0.022274
0.01832
0.012622
0.0053493
-0.0029535
-0.011642
-0.02026
-0.028578
-0.035751
-0.040006
-0.040191
-0.036714
-0.031351
-0.026342
-0.023123
-0.021792
-0.021394
-0.020603
-0.018559
-0.015236
-0.011213
-0.0073089
-0.0045276
-0.003578
-0.0044095
-0.0063295
-0.008292
-0.0092229
-0.008627
-0.0068299
-0.0046189
-0.0026815
-0.0012823
-0.00022474
0.00103
0.0029679
0.0057042
0.0089792
0.012095
0.013902
0.013597
0.011305
0.0080567
0.0051561
0.0033847
0.0026814
0.0021361
0.00054677
-0.0027161
-0.0072609
-0.011404
-0.013194
-0.01184
-0.0080006
-0.0030894
0.0016383
0.0056199
0.0089816
0.012148
0.015026
0.016713
0.016412
0.014107
0.010499
0.0068295
0.0050152
0.0065653
0.011513
0.01834
0.024911
0.029791
0.032407
0.032365
0.02967
0.024955
0.019199
0.013249
0.0075542
0.0023894
-0.0018932
-0.004989
-0.0066251
-0.0067628
-0.0055742
-0.0032834
-0.00018584
0.0033792
0.0071023
0.010618
0.013519
0.015501
0.016358
0.015963
0.014017
0.010312
0.0050806
-0.0010845
-0.0075376
-0.013626
-0.018187
-0.020116
-0.019267
-0.016485
-0.013074
-0.010359
-0.009127
-0.0092913
-0.01004
-0.010451
-0.010056
-0.0092021
-0.0091252
-0.010993
-0.015052
-0.020633
-0.026552
-0.030692
-0.030616
-0.025419
-0.016221
-0.0052035
0.0057104
0.015632
0.024423
0.031193
0.034539
0.03399
0.030419
0.025418
0.020762
0.018181
0.018505
0.021288
0.02522
0.028538
0.029795
0.028663
0.025882
0.02259
0.019659
0.01757
0.016556
0.016456
0.016323
0.014794
0.011124
0.0055832
-0.00090982
-0.0072014
-0.011537
-0.012299
-0.0092343
-0.0035135
0.0027335
0.0068113
0.0069658
0.0033122
-0.0027077
-0.0094018
-0.015259
-0.018471
-0.01778
-0.013402
-0.0068029
8.6567e-05
0.0058
0.0099404
0.013032
0.015922
0.019215
0.022759
0.025047
0.02427
0.019836
0.012632
0.0043625
-0.003161
-0.0088332
-0.012671
-0.015486
-0.018132
-0.020419
-0.021173
-0.0195
-0.015506
-0.010241
-0.0052462
-0.0016959
-0.00010779
-0.00044923
-0.0022902
-0.0050388
-0.0081581
-0.011319
-0.014426
-0.017478
-0.019999
-0.020998
-0.019858
-0.016804
-0.012664
-0.0083252
-0.0043989
-0.0012668
0.00096501
0.0023624
0.0029357
0.0027337
0.0019243
0.0005459
-0.0017053
-0.0050928
-0.0095277
-0.014582
-0.019466
-0.02327
-0.025565
-0.026589
-0.026795
-0.026432
-0.025469
-0.023738
-0.021203
-0.018031
-0.014305
-0.0098243
-0.0044184
0.001804
0.0082842
0.014018
0.018228
0.020667
0.021333
0.020487
0.018643
0.016367
0.014007
0.011458
0.0083838
0.0045972
0.00020427
-0.0042903
-0.0076578
-0.0086613
-0.0070198
-0.0034823
0.00077568
0.0048126
0.0078824
0.0088684
0.0069569
0.0023428
-0.0039424
-0.010701
-0.017149
-0.0231
-0.028755
-0.033779
-0.036748
-0.036451
-0.032931
-0.027339
-0.021122
-0.015286
-0.01011
-0.0052871
-0.00015547
0.0058645
0.012891
0.020433
0.027374
0.032694
0.036011
0.037274
0.036715
0.035015
0.033351
0.032764
0.033568
0.035264
0.036881
0.037649
0.037419
0.036729
0.036441
0.037118
0.038686
0.039879
0.038447
0.032943
0.023691
0.012303
0.00066354
-0.0094948
-0.01708
-0.022161
-0.025682
-0.028326
-0.029822
-0.02963
-0.027284
-0.022024
-0.013455
-0.0026369
0.0078933
0.01592
0.020827
0.023001
0.022622
0.019851
0.015196
0.0094309
0.0032804
-0.0028192
-0.0086739
-0.013911
-0.018064
-0.020933
-0.022456
-0.022681
-0.02187
-0.020132
-0.016982
-0.012001
-0.0057641
0.00037611
0.0052278
0.008268
0.0097507
0.01041
0.010977
0.011759
0.012496
0.01275
0.012304
0.011297
0.010083
0.0089857
0.0081418
0.0073762
0.0059871
0.0032052
-0.0011819
-0.0067374
-0.012355
-0.016176
-0.016787
-0.014164
-0.009329
-0.0035067
0.002426
0.0080978
0.013277
0.017634
0.021011
0.023572
0.025522
0.026601
0.026373
0.024749
0.022099
0.019066
0.016374
0.014487
0.013406
0.01277
0.012032
0.010734
0.0087582
0.0063103
0.0036676
0.00084109
-0.0023679
-0.0060972
-0.010295
-0.014766
-0.01924
-0.022839
-0.023986
-0.021716
-0.016401
-0.009371
-0.0020382
0.0047254
0.010173
0.013118
0.012851
0.0097754
0.0050927
6.0532e-05
-0.0045735
-0.0086971
-0.012601
-0.01664
-0.020987
-0.025276
-0.027906
-0.027067
-0.022265
-0.014539
-0.0056263
0.0028116
0.0094281
0.0137
0.016067
0.017257
0.017725
0.017735
0.017743
0.018311
0.019708
0.021788
0.023824
0.024468
0.022723
0.018634
0.0131
0.0072201
0.0017146
-0.0032537
-0.0077672
-0.011644
-0.014522
-0.015903
-0.015452
-0.013355
-0.010236
-0.0068374
-0.0038384
-0.0016398
-0.00024902
0.00043932
0.00047052
-0.00021952
-0.0018866
-0.0046872
-0.0084573
-0.012714
-0.016683
-0.019621
-0.021013
-0.020785
-0.019353
-0.017364
-0.015415
-0.014061
-0.013663
-0.014189
-0.015286
-0.016483
-0.017245
-0.017173
-0.016248
-0.014809
-0.013475
-0.01284
-0.013105
-0.014043
-0.015149
-0.015704
-0.015163
-0.013669
-0.012032
-0.011057
-0.01097
-0.011131
-0.010538
-0.0086135
-0.0055063
-0.0022042
-0.0002961
-0.00083942
-0.0037235
-0.0079645
-0.012428
-0.01625
-0.018596
-0.018951
-0.017649
-0.015672
-0.01396
-0.013012
-0.012881
-0.013291
-0.013864
-0.014317
-0.014256
-0.012992
-0.010083
-0.005698
-0.00045908
0.00496
0.01003
0.014144
0.01684
0.018155
0.018583
0.018806
0.019404
0.0206
0.022254
0.024059
0.025639
0.026229
0.025021
0.021842
0.01724
0.012069
0.0070574
0.0030746
0.0012749
0.0022234
0.0052893
0.0085751
0.01009
0.0090238
0.0059288
0.0022114
-0.00048243
-0.0011738
-1.8103e-05
0.0017319
0.0024197
0.0010975
-0.0020621
-0.0061553
-0.010143
-0.012953
-0.013795
-0.012659
-0.010277
-0.0078867
-0.0066716
-0.0070322
-0.0083297
-0.0094513
-0.0096258
-0.0087807
-0.0075706
-0.007148
-0.0083557
-0.011216
-0.014993
-0.018284
-0.019696
-0.018764
-0.016066
-0.012671
-0.0094721
-0.0068309
-0.0046389
-0.0028024
-0.0015086
-0.00094829
-0.0010902
-0.001696
-0.0024578
-0.0028768
-0.0020917
0.00051356
0.0048398
0.010214
0.01584
0.020936
0.024508
0.025913
0.025328
0.023507
0.021047
0.018113
0.014672
0.010729
0.0063967
0.0018608
-0.0026432
-0.0065877
-0.0093372
-0.01067
-0.010907
-0.010648
-0.010415
-0.010449
-0.010711
-0.011025
-0.011237
-0.011258
-0.010886
-0.0096503
-0.0070091
-0.0028209
0.0025357
0.0084256
0.014212
0.018866
0.021152
0.020613
0.017903
0.014648
0.012712
0.013059
0.015393
0.018457
0.020528
0.020444
0.018212
0.014724
0.011148
0.0087561
0.0085135
0.010485
0.013916
0.017794
0.021393
0.024261
0.025795
0.025572
0.023748
0.020968
0.018171
0.016248
0.015556
0.015835
0.016511
0.016987
0.016613
0.014953
0.012131
0.0089375
0.006338
0.0048295
0.0042721
0.0041404
0.0038565
0.0030682
0.0017678
0.00019087
-0.0013772
-0.0027459
-0.0038829
-0.00488
-0.0058644
-0.0069203
-0.0081111
-0.0097235
-0.012176
-0.015633
-0.019882
-0.024388
-0.028379
-0.031116
-0.03185
-0.030238
-0.026667
-0.022015
-0.017151
-0.012567
-0.0083223
-0.0043419
-0.00081879
0.0019593
0.0038016
0.0042398
0.0027386
-0.00071576
-0.0055416
-0.010925
-0.016234
-0.021222
-0.02597
-0.030577
-0.034237
-0.035397
-0.033198
-0.028104
-0.021468
-0.014749
-0.0088554
-0.0039071
0.00053185
0.0050202
0.0098946
0.015164
0.020619
0.026021
0.031085
0.034816
0.035861
0.033718
0.029079
0.023272
0.017482
0.012323
0.0078624
0.003817
-0.00017336
-0.0040794
-0.00678
-0.0068422
-0.0037917
0.0016325
0.008092
0.014438
0.020087
0.024865
0.02888
0.032201
0.034131
0.033695
0.030631
0.025625
0.019923
0.014645
0.010267
0.0066151
0.0031976
-0.0004126
-0.004373
-0.008518
-0.012087
-0.014014
-0.01381
-0.011853
-0.0090377
-0.006233
-0.0041101
-0.0030949
-0.0031765
-0.0039668
-0.004974
-0.00586
-0.0065937
-0.0075949
-0.0094286
-0.012289
-0.015479
-0.017547
-0.017507
-0.015713
-0.013423
-0.011791
-0.011253
-0.011473
-0.011446
-0.010085
-0.0070737
-0.0030728
0.00089327
0.0041358
0.0065677
0.0085455
0.010527
0.012795
0.015369
0.017958
0.019485
0.018562
0.014658
0.0084133
0.0011352
-0.0056108
-0.010489
-0.013107
-0.014077
-0.014625
-0.016112
-0.019287
-0.023969
-0.029152
-0.03344
-0.035966
-0.036812
-0.036625
-0.035823
-0.034462
-0.032502
-0.03
-0.027127
-0.023997
-0.02042
-0.016103
-0.01098
-0.005262
0.00058391
0.0054835
0.0081763
0.0082237
0.0064594
0.0047628
0.0048085
0.0070923
0.010966
0.015324
0.019281
0.022223
0.023667
0.023557
0.022325
0.020597
0.018558
0.015633
0.011187
0.0051788
-0.0014652
-0.0071349
-0.010129
-0.0097037
-0.0067781
-0.0031091
-0.00011067
0.0017426
0.0028
0.003729
0.005021
0.0065425
0.0074015
0.0067266
0.0043381
0.00075255
-0.0032414
-0.0069285
-0.0097401
-0.011468
-0.012342
-0.012822
-0.013319
-0.013979
-0.014493
-0.01431
-0.012989
-0.01026
-0.0063314
-0.0020609
0.0016035
0.0042236
0.0059768
0.0073701
0.0088713
0.010688
0.012728
0.014347
0.014437
0.012322
0.0082344
0.0030489
-0.002232
-0.0063369
-0.0078764
-0.0063373
-0.0024242
0.0021574
0.0055036
0.0066428
0.0058592
0.0041981
0.0030059
0.0035943
0.0064963
0.011179
0.015958
0.01869
0.018246
0.015047
0.010477
0.0059879
0.0026241
0.00073369
7.886e-05
0.00035967
0.0013602
0.002883
0.0046921
0.0064632
0.007924
0.0089996
0.0098211
0.010735
0.012149
0.014228
0.016475
0.01741
0.015667
0.011039
0.004446
-0.0027914
-0.0093978
-0.013746
-0.014551
-0.011844
-0.0069441
-0.002182
0.0001012
-0.0010063
-0.0044441
-0.0078471
-0.0092569
-0.0081814
-0.005523
-0.0031052
-0.0026428
-0.0047052
-0.0086403
-0.013245
-0.017476
-0.020515
-0.02182
-0.021454
-0.020017
-0.018284
-0.01687
-0.016012
-0.015781
-0.016463
-0.018296
-0.020985
-0.023488
-0.024744
-0.024416
-0.023142
-0.022225
-0.022686
-0.024691
-0.027682
-0.030718
-0.032529
-0.032148
-0.029549
-0.025588
-0.021611
-0.018737
-0.017288
-0.016794
-0.016115
-0.013939
-0.009665
-0.0036644
0.0031341
0.0097423
0.015202
0.018867
0.020517
0.020401
0.019233
0.017921
0.017103
0.016909
0.017091
0.017337
0.017503
0.0176
0.017539
0.017003
0.015742
0.013762
0.011282
0.0085939
0.0059307
0.0035134
0.0015862
0.00047575
0.00053088
0.0018014
0.0039622
0.0063953
0.0081422
0.0083885
0.007016
0.0046165
0.0020312
-0.00015503
-0.0018161
-0.0032083
-0.0048766
-0.0073535
-0.010794
-0.01494
-0.019254
-0.02262
-0.023671
-0.021859
-0.017777
-0.012633
-0.007519
-0.0029524
0.0011008
0.004658
0.0073405
0.0088053
0.0091773
0.0091853
0.009698
0.011158
0.013344
0.015246
0.0157
0.014248
0.011303
0.0077233
0.0043047
0.00189
0.0014599
0.003422
0.0071609
0.011206
0.014194
0.015636
0.015927
0.015851
0.016047
0.016735
0.017746
0.018526
0.018318
0.016721
0.013929
0.010564
0.0076322
0.0062317
0.0068086
0.0089146
0.011616
0.014117
0.016195
0.018147
0.020391
0.023063
0.025477
0.026398
0.025098
0.021822
0.017468
0.012933
0.008661
0.0046316
0.00060177
-0.0036447
-0.0081665
-0.012868
-0.017306
-0.02024
-0.020478
-0.017861
-0.013278
-0.0079975
-0.002995
0.0011923
0.0043211
0.0064927
0.0080742
0.0094749
0.01086
0.011916
0.012078
0.010793
0.0078833
0.0036989
-0.0011117
-0.005964
-0.010566
-0.014894
-0.018848
-0.022041
-0.023889
-0.023933
-0.021896
-0.017874
-0.012423
-0.0063549
-0.00075096
0.0033485
0.0055456
0.0060272
0.0052867
0.0039086
0.0023717
0.00099741
-6.6411e-05
-0.0008542
-0.0014845
-0.0019953
-0.0023371
-0.0024691
-0.0024122
-0.0022473
-0.0022159
-0.002759
-0.0041762
-0.0063161
-0.0082485
-0.0087731
-0.0074627
-0.0048481
-0.0018622
0.00074759
0.0026185
0.0037619
0.0043584
0.0044975
0.004206
0.0034035
0.0017973
-0.00082612
-0.0043637
-0.0084415
-0.012258
-0.014272
-0.013241
-0.0091594
-0.0031157
0.0034995
0.009604
0.014168
0.016352
0.016152
0.014475
0.012576
0.011551
0.01193
0.013525
0.015708
0.017844
0.019599
0.021024
0.022529
0.024604
0.027461
0.030914
0.034366
0.037025
0.03811
0.03723
0.034659
0.031026
0.026779
0.022099
0.017051
0.011702
0.0064092
0.0021389
-0.00022615
-0.00058005
0.00041352
0.0016569
0.0021263
0.0013997
-0.0002768
-0.0023198
-0.0041406
-0.0052745
-0.005567
-0.0052155
-0.0045985
-0.0041522
-0.0042965
-0.0052014
-0.0067135
-0.0085036
-0.010275
-0.01189
-0.013371
-0.014823
-0.016335
-0.017941
-0.019645
-0.021575
-0.023919
-0.026746
-0.029945
-0.033167
-0.035269
-0.034775
-0.031112
-0.024953
-0.017635
-0.010354
-0.0036753
0.0024684
0.0083027
0.013559
0.01772
0.02058
0.022451
0.023989
0.025755
0.027515
0.028018
0.026156
0.021838
0.015907
0.0094988
0.0035881
-0.00095762
-0.0036995
-0.0048885
-0.0053554
-0.0063614
-0.0089334
-0.01326
-0.018757
-0.02428
-0.027869
-0.027798
-0.023844
-0.01725
-0.0098014
-0.0034081
3.9211e-05
-0.00025012
-0.0035069
-0.0078264
-0.011284
-0.012974
-0.013189
-0.012929
-0.013179
-0.014369
-0.016195
-0.017508
-0.017025
-0.014289
-0.0098293
-0.0046592
0.00035279
0.0047886
0.0082623
0.0102
0.010364
0.0090964
0.0070169
0.0044529
0.0013796
-0.002192
-0.0054494
-0.0069667
-0.0059052
-0.0025478
0.0020634
0.006816
0.01065
0.012321
0.011147
0.0075033
0.0024921
-0.0026671
-0.0067637
-0.008924
-0.0091028
-0.0079882
-0.006484
-0.005222
-0.0043557
-0.0036095
-0.002577
-0.0010379
0.00094691
0.0030564
0.0045036
0.0043761
0.0023553
-0.0011224
-0.0051878
-0.0084726
-0.0092848
-0.0067976
-0.0016923
0.0042872
0.0095333
0.013387
0.015956
0.017237
0.017085
0.015595
0.013166
0.010319
0.0076629
0.005965
0.0056949
0.0066287
0.0077638
0.0079766
0.0067691
0.0044914
0.0022812
0.0013491
0.0021678
0.0043464
0.0069347
0.0087201
0.0088856
0.0074426
0.005045
0.0025969
0.0013501
0.0024674
0.0061921
0.011779
0.018012
0.023155
0.025136
0.022977
0.017374
0.010114
0.0032436
-0.0018587
-0.0050339
-0.0070657
-0.009072
-0.011966
-0.016033
-0.020945
-0.026113
-0.031054
-0.035291
-0.038046
-0.038849
-0.038022
-0.036416
-0.03484
-0.033695
-0.032879
-0.031937
-0.030459
-0.028328
-0.025514
-0.021844
-0.017238
-0.011866
-0.0060712
-0.00035827
0.0045113
0.0078296
0.0092207
0.008644
0.0062707
0.0025368
-0.0019635
-0.0067041
-0.011387
-0.015909
-0.019746
-0.021736
-0.021094
-0.018044
-0.013578
-0.0088746
-0.0052612
-0.0039051
-0.0050702
-0.00805
-0.01163
-0.014592
-0.016267
-0.016588
-0.015816
-0.014258
-0.012144
-0.0096497
-0.0069189
-0.0042939
-0.0027381
-0.0032117
-0.0058864
-0.010111
-0.014914
-0.019546
-0.023714
-0.027148
-0.029034
-0.028679
-0.026161
-0.022247
-0.017911
-0.014007
-0.011048
-0.0090301
-0.0075671
-0.0061455
-0.0043084
-0.0018587
0.0010736
0.0040461
0.0065068
0.0080476
0.0083054
0.0071421
0.0049231
0.0028337
0.0023273
0.0040805
0.0076852
0.011924
0.015403
0.017368
0.017978
0.018033
0.018407
0.019521
0.021173
0.022833
0.024076
0.024802
0.02519
0.025514
0.025898
0.026094
0.025635
0.024172
0.021729
0.018659
0.015477
0.012986
0.011984
0.012675
0.01451
0.016593
0.018173
0.018846
0.018646
0.017844
0.016587
0.01491
0.013051
0.011461
0.010572
0.010631
0.011566
0.013039
0.014531
0.015455
0.015503
0.014781
0.01354
0.011685
0.0089286
0.0051869
0.00068749
-0.0041745
-0.0089148
-0.012836
-0.015402
-0.01662
-0.016972
-0.017019
-0.017043
-0.017037
-0.016739
-0.0156
-0.013203
-0.0096053
-0.0052815
-0.00097124
0.0025636
0.0049772
0.0064339
0.0071841
0.0072595
0.0063754
0.0040822
0.00025193
-0.0047614
-0.010263
-0.015248
-0.018772
-0.020093
-0.018885
-0.015541
-0.010964
-0.0060717
-0.0014312
0.0024748
0.0047791
0.0048452
0.002828
-0.00024015
-0.0023983
-0.0018495
0.0018545
0.0077977
0.014513
0.020696
0.025378
0.028045
0.028741
0.028038
0.026661
0.025018
0.023154
0.020972
0.01843
0.0156
0.012625
0.0096463
0.0067381
0.0039069
0.0012497
-0.00067161
-0.001182
-0.00010004
0.0021579
0.0046761
0.0060145
0.0050344
0.001649
-0.0032272
-0.0077482
-0.0097973
-0.0084005
-0.0041598
0.0014211
0.0068323
0.010583
0.011446
0.0092594
0.0049484
-0.00012785
-0.0044998
-0.0067099
-0.0061531
-0.0035074
-0.00024801
0.002173
0.0029236
0.0020351
3.0388e-05
-0.0025039
-0.005143
-0.0074591
-0.0086443
-0.0080273
-0.0056207
-0.0020654
0.0015809
0.0041356
0.0049794
0.0043299
0.0030294
0.0024798
0.0040216
0.008035
0.013592
0.018385
0.020144
0.018173
0.013461
0.0078081
0.0031389
0.00083146
0.0010464
0.0028427
0.0049113
0.0063327
0.0068147
0.0065572
0.0059911
0.0054954
0.0052325
0.0051791
0.0052621
0.0054196
0.0056117
0.0057703
0.0054822
0.0040819
0.0012388
-0.002811
-0.007465
-0.011787
-0.014467
-0.014667
-0.012579
-0.0091818
-0.0057277
-0.003254
-0.0021107
-0.0019155
-0.001702
-0.0004292
0.0023444
0.006318
0.010733
0.0143
0.015515
0.013749
0.0095862
0.0042957
-0.00071751
-0.0037919
-0.0037184
-0.00055408
0.0045643
0.010227
0.015259
0.018176
0.017654
0.01358
0.007065
-0.00034755
-0.0075034
-0.014006
-0.020074
-0.026044
-0.031619
-0.036011
-0.038383
-0.038187
-0.035602
-0.031388
-0.026423
-0.02135
-0.016437
-0.011648
-0.0068208
-0.0018668
0.0028582
0.0066007
0.008873
0.0098008
0.0099578
0.0099755
0.010243
0.010914
0.012061
0.013659
0.015575
0.01763
0.019667
0.021507
0.022772
0.023067
0.022267
0.020595
0.01847
0.016279
0.014227
0.012322
0.010462
0.008524
0.0063466
0.0037847
0.00082452
-0.0024067
-0.0056197
-0.0083142
-0.010104
-0.010989
-0.011308
-0.01153
-0.012037
-0.012952
-0.014162
-0.015416
-0.016257
-0.016161
-0.014865
-0.012203
-0.0081144
-0.0028346
0.0031619
0.0093902
0.015496
0.020998
0.025306
0.028031
0.029027
0.028333
0.026105
0.0227
0.018609
0.014294
0.010176
0.0066379
0.003828
0.0015971
-0.00035859
-0.0021752
-0.0034634
-0.0036725
-0.0026246
-0.00062101
0.0018004
0.0041788
0.0063119
0.0083436
0.010766
0.014029
0.018198
0.022899
0.027341
0.030453
0.031341
0.029801
0.026418
0.022181
0.017973
0.014257
0.011016
0.0078927
0.0044645
0.00052348
-0.0038504
-0.0084067
-0.012772
-0.016386
-0.018699
-0.019254
-0.017991
-0.015367
-0.012098
-0.0087855
-0.0057359
-0.0032358
-0.0017584
-0.0015709
-0.0024919
-0.0038829
-0.0046716
-0.0039757
-0.0016582
0.0016186
0.0043063
0.0047251
0.0022471
-0.0024763
-0.008071
-0.012765
-0.015015
-0.014425
-0.011796
-0.0085332
-0.0061511
-0.0055843
-0.006781
-0.0089443
-0.010954
-0.011896
-0.011532
-0.010295
-0.0090631
-0.0086581
-0.0093662
-0.010905
-0.012678
-0.013795
-0.013368
-0.011129
-0.0075377
-0.003389
0.00065395
0.0042855
0.007382
0.0098827
0.011699
0.012471
0.011851
0.0098758
0.0069799
0.0037294
0.00054561
-0.0024183
-0.0052288
-0.008036
-0.010945
-0.013787
-0.015906
-0.016671
-0.015994
-0.014401
-0.012947
-0.01264
-0.013823
-0.016119
-0.018827
-0.021329
-0.023093
-0.02371
-0.023171
-0.021806
-0.019952
-0.017807
-0.015462
-0.012975
-0.010486
-0.0081826
-0.0061729
-0.004525
-0.0034428
-0.003104
-0.0035726
-0.005018
-0.0075728
-0.011103
-0.015241
-0.019571
-0.023543
-0.026191
-0.026753
-0.025273
-0.022528
-0.01963
-0.017455
-0.016319
-0.016103
-0.016451
-0.01698
-0.017448
-0.017795
-0.018111
-0.018627
-0.01961
-0.021154
-0.023128
-0.025272
-0.027066
-0.027568
-0.026098
-0.02281
-0.018774
-0.015338
-0.01326
-0.012443
-0.01221
-0.01157
-0.0096534
-0.0062494
-0.0020119
0.0019216
0.0045434
0.0052894
0.0040847
0.0012538
-0.0025816
-0.0064802
-0.0092686
-0.01026
-0.0096496
-0.0084946
-0.0081585
-0.0094181
-0.012108
-0.015298
-0.017926
-0.019345
-0.019199
-0.017453
-0.014482
-0.010887
-0.0072321
-0.0041512
-0.0023235
-0.0020007
-0.0028612
-0.0042526
-0.0052933
-0.0050441
-0.0030941
0.00024021
0.0041565
0.007735
0.010417
0.012124
0.012891
0.012742
0.01179
0.010286
0.0086428
0.0072917
0.0064424
0.0060221
0.0057794
0.0052984
0.0041173
0.0020497
-0.00072237
-0.0037449
-0.0062051
-0.0072658
-0.0066689
-0.0048305
-0.0024819
-0.00027823
0.0012707
0.0019113
0.0017583
0.0011748
0.0005824
0.00032784
0.00053845
0.0010804
0.0016164
0.0018259
0.0016016
0.0010749
0.00075567
0.0015327
0.0039951
0.008012
0.012741
0.016936
0.019716
0.02088
0.020619
0.019341
0.017531
0.015579
0.013666
0.011777
0.0098121
0.0077035
0.0055483
0.0036297
0.0021836
0.0012303
0.00059391
2.8954e-05
-0.00064341
-0.0014715
-0.0023949
-0.0032744
-0.0039468
-0.0043363
-0.0044929
-0.0045612
-0.0047105
-0.0050375
-0.0055306
-0.0060647
-0.0062748
-0.0057139
-0.004217
-0.0019939
0.00046928
0.0025452
0.0038178
0.0042958
0.0043228
0.0044377
0.0051542
0.0066619
0.0087715
0.010962
0.012493
0.01288
0.012181
0.010856
0.0094212
0.008075
0.0066062
0.0047074
0.0022588
-0.00055251
-0.0032259
-0.0052682
-0.0064168
-0.006662
-0.0062371
-0.0054906
-0.0047136
-0.0040019
-0.0032121
-0.002138
-0.00069646
0.0010335
0.0028131
0.004086
0.004257
0.003163
0.0011841
-0.0009415
-0.0025702
-0.003491
-0.0040205
-0.0048567
-0.0065041
-0.0087787
-0.011017
-0.012521
-0.012905
-0.012273
-0.011079
-0.0098771
-0.0090775
-0.0087836
-0.0088284
-0.0089495
-0.0089425
-0.0085817
-0.007562
-0.0057412
-0.0032619
-0.00050022
0.0020493
0.0040485
0.0054747
0.0065038
0.0073219
0.0080537
0.0087547
0.009459
0.010277
0.011342
0.012699
0.014278
0.01586
0.016909
0.016883
0.015664
0.013591
0.011193
0.0088845
0.0068228
0.0049392
0.0030732
0.001101
-0.0010051
-0.0031802
-0.0050503
-0.0057498
-0.0045975
-0.0016419
0.0024465
0.0068363
0.010704
0.013049
0.013241
0.011475
0.0086268
0.0058373
0.0039485
0.0032542
0.00353
0.0042737
0.0050212
0.0055469
0.0058746
0.0061579
0.0065392
0.0070649
0.0076272
0.0079854
0.0079566
0.0075471
0.0069913
0.0066338
0.00669
0.0071434
0.0078151
0.0085034
0.00909
0.0095658
0.0099919
0.010436
0.010862
0.011024
0.010672
0.0097602
0.0084537
0.0070126
0.0058193
0.0054015
0.0060614
0.0076684
0.0097656
0.011774
0.013284
0.014207
0.014563
0.014291
0.013262
0.011432
0.0089514
0.0061153
0.0034237
0.0015863
0.0010363
0.0016554
0.0029298
0.0042166
0.0049398
0.0048537
0.0041102
0.0030765
0.0020867
0.0012928
0.00066154
6.791e-05
-0.00059823
-0.0013743
-0.0022279
-0.0031039
-0.0040855
-0.005476
-0.0075254
-0.010223
-0.01332
-0.016364
-0.018821
-0.02031
-0.02046
-0.019066
-0.016342
-0.012824
-0.0091414
-0.0061341
-0.004671
-0.0050358
-0.0067483
-0.0085368
-0.0088385
-0.0068491
-0.0028858
0.0020501
0.0069683
0.011202
0.014083
0.01514
0.014502
0.012866
0.011077
0.0096781
0.0087586
0.008088
0.0073351
0.0061922
0.0045237
0.0024472
0.00034418
-0.0013477
-0.0023523
-0.0025603
-0.0020679
-0.0011375
-5.9024e-05
0.00097558
0.0019119
0.0027378
0.0033374
0.0035785
0.0034445
0.0030415
0.0024732
0.0017321
0.00077001
-0.00041396
-0.0017427
-0.0029444
-0.0035683
-0.0033354
-0.0023276
-0.0009058
0.00038068
0.0010161
0.00082591
1.2953e-05
-0.0010323
-0.0017833
-0.0016068
-0.00017848
0.0023153
0.0053622
0.0083772
0.010788
0.012281
0.012953
0.013178
0.013352
0.013695
0.014168
0.014413
0.014028
0.012882
0.011168
0.0092647
0.0076016
0.0064432
0.0058232
0.0058374
0.0066867
0.0084104
0.010797
0.013506
0.016204
0.01862
0.020543
0.021728
0.022047
0.02154
0.020291
0.018444
0.016212
0.013808
0.01138
0.0089859
0.0066267
0.0044048
0.0025823
0.0013465
0.00065997
0.00036274
0.00039042
0.00075436
0.0014334
0.002341
0.003365
0.0044357
0.0055402
0.0066898
0.00786
0.0088479
0.0093525
0.0091606
0.0081697
0.0064791
0.0044278
0.0024134
0.00066976
-0.0008016
-0.0021861
-0.0037228
-0.0055328
-0.0073762
-0.0085476
-0.0084378
-0.006994
-0.0046722
-0.0020876
0.00030514
0.0023092
0.0039533
0.0052776
0.0061392
0.006327
0.0054946
0.0033508
-2.74e-05
-0.0041858
-0.0083291
-0.011589
-0.013562
-0.014464
-0.014865
-0.015296
-0.015916
-0.016438
-0.016393
-0.015462
-0.013688
-0.011403
-0.0090011
-0.0067377
-0.0046679
-0.0027024
-0.00071662
0.0013651
0.0035427
0.005756
0.0077623
0.009083
0.0093996
0.0088372
0.007845
0.0068783
0.0061706
0.0056632
0.0051169
0.0043268
0.0032464
0.0019779
0.0008304
0.00043075
0.0012973
0.0034622
0.0065054
0.009855
0.013072
0.015829
0.017873
0.019171
0.01986
0.020106
0.020069
0.019878
0.01962
0.019267
0.018613
0.017419
0.015491
0.012769
0.0094625
0.0061729
0.0035714
0.0019468
0.0011726
0.00098511
0.0011352
0.0014442
0.0018789
0.002551
0.0035608
0.0048925
0.006426
0.0080144
0.0095296
0.010839
0.011863
0.012629
0.013244
0.013825
0.014435
0.014963
0.01512
0.014706
0.013752
0.012478
0.011132
0.0098346
0.0084997
0.0069733
0.0051831
0.0032394
0.0014383
4.0139e-05
-0.00088108
-0.0012907
-0.0011127
-0.00036257
0.00082702
0.00232
0.0040224
0.0058659
0.0077289
0.0091356
0.0094343
0.0083508
0.0061572
0.0034373
0.00083187
-0.0011282
-0.0022631
-0.0027717
-0.0030021
-0.0030773
-0.0028449
-0.0021391
-0.00095696
0.00054503
0.0021576
0.0037229
0.0050856
0.0059486
0.0060711
0.0054772
0.0044249
0.0032324
0.0021151
0.001076
-9.8721e-05
-0.0016303
-0.0035728
-0.0058075
-0.0081861
-0.010685
-0.013192
-0.015295
-0.016623
-0.017081
-0.016796
-0.016016
-0.015014
-0.013986
-0.013011
-0.012169
-0.011836
-0.012466
-0.014182
-0.016707
-0.019514
-0.021974
-0.023672
-0.024581
-0.024853
-0.024637
-0.024074
-0.023305
-0.022468
-0.021691
-0.021036
-0.020491
-0.019968
-0.019301
-0.018353
-0.017167
-0.015969
-0.014981
-0.014277
-0.013783
-0.013359
-0.012884
-0.012244
-0.011327
-0.010108
-0.0086633
-0.0071196
-0.0055908
-0.0042355
-0.0032796
-0.0028423
-0.002847
-0.0030889
-0.0033533
-0.0034205
-0.0030877
-0.0022983
-0.0011671
0.0001105
0.0013716
0.0025269
0.0035266
0.0043652
0.0050849
0.0057497
0.0064117
0.0070949
0.0078381
0.0087436
0.0098965
0.011283
0.01267
0.013588
0.013638
0.012689
0.010937
0.0087687
0.006544
0.0044535
0.0025038
0.00059748
-0.0013656
-0.0034266
-0.005545
-0.0074853
-0.0088683
-0.0094866
-0.0094452
-0.0090539
-0.0086259
-0.0083351
-0.0081913
-0.0081055
-0.0079815
-0.0078183
-0.0077996
-0.0081469
-0.008933
-0.010051
-0.011277
-0.012186
-0.012283
-0.011377
-0.0096806
-0.0076634
-0.0058631
-0.0046408
-0.0041387
-0.0043159
-0.0049702
-0.0058231
-0.0065972
-0.007123
-0.0073987
-0.0075828
-0.0079172
-0.0085595
-0.0095
-0.010607
-0.011726
-0.012675
-0.013148
-0.012917
-0.012013
-0.010693
-0.0093134
-0.0082792
-0.0078488
-0.0079957
-0.0084799
-0.0090212
-0.0093341
-0.0090239
-0.0078216
-0.0057919
-0.003278
-0.00079816
0.0011465
0.0023576
0.0029915
0.0033849
0.0038321
0.0044596
0.0052126
0.0058665
0.0061412
0.0057856
0.004679
0.0029314
0.00086849
-0.00094597
-0.0019823
-0.0020928
-0.0015371
-0.00080637
-0.00037611
-0.00046031
-0.00096594
-0.0015959
-0.0020129
-0.0020383
-0.0017186
-0.0012671
-0.0009521
-0.00093681
-0.0012091
-0.0016352
-0.0020654
-0.0024137
-0.0026765
-0.0029024
-0.0031455
-0.0034333
-0.0037605
-0.0041009
-0.0043699
-0.0043607
-0.0038951
-0.0029666
-0.0016869
-0.00017618
0.001469
0.0031474
0.004543
0.0051891
0.0048597
0.0037223
0.0022677
0.0011301
0.00071774
0.001023
0.0017356
0.0024799
0.0029293
0.0028863
0.0023396
0.001359
4.3406e-05
-0.0014822
-0.003045
-0.0044436
-0.0055662
-0.0064403
-0.0071842
-0.0079198
-0.0087065
-0.0093899
-0.0095068
-0.0086665
-0.0068639
-0.0044397
-0.0018332
0.0006397
0.0027971
0.0045363
0.0057722
0.0063969
0.0064065
0.005939
0.0051997
0.0043714
0.0035589
0.0027845
0.0020208
0.0012391
0.00050361
-1.1969e-05
-0.00017856
-1.0565e-05
0.00036186
0.00078416
0.0011552
0.0014439
0.0015727
0.0013576
0.00067606
-0.0004256
-0.0017737
-0.0031787
-0.0045235
-0.0057868
-0.007011
-0.0082508
-0.0095434
-0.010956
-0.012595
-0.014508
-0.016603
-0.018651
-0.02039
-0.021487
-0.021712
-0.021128
-0.020043
-0.018814
-0.017676
-0.016688
-0.015756
-0.014624
-0.013008
-0.010817
-0.0081955
-0.0054358
-0.002975
-0.00119
-0.00018734
6.1923e-05
-0.00036011
-0.0012834
-0.0024868
-0.0037791
-0.0050536
-0.0062219
-0.0070041
-0.0070782
-0.0063663
-0.0051092
-0.0037499
-0.0026626
-0.0019689
-0.0015558
-0.0012053
-0.00061962
0.00053477
0.002343
0.0044232
0.0061916
0.0071713
0.0070809
0.0059773
0.0042171
0.0022984
0.00076219
-5.637e-05
-0.0001877
7.1839e-05
0.00034843
0.00027599
-0.00035591
-0.0014993
-0.0028913
-0.0041721
-0.005094
-0.0056375
-0.0059481
-0.0061152
-0.006067
-0.0057104
-0.0050711
-0.0043039
-0.0035793
-0.0029864
-0.0025151
-0.0020939
-0.0015823
-0.00077267
0.0004573
0.002055
0.0037495
0.0050803
0.0057098
0.0056363
0.0051315
0.0045609
0.0042415
0.0043082
0.004688
0.0051982
0.0056737
0.0060384
0.0062717
0.0063633
0.0063263
0.0061951
0.0059428
0.0054474
0.0046195
0.0034872
0.0021719
0.00081263
-0.00047369
-0.0015981
-0.0025382
-0.0033425
-0.0040912
-0.0048354
-0.0055237
-0.0060469
-0.0063474
-0.0064588
-0.006479
-0.0065167
-0.0066358
-0.0068374
-0.0070805
-0.007294
-0.0073723
-0.0072419
-0.0069144
-0.0064687
-0.0059996
-0.005593
-0.0053048
-0.0051358
-0.0050414
-0.004965
-0.0048331
-0.0045004
-0.0038386
-0.0028253
-0.001465
0.000243
0.0021914
0.0041451
0.005894
0.0073168
0.0083619
0.0090553
0.0094125
0.0094307
0.0091529
0.0086775
0.0081169
0.0075529
0.0070181
0.0065052
0.0059912
0.005459
0.0049064
0.004354
0.0038663
0.0035367
0.0034965
0.0038378
0.0045293
0.0054371
0.0064073
0.0073377
0.0081743
0.0088528
0.0093228
0.0094687
0.009035
0.0078594
0.0060305
0.0038228
0.0015292
-0.00067163
-0.0027485
-0.0047452
-0.0066056
-0.0081507
-0.0091063
-0.0092251
-0.0085069
-0.0072107
-0.0056899
-0.0042168
-0.0029704
-0.0021011
-0.0016535
-0.001532
-0.001568
-0.0016145
-0.0015952
-0.0014454
-0.0010782
-0.00045945
0.00032109
0.0010525
0.0015502
0.0017557
0.0015802
0.0007933
-0.00074318
-0.0029254
-0.005476
-0.0081016
-0.010513
-0.012396
-0.013603
-0.014202
-0.014292
-0.013954
-0.013297
-0.012449
-0.011523
-0.010588
-0.0096669
-0.0087506
-0.0078323
-0.0069736
-0.0062909
-0.00585
-0.0056193
-0.0055024
-0.0054003
-0.005244
-0.0049583
-0.004479
-0.0038057
-0.0030013
-0.0021693
-0.001458
-0.00098832
-0.00077385
-0.00072823
-0.00069881
-0.00048775
3.4517e-05
0.00085356
0.0018461
0.0028701
0.0038376
0.0047199
0.0054698
0.0060245
0.006355
0.0063348
0.0057164
0.0043835
0.0025635
0.00082056
-0.00033822
-0.0007722
-0.00069461
-0.00045776
-0.00033284
-0.00040881
-0.00063914
-0.00094884
-0.0012839
-0.0016209
-0.001961
-0.0023143
-0.0026541
-0.0028473
-0.0027488
-0.0023009
-0.001502
-0.00039959
0.00090849
0.0023103
0.0037225
0.0051097
0.0064467
0.0076568
0.0086496
0.0093305
0.0096485
0.0096536
0.0094729
0.0092419
0.009072
0.0090471
0.0091903
0.0094582
0.009778
0.010086
0.010313
0.010369
0.010212
0.0098811
0.0094589
0.0090338
0.0086881
0.0084734
0.008384
0.00837
0.0083727
0.0083554
0.0083032
0.0081458
0.0077464
0.0070264
0.0060281
0.0048885
0.0038148
0.0030187
0.0027116
0.0030352
0.0039405
0.0052136
0.0066005
0.0078992
0.0089
0.0094057
0.0093792
0.0089611
0.0082836
0.0073051
0.0059351
0.0041777
0.0021492
9.0947e-06
-0.0021124
-0.0041201
-0.0058337
-0.00689
-0.00698
-0.0059748
-0.0040007
-0.0014104
0.0012913
0.0035937
0.0052492
0.0062911
0.0068089
0.0068949
0.0066711
0.0062724
0.0058098
0.0054036
0.0052633
0.0055588
0.0062901
0.0073057
0.0084107
0.0094678
0.010385
0.010999
0.011161
0.010874
0.010289
0.0095987
0.0089743
0.0085427
0.0083422
0.0083161
0.0083628
0.0083787
0.0082446
0.0078747
0.0072755
0.0065336
0.0057984
0.0052865
0.0051505
0.0053787
0.0058281
0.0063155
0.0066599
0.0067483
0.0065713
0.0061113
0.005315
0.0041847
0.0044281
0.0031088
0.0020833
0.001525
0.0014685
0.0017963
0.0023634
0.0031675
0.0042819
0.0056891
0.0072011
0.0085836
0.0096432
0.01023
0.010324
0.009999
0.0093061
0.0082971
0.0070586
0.0057666
0.0047789
0.0044211
0.0047481
0.0055472
0.0064987
0.0073047
0.0077937
0.0079761
0.0079892
0.0079882
0.0080631
0.0082064
0.008264
0.0080109
0.0073365
0.0063102
0.0051175
0.0039857
0.0030937
0.0024828
0.0020956
0.0019601
0.0021845
0.0028074
0.0037435
0.0048372
0.0059471
0.0070083
0.0080635
0.0092076
0.010497
0.011909
0.013295
0.014437
0.015192
0.015407
0.014878
0.013561
0.011648
0.0094596
0.0073678
0.0057106
0.0046149
0.0039591
0.0034952
0.0030073
0.0024013
0.0017007
0.00098442
0.00032127
-0.00020845
-0.00043543
-0.00022284
0.0004073
0.0012509
0.0020036
0.0024536
0.0025824
0.0025201
0.0024317
0.0024425
0.0026245
0.0029773
0.0034377
0.003878
0.004111
0.0040135
0.0036075
0.0030247
0.0024282
0.0019432
0.0016592
0.0016813
0.0020578
0.0027266
0.003553
0.0044045
0.0051588
0.0056508
0.0057679
0.0055373
0.0050823
0.0044805
0.0037307
0.0028213
0.0017749
0.00064576
-0.00050665
-0.001641
-0.0026967
-0.0035019
-0.0038883
-0.0038389
-0.0034905
-0.0030352
-0.0026169
-0.0022859
-0.0020152
-0.001749
-0.001447
-0.0011034
-0.00076824
-0.00055102
-0.00053649
-0.00072047
-0.00097151
-0.0010177
-0.00063392
0.00020251
0.0013318
0.0025287
0.0036091
0.0044743
0.005013
0.0051093
0.0046962
0.0038026
0.0025687
0.0012292
9.157e-05
-0.00063181
-0.00093929
-0.00099407
-0.00099546
-0.001058
-0.0010657
-0.00071624
0.00019574
0.0016202
0.0032462
0.0046664
0.0056203
0.0060115
0.0058635
0.0052673
0.0043173
0.0031175
0.0017759
0.00038188
-0.0010022
-0.0022983
-0.0034243
-0.004355
-0.0051342
-0.0058396
-0.0065373
-0.0072568
-0.007993
-0.0087095
-0.0093214
-0.009748
-0.0099783
-0.010073
-0.010117
-0.010177
-0.010275
-0.010396
-0.010516
-0.010616
-0.010692
-0.010736
-0.010666
-0.01037
-0.0098145
-0.0090617
-0.0082255
-0.0074135
-0.0067267
-0.00623
-0.0059137
-0.0057088
-0.0055343
-0.0053382
-0.0051094
-0.0048657
-0.0046307
-0.0044182
-0.004227
-0.0040463
-0.0038651
-0.0036776
-0.0034848
-0.0032914
-0.0031021
-0.0029192
-0.0027421
-0.0025688
-0.0024043
-0.0023032
-0.0023545
-0.0026004
-0.0030045
-0.0034669
-0.0038668
-0.0041329
-0.0042722
-0.004343
-0.0044091
-0.0045051
-0.0046307
-0.0047654
-0.0048878
-0.0049885
-0.0050711
-0.0051526
-0.0053097
-0.0056674
-0.0062845
-0.0070622
-0.0077901
-0.0083034
-0.0085473
-0.008534
-0.008324
-0.0080046
-0.007655
-0.0073212
-0.0070251
-0.006778
-0.0065772
-0.006408
-0.0062495
-0.006054
-0.005745
-0.0052795
-0.0046802
-0.004013
-0.0033451
-0.0027058
-0.0020753
-0.0014173
-0.0007142
2.3698e-05
0.00076538
0.0014281
0.0018815
0.0020537
0.0019839
0.0017842
0.0015684
0.0013983
0.0012491
0.0010302
0.0006707
0.00018069
-0.00033618
-0.0007567
-0.0010222
-0.0011567
-0.0012305
-0.0013091
-0.0013964
-0.001399
-0.0012147
-0.00082105
-0.00028239
0.00027523
0.00067269
0.00077995
0.00059957
0.00024298
-0.00015257
-0.00049609
-0.00076678
-0.0009942
-0.001226
-0.0015177
-0.0019065
-0.0023857
-0.0029128
-0.0034387
-0.0039318
-0.0043831
-0.0047451
-0.0048759
-0.0046625
-0.0041234
-0.0033883
-0.0026113
-0.0018953
-0.0012739
-0.00076345
-0.00038243
-0.00012537
4.2589e-05
0.00016707
0.00028248
0.00038853
0.00044296
0.00040579
0.00027522
8.5301e-05
-0.00011901
-0.00030203
-0.00042547
-0.0004525
-0.00037802
-0.00023283
-6.2358e-05
9.771e-05
0.00023283
0.00033528
0.00037929
0.00034194
0.00022771
6.5918e-05
-0.00010801
-0.00026957
-0.00041023
-0.00053104
-0.00063715
-0.00073442
-0.00082705
-0.00091929
-0.001021
-0.001141
-0.0012787
-0.0014254
-0.0015697
-0.0017014
-0.0017995
-0.0018372
-0.0018065
-0.0017245
-0.0016207
-0.0015204
-0.0014359
-0.0013728
-0.0013341
-0.0013171
-0.0013138
-0.0013157
-0.0013218
-0.0013394
-0.0013736
-0.0014223
-0.0014769
-0.0015159
-0.0015003
-0.0014049
-0.0012386
-0.0010356
-0.00083338
-0.0006605
-0.00053285
-0.00044925
-0.00040247
-0.00039041
-0.00041001
-0.00045258
-0.00050611
-0.00056012
-0.00060882
-0.00065121
-0.00068899
-0.00072391
-0.00075101
-0.00075461
-0.00072295
-0.00065901
-0.00057759
-0.00049784
-0.00043676
-0.00040114
-0.00038603
-0.0003805
-0.00037494
-0.00036502
-0.00035159
-0.0003379
-0.0003268
-0.00032108
-0.00032557
-0.00034319
-0.00037173
-0.00040525
-0.00043765
-0.00046539
-0.00048862
-0.00051113
-0.00053673
-0.00056606
-0.0005967
-0.00062514
-0.00064887
-0.00066716
-0.00068073
-0.00069077
-0.00069821
-0.0007028
-0.00070211
-0.00069361
-0.00067721
-0.0006553
-0.00063111
-0.000607
-0.00058385
-0.00056133
-0.00053824
-0.00051183
-0.00047959
-0.00044165
-0.00040064
-0.00035987
-0.00032165
-0.00028665
-0.00025432
-0.00022388
-0.0001959
-0.00017196
-0.00015269
-0.00013709
-0.00012328
-0.00010954
-9.5027e-05
-7.9721e-05
-6.4068e-05
-4.8511e-05
-3.3246e-05
-1.8215e-05
-3.0347e-06
1.3307e-05
3.1651e-05
5.1822e-05
7.2761e-05
9.2959e-05
0.000111
0.00012639
0.00013972
0.00015207
0.00016434
0.00017714
0.00019088
0.00020558
0.00022073
0.0002357
0.00024999
0.00026333
0.00027535
0.00028579
0.00029484
0.0003031
0.00031121
0.00031962
0.00032861
0.00033825
0.00034833
0.00035849
0.00036846
0.00037811
0.00038744
0.00039655
0.00040549
0.00041429
0.00042289
0.00043122
0.00043929
0.00044718
0.00045494
0.00046264
0.00047029
0.00047787
0.0004854
0.00049288
0.00050033
0.00050769
0.00051494
0.00052206
0.00052903
0.00053585
0.00054251
0.00054905
0.00055549
0.00056185
0.00056814
0.00057435
0.00058047
0.0005865
0.00059246
0.00059833
0.00060413
0.00060986
0.00061552
0.00062109
0.00062658
0.00063198
0.00063728
0.00064249
0.00064761
0.00065265
0.00065761
0.00066248
0.00066727
0.00067198
0.0006766
0.00068115
0.00068562
0.00069001
0.00069432
0.00069854
0.00070269
0.00070675
0.00071073
0.00071463
0.00071845
0.00072219
0.00072585
0.00072943
0.00073293
0.00073634
0.00073967
0.00074293
0.00074609
0.00074918
0.00075219
0.00075511
0.00075795
0.0007607
0.00076338
0.00076597
0.00076847
0.0007709
0.00077324
