0.0021336
0.0021313
0.002129
0.0021266
0.0021242
0.0021218
0.0021193
0.0021167
0.0021141
0.0021115
0.0021088
0.002106
0.0021032
0.0021004
0.0020975
0.0020946
0.0020916
0.0020883
0.0020851
0.0020822
0.0020792
0.0020757
0.0020718
0.0020686
0.002067
0.0020661
0.0020643
0.0020605
0.0020553
0.0020506
0.0020501
0.002051
0.0020485
0.0020395
0.0020266
0.0020171
0.0020188
0.0020313
0.0020323
0.0020173
0.0020101
0.0020173
0.0020257
0.002017
0.001993
0.0019725
0.0019623
0.0019583
0.0019706
0.0019918
0.0020004
0.0019972
0.0019939
0.0019856
0.0019708
0.0019653
0.0019707
0.0019781
0.0019864
0.0019872
0.0019541
0.0019185
0.0019163
0.0019222
0.001913
0.0019023
0.0018946
0.0018848
0.0018878
0.0018875
0.0018531
0.0018046
0.0017728
0.0017769
0.0018864
0.0020266
0.0020376
0.0019794
0.0019757
0.00201
0.0020285
0.0020267
0.0020491
0.0021121
0.0021377
0.002076
0.0019028
0.0018395
0.0020157
0.0021927
0.0021093
0.0017828
0.0015585
0.0015808
0.0017106
0.0017884
0.0017948
0.0017525
0.001715
0.0017175
0.0017677
0.0018289
0.0018696
0.001897
0.0019308
0.0019771
0.0020288
0.0020792
0.0021282
0.0021638
0.0021078
0.0019882
0.0018862
0.0018155
0.0017421
0.0016455
0.0015339
0.0014219
0.0013137
0.0012044
0.0010897
0.00097036
0.00090702
0.0010264
0.0012345
0.0013937
0.0015023
0.0015979
0.0015584
0.0014176
0.0013054
0.0012443
0.001179
0.0010776
0.0010106
0.0011224
0.0013295
0.001493
0.0016042
0.0016755
0.0016294
0.0015279
0.0014635
0.0014329
0.0013891
0.0013152
0.0012284
0.0011469
0.0010969
0.0012013
0.001407
0.0015795
0.0016644
0.0015343
0.0012915
0.0011147
0.0011039
0.0013697
0.001722
0.0019703
0.0021476
0.0023639
0.0026041
0.0025817
0.0023492
0.0021605
0.0020745
0.0019939
0.0018516
0.0016672
0.0014369
0.0011239
0.00091342
0.001122
0.0015314
0.0018175
0.0019708
0.0019451
0.001592
0.0011657
0.00084641
0.0004706
0.00029636
0.00078362
0.0014932
0.0019959
0.0024434
0.0029077
0.003078
0.002758
0.0018843
0.00094105
0.00027875
-6.0919e-05
0.00015895
0.00063153
0.00091356
0.00097171
0.00092276
0.00093967
0.0010647
0.0011683
0.00088343
0.00022712
-0.00040494
-0.00064671
-0.00039325
-0.00010135
-4.4084e-05
-9.0611e-05
-4.8209e-05
0.00010414
0.0002776
0.00041397
0.00052104
0.00038181
-0.00026
-0.0010378
-0.0016216
-0.0019436
-0.0020221
-0.0017152
-0.0012729
-0.00095851
-0.00072603
-0.00042884
-3.463e-05
0.00039076
0.0007934
0.0011752
0.0014723
0.001223
0.00060562
0.00011088
-7.3671e-05
7.5968e-05
0.00025866
0.00026987
0.00019804
0.00018959
0.00022041
-0.00011438
-0.00052175
0.00010765
0.001397
0.0024368
0.003091
0.0036137
0.0035522
0.0030851
0.0027698
0.0026774
0.0025579
0.0022785
0.0017887
0.001065
0.00038223
0.00033359
0.00084244
0.0012617
0.001385
0.0014315
0.0012578
0.00067429
3.4344e-05
-0.00044385
-0.00086338
-0.0013679
-0.0019624
-0.0025122
-0.0019695
0.00011797
0.0023437
0.0038543
0.0041643
0.0029378
0.0015676
0.0009038
0.00056334
0.00065869
0.0014786
0.00234
0.0027682
0.0028155
0.0025814
0.0016898
-5.178e-05
-0.001869
-0.0033703
-0.0047259
-0.0050935
-0.0039453
-0.0026498
-0.0019894
-0.0015673
-0.00085228
0.00017675
0.001128
0.00093633
-0.000328
-0.0014904
-0.0021368
-0.0026767
-0.0034761
-0.0042487
-0.003512
-0.0016779
-0.00014053
0.00081788
0.001339
0.00091365
0.00010687
-0.00035955
-0.00055833
-0.00083482
-0.00055732
0.00075958
0.0021578
0.0023403
0.00080758
-0.00092636
-0.0018882
-0.0024807
-0.0033563
-0.0045916
-0.0049883
-0.0033847
-0.001195
0.0003011
0.001199
0.00092821
-0.0012422
-0.0036969
-0.0050674
-0.0046268
-0.0032314
-0.0024196
-0.0023183
-0.0021645
-0.0015578
-0.00070547
5.6792e-05
0.00035513
0.00016024
-2.7276e-05
1.9412e-05
0.00014115
0.00016166
8.2921e-05
-9.9266e-08
0.00022087
0.0010035
0.0019156
0.0022303
0.0012305
-0.00024184
-0.0012444
-0.0018614
-0.0025926
-0.0036048
-0.004116
-0.0026788
-0.00029666
0.0015313
0.0027609
0.0039365
0.0047307
0.002691
-0.001289
-0.0048558
-0.0069258
-0.0072565
-0.0057655
-0.0040132
-0.0030714
-0.0024575
-0.0014355
-2.1992e-05
0.0013244
0.0017202
0.00093405
8.4445e-05
-0.0002515
-0.00039928
-0.00076603
-0.0013635
-0.0019825
-0.0021124
-0.00096528
0.00072545
0.0020018
0.0027777
0.0023268
-0.00032043
-0.0036359
-0.0058178
-0.0060307
-0.0043347
-0.0018589
-0.00013527
0.00056138
0.00026996
-0.00043648
-0.00074143
-0.00069241
-0.00076833
-0.0011486
-0.0016903
-0.0027419
-0.004141
-0.0045829
-0.0033353
-0.0016214
-0.00055224
7.3143e-05
0.00088134
0.0018359
0.0023336
0.0014242
-0.00058372
-0.0024251
-0.0039322
-0.0045168
-0.0032733
-0.0016239
-0.00071904
-0.00023356
0.0005253
0.001369
0.0013326
0.00071769
0.00028754
0.0001562
1.3935e-05
-0.00031302
-0.00073784
-0.00075115
6.9129e-05
0.00097309
0.00071249
-0.0011459
-0.0031867
-0.0045201
-0.0051648
-0.0038375
-0.0013711
0.00050872
0.0016734
0.0026819
0.0025037
0.00060909
-0.001406
-0.0027023
-0.0037693
-0.0051936
-0.0068097
-0.0071411
-0.0060616
-0.0050167
-0.0046059
-0.0043666
-0.0039681
-0.0044672
-0.0060836
-0.0077119
-0.0088599
-0.0098058
-0.010765
-0.011422
-0.010881
-0.0094801
-0.0076235
-0.005765
-0.0040694
-0.0023543
-0.0004757
0.0015129
0.0034933
0.0054214
0.0073268
0.0092045
0.010911
0.011431
0.010028
0.0063908
0.0020369
-0.0014535
-0.0042215
-0.0067729
-0.0090922
-0.010621
-0.010525
-0.0087951
-0.0070612
-0.006003
-0.0052237
-0.0052189
-0.0059311
-0.0062557
-0.0048404
-0.0021551
0.00014371
0.0016719
0.0030662
0.003948
0.004015
0.0052779
0.0078395
0.010247
0.011814
0.012551
0.011185
0.0070685
0.001847
-0.0025848
-0.0063397
-0.010277
-0.012712
-0.012102
-0.0089933
-0.004537
0.0015587
0.010815
0.01825
0.018749
0.01383
0.0086995
0.005959
0.005867
0.0051997
0.0018087
-0.0037116
-0.0093471
-0.013709
-0.014838
-0.013951
-0.011638
-0.0081015
-0.0057164
-0.004917
-0.0041902
-0.0027153
-0.00097054
-0.00039455
-0.0017619
-0.0052694
-0.0088661
-0.010311
-0.0086763
-0.005292
-0.0020979
0.00091617
0.0049403
0.009114
0.011975
0.011246
0.0073076
0.0026196
-0.0020986
-0.0070188
-0.010613
-0.011456
-0.0095547
-0.0050894
0.0013802
0.008481
0.010212
0.0037719
-0.0051858
-0.011453
-0.014276
-0.013323
-0.010397
-0.0072856
-0.005734
-0.0054382
-0.0062136
-0.0067387
-0.0058154
-0.0046909
-0.0043841
-0.00332
-0.00066683
0.0030272
0.0063087
0.0087261
0.009578
0.0077904
0.0052369
0.0034953
0.0030043
0.0042611
0.0045915
0.0016007
-0.0054932
-0.012921
-0.016914
-0.015856
-0.01308
-0.011731
-0.012523
-0.014054
-0.012431
-0.0066205
0.0019063
0.0091796
0.012051
0.012557
0.012445
0.012238
0.011387
0.0078185
0.00095841
-0.0071399
-0.012907
-0.015092
-0.012001
-0.0063458
-0.0019642
0.00027522
0.00063508
0.00049914
0.00038604
0.00118
0.0027508
0.0041201
0.004873
0.0052286
0.0049477
0.0038251
0.0018539
0.0002001
0.00039117
0.0024227
0.0051295
0.0056923
0.0034406
-0.00058911
-0.0044293
-0.0072658
-0.0091144
-0.01069
-0.012402
-0.014205
-0.015537
-0.014649
-0.011239
-0.0063663
-0.0031688
-0.0037215
-0.0049328
-0.003889
0.00079153
0.0067239
0.0090993
0.0062919
0.0011745
-0.0031544
-0.0061873
-0.0082257
-0.0098662
-0.011488
-0.012213
-0.011426
-0.010035
-0.006655
-0.0011085
0.0045889
0.0096887
0.013515
0.015179
0.01376
0.0084685
0.00081064
-0.0065706
-0.012866
-0.017353
-0.016225
-0.009931
-0.001694
0.0074171
0.015156
0.020989
0.022686
0.020141
0.012879
0.0013746
-0.010351
-0.016841
-0.017827
-0.015741
-0.01092
-0.0051755
7.1645e-05
0.0032771
0.0039429
0.0023046
-0.00097381
-0.0049508
-0.0086093
-0.011759
-0.013878
-0.013768
-0.012593
-0.011306
-0.0090501
-0.0058511
-0.002609
0.00036911
0.0033289
0.0053427
0.0039888
0.0010358
-0.00064079
-0.0010308
-0.0025333
-0.0058486
-0.010077
-0.015046
-0.020174
-0.024136
-0.026237
-0.026241
-0.023216
-0.017158
-0.0082636
-0.0020236
-0.00010289
-0.00010287
0.00039605
0.0026112
0.0056215
0.0080548
0.0068337
0.0022594
-0.0023016
-0.0047562
-0.0056862
-0.006589
-0.0079011
-0.0089369
-0.0088101
-0.0078604
-0.0073285
-0.0072408
-0.0069256
-0.0060667
-0.0056684
-0.0076343
-0.010086
-0.010275
-0.0062408
0.00027115
0.0077977
0.014072
0.014242
0.0088464
-0.0017152
-0.013012
-0.019876
-0.021888
-0.021207
-0.019979
-0.018975
-0.018422
-0.018636
-0.018306
-0.016642
-0.014035
-0.010833
-0.0067607
-0.0020099
0.0032227
0.0088406
0.014813
0.021388
0.024975
0.022643
0.015916
0.0093504
0.0050531
0.0051959
0.0089816
0.011643
0.011129
0.0079323
0.0047344
0.0031027
0.0021489
0.001075
0.00066496
0.00017028
-0.00099661
-0.00025778
0.0028329
0.0072033
0.012037
0.017356
0.02366
0.030707
0.036518
0.038317
0.035817
0.026732
0.0075341
-0.015248
-0.031177
-0.035499
-0.031549
-0.024396
-0.016789
-0.012165
-0.015016
-0.02256
-0.03085
-0.035118
-0.033117
-0.029379
-0.027003
-0.025435
-0.022802
-0.017426
-0.010367
-0.003277
0.0020484
0.0047047
0.0065907
0.008711
0.01013
0.010145
0.0084193
0.0064539
0.0056593
0.0056766
0.0060543
0.0075399
0.01208
0.020141
0.029317
0.037759
0.042732
0.042038
0.035816
0.025888
0.012839
0.00079927
-0.0078932
-0.010491
-0.006849
-0.0007508
0.0057843
0.012729
0.017323
0.019718
0.018666
0.012184
0.0034334
-0.0035575
-0.0074328
-0.010044
-0.012894
-0.015424
-0.016152
-0.014267
-0.01139
-0.0092936
-0.010786
-0.01463
-0.018115
-0.02056
-0.021844
-0.021566
-0.02112
-0.021919
-0.026467
-0.033135
-0.038763
-0.04236
-0.043878
-0.04357
-0.041673
-0.036987
-0.024899
-0.0083741
0.0085267
0.023791
0.034865
0.037845
0.033968
0.026874
0.018658
0.0098131
0.0010583
-0.0047767
-0.0042865
0.00042101
0.0061844
0.011836
0.018305
0.025767
0.033349
0.041089
0.049582
0.059231
0.070347
0.080514
0.087686
0.092585
0.095666
0.097256
0.097408
0.097803
0.099697
0.10377
0.1087
0.11337
0.11614
0.1168
0.11813
0.12106
0.12402
0.12585
0.12654
0.12541
0.12276
0.11939
0.11639
0.11482
0.11411
0.11309
0.10955
0.10225
0.088418
0.069275
0.049009
0.028537
0.0088441
-0.0069175
-0.021078
-0.035236
-0.04811
-0.058021
-0.06365
-0.064008
-0.060066
-0.055249
-0.051365
-0.050191
-0.051518
-0.056446
-0.063045
-0.068387
-0.069479
-0.065646
-0.059992
-0.054471
-0.052771
-0.058242
-0.06816
-0.079659
-0.092543
-0.10648
-0.11517
-0.1185
-0.11764
-0.11535
-0.1118
-0.10621
-0.098035
-0.088655
-0.075063
-0.051306
-0.023009
0.0030884
0.028644
0.049444
0.06269
0.072479
0.084008
0.096857
0.10767
0.11554
0.12047
0.12425
0.12734
0.12989
0.13085
0.12813
0.11942
0.10611
0.08842
0.063524
0.039136
0.021422
0.0039031
-0.016021
-0.034338
-0.051516
-0.068878
-0.082952
-0.09037
-0.091081
-0.08658
-0.078284
-0.064663
-0.048465
-0.03594
-0.027328
-0.019976
-0.013216
-0.0073889
-0.0033747
-0.0030115
-0.0069996
-0.012454
-0.016558
-0.018695
-0.018337
-0.015574
-0.0086853
0.0016479
0.013517
0.026001
0.039706
0.054528
0.072597
0.092206
0.10741
0.11604
0.1182
0.11713
0.11616
0.11512
0.11393
0.11301
0.11273
0.11117
0.10777
0.10324
0.09794
0.091198
0.082503
0.07174
0.059113
0.045639
0.031687
0.016214
-0.00069506
-0.016021
-0.029593
-0.040093
-0.04485
-0.047183
-0.050298
-0.05552
-0.062603
-0.070452
-0.076885
-0.081681
-0.086012
-0.090145
-0.093784
-0.09655
-0.097985
-0.097799
-0.09571
-0.095104
-0.098391
-0.10466
-0.11237
-0.12011
-0.12342
-0.11806
-0.10458
-0.085067
-0.058356
-0.027363
0.0027681
0.030079
0.051971
0.068385
0.08014
0.083112
0.077233
0.068124
0.059948
0.056532
0.060002
0.068626
0.081542
0.098007
0.11498
0.12643
0.12863
0.12091
0.10026
0.072301
0.043644
0.017132
-0.0030909
-0.014337
-0.018597
-0.021229
-0.02137
-0.018445
-0.013127
-0.0062009
-0.00020466
0.0024274
0.0017905
-0.0039749
-0.012271
-0.023371
-0.035646
-0.046235
-0.055379
-0.061533
-0.061491
-0.057978
-0.053289
-0.047035
-0.037827
-0.025651
-0.011979
-8.8249e-05
0.0074934
0.011305
0.013432
0.014505
0.013729
0.012468
0.011583
0.010261
0.0046556
-0.0064895
-0.020397
-0.0351
-0.049724
-0.060023
-0.065003
-0.067646
-0.067421
-0.065415
-0.061769
-0.057377
-0.054888
-0.056102
-0.061766
-0.070473
-0.080509
-0.090596
-0.099485
-0.10654
-0.11227
-0.11577
-0.11515
-0.11162
-0.1053
-0.098124
-0.090965
-0.084933
-0.08268
-0.083966
-0.087895
-0.091724
-0.095357
-0.099414
-0.10068
-0.098262
-0.093455
-0.088609
-0.08457
-0.080887
-0.076241
-0.069954
-0.061663
-0.050768
-0.040912
-0.034229
-0.028808
-0.023422
-0.020349
-0.02158
-0.026267
-0.032882
-0.039597
-0.043395
-0.044031
-0.041341
-0.036786
-0.031767
-0.027922
-0.025827
-0.026029
-0.028557
-0.029877
-0.028136
-0.022477
-0.013178
-0.00044756
0.013784
0.028544
0.043252
0.055905
0.065779
0.07593
0.088225
0.10121
0.11308
0.12314
0.13062
0.13715
0.14326
0.14774
0.14802
0.14143
0.11978
0.08668
0.051063
0.022082
0.0065313
0.0036681
0.0040307
0.0010808
-0.0067964
-0.017831
-0.031114
-0.047098
-0.064944
-0.08294
-0.099776
-0.11545
-0.13292
-0.15144
-0.16755
-0.17787
-0.1862
-0.19578
-0.20462
-0.20922
-0.20894
-0.20461
-0.19633
-0.1816
-0.15895
-0.12316
-0.078996
-0.036123
0.0030493
0.038961
0.069022
0.091904
0.11134
0.13001
0.14825
0.16327
0.17374
0.18171
0.18978
0.19799
0.20555
0.21196
0.21772
0.22145
0.21882
0.2057
0.18236
0.1511
0.1193
0.078972
0.036026
-0.0034289
-0.039811
-0.086094
-0.12044
-0.13803
-0.15955
-0.17865
-0.18534
-0.18513
-0.18457
-0.18407
-0.18212
-0.17821
-0.1736
-0.16928
-0.16494
-0.16083
-0.15911
-0.15883
-0.15841
-0.15655
-0.15194
-0.14496
-0.13605
-0.1248
-0.11253
-0.10169
-0.091921
-0.07633
-0.053375
-0.027831
-0.006492
0.0059985
0.012232
0.018155
0.025008
0.03101
0.033414
0.033651
0.03442
0.036959
0.040714
0.044877
0.049886
0.057595
0.066812
0.075019
0.082816
0.092749
0.10386
0.11342
0.12147
0.12926
0.13634
0.13993
0.14035
0.13517
0.12314
0.10481
0.081914
0.050487
0.012755
-0.018471
-0.041122
-0.05436
-0.057189
-0.051168
-0.035766
-0.013888
0.0074613
0.022876
0.032875
0.03662
0.034366
0.026733
0.016185
0.0055278
-0.0022492
-0.0068298
-0.0064681
-0.0034043
-0.0012227
-0.00118
-0.0039079
-0.0095016
-0.019847
-0.037158
-0.055764
-0.06902
-0.07274
-0.070509
-0.06641
-0.062876
-0.059973
-0.056738
-0.052762
-0.048958
-0.045939
-0.043869
-0.042942
-0.044864
-0.048664
-0.051924
-0.054643
-0.05868
-0.06393
-0.069174
-0.075277
-0.084423
-0.09746
-0.11444
-0.13427
-0.15278
-0.16688
-0.17247
-0.17128
-0.16998
-0.16604
-0.15544
-0.14186
-0.12907
-0.1197
-0.11812
-0.12125
-0.12456
-0.12599
-0.12469
-0.12377
-0.12524
-0.12828
-0.1287
-0.12103
-0.10334
-0.075648
-0.043607
-0.014602
0.011817
0.039533
0.066316
0.087426
0.096566
0.093381
0.079993
0.058221
0.029955
-0.0016988
-0.030007
-0.052541
-0.072054
-0.088424
-0.10114
-0.11243
-0.12412
-0.13596
-0.14563
-0.15087
-0.15165
-0.15162
-0.15264
-0.15421
-0.15522
-0.15551
-0.15592
-0.15609
-0.15374
-0.14788
-0.13873
-0.12263
-0.098104
-0.075174
-0.06103
-0.054142
-0.051164
-0.046606
-0.040655
-0.038621
-0.039526
-0.03694
-0.029955
-0.023589
-0.023913
-0.029473
-0.035307
-0.03912
-0.041989
-0.046786
-0.052743
-0.056522
-0.058027
-0.058712
-0.058783
-0.057346
-0.053424
-0.049079
-0.045866
-0.042863
-0.038753
-0.033332
-0.027577
-0.023368
-0.020758
-0.018771
-0.01654
-0.013978
-0.012478
-0.012849
-0.014412
-0.014998
-0.011433
-0.0040982
0.007598
0.022063
0.038723
0.056165
0.069877
0.07692
0.078783
0.07542
0.068709
0.060541
0.050288
0.036405
0.021611
0.011788
0.0065064
0.0024102
-0.0014259
-0.002693
0.00029664
0.0079322
0.019193
0.037235
0.06219
0.088088
0.11221
0.13603
0.15896
0.17382
0.18082
0.18329
0.18238
0.17749
0.16729
0.15527
0.14576
0.13959
0.13571
0.13401
0.1331
0.13289
0.13525
0.1394
0.14347
0.14437
0.14051
0.13065
0.11531
0.094556
0.06837
0.04124
0.017252
-0.009336
-0.039539
-0.064821
-0.077354
-0.076254
-0.067888
-0.056698
-0.043991
-0.0306
-0.015917
0.0012649
0.019048
0.037783
0.060776
0.086039
0.11023
0.12986
0.14523
0.15727
0.16513
0.16937
0.1732
0.17727
0.18086
0.18424
0.18307
0.17839
0.17423
0.16959
0.16171
0.15048
0.13823
0.12654
0.11432
0.097889
0.077142
0.055382
0.037849
0.024339
0.012423
0.0055908
0.0067271
0.014885
0.028436
0.042749
0.056245
0.069937
0.082843
0.091943
0.097026
0.10026
0.10142
0.098996
0.09419
0.089758
0.087162
0.085161
0.082255
0.078002
0.072702
0.066967
0.061997
0.058893
0.057759
0.058236
0.059319
0.060748
0.063248
0.067053
0.070567
0.072853
0.073123
0.07097
0.063977
0.050656
0.032616
0.015141
0.0021094
-0.0097601
-0.024694
-0.042605
-0.059068
-0.072093
-0.08449
-0.097637
-0.11046
-0.12159
-0.12965
-0.13449
-0.13306
-0.1225
-0.10184
-0.074693
-0.049138
-0.031936
-0.017967
-0.0036875
0.014103
0.039756
0.071628
0.096562
0.10746
0.11271
0.12008
0.12955
0.13673
0.14049
0.14229
0.1447
0.14823
0.15102
0.15185
0.15005
0.14768
0.14881
0.15222
0.15385
0.15457
0.15765
0.16251
0.1671
0.17051
0.17286
0.17386
0.17319
0.17037
0.16678
0.16302
0.1581
0.15173
0.1432
0.13424
0.12765
0.1229
0.11639
0.10671
0.094937
0.080009
0.063771
0.047135
0.026825
0.0023446
-0.018911
-0.028271
-0.030199
-0.030754
-0.030273
-0.025178
-0.01775
-0.011039
-0.0051752
0.00095166
0.0073311
0.013313
0.017549
0.020218
0.022852
0.026202
0.029911
0.031996
0.031505
0.028993
0.025331
0.021237
0.019638
0.020773
0.021836
0.02017
0.01357
0.0043222
-0.004169
-0.00997
-0.010982
-0.0062496
0.00089465
0.0087316
0.020772
0.039747
0.05727
0.070327
0.080172
0.090144
0.10167
0.11341
0.12317
0.12919
0.13134
0.12844
0.12195
0.1143
0.10425
0.090899
0.076444
0.062537
0.048395
0.035501
0.025576
0.016227
0.0045429
-0.010014
-0.026099
-0.042938
-0.057285
-0.066922
-0.074392
-0.081095
-0.085797
-0.084968
-0.079884
-0.069971
-0.053707
-0.029888
0.0013677
0.033364
0.062358
0.086508
0.10624
0.11487
0.11307
0.10756
0.098489
0.08271
0.062423
0.039393
0.016413
-0.0043249
-0.02294
-0.037281
-0.047273
-0.055119
-0.060572
-0.061633
-0.061758
-0.060083
-0.049508
-0.027537
0.0014745
0.03352
0.061458
0.079718
0.094998
0.10702
0.11386
0.1142
0.10911
0.10065
0.09124
0.082865
0.075224
0.066828
0.057336
0.048948
0.042821
0.038587
0.035408
0.032157
0.029304
0.031585
0.038199
0.044578
0.049337
0.054413
0.06227
0.073794
0.085907
0.096582
0.10577
0.10895
0.10789
0.10502
0.09721
0.081067
0.057346
0.036015
0.017299
-0.0019082
-0.021135
-0.036854
-0.048147
-0.057014
-0.06416
-0.06533
-0.05745
-0.041466
-0.017972
0.0072046
0.027843
0.044583
0.061555
0.074795
0.080399
0.077312
0.069879
0.059797
0.045423
0.029162
0.016055
0.0074289
0.00046026
-0.007013
-0.017035
-0.028517
-0.038762
-0.048721
-0.062198
-0.080867
-0.10072
-0.11715
-0.12976
-0.13718
-0.14203
-0.14648
-0.14796
-0.14182
-0.12844
-0.11219
-0.096926
-0.081342
-0.063958
-0.04617
-0.031551
-0.022603
-0.01684
-0.010898
-0.0067622
-0.0049104
-0.005991
-0.014378
-0.031376
-0.048459
-0.059749
-0.065421
-0.064773
-0.059751
-0.054929
-0.051157
-0.048137
-0.045139
-0.042021
-0.039891
-0.040901
-0.043237
-0.043081
-0.038686
-0.029326
-0.012207
0.0070095
0.020203
0.024559
0.0216
0.013644
0.0046627
-0.0026901
-0.0072151
-0.010328
-0.013476
-0.017621
-0.023444
-0.03259
-0.044114
-0.054841
-0.067698
-0.087744
-0.10696
-0.12292
-0.13978
-0.15633
-0.16954
-0.17534
-0.1767
-0.17848
-0.18056
-0.17925
-0.17389
-0.16584
-0.15492
-0.13832
-0.11561
-0.091063
-0.069214
-0.048058
-0.024757
-0.0039334
0.0072668
0.011199
0.013919
0.014927
0.013619
0.011126
0.006856
0.00054623
-0.0051765
-0.010309
-0.016729
-0.024156
-0.032523
-0.043457
-0.050052
-0.047262
-0.039596
-0.030687
-0.018531
0.0024425
0.027943
0.050889
0.066308
0.077651
0.084712
0.084093
0.071764
0.046339
0.016159
-0.010938
-0.030847
-0.043707
-0.054095
-0.061792
-0.065252
-0.063087
-0.058363
-0.053711
-0.048206
-0.040814
-0.031528
-0.024706
-0.02296
-0.024755
-0.02872
-0.035792
-0.047284
-0.060095
-0.069439
-0.075217
-0.077653
-0.07497
-0.068707
-0.061467
-0.052891
-0.04009
-0.022824
-0.0029332
0.014764
0.028744
0.040213
0.048027
0.049809
0.043707
0.029857
0.015096
0.0038555
-0.00316
-0.0045008
-0.0022882
0.0025585
0.0092132
0.017721
0.02614
0.032203
0.034758
0.0337
0.02852
0.02011
0.011186
0.00091685
-0.012711
-0.029252
-0.04505
-0.057369
-0.066767
-0.075
-0.081588
-0.083953
-0.082469
-0.078358
-0.074668
-0.072629
-0.072607
-0.07514
-0.08122
-0.089263
-0.096945
-0.10248
-0.10564
-0.10712
-0.10793
-0.10745
-0.10285
-0.093041
-0.077557
-0.061088
-0.04553
-0.031099
-0.021579
-0.014877
-0.01145
-0.012893
-0.018072
-0.026098
-0.033811
-0.039083
-0.041909
-0.042954
-0.041928
-0.038049
-0.031856
-0.024215
-0.016596
-0.013697
-0.014344
-0.013802
-0.011107
-0.0081535
-0.0056289
-0.0018491
0.0050444
0.013968
0.02248
0.029977
0.036708
0.043373
0.050131
0.055914
0.059528
0.06135
0.062226
0.063665
0.06562
0.066858
0.067839
0.069568
0.071798
0.072817
0.070082
0.065269
0.06035
0.056803
0.054704
0.05309
0.051981
0.052691
0.055177
0.058586
0.062825
0.067532
0.07035
0.070076
0.066591
0.058906
0.045991
0.033163
0.023411
0.015422
0.0077677
0.0019023
-0.0016253
-0.0041037
-0.0059343
-0.0063617
-0.0065526
-0.0081875
-0.012788
-0.01964
-0.027589
-0.035701
-0.043232
-0.048998
-0.05278
-0.051861
-0.047334
-0.040384
-0.030711
-0.018148
-0.0051158
0.0032006
0.0071009
0.0063449
0.0038911
0.002705
0.0018371
0.00041245
0.00077545
0.0029362
0.0052459
0.0056136
0.0039111
-0.00047975
-0.0070899
-0.014979
-0.021583
-0.024908
-0.024389
-0.020876
-0.014695
-0.0067485
0.001615
0.0097244
0.017953
0.026294
0.03267
0.036833
0.037039
0.034386
0.030277
0.024423
0.016435
0.008122
0.00066363
-0.0060767
-0.011837
-0.016447
-0.019677
-0.02106
-0.021282
-0.022321
-0.024261
-0.025936
-0.026846
-0.026831
-0.025906
-0.023676
-0.020029
-0.015221
-0.0090836
-0.00082738
0.008891
0.018788
0.027572
0.034968
0.04037
0.043488
0.043795
0.042826
0.041732
0.041536
0.042112
0.042845
0.043123
0.042896
0.040573
0.035008
0.028887
0.019917
0.0072363
-0.0060024
-0.015768
-0.023638
-0.032252
-0.039494
-0.043825
-0.044569
-0.041431
-0.034757
-0.025002
-0.012011
0.003685
0.017365
0.027935
0.036392
0.041725
0.043318
0.043332
0.042858
0.043046
0.043816
0.044457
0.045382
0.046848
0.047407
0.044326
0.038676
0.033866
0.030759
0.028341
0.025885
0.023817
0.022568
0.022188
0.023169
0.0259
0.030694
0.037709
0.046576
0.055708
0.064475
0.071197
0.074145
0.075842
0.075946
0.073799
0.069686
0.065064
0.060402
0.054931
0.049013
0.043045
0.034859
0.02453
0.013317
-0.0016576
-0.024402
-0.049447
-0.067385
-0.083931
-0.098121
-0.10582
-0.10939
-0.10813
-0.10152
-0.089611
-0.075743
-0.062805
-0.051687
-0.043353
-0.038803
-0.035959
-0.033757
-0.032241
-0.032052
-0.033969
-0.037501
-0.041948
-0.046524
-0.050794
-0.054369
-0.056599
-0.056469
-0.054472
-0.052229
-0.050684
-0.049756
-0.049367
-0.049397
-0.04962
-0.047845
-0.041534
-0.030734
-0.017807
-0.005104
0.0062977
0.016377
0.024586
0.028288
0.029049
0.028793
0.027865
0.025676
0.022453
0.018934
0.0159
0.013112
0.0098912
0.0060731
0.0017437
-0.0039447
-0.011797
-0.02199
-0.036042
-0.052064
-0.065807
-0.074276
-0.078676
-0.079708
-0.076946
-0.070624
-0.057269
-0.034206
-0.0060164
0.023617
0.047215
0.064052
0.079071
0.093911
0.10463
0.11003
0.11275
0.11531
0.11733
0.1178
0.11714
0.11639
0.11595
0.11573
0.11621
0.11658
0.11505
0.11137
0.1055
0.093035
0.075721
0.058629
0.042367
0.027412
0.016126
0.009452
0.008149
0.0096168
0.013933
0.020617
0.028574
0.037031
0.045612
0.053666
0.061192
0.068232
0.074356
0.07885
0.081309
0.08185
0.081736
0.080854
0.077476
0.071467
0.063558
0.052798
0.040815
0.032396
0.027736
0.024239
0.021338
0.020167
0.019976
0.019765
0.019209
0.017174
0.013052
0.006763
-0.00028887
-0.0070771
-0.01366
-0.019542
-0.023575
-0.025243
-0.024429
-0.020292
-0.013428
-0.0051257
0.0029222
0.0092186
0.013777
0.016167
0.016239
0.012454
0.004689
-0.0069272
-0.018671
-0.028052
-0.035027
-0.038173
-0.037868
-0.033178
-0.021923
-0.0061344
0.006885
0.016168
0.023416
0.028051
0.030874
0.031547
0.029594
0.027278
0.026565
0.028147
0.030617
0.032424
0.031631
0.028337
0.022324
0.014184
0.000762
-0.012924
-0.028751
-0.047029
-0.06303
-0.075985
-0.086986
-0.096293
-0.10287
-0.10788
-0.113
-0.11778
-0.12113
-0.12274
-0.12222
-0.11883
-0.11343
-0.10721
-0.098925
-0.088182
-0.078341
-0.07122
-0.066593
-0.063826
-0.061477
-0.059238
-0.057626
-0.05588
-0.052653
-0.047668
-0.041788
-0.035959
-0.031029
-0.027391
-0.024179
-0.020938
-0.018293
-0.016376
-0.014888
-0.013145
-0.010794
-0.0077588
-0.0037939
0.0017368
0.0072732
0.011398
0.014457
0.017149
0.018373
0.017811
0.016018
0.013722
0.010845
0.0066703
0.00094333
-0.0060402
-0.012142
-0.016604
-0.020393
-0.023904
-0.026816
-0.028745
-0.029451
-0.029189
-0.02886
-0.0293
-0.031415
-0.035181
-0.038721
-0.041787
-0.045601
-0.05039
-0.055009
-0.057799
-0.058288
-0.056854
-0.053159
-0.047866
-0.041191
-0.03204
-0.020429
-0.010547
-0.0031557
0.0035042
0.0085218
0.011097
0.01076
0.009007
0.0073692
0.0054229
0.0026744
3.4718e-05
-0.0024865
-0.005647
-0.0091712
-0.012838
-0.017252
-0.021895
-0.026046
-0.029957
-0.032209
-0.0306
-0.025767
-0.019826
-0.013409
-0.0068878
-0.00080691
0.0051424
0.011167
0.016235
0.019588
0.021113
0.019441
0.012313
0.0022147
-0.0080837
-0.018564
-0.026309
-0.029325
-0.031065
-0.033708
-0.035636
-0.035998
-0.035604
-0.035159
-0.034869
-0.035474
-0.036623
-0.037495
-0.038278
-0.039343
-0.039772
-0.039126
-0.037653
-0.035617
-0.033033
-0.030502
-0.029137
-0.029748
-0.032093
-0.035662
-0.038989
-0.041141
-0.042066
-0.042763
-0.04305
-0.04116
-0.037632
-0.033827
-0.030835
-0.02843
-0.025849
-0.022832
-0.019598
-0.015906
-0.011387
-0.0058549
-0.00050561
0.0033596
0.0054926
0.0062727
0.0061676
0.0054571
0.0045619
0.0044247
0.0055224
0.0076384
0.0097729
0.011138
0.011779
0.012063
0.01198
0.011385
0.010243
0.0076029
0.002591
-0.005821
-0.017648
-0.030353
-0.039002
-0.044571
-0.049882
-0.053618
-0.054113
-0.0517
-0.048228
-0.04447
-0.04101
-0.037572
-0.032632
-0.027052
-0.022701
-0.017978
-0.010794
-0.00046148
0.010824
0.020927
0.028845
0.035033
0.040227
0.04421
0.046868
0.048576
0.04934
0.048914
0.048109
0.046689
0.04473
0.042522
0.038576
0.032363
0.024821
0.017333
0.010385
0.0040782
-0.001387
-0.0055863
-0.0089358
-0.011831
-0.014077
-0.015591
-0.016574
-0.017466
-0.019135
-0.023044
-0.029609
-0.037709
-0.044502
-0.049437
-0.053708
-0.057784
-0.061397
-0.064084
-0.064939
-0.063283
-0.058456
-0.051605
-0.044021
-0.036503
-0.029012
-0.022305
-0.016759
-0.013327
-0.011293
-0.0097778
-0.0086663
-0.0082605
-0.009212
-0.012663
-0.017186
-0.021843
-0.027097
-0.034618
-0.04184
-0.045692
-0.046685
-0.046802
-0.046947
-0.047169
-0.047168
-0.046896
-0.047048
-0.047299
-0.046065
-0.044776
-0.044948
-0.04384
-0.040774
-0.03889
-0.038674
-0.03844
-0.037137
-0.034906
-0.031994
-0.029728
-0.028783
-0.028017
-0.027135
-0.027462
-0.029246
-0.032142
-0.035902
-0.040043
-0.043733
-0.047061
-0.050358
-0.05289
-0.054396
-0.055131
-0.054962
-0.053265
-0.050336
-0.046155
-0.040466
-0.034056
-0.029197
-0.026751
-0.026417
-0.027231
-0.028135
-0.029758
-0.033415
-0.038027
-0.042171
-0.045475
-0.047729
-0.048816
-0.048842
-0.04837
-0.047769
-0.046838
-0.045288
-0.043125
-0.040669
-0.038327
-0.03558
-0.031673
-0.027357
-0.023266
-0.018607
-0.013394
-0.0085103
-0.0046724
-0.0023828
-0.0025105
-0.0047209
-0.0078181
-0.011505
-0.016329
-0.020553
-0.023743
-0.026855
-0.029235
-0.029851
-0.028945
-0.028191
-0.028774
-0.02966
-0.02978
-0.029251
-0.028424
-0.027248
-0.025922
-0.024378
-0.021598
-0.01759
-0.012662
-0.0074644
-0.0022994
0.0032551
0.009198
0.014759
0.020094
0.025791
0.031378
0.036054
0.038855
0.040436
0.041527
0.041783
0.040241
0.037434
0.034418
0.031715
0.028846
0.025543
0.023045
0.021935
0.021887
0.021937
0.021833
0.022022
0.022603
0.023284
0.023882
0.024434
0.02502
0.02565
0.026294
0.027409
0.029559
0.032848
0.036965
0.039756
0.040139
0.038034
0.034689
0.031926
0.029772
0.027436
0.025459
0.025061
0.025351
0.02552
0.026679
0.028125
0.027332
0.024604
0.021458
0.017752
0.013463
0.0090653
0.0047621
0.0004457
-0.003974
-0.0085225
-0.012852
-0.01528
-0.016247
-0.017285
-0.018875
-0.020534
-0.02192
-0.023365
-0.02535
-0.027525
-0.029001
-0.028762
-0.026693
-0.022734
-0.018107
-0.013703
-0.0095689
-0.0059645
-0.0035231
-0.0026715
-0.0035113
-0.0054635
-0.0057258
-0.0055933
-0.0083836
-0.011254
-0.01216
-0.010037
-0.0057363
0.00057472
0.0086304
0.018143
0.027676
0.036506
0.044533
0.052095
0.059001
0.064554
0.06718
0.067189
0.064978
0.060501
0.054141
0.047035
0.039239
0.030407
0.020783
0.01227
0.0055478
0.00045774
-0.0041593
-0.0088455
-0.011294
-0.010808
-0.0091928
-0.0075013
-0.0051313
-0.0024553
8.1833e-05
0.0027949
0.0052699
0.0068005
0.0088351
0.012163
0.016235
0.01996
0.022785
0.0242
0.023912
0.021742
0.018554
0.015095
0.010741
0.0055567
0.0021226
0.00023949
-0.00164
-0.0033191
-0.0040755
-0.0038458
-0.0025301
-0.00010295
0.0032236
0.00681
0.0095803
0.010833
0.010044
0.0072701
0.0034993
2.9237e-05
-0.0037108
-0.008743
-0.015063
-0.020767
-0.024119
-0.02622
-0.028818
-0.032606
-0.036683
-0.039977
-0.041364
-0.041326
-0.040232
-0.037791
-0.033809
-0.028681
-0.022975
-0.01733
-0.012827
-0.010325
-0.0084226
-0.0062267
-0.0048459
-0.0043774
-0.0038197
-0.0029363
-0.0021865
-0.0019248
-0.0014083
5.6577e-05
0.0026508
0.006227
0.010785
0.015823
0.020931
0.025076
0.028073
0.02979
0.030959
0.032208
0.033658
0.035116
0.036287
0.037205
0.038027
0.038413
0.037998
0.036617
0.034661
0.032244
0.029711
0.02721
0.024049
0.020266
0.016443
0.012813
0.0093795
0.0063444
0.0039664
0.0021604
4.6833e-07
-0.0029833
-0.0067293
-0.01026
-0.012926
-0.014673
-0.015081
-0.013548
-0.012163
-0.011973
-0.011595
-0.010303
-0.0086459
-0.006756
-0.0044934
-0.0024937
-0.00089098
0.00067991
0.0024692
0.0043014
0.0054258
0.0061737
0.00756
0.009679
0.011953
0.013605
0.014633
0.015488
0.016266
0.016745
0.01657
0.01554
0.013516
0.011253
0.0093862
0.0074543
0.0049076
0.0030813
0.0024792
0.0020367
0.0018757
0.0025851
0.0031906
0.0028664
0.0015387
0.00041328
0.00038706
0.0017432
0.0033186
0.0039362
0.0051919
0.0085432
0.012738
0.01596
0.017061
0.017428
0.018507
0.020418
0.022355
0.023662
0.024516
0.025389
0.026869
0.028816
0.030425
0.030623
0.02862
0.024612
0.019351
0.013244
0.0064358
-0.000825
-0.0071999
-0.01227
-0.01634
-0.019656
-0.022419
-0.024864
-0.026442
-0.02677
-0.026302
-0.025674
-0.025359
-0.025354
-0.025364
-0.024695
-0.02314
-0.020864
-0.01861
-0.01684
-0.01552
-0.014473
-0.013765
-0.013181
-0.012407
-0.010623
-0.0076595
-0.002923
0.0031013
0.0095911
0.015734
0.021351
0.025504
0.027669
0.028913
0.030043
0.03074
0.03058
0.029599
0.028595
0.027954
0.027416
0.026439
0.024618
0.021421
0.017177
0.012859
0.0095105
0.0073283
0.0059046
0.0042723
0.0018804
-0.00031035
-0.0013196
-0.00044583
0.0012446
0.0025233
0.0041908
0.0072476
0.010915
0.014296
0.017352
0.020718
0.024733
0.029336
0.033794
0.036908
0.038677
0.039417
0.039506
0.039267
0.038886
0.038017
0.036338
0.034913
0.034591
0.035455
0.036477
0.036985
0.037186
0.037216
0.036545
0.034471
0.030142
0.022836
0.01357
0.0045607
-0.0037053
-0.011719
-0.01914
-0.024741
-0.027933
-0.029186
-0.029802
-0.030219
-0.030468
-0.030536
-0.03033
-0.029935
-0.029504
-0.028969
-0.028262
-0.027717
-0.027361
-0.026798
-0.025895
-0.024865
-0.024175
-0.023514
-0.021821
-0.018792
-0.014483
-0.0093588
-0.0039268
0.0016147
0.0075223
0.014257
0.020573
0.025345
0.028619
0.031161
0.033139
0.033579
0.031488
0.028462
0.025938
0.024518
0.023946
0.024172
0.025939
0.029
0.032062
0.034744
0.037479
0.039476
0.039992
0.039663
0.039254
0.039114
0.039844
0.0416
0.043355
0.04488
0.047016
0.049628
0.051961
0.053451
0.05436
0.055158
0.05576
0.055739
0.055013
0.053886
0.052439
0.050678
0.048664
0.046944
0.045472
0.043478
0.04096
0.038317
0.035478
0.032402
0.0294
0.026796
0.024603
0.022645
0.020509
0.017537
0.01432
0.011514
0.0085208
0.0054532
0.0030067
0.00040218
-0.0028884
-0.0063482
-0.0095917
-0.012603
-0.014452
-0.014739
-0.013769
-0.012259
-0.010432
-0.0094167
-0.0095454
-0.010874
-0.012629
-0.013952
-0.013602
-0.011857
-0.0097002
-0.0072786
-0.0040462
-0.00029163
0.0036639
0.0085815
0.014002
0.017809
0.020437
0.023375
0.026318
0.028291
0.029326
0.030092
0.030797
0.030851
0.030074
0.030153
0.031622
0.033409
0.034379
0.034334
0.034196
0.034284
0.033126
0.031586
0.0317
0.032661
0.033131
0.033333
0.033836
0.034696
0.035671
0.03656
0.037061
0.03723
0.037164
0.037038
0.036907
0.036455
0.035278
0.032971
0.03035
0.028215
0.026528
0.024853
0.023095
0.021254
0.019429
0.018119
0.017229
0.016409
0.016194
0.016961
0.017589
0.017667
0.017967
0.01816
0.017185
0.015042
0.012381
0.0095767
0.0068368
0.0042246
0.001992
0.00070304
0.0012751
0.0029292
0.0046985
0.0057284
0.0062025
0.0067866
0.0081364
0.010546
0.013617
0.016753
0.019532
0.021961
0.023932
0.025275
0.025921
0.025598
0.024509
0.023399
0.022124
0.02013
0.018583
0.018319
0.019081
0.020412
0.022403
0.024056
0.024943
0.025386
0.025545
0.025141
0.023842
0.021568
0.018833
0.015946
0.012895
0.010559
0.0091751
0.0084569
0.0080821
0.0080382
0.0081928
0.0083222
0.0078631
0.0071665
0.0068975
0.006766
0.0063052
0.0053113
0.003999
0.0026102
0.0013896
0.0005172
0.00089191
0.0022226
0.0036519
0.0048027
0.0059711
0.0068501
0.0070907
0.0073554
0.0082286
0.0093701
0.010294
0.011268
0.012833
0.014711
0.016362
0.017043
0.016585
0.014502
0.011352
0.0078965
0.0044265
0.00097223
-0.0023217
-0.0048115
-0.0063738
-0.0067618
-0.0057304
-0.0049755
-0.0059507
-0.0058485
-0.0039711
-0.0021052
-0.00082451
0.00036202
0.00101
0.0013367
0.0020889
0.0028031
0.0028904
0.0032767
0.0043269
0.0052099
0.0056709
0.0060781
0.0066377
0.006855
0.0057329
0.0034798
0.00068124
-0.0014685
-0.0030843
-0.00551
-0.0084507
-0.010849
-0.012148
-0.012529
-0.012221
-0.011599
-0.010761
-0.0089598
-0.0063333
-0.004184
-0.0025708
-0.00045558
0.0023029
0.0050879
0.0073504
0.0090677
0.010338
0.011162
0.011416
0.011652
0.012304
0.012315
0.010836
0.0077439
0.0039287
6.7859e-05
-0.0037202
-0.0074932
-0.011176
-0.014706
-0.018166
-0.021831
-0.025397
-0.028292
-0.030211
-0.031454
-0.031712
-0.030929
-0.029107
-0.026739
-0.024271
-0.021504
-0.018202
-0.014974
-0.012602
-0.011974
-0.012062
-0.011769
-0.01164
-0.011813
-0.011582
-0.011867
-0.013523
-0.016379
-0.019385
-0.022068
-0.025207
-0.028677
-0.030868
-0.03207
-0.033308
-0.03412
-0.033965
-0.032882
-0.031723
-0.030899
-0.030045
-0.027991
-0.025203
-0.023778
-0.023231
-0.021973
-0.020428
-0.019376
-0.018477
-0.017798
-0.017849
-0.018002
-0.017745
-0.017313
-0.017031
-0.016661
-0.015776
-0.014679
-0.013745
-0.013055
-0.012551
-0.0123
-0.012136
-0.011837
-0.010937
-0.0095039
-0.0079547
-0.0066387
-0.0056632
-0.0049754
-0.0044035
-0.003827
-0.0031827
-0.0024345
-0.0015491
-0.00045422
0.0010545
0.0028282
0.0046243
0.0067175
0.009273
0.011443
0.012988
0.014181
0.015029
0.015432
0.015712
0.015896
0.015575
0.014597
0.013213
0.012077
0.0112
0.010048
0.0093757
0.0097869
0.0096953
0.0085312
0.0075014
0.0073429
0.0077027
0.0077981
0.0073075
0.0061361
0.0041626
0.0013667
-0.0020446
-0.0056463
-0.0092341
-0.013103
-0.017365
-0.0217
-0.025055
-0.027016
-0.028491
-0.029954
-0.030956
-0.030798
-0.029441
-0.027629
-0.02577
-0.023784
-0.021469
-0.018721
-0.015692
-0.012506
-0.0087678
-0.0050923
-0.0024454
-0.00032211
0.0017432
0.0024738
0.0020564
0.0016071
0.0011615
0.00016494
-0.0015052
-0.0032137
-0.0043605
-0.0049586
-0.0051639
-0.0047232
-0.0040759
-0.0038491
-0.0034741
-0.0023797
-0.0010627
-0.00039819
-0.00076812
-0.0013994
-0.0016767
-0.0013899
-0.00087457
-0.00041298
0.00042763
0.0020273
0.0039271
0.005613
0.0069374
0.007973
0.0086755
0.0084436
0.007387
0.0057026
0.0034793
0.00080442
-0.0018954
-0.0046247
-0.007654
-0.010653
-0.013292
-0.015247
-0.016289
-0.016191
-0.01515
-0.013582
-0.01134
-0.0084025
-0.0049562
-0.0013341
0.0022072
0.0048447
0.0069407
0.0094061
0.011948
0.01339
0.013811
0.013775
0.013478
0.013015
0.01241
0.011309
0.0096375
0.0084287
0.0076159
0.0062329
0.0035041
-0.00032233
-0.0046216
-0.0086133
-0.012053
-0.015098
-0.017832
-0.020028
-0.021511
-0.022537
-0.023543
-0.024458
-0.02496
-0.025213
-0.025131
-0.024011
-0.022087
-0.019772
-0.016937
-0.013886
-0.011678
-0.0098757
-0.0075968
-0.0053994
-0.0038977
-0.0032382
-0.0027285
-0.0017774
-0.0010388
-0.0010144
-0.0014492
-0.0018558
-0.0020214
-0.0014236
-8.63e-05
0.0014564
0.002805
0.0039119
0.0043253
0.00407
0.0037108
0.0034105
0.002855
0.0018834
0.00075133
-9.9305e-05
-0.00063519
-0.0010405
-0.0012982
-0.001545
-0.0020755
-0.0031358
-0.0044946
-0.0047275
-0.003896
-0.0029987
-0.0021104
-0.00068792
0.0014403
0.0035266
0.0048484
0.0061024
0.0078915
0.0095049
0.010484
0.011034
0.011583
0.012236
0.012885
0.013492
0.014406
0.015349
0.015569
0.015743
0.01667
0.017861
0.0188
0.019596
0.020804
0.022548
0.024579
0.026344
0.027918
0.030451
0.033706
0.036654
0.039526
0.04289
0.0462
0.049179
0.052076
0.054721
0.056733
0.0577
0.057913
0.057488
0.05658
0.055217
0.052919
0.049531
0.045159
0.040222
0.035167
0.030375
0.026118
0.022342
0.0185
0.014527
0.010785
0.0073957
0.0041929
0.0010179
-0.0019486
-0.0044077
-0.0058202
-0.0063701
-0.0064319
-0.0059512
-0.004908
-0.0035539
-0.0023991
-0.0017997
-0.0017377
-0.0017565
-0.0012378
-0.00033983
0.00048535
0.0010494
0.0012647
0.00079616
-7.388e-06
-0.00063373
-0.00074221
-0.00077658
-0.0012764
-0.0019079
-0.0022681
-0.0026891
-0.0034643
-0.0046036
-0.0061927
-0.0081405
-0.010146
-0.011463
-0.01196
-0.013073
-0.014749
-0.015817
-0.016292
-0.016823
-0.017873
-0.019393
-0.021202
-0.023039
-0.025064
-0.027814
-0.030323
-0.031736
-0.032921
-0.03412
-0.034119
-0.033358
-0.032848
-0.032362
-0.031714
-0.031185
-0.030664
-0.030028
-0.029698
-0.029805
-0.030004
-0.029217
-0.028991
-0.030099
-0.031083
-0.030844
-0.030137
-0.029812
-0.02935
-0.028164
-0.027266
-0.027174
-0.027309
-0.027461
-0.027762
-0.027679
-0.027497
-0.028211
-0.029567
-0.030783
-0.031538
-0.032275
-0.033464
-0.034893
-0.036121
-0.036879
-0.037095
-0.036878
-0.036456
-0.035768
-0.034505
-0.032922
-0.031424
-0.030422
-0.029839
-0.02931
-0.028689
-0.028084
-0.02737
-0.02653
-0.025878
-0.025407
-0.024515
-0.0233
-0.022311
-0.021795
-0.02149
-0.020408
-0.018583
-0.016671
-0.01463
-0.012096
-0.0092895
-0.0064273
-0.0033541
6.0256e-05
0.0038783
0.0081344
0.012545
0.016268
0.019114
0.020958
0.021488
0.020706
0.019472
0.018051
0.015644
0.012449
0.0091894
0.0061684
0.0032194
0.00016044
-0.0030493
-0.0064238
-0.010096
-0.013917
-0.017408
-0.019943
-0.022085
-0.024498
-0.026747
-0.028053
-0.027841
-0.026734
-0.025517
-0.02452
-0.023432
-0.021835
-0.019772
-0.017558
-0.015594
-0.013819
-0.011714
-0.0094138
-0.0074148
-0.0054566
-0.0030914
-0.00010737
0.0029931
0.0055894
0.0080295
0.010831
0.013866
0.016774
0.019361
0.021443
0.022739
0.023232
0.023178
0.022279
0.02087
0.019476
0.017891
0.015751
0.014168
0.013575
0.013124
0.012259
0.01119
0.010498
0.01008
0.0091423
0.0072485
0.0045815
0.0015497
-0.0017485
-0.0054625
-0.0089989
-0.011713
-0.013173
-0.014488
-0.01656
-0.018046
-0.018213
-0.017962
-0.018001
-0.018223
-0.018373
-0.018564
-0.019241
-0.020081
-0.020688
-0.021658
-0.023057
-0.023968
-0.02406
-0.023701
-0.023267
-0.022646
-0.021463
-0.020088
-0.019037
-0.01814
-0.017133
-0.016097
-0.015163
-0.01429
-0.012893
-0.011018
-0.0097474
-0.0094441
-0.009706
-0.0093999
-0.0080693
-0.0059763
-0.0039175
-0.0023738
-0.00071362
0.0016349
0.0043238
0.0068866
0.0092208
0.010975
0.011688
0.012009
0.012553
0.013287
0.013728
0.013591
0.013318
0.013372
0.014239
0.015532
0.016657
0.017727
0.019116
0.020842
0.022621
0.024212
0.025406
0.026167
0.026501
0.026654
0.027108
0.027755
0.028222
0.028288
0.028106
0.027946
0.027829
0.027614
0.027413
0.027278
0.027056
0.026833
0.026726
0.026004
0.024303
0.021872
0.01939
0.017016
0.013856
0.010061
0.0065703
0.0041094
0.0022636
-6.3084e-05
-0.0023012
-0.0031245
-0.0029663
-0.0027548
-0.0026641
-0.0025278
-0.0022567
-0.0019116
-0.0020325
-0.0028711
-0.0037869
-0.0043387
-0.0042055
-0.0036537
-0.003291
-0.0029317
-0.0017176
5.4953e-05
0.0016698
0.0029996
0.0038478
0.003878
0.0037509
0.0039612
0.0043412
0.0045815
0.004619
0.004258
0.0034461
0.0026381
0.0020441
0.0015115
0.00087616
6.1914e-05
-0.0014635
-0.0036033
-0.0055598
-0.0069566
-0.007908
-0.0081719
-0.0080601
-0.0080182
-0.0082702
-0.0088775
-0.010303
-0.012301
-0.014505
-0.016929
-0.019727
-0.022837
-0.025546
-0.027211
-0.028766
-0.030531
-0.03139
-0.0313
-0.031011
-0.031044
-0.031302
-0.031552
-0.031614
-0.031538
-0.031693
-0.032318
-0.033455
-0.034343
-0.034449
-0.033893
-0.033025
-0.032
-0.030623
-0.028731
-0.026366
-0.023774
-0.021308
-0.019257
-0.017798
-0.016708
-0.015747
-0.015156
-0.015218
-0.016033
-0.017277
-0.018691
-0.020645
-0.022594
-0.023565
-0.023627
-0.023367
-0.023035
-0.022391
-0.021121
-0.019911
-0.019231
-0.01913
-0.019729
-0.02135
-0.023676
-0.02612
-0.02824
-0.030127
-0.031888
-0.032838
-0.032835
-0.031776
-0.029764
-0.026968
-0.023207
-0.018607
-0.013819
-0.0093188
-0.0051525
-0.0013143
0.0020853
0.0046364
0.0064594
0.0082544
0.010223
0.012096
0.013851
0.015664
0.017859
0.019886
0.020989
0.02172
0.02258
0.022731
0.021887
0.020451
0.018839
0.017072
0.015295
0.013723
0.012561
0.012047
0.012045
0.012414
0.01346
0.0156
0.018163
0.020617
0.023439
0.026634
0.029581
0.031696
0.033043
0.034513
0.036102
0.0368
0.036932
0.037352
0.037845
0.038084
0.038357
0.038797
0.039269
0.039511
0.039684
0.04033
0.040904
0.040523
0.039326
0.037965
0.036815
0.035594
0.033829
0.031219
0.028086
0.025019
0.021761
0.017879
0.013623
0.0096377
0.0063171
0.0034455
0.00077454
-0.0016078
-0.004204
-0.0072845
-0.0098678
-0.012819
-0.017729
-0.022279
-0.024881
-0.026588
-0.028318
-0.029877
-0.03081
-0.031229
-0.031374
-0.031034
-0.030004
-0.028471
-0.026626
-0.024187
-0.021619
-0.019446
-0.017521
-0.015514
-0.01332
-0.010988
-0.0085472
-0.0060787
-0.0036437
-0.0014413
0.00048481
0.0020457
0.0031087
0.0036766
0.0039202
0.0039919
0.0040019
0.0035837
0.0024259
0.00052332
-0.0017114
-0.0041133
-0.0065095
-0.0087535
-0.010642
-0.012339
-0.014045
-0.01546
-0.016431
-0.017166
-0.017828
-0.018322
-0.018462
-0.018226
-0.017688
-0.017232
-0.017183
-0.017619
-0.018325
-0.019062
-0.020036
-0.021444
-0.022919
-0.023812
-0.023363
-0.022517
-0.022303
-0.022513
-0.02257
-0.022356
-0.021862
-0.021098
-0.020019
-0.018533
-0.016511
-0.014468
-0.012881
-0.012031
-0.011921
-0.01131
-0.008768
-0.0071737
-0.0067077
-0.0060187
-0.0049891
-0.0039804
-0.0030593
-0.0020208
-0.00083942
0.00018885
0.0010244
0.0018313
0.0025464
0.0028446
0.001778
-6.8736e-05
-0.001487
-0.0020659
-0.0023988
-0.0033893
-0.0045932
-0.0049811
-0.004366
-0.0035528
-0.0035539
-0.0039517
-0.0039235
-0.0036538
-0.0034043
-0.0022436
-0.00018984
0.0020203
0.0038715
0.0055223
0.0073932
0.0094455
0.011242
0.01217
0.012108
0.011588
0.01109
0.010562
0.0098621
0.0089658
0.0077368
0.0067381
0.0066991
0.0077906
0.0097785
0.011952
0.014202
0.016908
0.019659
0.022003
0.024018
0.025895
0.027608
0.029209
0.030666
0.031299
0.031071
0.030699
0.030571
0.030542
0.030615
0.030659
0.030261
0.029087
0.026989
0.025031
0.023463
0.021256
0.018364
0.015466
0.013336
0.01197
0.010226
0.0082415
0.0070799
0.0068697
0.0069049
0.0063832
0.0059551
0.0066507
0.0076144
0.0081405
0.0091881
0.010611
0.011373
0.011766
0.012395
0.012938
0.013364
0.014027
0.014437
0.014219
0.014096
0.014384
0.014723
0.014333
0.013023
0.011625
0.010565
0.0096143
0.0087393
0.0076634
0.0055877
0.0019006
-0.0019838
-0.0033242
-0.0036801
-0.0051675
-0.0070414
-0.008459
-0.0095714
-0.009712
-0.0089498
-0.0085694
-0.0087412
-0.0087419
-0.008521
-0.0083777
-0.0084219
-0.0088104
-0.0097105
-0.010679
-0.011436
-0.012148
-0.012871
-0.013483
-0.014211
-0.015
-0.015321
-0.015065
-0.014476
-0.013575
-0.012304
-0.010753
-0.009319
-0.0080432
-0.006224
-0.0040003
-0.0019962
0.0003866
0.0037243
0.0071624
0.010019
0.012241
0.014041
0.015336
0.016226
0.016801
0.016969
0.016534
0.015249
0.013369
0.011345
0.0094612
0.0071932
0.0041436
0.00078884
-0.0017448
-0.0026827
-0.0026979
-0.0026611
-0.0025098
-0.001911
-0.0007893
0.00074983
0.0025837
0.0043701
0.005713
0.0061326
0.0067472
0.0082531
0.0087
0.0078979
0.0074161
0.0082772
0.0099967
0.010582
0.010001
0.0095548
0.0094629
0.0091215
0.0082179
0.0066524
0.0039282
0.00072228
-0.0021443
-0.0045992
-0.0073946
-0.010964
-0.013568
-0.014543
-0.015026
-0.015012
-0.014002
-0.013269
-0.013289
-0.013127
-0.012267
-0.010906
-0.0086495
-0.0058382
-0.0038233
-0.0025811
-0.0014622
-0.00096309
-0.0012803
-0.0017722
-0.0019306
-0.0017193
-0.0014087
-0.0012577
-0.0016562
-0.002005
-0.0015139
-0.00091533
-0.00091685
-0.0015522
-0.0021776
-0.0022855
-0.0019844
-0.0016698
-0.0016366
-0.0023228
-0.0041009
-0.0061272
-0.0077676
-0.0091659
-0.010474
-0.011666
-0.012871
-0.01391
-0.014255
-0.014178
-0.014153
-0.014097
-0.01383
-0.013312
-0.012991
-0.013139
-0.01338
-0.013833
-0.015395
-0.017186
-0.017989
-0.017522
-0.016584
-0.015596
-0.014567
-0.013295
-0.011322
-0.0089647
-0.006862
-0.0046638
-0.0019836
6.937e-06
0.00091944
0.0015749
0.0022915
0.0026944
0.0029956
0.0034257
0.0037679
0.0041144
0.0047708
0.0051978
0.00498
0.0046103
0.0040077
0.0025454
0.00027417
-0.0025348
-0.0057667
-0.0093885
-0.013321
-0.016604
-0.018903
-0.020676
-0.022306
-0.023524
-0.023008
-0.0208
-0.017207
-0.013501
-0.010452
-0.0076045
-0.0044754
-0.0014471
0.00078086
0.001864
0.0026927
0.0038538
0.0050592
0.0060495
0.0070019
0.0084374
0.010564
0.013155
0.016099
0.019579
0.023422
0.027395
0.030971
0.033814
0.035222
0.03568
0.036817
0.038048
0.037847
0.037233
0.037319
0.037764
0.037836
0.037287
0.036284
0.035196
0.034355
0.033344
0.031599
0.029552
0.027599
0.025486
0.022978
0.020029
0.016297
0.012184
0.0082554
0.0040337
-0.0004131
-0.003868
-0.006411
-0.0087833
-0.010976
-0.012709
-0.01379
-0.013923
-0.013359
-0.012605
-0.011627
-0.010109
-0.0088959
-0.0085279
-0.0079897
-0.0068407
-0.0055282
-0.0041764
-0.0025898
-0.00075676
0.0010922
0.0025937
0.0035137
0.0036843
0.0033866
0.0029876
0.0026118
0.0016047
-0.0006372
-0.0026917
-0.0034875
-0.0031811
-0.0030768
-0.0038448
-0.0042126
-0.0034168
-0.0016901
0.00054947
0.0032564
0.0057087
0.0076355
0.010033
0.012675
0.015503
0.019677
0.023233
0.025092
0.026341
0.027942
0.029597
0.030418
0.030184
0.029734
0.029514
0.029222
0.029103
0.029389
0.02914
0.02855
0.028864
0.029489
0.029357
0.028736
0.028073
0.027136
0.025965
0.024763
0.023417
0.02192
0.020395
0.018684
0.016595
0.01407
0.011506
0.0093041
0.0075998
0.0061964
0.0042747
0.0022382
0.0010239
-5.6384e-05
-0.0015415
-0.0028519
-0.0039511
-0.0053493
-0.0074104
-0.0097163
-0.011386
-0.012376
-0.013132
-0.013651
-0.01331
-0.011175
-0.0080604
-0.004942
-0.0019964
0.0010582
0.0042744
0.0072998
0.0094422
0.010125
0.0095157
0.0088946
0.0084367
0.0071479
0.0055583
0.0045651
0.0035457
0.0020846
0.00073652
-0.00057162
-0.0022853
-0.0045315
-0.0067672
-0.0084791
-0.009831
-0.010997
-0.011354
-0.011094
-0.010883
-0.010878
-0.010778
-0.010152
-0.0095379
-0.010036
-0.010513
-0.009779
-0.0089442
-0.0086053
-0.0079955
-0.0068562
-0.0055209
-0.0040752
-0.0027671
-0.0022932
-0.0027096
-0.0039008
-0.005688
-0.00809
-0.011352
-0.014411
-0.016408
-0.017835
-0.019514
-0.021753
-0.023653
-0.023776
-0.022531
-0.021044
-0.019731
-0.018493
-0.017528
-0.016361
-0.014467
-0.012483
-0.010989
-0.010087
-0.0094653
-0.0089015
-0.0081986
-0.0073143
-0.0061519
-0.0046462
-0.0025605
-0.0010653
-0.0010017
-0.0015561
-0.0023075
-0.004009
-0.0061844
-0.0080567
-0.010082
-0.012085
-0.012543
-0.012315
-0.012711
-0.012743
-0.011865
-0.010498
-0.0087715
-0.0065702
-0.0041483
-0.001611
0.0015581
0.0047165
0.0067932
0.0085244
0.010706
0.012474
0.01327
0.013622
0.01386
0.013658
0.012631
0.011089
0.0098061
0.0088953
0.0080577
0.0071756
0.0063928
0.0059203
0.0058798
0.0062566
0.0059631
0.0048562
0.0040394
0.0038656
0.0039634
0.0043057
0.0049551
0.0058017
0.0070656
0.009122
0.011365
0.013313
0.015246
0.017275
0.019024
0.020603
0.022308
0.024144
0.025638
0.026037
0.025611
0.024776
0.023535
0.021925
0.020265
0.018197
0.015179
0.012207
0.0099852
0.0082116
0.0068862
0.0061038
0.0050071
0.003625
0.0028411
0.0023764
0.0015722
0.00069934
-0.00014343
-0.0012498
-0.0024807
-0.0034892
-0.0036449
-0.0031153
-0.0023927
-0.0016631
-0.00081921
-0.00012596
0.00045108
0.0012138
0.002473
0.0042132
0.006052
0.0074457
0.0076945
0.0074135
0.0073661
0.0072428
0.0065396
0.0052081
0.0036416
0.0021016
0.00047146
-0.001173
-0.0023088
-0.002789
-0.0027407
-0.0019058
-0.00072449
8.9331e-05
0.00039299
0.00044428
0.0003645
-8.9365e-06
-0.00092294
-0.0019157
-0.0025549
-0.0030419
-0.0035626
-0.0038947
-0.0035031
-0.0022573
-0.00073532
0.00063078
0.001717
0.0025043
0.0027587
0.0018448
9.6456e-05
-0.0012531
-0.0020116
-0.0026731
-0.0032297
-0.0034342
-0.0031791
-0.0028167
-0.0026359
-0.0025061
-0.0025938
-0.0036385
-0.0052208
-0.0068449
-0.0083795
-0.0099377
-0.011647
-0.01326
-0.014465
-0.015037
-0.015295
-0.015421
-0.014814
-0.01339
-0.011828
-0.010345
-0.0085942
-0.0063713
-0.003911
-0.0017141
0.00037371
0.0029252
0.0053404
0.0069905
0.0085783
0.010336
0.011402
0.011269
0.0099803
0.0091717
0.009097
0.0081776
0.0068699
0.0063368
0.0058369
0.0047504
0.0035869
0.0027481
0.00208
0.0010459
-0.00018384
-0.00072241
-0.00072608
-0.00074167
-0.00048688
0.00016496
0.0010805
0.0019577
0.0025467
0.0023449
0.0019012
0.0022461
0.0033619
0.0046686
0.0059082
0.0070528
0.0078763
0.0085373
0.0093238
0.010533
0.011729
0.011883
0.011672
0.012173
0.012618
0.012289
0.011553
0.010796
0.0099722
0.0094898
0.0095437
0.0099335
0.010009
0.0095429
0.0092143
0.009265
0.0091868
0.0087446
0.0080963
0.0072838
0.0063272
0.0053386
0.0042402
0.0029625
0.0017684
0.00066262
-0.0006326
-0.0022279
-0.0040643
-0.0062205
-0.0083144
-0.0098776
-0.011181
-0.0127
-0.01465
-0.016554
-0.017949
-0.018436
-0.018197
-0.017737
-0.017618
-0.017859
-0.01762
-0.016766
-0.01605
-0.015659
-0.015204
-0.014054
-0.012104
-0.0095862
-0.0068188
-0.0037781
-0.00057078
0.0026592
0.005744
0.0086228
0.011114
0.012707
0.013313
0.013958
0.014995
0.015874
0.0163
0.016454
0.016861
0.017563
0.018109
0.017902
0.016634
0.015302
0.014432
0.013499
0.012001
0.010047
0.0082581
0.0065644
0.0042545
0.001697
-0.00043163
-0.002096
-0.0035728
-0.0048558
-0.0055364
-0.0056615
-0.0055542
-0.0059982
-0.0070854
-0.0072981
-0.0067354
-0.0066186
-0.0068211
-0.0066105
-0.0051541
-0.0031038
-0.0015391
-0.00081182
-0.00062493
-0.00058709
-0.00057459
-0.00082252
-0.0010955
-0.0010957
-0.0010187
-0.00084137
-0.00031163
-2.5911e-05
-0.00041243
-0.00097228
-0.0010262
-0.00040421
-0.00019241
-0.00082182
-0.00057331
0.0007807
0.0020891
0.0027102
0.0028978
0.0031434
0.0034946
0.003563
0.0032438
0.0027467
0.0024061
0.0022475
0.0021212
0.0020363
0.002064
0.0020458
0.0023516
0.0035103
0.004895
0.0058253
0.0059288
0.0056661
0.0054746
0.0052717
0.0049027
0.0048238
0.0050908
0.00541
0.0057164
0.006189
0.0070718
0.0078427
0.0075155
0.0070244
0.0073483
0.0073659
0.0066404
0.0058672
0.0053508
0.0048939
0.0048244
0.0050437
0.0047612
0.0040517
0.0034323
0.0029597
0.0023032
0.0011209
-0.0003498
-0.0016996
-0.0025425
-0.0030351
-0.0033847
-0.0037573
-0.0042299
-0.0050179
-0.0056365
-0.0054596
-0.0050296
-0.0048877
-0.0046922
-0.0040815
-0.0031179
-0.002391
-0.0021007
-0.0021715
-0.0027672
-0.0039502
-0.0051098
-0.0062541
-0.0078603
-0.0095841
-0.011036
-0.01227
-0.013207
-0.013736
-0.013936
-0.013782
-0.01304
-0.011862
-0.010467
-0.0086606
-0.0066687
-0.0050391
-0.0039779
-0.0032666
-0.0023233
-0.001033
0.00031497
0.0011795
0.0013919
0.0011474
0.00072185
0.00032847
0.00011668
9.4277e-05
0.00017548
0.00027835
0.00045707
0.00086241
0.0015453
0.0024139
0.0031353
0.0034722
0.0040694
0.0052919
0.006295
0.0067636
0.0071025
0.0076394
0.0082424
0.0082961
0.0076214
0.0064174
0.0052027
0.0041372
0.003004
0.0015422
-0.00026951
-0.0016499
-0.0022966
-0.0026149
-0.0031974
-0.0040811
-0.0045015
-0.0044958
-0.0046919
-0.0054036
-0.006513
-0.0077802
-0.0090886
-0.010451
-0.011591
-0.012655
-0.014289
-0.015928
-0.016855
-0.017414
-0.018047
-0.018752
-0.019734
-0.021077
-0.022254
-0.023124
-0.023929
-0.024561
-0.024874
-0.024867
-0.024462
-0.023619
-0.022425
-0.020942
-0.019201
-0.017963
-0.017616
-0.017189
-0.016299
-0.015599
-0.01505
-0.014273
-0.013633
-0.013181
-0.012517
-0.011875
-0.01155
-0.010941
-0.0097191
-0.0080643
-0.0065944
-0.0054
-0.0035337
-0.0013648
-6.8812e-06
0.00069613
0.0013045
0.0017351
0.0018893
0.0018996
0.0022215
0.0029581
0.0040771
0.0054295
0.0069105
0.0082165
0.0092855
0.010305
0.011597
0.013303
0.014936
0.016147
0.016967
0.017561
0.017939
0.018529
0.019403
0.02012
0.020255
0.019884
0.019693
0.019742
0.019476
0.018739
0.017754
0.01663
0.015613
0.014932
0.014267
0.013476
0.012874
0.012333
0.011602
0.010901
0.010312
0.009687
0.0090318
0.0082921
0.0068453
0.0050155
0.0035198
0.001998
0.00018237
-0.0013968
-0.0022211
-0.0023286
-0.0022074
-0.0018388
-0.00083962
0.00025483
0.0010285
0.0016457
0.0021878
0.0024072
0.001868
0.00072677
-0.00042462
-0.0018813
-0.0040661
-0.0064192
-0.0082589
-0.0093792
-0.010137
-0.01081
-0.011311
-0.011544
-0.011598
-0.011954
-0.012716
-0.013589
-0.014498
-0.015429
-0.015658
-0.015534
-0.015808
-0.015472
-0.013957
-0.011669
-0.0095926
-0.0082757
-0.0070251
-0.0053033
-0.0036238
-0.0024073
-0.0017179
-0.0013784
-0.0012903
-0.0016434
-0.0023267
-0.0030791
-0.0037274
-0.004309
-0.0049886
-0.0057157
-0.006287
-0.0064908
-0.0063659
-0.0058462
-0.0053044
-0.0052409
-0.0058763
-0.0066675
-0.0066555
-0.0061067
-0.0056879
-0.0053203
-0.004823
-0.0044496
-0.0042749
-0.0042071
-0.0041285
-0.004269
-0.0051687
-0.0061474
-0.0064545
-0.0062729
-0.0061608
-0.0064524
-0.0065505
-0.0060678
-0.0059822
-0.0064262
-0.0066282
-0.0065424
-0.0065717
-0.0067013
-0.0066166
-0.0059248
-0.0048894
-0.0039573
-0.0034488
-0.0031765
-0.0028981
-0.0023835
-0.0017717
-0.0021181
-0.003029
-0.003379
-0.0034041
-0.0038705
-0.0052081
-0.0069361
-0.0084413
-0.0093928
-0.0099559
-0.010399
-0.010854
-0.011206
-0.011229
-0.010812
-0.0098894
-0.0086711
-0.0072633
-0.0056874
-0.004192
-0.0033142
-0.0028723
-0.0024813
-0.0018098
-0.00098437
-0.00053922
-0.0010787
-0.0028391
-0.0043424
-0.0048916
-0.0052133
-0.0061345
-0.0075821
-0.0085406
-0.0089305
-0.009422
-0.009905
-0.0098591
-0.0089242
-0.0077919
-0.0074424
-0.0077011
-0.0080007
-0.0084305
-0.0090261
-0.0095774
-0.0095193
-0.0088313
-0.0090462
-0.010082
-0.010558
-0.010095
-0.0092686
-0.0086241
-0.0082884
-0.0082659
-0.0087504
-0.0096625
-0.0097717
-0.0090367
-0.0082079
-0.0076907
-0.0073255
-0.0068432
-0.0063496
-0.006266
-0.0061151
-0.0053901
-0.0044692
-0.0038764
-0.0038541
-0.004273
-0.0050376
-0.0056006
-0.005811
-0.0060198
-0.0064333
-0.0069451
-0.0073791
-0.0076392
-0.0077772
-0.0079993
-0.0082849
-0.0084234
-0.0084651
-0.0086355
-0.0093119
-0.010199
-0.010702
-0.010692
-0.010459
-0.010497
-0.010727
-0.01071
-0.010467
-0.010279
-0.010287
-0.010359
-0.010321
-0.010152
-0.0099405
-0.0098323
-0.0098805
-0.010099
-0.010507
-0.01107
-0.01152
-0.011899
-0.012574
-0.013256
-0.013571
-0.013753
-0.014032
-0.014307
-0.014317
-0.013996
-0.013597
-0.013382
-0.013495
-0.013616
-0.013527
-0.013711
-0.014388
-0.01525
-0.015971
-0.016454
-0.016454
-0.016099
-0.015513
-0.014844
-0.014183
-0.013739
-0.013396
-0.012744
-0.012016
-0.011525
-0.010709
-0.0095073
-0.008724
-0.0080604
-0.006852
-0.0065909
-0.0077306
-0.008763
-0.0087536
-0.0078732
-0.0068196
-0.0058833
-0.0048796
-0.0036551
-0.002236
-0.00083436
0.00053511
0.0023372
0.0041868
0.0053448
0.0061435
0.007118
0.0083221
0.0095957
0.010947
0.01208
0.01276
0.012913
0.012646
0.012087
0.011554
0.011249
0.011289
0.011331
0.01093
0.010579
0.010816
0.011465
0.012019
0.012073
0.012278
0.013107
0.013387
0.012784
0.012391
0.012393
0.012241
0.011782
0.011487
0.012066
0.013188
0.014246
0.015212
0.016366
0.017807
0.019034
0.019684
0.019893
0.019955
0.020043
0.020056
0.019804
0.019324
0.018741
0.018097
0.017519
0.017027
0.016153
0.014845
0.013592
0.012759
0.012241
0.011512
0.010451
0.0092771
0.0085018
0.0082337
0.0077152
0.0071587
0.007389
0.0079684
0.0082311
0.0080777
0.0080576
0.0088012
0.0099199
0.010733
0.010736
0.010456
0.010662
0.011163
0.011393
0.011028
0.010585
0.010854
0.011632
0.012305
0.012448
0.012487
0.013133
0.013895
0.01412
0.014152
0.014383
0.01469
0.014711
0.014285
0.01324
0.011741
0.010216
0.0085886
0.0066351
0.0046286
0.0030576
0.0021755
0.001485
0.00068614
0.00013423
-0.00013751
-0.00041777
-0.0005389
-0.00024504
0.00039827
0.0009494
0.0011057
0.0014646
0.0024047
0.0031874
0.0034287
0.0032929
0.0033902
0.0039684
0.0045927
0.004935
0.0050175
0.0051867
0.0056195
0.0061176
0.0064831
0.0066732
0.0066012
0.0063331
0.0066943
0.0077368
0.0086246
0.00919
0.0098127
0.010621
0.011501
0.012355
0.013166
0.013948
0.014659
0.015322
0.016093
0.016897
0.017561
0.018223
0.018932
0.019243
0.019182
0.019104
0.019202
0.019357
0.019232
0.018791
0.018214
0.017734
0.017356
0.016803
0.01616
0.015709
0.015143
0.014179
0.01315
0.012378
0.01187
0.011359
0.01056
0.0092238
0.0080861
0.0071574
0.0061135
0.0053046
0.0048832
0.0045013
0.0041798
0.0042003
0.0049941
0.0063226
0.0073798
0.0083059
0.0097395
0.01154
0.013295
0.0149
0.016386
0.017718
0.018648
0.019038
0.019173
0.01937
0.019709
0.020275
0.020999
0.020999
0.020071
0.018802
0.017837
0.017192
0.016253
0.014844
0.01324
0.011613
0.0099511
0.0084754
0.0071243
0.0056805
0.0041944
0.0026262
0.00068879
-0.00058419
-0.00047816
-0.000167
-0.00051039
-0.0013276
-0.0020484
-0.0024543
-0.0025726
-0.0028013
-0.0034895
-0.0034097
-0.0021668
-0.00090086
-0.00051269
-0.00097325
-0.0010469
-0.00045804
-0.00070308
-0.002044
-0.0035643
-0.0043981
-0.0048577
-0.0059429
-0.0076442
-0.0092167
-0.009574
-0.0091507
-0.0089191
-0.0090994
-0.0093511
-0.0095243
-0.0096286
-0.0095947
-0.0093887
-0.0090773
-0.0089249
-0.0089319
-0.0088519
-0.0088398
-0.0091335
-0.0096745
-0.010221
-0.010507
-0.010478
-0.01029
-0.010388
-0.010662
-0.010488
-0.010063
-0.009856
-0.0097037
-0.0094554
-0.0093676
-0.0094823
-0.0096445
-0.0097454
-0.0098827
-0.010241
-0.010386
-0.0099881
-0.0095538
-0.009415
-0.0094083
-0.0094833
-0.009702
-0.0098809
-0.010014
-0.010351
-0.010829
-0.011225
-0.011321
-0.011094
-0.010583
-0.0099642
-0.0094092
-0.009365
-0.0097667
-0.010091
-0.01043
-0.011054
-0.011363
-0.011148
-0.010905
-0.010909
-0.011116
-0.012076
-0.01365
-0.014829
-0.015462
-0.015941
-0.01599
-0.0157
-0.015403
-0.015013
-0.014362
-0.013761
-0.013103
-0.011782
-0.01029
-0.009227
-0.007928
-0.0060737
-0.0042911
-0.002947
-0.0019351
-0.00093494
0.00013997
0.0010073
0.0012551
0.00076339
0.00089231
0.001989
0.0026428
0.0024847
0.0021882
0.001672
0.00082087
0.0001576
-9.936e-05
-8.9708e-05
9.8881e-05
0.00032424
0.00029753
7.2651e-06
-0.0004131
-0.00053064
-0.00043085
-0.00073664
-0.00117
-0.0010737
-0.00063895
-0.00034407
-0.00036469
4.382e-05
0.0015357
0.0025868
0.0024942
0.0023172
0.0028105
0.0037721
0.0043204
0.0043444
0.0045658
0.0051651
0.0058557
0.0066813
0.0075693
0.007698
0.0072082
0.0068031
0.006724
0.0067562
0.0068294
0.0070025
0.007365
0.0079369
0.0085691
0.0088382
0.0085294
0.0076399
0.0065361
0.0054997
0.0045964
0.0035903
0.0023046
0.0010443
0.00012708
-0.00031928
-0.00038007
-0.00025177
-0.00042755
-0.00073448
-0.00055323
-0.0001116
9.1696e-05
7.9698e-05
0.00020507
0.00078235
0.0014934
0.0018865
0.0024513
0.003836
0.0050415
0.0055616
0.0061804
0.0067314
0.0063031
0.0048943
0.0034214
0.0029396
0.0028884
0.0023799
0.001873
0.0020288
0.0029175
0.0038628
0.004407
0.0048884
0.0055304
0.0060081
0.0061835
0.0060717
0.0054135
0.0044659
0.004073
0.0039281
0.0032882
0.0024152
0.0018176
0.0015931
0.0016176
0.0017443
0.0016044
0.00092744
-0.00053056
-0.0023237
-0.0040968
-0.0057644
-0.0069238
-0.0077716
-0.0087103
-0.0094908
-0.0097988
-0.0099957
-0.010415
-0.011032
-0.011418
-0.011419
-0.011523
-0.011885
-0.01221
-0.011987
-0.011322
-0.010895
-0.010886
-0.010998
-0.010622
-0.0096152
-0.0085756
-0.0077253
-0.0067868
-0.0056
-0.0042334
-0.0028701
-0.0015643
-0.00025997
0.00082202
0.0015081
0.0018892
0.0022102
0.0027454
0.0032072
0.0031786
0.002832
0.0025405
0.0024937
0.0027265
0.0032035
0.0040284
0.0049928
0.0054944
0.0058952
0.0068048
0.0075465
0.0076464
0.0074998
0.00753
0.0077241
0.007784
0.007641
0.0075013
0.0073287
0.0069614
0.0068114
0.0069463
0.0068364
0.0063162
0.0055589
0.0048453
0.0043104
0.0039945
0.0035786
0.00289
0.0023898
0.0020859
0.0012913
0.00015341
-0.000775
-0.0012289
-0.0013789
-0.0012833
-0.0012594
-0.0014993
-0.0017755
-0.0018963
-0.0018884
-0.0018606
-0.0017882
-0.0012883
-0.00053865
-3.7537e-05
0.00018672
0.0003906
0.00072051
0.0011555
0.0017011
0.0025538
0.0037354
0.004521
0.0050342
0.0064199
0.0083329
0.0097726
0.010535
0.010935
0.011039
0.011113
0.011435
0.011772
0.011826
0.011453
0.011166
0.011527
0.012298
0.012962
0.012674
0.011865
0.01149
0.011465
0.011286
0.011132
0.010963
0.010277
0.0088499
0.0070769
0.0064514
0.0067773
0.0068894
0.0065515
0.0062515
0.0062466
0.0061359
0.0054484
0.0047239
0.0044649
0.0044778
0.0047182
0.0053951
0.0052686
0.0038634
0.0037295
0.0048193
0.0050431
0.0040615
0.0028571
0.0025596
0.003332
0.0047934
0.0059277
0.0064123
0.0067706
0.0072349
0.0073353
0.0069974
0.0064567
0.0057178
0.0046859
0.0033484
0.0024913
0.002453
0.0021378
0.0011178
-7.415e-05
-0.00052478
-0.00026951
-8.8938e-05
-0.00063264
-0.0019729
-0.0029701
-0.0032809
-0.004039
-0.005158
-0.0056002
-0.0053982
-0.0052561
-0.0059769
-0.0072572
-0.0084211
-0.0093071
-0.010001
-0.01034
-0.010487
-0.010601
-0.010464
-0.010192
-0.010414
-0.010885
-0.011044
-0.011011
-0.011045
-0.011061
-0.011097
-0.011285
-0.011463
-0.011522
-0.011567
-0.011549
-0.011341
-0.011291
-0.01145
-0.011063
-0.010278
-0.0097989
-0.0094797
-0.0089505
-0.0085663
-0.0083898
-0.0081286
-0.0077989
-0.0075523
-0.0073219
-0.0070932
-0.0069701
-0.0065044
-0.0054139
-0.0043312
-0.0037776
-0.0038486
-0.0038385
-0.0033253
-0.0029238
-0.0030724
-0.0035866
-0.0039354
-0.0039233
-0.0038264
-0.0038012
-0.0036879
-0.003564
-0.0036313
-0.0037797
-0.0037938
-0.0035468
-0.0033381
-0.0034441
-0.0034612
-0.0032039
-0.0032167
-0.0036673
-0.004247
-0.0043356
-0.0039712
-0.0038628
-0.004336
-0.0052483
-0.0062546
-0.0067687
-0.0059251
-0.0048254
-0.0047975
-0.0052322
-0.005288
-0.005322
-0.00574
-0.0065409
-0.0078028
-0.0092834
-0.010389
-0.011295
-0.012443
-0.013481
-0.013925
-0.013581
-0.013131
-0.013167
-0.013524
-0.013688
-0.013283
-0.012717
-0.012415
-0.011813
-0.010637
-0.0093598
-0.0084034
-0.0078041
-0.0074567
-0.0072791
-0.0069228
-0.0063414
-0.0056882
-0.0051643
-0.0048409
-0.0048767
-0.005034
-0.0046849
-0.0041633
-0.0041141
-0.0043067
-0.0043442
-0.0042502
-0.004457
-0.0053105
-0.0064053
-0.007145
-0.0071233
-0.0069062
-0.0070939
-0.0076545
-0.0082401
-0.0086995
-0.0086336
-0.0076547
-0.0067721
-0.0066519
-0.006609
-0.0060195
-0.0048355
-0.0038949
-0.003731
-0.0041165
-0.0044628
-0.0042482
-0.0040726
-0.0045156
-0.0049854
-0.0050225
-0.0048514
-0.0049376
-0.0054483
-0.0058627
-0.0056326
-0.0044225
-0.003165
-0.0027515
-0.0028
-0.0026261
-0.0019685
-0.0011398
-0.00048803
-0.0004703
-0.0010676
-0.001232
-0.00074414
-0.00013204
-0.00018202
-0.00088281
-0.0007249
0.00015752
0.00029763
1.8771e-05
0.00030996
0.0008941
0.0013507
0.0019125
0.002399
0.002375
0.001976
0.0016023
0.0016207
0.0018833
0.0021085
0.0023043
0.0025978
0.0031009
0.0038232
0.0047261
0.0055703
0.006181
0.0063371
0.0065036
0.0074452
0.0082489
0.008003
0.0075063
0.007518
0.0079356
0.0082763
0.008346
0.0082872
0.0082408
0.008041
0.0080155
0.0086533
0.0094494
0.0098485
0.0095103
0.0089083
0.008603
0.0085277
0.0084297
0.0085413
0.0087832
0.0088419
0.0086612
0.0084507
0.0087889
0.0095094
0.010058
0.010182
0.010037
0.0099301
0.0099162
0.0098582
0.009744
0.0096506
0.0094451
0.0087973
0.0072712
0.0059098
0.0055764
0.005585
0.0051617
0.0042031
0.0031774
0.0023758
0.0015992
0.00099889
0.0013716
0.0020267
0.0019456
0.001564
0.0015495
0.0018768
0.002371
0.0030886
0.0040375
0.0049578
0.004949
0.0046216
0.0051492
0.0058668
0.0058373
0.0052997
0.0046989
0.0038746
0.0029644
0.0022107
0.0015471
0.00097967
0.00078162
0.0001723
-0.001299
-0.0021047
-0.0019109
-0.0015729
-0.0010212
5.6792e-05
0.00040156
-0.00022086
-0.0012043
-0.0018708
-0.0021449
-0.0024504
-0.0030082
-0.0036881
-0.0042605
-0.0046736
-0.0050911
-0.0054755
-0.005522
-0.0056168
-0.0061286
-0.0065049
-0.0063932
-0.0060199
-0.0058324
-0.0059837
-0.0060567
-0.0058264
-0.0054812
-0.0051298
-0.0046428
-0.0038191
-0.0026775
-0.0011649
0.00056393
0.002342
0.003574
0.0040288
0.0045283
0.0054342
0.0063381
0.0068058
0.0066955
0.005959
0.0047602
0.0033314
0.0023589
0.0023631
0.0025304
0.0023354
0.0022023
0.0020934
0.0015649
0.00088715
0.00047912
0.00046648
0.00037126
-0.00021353
-0.00095434
-0.0015253
-0.0020093
-0.0022543
-0.0020801
-0.0014833
-0.00082739
-0.00074765
-0.0010776
-0.0013723
-0.0013215
-0.00097336
-0.0004642
-0.00025365
-0.00068879
-0.0013767
-0.0019182
-0.0023134
-0.0025339
-0.0024244
-0.0021684
-0.001944
-0.0016507
-0.0013266
-0.0011801
-0.0014225
-0.0018969
-0.0021107
-0.0020842
-0.0021488
-0.0024032
-0.0026634
-0.0025374
-0.0020781
-0.0015483
-0.00097313
-0.00040124
-0.00041327
-0.00075889
-0.00079176
-0.0005867
-0.00053721
-0.00084702
-0.0017416
-0.0034048
-0.0047453
-0.0051343
-0.005368
-0.0061277
-0.007279
-0.0079686
-0.0079844
-0.0077516
-0.0075981
-0.0075036
-0.0075023
-0.007565
-0.0075384
-0.0073454
-0.0070172
-0.0068294
-0.0068322
-0.0064449
-0.0055183
-0.0043484
-0.0036277
-0.0035011
-0.003122
-0.0020025
-8.405e-05
0.0015511
0.0021835
0.0021458
0.0020598
0.0022485
0.0024699
0.0024236
0.0023922
0.0024875
0.0023264
0.0016722
0.00062351
0.00047395
0.0013855
0.0021243
0.0021179
0.0016962
0.0014961
0.0017143
0.0022072
0.0025373
0.0024575
0.0022311
0.0020798
0.0019065
0.0016044
0.0011679
0.00074504
0.00042209
0.00017941
-0.00012505
-0.0006076
-0.0013095
-0.0020517
-0.0025156
-0.0027641
-0.0030019
-0.0031632
-0.0033076
-0.0037921
-0.0041618
-0.0039446
-0.0034622
-0.003227
-0.0035445
-0.004025
-0.0042948
-0.0045811
-0.0051413
-0.0059337
-0.0067947
-0.0076072
-0.008144
-0.0086179
-0.0094554
-0.010118
-0.010176
-0.010621
-0.011609
-0.012439
-0.012749
-0.012727
-0.012812
-0.012927
-0.012695
-0.01205
-0.011231
-0.010943
-0.011016
-0.010834
-0.010449
-0.01017
-0.0098342
-0.0093981
-0.0090528
-0.0089438
-0.0090434
-0.0092204
-0.0093308
-0.0092798
-0.0091044
-0.0089468
-0.0092272
-0.0097876
-0.010192
-0.010475
-0.010757
-0.010368
-0.0095681
-0.0092484
-0.0094995
-0.0098633
-0.009974
-0.0097489
-0.0090693
-0.0081434
-0.0072522
-0.0067202
-0.0063876
-0.005939
-0.005042
-0.003641
-0.0018039
5.6536e-05
0.0012006
0.002307
0.0043455
0.0062582
0.0070084
0.0071853
0.0073561
0.0073509
0.0073631
0.0076295
0.0081306
0.0083395
0.0077977
0.0068552
0.0059792
0.0056689
0.0059004
0.0064102
0.0065124
0.0059562
0.0050339
0.0041544
0.0034543
0.003076
0.0028743
0.0024099
0.0019012
0.0018277
0.0017315
0.0013657
0.001217
0.0012973
0.0012435
0.00089117
0.00031743
-0.00041294
-0.00092204
-0.0009762
-0.00061967
-0.00047795
-0.0011475
-0.0013184
-0.00068236
-0.00080812
-0.0017991
-0.0026291
-0.0022259
-0.00086807
0.00037913
0.00088012
0.00069939
0.00058381
0.00093991
0.0019156
0.0028695
0.0031814
0.0033643
0.0039475
0.0049281
0.0056558
0.0056423
0.0057275
0.0063721
0.0068712
0.006743
0.0061537
0.0058933
0.0061246
0.006226
0.006119
0.0061949
0.0062076
0.0060325
0.0063282
0.0069353
0.0071527
0.0068332
0.0063166
0.0057558
0.0048754
0.0034332
0.0024369
0.0022097
0.0019309
0.0014012
0.0010105
0.00096218
0.0011521
0.0013988
0.0013169
0.00085576
0.00098661
0.0017432
0.0019651
0.0013956
0.00057228
-0.00021886
-0.0008072
-0.00075787
-0.00066029
-0.0010287
-0.0010257
-0.00061928
-0.00035639
0.00016159
0.00093418
0.0015062
0.0019085
0.0024367
0.0033835
0.004526
0.0054827
0.0057733
0.0054019
0.0053569
0.0057735
0.006139
0.0069739
0.0084096
0.0093952
0.0096527
0.0096952
0.010129
0.010896
0.011441
0.011388
0.010759
0.010357
0.010302
0.0097986
0.0089934
0.0085378
0.008202
0.0077366
0.0074776
0.0076516
0.0081338
0.008561
0.008587
0.0078476
0.0072952
0.0076396
0.0079723
0.0078909
0.0078398
0.0073862
0.0062059
0.0056041
0.0056274
0.0053327
0.0051731
0.0055208
0.0057677
0.0057898
0.0059433
0.00622
0.00641
0.0064043
0.0062854
0.006192
0.0064178
0.0068822
0.0071729
0.0073417
0.0076281
0.0078532
0.007797
0.0073879
0.0065998
0.0055755
0.0050832
0.0047442
0.0036727
0.0024325
0.0017121
0.0014447
0.00096966
-8.2785e-05
-0.0010297
-0.0014595
-0.0016943
-0.0021093
-0.0026648
-0.0028736
-0.002796
-0.0028791
-0.003201
-0.0035522
-0.0037582
-0.0039978
-0.004507
-0.004952
-0.0051995
-0.0058225
-0.0065665
-0.0067573
-0.0069682
-0.0074861
-0.0076084
-0.0077172
-0.0084686
-0.0094914
-0.010185
-0.010264
-0.0099564
-0.009618
-0.0097249
-0.010006
-0.0098827
-0.0090926
-0.0080589
-0.007768
-0.0080298
-0.0080582
-0.0077256
-0.0073549
-0.0070973
-0.0070102
-0.007142
-0.0074159
-0.0075749
-0.0076379
-0.007156
-0.006585
-0.0058032
-0.0052162
-0.0053931
-0.0058506
-0.0060244
-0.0058846
-0.0059464
-0.0065779
-0.0073339
-0.0079869
-0.0089249
-0.0095497
-0.0093004
-0.0089004
-0.0088246
-0.0088403
-0.0087297
-0.0085273
-0.0083727
-0.0080285
-0.006849
-0.0053642
-0.0043136
-0.0037533
-0.0031574
-0.0019586
-0.00057251
0.00042654
0.001001
0.0014713
0.0021017
0.002841
0.0034994
0.0037955
0.0037992
0.0038723
0.0044622
0.005456
0.0055127
0.0038648
0.0019916
0.0021012
0.0026707
0.0022993
0.0014245
0.0010094
0.0011696
0.0013406
0.0010233
0.00013386
-0.00072421
-0.00095583
-0.00022672
5.091e-05
-0.0010153
-0.0018974
-0.0019162
-0.0017727
-0.0019613
-0.0023779
-0.0028618
-0.0032812
-0.0035336
-0.0032816
-0.0027464
-0.0026993
-0.0026081
-0.0015813
-0.00079959
-0.00093295
-0.0010999
-0.00081179
-0.00032234
0.00024033
0.00066891
0.000501
0.00036257
0.00086075
0.0014316
0.0017343
0.0020903
0.0025536
0.0029784
0.0035293
0.0042192
0.0048966
0.005432
0.0057691
0.0058556
0.0055777
0.0047184
0.0040279
0.0040792
0.004344
0.0043082
0.003921
0.0034351
0.0030023
0.0026704
0.0024349
0.0025266
0.0026932
0.00257
0.0027002
0.0031079
0.0028433
0.0020612
0.001461
0.0011707
0.00090363
0.00042659
-0.00025653
-0.00078899
-0.00090242
-0.00081978
-0.00073875
-0.00048362
-0.00023015
-0.00033475
-0.00054086
-0.0005607
-0.00053125
-0.0006207
-0.00077313
-0.00053603
0.00011776
0.00071089
0.00066757
-0.00017119
-0.0003436
0.00058801
0.0014064
0.0012381
0.00022024
-0.00044477
-0.00023348
0.0004997
0.0011251
0.0013961
0.00084327
-0.00027513
-0.0010371
-0.0011185
-0.00086246
-0.00068857
-0.00070262
-0.0010665
-0.0015481
-0.0017877
-0.0014645
-0.0008172
-0.0005384
-0.00060172
-0.00055553
-0.00037143
-0.00016347
0.00016579
0.00033431
-4.9764e-06
-0.00044824
-0.0006079
-0.00051281
-0.00049431
-0.00074013
-0.0012405
-0.0019902
-0.0027415
-0.0034299
-0.0042466
-0.0048265
-0.0048905
-0.0050813
-0.0057064
-0.0064014
-0.0065413
-0.0061669
-0.0066551
-0.0075285
-0.0072934
-0.0063084
-0.0054778
-0.004873
-0.0042165
-0.0034173
-0.0025508
-0.0017013
-0.00088662
-0.0001324
0.00047704
0.00099364
0.0013741
0.0016326
0.0018278
0.0019964
0.0021194
0.0021554
0.0022368
0.002503
0.0024526
0.0017853
0.0010488
0.00041392
-0.00038657
-0.00083601
-0.00078408
-0.00089975
-0.0013981
-0.0019686
-0.0023172
-0.00241
-0.0022872
-0.0021159
-0.0019536
-0.0016196
-0.0010624
-0.00038166
0.0002085
0.00058707
0.0010398
0.0016417
0.0018704
0.0016377
0.0012722
0.0012957
0.0016056
0.0013357
0.00066113
0.00033447
0.00017619
-0.0001107
-5.1637e-06
0.00034291
0.00033725
9.6503e-05
-8.3372e-05
-0.00042657
-0.00075244
-0.00062238
-0.00019611
0.00020189
0.00050588
0.00082291
0.0011711
0.0010677
0.00045043
-0.00026518
-6.9319e-05
0.0016602
0.0027637
0.002267
0.001436
0.001308
0.0017399
0.0020305
0.0019812
0.0020871
0.0023857
0.0025225
0.002611
0.0028294
0.003076
0.0029988
0.0023547
0.0016071
0.0011687
0.0013
0.0016389
0.0017418
0.0015301
0.0012964
0.0013754
0.0014991
0.0012712
0.00097473
0.0008934
0.00092669
0.0008283
0.00054869
0.00066464
0.0012002
0.0014498
0.0013633
0.0012856
0.00089812
0.00033564
0.00054158
0.0012376
0.00163
0.0014575
0.0010327
0.00066949
0.00049648
0.00049662
0.0006931
0.0010997
0.0017291
0.0023946
0.0029407
0.0033257
0.0036122
0.0037462
0.0037557
0.0036996
0.0035
0.0031812
0.0029992
0.0031308
0.0035864
0.0040135
0.0042433
0.0044526
0.0047735
0.0051603
0.0055359
0.0059188
0.0065589
0.0073487
0.0074494
0.00695
0.0064968
0.0063007
0.0061044
0.0055504
0.00497
0.00487
0.0048031
0.0044675
0.0044675
0.0047856
0.0048863
0.0046224
0.0042385
0.0042365
0.004304
0.0038376
0.003222
0.0029163
0.0029544
0.0030502
0.0030264
0.0029968
0.0030694
0.0031855
0.0033146
0.0035233
0.0040021
0.0046526
0.0049584
0.0048822
0.0047241
0.0047654
0.0050362
0.0055698
0.0060481
0.0060185
0.0057968
0.0058142
0.0059735
0.0060432
0.0059654
0.0058337
0.0057319
0.0056877
0.0056529
0.0055666
0.0053622
0.0050679
0.0049376
0.005058
0.0054366
0.0058329
0.0060719
0.0061523
0.0061394
0.0060266
0.0058672
0.0057171
0.0056182
0.0055466
0.0054501
0.0053252
0.0052005
0.0050936
0.0050303
0.0052227
0.005605
0.0056661
0.0053013
0.0047362
0.0042166
0.0037532
0.0032242
0.0026306
0.0020792
0.0017557
0.0015788
0.0012372
0.00068751
0.00012669
-3.4819e-05
7.4144e-05
-0.00013769
-0.00057167
-0.00083798
-0.00092765
-0.00097419
-0.00095771
-0.00076001
-0.0004058
-0.00040488
-0.00082262
-0.0012066
-0.0011719
-0.00079063
-0.0005479
-0.00053265
-0.00046769
-0.00032135
-0.0002097
1.4225e-05
0.00026462
0.00012246
-9.1778e-05
4.3082e-05
0.00030458
0.00039914
0.00031171
0.00022215
0.00024238
0.00041754
0.00067172
0.0008817
0.00091306
0.00067876
0.00024392
-0.00014836
-0.00019044
-0.00021773
-0.00057457
-0.0010187
-0.0012729
-0.0013141
-0.0011787
-0.00091301
-0.00068618
-0.00055651
-0.00049252
-0.0005028
-0.00058232
-0.00051355
-0.0002929
-0.00015533
-0.00015173
-0.00018066
-0.00018882
-0.0001813
-0.00015845
-0.00012983
-0.00011295
-0.00019987
-0.00034414
-0.00035879
-0.00027185
-0.00021588
-0.00027728
-0.00037584
-0.00035015
-0.00030784
-0.00042762
-0.00058903
-0.00067037
-0.00071625
-0.00075165
-0.00076544
-0.0008127
-0.00092177
-0.0010787
-0.0012231
-0.0013219
-0.001368
-0.0014035
-0.0014932
-0.0015777
-0.0015891
-0.0015622
-0.001524
-0.0014368
-0.0013944
-0.0014677
-0.0015503
-0.0015876
-0.0016327
-0.0016501
-0.0016042
-0.0016181
-0.0017107
-0.0018022
-0.001837
-0.0018328
-0.0018547
-0.0018773
-0.0018287
-0.0017114
-0.001577
-0.0014568
-0.0013342
-0.0011858
-0.0010419
-0.00094069
-0.00092513
-0.00092156
-0.00083838
-0.00070323
-0.00057964
-0.00051909
-0.00049967
-0.00048705
-0.00046569
-0.00043985
-0.00041056
-0.00039191
-0.00040387
-0.00040022
-0.00034441
-0.00026644
-0.0002114
-0.00020018
-0.00021656
-0.00023846
-0.00024912
-0.00026114
-0.0003025
-0.00037555
-0.00046619
-0.00057091
-0.00067939
-0.00078042
-0.00085569
-0.00090123
-0.00093679
-0.00098932
-0.0010685
-0.0011399
-0.0011773
-0.001178
-0.0011959
-0.0012682
-0.0013152
-0.0013164
-0.0013519
-0.0013956
-0.0013879
-0.0013469
-0.0013186
-0.0013224
-0.0013179
-0.0012778
-0.0012352
-0.0012117
-0.0011993
-0.0011757
-0.0011356
-0.0010964
-0.001063
-0.0010232
-0.00099069
-0.00097755
-0.00096092
-0.00093368
-0.00090962
-0.00089633
-0.00088939
-0.00088015
-0.00086812
-0.00085844
-0.00085337
-0.00085124
-0.00085006
-0.00084509
-0.00082989
-0.00081514
-0.00081084
-0.00081442
-0.00081652
-0.00081158
-0.00079691
-0.00077614
-0.00076495
-0.00076345
-0.00076222
-0.00075825
-0.00075435
-0.00075117
-0.00074732
-0.00074058
-0.00073289
-0.00072581
-0.00071527
-0.00070359
-0.00069735
-0.00069503
-0.00069218
-0.00068782
-0.00068385
-0.00068194
-0.00068151
-0.00068168
-0.00068428
-0.00068888
-0.00069222
-0.00069572
-0.00070041
-0.00069909
-0.00069291
-0.000688
-0.00068796
-0.00069102
-0.0006913
-0.00068873
-0.00068722
-0.00068808
-0.00069001
-0.00069241
-0.00069389
-0.00069335
-0.00069219
-0.00069161
-0.00069158
-0.00069113
-0.00068971
-0.00068901
-0.00068986
-0.00069044
-0.0006891
-0.00068601
-0.0006846
-0.00068541
-0.00068536
-0.00068349
-0.00068103
-0.00067883
-0.00067701
-0.0006756
-0.00067413
-0.00067224
-0.00066986
-0.00066742
-0.00066549
-0.00066348
-0.00066086
-0.00065829
-0.00065612
-0.00065396
-0.0006516
-0.00064916
-0.00064685
-0.00064465
-0.00064241
-0.00064006
-0.0006377
-0.00063553
-0.00063359
-0.00063177
-0.00063017
-0.00062889
-0.00062747
-0.00062584
-0.00062463
-0.00062381
-0.00062297
-0.00062198
-0.00062111
-0.00062056
-0.00061995
-0.00061903
-0.00061796
-0.00061695
-0.00061606
-0.00061531
-0.00061465
-0.00061394
-0.00061318
-0.0006125
-0.0006119
-0.00061134
-0.00061072
-0.0006101
-0.00060953
-0.00060903
-0.00060855
-0.00060801
-0.00060745
-0.00060696
-0.00060649
-0.00060603
-0.00060557
-0.00060512
-0.00060469
-0.00060429
-0.0006039
-0.00060355
-0.00060322
-0.00060291
-0.00060262
-0.00060235
-0.0006021
-0.00060186
-0.00060165
-0.00060146
-0.0006013
-0.00060117
-0.00060105
-0.00060094
-0.00060085
-0.00060079
-0.00060075
-0.00060073
-0.00060072
-0.00060074
-0.00060077
-0.00060082
-0.00060089
-0.00060098
-0.00060108
-0.00060121
-0.00060135
-0.00060151
-0.00060169
-0.00060188
-0.00060209
-0.00060232
-0.00060257
-0.00060284
-0.00060312
-0.00060342
-0.00060374
-0.00060407
-0.00060443
-0.0006048
-0.00060518
-0.00060559
-0.00060601
-0.00060645
-0.00060691
-0.00060738
-0.00060787
-0.00060838
-0.00060891
-0.00060945
-0.00061001
-0.00061058
-0.00061117
-0.00061178
-0.00061241
