2.837013E-03
2.825493E-03
2.814988E-03
2.802245E-03
2.787626E-03
2.778250E-03
2.764314E-03
2.748155E-03
2.734537E-03
2.700526E-03
2.697091E-03
2.717446E-03
2.663175E-03
2.563903E-03
2.598093E-03
2.663800E-03
2.530118E-03
2.430650E-03
2.528139E-03
2.684159E-03
2.718356E-03
2.789972E-03
2.768121E-03
2.731291E-03
2.819221E-03
2.487342E-03
2.164468E-03
2.493483E-03
2.969267E-03
3.208339E-03
2.788452E-03
2.356841E-03
2.853660E-03
2.929770E-03
1.942516E-03
1.621761E-03
2.188086E-03
1.742494E-03
1.248694E-03
1.664055E-03
2.133995E-03
2.553236E-03
2.545849E-03
1.827483E-03
2.775533E-03
3.765072E-03
1.851468E-03
3.826430E-04
2.773510E-03
5.329860E-03
4.367774E-03
2.582013E-03
3.644128E-03
5.152265E-03
3.120995E-03
3.237807E-04
1.343029E-03
3.773615E-03
2.814366E-03
2.554439E-03
3.131741E-03
1.437084E-03
1.071349E-04
8.997324E-04
2.378410E-03
2.830296E-03
4.114631E-04
-3.559351E-03
-3.063234E-03
2.049850E-03
2.758899E-03
3.217407E-05
4.025826E-03
1.053194E-02
1.002475E-02
6.377081E-03
7.559619E-03
7.781754E-03
8.714679E-03
1.236497E-02
8.657329E-03
-4.490977E-03
-1.275133E-02
-8.274820E-03
8.993174E-04
2.084358E-03
-4.348559E-03
-3.189134E-03
5.365117E-03
7.181827E-03
-2.461699E-04
-5.440435E-04
1.860970E-03
-2.686835E-03
1.746314E-04
5.469642E-03
-2.562617E-03
-7.526825E-03
-7.946863E-04
6.693171E-03
1.512132E-02
2.414220E-02
2.516146E-02
2.013091E-02
1.754976E-02
1.063199E-02
1.272958E-03
6.149090E-03
1.910054E-02
1.561180E-02
-1.225885E-03
-9.908873E-03
-1.214108E-02
-1.006911E-02
1.982888E-03
9.444213E-03
2.709719E-03
2.341613E-03
1.210706E-02
9.493429E-03
4.470856E-03
1.683701E-02
3.060949E-02
2.862767E-02
1.953894E-02
1.201325E-02
1.188735E-02
1.511060E-02
1.497278E-02
1.982339E-02
2.372425E-02
1.815322E-02
1.859176E-02
2.671366E-02
2.556649E-02
2.703824E-02
3.024284E-02
2.121428E-02
1.595786E-02
1.176009E-02
-1.133352E-03
-5.898166E-03
4.617654E-03
8.854354E-03
8.140318E-03
1.557661E-02
2.461907E-02
3.303878E-02
4.360303E-02
4.351447E-02
3.720354E-02
3.309099E-02
2.012336E-02
8.662989E-03
1.251716E-02
1.456324E-02
1.215183E-02
1.551295E-02
1.483464E-02
1.895371E-02
3.687945E-02
5.050819E-02
2.844596E-02
-5.963120E-03
-3.438879E-02
-4.066412E-02
-9.286924E-03
2.279930E-02
2.564668E-02
1.166658E-02
1.403746E-02
2.188832E-02
1.692306E-02
1.815680E-02
1.881436E-02
1.045400E-02
1.408563E-02
2.768872E-02
2.807557E-02
1.644233E-02
8.724376E-03
1.014590E-02
1.467432E-02
9.252255E-03
-1.495047E-03
9.345276E-04
1.776620E-02
2.268542E-02
2.615063E-03
-4.678547E-03
1.514112E-02
2.650161E-02
1.898347E-02
7.769666E-03
-7.735597E-03
-2.482458E-02
-3.847720E-02
-4.330116E-02
-3.947217E-02
-3.800094E-02
-3.382314E-02
-1.673962E-02
3.925044E-03
1.805432E-02
2.114239E-02
1.577761E-02
1.531120E-02
1.063664E-02
-1.022154E-02
-3.707401E-02
-4.291561E-02
-1.659271E-02
1.638317E-02
3.109535E-02
1.215537E-02
-1.985037E-02
-2.107140E-02
1.238309E-02
4.246583E-02
4.162678E-02
1.584498E-02
-1.129538E-02
-1.972023E-02
-2.446273E-02
-3.408937E-02
-3.710423E-02
-2.908181E-02
-2.395113E-02
-2.994748E-02
-3.523114E-02
-7.781873E-03
4.994529E-02
7.805149E-02
5.353431E-02
-5.261690E-03
-4.873981E-02
-5.035431E-02
-2.957260E-02
-1.475852E-02
7.570844E-03
4.464916E-02
6.391287E-02
3.253958E-02
-1.058844E-02
-9.896388E-04
3.705073E-02
3.746891E-02
1.001539E-02
6.254454E-03
1.883387E-02
1.327632E-02
-2.102043E-03
-1.781525E-02
-4.229951E-02
-6.049360E-02
-6.101719E-02
-5.202075E-02
-2.921790E-02
8.736826E-03
3.082326E-02
3.030901E-02
9.650979E-03
-3.489188E-02
-6.179601E-02
-5.724197E-02
-4.417193E-02
-2.159543E-02
1.720981E-02
3.455307E-02
1.150536E-02
-1.534682E-02
-2.369060E-02
-2.298422E-02
-1.886164E-02
-5.908551E-03
1.497282E-02
2.417200E-02
-1.684042E-03
-5.024471E-02
-6.634738E-02
-3.616601E-02
-3.135795E-03
2.549826E-03
-9.668127E-03
-2.581022E-02
-3.317875E-02
-1.237750E-02
2.235636E-02
2.819389E-02
1.230599E-03
-2.275640E-02
-1.842008E-02
-2.598652E-03
-1.021417E-02
-3.939722E-02
-6.553579E-02
-7.991346E-02
-8.384251E-02
-8.971029E-02
-1.179161E-01
-1.565431E-01
-1.551144E-01
-1.142460E-01
-9.251733E-02
-1.243721E-01
-1.627476E-01
-1.678659E-01
-1.545007E-01
-1.416640E-01
-1.373474E-01
-1.453142E-01
-1.529380E-01
-1.400945E-01
-1.113377E-01
-1.103428E-01
-1.463441E-01
-1.669989E-01
-1.508462E-01
-1.302459E-01
-1.320344E-01
-1.391756E-01
-1.386557E-01
-1.449184E-01
-1.514661E-01
-1.655801E-01
-1.972963E-01
-2.191347E-01
-2.173831E-01
-2.093884E-01
-1.934504E-01
-1.552036E-01
-1.165652E-01
-1.045999E-01
-1.097082E-01
-1.281521E-01
-1.526642E-01
-1.626788E-01
-1.535479E-01
-1.310130E-01
-1.006515E-01
-7.436127E-02
-5.845588E-02
-3.690387E-02
1.050938E-02
8.036449E-02
1.424877E-01
1.790607E-01
1.862287E-01
1.724471E-01
1.559646E-01
1.441576E-01
1.177737E-01
8.428733E-02
8.460644E-02
1.299805E-01
1.843663E-01
2.175157E-01
2.257522E-01
2.073797E-01
1.652322E-01
1.173149E-01
6.844504E-02
3.496034E-02
2.652163E-02
3.665137E-02
6.643186E-02
1.131430E-01
1.525489E-01
1.905835E-01
2.533245E-01
3.319921E-01
3.714371E-01
3.710115E-01
3.591630E-01
3.499821E-01
3.451432E-01
3.446842E-01
3.457325E-01
3.509093E-01
3.583364E-01
3.587879E-01
3.498087E-01
3.366380E-01
3.206051E-01
2.961769E-01
2.649826E-01
2.371526E-01
2.100227E-01
1.725315E-01
1.371218E-01
1.166788E-01
1.004205E-01
6.475693E-02
-2.957839E-02
-1.439636E-01
-2.240717E-01
-2.598600E-01
-2.643020E-01
-2.556823E-01
-2.396539E-01
-2.199359E-01
-2.027863E-01
-1.970955E-01
-2.115058E-01
-2.588871E-01
-3.206649E-01
-3.766656E-01
-4.296140E-01
-4.592981E-01
-4.539456E-01
-4.339893E-01
-4.131040E-01
-3.728961E-01
-2.974510E-01
-1.959913E-01
-8.196362E-02
2.423588E-02
9.827670E-02
1.649442E-01
2.272116E-01
2.725253E-01
2.862000E-01
2.860333E-01
3.099020E-01
3.551592E-01
3.993039E-01
4.309379E-01
4.379680E-01
4.246246E-01
3.925342E-01
3.399274E-01
2.734068E-01
1.986939E-01
1.187179E-01
3.231853E-02
-5.481379E-02
-1.006128E-01
-9.472584E-02
-7.538300E-02
-7.485219E-02
-1.024882E-01
-1.433128E-01
-1.769338E-01
-2.093252E-01
-2.631631E-01
-3.217176E-01
-3.672255E-01
-3.921087E-01
-3.888612E-01
-3.660155E-01
-3.341786E-01
-3.071957E-01
-2.872415E-01
-2.641756E-01
-2.246608E-01
-1.803477E-01
-1.371481E-01
-9.485686E-02
-5.049998E-02
-1.500596E-02
6.985325E-04
4.051001E-04
-2.259202E-02
-5.753928E-02
-5.088037E-02
1.599232E-02
7.072318E-02
7.554883E-02
7.010628E-02
7.587855E-02
7.434116E-02
5.591397E-02
7.453061E-03
-7.085520E-02
-1.137792E-01
-9.799098E-02
-4.979913E-02
-3.612839E-03
1.279828E-02
5.386689E-03
4.313918E-03
9.919369E-03
-3.326637E-03
-3.527565E-02
-5.295123E-02
-4.239369E-02
-4.645791E-03
3.260955E-02
3.238051E-02
-4.546654E-03
-2.601230E-02
-1.683220E-02
-8.293591E-03
-1.965738E-02
-4.562809E-02
-7.179489E-02
-8.587808E-02
-9.024319E-02
-1.178354E-01
-1.745274E-01
-2.239350E-01
-2.217157E-01
-1.547203E-01
-5.356609E-02
3.456859E-02
8.116629E-02
1.022881E-01
1.306573E-01
1.708656E-01
1.845138E-01
1.712151E-01
1.630275E-01
1.892916E-01
2.410569E-01
2.848962E-01
2.907283E-01
2.555016E-01
1.993470E-01
1.539419E-01
1.334957E-01
1.235140E-01
8.877511E-02
8.746580E-03
-4.885694E-02
-5.862973E-02
-7.107522E-02
-1.069085E-01
-1.285614E-01
-1.168804E-01
-1.011783E-01
-1.106557E-01
-1.475085E-01
-1.866422E-01
-2.140256E-01
-2.422261E-01
-2.762048E-01
-2.773176E-01
-2.347329E-01
-1.845994E-01
-1.412531E-01
-1.091852E-01
-8.218042E-02
-4.847072E-02
6.390948E-03
8.930284E-02
1.806058E-01
2.622268E-01
3.212351E-01
3.401810E-01
3.431440E-01
3.482084E-01
3.482108E-01
3.394660E-01
3.304995E-01
3.306314E-01
3.325340E-01
2.959233E-01
2.076433E-01
1.154939E-01
4.122537E-02
-1.752373E-02
-4.505221E-02
-5.696136E-02
-8.183802E-02
-1.108942E-01
-1.207347E-01
-1.235987E-01
-1.417280E-01
-1.599839E-01
-1.674873E-01
-1.860641E-01
-2.298859E-01
-2.761507E-01
-2.914984E-01
-2.494776E-01
-1.705753E-01
-8.153674E-02
9.194332E-05
4.779012E-02
9.415872E-02
1.614534E-01
2.111463E-01
2.181287E-01
2.122339E-01
2.173341E-01
2.279369E-01
2.342892E-01
2.503240E-01
2.796328E-01
2.874822E-01
2.285803E-01
1.056758E-01
-1.855841E-02
-1.020316E-01
-1.485060E-01
-1.741317E-01
-1.816901E-01
-1.667627E-01
-1.421894E-01
-1.327175E-01
-1.302319E-01
-1.216454E-01
-1.096904E-01
-9.473481E-02
-7.342893E-02
-6.145569E-02
-7.268234E-02
-1.118061E-01
-1.653574E-01
-2.086272E-01
-2.137557E-01
-1.663687E-01
-6.918299E-02
3.479066E-02
1.136258E-01
1.712796E-01
1.836931E-01
1.317633E-01
6.268509E-02
3.625231E-02
2.841241E-02
3.401321E-03
-3.342661E-03
3.978617E-02
1.119594E-01
1.759956E-01
2.129036E-01
2.374003E-01
2.629226E-01
2.701036E-01
2.400698E-01
2.071735E-01
2.022153E-01
1.946239E-01
1.736641E-01
1.574918E-01
1.535900E-01
1.651267E-01
1.906131E-01
2.172975E-01
2.273912E-01
2.047237E-01
1.499738E-01
9.896236E-02
8.817938E-02
1.003015E-01
1.173058E-01
1.519049E-01
1.967303E-01
2.314944E-01
2.424588E-01
2.181394E-01
1.617298E-01
9.933084E-02
5.843192E-02
5.342206E-02
7.398908E-02
9.283053E-02
9.818198E-02
1.038216E-01
1.242422E-01
1.548170E-01
1.681978E-01
1.457591E-01
9.884324E-02
5.002593E-02
1.450829E-02
-3.131844E-03
-2.524914E-02
-6.937358E-02
-1.326068E-01
-1.887421E-01
-2.253722E-01
-2.543108E-01
-2.788144E-01
-3.006498E-01
-3.152080E-01
-3.242004E-01
-3.272419E-01
-3.131835E-01
-2.731779E-01
-2.300592E-01
-2.112805E-01
-2.122954E-01
-2.219569E-01
-2.311228E-01
-2.318838E-01
-2.301666E-01
-2.221634E-01
-2.035786E-01
-1.874434E-01
-1.901424E-01
-2.101005E-01
-2.183035E-01
-2.013661E-01
-1.770346E-01
-1.497276E-01
-1.162281E-01
-8.849372E-02
-7.780114E-02
-8.383836E-02
-1.086889E-01
-1.463514E-01
-1.774989E-01
-2.021534E-01
-2.191618E-01
-2.230364E-01
-2.135897E-01
-1.923687E-01
-1.653933E-01
-1.509785E-01
-1.457616E-01
-1.296683E-01
-1.137857E-01
-1.152233E-01
-1.205006E-01
-1.193807E-01
-1.308339E-01
-1.408319E-01
-1.233311E-01
-1.025237E-01
-1.065426E-01
-1.134947E-01
-1.061006E-01
-1.013536E-01
-1.094566E-01
-1.260100E-01
-1.453383E-01
-1.603036E-01
-1.680297E-01
-1.661786E-01
-1.612330E-01
-1.686444E-01
-1.858565E-01
-1.927812E-01
-1.760912E-01
-1.349771E-01
-7.792640E-02
-1.069896E-02
4.567004E-02
8.054761E-02
1.082430E-01
1.366059E-01
1.576204E-01
1.734994E-01
1.957550E-01
2.208598E-01
2.351320E-01
2.458186E-01
2.680689E-01
3.123473E-01
3.705864E-01
4.173759E-01
4.382309E-01
4.345884E-01
4.110880E-01
3.677351E-01
3.074270E-01
2.393592E-01
1.832002E-01
1.672120E-01
1.745265E-01
1.645337E-01
1.242517E-01
7.343459E-02
1.205786E-02
-6.660093E-02
-1.462060E-01
-1.847063E-01
-1.889416E-01
-1.944237E-01
-2.205185E-01
-2.603035E-01
-2.968413E-01
-3.167209E-01
-3.207856E-01
-3.109287E-01
-2.887443E-01
-2.455614E-01
-1.839866E-01
-1.373489E-01
-1.094840E-01
-9.099978E-02
-7.777794E-02
-6.409153E-02
-4.020135E-02
-6.164506E-03
2.002842E-02
4.505028E-02
8.349779E-02
1.148024E-01
1.190632E-01
9.567296E-02
6.142772E-02
6.130143E-02
1.077892E-01
1.705761E-01
2.163225E-01
2.525527E-01
2.971614E-01
3.419055E-01
3.722675E-01
3.779988E-01
3.728370E-01
3.760963E-01
3.693114E-01
3.394454E-01
2.700621E-01
1.977138E-01
1.552109E-01
1.333537E-01
1.108756E-01
9.110183E-02
8.888927E-02
1.004563E-01
1.101317E-01
1.095538E-01
9.681403E-02
7.265769E-02
4.879449E-02
3.859802E-02
3.217835E-02
1.865279E-02
6.988048E-03
4.349693E-03
1.032797E-02
2.187325E-02
3.054281E-02
2.875984E-02
2.082525E-02
1.204464E-02
2.985967E-03
-6.190423E-03
-2.139757E-02
-4.086174E-02
-5.822125E-02
-6.783301E-02
-7.502011E-02
-9.249195E-02
-1.277462E-01
-1.677714E-01
-2.029354E-01
-2.210065E-01
-2.225825E-01
-2.173089E-01
-2.126300E-01
-2.031344E-01
-1.891459E-01
-1.772512E-01
-1.728572E-01
-1.654168E-01
-1.510324E-01
-1.326617E-01
-1.171435E-01
-1.003194E-01
-7.729704E-02
-5.961019E-02
-6.289174E-02
-9.037586E-02
-1.265418E-01
-1.526446E-01
-1.729181E-01
-1.871505E-01
-1.908754E-01
-1.670991E-01
-1.065266E-01
-3.170623E-02
3.413456E-02
8.825510E-02
1.320516E-01
1.705501E-01
2.062075E-01
2.420365E-01
2.817592E-01
3.181972E-01
3.352645E-01
3.331927E-01
3.199593E-01
2.895947E-01
2.371547E-01
1.844941E-01
1.574913E-01
1.584818E-01
1.844498E-01
2.221254E-01
2.486578E-01
2.521834E-01
2.435253E-01
2.324310E-01
2.179259E-01
2.037611E-01
1.997083E-01
2.109713E-01
2.358238E-01
2.495065E-01
2.245974E-01
1.534263E-01
5.566607E-02
-6.199051E-02
-1.909637E-01
-3.046718E-01
-3.788497E-01
-4.050229E-01
-4.072882E-01
-3.949998E-01
-3.638617E-01
-3.259998E-01
-2.841171E-01
-2.310406E-01
-1.716446E-01
-1.156231E-01
-6.410805E-02
-2.801429E-02
-1.922014E-02
-2.602313E-02
-2.849191E-02
-2.150968E-02
-4.814732E-03
2.032397E-02
5.254019E-02
9.821966E-02
1.328144E-01
1.428063E-01
1.442661E-01
1.453002E-01
1.433411E-01
1.402238E-01
1.469878E-01
1.665933E-01
1.890193E-01
2.057874E-01
2.111358E-01
2.061697E-01
1.858198E-01
1.453688E-01
8.712950E-02
1.867783E-02
-4.434925E-02
-1.072399E-01
-1.587694E-01
-1.996117E-01
-2.429117E-01
-2.822586E-01
-3.007245E-01
-2.948171E-01
-2.604514E-01
-2.146080E-01
-1.765105E-01
-1.410448E-01
-1.159048E-01
-1.110213E-01
-1.189911E-01
-1.238924E-01
-1.126649E-01
-7.413469E-02
-1.010485E-02
5.242586E-02
1.096008E-01
1.566330E-01
1.757470E-01
1.761454E-01
1.696437E-01
1.487292E-01
9.416785E-02
2.121823E-02
-4.663995E-02
-9.834040E-02
-1.213300E-01
-1.294656E-01
-1.327300E-01
-1.291542E-01
-1.171169E-01
-9.877255E-02
-7.365422E-02
-5.140237E-02
-4.143749E-02
-4.043974E-02
-4.785814E-02
-6.705438E-02
-8.927648E-02
-1.064235E-01
-1.203121E-01
-1.307588E-01
-1.351885E-01
-1.316061E-01
-1.204201E-01
-1.039917E-01
-7.797362E-02
-4.653153E-02
-2.032237E-02
-9.897457E-03
-4.504275E-03
5.308641E-03
1.544904E-02
9.786105E-03
-1.283213E-02
-4.059402E-02
-6.182372E-02
-7.684254E-02
-8.972886E-02
-9.756450E-02
-9.812469E-02
-9.320344E-02
-8.534100E-02
-7.452626E-02
-6.182696E-02
-5.051178E-02
-3.514938E-02
-6.835598E-03
2.850266E-02
6.291910E-02
9.595722E-02
1.251596E-01
1.526842E-01
1.724132E-01
1.853930E-01
1.990197E-01
2.106952E-01
2.181046E-01
2.187450E-01
2.055214E-01
1.728184E-01
1.290271E-01
8.365923E-02
3.809244E-02
-1.590991E-03
-2.310883E-02
-3.706794E-02
-5.135759E-02
-6.201636E-02
-6.384297E-02
-5.834244E-02
-4.623088E-02
-2.504601E-02
8.083736E-03
4.685683E-02
9.035916E-02
1.241064E-01
1.403511E-01
1.485037E-01
1.447510E-01
1.260086E-01
1.027758E-01
8.985399E-02
9.687082E-02
1.172082E-01
1.384155E-01
1.551424E-01
1.584997E-01
1.453830E-01
1.250605E-01
1.063779E-01
9.641193E-02
9.270966E-02
8.967137E-02
8.650035E-02
7.992888E-02
6.565730E-02
4.189703E-02
1.624364E-02
-4.163445E-03
-2.525570E-02
-5.362628E-02
-8.480240E-02
-1.090099E-01
-1.208207E-01
-1.238851E-01
-1.139800E-01
-9.466226E-02
-5.779810E-02
-2.182836E-03
5.416018E-02
9.325123E-02
1.085979E-01
1.056531E-01
8.674665E-02
5.913989E-02
4.194992E-02
3.554062E-02
2.188127E-02
1.478985E-03
-1.445257E-02
-2.412613E-02
-3.403984E-02
-4.854744E-02
-6.649232E-02
-7.631370E-02
-7.198526E-02
-6.225576E-02
-5.374761E-02
-4.862374E-02
-4.337225E-02
-3.455431E-02
-2.171152E-02
-5.906632E-03
1.260604E-02
3.904569E-02
6.380017E-02
6.699164E-02
4.180016E-02
-6.973770E-03
-5.568191E-02
-8.476985E-02
-9.910588E-02
-1.120168E-01
-1.246356E-01
-1.315928E-01
-1.353775E-01
-1.411482E-01
-1.510437E-01
-1.614566E-01
-1.660882E-01
-1.644713E-01
-1.581649E-01
-1.429437E-01
-1.147559E-01
-8.147935E-02
-5.274533E-02
-3.153890E-02
-1.420953E-02
3.396514E-03
2.163823E-02
3.663794E-02
4.634036E-02
5.148636E-02
5.234101E-02
4.784753E-02
3.425751E-02
1.087469E-02
-1.413341E-02
-3.762041E-02
-5.878607E-02
-6.931560E-02
-6.989313E-02
-6.814679E-02
-6.489297E-02
-5.719657E-02
-4.600885E-02
-3.367396E-02
-2.102406E-02
-6.204628E-03
1.135793E-02
2.312480E-02
2.874582E-02
2.911526E-02
2.885497E-02
3.693857E-02
4.858150E-02
5.718111E-02
5.614376E-02
4.300595E-02
2.713288E-02
1.477160E-02
7.075345E-03
4.994546E-03
7.660999E-03
1.633865E-02
2.768236E-02
3.841167E-02
4.460717E-02
4.199121E-02
2.968761E-02
1.171055E-02
-5.657188E-03
-1.480648E-02
-1.535216E-02
-1.047560E-02
-3.342234E-03
1.325931E-03
7.263508E-04
2.360500E-03
5.726206E-03
2.916022E-03
3.146470E-03
1.001614E-02
1.710187E-02
2.306624E-02
2.897411E-02
3.469729E-02
3.622515E-02
2.375780E-02
-7.169038E-03
-3.949764E-02
-6.888309E-02
-9.408387E-02
-1.158959E-01
-1.371222E-01
-1.529450E-01
-1.634405E-01
-1.644209E-01
-1.565311E-01
-1.446634E-01
-1.327655E-01
-1.195869E-01
-1.026531E-01
-8.504977E-02
-7.254603E-02
-6.504087E-02
-5.516310E-02
-4.056038E-02
-1.433909E-02
2.346878E-02
6.349365E-02
9.504089E-02
1.155345E-01
1.232566E-01
1.238322E-01
1.211647E-01
1.092912E-01
8.271129E-02
4.871907E-02
1.894507E-02
-8.812045E-03
-3.649908E-02
-6.755447E-02
-9.313772E-02
-1.061694E-01
-1.135382E-01
-1.248022E-01
-1.407713E-01
-1.553744E-01
-1.598512E-01
-1.499029E-01
-1.285296E-01
-9.731185E-02
-6.445579E-02
-3.740887E-02
-1.246596E-02
1.172329E-02
3.007482E-02
3.813190E-02
3.469648E-02
3.523505E-02
5.848209E-02
1.006985E-01
1.280670E-01
1.341336E-01
1.273343E-01
1.159034E-01
1.121896E-01
1.130752E-01
1.058405E-01
9.668023E-02
8.842385E-02
7.761383E-02
6.641230E-02
5.816961E-02
5.158448E-02
4.543939E-02
3.808559E-02
2.393643E-02
7.526209E-04
-2.976479E-02
-5.845052E-02
-8.102412E-02
-9.137558E-02
-9.258816E-02
-9.140334E-02
-8.926520E-02
-8.511952E-02
-7.787587E-02
-6.875575E-02
-5.812187E-02
-4.470982E-02
-3.315276E-02
-2.596497E-02
-2.443036E-02
-2.923453E-02
-3.881955E-02
-4.704114E-02
-5.120127E-02
-5.320351E-02
-5.452654E-02
-5.350955E-02
-4.777299E-02
-3.520262E-02
-1.915922E-02
-4.681695E-03
4.031412E-03
9.775958E-03
1.941398E-02
3.191698E-02
4.165402E-02
4.704308E-02
5.234633E-02
5.472228E-02
4.978149E-02
4.544163E-02
4.965775E-02
5.865463E-02
6.870070E-02
8.066413E-02
9.443661E-02
1.091797E-01
1.229821E-01
1.315367E-01
1.353417E-01
1.369854E-01
1.391296E-01
1.406818E-01
1.407252E-01
1.379603E-01
1.305767E-01
1.164360E-01
9.172081E-02
6.000509E-02
2.835914E-02
1.632254E-03
-2.624120E-02
-4.825794E-02
-6.250115E-02
-7.354604E-02
-8.438535E-02
-9.046746E-02
-8.847177E-02
-8.073411E-02
-7.329102E-02
-6.804252E-02
-6.144441E-02
-5.149099E-02
-4.315231E-02
-3.984789E-02
-3.917681E-02
-3.923042E-02
-3.828457E-02
-3.621681E-02
-3.134808E-02
-2.455059E-02
-1.733902E-02
-9.746010E-03
-4.106231E-03
-3.833279E-03
-7.521034E-03
-1.316682E-02
-2.210602E-02
-3.566112E-02
-5.250669E-02
-6.968470E-02
-8.277061E-02
-8.857771E-02
-8.834190E-02
-8.474399E-02
-8.076241E-02
-7.639306E-02
-7.020644E-02
-5.987869E-02
-4.770945E-02
-3.817374E-02
-3.170348E-02
-2.662455E-02
-2.018890E-02
-1.346105E-02
-9.078074E-03
-7.021995E-03
-2.612991E-03
7.937170E-03
2.076085E-02
3.115655E-02
3.721701E-02
3.922405E-02
3.861828E-02
3.545578E-02
2.897692E-02
1.767330E-02
8.308854E-03
6.960272E-03
1.071034E-02
1.603715E-02
2.346355E-02
3.264120E-02
4.138767E-02
4.663880E-02
4.898558E-02
4.973590E-02
4.964808E-02
4.907800E-02
4.993183E-02
5.316110E-02
5.928668E-02
6.914473E-02
8.114268E-02
9.376774E-02
1.040559E-01
1.092902E-01
1.122579E-01
1.147853E-01
1.141227E-01
1.109728E-01
1.090102E-01
1.104316E-01
1.152649E-01
1.225567E-01
1.291894E-01
1.331260E-01
1.367449E-01
1.376502E-01
1.372396E-01
1.387041E-01
1.372503E-01
1.367893E-01
1.429069E-01
1.487619E-01
1.463207E-01
1.368400E-01
1.226763E-01
1.024896E-01
8.154373E-02
6.373582E-02
4.922114E-02
3.530502E-02
2.273840E-02
1.608109E-02
1.071483E-02
2.392761E-03
-7.904163E-03
-1.959171E-02
-2.975236E-02
-3.590218E-02
-3.770935E-02
-3.883833E-02
-4.466551E-02
-5.505725E-02
-6.947585E-02
-8.718985E-02
-9.942464E-02
-1.048890E-01
-1.077955E-01
-1.079238E-01
-1.045225E-01
-9.678723E-02
-8.636176E-02
-7.276703E-02
-5.635112E-02
-3.945994E-02
-2.302382E-02
-8.457414E-03
1.368030E-03
9.531520E-03
1.643698E-02
1.877533E-02
1.771709E-02
1.424205E-02
8.741372E-03
3.143893E-03
-4.788497E-03
-1.507448E-02
-2.443931E-02
-3.211699E-02
-3.996400E-02
-4.649987E-02
-5.029752E-02
-5.233259E-02
-5.407170E-02
-5.452329E-02
-5.384812E-02
-5.197341E-02
-4.858983E-02
-4.250853E-02
-3.444826E-02
-2.702684E-02
-2.154827E-02
-2.123517E-02
-2.642967E-02
-3.264648E-02
-3.617096E-02
-3.626243E-02
-3.264702E-02
-2.941868E-02
-3.225804E-02
-3.794862E-02
-4.085706E-02
-4.041445E-02
-3.746828E-02
-3.214801E-02
-2.544892E-02
-2.070016E-02
-1.784161E-02
-1.580838E-02
-1.596072E-02
-1.934717E-02
-2.397951E-02
-2.920958E-02
-3.563450E-02
-4.354935E-02
-5.089439E-02
-5.673011E-02
-6.189213E-02
-6.590439E-02
-6.837790E-02
-6.981220E-02
-7.047896E-02
-6.902813E-02
-6.430390E-02
-5.530170E-02
-4.032754E-02
-2.219282E-02
-7.007778E-03
4.595154E-03
1.230781E-02
1.865969E-02
2.210460E-02
2.041084E-02
1.705905E-02
1.727506E-02
1.824616E-02
1.634400E-02
1.733817E-02
2.395732E-02
3.442114E-02
4.884676E-02
6.415378E-02
7.890185E-02
9.112595E-02
9.987992E-02
1.069711E-01
1.115713E-01
1.110726E-01
1.063218E-01
1.016069E-01
9.932483E-02
1.003179E-01
9.985776E-02
9.529781E-02
8.890835E-02
8.192808E-02
7.317975E-02
6.397292E-02
5.181947E-02
3.537006E-02
1.785635E-02
2.681845E-03
-1.165358E-02
-2.548100E-02
-3.555499E-02
-4.061670E-02
-4.298591E-02
-4.142688E-02
-3.685920E-02
-3.434265E-02
-3.631884E-02
-3.965057E-02
-3.966010E-02
-3.640058E-02
-3.344380E-02
-3.123928E-02
-3.114437E-02
-3.375738E-02
-3.738868E-02
-4.225934E-02
-4.832959E-02
-5.501567E-02
-6.110117E-02
-6.754240E-02
-7.372769E-02
-7.957116E-02
-8.406845E-02
-8.500746E-02
-8.006922E-02
-6.778575E-02
-5.191845E-02
-3.663489E-02
-2.182295E-02
-6.731442E-03
8.287185E-03
2.328844E-02
3.738398E-02
4.932089E-02
5.989900E-02
6.898320E-02
7.580029E-02
7.847137E-02
7.661894E-02
7.225550E-02
6.520891E-02
5.422905E-02
4.011305E-02
2.520964E-02
1.086078E-02
-3.450171E-03
-1.789814E-02
-3.225143E-02
-4.642434E-02
-5.971176E-02
-6.944361E-02
-7.616101E-02
-8.015449E-02
-7.970215E-02
-7.689062E-02
-7.304075E-02
-6.804872E-02
-6.180114E-02
-5.561051E-02
-5.169248E-02
-4.892770E-02
-4.530816E-02
-4.104403E-02
-3.769857E-02
-3.378193E-02
-2.766601E-02
-1.848070E-02
-7.135221E-03
4.306901E-03
1.461556E-02
2.413006E-02
3.310385E-02
4.185892E-02
5.209991E-02
6.229909E-02
6.914494E-02
7.324327E-02
7.416642E-02
7.210611E-02
6.713875E-02
5.985213E-02
5.097888E-02
4.459982E-02
4.189264E-02
4.151867E-02
4.272628E-02
4.548195E-02
5.024278E-02
5.851387E-02
6.741429E-02
7.368608E-02
7.608213E-02
7.413879E-02
6.742221E-02
5.428656E-02
3.823787E-02
2.267540E-02
8.884231E-03
-3.350542E-03
-1.339244E-02
-2.353973E-02
-3.257195E-02
-3.876923E-02
-4.213666E-02
-4.300113E-02
-4.238445E-02
-4.166006E-02
-4.079560E-02
-3.934833E-02
-3.801496E-02
-3.833955E-02
-3.979209E-02
-4.055242E-02
-4.135007E-02
-4.213695E-02
-4.333732E-02
-4.529507E-02
-4.756551E-02
-5.011696E-02
-5.353683E-02
-5.697215E-02
-5.929416E-02
-6.169560E-02
-6.431199E-02
-6.547779E-02
-6.460165E-02
-6.107690E-02
-5.562206E-02
-4.711128E-02
-3.456672E-02
-2.478833E-02
-1.974817E-02
-1.586250E-02
-1.200128E-02
-9.588941E-03
-7.650613E-03
-6.115530E-03
-5.864302E-03
-7.935787E-03
-1.100586E-02
-1.274888E-02
-1.365670E-02
-1.175474E-02
-6.557302E-03
6.869869E-04
9.280836E-03
1.662321E-02
2.222635E-02
2.721475E-02
3.012431E-02
3.024414E-02
2.920320E-02
2.658261E-02
2.183220E-02
1.676668E-02
1.164186E-02
5.650916E-03
-5.047533E-04
-6.206781E-03
-1.005098E-02
-1.174357E-02
-1.227052E-02
-9.542633E-03
-1.891288E-03
1.134850E-02
2.694652E-02
4.077697E-02
4.990070E-02
5.286014E-02
5.379174E-02
5.208631E-02
4.622229E-02
3.558313E-02
2.214513E-02
9.671161E-03
1.304686E-03
-3.974951E-03
-8.189399E-03
-1.332399E-02
-1.991293E-02
-2.881660E-02
-3.903327E-02
-4.919890E-02
-5.823988E-02
-6.671528E-02
-7.395482E-02
-7.925194E-02
-8.332875E-02
-8.662325E-02
-8.814326E-02
-8.873698E-02
-8.859446E-02
-8.538156E-02
-7.803195E-02
-6.890554E-02
-5.839303E-02
-4.798855E-02
-3.826889E-02
-2.798020E-02
-1.652682E-02
-7.410678E-03
-1.983350E-03
1.330937E-03
3.476270E-03
5.228986E-03
6.468256E-03
6.795546E-03
7.576744E-03
1.167727E-02
1.897114E-02
2.806016E-02
3.747084E-02
4.546266E-02
5.020135E-02
5.279125E-02
5.543216E-02
5.653640E-02
5.616815E-02
5.587550E-02
5.544699E-02
5.445736E-02
5.266274E-02
4.962151E-02
4.630620E-02
4.056639E-02
3.079210E-02
1.685492E-02
3.426843E-03
-4.570369E-03
-8.735315E-03
-1.222168E-02
-1.493808E-02
-1.572133E-02
-1.607201E-02
-1.803123E-02
-2.199173E-02
-2.623425E-02
-2.923361E-02
-3.088077E-02
-3.126685E-02
-2.960622E-02
-2.667282E-02
-2.347245E-02
-1.968111E-02
-1.429736E-02
-7.784148E-03
-6.527562E-04
6.110511E-03
1.351466E-02
2.130167E-02
2.661789E-02
2.980362E-02
3.416623E-02
3.914920E-02
4.468311E-02
5.396745E-02
6.473036E-02
7.330846E-02
7.698483E-02
7.808996E-02
7.910825E-02
7.750775E-02
7.466590E-02
7.134045E-02
6.557467E-02
5.908018E-02
5.390099E-02
5.004688E-02
4.462415E-02
3.601086E-02
2.507929E-02
1.572136E-02
1.194396E-02
1.271309E-02
1.638667E-02
2.130492E-02
2.684468E-02
3.210972E-02
3.535806E-02
3.319524E-02
2.597308E-02
1.426937E-02
2.600714E-03
-6.945196E-03
-1.395609E-02
-2.010842E-02
-2.570031E-02
-3.057463E-02
-3.252554E-02
-3.218184E-02
-3.098376E-02
-2.905160E-02
-2.635020E-02
-2.411231E-02
-2.554713E-02
-2.787409E-02
-2.958462E-02
-3.175561E-02
-3.333450E-02
-3.484779E-02
-3.637452E-02
-3.736048E-02
-3.858590E-02
-4.141372E-02
-4.449925E-02
-4.669413E-02
-4.784098E-02
-4.772008E-02
-4.659245E-02
-4.388719E-02
-3.979786E-02
-3.434541E-02
-2.673778E-02
-1.747356E-02
-8.636601E-03
-2.831013E-03
1.943669E-03
6.294842E-03
1.092515E-02
1.585362E-02
2.003185E-02
2.295011E-02
2.436021E-02
2.326129E-02
1.766215E-02
6.879075E-03
-5.153330E-03
-1.275719E-02
-1.536251E-02
-1.572676E-02
-1.596235E-02
-1.674358E-02
-1.621016E-02
-1.383743E-02
-9.591429E-03
-4.827915E-03
-9.493702E-04
2.692235E-03
6.210289E-03
9.010089E-03
1.097819E-02
1.110589E-02
1.153377E-02
1.387592E-02
1.620021E-02
1.692299E-02
1.724353E-02
1.764869E-02
1.766701E-02
1.637301E-02
1.340713E-02
7.705530E-03
2.713321E-04
-6.366321E-03
-1.091863E-02
-1.344542E-02
-1.466077E-02
-1.613540E-02
-1.823064E-02
-1.848062E-02
-1.855811E-02
-2.033173E-02
-2.181755E-02
-2.236151E-02
-2.425292E-02
-2.701247E-02
-2.893240E-02
-2.877372E-02
-2.481612E-02
-2.239748E-02
-2.322763E-02
-2.205668E-02
-1.583003E-02
-1.010178E-02
-8.616041E-03
-6.053566E-03
-3.076861E-03
-3.536810E-03
-6.516093E-03
-9.689670E-03
-1.231598E-02
-1.445581E-02
-1.670723E-02
-1.847082E-02
-1.882504E-02
-1.789065E-02
-1.571086E-02
-1.426239E-02
-1.495995E-02
-1.762949E-02
-2.095488E-02
-2.486907E-02
-2.948816E-02
-3.432659E-02
-3.942385E-02
-4.209508E-02
-4.399062E-02
-4.394273E-02
-4.138664E-02
-3.737818E-02
-3.267571E-02
-2.735451E-02
-2.202279E-02
-2.021332E-02
-2.228857E-02
-2.257317E-02
-1.760948E-02
-1.015690E-02
-2.348015E-03
4.416269E-03
9.985413E-03
1.500810E-02
2.001118E-02
2.487343E-02
2.853244E-02
3.049640E-02
3.091998E-02
2.959386E-02
2.589194E-02
2.148771E-02
1.682949E-02
1.185768E-02
1.040358E-02
1.283776E-02
1.263897E-02
9.668814E-03
1.066624E-02
1.547065E-02
1.995664E-02
2.262353E-02
2.449918E-02
2.540114E-02
2.647153E-02
2.857474E-02
3.100639E-02
3.389973E-02
3.835480E-02
4.537309E-02
5.361022E-02
6.239139E-02
7.051322E-02
7.876927E-02
8.543145E-02
8.928218E-02
9.107852E-02
9.339873E-02
9.616489E-02
9.803218E-02
9.924088E-02
1.011372E-01
1.025630E-01
1.028455E-01
1.019742E-01
9.992275E-02
9.749627E-02
9.399520E-02
8.891176E-02
8.215163E-02
7.389199E-02
6.290245E-02
5.005997E-02
3.826127E-02
2.530149E-02
1.401911E-02
9.402581E-03
9.280928E-03
1.262064E-02
1.618631E-02
1.722598E-02
1.586330E-02
1.347506E-02
1.087864E-02
7.976724E-03
4.868836E-03
1.142638E-03
-2.812149E-03
-6.611400E-03
-1.034356E-02
-1.175414E-02
-1.114185E-02
-7.899257E-03
-2.114405E-03
3.756959E-03
9.111741E-03
1.154935E-02
1.054225E-02
7.603577E-03
3.703865E-03
-7.667141E-04
-4.447620E-03
-7.753742E-03
-1.116469E-02
-1.447794E-02
-1.902433E-02
-2.511587E-02
-3.082678E-02
-3.438322E-02
-3.640162E-02
-3.658578E-02
-3.508915E-02
-3.275202E-02
-3.036355E-02
-2.762388E-02
-2.499651E-02
-2.383054E-02
-2.407300E-02
-2.572984E-02
-2.837106E-02
-3.216955E-02
-3.616216E-02
-4.093695E-02
-4.545069E-02
-4.897603E-02
-5.112698E-02
-5.193810E-02
-5.184507E-02
-5.049622E-02
-4.806970E-02
-4.437681E-02
-4.019947E-02
-3.645686E-02
-3.272521E-02
-2.821949E-02
-2.251932E-02
-1.408506E-02
-2.489062E-03
8.573183E-03
1.798920E-02
2.441183E-02
2.755411E-02
2.823232E-02
2.708856E-02
2.400054E-02
1.841743E-02
1.051275E-02
5.858672E-04
-1.028798E-02
-2.068075E-02
-2.816690E-02
-3.319915E-02
-3.590836E-02
-3.795717E-02
-3.841375E-02
-3.883596E-02
-3.879185E-02
-3.697442E-02
-3.452217E-02
-3.143289E-02
-2.813391E-02
-2.501003E-02
-2.222198E-02
-1.987430E-02
-1.814072E-02
-1.566230E-02
-1.229087E-02
-6.209778E-03
3.466125E-03
1.448172E-02
2.316036E-02
2.911960E-02
3.300782E-02
3.351590E-02
3.090904E-02
2.733256E-02
2.285459E-02
1.797345E-02
1.332019E-02
8.434551E-03
3.125062E-03
-1.225403E-03
-4.051895E-03
-6.670383E-03
-9.336732E-03
-1.186940E-02
-1.459933E-02
-1.781279E-02
-2.166088E-02
-2.580685E-02
-2.946182E-02
-3.194400E-02
-3.400811E-02
-3.673311E-02
-3.912278E-02
-3.972181E-02
-3.854742E-02
-3.689758E-02
-3.601065E-02
-3.724473E-02
-4.062833E-02
-4.357326E-02
-4.520784E-02
-4.568695E-02
-4.498501E-02
-4.263211E-02
-3.928437E-02
-3.532429E-02
-3.139722E-02
-2.834497E-02
-2.576370E-02
-2.310672E-02
-2.108820E-02
-1.981510E-02
-1.839264E-02
-1.741355E-02
-1.736713E-02
-1.746782E-02
-1.802655E-02
-1.817532E-02
-1.850817E-02
-1.904650E-02
-1.888330E-02
-1.959301E-02
-2.059282E-02
-2.085272E-02
-2.063701E-02
-2.018284E-02
-1.978476E-02
-1.807049E-02
-1.614633E-02
-1.397200E-02
-9.208559E-03
-4.095105E-03
2.947911E-05
4.652049E-03
9.433906E-03
1.316969E-02
1.469226E-02
1.364423E-02
1.113102E-02
7.987113E-03
4.918791E-03
2.371584E-03
5.092168E-04
4.708852E-04
2.597540E-03
5.906846E-03
8.887388E-03
1.017794E-02
9.074139E-03
5.021888E-03
-4.864958E-04
-4.743349E-03
-8.359846E-03
-1.238711E-02
-1.718556E-02
-2.183811E-02
-2.478399E-02
-2.376695E-02
-2.003191E-02
-1.912075E-02
-2.181913E-02
-2.180022E-02
-1.609587E-02
-9.961173E-03
-6.578130E-03
-4.269895E-03
-1.454911E-03
2.217227E-03
5.465065E-03
7.804298E-03
1.057825E-02
1.325905E-02
1.516317E-02
1.754728E-02
1.994019E-02
2.191717E-02
2.333130E-02
2.488659E-02
2.609327E-02
2.723383E-02
2.816674E-02
2.926683E-02
3.048103E-02
3.121755E-02
3.151596E-02
3.234662E-02
3.346611E-02
3.499340E-02
3.674639E-02
3.914506E-02
4.159289E-02
4.342765E-02
4.563825E-02
4.830964E-02
5.112777E-02
5.287702E-02
5.362571E-02
5.426136E-02
5.387304E-02
5.193863E-02
5.022063E-02
4.737865E-02
4.227319E-02
3.461048E-02
2.647121E-02
1.973783E-02
1.375162E-02
8.770822E-03
6.106032E-03
6.463841E-03
8.784061E-03
9.002132E-03
7.246863E-03
7.220202E-03
8.974902E-03
8.665572E-03
7.315306E-03
9.484170E-03
1.046316E-02
5.071468E-03
-1.686998E-04
1.054772E-03
1.046183E-03
-3.061457E-03
-7.171342E-03
-1.051987E-02
-1.422915E-02
-1.806364E-02
-2.080481E-02
-2.230102E-02
-2.284629E-02
-2.372640E-02
-2.570403E-02
-2.843185E-02
-3.060301E-02
-2.806064E-02
-2.129923E-02
-1.507855E-02
-9.831340E-03
-7.146311E-03
-7.890125E-03
-7.325913E-03
-3.976834E-03
-2.300353E-04
3.036373E-03
6.208593E-03
8.288011E-03
8.785285E-03
9.378106E-03
1.051947E-02
1.157507E-02
1.196515E-02
1.201650E-02
1.256661E-02
1.412088E-02
1.681202E-02
1.941278E-02
2.052236E-02
2.105537E-02
2.097911E-02
2.009255E-02
1.771056E-02
1.434230E-02
1.128348E-02
9.785730E-03
9.987979E-03
1.146535E-02
1.394265E-02
1.698025E-02
2.021084E-02
2.314228E-02
2.591217E-02
2.847621E-02
3.021624E-02
3.136023E-02
3.227159E-02
3.206295E-02
3.074916E-02
2.843252E-02
2.515697E-02
2.140787E-02
1.831184E-02
1.628757E-02
1.416679E-02
1.173019E-02
1.048996E-02
8.841013E-03
6.858497E-03
4.299848E-03
1.711705E-03
-8.972581E-04
-2.292002E-03
-2.452397E-03
-2.415120E-03
-2.718651E-03
-3.234880E-03
-3.206359E-03
-2.108262E-03
-1.481319E-03
-1.499263E-03
-1.484512E-03
-1.347382E-03
-1.697781E-04
8.040248E-04
9.946516E-04
9.600371E-04
5.801940E-04
-5.925356E-04
-2.234210E-03
-4.636054E-03
-6.043850E-03
-6.354761E-03
-6.410629E-03
-7.911908E-03
-9.773447E-03
-1.162994E-02
-1.336852E-02
-1.434495E-02
-1.545261E-02
-1.618111E-02
-1.595391E-02
-1.551938E-02
-1.502483E-02
-1.447100E-02
-1.337372E-02
-1.216772E-02
-1.142565E-02
-1.270840E-02
-1.455686E-02
-1.599509E-02
-1.789890E-02
-1.959483E-02
-2.066143E-02
-2.177008E-02
-2.310900E-02
-2.351920E-02
-2.325011E-02
-2.277629E-02
-2.317434E-02
-2.431953E-02
-2.500260E-02
-2.433748E-02
-2.350348E-02
-2.351176E-02
-2.221063E-02
-1.955028E-02
-1.708091E-02
-1.584858E-02
-1.470892E-02
-1.240652E-02
-1.030474E-02
-8.769732E-03
-6.744172E-03
-5.871548E-03
-5.601512E-03
-4.759963E-03
-4.405605E-03
-4.297329E-03
-3.832312E-03
-2.801906E-03
-1.320493E-03
4.038234E-05
3.139295E-03
5.662423E-03
4.492302E-03
6.298176E-04
-2.589183E-03
-2.474136E-03
1.556869E-03
7.616658E-03
1.315766E-02
1.705709E-02
2.032183E-02
2.412550E-02
2.833721E-02
3.224439E-02
3.573056E-02
3.763038E-02
3.745576E-02
3.575134E-02
3.283346E-02
2.913149E-02
2.529998E-02
2.081308E-02
1.789302E-02
1.878525E-02
1.860890E-02
1.292625E-02
5.496530E-03
-1.580754E-03
-7.881687E-03
-9.741466E-03
-7.796533E-03
-6.736909E-03
-7.402795E-03
-7.797157E-03
-8.693144E-03
-9.919719E-03
-1.066255E-02
-1.119517E-02
-1.132161E-02
-1.082098E-02
-1.034156E-02
-1.016866E-02
-1.073421E-02
-1.055177E-02
-7.713117E-03
-4.151876E-03
-1.930274E-03
-3.199596E-04
2.856681E-03
6.189569E-03
7.703601E-03
6.704674E-03
4.798323E-03
1.844066E-03
-3.199738E-03
-9.011037E-03
-1.507725E-02
-2.126351E-02
-2.534277E-02
-2.468129E-02
-2.240957E-02
-2.316641E-02
-2.597537E-02
-2.788263E-02
-2.737075E-02
-2.477778E-02
-2.111087E-02
-1.696675E-02
-1.378494E-02
-1.531030E-02
-2.124451E-02
-2.682210E-02
-2.923244E-02
-2.890286E-02
-2.655409E-02
-2.283198E-02
-1.959037E-02
-1.880149E-02
-1.834049E-02
-1.552796E-02
-1.222015E-02
-8.998461E-03
-5.281901E-03
-2.786955E-03
-3.757459E-03
-6.296514E-03
-9.421009E-03
-1.262313E-02
-1.393051E-02
-1.215028E-02
-9.301116E-03
-9.251258E-03
-1.274362E-02
-1.766057E-02
-2.160676E-02
-2.533021E-02
-2.853363E-02
-2.849914E-02
-2.528497E-02
-2.422537E-02
-2.441690E-02
-2.044933E-02
-1.309776E-02
-5.627496E-03
2.540886E-03
9.014988E-03
1.374456E-02
1.697115E-02
1.740758E-02
1.494225E-02
1.170638E-02
9.395125E-03
8.602801E-03
8.732993E-03
9.263212E-03
1.025753E-02
1.180823E-02
1.297085E-02
1.587256E-02
1.964111E-02
1.924462E-02
1.694704E-02
1.796680E-02
2.163170E-02
2.157683E-02
1.847351E-02
1.836378E-02
2.154299E-02
2.442227E-02
2.548257E-02
2.540948E-02
2.376680E-02
2.129574E-02
1.819573E-02
1.435082E-02
9.945034E-03
7.417401E-03
6.702373E-03
6.232014E-03
5.116860E-03
3.239760E-03
1.881350E-03
1.942930E-03
1.741683E-03
1.945742E-03
2.667647E-03
3.218612E-03
4.795748E-03
7.398638E-03
1.079156E-02
1.502483E-02
1.996554E-02
2.329818E-02
2.209753E-02
1.727167E-02
1.270402E-02
1.083039E-02
1.228736E-02
1.558566E-02
1.736049E-02
1.572184E-02
1.200040E-02
9.701372E-03
9.260650E-03
7.190508E-03
1.194461E-03
-5.456419E-03
-1.097657E-02
-1.558863E-02
-1.846613E-02
-1.938340E-02
-1.812253E-02
-1.571946E-02
-1.347743E-02
-1.002121E-02
-6.627874E-03
-4.152049E-03
-1.967924E-03
-1.758831E-04
1.023078E-03
1.395341E-03
1.591629E-03
1.741442E-03
2.256500E-03
2.849809E-03
3.809901E-03
4.825217E-03
4.269545E-03
3.481656E-03
2.586121E-03
2.148026E-03
1.326992E-03
8.354738E-04
8.790655E-04
7.563989E-04
-2.865050E-04
-3.059966E-03
-5.292141E-03
-6.659063E-03
-8.031164E-03
-8.106730E-03
-6.169244E-03
-3.364548E-03
-1.158494E-03
-8.619480E-04
-2.690324E-03
-5.454872E-03
-8.053602E-03
-1.005211E-02
-9.344416E-03
-6.269446E-03
-4.432413E-03
-4.841338E-03
-5.526716E-03
-5.751822E-03
-5.999200E-03
-7.637513E-03
-9.355826E-03
-9.471913E-03
-9.929233E-03
-1.080525E-02
-1.253752E-02
-1.500874E-02
-1.628417E-02
-1.816767E-02
-2.006719E-02
-2.102943E-02
-1.987774E-02
-1.719262E-02
-1.343788E-02
-9.111827E-03
-5.118553E-03
-2.327309E-03
7.888636E-05
2.199818E-03
3.772304E-03
5.425617E-03
5.883289E-03
6.372050E-03
6.996488E-03
6.745408E-03
6.353253E-03
6.033873E-03
4.790305E-03
3.207773E-03
1.910983E-03
-3.937074E-05
-2.055189E-03
-3.745794E-03
-5.988915E-03
-8.786113E-03
-1.056239E-02
-1.071689E-02
-1.010818E-02
-9.657932E-03
-9.036056E-03
-8.223969E-03
-6.970150E-03
-7.381817E-03
-8.721708E-03
-9.178964E-03
-8.790447E-03
-7.941183E-03
-7.277720E-03
-7.022793E-03
-7.332220E-03
-6.881902E-03
-4.220892E-03
-7.682936E-04
1.576305E-03
3.550508E-03
5.793616E-03
7.689788E-03
1.030436E-02
1.458489E-02
1.786145E-02
1.845619E-02
1.810931E-02
1.717229E-02
1.378786E-02
8.398301E-03
2.676851E-03
-1.055854E-03
-3.383022E-03
-6.277528E-03
-7.785461E-03
-7.159246E-03
-5.418078E-03
-4.356386E-03
-3.323061E-03
-1.551463E-03
1.383219E-04
1.782823E-03
3.871733E-03
4.550247E-03
4.398652E-03
3.375424E-03
2.203006E-03
1.209981E-03
1.282623E-03
2.051538E-03
1.701575E-03
2.957881E-04
-8.938655E-04
-2.046127E-03
-2.302796E-03
-1.155414E-03
2.181875E-04
1.754751E-03
3.986517E-03
5.341650E-03
6.992201E-03
8.177152E-03
8.297502E-03
7.704268E-03
8.091838E-03
7.297200E-03
7.111382E-03
7.405584E-03
8.974292E-03
1.156743E-02
1.357311E-02
1.536034E-02
1.726795E-02
1.927136E-02
2.071334E-02
2.204069E-02
2.285926E-02
2.331439E-02
2.333766E-02
2.288156E-02
2.151280E-02
1.934355E-02
1.726270E-02
1.511759E-02
1.396975E-02
1.342050E-02
1.309434E-02
1.277836E-02
1.273679E-02
1.226131E-02
1.210888E-02
1.261062E-02
1.309900E-02
1.422631E-02
1.605574E-02
1.806734E-02
1.961806E-02
2.061713E-02
2.117215E-02
2.178026E-02
2.284388E-02
2.352164E-02
2.342785E-02
2.294467E-02
2.204827E-02
2.070329E-02
1.941858E-02
1.774882E-02
1.621693E-02
1.471033E-02
1.363604E-02
1.343050E-02
1.358718E-02
1.327553E-02
1.276076E-02
1.236569E-02
1.194075E-02
1.040474E-02
8.463702E-03
6.837076E-03
4.654738E-03
2.277495E-03
5.217410E-04
-8.018054E-04
-1.776157E-03
-2.059008E-03
-1.654597E-03
-3.934034E-04
9.076890E-04
1.191256E-03
1.363790E-03
2.065206E-03
1.493844E-03
2.350011E-04
-7.885975E-04
-1.852866E-03
-2.553510E-03
-3.235380E-03
-4.037560E-03
-5.164857E-03
-6.895617E-03
-9.352255E-03
-1.238734E-02
-1.611020E-02
-2.021450E-02
-2.365768E-02
-2.639715E-02
-2.811344E-02
-2.875461E-02
-2.878261E-02
-2.791711E-02
-2.624743E-02
-2.481017E-02
-2.392261E-02
-2.325431E-02
-2.247702E-02
-2.151845E-02
-2.044793E-02
-2.027445E-02
-2.086098E-02
-2.136980E-02
-2.192516E-02
-2.234745E-02
-2.326888E-02
-2.457967E-02
-2.555229E-02
-2.655516E-02
-2.730961E-02
-2.835351E-02
-2.874528E-02
-2.827384E-02
-2.773306E-02
-2.654932E-02
-2.471969E-02
-2.233202E-02
-1.893417E-02
-1.603008E-02
-1.357223E-02
-1.109458E-02
-9.145479E-03
-7.260714E-03
-4.847668E-03
-2.935252E-03
-1.481866E-03
6.307765E-04
2.836234E-03
4.471088E-03
5.064810E-03
5.024458E-03
4.868367E-03
4.399716E-03
3.933329E-03
3.425910E-03
2.625812E-03
1.532175E-03
6.314919E-04
-5.520153E-04
-2.018665E-03
-2.888506E-03
-3.130864E-03
-3.189329E-03
-3.213983E-03
-2.802929E-03
-2.402523E-03
-2.265566E-03
-1.874995E-03
-1.043769E-03
2.030788E-04
1.477421E-03
2.702603E-03
3.958162E-03
4.923022E-03
5.553986E-03
6.257427E-03
7.079645E-03
8.028586E-03
8.669570E-03
9.056280E-03
9.136425E-03
8.944235E-03
8.546150E-03
7.791097E-03
6.740481E-03
5.737282E-03
4.501619E-03
3.866020E-03
3.227355E-03
2.364423E-03
2.008626E-03
2.194329E-03
2.626469E-03
3.089478E-03
3.330224E-03
3.457492E-03
3.766557E-03
4.106291E-03
4.058948E-03
3.779580E-03
3.548524E-03
3.475122E-03
3.272950E-03
2.800089E-03
1.925867E-03
1.169423E-03
4.024255E-04
-4.869345E-04
-1.133838E-03
-1.333928E-03
-1.501480E-03
-1.675227E-03
-1.805491E-03
-2.064238E-03
-2.279924E-03
-2.412829E-03
-2.558941E-03
-2.686761E-03
-2.847899E-03
-3.094459E-03
-3.314166E-03
-3.600750E-03
-3.695725E-03
-3.684707E-03
-3.742498E-03
-3.790177E-03
-3.755067E-03
-3.689821E-03
-3.683641E-03
-3.736040E-03
-3.830947E-03
-3.942012E-03
-4.036990E-03
-4.190196E-03
-4.293493E-03
-4.315287E-03
-4.163829E-03
-3.958697E-03
-3.638013E-03
-3.137086E-03
-2.570733E-03
-1.990948E-03
-1.378952E-03
-8.552903E-04
-4.098053E-04
-9.849792E-05
1.539065E-04
4.591669E-04
7.863408E-04
1.035582E-03
1.279680E-03
1.557713E-03
1.830156E-03
2.041209E-03
2.180384E-03
2.322229E-03
2.495168E-03
2.685778E-03
2.822971E-03
2.906715E-03
2.985389E-03
3.010244E-03
2.982247E-03
2.992869E-03
3.009666E-03
2.968996E-03
2.934164E-03
2.890591E-03
2.841446E-03
2.809859E-03
2.718019E-03
2.598103E-03
2.520331E-03
2.433005E-03
2.328556E-03
2.239767E-03
2.184215E-03
2.151269E-03
2.132009E-03
2.109014E-03
2.079372E-03
2.053175E-03
2.025547E-03
1.997176E-03
1.965490E-03
1.928336E-03
1.892322E-03
1.850899E-03
1.805564E-03
1.765165E-03
1.727682E-03
1.689512E-03
1.650665E-03
1.610796E-03
1.568893E-03
1.527365E-03
1.485543E-03
1.441496E-03
1.397544E-03
1.352593E-03
1.306073E-03
1.257558E-03
1.208106E-03
1.157948E-03
1.106210E-03
1.053789E-03
1.000489E-03
9.465757E-04
8.923491E-04
8.378296E-04
7.832617E-04
7.287137E-04
6.740515E-04
6.192669E-04
5.643479E-04
5.092898E-04
4.540734E-04
3.986879E-04
3.431581E-04
2.875068E-04
2.317569E-04
1.759333E-04
1.200529E-04
6.413204E-05
8.186677E-06
