   0.0000000e+00   5.3886467e-04
   1.0000000e-02   5.3961305e-04
   2.0000000e-02   5.3997209e-04
   3.0000000e-02   5.3781793e-04
   4.0000000e-02   5.3522520e-04
   5.0000000e-02   5.3448021e-04
   6.0000000e-02   5.3256396e-04
   7.0000000e-02   5.3278483e-04
   8.0000000e-02   5.3527962e-04
   9.0000000e-02   5.3476493e-04
   1.0000000e-01   5.3575312e-04
   1.1000000e-01   5.3761516e-04
   1.2000000e-01   5.3455740e-04
   1.3000000e-01   5.2679881e-04
   1.4000000e-01   5.4379315e-04
   1.5000000e-01   5.3655221e-04
   1.6000000e-01   4.8067722e-04
   1.7000000e-01   4.6522325e-04
   1.8000000e-01   4.7654688e-04
   1.9000000e-01   4.2886979e-04
   2.0000000e-01   3.6057603e-04
   2.1000000e-01   3.7735395e-04
   2.2000000e-01   4.4965290e-04
   2.3000000e-01   5.0117848e-04
   2.4000000e-01   5.8501950e-04
   2.5000000e-01   5.9809432e-04
   2.6000000e-01   6.5697582e-04
   2.7000000e-01   9.2348084e-04
   2.8000000e-01   1.0059360e-03
   2.9000000e-01   6.6396444e-04
   3.0000000e-01   1.4404594e-04
   3.1000000e-01  -2.2250192e-04
   3.2000000e-01  -1.4716077e-04
   3.3000000e-01  -6.6129898e-05
   3.4000000e-01  -1.4270156e-04
   3.5000000e-01   3.3042195e-04
   3.6000000e-01   6.6927908e-04
   3.7000000e-01   4.2340766e-04
   3.8000000e-01   8.0731157e-04
   3.9000000e-01   1.2267370e-03
   4.0000000e-01   9.5426831e-04
   4.1000000e-01   9.6088761e-04
   4.2000000e-01   8.4603530e-04
   4.3000000e-01   3.6314027e-04
   4.4000000e-01   1.2382623e-03
   4.5000000e-01   1.5069225e-03
   4.6000000e-01  -6.4078597e-04
   4.7000000e-01  -1.3892243e-03
   4.8000000e-01   4.1543434e-04
   4.9000000e-01   8.8390276e-04
   5.0000000e-01  -1.0041873e-03
   5.1000000e-01  -1.3817543e-03
   5.2000000e-01   6.3894256e-04
   5.3000000e-01   2.1071251e-03
   5.4000000e-01   1.5513325e-03
   5.5000000e-01   1.0745679e-03
   5.6000000e-01   2.3780301e-03
   5.7000000e-01   3.1734936e-03
   5.8000000e-01   1.8770630e-03
   5.9000000e-01   2.3201964e-05
   6.0000000e-01  -8.1745017e-04
   6.1000000e-01  -1.3531451e-03
   6.2000000e-01  -1.2206816e-03
   6.3000000e-01  -1.1014481e-03
   6.4000000e-01  -1.5841929e-03
   6.5000000e-01  -4.0452301e-04
   6.6000000e-01   1.6657685e-03
   6.7000000e-01   1.1140957e-03
   6.8000000e-01   3.1535889e-03
   6.9000000e-01   6.7898124e-03
   7.0000000e-01   3.0055661e-03
   7.1000000e-01  -4.2862457e-03
   7.2000000e-01  -2.4302954e-03
   7.3000000e-01   2.8308410e-03
   7.4000000e-01   4.5502683e-04
   7.5000000e-01  -4.0021510e-03
   7.6000000e-01  -2.8842563e-03
   7.7000000e-01   1.5153899e-03
   7.8000000e-01   4.8188301e-03
   7.9000000e-01   4.2244382e-03
   8.0000000e-01  -1.5543861e-03
   8.1000000e-01  -9.0450291e-03
   8.2000000e-01  -8.3819019e-03
   8.3000000e-01  -2.2379495e-03
   8.4000000e-01  -2.2127899e-03
   8.5000000e-01  -3.8715829e-03
   8.6000000e-01  -9.5226449e-04
   8.7000000e-01   3.8962396e-03
   8.8000000e-01   7.7470071e-03
   8.9000000e-01   6.2844798e-03
   9.0000000e-01  -1.8288085e-04
   9.1000000e-01  -3.1722092e-03
   9.2000000e-01  -1.4342749e-03
   9.3000000e-01   5.2520423e-04
   9.4000000e-01   1.7922951e-03
   9.5000000e-01  -4.1042475e-03
   9.6000000e-01  -1.2424043e-02
   9.7000000e-01  -9.4726952e-03
   9.8000000e-01   3.8215791e-03
   9.9000000e-01   1.5120599e-02
   1.0000000e+00   2.0341546e-02
   1.0100000e+00   1.5522092e-02
   1.0200000e+00   5.3310502e-03
   1.0300000e+00  -5.0824630e-04
   1.0400000e+00  -1.5058171e-03
   1.0500000e+00  -6.6223614e-03
   1.0600000e+00  -1.2667879e-02
   1.0700000e+00  -2.9092592e-03
   1.0800000e+00   1.4659568e-02
   1.0900000e+00   1.6063264e-02
   1.1000000e+00   4.5736999e-03
   1.1100000e+00   4.7595437e-03
   1.1200000e+00   8.5126490e-03
   1.1300000e+00   6.2813500e-03
   1.1400000e+00   4.7995786e-03
   1.1500000e+00  -1.4564825e-03
   1.1600000e+00  -1.1163923e-02
   1.1700000e+00  -7.7142325e-03
   1.1800000e+00   1.5428577e-03
   1.1900000e+00  -2.6401638e-03
   1.2000000e+00  -9.2401099e-04
   1.2100000e+00   1.8388069e-02
   1.2200000e+00   2.7826944e-02
   1.2300000e+00   1.8581060e-02
   1.2400000e+00   1.3636528e-02
   1.2500000e+00   9.4410757e-03
   1.2600000e+00  -2.4778565e-03
   1.2700000e+00  -8.2033524e-03
   1.2800000e+00  -1.3063453e-03
   1.2900000e+00  -4.0955409e-04
   1.3000000e+00  -1.1379096e-02
   1.3100000e+00  -1.5150500e-02
   1.3200000e+00  -4.8902389e-03
   1.3300000e+00   1.1492231e-04
   1.3400000e+00  -3.6335871e-03
   1.3500000e+00   3.7718253e-03
   1.3600000e+00   1.4472930e-02
   1.3700000e+00   1.3921297e-02
   1.3800000e+00   1.6754556e-02
   1.3900000e+00   2.8066576e-02
   1.4000000e+00   3.2283901e-02
   1.4100000e+00   2.9397997e-02
   1.4200000e+00   2.6258094e-02
   1.4300000e+00   1.6171010e-02
   1.4400000e+00   2.7606827e-03
   1.4500000e+00  -8.5909677e-03
   1.4600000e+00  -2.5972859e-02
   1.4700000e+00  -4.5178960e-02
   1.4800000e+00  -3.4072615e-02
   1.4900000e+00   6.8038269e-03
   1.5000000e+00   4.8381948e-02
   1.5100000e+00   7.0924289e-02
   1.5200000e+00   6.1602561e-02
   1.5300000e+00   3.4207752e-02
   1.5400000e+00   1.7160983e-02
   1.5500000e+00   9.6866791e-03
   1.5600000e+00  -1.2673840e-04
   1.5700000e+00  -1.7815926e-02
   1.5800000e+00  -4.1491298e-02
   1.5900000e+00  -5.2329306e-02
   1.6000000e+00  -3.2665001e-02
   1.6100000e+00  -1.4952310e-04
   1.6200000e+00   1.5927429e-02
   1.6300000e+00   2.1040567e-02
   1.6400000e+00   2.2690078e-02
   1.6500000e+00   1.5011943e-02
   1.6600000e+00   1.0590224e-02
   1.6700000e+00   9.1098774e-03
   1.6800000e+00  -9.0917611e-03
   1.6900000e+00  -3.5829988e-02
   1.7000000e+00  -3.3414242e-02
   1.7100000e+00   3.5675962e-03
   1.7200000e+00   4.8168607e-02
   1.7300000e+00   7.2170507e-02
   1.7400000e+00   5.9792554e-02
   1.7500000e+00   2.1206568e-02
   1.7600000e+00  -1.2940651e-02
   1.7700000e+00  -2.2710132e-02
   1.7800000e+00  -3.5072891e-02
   1.7900000e+00  -6.0351112e-02
   1.8000000e+00  -5.5965276e-02
   1.8100000e+00  -2.2661088e-02
   1.8200000e+00   1.7011012e-02
   1.8300000e+00   5.1896461e-02
   1.8400000e+00   7.1195579e-02
   1.8500000e+00   6.3858574e-02
   1.8600000e+00   3.6249651e-02
   1.8700000e+00   6.8712778e-05
   1.8800000e+00  -3.1226936e-02
   1.8900000e+00  -4.8759268e-02
   1.9000000e+00  -3.9812214e-02
   1.9100000e+00  -2.4359146e-02
   1.9200000e+00  -1.6466219e-02
   1.9300000e+00  -7.9147874e-03
   1.9400000e+00  -6.7426219e-03
   1.9500000e+00  -2.0535468e-02
   1.9600000e+00  -2.9769484e-02
   1.9700000e+00  -1.7409922e-02
   1.9800000e+00  -2.5339378e-03
   1.9900000e+00  -3.0280459e-03
   2.0000000e+00  -1.2700893e-02
   2.0100000e+00  -1.9172833e-02
   2.0200000e+00  -1.7459517e-02
   2.0300000e+00  -1.0651582e-02
   2.0400000e+00  -1.2143107e-02
   2.0500000e+00  -2.2397919e-02
   2.0600000e+00  -1.6547483e-02
   2.0700000e+00   2.0931646e-03
   2.0800000e+00   1.3219216e-02
   2.0900000e+00   5.6828933e-03
   2.1000000e+00  -4.5301709e-03
   2.1100000e+00  -1.5833956e-03
   2.1200000e+00  -1.1011051e-03
   2.1300000e+00  -1.5765578e-02
   2.1400000e+00  -3.1522039e-02
   2.1500000e+00  -2.4743190e-02
   2.1600000e+00   1.1836749e-02
   2.1700000e+00   5.0216646e-02
   2.1800000e+00   5.2363569e-02
   2.1900000e+00   2.1957546e-02
   2.2000000e+00  -2.7206308e-03
   2.2100000e+00  -1.0628013e-03
   2.2200000e+00   4.2066691e-03
   2.2300000e+00  -8.6910514e-03
   2.2400000e+00  -2.3609302e-02
   2.2500000e+00  -1.4810206e-02
   2.2600000e+00  -1.3475598e-04
   2.2700000e+00  -2.1890787e-03
   2.2800000e+00  -1.6679179e-02
   2.2900000e+00  -3.4054001e-02
   2.3000000e+00  -4.1502924e-02
   2.3100000e+00  -3.7301851e-02
   2.3200000e+00  -4.3865612e-02
   2.3300000e+00  -5.1552081e-02
   2.3400000e+00  -3.5490415e-02
   2.3500000e+00   1.4161183e-04
   2.3600000e+00   3.6032445e-02
   2.3700000e+00   5.0793363e-02
   2.3800000e+00   4.8169665e-02
   2.3900000e+00   3.9615009e-02
   2.4000000e+00   2.0128014e-02
   2.4100000e+00  -1.9682252e-02
   2.4200000e+00  -7.0697173e-02
   2.4300000e+00  -8.2250963e-02
   2.4400000e+00  -4.6647445e-02
   2.4500000e+00  -1.7528171e-02
   2.4600000e+00  -2.3138106e-02
   2.4700000e+00  -2.6079736e-02
   2.4800000e+00  -4.5302249e-04
   2.4900000e+00   2.4331246e-02
   2.5000000e+00   3.3435217e-02
   2.5100000e+00   3.8422324e-02
   2.5200000e+00   5.0025614e-02
   2.5300000e+00   4.7128445e-02
   2.5400000e+00   3.2356515e-02
   2.5500000e+00   3.5087535e-02
   2.5600000e+00   3.6919830e-02
   2.5700000e+00   1.7895613e-02
   2.5800000e+00  -2.6675448e-03
   2.5900000e+00  -3.5278821e-03
   2.6000000e+00   5.4570358e-03
   2.6100000e+00  -6.8188007e-03
   2.6200000e+00  -4.7592302e-02
   2.6300000e+00  -6.7505959e-02
   2.6400000e+00  -5.0417663e-02
   2.6500000e+00  -2.7097196e-02
   2.6600000e+00  -1.0666776e-02
   2.6700000e+00  -1.1251064e-05
   2.6800000e+00  -5.7369693e-03
   2.6900000e+00  -1.7916418e-02
   2.7000000e+00  -3.2388025e-03
   2.7100000e+00   2.7425091e-02
   2.7200000e+00   3.7906426e-02
   2.7300000e+00   1.8360391e-02
   2.7400000e+00  -1.5599216e-02
   2.7500000e+00  -4.8793066e-02
   2.7600000e+00  -7.2050575e-02
   2.7700000e+00  -7.3227970e-02
   2.7800000e+00  -5.5796596e-02
   2.7900000e+00  -1.7619610e-02
   2.8000000e+00   2.3480168e-02
   2.8100000e+00   3.5348999e-02
   2.8200000e+00   1.8454827e-02
   2.8300000e+00   7.5730444e-04
   2.8400000e+00  -6.7361536e-03
   2.8500000e+00  -1.1830915e-02
   2.8600000e+00  -1.3832631e-02
   2.8700000e+00  -1.3376080e-02
   2.8800000e+00  -1.8696513e-02
   2.8900000e+00  -3.4579366e-02
   2.9000000e+00  -3.9714421e-02
   2.9100000e+00  -1.7851036e-02
   2.9200000e+00   6.0667657e-03
   2.9300000e+00   6.6145843e-03
   2.9400000e+00   3.3433132e-03
   2.9500000e+00   1.6202277e-02
   2.9600000e+00   2.8727713e-02
   2.9700000e+00   2.9849287e-02
   2.9800000e+00   1.7446907e-02
   2.9900000e+00  -1.6745302e-02
   3.0000000e+00  -4.3968021e-02
   3.0100000e+00  -2.2681957e-02
   3.0200000e+00   2.0834394e-02
   3.0300000e+00   3.5583676e-02
   3.0400000e+00   5.0778042e-03
   3.0500000e+00  -3.3710669e-02
   3.0600000e+00  -4.2527775e-02
   3.0700000e+00  -3.3325460e-02
   3.0800000e+00  -2.6457723e-02
   3.0900000e+00  -2.8693185e-02
   3.1000000e+00  -3.8086901e-02
   3.1100000e+00  -3.8749203e-02
   3.1200000e+00  -1.7583198e-02
   3.1300000e+00   1.4330234e-02
   3.1400000e+00   2.9291999e-02
   3.1500000e+00   1.7882769e-02
   3.1600000e+00   1.2449995e-02
   3.1700000e+00   3.8796775e-02
   3.1800000e+00   6.7082918e-02
   3.1900000e+00   6.2360696e-02
   3.2000000e+00   3.9013039e-02
   3.2100000e+00   2.0468276e-02
   3.2200000e+00   7.2118435e-03
   3.2300000e+00   1.7729696e-03
   3.2400000e+00   3.1716576e-03
   3.2500000e+00  -6.1585694e-03
   3.2600000e+00  -2.3830711e-02
   3.2700000e+00  -2.8461197e-02
   3.2800000e+00  -2.8676222e-02
   3.2900000e+00  -4.4182718e-02
   3.3000000e+00  -6.0683528e-02
   3.3100000e+00  -7.1768929e-02
   3.3200000e+00  -9.1393507e-02
   3.3300000e+00  -1.2062870e-01
   3.3400000e+00  -1.4020847e-01
   3.3500000e+00  -1.3531069e-01
   3.3600000e+00  -1.1822720e-01
   3.3700000e+00  -1.0687063e-01
   3.3800000e+00  -1.0830141e-01
   3.3900000e+00  -1.1656771e-01
   3.4000000e+00  -1.1832005e-01
   3.4100000e+00  -1.0462299e-01
   3.4200000e+00  -8.1794274e-02
   3.4300000e+00  -5.2585191e-02
   3.4400000e+00  -1.7755722e-02
   3.4500000e+00   1.5895452e-02
   3.4600000e+00   3.9628964e-02
   3.4700000e+00   4.3554468e-02
   3.4800000e+00   4.5317178e-02
   3.4900000e+00   6.9524002e-02
   3.5000000e+00   1.0065191e-01
   3.5100000e+00   1.0502789e-01
   3.5200000e+00   9.0318108e-02
   3.5300000e+00   9.0191145e-02
   3.5400000e+00   1.0805968e-01
   3.5500000e+00   1.1475279e-01
   3.5600000e+00   8.5123399e-02
   3.5700000e+00   1.1211782e-02
   3.5800000e+00  -8.2934896e-02
   3.5900000e+00  -1.3922123e-01
   3.6000000e+00  -1.5437567e-01
   3.6100000e+00  -1.6801038e-01
   3.6200000e+00  -1.9435970e-01
   3.6300000e+00  -2.1531795e-01
   3.6400000e+00  -2.2394403e-01
   3.6500000e+00  -2.2395536e-01
   3.6600000e+00  -2.1290903e-01
   3.6700000e+00  -1.8874913e-01
   3.6800000e+00  -1.6499508e-01
   3.6900000e+00  -1.5213362e-01
   3.7000000e+00  -1.4443929e-01
   3.7100000e+00  -1.3147915e-01
   3.7200000e+00  -1.0190005e-01
   3.7300000e+00  -4.7422754e-02
   3.7400000e+00   1.3791242e-02
   3.7500000e+00   6.5050464e-02
   3.7600000e+00   1.1596535e-01
   3.7700000e+00   1.6675251e-01
   3.7800000e+00   2.0324742e-01
   3.7900000e+00   2.1868192e-01
   3.8000000e+00   2.1647651e-01
   3.8100000e+00   2.1545538e-01
   3.8200000e+00   2.2455539e-01
   3.8300000e+00   2.3541177e-01
   3.8400000e+00   2.3847578e-01
   3.8500000e+00   2.3636069e-01
   3.8600000e+00   2.3648404e-01
   3.8700000e+00   2.3294896e-01
   3.8800000e+00   2.1624494e-01
   3.8900000e+00   1.9150143e-01
   3.9000000e+00   1.7432210e-01
   3.9100000e+00   1.6882811e-01
   3.9200000e+00   1.6848569e-01
   3.9300000e+00   1.5681317e-01
   3.9400000e+00   1.3624785e-01
   3.9500000e+00   1.2815404e-01
   3.9600000e+00   1.3179637e-01
   3.9700000e+00   1.2183893e-01
   3.9800000e+00   8.9667051e-02
   3.9900000e+00   5.4682169e-02
   4.0000000e+00   4.1247039e-02
   4.0100000e+00   4.0362100e-02
   4.0200000e+00   3.8261829e-02
   4.0300000e+00   3.0575128e-02
   4.0400000e+00   7.7251838e-03
   4.0500000e+00  -2.2066763e-02
   4.0600000e+00  -4.8852984e-02
   4.0700000e+00  -7.3703316e-02
   4.0800000e+00  -9.9733689e-02
   4.0900000e+00  -1.3752881e-01
   4.1000000e+00  -1.9709220e-01
   4.1100000e+00  -2.4102361e-01
   4.1200000e+00  -2.3808497e-01
   4.1300000e+00  -2.0827173e-01
   4.1400000e+00  -1.7946531e-01
   4.1500000e+00  -1.4668145e-01
   4.1600000e+00  -1.1699314e-01
   4.1700000e+00  -1.0942016e-01
   4.1800000e+00  -1.1333006e-01
   4.1900000e+00  -9.1664766e-02
   4.2000000e+00  -5.8809622e-02
   4.2100000e+00  -4.2570318e-02
   4.2200000e+00  -2.8484650e-02
   4.2300000e+00   7.9699953e-03
   4.2400000e+00   6.7525939e-02
   4.2500000e+00   1.1452144e-01
   4.2600000e+00   1.1608182e-01
   4.2700000e+00   1.0319554e-01
   4.2800000e+00   1.0562106e-01
   4.2900000e+00   1.1408245e-01
   4.3000000e+00   1.1419511e-01
   4.3100000e+00   1.1226160e-01
   4.3200000e+00   1.1405799e-01
   4.3300000e+00   1.1322513e-01
   4.3400000e+00   1.1139390e-01
   4.3500000e+00   1.1808807e-01
   4.3600000e+00   1.4315632e-01
   4.3700000e+00   1.7225953e-01
   4.3800000e+00   1.5903468e-01
   4.3900000e+00   8.3653738e-02
   4.4000000e+00  -1.3518004e-02
   4.4100000e+00  -8.1278968e-02
   4.4200000e+00  -1.1679186e-01
   4.4300000e+00  -1.4197024e-01
   4.4400000e+00  -1.6296935e-01
   4.4500000e+00  -1.5998994e-01
   4.4600000e+00  -1.0837733e-01
   4.4700000e+00  -2.7715864e-02
   4.4800000e+00   2.5350263e-02
   4.4900000e+00   6.9235623e-02
   4.5000000e+00   1.3886377e-01
   4.5100000e+00   1.9897986e-01
   4.5200000e+00   2.2207130e-01
   4.5300000e+00   2.2843893e-01
   4.5400000e+00   2.3616692e-01
   4.5500000e+00   2.4326248e-01
   4.5600000e+00   2.4151427e-01
   4.5700000e+00   2.2259372e-01
   4.5800000e+00   1.2437745e-01
   4.5900000e+00  -3.3181683e-02
   4.6000000e+00  -1.7191710e-01
   4.6100000e+00  -2.7835129e-01
   4.6200000e+00  -3.5471240e-01
   4.6300000e+00  -3.6156560e-01
   4.6400000e+00  -2.8773051e-01
   4.6500000e+00  -1.9783231e-01
   4.6600000e+00  -1.3478880e-01
   4.6700000e+00  -7.1279353e-02
   4.6800000e+00  -2.4256981e-02
   4.6900000e+00  -5.3102783e-03
   4.7000000e+00   6.0558164e-03
   4.7100000e+00   1.3014419e-02
   4.7200000e+00   1.0412354e-02
   4.7300000e+00   1.5268558e-02
   4.7400000e+00   3.9030689e-02
   4.7500000e+00   7.3319081e-02
   4.7600000e+00   1.0260855e-01
   4.7700000e+00   1.0776745e-01
   4.7800000e+00   8.9737569e-02
   4.7900000e+00   7.0110386e-02
   4.8000000e+00   5.7621427e-02
   4.8100000e+00   4.7419080e-02
   4.8200000e+00   3.4248411e-02
   4.8300000e+00   2.9329979e-02
   4.8400000e+00   4.9430358e-02
   4.8500000e+00   9.5207475e-02
   4.8600000e+00   1.3774735e-01
   4.8700000e+00   1.4734257e-01
   4.8800000e+00   1.3061018e-01
   4.8900000e+00   1.1491172e-01
   4.9000000e+00   1.3173284e-01
   4.9100000e+00   1.7665129e-01
   4.9200000e+00   2.0184608e-01
   4.9300000e+00   1.9921057e-01
   4.9400000e+00   1.9762785e-01
   4.9500000e+00   1.9874205e-01
   4.9600000e+00   1.7741777e-01
   4.9700000e+00   8.1439686e-02
   4.9800000e+00  -5.3406918e-02
   4.9900000e+00  -1.5845847e-01
   5.0000000e+00  -2.2715839e-01
   5.0100000e+00  -2.5972160e-01
   5.0200000e+00  -2.6069698e-01
   5.0300000e+00  -2.3122934e-01
   5.0400000e+00  -1.8484315e-01
   5.0500000e+00  -1.5088972e-01
   5.0600000e+00  -1.4028682e-01
   5.0700000e+00  -1.4490549e-01
   5.0800000e+00  -1.3983121e-01
   5.0900000e+00  -1.2399934e-01
   5.1000000e+00  -1.0678826e-01
   5.1100000e+00  -8.4293857e-02
   5.1200000e+00  -5.4564799e-02
   5.1300000e+00  -2.1077742e-02
   5.1400000e+00   6.7647173e-04
   5.1500000e+00   2.5204273e-02
   5.1600000e+00   8.3672638e-02
   5.1700000e+00   1.6828568e-01
   5.1800000e+00   2.1565910e-01
   5.1900000e+00   2.1668658e-01
   5.2000000e+00   1.9316885e-01
   5.2100000e+00   1.5727386e-01
   5.2200000e+00   1.4350753e-01
   5.2300000e+00   1.7051237e-01
   5.2400000e+00   2.0845003e-01
   5.2500000e+00   2.2100899e-01
   5.2600000e+00   1.9647385e-01
   5.2700000e+00   1.2929089e-01
   5.2800000e+00   2.7600813e-02
   5.2900000e+00  -9.6171900e-02
   5.3000000e+00  -2.3276272e-01
   5.3100000e+00  -2.9803609e-01
   5.3200000e+00  -2.7274559e-01
   5.3300000e+00  -2.6576967e-01
   5.3400000e+00  -2.7202782e-01
   5.3500000e+00  -2.3689751e-01
   5.3600000e+00  -1.8875273e-01
   5.3700000e+00  -1.7187475e-01
   5.3800000e+00  -1.8124084e-01
   5.3900000e+00  -1.9868063e-01
   5.4000000e+00  -2.1766842e-01
   5.4100000e+00  -2.2189109e-01
   5.4200000e+00  -2.0155586e-01
   5.4300000e+00  -1.6583006e-01
   5.4400000e+00  -1.1928379e-01
   5.4500000e+00  -7.3407641e-02
   5.4600000e+00  -3.6980500e-02
   5.4700000e+00  -4.3687795e-03
   5.4800000e+00   3.0565143e-02
   5.4900000e+00   7.1382588e-02
   5.5000000e+00   1.1141042e-01
   5.5100000e+00   1.4434908e-01
   5.5200000e+00   1.7129981e-01
   5.5300000e+00   1.9507907e-01
   5.5400000e+00   2.0809226e-01
   5.5500000e+00   2.0436268e-01
   5.5600000e+00   1.8494438e-01
   5.5700000e+00   1.6466282e-01
   5.5800000e+00   1.5527196e-01
   5.5900000e+00   1.4644766e-01
   5.6000000e+00   1.2511608e-01
   5.6100000e+00   9.0708918e-02
   5.6200000e+00   5.3431430e-02
   5.6300000e+00   2.6101166e-02
   5.6400000e+00   1.6297920e-02
   5.6500000e+00   2.4653931e-02
   5.6600000e+00   2.6869985e-02
   5.6700000e+00   4.0451697e-03
   5.6800000e+00  -4.4435617e-02
   5.6900000e+00  -1.0429627e-01
   5.7000000e+00  -1.5911652e-01
   5.7100000e+00  -1.8944997e-01
   5.7200000e+00  -1.9849333e-01
   5.7300000e+00  -1.8963759e-01
   5.7400000e+00  -1.6445350e-01
   5.7500000e+00  -1.2015647e-01
   5.7600000e+00  -6.4013437e-02
   5.7700000e+00  -2.3520954e-02
   5.7800000e+00  -1.0779286e-03
   5.7900000e+00   4.7301752e-03
   5.8000000e+00  -6.3399227e-03
   5.8100000e+00  -3.9671497e-02
   5.8200000e+00  -7.0188231e-02
   5.8300000e+00  -5.7555155e-02
   5.8400000e+00  -4.3796503e-03
   5.8500000e+00   5.4483175e-02
   5.8600000e+00   1.0014437e-01
   5.8700000e+00   1.3054400e-01
   5.8800000e+00   1.5121965e-01
   5.8900000e+00   1.4377362e-01
   5.9000000e+00   7.5455945e-02
   5.9100000e+00  -4.2812957e-02
   5.9200000e+00  -1.0847538e-01
   5.9300000e+00  -9.4268420e-02
   5.9400000e+00  -6.0933896e-02
   5.9500000e+00  -4.0633518e-02
   5.9600000e+00  -1.8829278e-02
   5.9700000e+00   8.0556600e-03
   5.9800000e+00   1.5904696e-02
   5.9900000e+00  -1.5812388e-03
   6.0000000e+00  -2.2940362e-02
   6.0100000e+00  -3.2356197e-02
   6.0200000e+00  -3.5830920e-02
   6.0300000e+00  -3.2288041e-02
   6.0400000e+00  -1.5625327e-02
   6.0500000e+00   6.6081404e-04
   6.0600000e+00   1.0893374e-02
   6.0700000e+00   1.5600572e-02
   6.0800000e+00   2.4847822e-02
   6.0900000e+00   4.4338608e-02
   6.1000000e+00   6.7624493e-02
   6.1100000e+00   7.7623335e-02
   6.1200000e+00   6.6811946e-02
   6.1300000e+00   5.6372974e-02
   6.1400000e+00   5.6170348e-02
   6.1500000e+00   4.2218494e-02
   6.1600000e+00  -1.1156067e-02
   6.1700000e+00  -6.9905219e-02
   6.1800000e+00  -8.7066150e-02
   6.1900000e+00  -7.7244024e-02
   6.2000000e+00  -8.0322400e-02
   6.2100000e+00  -9.7823148e-02
   6.2200000e+00  -1.0326204e-01
   6.2300000e+00  -8.2273675e-02
   6.2400000e+00  -5.8977942e-02
   6.2500000e+00  -6.1795944e-02
   6.2600000e+00  -8.8863567e-02
   6.2700000e+00  -1.1336193e-01
   6.2800000e+00  -1.2741456e-01
   6.2900000e+00  -1.4104165e-01
   6.3000000e+00  -1.4356439e-01
   6.3100000e+00  -1.2624944e-01
   6.3200000e+00  -1.0651095e-01
   6.3300000e+00  -1.1110580e-01
   6.3400000e+00  -1.4267763e-01
   6.3500000e+00  -1.6578559e-01
   6.3600000e+00  -1.5784139e-01
   6.3700000e+00  -1.4722250e-01
   6.3800000e+00  -1.4786150e-01
   6.3900000e+00  -1.4044882e-01
   6.4000000e+00  -1.1566899e-01
   6.4100000e+00  -6.6564098e-02
   6.4200000e+00   7.0838154e-03
   6.4300000e+00   8.3211343e-02
   6.4400000e+00   1.3394905e-01
   6.4500000e+00   1.4724760e-01
   6.4600000e+00   1.4876965e-01
   6.4700000e+00   1.5795076e-01
   6.4800000e+00   1.7119255e-01
   6.4900000e+00   1.8347008e-01
   6.5000000e+00   1.9388048e-01
   6.5100000e+00   2.1322583e-01
   6.5200000e+00   2.3274186e-01
   6.5300000e+00   2.2913542e-01
   6.5400000e+00   1.9489420e-01
   6.5500000e+00   1.3467869e-01
   6.5600000e+00   5.4155216e-02
   6.5700000e+00  -1.6321913e-02
   6.5800000e+00  -5.9706949e-02
   6.5900000e+00  -9.4418656e-02
   6.6000000e+00  -1.2753569e-01
   6.6100000e+00  -1.5286950e-01
   6.6200000e+00  -1.6125057e-01
   6.6300000e+00  -1.4424193e-01
   6.6400000e+00  -8.3506975e-02
   6.6500000e+00  -3.1703341e-03
   6.6600000e+00   5.4321282e-02
   6.6700000e+00   8.8176204e-02
   6.6800000e+00   1.1003290e-01
   6.6900000e+00   1.1265358e-01
   6.7000000e+00   9.3178801e-02
   6.7100000e+00   7.0832490e-02
   6.7200000e+00   7.6545808e-02
   6.7300000e+00   9.2621979e-02
   6.7400000e+00   8.4162193e-02
   6.7500000e+00   6.5999430e-02
   6.7600000e+00   5.7704385e-02
   6.7700000e+00   4.4150837e-02
   6.7800000e+00   1.6012357e-02
   6.7900000e+00  -9.5978782e-03
   6.8000000e+00  -2.4934878e-02
   6.8100000e+00  -3.3916990e-02
   6.8200000e+00  -4.0258431e-02
   6.8300000e+00  -4.4740440e-02
   6.8400000e+00  -4.1093849e-02
   6.8500000e+00  -2.5828214e-02
   6.8600000e+00  -2.6836177e-03
   6.8700000e+00   1.5098258e-02
   6.8800000e+00   2.3294091e-02
   6.8900000e+00   2.9238243e-02
   6.9000000e+00   2.8076772e-02
   6.9100000e+00   1.8185464e-02
   6.9200000e+00   2.2913489e-02
   6.9300000e+00   5.4725506e-02
   6.9400000e+00   7.8700471e-02
   6.9500000e+00   6.5680927e-02
   6.9600000e+00   2.3046561e-02
   6.9700000e+00  -1.5011403e-02
   6.9800000e+00  -3.2257748e-02
   6.9900000e+00  -2.5393908e-02
   7.0000000e+00  -8.0253259e-03
   7.0100000e+00   9.0807769e-03
   7.0200000e+00   3.1123066e-02
   7.0300000e+00   6.2371178e-02
   7.0400000e+00   9.5709196e-02
   7.0500000e+00   1.2771484e-01
   7.0600000e+00   1.5675896e-01
   7.0700000e+00   1.8148151e-01
   7.0800000e+00   1.9942975e-01
   7.0900000e+00   1.8796106e-01
   7.1000000e+00   1.4513420e-01
   7.1100000e+00   1.0578019e-01
   7.1200000e+00   8.3831609e-02
   7.1300000e+00   6.7938581e-02
   7.1400000e+00   4.8252317e-02
   7.1500000e+00   2.1853824e-02
   7.1600000e+00  -2.7523604e-02
   7.1700000e+00  -9.4354068e-02
   7.1800000e+00  -1.2334489e-01
   7.1900000e+00  -1.2759106e-01
   7.2000000e+00  -1.4246926e-01
   7.2100000e+00  -1.4802488e-01
   7.2200000e+00  -1.1863145e-01
   7.2300000e+00  -6.1988882e-02
   7.2400000e+00  -7.5211147e-03
   7.2500000e+00   2.9968933e-02
   7.2600000e+00   4.1602145e-02
   7.2700000e+00   3.6124943e-02
   7.2800000e+00   2.4161592e-02
   7.2900000e+00   6.0211137e-03
   7.3000000e+00  -1.6085044e-02
   7.3100000e+00  -4.9155404e-02
   7.3200000e+00  -9.5052062e-02
   7.3300000e+00  -1.2897769e-01
   7.3400000e+00  -1.4134564e-01
   7.3500000e+00  -1.3648566e-01
   7.3600000e+00  -1.2593878e-01
   7.3700000e+00  -1.2398282e-01
   7.3800000e+00  -1.3575021e-01
   7.3900000e+00  -1.7324274e-01
   7.4000000e+00  -2.2635443e-01
   7.4100000e+00  -2.3613050e-01
   7.4200000e+00  -2.0854945e-01
   7.4300000e+00  -1.8255992e-01
   7.4400000e+00  -1.6425168e-01
   7.4500000e+00  -1.3680416e-01
   7.4600000e+00  -9.7921215e-02
   7.4700000e+00  -6.0503826e-02
   7.4800000e+00  -3.5791935e-02
   7.4900000e+00  -1.7459771e-02
   7.5000000e+00   4.9209012e-05
   7.5100000e+00   1.3408204e-02
   7.5200000e+00   1.8838839e-02
   7.5300000e+00   1.5853597e-02
   7.5400000e+00   1.6142019e-02
   7.5500000e+00   2.1822409e-02
   7.5600000e+00   1.7515868e-02
   7.5700000e+00  -3.2255938e-03
   7.5800000e+00  -2.4592848e-02
   7.5900000e+00  -3.1720430e-02
   7.6000000e+00  -2.3062772e-02
   7.6100000e+00   1.6470041e-03
   7.6200000e+00   3.6375428e-02
   7.6300000e+00   6.8191204e-02
   7.6400000e+00   1.0084084e-01
   7.6500000e+00   1.3092253e-01
   7.6600000e+00   1.4073809e-01
   7.6700000e+00   1.2671892e-01
   7.6800000e+00   1.1816483e-01
   7.6900000e+00   1.1745341e-01
   7.7000000e+00   1.0313130e-01
   7.7100000e+00   7.8894849e-02
   7.7200000e+00   6.0965015e-02
   7.7300000e+00   5.6506057e-02
   7.7400000e+00   6.4814136e-02
   7.7500000e+00   7.3968888e-02
   7.7600000e+00   7.3485824e-02
   7.7700000e+00   7.5553801e-02
   7.7800000e+00   1.0031363e-01
   7.7900000e+00   1.1972786e-01
   7.8000000e+00   9.2551473e-02
   7.8100000e+00   2.2573788e-02
   7.8200000e+00  -5.0898652e-02
   7.8300000e+00  -1.1053933e-01
   7.8400000e+00  -1.6806089e-01
   7.8500000e+00  -2.1865799e-01
   7.8600000e+00  -2.2903938e-01
   7.8700000e+00  -1.7135021e-01
   7.8800000e+00  -8.9813962e-02
   7.8900000e+00  -5.3316844e-02
   7.9000000e+00  -5.4131033e-02
   7.9100000e+00  -6.0410671e-02
   7.9200000e+00  -5.6361740e-02
   7.9300000e+00  -4.1756087e-02
   7.9400000e+00  -2.4213283e-02
   7.9500000e+00  -1.0923836e-02
   7.9600000e+00  -7.3823470e-03
   7.9700000e+00  -1.3201025e-02
   7.9800000e+00  -1.1883655e-02
   7.9900000e+00  -1.2226881e-03
   8.0000000e+00   9.2157031e-03
   8.0100000e+00   1.7700176e-02
   8.0200000e+00   2.5831750e-02
   8.0300000e+00   3.2824756e-02
   8.0400000e+00   2.3369384e-02
   8.0500000e+00  -6.1708581e-03
   8.0600000e+00  -3.0029318e-02
   8.0700000e+00  -8.0314798e-03
   8.0800000e+00   4.6766128e-02
   8.0900000e+00   8.7781731e-02
   8.1000000e+00   1.0372874e-01
   8.1100000e+00   1.2445093e-01
   8.1200000e+00   1.6370766e-01
   8.1300000e+00   2.1616151e-01
   8.1400000e+00   2.5775421e-01
   8.1500000e+00   2.6922142e-01
   8.1600000e+00   2.5662074e-01
   8.1700000e+00   2.2439276e-01
   8.1800000e+00   1.7146361e-01
   8.1900000e+00   1.0491965e-01
   8.2000000e+00   4.2883516e-02
   8.2100000e+00   4.5525903e-03
   8.2200000e+00  -7.1087675e-03
   8.2300000e+00   8.1560974e-03
   8.2400000e+00   1.6504654e-02
   8.2500000e+00   6.7254087e-03
   8.2600000e+00   4.3697239e-03
   8.2700000e+00   2.1028306e-02
   8.2800000e+00   4.1722014e-02
   8.2900000e+00   5.7216725e-02
   8.3000000e+00   7.4668386e-02
   8.3100000e+00   1.0004694e-01
   8.3200000e+00   1.2664215e-01
   8.3300000e+00   1.4048683e-01
   8.3400000e+00   1.3977605e-01
   8.3500000e+00   1.4156937e-01
   8.3600000e+00   1.5640436e-01
   8.3700000e+00   1.6792525e-01
   8.3800000e+00   1.6218180e-01
   8.3900000e+00   1.3402804e-01
   8.4000000e+00   9.8568481e-02
   8.4100000e+00   7.5124535e-02
   8.4200000e+00   6.1822097e-02
   8.4300000e+00   4.7416263e-02
   8.4400000e+00   3.1544486e-02
   8.4500000e+00   1.8595968e-02
   8.4600000e+00   6.4328742e-03
   8.4700000e+00  -2.2190560e-02
   8.4800000e+00  -6.6184353e-02
   8.4900000e+00  -9.6836467e-02
   8.5000000e+00  -1.1221014e-01
   8.5100000e+00  -1.2240550e-01
   8.5200000e+00  -1.2328252e-01
   8.5300000e+00  -1.1161488e-01
   8.5400000e+00  -9.1098213e-02
   8.5500000e+00  -6.6420628e-02
   8.5600000e+00  -5.0937426e-02
   8.5700000e+00  -5.3699861e-02
   8.5800000e+00  -6.9612361e-02
   8.5900000e+00  -8.4183242e-02
   8.6000000e+00  -9.9214625e-02
   8.6100000e+00  -1.2198367e-01
   8.6200000e+00  -1.4388850e-01
   8.6300000e+00  -1.6149717e-01
   8.6400000e+00  -1.7574621e-01
   8.6500000e+00  -1.8805201e-01
   8.6600000e+00  -1.9494152e-01
   8.6700000e+00  -2.0210136e-01
   8.6800000e+00  -2.1363718e-01
   8.6900000e+00  -2.2531732e-01
   8.7000000e+00  -2.3146037e-01
   8.7100000e+00  -2.2433167e-01
   8.7200000e+00  -2.0246549e-01
   8.7300000e+00  -1.7641719e-01
   8.7400000e+00  -1.6179004e-01
   8.7500000e+00  -1.6275928e-01
   8.7600000e+00  -1.7440723e-01
   8.7700000e+00  -1.9287567e-01
   8.7800000e+00  -2.0960287e-01
   8.7900000e+00  -2.1399993e-01
   8.8000000e+00  -2.0214562e-01
   8.8100000e+00  -1.7880059e-01
   8.8200000e+00  -1.5457261e-01
   8.8300000e+00  -1.3630217e-01
   8.8400000e+00  -1.2221629e-01
   8.8500000e+00  -1.0409530e-01
   8.8600000e+00  -7.3420961e-02
   8.8700000e+00  -3.4017980e-02
   8.8800000e+00   2.7561933e-03
   8.8900000e+00   2.5457288e-02
   8.9000000e+00   3.5623445e-02
   8.9100000e+00   4.4142186e-02
   8.9200000e+00   5.3699268e-02
   8.9300000e+00   5.8171885e-02
   8.9400000e+00   5.8387767e-02
   8.9500000e+00   6.6343747e-02
   8.9600000e+00   7.9874594e-02
   8.9700000e+00   8.8858051e-02
   8.9800000e+00   8.7733268e-02
   8.9900000e+00   7.8826544e-02
   9.0000000e+00   6.1980570e-02
   9.0100000e+00   3.5552938e-02
   9.0200000e+00   1.2650652e-03
   9.0300000e+00  -3.8531605e-02
   9.0400000e+00  -8.3390177e-02
   9.0500000e+00  -1.2893502e-01
   9.0600000e+00  -1.7184203e-01
   9.0700000e+00  -1.9606493e-01
   9.0800000e+00  -1.7986618e-01
   9.0900000e+00  -1.3176016e-01
   9.1000000e+00  -6.6584914e-02
   9.1100000e+00  -5.0439358e-03
   9.1200000e+00   3.7913753e-02
   9.1300000e+00   7.4800622e-02
   9.1400000e+00   1.1613444e-01
   9.1500000e+00   1.5386097e-01
   9.1600000e+00   1.7880630e-01
   9.1700000e+00   1.9053557e-01
   9.1800000e+00   1.9504677e-01
   9.1900000e+00   1.9335965e-01
   9.2000000e+00   1.7218308e-01
   9.2100000e+00   1.2364792e-01
   9.2200000e+00   7.1824793e-02
   9.2300000e+00   2.1731541e-02
   9.2400000e+00  -1.7601261e-02
   9.2500000e+00  -4.6445179e-02
   9.2600000e+00  -7.2270163e-02
   9.2700000e+00  -1.0098191e-01
   9.2800000e+00  -1.2806923e-01
   9.2900000e+00  -1.4391423e-01
   9.3000000e+00  -1.4800148e-01
   9.3100000e+00  -1.3601989e-01
   9.3200000e+00  -9.3576186e-02
   9.3300000e+00  -2.7079101e-02
   9.3400000e+00   4.2654145e-02
   9.3500000e+00   1.0015951e-01
   9.3600000e+00   1.3223133e-01
   9.3700000e+00   1.4400656e-01
   9.3800000e+00   1.5184530e-01
   9.3900000e+00   1.6112171e-01
   9.4000000e+00   1.6556017e-01
   9.4100000e+00   1.6176547e-01
   9.4200000e+00   1.5002519e-01
   9.4300000e+00   1.3701497e-01
   9.4400000e+00   1.4235586e-01
   9.4500000e+00   1.5588332e-01
   9.4600000e+00   1.5998465e-01
   9.4700000e+00   1.5473662e-01
   9.4800000e+00   1.4631181e-01
   9.4900000e+00   1.3845538e-01
   9.5000000e+00   1.2513747e-01
   9.5100000e+00   9.0949725e-02
   9.5200000e+00   4.5425389e-02
   9.5300000e+00   1.8928140e-02
   9.5400000e+00   1.8503776e-02
   9.5500000e+00   3.1430282e-02
   9.5600000e+00   4.9612040e-02
   9.5700000e+00   7.1538213e-02
   9.5800000e+00   9.4707851e-02
   9.5900000e+00   1.1185152e-01
   9.6000000e+00   1.2705393e-01
   9.6100000e+00   1.4160441e-01
   9.6200000e+00   1.4743564e-01
   9.6300000e+00   1.4303488e-01
   9.6400000e+00   1.2352573e-01
   9.6500000e+00   8.3554622e-02
   9.6600000e+00   5.5946377e-02
   9.6700000e+00   4.9041750e-02
   9.6800000e+00   5.0148946e-02
   9.6900000e+00   5.3390231e-02
   9.7000000e+00   6.1273089e-02
   9.7100000e+00   7.4861313e-02
   9.7200000e+00   9.0863495e-02
   9.7300000e+00   1.0179310e-01
   9.7400000e+00   1.0390740e-01
   9.7500000e+00   9.6633407e-02
   9.7600000e+00   6.9899089e-02
   9.7700000e+00   5.3006230e-03
   9.7800000e+00  -5.0652297e-02
   9.7900000e+00  -6.5516651e-02
   9.8000000e+00  -7.0698824e-02
   9.8100000e+00  -6.9235432e-02
   9.8200000e+00  -5.8102289e-02
   9.8300000e+00  -4.3314837e-02
   9.8400000e+00  -3.1945344e-02
   9.8500000e+00  -3.1059399e-02
   9.8600000e+00  -4.2212141e-02
   9.8700000e+00  -5.8677471e-02
   9.8800000e+00  -7.5911767e-02
   9.8900000e+00  -9.3793265e-02
   9.9000000e+00  -1.0770392e-01
   9.9100000e+00  -1.1014492e-01
   9.9200000e+00  -9.9684836e-02
   9.9300000e+00  -8.5207331e-02
   9.9400000e+00  -7.3344419e-02
   9.9500000e+00  -5.6185606e-02
   9.9600000e+00  -2.4576384e-02
   9.9700000e+00   7.2534709e-03
   9.9800000e+00   2.0221751e-02
   9.9900000e+00   1.7758570e-02
   1.0000000e+01   1.8981505e-02
   1.0010000e+01   3.3598042e-02
   1.0020000e+01   4.4499146e-02
   1.0030000e+01   4.1859417e-02
   1.0040000e+01   3.1937064e-02
   1.0050000e+01   2.3689073e-02
   1.0060000e+01   1.9417060e-02
   1.0070000e+01   1.6404077e-02
   1.0080000e+01   1.4866917e-02
   1.0090000e+01   1.6548235e-02
   1.0100000e+01   1.8763092e-02
   1.0110000e+01   1.8236256e-02
   1.0120000e+01   1.4092561e-02
   1.0130000e+01   6.8113095e-03
   1.0140000e+01  -4.5667996e-03
   1.0150000e+01  -2.1723388e-02
   1.0160000e+01  -4.4297187e-02
   1.0170000e+01  -6.6058247e-02
   1.0180000e+01  -8.7256896e-02
   1.0190000e+01  -1.0748411e-01
   1.0200000e+01  -1.2579785e-01
   1.0210000e+01  -1.3538947e-01
   1.0220000e+01  -1.3099739e-01
   1.0230000e+01  -1.2556967e-01
   1.0240000e+01  -1.2846131e-01
   1.0250000e+01  -1.2586699e-01
   1.0260000e+01  -1.1456083e-01
   1.0270000e+01  -1.0554112e-01
   1.0280000e+01  -1.0483630e-01
   1.0290000e+01  -9.9989966e-02
   1.0300000e+01  -8.6386007e-02
   1.0310000e+01  -6.9172708e-02
   1.0320000e+01  -4.7542019e-02
   1.0330000e+01  -2.2617126e-02
   1.0340000e+01  -3.5409924e-03
   1.0350000e+01  -7.0484731e-04
   1.0360000e+01  -7.9401980e-03
   1.0370000e+01  -1.1123137e-02
   1.0380000e+01  -5.2502179e-03
   1.0390000e+01  -2.2236586e-03
   1.0400000e+01  -1.1907446e-02
   1.0410000e+01  -3.5646675e-02
   1.0420000e+01  -5.9885783e-02
   1.0430000e+01  -7.2633454e-02
   1.0440000e+01  -7.9718133e-02
   1.0450000e+01  -8.3876598e-02
   1.0460000e+01  -7.4853584e-02
   1.0470000e+01  -3.5104433e-02
   1.0480000e+01   2.6735589e-02
   1.0490000e+01   7.5039173e-02
   1.0500000e+01   1.0210050e-01
   1.0510000e+01   1.1839650e-01
   1.0520000e+01   1.2804657e-01
   1.0530000e+01   1.2964168e-01
   1.0540000e+01   1.1801321e-01
   1.0550000e+01   9.1755168e-02
   1.0560000e+01   6.0127681e-02
   1.0570000e+01   4.0341411e-02
   1.0580000e+01   3.6713932e-02
   1.0590000e+01   4.5563618e-02
   1.0600000e+01   5.7528208e-02
   1.0610000e+01   5.9924949e-02
   1.0620000e+01   4.6039313e-02
   1.0630000e+01   1.6082069e-02
   1.0640000e+01  -1.7604162e-02
   1.0650000e+01  -5.0327335e-02
   1.0660000e+01  -8.0304241e-02
   1.0670000e+01  -9.9361070e-02
   1.0680000e+01  -9.9974729e-02
   1.0690000e+01  -8.1361895e-02
   1.0700000e+01  -4.2289520e-02
   1.0710000e+01  -2.1786938e-03
   1.0720000e+01   2.2564693e-02
   1.0730000e+01   4.0079237e-02
   1.0740000e+01   6.0364454e-02
   1.0750000e+01   8.2595958e-02
   1.0760000e+01   1.0063854e-01
   1.0770000e+01   1.0757750e-01
   1.0780000e+01   1.0401236e-01
   1.0790000e+01   9.1249624e-02
   1.0800000e+01   6.9491073e-02
   1.0810000e+01   4.5411042e-02
   1.0820000e+01   2.5703474e-02
   1.0830000e+01   1.1330899e-02
   1.0840000e+01  -1.1090197e-03
   1.0850000e+01  -1.3861431e-02
   1.0860000e+01  -2.1963665e-02
   1.0870000e+01  -2.0621338e-02
   1.0880000e+01  -1.4952819e-02
   1.0890000e+01  -9.3471914e-03
   1.0900000e+01  -7.5953082e-03
   1.0910000e+01  -9.1395614e-03
   1.0920000e+01  -1.4074349e-02
   1.0930000e+01  -2.3106088e-02
   1.0940000e+01  -3.5120676e-02
   1.0950000e+01  -4.7025221e-02
   1.0960000e+01  -5.7029060e-02
   1.0970000e+01  -6.9502286e-02
   1.0980000e+01  -8.8609747e-02
   1.0990000e+01  -1.0314963e-01
   1.1000000e+01  -9.5487872e-02
   1.1010000e+01  -6.6760985e-02
   1.1020000e+01  -4.0159485e-02
   1.1030000e+01  -2.7055617e-02
   1.1040000e+01  -2.1561569e-02
   1.1050000e+01  -1.7000774e-02
   1.1060000e+01  -1.2251678e-02
   1.1070000e+01  -1.0851233e-02
   1.1080000e+01  -1.0856199e-02
   1.1090000e+01  -6.9951076e-03
   1.1100000e+01   3.8581825e-03
   1.1110000e+01   1.5900154e-02
   1.1120000e+01   2.9662374e-02
   1.1130000e+01   4.5629762e-02
   1.1140000e+01   6.3712828e-02
   1.1150000e+01   8.4364417e-02
   1.1160000e+01   1.0574687e-01
   1.1170000e+01   1.2353706e-01
   1.1180000e+01   1.3479653e-01
   1.1190000e+01   1.4100491e-01
   1.1200000e+01   1.4437238e-01
   1.1210000e+01   1.4594229e-01
   1.1220000e+01   1.4549716e-01
   1.1230000e+01   1.4150849e-01
   1.1240000e+01   1.3197044e-01
   1.1250000e+01   1.1411602e-01
   1.1260000e+01   8.9523327e-02
   1.1270000e+01   6.4844143e-02
   1.1280000e+01   3.9128376e-02
   1.1290000e+01   1.6479666e-02
   1.1300000e+01   3.7007659e-03
   1.1310000e+01  -2.5552656e-03
   1.1320000e+01  -4.8690318e-03
   1.1330000e+01  -4.5577509e-03
   1.1340000e+01  -9.6375712e-03
   1.1350000e+01  -2.1011206e-02
   1.1360000e+01  -3.4995470e-02
   1.1370000e+01  -4.8053280e-02
   1.1380000e+01  -5.8788858e-02
   1.1390000e+01  -6.3337032e-02
   1.1400000e+01  -5.9416494e-02
   1.1410000e+01  -5.6051327e-02
   1.1420000e+01  -6.3393509e-02
   1.1430000e+01  -7.6466852e-02
   1.1440000e+01  -7.7502747e-02
   1.1450000e+01  -5.4187563e-02
   1.1460000e+01  -1.1920205e-02
   1.1470000e+01   3.4845690e-02
   1.1480000e+01   7.0803340e-02
   1.1490000e+01   9.2074465e-02
   1.1500000e+01   1.0792500e-01
   1.1510000e+01   1.1811422e-01
   1.1520000e+01   1.1830756e-01
   1.1530000e+01   1.1209198e-01
   1.1540000e+01   1.0959095e-01
   1.1550000e+01   1.1401786e-01
   1.1560000e+01   1.1759582e-01
   1.1570000e+01   1.1415403e-01
   1.1580000e+01   1.0240840e-01
   1.1590000e+01   7.6768975e-02
   1.1600000e+01   4.5401523e-02
   1.1610000e+01   1.4787135e-02
   1.1620000e+01  -1.4529260e-02
   1.1630000e+01  -4.4202518e-02
   1.1640000e+01  -6.7108923e-02
   1.1650000e+01  -7.8844767e-02
   1.1660000e+01  -8.3045849e-02
   1.1670000e+01  -8.5729170e-02
   1.1680000e+01  -8.9321167e-02
   1.1690000e+01  -9.1741657e-02
   1.1700000e+01  -9.3757011e-02
   1.1710000e+01  -9.5941840e-02
   1.1720000e+01  -9.9351615e-02
   1.1730000e+01  -1.0589302e-01
   1.1740000e+01  -1.1626394e-01
   1.1750000e+01  -1.3237745e-01
   1.1760000e+01  -1.4995648e-01
   1.1770000e+01  -1.5887183e-01
   1.1780000e+01  -1.5435301e-01
   1.1790000e+01  -1.4256370e-01
   1.1800000e+01  -1.2804741e-01
   1.1810000e+01  -1.1118934e-01
   1.1820000e+01  -9.2572755e-02
   1.1830000e+01  -7.7531928e-02
   1.1840000e+01  -6.8628941e-02
   1.1850000e+01  -6.2596950e-02
   1.1860000e+01  -5.6294992e-02
   1.1870000e+01  -4.8123406e-02
   1.1880000e+01  -3.8892556e-02
   1.1890000e+01  -2.9171537e-02
   1.1900000e+01  -1.8095274e-02
   1.1910000e+01  -7.2640612e-03
   1.1920000e+01   6.3674054e-03
   1.1930000e+01   2.8324896e-02
   1.1940000e+01   5.3372051e-02
   1.1950000e+01   7.7755846e-02
   1.1960000e+01   1.0007722e-01
   1.1970000e+01   1.1346135e-01
   1.1980000e+01   1.1763945e-01
   1.1990000e+01   1.1620718e-01
   1.2000000e+01   1.0714666e-01
   1.2010000e+01   8.2079392e-02
   1.2020000e+01   4.6414145e-02
   1.2030000e+01   1.0609558e-02
   1.2040000e+01  -2.1865820e-02
   1.2050000e+01  -4.7036338e-02
   1.2060000e+01  -5.4919164e-02
   1.2070000e+01  -5.0485809e-02
   1.2080000e+01  -4.4232567e-02
   1.2090000e+01  -4.0629198e-02
   1.2100000e+01  -4.1575273e-02
   1.2110000e+01  -4.5446491e-02
   1.2120000e+01  -4.8826503e-02
   1.2130000e+01  -4.7087553e-02
   1.2140000e+01  -3.4799695e-02
   1.2150000e+01  -1.0618695e-02
   1.2160000e+01   1.6217587e-02
   1.2170000e+01   4.1981647e-02
   1.2180000e+01   6.3760422e-02
   1.2190000e+01   7.3171715e-02
   1.2200000e+01   6.9895658e-02
   1.2210000e+01   5.7348993e-02
   1.2220000e+01   3.9348631e-02
   1.2230000e+01   2.4149595e-02
   1.2240000e+01   1.9116694e-02
   1.2250000e+01   2.2424685e-02
   1.2260000e+01   2.6590806e-02
   1.2270000e+01   2.8073098e-02
   1.2280000e+01   2.9013128e-02
   1.2290000e+01   3.0648006e-02
   1.2300000e+01   3.0678797e-02
   1.2310000e+01   2.8802783e-02
   1.2320000e+01   2.4414077e-02
   1.2330000e+01   1.5198602e-02
   1.2340000e+01  -3.3024163e-04
   1.2350000e+01  -1.9444547e-02
   1.2360000e+01  -3.6959790e-02
   1.2370000e+01  -4.8113961e-02
   1.2380000e+01  -5.0642863e-02
   1.2390000e+01  -4.1491774e-02
   1.2400000e+01  -2.1295456e-02
   1.2410000e+01   4.4350763e-04
   1.2420000e+01   2.0057624e-02
   1.2430000e+01   3.7976943e-02
   1.2440000e+01   5.1051228e-02
   1.2450000e+01   5.9702788e-02
   1.2460000e+01   6.6450179e-02
   1.2470000e+01   7.0829133e-02
   1.2480000e+01   6.7069937e-02
   1.2490000e+01   5.1815197e-02
   1.2500000e+01   2.6742143e-02
   1.2510000e+01   8.5797453e-04
   1.2520000e+01  -1.0385371e-02
   1.2530000e+01  -8.0353794e-03
   1.2540000e+01   1.5137360e-04
   1.2550000e+01   1.4189241e-02
   1.2560000e+01   2.8104799e-02
   1.2570000e+01   3.4034953e-02
   1.2580000e+01   3.0785409e-02
   1.2590000e+01   2.3094176e-02
   1.2600000e+01   1.5391286e-02
   1.2610000e+01   7.2185405e-03
   1.2620000e+01  -2.0868265e-03
   1.2630000e+01  -1.1172690e-02
   1.2640000e+01  -2.2585583e-02
   1.2650000e+01  -3.4826070e-02
   1.2660000e+01  -4.2088281e-02
   1.2670000e+01  -4.4227516e-02
   1.2680000e+01  -4.3578323e-02
   1.2690000e+01  -4.0717704e-02
   1.2700000e+01  -3.6380722e-02
   1.2710000e+01  -3.0665784e-02
   1.2720000e+01  -2.3968696e-02
   1.2730000e+01  -1.5763873e-02
   1.2740000e+01  -8.9150391e-03
   1.2750000e+01  -7.2240548e-03
   1.2760000e+01  -9.8972548e-03
   1.2770000e+01  -1.4770670e-02
   1.2780000e+01  -1.9720443e-02
   1.2790000e+01  -2.1244982e-02
   1.2800000e+01  -1.9155108e-02
   1.2810000e+01  -1.8195120e-02
   1.2820000e+01  -2.1075116e-02
   1.2830000e+01  -2.5129235e-02
   1.2840000e+01  -2.8874422e-02
   1.2850000e+01  -3.5886572e-02
   1.2860000e+01  -4.5260986e-02
   1.2870000e+01  -5.4917629e-02
   1.2880000e+01  -6.2063158e-02
   1.2890000e+01  -6.6056469e-02
   1.2900000e+01  -6.9000607e-02
   1.2910000e+01  -6.6599992e-02
   1.2920000e+01  -6.0441959e-02
   1.2930000e+01  -5.4294366e-02
   1.2940000e+01  -5.0261498e-02
   1.2950000e+01  -4.7590661e-02
   1.2960000e+01  -4.1524778e-02
   1.2970000e+01  -3.4299509e-02
   1.2980000e+01  -2.7288694e-02
   1.2990000e+01  -2.1387340e-02
   1.3000000e+01  -1.7574822e-02
   1.3010000e+01  -1.5695526e-02
   1.3020000e+01  -1.6161142e-02
   1.3030000e+01  -1.8060365e-02
   1.3040000e+01  -2.3148335e-02
   1.3050000e+01  -3.0138101e-02
   1.3060000e+01  -3.6868710e-02
   1.3070000e+01  -4.4322387e-02
   1.3080000e+01  -4.9751825e-02
   1.3090000e+01  -5.1842885e-02
   1.3100000e+01  -5.1740127e-02
   1.3110000e+01  -5.3016595e-02
   1.3120000e+01  -5.5902383e-02
   1.3130000e+01  -5.8176808e-02
   1.3140000e+01  -5.7725900e-02
   1.3150000e+01  -5.7095321e-02
   1.3160000e+01  -5.9087413e-02
   1.3170000e+01  -6.1569187e-02
   1.3180000e+01  -6.2098660e-02
   1.3190000e+01  -6.2643019e-02
   1.3200000e+01  -6.5656902e-02
   1.3210000e+01  -6.9026231e-02
   1.3220000e+01  -6.9758414e-02
   1.3230000e+01  -6.5613830e-02
   1.3240000e+01  -5.9748476e-02
   1.3250000e+01  -5.4645513e-02
   1.3260000e+01  -5.3269589e-02
   1.3270000e+01  -5.5535958e-02
   1.3280000e+01  -6.0249699e-02
   1.3290000e+01  -6.4215618e-02
   1.3300000e+01  -6.5454552e-02
   1.3310000e+01  -6.5092648e-02
   1.3320000e+01  -6.3647668e-02
   1.3330000e+01  -6.0443844e-02
   1.3340000e+01  -5.5482879e-02
   1.3350000e+01  -4.9860513e-02
   1.3360000e+01  -4.4046109e-02
   1.3370000e+01  -3.5894883e-02
   1.3380000e+01  -2.3043935e-02
   1.3390000e+01  -4.2299959e-03
   1.3400000e+01   1.7950057e-02
   1.3410000e+01   4.0446911e-02
   1.3420000e+01   6.1221609e-02
   1.3430000e+01   7.8794970e-02
   1.3440000e+01   9.7741259e-02
   1.3450000e+01   1.1151281e-01
   1.3460000e+01   1.1836992e-01
   1.3470000e+01   1.2131069e-01
   1.3480000e+01   1.2281897e-01
   1.3490000e+01   1.2444172e-01
   1.3500000e+01   1.2670441e-01
   1.3510000e+01   1.2929788e-01
   1.3520000e+01   1.3059430e-01
   1.3530000e+01   1.2981702e-01
   1.3540000e+01   1.2738258e-01
   1.3550000e+01   1.2366317e-01
   1.3560000e+01   1.1730920e-01
   1.3570000e+01   1.1102564e-01
   1.3580000e+01   1.0471884e-01
   1.3590000e+01   9.9114313e-02
   1.3600000e+01   9.4552702e-02
   1.3610000e+01   8.7445704e-02
   1.3620000e+01   7.1886035e-02
   1.3630000e+01   4.8859941e-02
   1.3640000e+01   2.3345667e-02
   1.3650000e+01  -1.0227908e-03
   1.3660000e+01  -2.5556299e-02
   1.3670000e+01  -5.0117234e-02
   1.3680000e+01  -6.7253219e-02
   1.3690000e+01  -7.5659397e-02
   1.3700000e+01  -7.7940049e-02
   1.3710000e+01  -7.6826045e-02
   1.3720000e+01  -7.2344037e-02
   1.3730000e+01  -6.4954303e-02
   1.3740000e+01  -5.5787723e-02
   1.3750000e+01  -4.7215850e-02
   1.3760000e+01  -3.9693901e-02
   1.3770000e+01  -3.2231828e-02
   1.3780000e+01  -2.1671527e-02
   1.3790000e+01  -7.0499534e-03
   1.3800000e+01   7.8340579e-03
   1.3810000e+01   2.2919471e-02
   1.3820000e+01   3.5546151e-02
   1.3830000e+01   4.2824011e-02
   1.3840000e+01   4.6968394e-02
   1.3850000e+01   4.5445104e-02
   1.3860000e+01   3.7856164e-02
   1.3870000e+01   3.0043357e-02
   1.3880000e+01   2.5028488e-02
   1.3890000e+01   2.5147965e-02
   1.3900000e+01   2.9414589e-02
   1.3910000e+01   3.0444194e-02
   1.3920000e+01   2.6921771e-02
   1.3930000e+01   2.2931055e-02
   1.3940000e+01   1.9340931e-02
   1.3950000e+01   1.5961449e-02
   1.3960000e+01   1.3383491e-02
   1.3970000e+01   1.2375708e-02
   1.3980000e+01   1.4022689e-02
   1.3990000e+01   1.9215387e-02
   1.4000000e+01   2.6075183e-02
   1.4010000e+01   3.2456128e-02
   1.4020000e+01   3.3783717e-02
   1.4030000e+01   3.1502790e-02
   1.4040000e+01   3.3534916e-02
   1.4050000e+01   3.9143210e-02
   1.4060000e+01   4.0541718e-02
   1.4070000e+01   3.3633354e-02
   1.4080000e+01   2.2777949e-02
   1.4090000e+01   8.8686406e-03
   1.4100000e+01  -7.1505538e-03
   1.4110000e+01  -2.3328524e-02
   1.4120000e+01  -3.7779442e-02
   1.4130000e+01  -4.7628874e-02
   1.4140000e+01  -5.2752770e-02
   1.4150000e+01  -5.3223266e-02
   1.4160000e+01  -4.9308837e-02
   1.4170000e+01  -4.1946060e-02
   1.4180000e+01  -3.3732555e-02
   1.4190000e+01  -2.5704205e-02
   1.4200000e+01  -1.9267904e-02
   1.4210000e+01  -1.1595360e-02
   1.4220000e+01   7.3851688e-04
   1.4230000e+01   1.5291439e-02
   1.4240000e+01   2.8627633e-02
   1.4250000e+01   3.9621224e-02
   1.4260000e+01   4.8850729e-02
   1.4270000e+01   5.5284944e-02
   1.4280000e+01   5.9152827e-02
   1.4290000e+01   6.1790523e-02
   1.4300000e+01   6.0550678e-02
   1.4310000e+01   5.8041470e-02
   1.4320000e+01   5.7878201e-02
   1.4330000e+01   5.8251222e-02
   1.4340000e+01   5.7718605e-02
   1.4350000e+01   5.7368708e-02
   1.4360000e+01   5.8242868e-02
   1.4370000e+01   5.9375528e-02
   1.4380000e+01   5.9291331e-02
   1.4390000e+01   5.8999722e-02
   1.4400000e+01   5.9499611e-02
   1.4410000e+01   6.0226871e-02
   1.4420000e+01   6.3244523e-02
   1.4430000e+01   6.6303396e-02
   1.4440000e+01   6.6007022e-02
   1.4450000e+01   6.3603632e-02
   1.4460000e+01   5.7924016e-02
   1.4470000e+01   4.8356049e-02
   1.4480000e+01   3.7928449e-02
   1.4490000e+01   2.9672697e-02
   1.4500000e+01   2.5085845e-02
   1.4510000e+01   2.2003826e-02
   1.4520000e+01   1.8559047e-02
   1.4530000e+01   1.5162210e-02
   1.4540000e+01   1.0382289e-02
   1.4550000e+01   3.9992827e-03
   1.4560000e+01  -1.5404563e-03
   1.4570000e+01  -9.0291119e-03
   1.4580000e+01  -1.5007612e-02
   1.4590000e+01  -1.7653207e-02
   1.4600000e+01  -1.8932132e-02
   1.4610000e+01  -1.7079613e-02
   1.4620000e+01  -1.0836356e-02
   1.4630000e+01  -4.0050617e-03
   1.4640000e+01  -1.0330030e-03
   1.4650000e+01  -2.3709074e-03
   1.4660000e+01  -3.7738963e-03
   1.4670000e+01  -2.8507097e-03
   1.4680000e+01  -2.6093204e-03
   1.4690000e+01  -3.4124339e-03
   1.4700000e+01  -3.0212345e-03
   1.4710000e+01  -7.6509363e-04
   1.4720000e+01   3.9550908e-04
   1.4730000e+01   3.6165359e-04
   1.4740000e+01   1.9096609e-03
   1.4750000e+01   4.6283762e-03
   1.4760000e+01   8.0266558e-03
   1.4770000e+01   1.5574196e-02
   1.4780000e+01   2.8083284e-02
   1.4790000e+01   4.3152837e-02
   1.4800000e+01   5.4409915e-02
   1.4810000e+01   5.8587566e-02
   1.4820000e+01   5.8424519e-02
   1.4830000e+01   5.3832457e-02
   1.4840000e+01   4.2781743e-02
   1.4850000e+01   2.6616641e-02
   1.4860000e+01   1.0034615e-02
   1.4870000e+01  -4.9406174e-03
   1.4880000e+01  -2.0641287e-02
   1.4890000e+01  -3.7202164e-02
   1.4900000e+01  -5.3276535e-02
   1.4910000e+01  -6.8053537e-02
   1.4920000e+01  -8.0581016e-02
   1.4930000e+01  -9.0319389e-02
   1.4940000e+01  -9.7186512e-02
   1.4950000e+01  -1.0049450e-01
   1.4960000e+01  -1.0081775e-01
   1.4970000e+01  -9.9476280e-02
   1.4980000e+01  -9.5864768e-02
   1.4990000e+01  -9.1973326e-02
   1.5000000e+01  -8.7807163e-02
   1.5010000e+01  -8.1948692e-02
   1.5020000e+01  -7.4731820e-02
   1.5030000e+01  -6.9365857e-02
   1.5040000e+01  -6.7636204e-02
   1.5050000e+01  -6.7964310e-02
   1.5060000e+01  -6.9865058e-02
   1.5070000e+01  -7.4347289e-02
   1.5080000e+01  -8.0089079e-02
   1.5090000e+01  -8.6306479e-02
   1.5100000e+01  -9.1355548e-02
   1.5110000e+01  -9.4361342e-02
   1.5120000e+01  -9.4646810e-02
   1.5130000e+01  -9.2175412e-02
   1.5140000e+01  -8.7526820e-02
   1.5150000e+01  -8.1166087e-02
   1.5160000e+01  -7.2929489e-02
   1.5170000e+01  -6.5300388e-02
   1.5180000e+01  -5.7887179e-02
   1.5190000e+01  -5.2554951e-02
   1.5200000e+01  -4.7606099e-02
   1.5210000e+01  -4.3042509e-02
   1.5220000e+01  -4.1691880e-02
   1.5230000e+01  -3.8824876e-02
   1.5240000e+01  -3.0958070e-02
   1.5250000e+01  -2.2034797e-02
   1.5260000e+01  -1.4437619e-02
   1.5270000e+01  -8.9999308e-03
   1.5280000e+01  -5.8181552e-03
   1.5290000e+01  -5.5870989e-03
   1.5300000e+01  -8.4793577e-03
   1.5310000e+01  -1.5377500e-02
   1.5320000e+01  -2.4607566e-02
   1.5330000e+01  -3.2478057e-02
   1.5340000e+01  -3.5112258e-02
   1.5350000e+01  -3.4625721e-02
   1.5360000e+01  -3.4140348e-02
   1.5370000e+01  -3.4467840e-02
   1.5380000e+01  -3.4926817e-02
   1.5390000e+01  -3.4565432e-02
   1.5400000e+01  -3.2606682e-02
   1.5410000e+01  -2.8333102e-02
   1.5420000e+01  -2.2048657e-02
   1.5430000e+01  -1.5478617e-02
   1.5440000e+01  -9.7973129e-03
   1.5450000e+01  -6.2941966e-03
   1.5460000e+01  -3.3387634e-03
   1.5470000e+01   8.0789286e-04
   1.5480000e+01   6.7538697e-03
   1.5490000e+01   1.5716660e-02
   1.5500000e+01   2.7656644e-02
   1.5510000e+01   4.0459289e-02
   1.5520000e+01   5.1594730e-02
   1.5530000e+01   5.9321814e-02
   1.5540000e+01   6.2121763e-02
   1.5550000e+01   6.1463115e-02
   1.5560000e+01   5.9018961e-02
   1.5570000e+01   5.3427576e-02
   1.5580000e+01   4.4460372e-02
   1.5590000e+01   3.3262069e-02
   1.5600000e+01   2.1795748e-02
   1.5610000e+01   1.1667793e-02
   1.5620000e+01   7.1651252e-03
   1.5630000e+01   7.5122354e-03
   1.5640000e+01   9.0016864e-03
   1.5650000e+01   1.2199383e-02
   1.5660000e+01   1.6581217e-02
   1.5670000e+01   2.1976615e-02
   1.5680000e+01   2.9439863e-02
   1.5690000e+01   3.5044314e-02
   1.5700000e+01   3.9580290e-02
   1.5710000e+01   4.4863760e-02
   1.5720000e+01   5.0993395e-02
   1.5730000e+01   5.8233021e-02
   1.5740000e+01   6.5199662e-02
   1.5750000e+01   7.0731754e-02
   1.5760000e+01   7.5228871e-02
   1.5770000e+01   7.9173159e-02
   1.5780000e+01   8.3138612e-02
   1.5790000e+01   8.9280011e-02
   1.5800000e+01   9.7162784e-02
   1.5810000e+01   1.0767925e-01
   1.5820000e+01   1.1996292e-01
   1.5830000e+01   1.3116966e-01
   1.5840000e+01   1.3979182e-01
   1.5850000e+01   1.4622107e-01
   1.5860000e+01   1.5114892e-01
   1.5870000e+01   1.5328826e-01
   1.5880000e+01   1.5227878e-01
   1.5890000e+01   1.4884694e-01
   1.5900000e+01   1.4316310e-01
   1.5910000e+01   1.3420550e-01
   1.5920000e+01   1.2113407e-01
   1.5930000e+01   1.0562115e-01
   1.5940000e+01   9.0879101e-02
   1.5950000e+01   7.8178728e-02
   1.5960000e+01   6.6825986e-02
   1.5970000e+01   5.6689254e-02
   1.5980000e+01   4.6574207e-02
   1.5990000e+01   3.5179324e-02
   1.6000000e+01   1.9730491e-02
   1.6010000e+01   2.4157716e-03
   1.6020000e+01  -1.6256711e-02
   1.6030000e+01  -3.2285489e-02
   1.6040000e+01  -4.1360777e-02
   1.6050000e+01  -4.4716754e-02
   1.6060000e+01  -4.5455957e-02
   1.6070000e+01  -4.3387747e-02
   1.6080000e+01  -4.0268649e-02
   1.6090000e+01  -3.9803944e-02
   1.6100000e+01  -3.9921685e-02
   1.6110000e+01  -3.7934506e-02
   1.6120000e+01  -3.7859425e-02
   1.6130000e+01  -3.9909530e-02
   1.6140000e+01  -4.4646395e-02
   1.6150000e+01  -5.0415228e-02
   1.6160000e+01  -5.6384558e-02
   1.6170000e+01  -6.3935105e-02
   1.6180000e+01  -7.1503420e-02
   1.6190000e+01  -7.8376451e-02
   1.6200000e+01  -8.4814001e-02
   1.6210000e+01  -8.7805522e-02
   1.6220000e+01  -9.1102374e-02
   1.6230000e+01  -8.9914741e-02
   1.6240000e+01  -7.9725587e-02
   1.6250000e+01  -6.7640026e-02
   1.6260000e+01  -5.6894569e-02
   1.6270000e+01  -4.6373656e-02
   1.6280000e+01  -3.6564385e-02
   1.6290000e+01  -3.1273291e-02
   1.6300000e+01  -3.0568298e-02
   1.6310000e+01  -3.0286049e-02
   1.6320000e+01  -2.8574724e-02
   1.6330000e+01  -2.4450014e-02
   1.6340000e+01  -1.9656829e-02
   1.6350000e+01  -1.1070239e-02
   1.6360000e+01  -5.0755352e-04
   1.6370000e+01   6.9681385e-03
   1.6380000e+01   9.0923318e-03
   1.6390000e+01   7.3554891e-03
   1.6400000e+01   2.6823619e-03
   1.6410000e+01  -6.1796748e-03
   1.6420000e+01  -1.8757618e-02
   1.6430000e+01  -3.1347546e-02
   1.6440000e+01  -4.0292621e-02
   1.6450000e+01  -4.3149492e-02
   1.6460000e+01  -4.4264205e-02
   1.6470000e+01  -4.5573285e-02
   1.6480000e+01  -4.6609804e-02
   1.6490000e+01  -4.6160601e-02
   1.6500000e+01  -4.5194842e-02
   1.6510000e+01  -4.5177160e-02
   1.6520000e+01  -4.5923457e-02
   1.6530000e+01  -4.7287426e-02
   1.6540000e+01  -4.6953285e-02
   1.6550000e+01  -4.7277537e-02
   1.6560000e+01  -4.5827814e-02
   1.6570000e+01  -4.2740872e-02
   1.6580000e+01  -3.9543189e-02
   1.6590000e+01  -3.5965358e-02
   1.6600000e+01  -3.1964975e-02
   1.6610000e+01  -2.5189598e-02
   1.6620000e+01  -1.9618669e-02
   1.6630000e+01  -1.9288096e-02
   1.6640000e+01  -2.1698167e-02
   1.6650000e+01  -2.2831039e-02
   1.6660000e+01  -2.4586908e-02
   1.6670000e+01  -3.1325830e-02
   1.6680000e+01  -4.0091583e-02
   1.6690000e+01  -4.4460361e-02
   1.6700000e+01  -4.7222013e-02
   1.6710000e+01  -5.0771435e-02
   1.6720000e+01  -5.2143007e-02
   1.6730000e+01  -5.0650137e-02
   1.6740000e+01  -4.3821608e-02
   1.6750000e+01  -3.1665456e-02
   1.6760000e+01  -1.6277749e-02
   1.6770000e+01  -1.0710198e-03
   1.6780000e+01   1.3704027e-02
   1.6790000e+01   3.0284175e-02
   1.6800000e+01   4.6162411e-02
   1.6810000e+01   5.9404180e-02
   1.6820000e+01   7.0818746e-02
   1.6830000e+01   7.9922728e-02
   1.6840000e+01   8.6962322e-02
   1.6850000e+01   9.2101761e-02
   1.6860000e+01   9.4315961e-02
   1.6870000e+01   9.3978643e-02
   1.6880000e+01   9.1662362e-02
   1.6890000e+01   8.8219732e-02
   1.6900000e+01   8.4010083e-02
   1.6910000e+01   8.0163577e-02
   1.6920000e+01   7.7239058e-02
   1.6930000e+01   7.1821627e-02
   1.6940000e+01   6.4157267e-02
   1.6950000e+01   5.7405650e-02
   1.6960000e+01   4.9045964e-02
   1.6970000e+01   4.2950084e-02
   1.6980000e+01   4.0800779e-02
   1.6990000e+01   3.9988952e-02
   1.7000000e+01   3.9837562e-02
   1.7010000e+01   4.1615772e-02
   1.7020000e+01   4.3586497e-02
   1.7030000e+01   4.4965174e-02
   1.7040000e+01   4.6637111e-02
   1.7050000e+01   4.8034010e-02
   1.7060000e+01   4.7746837e-02
   1.7070000e+01   4.6766583e-02
   1.7080000e+01   4.4521042e-02
   1.7090000e+01   4.2121358e-02
   1.7100000e+01   4.1097492e-02
   1.7110000e+01   4.1369491e-02
   1.7120000e+01   4.1170095e-02
   1.7130000e+01   4.2179720e-02
   1.7140000e+01   4.3027240e-02
   1.7150000e+01   4.3128675e-02
   1.7160000e+01   4.3716541e-02
   1.7170000e+01   4.5654316e-02
   1.7180000e+01   4.7830664e-02
   1.7190000e+01   4.6889893e-02
   1.7200000e+01   4.2983426e-02
   1.7210000e+01   3.7353681e-02
   1.7220000e+01   2.8514583e-02
   1.7230000e+01   1.5131759e-02
   1.7240000e+01  -2.0696218e-03
   1.7250000e+01  -2.0650361e-02
   1.7260000e+01  -3.9666901e-02
   1.7270000e+01  -5.6150485e-02
   1.7280000e+01  -6.8134600e-02
   1.7290000e+01  -7.6705552e-02
   1.7300000e+01  -7.9396008e-02
   1.7310000e+01  -7.7957858e-02
   1.7320000e+01  -7.5012057e-02
   1.7330000e+01  -7.1535280e-02
   1.7340000e+01  -6.8397303e-02
   1.7350000e+01  -6.4384288e-02
   1.7360000e+01  -5.9463029e-02
   1.7370000e+01  -5.2600268e-02
   1.7380000e+01  -4.3936479e-02
   1.7390000e+01  -3.5167899e-02
   1.7400000e+01  -2.7102639e-02
   1.7410000e+01  -2.0862834e-02
   1.7420000e+01  -1.5914469e-02
   1.7430000e+01  -1.3986107e-02
   1.7440000e+01  -1.3758853e-02
   1.7450000e+01  -1.4079209e-02
   1.7460000e+01  -1.5804669e-02
   1.7470000e+01  -1.6521172e-02
   1.7480000e+01  -1.6162984e-02
   1.7490000e+01  -1.5233257e-02
   1.7500000e+01  -1.2240031e-02
   1.7510000e+01  -8.4969055e-03
   1.7520000e+01  -4.0983933e-03
   1.7530000e+01   2.1723356e-03
   1.7540000e+01   7.9158304e-03
   1.7550000e+01   1.1315726e-02
   1.7560000e+01   1.3202603e-02
   1.7570000e+01   1.2595254e-02
   1.7580000e+01   1.0069195e-02
   1.7590000e+01   6.9662697e-03
   1.7600000e+01   3.9100995e-03
   1.7610000e+01  -1.3653522e-03
   1.7620000e+01  -9.6635779e-03
   1.7630000e+01  -1.9613068e-02
   1.7640000e+01  -3.1137709e-02
   1.7650000e+01  -3.9836609e-02
   1.7660000e+01  -4.6722431e-02
   1.7670000e+01  -5.6208286e-02
   1.7680000e+01  -6.6875845e-02
   1.7690000e+01  -7.5221618e-02
   1.7700000e+01  -8.0244217e-02
   1.7710000e+01  -8.3990146e-02
   1.7720000e+01  -8.5656651e-02
   1.7730000e+01  -8.4520857e-02
   1.7740000e+01  -8.0530712e-02
   1.7750000e+01  -7.4623482e-02
   1.7760000e+01  -6.7474512e-02
   1.7770000e+01  -6.0071246e-02
   1.7780000e+01  -5.2546946e-02
   1.7790000e+01  -4.5256635e-02
   1.7800000e+01  -3.6807098e-02
   1.7810000e+01  -2.5929754e-02
   1.7820000e+01  -1.4244194e-02
   1.7830000e+01  -2.4376966e-03
   1.7840000e+01   8.8550041e-03
   1.7850000e+01   1.8426716e-02
   1.7860000e+01   2.5953122e-02
   1.7870000e+01   3.3967125e-02
   1.7880000e+01   4.1616154e-02
   1.7890000e+01   4.6739170e-02
   1.7900000e+01   4.9659973e-02
   1.7910000e+01   5.0709272e-02
   1.7920000e+01   5.0003718e-02
   1.7930000e+01   4.8572916e-02
   1.7940000e+01   4.5131069e-02
   1.7950000e+01   3.9655953e-02
   1.7960000e+01   3.1863084e-02
   1.7970000e+01   2.2248604e-02
   1.7980000e+01   1.1463028e-02
   1.7990000e+01   2.5878317e-03
   1.8000000e+01  -3.8554952e-03
   1.8010000e+01  -1.0025639e-02
   1.8020000e+01  -1.6538811e-02
   1.8030000e+01  -2.4226561e-02
   1.8040000e+01  -3.2137975e-02
   1.8050000e+01  -3.8533013e-02
   1.8060000e+01  -4.3103825e-02
   1.8070000e+01  -4.5620423e-02
   1.8080000e+01  -4.5733558e-02
   1.8090000e+01  -4.3903073e-02
   1.8100000e+01  -3.9743983e-02
   1.8110000e+01  -3.3710415e-02
   1.8120000e+01  -2.7426457e-02
   1.8130000e+01  -2.2009004e-02
   1.8140000e+01  -1.6285606e-02
   1.8150000e+01  -9.3918523e-03
   1.8160000e+01  -1.0959825e-03
   1.8170000e+01   7.9167632e-03
   1.8180000e+01   1.6071767e-02
   1.8190000e+01   2.2834840e-02
   1.8200000e+01   2.8838370e-02
   1.8210000e+01   3.4380880e-02
   1.8220000e+01   4.0253232e-02
   1.8230000e+01   4.5918830e-02
   1.8240000e+01   5.0038278e-02
   1.8250000e+01   5.1704127e-02
   1.8260000e+01   4.9673229e-02
   1.8270000e+01   4.3398123e-02
   1.8280000e+01   3.3859623e-02
   1.8290000e+01   2.3071729e-02
   1.8300000e+01   1.1982781e-02
   1.8310000e+01   2.5037933e-03
   1.8320000e+01  -4.3210691e-03
   1.8330000e+01  -7.9446355e-03
   1.8340000e+01  -9.5033914e-03
   1.8350000e+01  -9.8461933e-03
   1.8360000e+01  -9.7375702e-03
   1.8370000e+01  -9.1785693e-03
   1.8380000e+01  -7.9741247e-03
   1.8390000e+01  -5.4493689e-03
   1.8400000e+01  -4.0454133e-03
   1.8410000e+01  -4.6790947e-03
   1.8420000e+01  -6.0779171e-03
   1.8430000e+01  -1.0360068e-02
   1.8440000e+01  -1.4413563e-02
   1.8450000e+01  -1.5416242e-02
   1.8460000e+01  -1.3539180e-02
   1.8470000e+01  -1.0424447e-02
   1.8480000e+01  -4.0525730e-03
   1.8490000e+01   3.7978457e-03
   1.8500000e+01   8.8379296e-03
   1.8510000e+01   1.2020126e-02
   1.8520000e+01   1.5281380e-02
   1.8530000e+01   1.6668241e-02
   1.8540000e+01   1.6577437e-02
   1.8550000e+01   1.6291884e-02
   1.8560000e+01   1.5029445e-02
   1.8570000e+01   1.0250328e-02
   1.8580000e+01   3.2495474e-03
   1.8590000e+01  -4.6786404e-03
   1.8600000e+01  -1.2256771e-02
   1.8610000e+01  -2.0146331e-02
   1.8620000e+01  -2.8102353e-02
   1.8630000e+01  -3.3802183e-02
   1.8640000e+01  -3.8068912e-02
   1.8650000e+01  -4.1850407e-02
   1.8660000e+01  -4.3649751e-02
   1.8670000e+01  -4.3495047e-02
   1.8680000e+01  -4.1519833e-02
   1.8690000e+01  -3.6124245e-02
   1.8700000e+01  -3.0461305e-02
   1.8710000e+01  -2.3296389e-02
   1.8720000e+01  -1.6390513e-02
   1.8730000e+01  -8.5752898e-03
   1.8740000e+01  -2.2203011e-03
   1.8750000e+01   5.0709611e-04
   1.8760000e+01   1.1314667e-03
   1.8770000e+01  -2.5324799e-03
   1.8780000e+01  -8.0890339e-03
   1.8790000e+01  -1.4844787e-02
   1.8800000e+01  -2.3449124e-02
   1.8810000e+01  -3.1575467e-02
   1.8820000e+01  -3.6552272e-02
   1.8830000e+01  -4.0860348e-02
   1.8840000e+01  -4.7726084e-02
   1.8850000e+01  -5.4417242e-02
   1.8860000e+01  -5.9761467e-02
   1.8870000e+01  -6.6188831e-02
   1.8880000e+01  -7.1623903e-02
   1.8890000e+01  -7.2809875e-02
   1.8900000e+01  -7.2132040e-02
   1.8910000e+01  -7.0498454e-02
   1.8920000e+01  -6.7809734e-02
   1.8930000e+01  -6.4937753e-02
   1.8940000e+01  -6.1381596e-02
   1.8950000e+01  -5.7697926e-02
   1.8960000e+01  -5.3796891e-02
   1.8970000e+01  -5.0187074e-02
   1.8980000e+01  -4.3637702e-02
   1.8990000e+01  -3.5107388e-02
   1.9000000e+01  -2.8347057e-02
   1.9010000e+01  -2.3224220e-02
   1.9020000e+01  -2.0368662e-02
   1.9030000e+01  -1.8861890e-02
   1.9040000e+01  -1.7030029e-02
   1.9050000e+01  -1.7038341e-02
   1.9060000e+01  -1.9507261e-02
   1.9070000e+01  -2.3140468e-02
   1.9080000e+01  -2.5188582e-02
   1.9090000e+01  -2.4892208e-02
   1.9100000e+01  -2.4055466e-02
   1.9110000e+01  -2.3088755e-02
   1.9120000e+01  -2.1469166e-02
   1.9130000e+01  -2.2640081e-02
   1.9140000e+01  -2.4720912e-02
   1.9150000e+01  -2.4930929e-02
   1.9160000e+01  -2.2834490e-02
   1.9170000e+01  -1.7095136e-02
   1.9180000e+01  -6.7049693e-03
   1.9190000e+01   3.0014579e-03
   1.9200000e+01   9.5498947e-03
   1.9210000e+01   1.3811836e-02
   1.9220000e+01   1.6720600e-02
   1.9230000e+01   1.9338972e-02
   1.9240000e+01   1.9023031e-02
   1.9250000e+01   1.6381355e-02
   1.9260000e+01   1.5713516e-02
   1.9270000e+01   1.7291737e-02
   1.9280000e+01   2.0704731e-02
   1.9290000e+01   2.5409250e-02
   1.9300000e+01   3.0663370e-02
   1.9310000e+01   3.8678834e-02
   1.9320000e+01   4.9218308e-02
   1.9330000e+01   5.9405059e-02
   1.9340000e+01   6.5190610e-02
   1.9350000e+01   6.8260610e-02
   1.9360000e+01   7.0236481e-02
   1.9370000e+01   7.0581793e-02
   1.9380000e+01   6.8938794e-02
   1.9390000e+01   6.8977038e-02
   1.9400000e+01   6.9611672e-02
   1.9410000e+01   7.1631611e-02
   1.9420000e+01   7.3697302e-02
   1.9430000e+01   7.3945912e-02
   1.9440000e+01   7.4101018e-02
   1.9450000e+01   7.3179603e-02
   1.9460000e+01   7.3007175e-02
   1.9470000e+01   7.3359147e-02
   1.9480000e+01   7.3891383e-02
   1.9490000e+01   7.3955664e-02
   1.9500000e+01   7.3350634e-02
   1.9510000e+01   7.3297016e-02
   1.9520000e+01   7.3792934e-02
   1.9530000e+01   7.4663240e-02
   1.9540000e+01   7.5159921e-02
   1.9550000e+01   7.5891681e-02
   1.9560000e+01   7.7574566e-02
   1.9570000e+01   7.8936990e-02
   1.9580000e+01   7.9404966e-02
   1.9590000e+01   7.9449256e-02
   1.9600000e+01   7.9398327e-02
   1.9610000e+01   7.9693070e-02
   1.9620000e+01   8.0596285e-02
   1.9630000e+01   8.1927166e-02
   1.9640000e+01   8.3465787e-02
   1.9650000e+01   8.4382586e-02
   1.9660000e+01   8.4753077e-02
   1.9670000e+01   8.5038333e-02
   1.9680000e+01   8.5111243e-02
   1.9690000e+01   8.5326586e-02
   1.9700000e+01   8.5355714e-02
   1.9710000e+01   8.4605901e-02
   1.9720000e+01   8.4324467e-02
   1.9730000e+01   8.3794370e-02
   1.9740000e+01   8.1508403e-02
   1.9750000e+01   8.0216730e-02
   1.9760000e+01   8.0212897e-02
   1.9770000e+01   7.9665382e-02
   1.9780000e+01   7.7750330e-02
   1.9790000e+01   7.4403036e-02
   1.9800000e+01   7.0768622e-02
   1.9810000e+01   6.6368725e-02
   1.9820000e+01   6.0275968e-02
   1.9830000e+01   5.3562194e-02
   1.9840000e+01   4.5772745e-02
   1.9850000e+01   3.6137533e-02
   1.9860000e+01   2.6157199e-02
   1.9870000e+01   1.6432940e-02
   1.9880000e+01   6.6211712e-03
   1.9890000e+01  -2.9405377e-03
   1.9900000e+01  -9.5607476e-03
   1.9910000e+01  -1.4741669e-02
   1.9920000e+01  -2.0879531e-02
   1.9930000e+01  -2.5835043e-02
   1.9940000e+01  -2.7732953e-02
   1.9950000e+01  -2.8785863e-02
   1.9960000e+01  -3.0430800e-02
   1.9970000e+01  -3.1422542e-02
   1.9980000e+01  -3.2044142e-02
   1.9990000e+01  -3.2195469e-02
   2.0000000e+01  -3.2728488e-02
   2.0010000e+01  -3.3516111e-02
   2.0020000e+01  -3.4838903e-02
   2.0030000e+01  -3.6443076e-02
   2.0040000e+01  -3.6872310e-02
   2.0050000e+01  -3.6355152e-02
   2.0060000e+01  -3.5754781e-02
   2.0070000e+01  -3.4588260e-02
   2.0080000e+01  -3.2539129e-02
   2.0090000e+01  -3.1346942e-02
   2.0100000e+01  -3.1265001e-02
   2.0110000e+01  -3.1417936e-02
   2.0120000e+01  -3.2551539e-02
   2.0130000e+01  -3.4804079e-02
   2.0140000e+01  -3.5582236e-02
   2.0150000e+01  -3.6463342e-02
   2.0160000e+01  -3.8067345e-02
   2.0170000e+01  -4.0467940e-02
   2.0180000e+01  -4.3554521e-02
   2.0190000e+01  -4.5610163e-02
   2.0200000e+01  -4.4491850e-02
   2.0210000e+01  -4.1068914e-02
   2.0220000e+01  -3.5859678e-02
   2.0230000e+01  -2.9536364e-02
   2.0240000e+01  -2.0511020e-02
   2.0250000e+01  -1.3139995e-02
   2.0260000e+01  -9.9456216e-03
   2.0270000e+01  -8.0159564e-03
   2.0280000e+01  -7.7429783e-03
   2.0290000e+01  -6.9226887e-03
   2.0300000e+01  -6.1847296e-03
   2.0310000e+01  -7.1836365e-03
   2.0320000e+01  -8.9515598e-03
   2.0330000e+01  -1.0749597e-02
   2.0340000e+01  -1.3941637e-02
   2.0350000e+01  -1.8125440e-02
   2.0360000e+01  -2.3396882e-02
   2.0370000e+01  -3.1091757e-02
   2.0380000e+01  -3.9210085e-02
   2.0390000e+01  -4.4518607e-02
   2.0400000e+01  -4.7752893e-02
   2.0410000e+01  -4.9615354e-02
   2.0420000e+01  -5.0877794e-02
   2.0430000e+01  -5.1275380e-02
   2.0440000e+01  -5.0712914e-02
   2.0450000e+01  -4.8911770e-02
   2.0460000e+01  -4.5911990e-02
   2.0470000e+01  -4.2321951e-02
   2.0480000e+01  -3.7741674e-02
   2.0490000e+01  -3.2914491e-02
   2.0500000e+01  -2.7621629e-02
   2.0510000e+01  -2.2399888e-02
   2.0520000e+01  -1.6528329e-02
   2.0530000e+01  -9.8951011e-03
   2.0540000e+01  -3.4982098e-03
   2.0550000e+01  -1.6606089e-03
   2.0560000e+01  -2.1370685e-03
   2.0570000e+01  -9.0223524e-04
   2.0580000e+01  -1.6003388e-03
   2.0590000e+01  -4.9376665e-03
   2.0600000e+01  -8.8520966e-03
   2.0610000e+01  -1.0973844e-02
   2.0620000e+01  -1.2065718e-02
   2.0630000e+01  -1.5239186e-02
   2.0640000e+01  -1.7116577e-02
   2.0650000e+01  -1.8761228e-02
   2.0660000e+01  -2.2197484e-02
   2.0670000e+01  -2.6849454e-02
   2.0680000e+01  -3.0577139e-02
   2.0690000e+01  -3.3494882e-02
   2.0700000e+01  -3.6933933e-02
   2.0710000e+01  -3.8876483e-02
   2.0720000e+01  -3.9560458e-02
   2.0730000e+01  -3.9468288e-02
   2.0740000e+01  -3.8131774e-02
   2.0750000e+01  -3.5254330e-02
   2.0760000e+01  -3.2383186e-02
   2.0770000e+01  -3.1475197e-02
   2.0780000e+01  -2.9769081e-02
   2.0790000e+01  -2.8524885e-02
   2.0800000e+01  -2.7517875e-02
   2.0810000e+01  -2.6087359e-02
   2.0820000e+01  -2.3762513e-02
   2.0830000e+01  -1.7793924e-02
   2.0840000e+01  -1.1404084e-02
   2.0850000e+01  -6.8543791e-03
   2.0860000e+01  -3.3167898e-03
   2.0870000e+01  -1.7043846e-03
   2.0880000e+01  -1.2370171e-03
   2.0890000e+01  -1.2298531e-03
   2.0900000e+01  -1.8305830e-03
   2.0910000e+01  -2.2310492e-03
   2.0920000e+01  -2.5684532e-03
   2.0930000e+01  -1.9541662e-03
   2.0940000e+01  -1.8943864e-03
   2.0950000e+01  -1.0575972e-03
   2.0960000e+01   1.3078584e-03
   2.0970000e+01   1.7979333e-03
   2.0980000e+01  -8.0498598e-05
   2.0990000e+01  -4.3449084e-03
   2.1000000e+01  -9.0287201e-03
   2.1010000e+01  -1.3563956e-02
   2.1020000e+01  -1.7157045e-02
   2.1030000e+01  -1.9522074e-02
   2.1040000e+01  -2.0940667e-02
   2.1050000e+01  -2.1508098e-02
   2.1060000e+01  -2.0702137e-02
   2.1070000e+01  -1.8540105e-02
   2.1080000e+01  -1.7485479e-02
   2.1090000e+01  -1.6018942e-02
   2.1100000e+01  -1.2820952e-02
   2.1110000e+01  -1.1021660e-02
   2.1120000e+01  -1.0526119e-02
   2.1130000e+01  -1.0238147e-02
   2.1140000e+01  -1.1111353e-02
   2.1150000e+01  -1.2737485e-02
   2.1160000e+01  -1.3954745e-02
   2.1170000e+01  -1.3864184e-02
   2.1180000e+01  -1.3331641e-02
   2.1190000e+01  -1.1923794e-02
   2.1200000e+01  -8.8188052e-03
   2.1210000e+01  -5.5748367e-03
   2.1220000e+01  -3.8213229e-03
   2.1230000e+01  -2.2948853e-03
   2.1240000e+01  -1.6128604e-03
   2.1250000e+01  -1.7024131e-03
   2.1260000e+01  -4.5274963e-04
   2.1270000e+01   2.6925054e-03
   2.1280000e+01   5.6678295e-03
   2.1290000e+01   9.1443706e-03
   2.1300000e+01   1.4236465e-02
   2.1310000e+01   1.9618098e-02
   2.1320000e+01   2.2904499e-02
   2.1330000e+01   2.4128070e-02
   2.1340000e+01   2.4250077e-02
   2.1350000e+01   2.4005596e-02
   2.1360000e+01   2.3301302e-02
   2.1370000e+01   2.1744310e-02
   2.1380000e+01   2.0975905e-02
   2.1390000e+01   2.2434416e-02
   2.1400000e+01   2.3786749e-02
   2.1410000e+01   2.3538657e-02
   2.1420000e+01   2.3267092e-02
   2.1430000e+01   2.1019613e-02
   2.1440000e+01   1.7143269e-02
   2.1450000e+01   1.2738174e-02
   2.1460000e+01   1.1322566e-02
   2.1470000e+01   1.0490381e-02
   2.1480000e+01   1.1568190e-02
   2.1490000e+01   1.3577922e-02
   2.1500000e+01   1.6386839e-02
   2.1510000e+01   2.0858524e-02
   2.1520000e+01   2.3736137e-02
   2.1530000e+01   2.5339294e-02
   2.1540000e+01   2.6292675e-02
   2.1550000e+01   2.6207355e-02
   2.1560000e+01   2.6941931e-02
   2.1570000e+01   2.9009475e-02
   2.1580000e+01   2.9477980e-02
   2.1590000e+01   2.9086048e-02
   2.1600000e+01   2.9279865e-02
   2.1610000e+01   2.8734034e-02
   2.1620000e+01   2.8484248e-02
   2.1630000e+01   2.8092062e-02
   2.1640000e+01   2.6087878e-02
   2.1650000e+01   2.3903854e-02
   2.1660000e+01   2.3213939e-02
   2.1670000e+01   2.3762746e-02
   2.1680000e+01   2.3565530e-02
   2.1690000e+01   2.3646350e-02
   2.1700000e+01   2.3256281e-02
   2.1710000e+01   2.1826199e-02
   2.1720000e+01   2.0654966e-02
   2.1730000e+01   1.9322571e-02
   2.1740000e+01   1.7725831e-02
   2.1750000e+01   1.4841823e-02
   2.1760000e+01   1.0565261e-02
   2.1770000e+01   5.8697069e-03
   2.1780000e+01   3.3457876e-03
   2.1790000e+01   2.4351470e-03
   2.1800000e+01   1.7737065e-03
   2.1810000e+01   2.8379658e-03
   2.1820000e+01   4.4778388e-03
   2.1830000e+01   7.8959807e-03
   2.1840000e+01   1.3556396e-02
   2.1850000e+01   1.7195480e-02
   2.1860000e+01   1.8631512e-02
   2.1870000e+01   1.9973755e-02
   2.1880000e+01   2.1317596e-02
   2.1890000e+01   2.1208485e-02
   2.1900000e+01   1.8840364e-02
   2.1910000e+01   1.7712585e-02
   2.1920000e+01   1.6636371e-02
   2.1930000e+01   1.3459144e-02
   2.1940000e+01   1.0616143e-02
   2.1950000e+01   7.6920206e-03
   2.1960000e+01   5.0032920e-03
   2.1970000e+01   2.1302603e-03
   2.1980000e+01  -8.0660407e-04
   2.1990000e+01  -3.3198243e-03
   2.2000000e+01  -5.2063786e-03
   2.2010000e+01  -6.5236520e-03
   2.2020000e+01  -7.2145191e-03
   2.2030000e+01  -7.4156797e-03
   2.2040000e+01  -5.8421512e-03
   2.2050000e+01  -2.0835855e-03
   2.2060000e+01   2.4157018e-03
   2.2070000e+01   5.7864309e-03
   2.2080000e+01   8.0443592e-03
   2.2090000e+01   9.8980044e-03
   2.2100000e+01   1.2315673e-02
   2.2110000e+01   1.4777203e-02
   2.2120000e+01   1.7696174e-02
   2.2130000e+01   2.0240259e-02
   2.2140000e+01   2.3540246e-02
   2.2150000e+01   2.7027600e-02
   2.2160000e+01   2.8757889e-02
   2.2170000e+01   2.7770763e-02
   2.2180000e+01   2.7494306e-02
   2.2190000e+01   2.6297323e-02
   2.2200000e+01   2.4002917e-02
   2.2210000e+01   2.2268012e-02
   2.2220000e+01   2.0358995e-02
   2.2230000e+01   1.8595883e-02
   2.2240000e+01   1.7570312e-02
   2.2250000e+01   1.6926265e-02
   2.2260000e+01   1.6929674e-02
   2.2270000e+01   1.7199959e-02
   2.2280000e+01   1.6255927e-02
   2.2290000e+01   1.3082840e-02
   2.2300000e+01   9.6553932e-03
   2.2310000e+01   6.9645650e-03
   2.2320000e+01   4.9379693e-03
   2.2330000e+01   3.3249427e-03
   2.2340000e+01   1.9017367e-03
   2.2350000e+01   1.0683940e-03
   2.2360000e+01   1.8650772e-03
   2.2370000e+01   2.8836739e-03
   2.2380000e+01   3.0814050e-03
   2.2390000e+01   2.5807694e-03
   2.2400000e+01   1.7999144e-03
   2.2410000e+01   1.7477750e-03
   2.2420000e+01   2.1691136e-03
   2.2430000e+01   2.9334924e-03
   2.2440000e+01   4.4138618e-03
   2.2450000e+01   4.5921339e-03
   2.2460000e+01   3.6879097e-03
   2.2470000e+01   2.4113405e-03
   2.2480000e+01   1.9717976e-03
   2.2490000e+01   1.7477072e-03
   2.2500000e+01  -5.3547889e-04
   2.2510000e+01  -3.7042600e-03
   2.2520000e+01  -6.1493312e-03
   2.2530000e+01  -8.2442980e-03
   2.2540000e+01  -8.9262170e-03
   2.2550000e+01  -9.4052199e-03
   2.2560000e+01  -1.0314264e-02
   2.2570000e+01  -1.0636949e-02
   2.2580000e+01  -1.1978016e-02
   2.2590000e+01  -1.3766836e-02
   2.2600000e+01  -1.4119688e-02
   2.2610000e+01  -1.4455629e-02
   2.2620000e+01  -1.4603504e-02
   2.2630000e+01  -1.3924219e-02
   2.2640000e+01  -1.1724779e-02
   2.2650000e+01  -9.8348512e-03
   2.2660000e+01  -8.6809418e-03
   2.2670000e+01  -7.4006011e-03
   2.2680000e+01  -7.5808045e-03
   2.2690000e+01  -8.5208665e-03
   2.2700000e+01  -8.5174381e-03
   2.2710000e+01  -6.9948705e-03
   2.2720000e+01  -6.8841043e-03
   2.2730000e+01  -6.1089585e-03
   2.2740000e+01  -3.7265619e-03
   2.2750000e+01  -4.8110869e-04
   2.2760000e+01   2.4889804e-03
   2.2770000e+01   5.5164852e-03
   2.2780000e+01   6.8543696e-03
   2.2790000e+01   5.4558848e-03
   2.2800000e+01   3.5568979e-03
   2.2810000e+01   2.1678483e-03
   2.2820000e+01   9.2863782e-04
   2.2830000e+01  -2.2046338e-03
   2.2840000e+01  -7.1646339e-03
   2.2850000e+01  -1.1074855e-02
   2.2860000e+01  -1.5255757e-02
   2.2870000e+01  -2.1174200e-02
   2.2880000e+01  -2.6900373e-02
   2.2890000e+01  -3.1231320e-02
   2.2900000e+01  -3.3873452e-02
   2.2910000e+01  -3.5264686e-02
   2.2920000e+01  -3.5661382e-02
   2.2930000e+01  -3.5305016e-02
   2.2940000e+01  -3.5540889e-02
   2.2950000e+01  -3.6085238e-02
   2.2960000e+01  -3.6463130e-02
   2.2970000e+01  -3.7461447e-02
   2.2980000e+01  -3.8651082e-02
   2.2990000e+01  -4.0221913e-02
   2.3000000e+01  -4.1345679e-02
   2.3010000e+01  -4.2682722e-02
   2.3020000e+01  -4.5251436e-02
   2.3030000e+01  -4.6477208e-02
   2.3040000e+01  -4.6630949e-02
   2.3050000e+01  -4.7295283e-02
   2.3060000e+01  -4.6878034e-02
   2.3070000e+01  -4.6236666e-02
   2.3080000e+01  -4.5900332e-02
   2.3090000e+01  -4.4185725e-02
   2.3100000e+01  -4.3265453e-02
   2.3110000e+01  -4.3543234e-02
   2.3120000e+01  -4.3371780e-02
   2.3130000e+01  -4.2549936e-02
   2.3140000e+01  -4.1573197e-02
   2.3150000e+01  -4.1298625e-02
   2.3160000e+01  -4.0391228e-02
   2.3170000e+01  -3.8693414e-02
   2.3180000e+01  -3.7766673e-02
   2.3190000e+01  -3.7578351e-02
   2.3200000e+01  -3.6648254e-02
   2.3210000e+01  -3.7501936e-02
   2.3220000e+01  -4.0156435e-02
   2.3230000e+01  -4.1222263e-02
   2.3240000e+01  -4.0785807e-02
   2.3250000e+01  -4.0523199e-02
   2.3260000e+01  -4.0139187e-02
   2.3270000e+01  -4.0279036e-02
   2.3280000e+01  -4.1360544e-02
   2.3290000e+01  -4.3649127e-02
   2.3300000e+01  -4.6405082e-02
   2.3310000e+01  -4.8302018e-02
   2.3320000e+01  -4.9473187e-02
   2.3330000e+01  -4.8276638e-02
   2.3340000e+01  -4.6459187e-02
   2.3350000e+01  -4.4734648e-02
   2.3360000e+01  -4.3883379e-02
   2.3370000e+01  -4.4257163e-02
   2.3380000e+01  -4.4330010e-02
   2.3390000e+01  -4.2755039e-02
   2.3400000e+01  -4.0991567e-02
   2.3410000e+01  -3.9150834e-02
   2.3420000e+01  -3.7279193e-02
   2.3430000e+01  -3.5137850e-02
   2.3440000e+01  -3.1260013e-02
   2.3450000e+01  -2.8525002e-02
   2.3460000e+01  -2.6462806e-02
   2.3470000e+01  -2.3622907e-02
   2.3480000e+01  -1.9901956e-02
   2.3490000e+01  -1.8153191e-02
   2.3500000e+01  -1.6786522e-02
   2.3510000e+01  -1.4288453e-02
   2.3520000e+01  -1.0556248e-02
   2.3530000e+01  -7.1798979e-03
   2.3540000e+01  -4.1413083e-03
   2.3550000e+01  -2.8751568e-03
   2.3560000e+01  -2.6873839e-03
   2.3570000e+01  -2.7053944e-03
   2.3580000e+01  -2.6903232e-03
   2.3590000e+01  -3.0942347e-03
   2.3600000e+01  -3.8236025e-03
   2.3610000e+01  -3.5042196e-03
   2.3620000e+01  -1.1105900e-03
   2.3630000e+01   2.3823670e-03
   2.3640000e+01   4.9498503e-03
   2.3650000e+01   7.9070369e-03
   2.3660000e+01   1.2827421e-02
   2.3670000e+01   1.7713814e-02
   2.3680000e+01   2.2300751e-02
   2.3690000e+01   2.6469518e-02
   2.3700000e+01   2.9835564e-02
   2.3710000e+01   3.3016487e-02
   2.3720000e+01   3.4765294e-02
   2.3730000e+01   3.4728045e-02
   2.3740000e+01   3.4502824e-02
   2.3750000e+01   3.3872382e-02
   2.3760000e+01   3.1713664e-02
   2.3770000e+01   2.8672294e-02
   2.3780000e+01   2.6155304e-02
   2.3790000e+01   2.5764303e-02
   2.3800000e+01   2.6890727e-02
   2.3810000e+01   2.8085772e-02
   2.3820000e+01   2.8940757e-02
   2.3830000e+01   2.9693408e-02
   2.3840000e+01   3.0232928e-02
   2.3850000e+01   2.9663358e-02
   2.3860000e+01   2.7087942e-02
   2.3870000e+01   2.2701016e-02
   2.3880000e+01   2.0453293e-02
   2.3890000e+01   1.9574676e-02
   2.3900000e+01   1.6028609e-02
   2.3910000e+01   1.2125076e-02
   2.3920000e+01   8.5893890e-03
   2.3930000e+01   5.5729615e-03
   2.3940000e+01   4.7995500e-03
   2.3950000e+01   5.2821699e-03
   2.3960000e+01   6.8436120e-03
   2.3970000e+01   1.0184393e-02
   2.3980000e+01   1.4062586e-02
   2.3990000e+01   1.8244366e-02
   2.4000000e+01   2.1038375e-02
   2.4010000e+01   2.2898782e-02
   2.4020000e+01   2.4910578e-02
   2.4030000e+01   2.6326049e-02
   2.4040000e+01   2.7333779e-02
   2.4050000e+01   2.8239439e-02
   2.4060000e+01   2.9608321e-02
   2.4070000e+01   3.0632981e-02
   2.4080000e+01   3.0504272e-02
   2.4090000e+01   2.9039429e-02
   2.4100000e+01   2.5370434e-02
   2.4110000e+01   2.1208845e-02
   2.4120000e+01   1.9521481e-02
   2.4130000e+01   2.0105366e-02
   2.4140000e+01   2.1322519e-02
   2.4150000e+01   2.0626431e-02
   2.4160000e+01   1.8162286e-02
   2.4170000e+01   1.6897624e-02
   2.4180000e+01   1.7411415e-02
   2.4190000e+01   1.8724233e-02
   2.4200000e+01   1.9118177e-02
   2.4210000e+01   1.8963335e-02
   2.4220000e+01   1.9526690e-02
   2.4230000e+01   2.0001856e-02
   2.4240000e+01   2.1747021e-02
   2.4250000e+01   2.3488575e-02
   2.4260000e+01   2.4332993e-02
   2.4270000e+01   2.5384029e-02
   2.4280000e+01   2.6971091e-02
   2.4290000e+01   3.0118301e-02
   2.4300000e+01   3.2500874e-02
   2.4310000e+01   3.3394485e-02
   2.4320000e+01   3.3422056e-02
   2.4330000e+01   3.3681117e-02
   2.4340000e+01   3.3542010e-02
   2.4350000e+01   3.3099847e-02
   2.4360000e+01   3.3273187e-02
   2.4370000e+01   3.3159469e-02
   2.4380000e+01   3.4351963e-02
   2.4390000e+01   3.6333478e-02
   2.4400000e+01   3.8168314e-02
   2.4410000e+01   3.9653751e-02
   2.4420000e+01   4.1159020e-02
   2.4430000e+01   4.2767036e-02
   2.4440000e+01   4.4399490e-02
   2.4450000e+01   4.5926941e-02
   2.4460000e+01   4.5914319e-02
   2.4470000e+01   4.4474041e-02
   2.4480000e+01   4.2616165e-02
   2.4490000e+01   3.9871645e-02
   2.4500000e+01   3.5934219e-02
   2.4510000e+01   3.3147717e-02
   2.4520000e+01   3.1035428e-02
   2.4530000e+01   2.7071848e-02
   2.4540000e+01   2.4226656e-02
   2.4550000e+01   2.2996987e-02
   2.4560000e+01   2.1769679e-02
   2.4570000e+01   2.0753913e-02
   2.4580000e+01   2.0062134e-02
   2.4590000e+01   1.8855124e-02
   2.4600000e+01   1.8755405e-02
   2.4610000e+01   1.9229766e-02
   2.4620000e+01   1.8015227e-02
   2.4630000e+01   1.5590428e-02
   2.4640000e+01   1.3121487e-02
   2.4650000e+01   1.0638156e-02
   2.4660000e+01   9.7988249e-03
   2.4670000e+01   1.0282164e-02
   2.4680000e+01   1.1787863e-02
   2.4690000e+01   1.1650545e-02
   2.4700000e+01   7.6699601e-03
   2.4710000e+01  -1.0051358e-03
   2.4720000e+01  -1.3011709e-02
   2.4730000e+01  -2.3657012e-02
   2.4740000e+01  -2.9818952e-02
   2.4750000e+01  -3.3360306e-02
   2.4760000e+01  -3.6435590e-02
   2.4770000e+01  -3.7459975e-02
   2.4780000e+01  -3.4982712e-02
   2.4790000e+01  -3.1400455e-02
   2.4800000e+01  -3.0228767e-02
   2.4810000e+01  -2.8851044e-02
   2.4820000e+01  -2.6332243e-02
   2.4830000e+01  -2.3822897e-02
   2.4840000e+01  -2.1856481e-02
   2.4850000e+01  -2.0601051e-02
   2.4860000e+01  -2.0816616e-02
   2.4870000e+01  -2.1769076e-02
   2.4880000e+01  -2.3246392e-02
   2.4890000e+01  -2.5054345e-02
   2.4900000e+01  -2.7710771e-02
   2.4910000e+01  -2.8169197e-02
   2.4920000e+01  -2.7039766e-02
   2.4930000e+01  -2.6176745e-02
   2.4940000e+01  -2.2910630e-02
   2.4950000e+01  -1.6096427e-02
   2.4960000e+01  -9.9379663e-03
   2.4970000e+01  -4.7870687e-03
   2.4980000e+01  -1.3288155e-03
   2.4990000e+01  -4.9293569e-04
   2.5000000e+01  -9.8617653e-04
   2.5010000e+01   3.2507809e-04
   2.5020000e+01   2.1000046e-03
   2.5030000e+01   5.1719617e-03
   2.5040000e+01   8.8778576e-03
   2.5050000e+01   1.3782602e-02
   2.5060000e+01   1.7906773e-02
   2.5070000e+01   2.0213492e-02
   2.5080000e+01   2.0919057e-02
   2.5090000e+01   2.0628549e-02
   2.5100000e+01   2.0112926e-02
   2.5110000e+01   1.8793204e-02
   2.5120000e+01   1.7229394e-02
   2.5130000e+01   1.5753581e-02
   2.5140000e+01   1.4848070e-02
   2.5150000e+01   1.5030525e-02
   2.5160000e+01   1.6683615e-02
   2.5170000e+01   1.9889399e-02
   2.5180000e+01   2.1066455e-02
   2.5190000e+01   1.9566491e-02
   2.5200000e+01   1.5187251e-02
   2.5210000e+01   9.2975424e-03
   2.5220000e+01   3.7799221e-03
   2.5230000e+01   1.5926592e-03
   2.5240000e+01   8.6383953e-04
   2.5250000e+01   2.9341276e-03
   2.5260000e+01   7.3134783e-03
   2.5270000e+01   1.2882003e-02
   2.5280000e+01   1.8142412e-02
   2.5290000e+01   2.2057932e-02
   2.5300000e+01   2.3373333e-02
   2.5310000e+01   2.2025162e-02
   2.5320000e+01   2.0421561e-02
   2.5330000e+01   1.7560656e-02
   2.5340000e+01   1.2173485e-02
   2.5350000e+01   5.6714824e-03
   2.5360000e+01   9.1606753e-04
   2.5370000e+01  -2.7283771e-03
   2.5380000e+01  -5.2334473e-03
   2.5390000e+01  -5.3242865e-03
   2.5400000e+01  -3.6923917e-03
   2.5410000e+01  -1.5208947e-03
   2.5420000e+01   8.3435621e-04
   2.5430000e+01   1.7069290e-03
   2.5440000e+01   1.2474284e-03
   2.5450000e+01   7.9299254e-05
   2.5460000e+01  -5.6490588e-04
   2.5470000e+01  -1.6621717e-04
   2.5480000e+01  -4.1975178e-04
   2.5490000e+01  -1.6664451e-04
   2.5500000e+01   6.4796433e-07
   2.5510000e+01   6.1440763e-04
   2.5520000e+01   9.3323976e-04
   2.5530000e+01   3.4241878e-04
   2.5540000e+01  -3.1426830e-04
   2.5550000e+01  -1.8712364e-03
   2.5560000e+01  -3.3990292e-03
   2.5570000e+01  -4.3315514e-03
   2.5580000e+01  -2.9843114e-03
   2.5590000e+01  -1.0793591e-03
   2.5600000e+01  -1.3062521e-04
   2.5610000e+01  -3.3952048e-04
   2.5620000e+01  -4.6888834e-04
   2.5630000e+01  -1.7633894e-04
   2.5640000e+01  -5.3893805e-05
   2.5650000e+01  -1.1951472e-03
   2.5660000e+01  -3.0757160e-03
   2.5670000e+01  -3.6942065e-03
   2.5680000e+01  -4.5932055e-03
   2.5690000e+01  -5.8201055e-03
   2.5700000e+01  -5.3857540e-03
   2.5710000e+01  -3.2421187e-03
   2.5720000e+01  -1.5086071e-03
   2.5730000e+01  -4.9330935e-04
   2.5740000e+01   1.6179353e-04
   2.5750000e+01  -2.4295649e-04
   2.5760000e+01  -1.0907255e-03
   2.5770000e+01  -2.8807759e-03
   2.5780000e+01  -4.4736363e-03
   2.5790000e+01  -6.8629682e-03
   2.5800000e+01  -8.3345696e-03
   2.5810000e+01  -7.2597751e-03
   2.5820000e+01  -5.8426922e-03
   2.5830000e+01  -5.9481590e-03
   2.5840000e+01  -5.9709448e-03
   2.5850000e+01  -5.9662542e-03
   2.5860000e+01  -5.7307011e-03
   2.5870000e+01  -4.5250006e-03
   2.5880000e+01  -4.1547299e-03
   2.5890000e+01  -3.4060227e-03
   2.5900000e+01  -2.6588000e-04
   2.5910000e+01   9.0037246e-04
   2.5920000e+01   9.6151560e-04
   2.5930000e+01   2.8039640e-03
   2.5940000e+01   3.8256852e-03
   2.5950000e+01   4.4461314e-03
   2.5960000e+01   4.8030695e-03
   2.5970000e+01   3.0596908e-03
   2.5980000e+01  -4.7069448e-04
   2.5990000e+01  -4.7336640e-03
   2.6000000e+01  -9.8539565e-03
   2.6010000e+01  -1.3139847e-02
   2.6020000e+01  -1.3579214e-02
   2.6030000e+01  -1.4662014e-02
   2.6040000e+01  -1.6012462e-02
   2.6050000e+01  -1.6357425e-02
   2.6060000e+01  -1.5796389e-02
   2.6070000e+01  -1.5781471e-02
   2.6080000e+01  -1.6400826e-02
   2.6090000e+01  -1.7994421e-02
   2.6100000e+01  -1.8541926e-02
   2.6110000e+01  -1.7278639e-02
   2.6120000e+01  -1.5905511e-02
   2.6130000e+01  -1.5449372e-02
   2.6140000e+01  -1.4895484e-02
   2.6150000e+01  -1.5305797e-02
   2.6160000e+01  -1.5477579e-02
   2.6170000e+01  -1.6570332e-02
   2.6180000e+01  -1.9711422e-02
   2.6190000e+01  -2.1280008e-02
   2.6200000e+01  -2.1065936e-02
   2.6210000e+01  -2.1323134e-02
   2.6220000e+01  -2.2752824e-02
   2.6230000e+01  -2.3735576e-02
   2.6240000e+01  -2.4178681e-02
   2.6250000e+01  -2.4838346e-02
   2.6260000e+01  -2.3992181e-02
   2.6270000e+01  -2.1420195e-02
   2.6280000e+01  -1.9449481e-02
   2.6290000e+01  -1.7825275e-02
   2.6300000e+01  -1.6682218e-02
   2.6310000e+01  -1.5284938e-02
   2.6320000e+01  -1.3501507e-02
   2.6330000e+01  -1.2666290e-02
   2.6340000e+01  -1.1374035e-02
   2.6350000e+01  -9.1843812e-03
   2.6360000e+01  -7.1909720e-03
   2.6370000e+01  -4.0389386e-03
   2.6380000e+01  -6.8643447e-04
   2.6390000e+01   2.4172053e-03
   2.6400000e+01   4.8827498e-03
   2.6410000e+01   6.1212186e-03
   2.6420000e+01   5.6448828e-03
   2.6430000e+01   5.3898739e-03
   2.6440000e+01   6.5588122e-03
   2.6450000e+01   8.3877000e-03
   2.6460000e+01   1.0552861e-02
   2.6470000e+01   1.3381691e-02
   2.6480000e+01   1.4579543e-02
   2.6490000e+01   1.6914078e-02
   2.6500000e+01   1.8922677e-02
   2.6510000e+01   1.9884846e-02
   2.6520000e+01   1.9579281e-02
   2.6530000e+01   1.4663422e-02
   2.6540000e+01   9.4026544e-03
   2.6550000e+01   7.5151429e-03
   2.6560000e+01   6.9279426e-03
   2.6570000e+01   5.9440815e-03
   2.6580000e+01   6.4395363e-03
   2.6590000e+01   7.0276737e-03
   2.6600000e+01   7.3111468e-03
   2.6610000e+01   7.1344185e-03
   2.6620000e+01   8.6187945e-03
   2.6630000e+01   9.8250476e-03
   2.6640000e+01   8.6071200e-03
   2.6650000e+01   9.3645666e-03
   2.6660000e+01   1.1639639e-02
   2.6670000e+01   1.4017448e-02
   2.6680000e+01   1.6206819e-02
   2.6690000e+01   1.6743926e-02
   2.6700000e+01   1.7286040e-02
   2.6710000e+01   1.6711028e-02
   2.6720000e+01   1.4772375e-02
   2.6730000e+01   1.2597446e-02
   2.6740000e+01   1.2348232e-02
   2.6750000e+01   1.3358514e-02
   2.6760000e+01   1.5005823e-02
   2.6770000e+01   1.7151666e-02
   2.6780000e+01   1.7124221e-02
   2.6790000e+01   1.5509661e-02
   2.6800000e+01   1.3693598e-02
   2.6810000e+01   1.2876942e-02
   2.6820000e+01   1.2696011e-02
   2.6830000e+01   1.2081421e-02
   2.6840000e+01   1.1038262e-02
   2.6850000e+01   8.1038722e-03
   2.6860000e+01   6.4120113e-03
   2.6870000e+01   6.2160908e-03
   2.6880000e+01   5.3703567e-03
   2.6890000e+01   4.9380985e-03
   2.6900000e+01   4.8648526e-03
   2.6910000e+01   3.9818037e-03
   2.6920000e+01   3.3332650e-03
   2.6930000e+01   4.4652155e-03
   2.6940000e+01   5.7305359e-03
   2.6950000e+01   6.1330191e-03
   2.6960000e+01   7.0099311e-03
   2.6970000e+01   6.7426886e-03
   2.6980000e+01   4.9525715e-03
   2.6990000e+01   4.8824608e-03
   2.7000000e+01   2.2502202e-03
   2.7010000e+01  -5.2166428e-04
   2.7020000e+01  -4.7088347e-03
   2.7030000e+01  -1.0521685e-02
   2.7040000e+01  -1.7595586e-02
   2.7050000e+01  -2.4154116e-02
   2.7060000e+01  -3.0154131e-02
   2.7070000e+01  -3.5463383e-02
   2.7080000e+01  -4.0493065e-02
   2.7090000e+01  -4.4363183e-02
   2.7100000e+01  -4.7043327e-02
   2.7110000e+01  -4.7705607e-02
   2.7120000e+01  -4.7583694e-02
   2.7130000e+01  -4.7031023e-02
   2.7140000e+01  -4.6775075e-02
   2.7150000e+01  -4.7889724e-02
   2.7160000e+01  -5.1260482e-02
   2.7170000e+01  -5.3684339e-02
   2.7180000e+01  -5.5440187e-02
   2.7190000e+01  -5.6905359e-02
   2.7200000e+01  -5.6450967e-02
   2.7210000e+01  -5.4331160e-02
   2.7220000e+01  -5.2708193e-02
   2.7230000e+01  -4.8679899e-02
   2.7240000e+01  -4.3943234e-02
   2.7250000e+01  -4.1710346e-02
   2.7260000e+01  -4.0381021e-02
   2.7270000e+01  -3.8445248e-02
   2.7280000e+01  -3.6263183e-02
   2.7290000e+01  -3.4341587e-02
   2.7300000e+01  -3.3049956e-02
   2.7310000e+01  -3.1181830e-02
   2.7320000e+01  -2.7401723e-02
   2.7330000e+01  -2.4436408e-02
   2.7340000e+01  -2.2123282e-02
   2.7350000e+01  -1.9093602e-02
   2.7360000e+01  -1.6912902e-02
   2.7370000e+01  -1.6876130e-02
   2.7380000e+01  -1.6588036e-02
   2.7390000e+01  -1.6573594e-02
   2.7400000e+01  -1.9252393e-02
   2.7410000e+01  -2.1636872e-02
   2.7420000e+01  -2.1787161e-02
   2.7430000e+01  -1.8985634e-02
   2.7440000e+01  -1.5348287e-02
   2.7450000e+01  -1.2293629e-02
   2.7460000e+01  -8.6787818e-03
   2.7470000e+01  -4.3534171e-03
   2.7480000e+01  -4.4321667e-05
   2.7490000e+01   3.5790749e-03
   2.7500000e+01   7.1564175e-03
   2.7510000e+01   1.2029306e-02
   2.7520000e+01   1.5671555e-02
   2.7530000e+01   1.8487894e-02
   2.7540000e+01   2.0083385e-02
   2.7550000e+01   1.9956242e-02
   2.7560000e+01   1.8707419e-02
   2.7570000e+01   1.8732407e-02
   2.7580000e+01   1.9994031e-02
   2.7590000e+01   2.0525018e-02
   2.7600000e+01   2.0037633e-02
   2.7610000e+01   2.0037591e-02
   2.7620000e+01   2.0074057e-02
   2.7630000e+01   1.9285565e-02
   2.7640000e+01   1.7372260e-02
   2.7650000e+01   1.5503330e-02
   2.7660000e+01   1.4155211e-02
   2.7670000e+01   1.3111439e-02
   2.7680000e+01   1.2030555e-02
   2.7690000e+01   1.0555764e-02
   2.7700000e+01   9.5667722e-03
   2.7710000e+01   8.5341017e-03
   2.7720000e+01   6.2668399e-03
   2.7730000e+01   5.5816163e-03
   2.7740000e+01   6.5701532e-03
   2.7750000e+01   7.2643905e-03
   2.7760000e+01   7.1641808e-03
   2.7770000e+01   6.6531243e-03
   2.7780000e+01   6.6911792e-03
   2.7790000e+01   6.5239019e-03
   2.7800000e+01   6.9067271e-03
   2.7810000e+01   8.7028847e-03
   2.7820000e+01   1.0564432e-02
   2.7830000e+01   1.2798336e-02
   2.7840000e+01   1.6558632e-02
   2.7850000e+01   1.9986492e-02
   2.7860000e+01   2.2082867e-02
   2.7870000e+01   2.3848065e-02
   2.7880000e+01   2.5893532e-02
   2.7890000e+01   2.7143700e-02
   2.7900000e+01   2.6602114e-02
   2.7910000e+01   2.5534201e-02
   2.7920000e+01   2.4079671e-02
   2.7930000e+01   2.1454406e-02
   2.7940000e+01   1.8199377e-02
   2.7950000e+01   1.4920069e-02
   2.7960000e+01   1.1130443e-02
   2.7970000e+01   6.6095761e-03
   2.7980000e+01   3.2988672e-03
   2.7990000e+01   6.5406767e-04
   2.8000000e+01  -9.1246988e-04
   2.8010000e+01  -1.3129597e-03
   2.8020000e+01  -1.2337316e-03
   2.8030000e+01  -1.4757107e-03
   2.8040000e+01  -1.0461887e-04
   2.8050000e+01   2.0445426e-03
   2.8060000e+01   4.5607845e-03
   2.8070000e+01   7.0560214e-03
   2.8080000e+01   1.1146707e-02
   2.8090000e+01   1.6042056e-02
   2.8100000e+01   1.9138390e-02
   2.8110000e+01   2.0760986e-02
   2.8120000e+01   2.1582163e-02
   2.8130000e+01   2.1582046e-02
   2.8140000e+01   2.1057529e-02
   2.8150000e+01   2.0427172e-02
   2.8160000e+01   1.9475771e-02
   2.8170000e+01   1.7815418e-02
   2.8180000e+01   1.5773688e-02
   2.8190000e+01   1.4002265e-02
   2.8200000e+01   1.2150932e-02
   2.8210000e+01   1.1060296e-02
   2.8220000e+01   1.0568103e-02
   2.8230000e+01   1.0351744e-02
   2.8240000e+01   1.0660614e-02
   2.8250000e+01   1.1353631e-02
   2.8260000e+01   1.2254400e-02
   2.8270000e+01   1.2745659e-02
   2.8280000e+01   1.3135114e-02
   2.8290000e+01   1.4540472e-02
   2.8300000e+01   1.4577912e-02
   2.8310000e+01   1.3887859e-02
   2.8320000e+01   1.3726686e-02
   2.8330000e+01   1.3362961e-02
   2.8340000e+01   1.2436241e-02
   2.8350000e+01   1.0767057e-02
   2.8360000e+01   8.9753843e-03
   2.8370000e+01   7.4746389e-03
   2.8380000e+01   5.6610171e-03
   2.8390000e+01   3.5198573e-03
   2.8400000e+01   1.2385195e-03
   2.8410000e+01  -1.1429422e-03
   2.8420000e+01  -2.9179680e-03
   2.8430000e+01  -3.8963349e-03
   2.8440000e+01  -5.2771384e-03
   2.8450000e+01  -6.7722042e-03
   2.8460000e+01  -8.3789637e-03
   2.8470000e+01  -1.0717324e-02
   2.8480000e+01  -1.2765904e-02
   2.8490000e+01  -1.3490252e-02
   2.8500000e+01  -1.4705976e-02
   2.8510000e+01  -1.5443898e-02
   2.8520000e+01  -1.4671311e-02
   2.8530000e+01  -1.2936998e-02
   2.8540000e+01  -1.1779340e-02
   2.8550000e+01  -1.0808732e-02
   2.8560000e+01  -9.1219374e-03
   2.8570000e+01  -7.7727544e-03
   2.8580000e+01  -6.9611058e-03
   2.8590000e+01  -6.1705605e-03
   2.8600000e+01  -6.0188192e-03
   2.8610000e+01  -5.8778376e-03
   2.8620000e+01  -5.2999421e-03
   2.8630000e+01  -4.6200433e-03
   2.8640000e+01  -4.2340872e-03
   2.8650000e+01  -3.6558275e-03
   2.8660000e+01  -3.3122104e-03
   2.8670000e+01  -3.6038459e-03
   2.8680000e+01  -3.8285176e-03
   2.8690000e+01  -3.6322053e-03
   2.8700000e+01  -3.3915497e-03
   2.8710000e+01  -3.2294225e-03
   2.8720000e+01  -2.9119327e-03
   2.8730000e+01  -2.0514917e-03
   2.8740000e+01  -1.1854219e-03
   2.8750000e+01  -8.3660557e-04
   2.8760000e+01  -6.6944806e-04
   2.8770000e+01  -6.1426660e-04
   2.8780000e+01  -6.0920841e-04
   2.8790000e+01  -2.0382024e-04
   2.8800000e+01   1.8351571e-04
   2.8810000e+01   4.2170254e-04
   2.8820000e+01   7.1161401e-04
   2.8830000e+01   1.2183046e-03
   2.8840000e+01   2.0901544e-03
   2.8850000e+01   2.5457553e-03
   2.8860000e+01   2.8279758e-03
   2.8870000e+01   3.0207093e-03
   2.8880000e+01   3.0154660e-03
   2.8890000e+01   2.8408828e-03
   2.8900000e+01   2.7012290e-03
   2.8910000e+01   2.3479501e-03
   2.8920000e+01   1.8945801e-03
   2.8930000e+01   1.5801154e-03
   2.8940000e+01   1.1808574e-03
   2.8950000e+01   6.6014878e-04
   2.8960000e+01   2.1918613e-04
   2.8970000e+01   3.9196225e-04
   2.8980000e+01   6.4614951e-04
   2.8990000e+01   6.0964888e-04
   2.9000000e+01   6.2525639e-04
   2.9010000e+01   8.0473917e-04
   2.9020000e+01   1.0309884e-03
   2.9030000e+01   1.1051159e-03
   2.9040000e+01   1.0983236e-03
   2.9050000e+01   1.1995900e-03
   2.9060000e+01   1.5811075e-03
   2.9070000e+01   1.9280737e-03
   2.9080000e+01   1.8155394e-03
   2.9090000e+01   1.5604405e-03
   2.9100000e+01   1.4974185e-03
   2.9110000e+01   1.5534343e-03
   2.9120000e+01   1.3865444e-03
   2.9130000e+01   1.2679547e-03
   2.9140000e+01   1.3381596e-03
   2.9150000e+01   1.4080945e-03
   2.9160000e+01   1.3647285e-03
   2.9170000e+01   1.3049879e-03
   2.9180000e+01   1.3580590e-03
   2.9190000e+01   1.3132679e-03
   2.9200000e+01   1.1871383e-03
   2.9210000e+01   1.0586966e-03
   2.9220000e+01   8.7965499e-04
   2.9230000e+01   6.6422862e-04
   2.9240000e+01   4.5173602e-04
   2.9250000e+01   2.4798524e-04
   2.9260000e+01   2.5997963e-05
   2.9270000e+01  -1.7017609e-04
   2.9280000e+01  -3.4123004e-04
   2.9290000e+01  -4.7994727e-04
   2.9300000e+01  -5.2290850e-04
   2.9310000e+01  -5.6368781e-04
   2.9320000e+01  -6.1821144e-04
   2.9330000e+01  -6.9477944e-04
   2.9340000e+01  -7.6556862e-04
   2.9350000e+01  -8.5031768e-04
   2.9360000e+01  -9.0717229e-04
   2.9370000e+01  -9.2724918e-04
   2.9380000e+01  -9.4170427e-04
   2.9390000e+01  -9.5206554e-04
   2.9400000e+01  -9.5902124e-04
   2.9410000e+01  -9.8372939e-04
   2.9420000e+01  -1.0135737e-03
   2.9430000e+01  -1.0193381e-03
   2.9440000e+01  -1.0401302e-03
   2.9450000e+01  -1.0616535e-03
   2.9460000e+01  -1.0855712e-03
   2.9470000e+01  -1.1062721e-03
   2.9480000e+01  -1.0960863e-03
   2.9490000e+01  -1.0725795e-03
   2.9500000e+01  -1.0571016e-03
   2.9510000e+01  -1.0311853e-03
   2.9520000e+01  -1.0010386e-03
   2.9530000e+01  -9.5715645e-04
   2.9540000e+01  -9.2244934e-04
   2.9550000e+01  -9.0730412e-04
   2.9560000e+01  -8.8614449e-04
   2.9570000e+01  -8.5789141e-04
   2.9580000e+01  -8.3456025e-04
   2.9590000e+01  -8.1176040e-04
   2.9600000e+01  -7.8577828e-04
   2.9610000e+01  -7.5978356e-04
   2.9620000e+01  -7.3637997e-04
   2.9630000e+01  -7.1532516e-04
   2.9640000e+01  -6.9766122e-04
   2.9650000e+01  -6.8154220e-04
   2.9660000e+01  -6.6393533e-04
   2.9670000e+01  -6.4709133e-04
   2.9680000e+01  -6.3134067e-04
   2.9690000e+01  -6.1514563e-04
   2.9700000e+01  -5.9689161e-04
   2.9710000e+01  -5.7749131e-04
   2.9720000e+01  -5.5925560e-04
   2.9730000e+01  -5.4175620e-04
   2.9740000e+01  -5.2554728e-04
   2.9750000e+01  -5.1091929e-04
   2.9760000e+01  -4.9818880e-04
   2.9770000e+01  -4.8662344e-04
   2.9780000e+01  -4.7601641e-04
   2.9790000e+01  -4.6639864e-04
   2.9800000e+01  -4.5736078e-04
   2.9810000e+01  -4.4843717e-04
   2.9820000e+01  -4.3953516e-04
   2.9830000e+01  -4.3098149e-04
   2.9840000e+01  -4.2276358e-04
   2.9850000e+01  -4.1475881e-04
   2.9860000e+01  -4.0691011e-04
   2.9870000e+01  -3.9919377e-04
   2.9880000e+01  -3.9157642e-04
   2.9890000e+01  -3.8399856e-04
   2.9900000e+01  -3.7644866e-04
   2.9910000e+01  -3.6890945e-04
   2.9920000e+01  -3.6137342e-04
   2.9930000e+01  -3.5382341e-04
   2.9940000e+01  -3.4625752e-04
   2.9950000e+01  -3.3867448e-04
   2.9960000e+01  -3.3107047e-04
   2.9970000e+01  -3.2344190e-04
   2.9980000e+01  -3.1578771e-04
