0.0051974
0.0051828
0.0051682
0.005152
0.0051343
0.0051174
0.0051044
0.0050974
0.0050983
0.0051044
0.0051114
0.0051126
0.0051001
0.0050722
0.0050276
0.0049763
0.0049315
0.0049075
0.0049132
0.0049308
0.0049506
0.0049619
0.0049576
0.0049554
0.0049566
0.0049554
0.0049534
0.0049497
0.0049449
0.0049403
0.0049367
0.0049355
0.0049333
0.0049166
0.004873
0.0047894
0.0046582
0.0044904
0.0042925
0.0040795
0.0038675
0.0036729
0.0035197
0.003432
0.0034273
0.0034955
0.0036173
0.0037333
0.0038036
0.0038141
0.0037429
0.0036025
0.0033888
0.0031284
0.0028956
0.0027664
0.0026066
0.0019232
0.00059503
-0.00096818
-0.0024741
-0.0034162
-0.0036477
-0.0037256
-0.0038074
-0.0039422
-0.0041006
-0.0037769
-0.0027078
-0.00084727
0.0015213
0.0034283
0.0049789
0.0074326
0.010495
0.012398
0.012928
0.013347
0.013903
0.014354
0.014552
0.014158
0.013587
0.013503
0.012288
0.0058663
-0.004751
-0.011955
-0.014642
-0.01773
-0.021565
-0.023762
-0.022143
-0.013777
-0.00069152
0.0076996
0.009844
0.012176
0.015177
0.016867
0.017023
0.015601
0.012839
0.0091096
0.0045502
-0.0007136
-0.0064692
-0.012404
-0.018186
-0.023534
-0.028228
-0.032136
-0.034791
-0.03516
-0.032557
-0.026736
-0.017879
-0.0077252
0.002405
0.01086
0.01642
0.019271
0.019358
0.01792
0.01588
0.013967
0.012363
0.009867
0.0070872
0.0064354
0.0083142
0.010919
0.013125
0.013097
0.0099536
0.0046759
-0.0022091
-0.0086155
-0.012759
-0.013112
-0.0093472
-0.004618
-0.00040324
0.0023675
0.003434
0.005124
0.0077468
0.010244
0.012238
0.013326
0.01457
0.018603
0.02426
0.025676
0.02218
0.018348
0.01496
0.010607
0.004258
-0.0061079
-0.019644
-0.031272
-0.03903
-0.043106
-0.043314
-0.041531
-0.038199
-0.032944
-0.026197
-0.018348
-0.0099145
-0.0014606
0.0065667
0.013877
0.020298
0.025565
0.028432
0.026761
0.021544
0.018396
0.01858
0.019047
0.018839
0.016112
0.0096196
-0.00041723
-0.013116
-0.024222
-0.031561
-0.034623
-0.032722
-0.027534
-0.019737
-0.010456
-0.0012534
0.0062499
0.011169
0.014584
0.016918
0.019143
0.021638
0.024093
0.027638
0.032406
0.033031
0.017604
-0.010536
-0.027549
-0.029917
-0.032715
-0.038112
-0.043399
-0.047158
-0.044832
-0.035259
-0.020904
-0.0050657
0.0042883
0.0059689
0.0076302
0.010425
0.012682
0.014597
0.015815
0.016323
0.015575
0.013007
0.0083214
0.0015839
-0.0058463
-0.012968
-0.01864
-0.022363
-0.024952
-0.026145
-0.024932
-0.020696
-0.013303
-0.0040389
0.003494
0.0090095
0.015802
0.023251
0.027664
0.028748
0.029295
0.029932
0.030197
0.030445
0.03126
0.032927
0.03497
0.03677
0.036948
0.034831
0.030675
0.024417
0.01654
0.0074299
-0.0023305
-0.012104
-0.021248
-0.029111
-0.035168
-0.038934
-0.04038
-0.039812
-0.03857
-0.037433
-0.036727
-0.036679
-0.036598
-0.036354
-0.036154
-0.03613
-0.036531
-0.036763
-0.034692
-0.029174
-0.020227
-0.0088677
0.00079982
0.0071018
0.010814
0.012219
0.013371
0.014398
0.013379
0.010367
0.0067349
0.0033715
0.0013876
0.00099615
0.00084119
0.00044782
-0.00068783
-0.0031622
-0.0072398
-0.01292
-0.01912
-0.025202
-0.030391
-0.033655
-0.033701
-0.029591
-0.021352
-0.009395
0.0039897
0.017037
0.027698
0.034503
0.037719
0.037279
0.034412
0.029862
0.024252
0.018568
0.013767
0.010613
0.0090858
0.0091863
0.01002
0.010617
0.010462
0.011438
0.01884
0.031325
0.039323
0.041677
0.044425
0.0474
0.046487
0.040212
0.028988
0.01447
0.0019894
-0.0061757
-0.010753
-0.011797
-0.011764
-0.011468
-0.010624
-0.0099919
-0.010204
-0.011617
-0.01358
-0.015216
-0.014605
-0.010687
-0.003632
0.0063712
0.017434
0.028181
0.036989
0.042602
0.045058
0.044143
0.040659
0.035067
0.027834
0.019686
0.011484
0.0041391
-0.001549
-0.0051928
-0.007414
-0.0085019
-0.0090105
-0.0092419
-0.0092759
-0.0099642
-0.01161
-0.01129
-0.0021924
0.013628
0.022195
0.021196
0.018942
0.016868
0.014974
0.013977
0.013699
0.014655
0.016666
0.019506
0.02295
0.027262
0.032149
0.033635
0.023685
0.004911
-0.0053304
-0.0041604
-0.0023013
-0.0019989
-0.0041493
-0.0098008
-0.017574
-0.027055
-0.035648
-0.041277
-0.041907
-0.035929
-0.023986
-0.0066784
0.012813
0.031678
0.046747
0.056627
0.064134
0.069912
0.07477
0.079706
0.084618
0.088639
0.087913
0.080706
0.06744
0.048532
0.027582
0.0072372
-0.0092909
-0.019752
-0.025171
-0.026415
-0.026901
-0.027133
-0.023299
-0.014003
0.0013125
0.020962
0.0378
0.048821
0.054334
0.053998
0.050633
0.045118
0.037442
0.028626
0.019529
0.010978
0.0038685
-7.263e-05
0.0013296
0.0066018
0.0084138
0.0049231
-0.00029575
-0.0064452
-0.011841
-0.015238
-0.016014
-0.01329
-0.0075007
0.0010029
0.010652
0.019886
0.02713
0.032158
0.037253
0.041905
0.043154
0.040822
0.036796
0.030659
0.020574
0.0077862
-0.0027943
-0.01038
-0.01824
-0.025882
-0.030451
-0.03185
-0.03256
-0.033315
-0.03375
-0.034046
-0.034148
-0.034175
-0.0342
-0.034093
-0.033784
-0.033864
-0.035768
-0.039163
-0.041457
-0.042435
-0.044113
-0.046874
-0.050332
-0.054465
-0.059056
-0.064062
-0.069423
-0.07498
-0.080549
-0.085945
-0.091019
-0.095634
-0.09966
-0.10291
-0.10521
-0.10665
-0.10797
-0.10968
-0.11228
-0.11591
-0.11974
-0.12309
-0.12532
-0.12726
-0.13184
-0.13842
-0.14217
-0.14244
-0.14224
-0.1421
-0.14171
-0.1412
-0.14048
-0.13967
-0.1389
-0.13845
-0.13913
-0.14137
-0.14509
-0.1498
-0.15376
-0.15639
-0.1585
-0.16046
-0.16327
-0.16713
-0.1711
-0.17483
-0.17781
-0.17968
-0.18059
-0.18052
-0.17974
-0.17841
-0.17664
-0.17466
-0.17269
-0.17085
-0.16917
-0.16815
-0.16911
-0.173
-0.18058
-0.19213
-0.20649
-0.223
-0.2406
-0.25826
-0.27484
-0.28892
-0.29929
-0.30588
-0.3113
-0.31711
-0.32452
-0.33351
-0.34084
-0.34558
-0.34834
-0.34928
-0.34986
-0.35063
-0.35139
-0.35177
-0.34978
-0.34397
-0.33279
-0.31534
-0.2925
-0.26438
-0.23157
-0.19475
-0.15474
-0.11252
-0.069142
-0.025696
0.016735
0.057081
0.094415
0.12787
0.15666
0.1797
0.19603
0.20619
0.21394
0.22167
0.23094
0.24152
0.24932
0.25514
0.26394
0.27458
0.27982
0.27833
0.27419
0.26833
0.26151
0.25487
0.2494
0.24572
0.24259
0.23924
0.23437
0.22744
0.21958
0.21112
0.20285
0.19569
0.19038
0.1867
0.18265
0.17845
0.17672
0.17791
0.18082
0.18504
0.18981
0.19446
0.19825
0.20072
0.20222
0.20293
0.20335
0.20357
0.20337
0.20349
0.2054
0.2086
0.2098
0.20823
0.20558
0.20245
0.19993
0.19828
0.19619
0.19305
0.188
0.18094
0.17341
0.16618
0.16031
0.15659
0.155
0.15577
0.15843
0.16265
0.16796
0.17382
0.17975
0.18548
0.19057
0.19306
0.18954
0.18111
0.17519
0.17252
0.16726
0.15836
0.14677
0.13241
0.1157
0.096528
0.074837
0.050808
0.02471
-0.0031831
-0.032606
-0.063285
-0.094924
-0.12722
-0.15985
-0.1925
-0.22487
-0.25665
-0.28752
-0.31716
-0.34531
-0.37174
-0.39626
-0.41853
-0.43812
-0.45475
-0.46872
-0.48093
-0.49166
-0.49618
-0.48384
-0.45729
-0.43587
-0.41966
-0.38956
-0.34175
-0.28202
-0.21191
-0.13569
-0.05615
0.023747
0.1002
0.16929
0.22637
0.26775
0.29411
0.31529
0.33545
0.35429
0.3709
0.37778
0.37407
0.36594
0.35599
0.34771
0.3421
0.33481
0.32359
0.30491
0.27767
0.24592
0.21135
0.1774
0.14796
0.12611
0.11102
0.094485
0.077549
0.071304
0.077601
0.090627
0.1073
0.12192
0.13146
0.13666
0.13713
0.13543
0.13248
0.12825
0.1238
0.11996
0.11741
0.11598
0.11559
0.11574
0.1162
0.11709
0.11828
0.11966
0.12113
0.1226
0.12402
0.12531
0.12635
0.12697
0.12737
0.12853
0.13112
0.1358
0.14284
0.15149
0.1614
0.17194
0.18249
0.19239
0.20083
0.20713
0.21111
0.21375
0.21574
0.21801
0.22102
0.22419
0.22739
0.23039
0.23322
0.23605
0.23773
0.23468
0.22463
0.20644
0.18039
0.1517
0.12404
0.1019
0.087726
0.078693
0.073582
0.068995
0.063475
0.058737
0.054734
0.051989
0.050332
0.048173
0.04464
0.038618
0.029666
0.018808
0.0064272
-0.0067091
-0.019849
-0.03218
-0.042684
-0.050499
-0.055436
-0.058967
-0.06199
-0.065417
-0.069426
-0.072493
-0.074453
-0.076091
-0.077808
-0.080394
-0.083984
-0.087765
-0.091456
-0.09457
-0.096334
-0.095872
-0.093328
-0.090425
-0.086753
-0.07951
-0.068025
-0.053297
-0.035588
-0.015641
0.0059277
0.028394
0.050917
0.072706
0.092942
0.11076
0.12503
0.13499
0.14179
0.14952
0.15778
0.16069
0.15701
0.14888
0.13677
0.12198
0.10557
0.089135
0.074829
0.064405
0.057018
0.04751
0.036305
0.029822
0.028511
0.027939
0.027033
0.02622
0.025655
0.026695
0.029892
0.035474
0.043389
0.05207
0.060392
0.066923
0.071128
0.074605
0.078097
0.082564
0.088079
0.092693
0.095626
0.096288
0.094169
0.089658
0.082864
0.074474
0.065119
0.055753
0.047537
0.041504
0.037499
0.032948
0.027113
0.021039
0.015631
0.013344
0.014747
0.018083
0.023025
0.029239
0.036171
0.043191
0.049549
0.054609
0.057797
0.05885
0.057495
0.053764
0.047686
0.039515
0.029517
0.018084
0.0056433
-0.0073141
-0.02029
-0.032798
-0.044367
-0.054571
-0.062921
-0.069019
-0.072812
-0.075034
-0.076192
-0.076827
-0.077055
-0.07661
-0.076808
-0.080385
-0.086497
-0.089445
-0.088119
-0.085737
-0.083105
-0.080987
-0.079629
-0.077895
-0.075682
-0.073267
-0.071215
-0.070918
-0.072354
-0.073819
-0.075191
-0.077905
-0.083155
-0.093022
-0.1082
-0.12728
-0.14976
-0.17455
-0.20059
-0.22676
-0.25179
-0.2744
-0.29299
-0.30633
-0.31498
-0.32303
-0.33181
-0.34011
-0.34767
-0.3533
-0.35732
-0.36161
-0.36567
-0.36658
-0.36333
-0.35635
-0.34567
-0.33228
-0.31684
-0.30028
-0.28354
-0.26779
-0.25454
-0.24525
-0.23926
-0.2314
-0.21822
-0.19637
-0.16459
-0.12733
-0.086712
-0.046696
-0.011765
0.014405
0.032154
0.049877
0.06735
0.076057
0.075369
0.070233
0.062127
0.051684
0.039919
0.027802
0.016824
0.0084253
0.0030944
-0.00069002
-0.0037908
-0.0072564
-0.011363
-0.014618
-0.016659
-0.017455
-0.016912
-0.015526
-0.013417
-0.010881
-0.0084728
-0.0068485
-0.0057277
-0.0028138
0.0033176
0.013785
0.028676
0.044911
0.060351
0.072361
0.080187
0.087173
0.094259
0.10138
0.10772
0.10956
0.10593
0.098285
0.086925
0.073083
0.057791
0.042469
0.028764
0.018166
0.011434
0.0073067
0.0050488
0.0032948
0.0013675
-0.0001599
-0.0015074
-0.0026438
-0.0031206
-0.0020005
0.00065026
0.0034302
0.0065994
0.011719
0.018279
0.023578
0.027167
0.03119
0.036949
0.046298
0.059503
0.073652
0.087109
0.097723
0.1045
0.10918
0.1125
0.116
0.12014
0.1234
0.12542
0.12576
0.12401
0.12022
0.11422
0.10615
0.096112
0.084351
0.071133
0.056772
0.0416
0.026005
0.010435
-0.0046657
-0.019015
-0.032541
-0.045035
-0.0557
-0.062953
-0.066073
-0.070364
-0.088758
-0.11824
-0.13502
-0.13565
-0.13496
-0.1355
-0.1361
-0.1368
-0.13522
-0.13097
-0.12367
-0.11315
-0.10081
-0.087295
-0.073909
-0.062077
-0.053118
-0.047382
-0.042624
-0.037474
-0.030272
-0.020431
-0.010123
-0.00046713
0.0069499
0.011719
0.016148
0.021278
0.02827
0.03727
0.045344
0.050197
0.048502
0.03979
0.029396
0.02025
0.0157
0.01685
0.019685
0.023669
0.028253
0.03003
0.024029
0.012378
0.0077949
0.011114
0.010846
0.0050982
-0.0019051
-0.0074227
-0.0058456
0.003399
0.013794
0.022812
0.028581
0.030858
0.03408
0.038824
0.043396
0.04774
0.051308
0.053084
0.051246
0.045732
0.038674
0.028774
0.011229
-0.014188
-0.041963
-0.068738
-0.090167
-0.10373
-0.11102
-0.11233
-0.11019
-0.10576
-0.09873
-0.090012
-0.080363
-0.070582
-0.061463
-0.053687
-0.047822
-0.044112
-0.041945
-0.040939
-0.040447
-0.039999
-0.039472
-0.038528
-0.036989
-0.034817
-0.032413
-0.030105
-0.028302
-0.02714
-0.026097
-0.024889
-0.023112
-0.020642
-0.018025
-0.015598
-0.013824
-0.012664
-0.011015
-0.0082931
-0.0040316
0.0017198
0.0078542
0.014327
0.020777
0.024192
0.01786
0.00084904
-0.018836
-0.036542
-0.046861
-0.048747
-0.050179
-0.052627
-0.0543
-0.055111
-0.053648
-0.050445
-0.04763
-0.04511
-0.041189
-0.036054
-0.031734
-0.028836
-0.0268
-0.025293
-0.023318
-0.020679
-0.018059
-0.015426
-0.012937
-0.011642
-0.013834
-0.019767
-0.026548
-0.032805
-0.037331
-0.039713
-0.041855
-0.044288
-0.04759
-0.052782
-0.060566
-0.070368
-0.078681
-0.084149
-0.087374
-0.088519
-0.089271
-0.090112
-0.090511
-0.090705
-0.09078
-0.090769
-0.090454
-0.089609
-0.088046
-0.085711
-0.082875
-0.07962
-0.076051
-0.072326
-0.068879
-0.066486
-0.065564
-0.063985
-0.056254
-0.043411
-0.03465
-0.030711
-0.025103
-0.017765
-0.012223
-0.0080253
-0.0012694
0.0089666
0.020165
0.030446
0.036678
0.038619
0.040621
0.043557
0.04609
0.047532
0.045963
0.04133
0.036098
0.031565
0.029013
0.028324
0.027106
0.026347
0.030406
0.039707
0.050296
0.059988
0.06655
0.069935
0.074419
0.08046
0.085573
0.088857
0.088855
0.084655
0.076175
0.063242
0.046951
0.028097
0.0079347
-0.012259
-0.031159
-0.047305
-0.05951
-0.067199
-0.071492
-0.073107
-0.073356
-0.073034
-0.072057
-0.07104
-0.070347
-0.069547
-0.06717
-0.063763
-0.062707
-0.064798
-0.068536
-0.073499
-0.07822
-0.080734
-0.07863
-0.072679
-0.069233
-0.069452
-0.069741
-0.069436
-0.0679
-0.064344
-0.058228
-0.049058
-0.037421
-0.023604
-0.0082645
0.007878
0.024009
0.039278
0.053055
0.064869
0.074276
0.079608
0.078015
0.070137
0.06138
0.052394
0.039519
0.022626
0.0041966
-0.013259
-0.02573
-0.033059
-0.040336
-0.047371
-0.050001
-0.048295
-0.045316
-0.041157
-0.03337
-0.021886
-0.009101
0.0033797
0.013288
0.019279
0.02237
0.024156
0.028712
0.035762
0.039054
0.03762
0.034311
0.029491
0.023322
0.016148
0.008382
0.00068053
-0.0065752
-0.013445
-0.019707
-0.022537
-0.016551
-0.0042079
0.00033486
-0.0066026
-0.016768
-0.023156
-0.01113
0.022006
0.059045
0.089586
0.10234
0.10306
0.12547
0.1676
0.19124
0.19163
0.18866
0.18622
0.18405
0.18349
0.18406
0.18617
0.18791
0.18879
0.19023
0.19277
0.19606
0.19597
0.18376
0.16212
0.14905
0.14705
0.14435
0.13921
0.13392
0.12926
0.12705
0.12594
0.1206
0.10842
0.08968
0.067675
0.051251
0.037807
0.012189
-0.022244
-0.042717
-0.045896
-0.045972
-0.045843
-0.044593
-0.042072
-0.035227
-0.024483
-0.012855
-0.0018075
0.0069257
0.012494
0.015857
0.017329
0.018149
0.018979
0.019561
0.019817
0.018629
0.015446
0.010337
0.0038025
-0.0018951
-0.0055865
-0.0069714
-0.0059777
-0.0044
-0.0032284
-0.0032863
-0.0047921
-0.0062868
-0.0080053
-0.011252
-0.015489
-0.019322
-0.024669
-0.036695
-0.053151
-0.062172
-0.061854
-0.060072
-0.058388
-0.056743
-0.055836
-0.055299
-0.055506
-0.056281
-0.05752
-0.059008
-0.059936
-0.058617
-0.054098
-0.046656
-0.037226
-0.029119
-0.023668
-0.020264
-0.019141
-0.019112
-0.018658
-0.014475
-0.004467
0.010304
0.026516
0.034668
0.032834
0.028663
0.023891
0.019345
0.016459
0.015364
0.016786
0.02015
0.025062
0.030894
0.037208
0.043229
0.046109
0.041015
0.029308
0.021064
0.017415
0.011082
0.0013287
-0.0092614
-0.019876
-0.028682
-0.03329
-0.03078
-0.022794
-0.018809
-0.020741
-0.023295
-0.025671
-0.027632
-0.029165
-0.030984
-0.031234
-0.026259
-0.017297
-0.012039
-0.011756
-0.011595
-0.01087
-0.01024
-0.0097047
-0.0097219
-0.010222
-0.011077
-0.012265
-0.013539
-0.014642
-0.015324
-0.016001
-0.018067
-0.021339
-0.023855
-0.025588
-0.02815
-0.031537
-0.034417
-0.03636
-0.037462
-0.0378
-0.037989
-0.038289
-0.038659
-0.03883
-0.037557
-0.034034
-0.027617
-0.018126
-0.0068186
0.0055775
0.017828
0.028565
0.036651
0.042083
0.047156
0.051817
0.053793
0.052842
0.050092
0.046031
0.041368
0.03669
0.032667
0.030258
0.030253
0.032267
0.033791
0.03437
0.035588
0.037504
0.039432
0.040711
0.039856
0.03595
0.02856
0.017599
0.0045041
-0.0098081
-0.024014
-0.036804
-0.046955
-0.053189
-0.055234
-0.053975
-0.053126
-0.053888
-0.054604
-0.054732
-0.052432
-0.046602
-0.037433
-0.025959
-0.016339
-0.0099719
-0.0051393
-0.0010731
0.0045721
0.012351
0.020271
0.027622
0.033264
0.036827
0.039606
0.04214
0.04524
0.049027
0.052148
0.054123
0.054573
0.05317
0.050181
0.045682
0.04014
0.033987
0.027835
0.022359
0.018168
0.015496
0.013578
0.01196
0.010004
0.0074625
0.0049351
0.0025435
0.00051888
-0.00073048
-0.00055867
0.0014382
0.0049929
0.0095787
0.013574
0.016194
0.017678
0.018217
0.019167
0.021068
0.023707
0.027019
0.029952
0.031635
0.031204
0.028937
0.027298
0.026537
0.024835
0.021938
0.018239
0.01382
0.008941
0.0037032
-0.0017718
-0.0072732
-0.012556
-0.017395
-0.021667
-0.025302
-0.028187
-0.029751
-0.029022
-0.026545
-0.025071
-0.025162
-0.025241
-0.025066
-0.024573
-0.023615
-0.022308
-0.020698
-0.019243
-0.018294
-0.018243
-0.019378
-0.021598
-0.024787
-0.028364
-0.031863
-0.034754
-0.036603
-0.037328
-0.036785
-0.035145
-0.032503
-0.029025
-0.024941
-0.020544
-0.016138
-0.012027
-0.0084966
-0.0057584
-0.0040425
-0.0035231
-0.0043531
-0.0065669
-0.010162
-0.014967
-0.020833
-0.02753
-0.034815
-0.042402
-0.049998
-0.057323
-0.064097
-0.070069
-0.07496
-0.078551
-0.080794
-0.082073
-0.082672
-0.083008
-0.083331
-0.083486
-0.083426
-0.083135
-0.08318
-0.084837
-0.087753
-0.089456
-0.089572
-0.089636
-0.089861
-0.090042
-0.090215
-0.090322
-0.090346
-0.090071
-0.089332
-0.088122
-0.086637
-0.085533
-0.084784
-0.083299
-0.080403
-0.075404
-0.068246
-0.060517
-0.053394
-0.048133
-0.04427
-0.038564
-0.031506
-0.027398
-0.026629
-0.02627
-0.025697
-0.025289
-0.024989
-0.024987
-0.025078
-0.024753
-0.023738
-0.021817
-0.018915
-0.015324
-0.011195
-0.006799
-0.0024112
0.0016894
0.0052191
0.0079732
0.0096945
0.010129
0.0090687
0.0064231
0.0021665
-0.0034869
-0.010376
-0.018235
-0.026782
-0.03569
-0.044612
-0.053214
-0.061159
-0.068158
-0.073909
-0.078185
-0.080845
-0.08202
-0.08183
-0.080581
-0.078491
-0.07572
-0.072491
-0.069221
-0.066562
-0.06508
-0.063816
-0.059325
-0.051043
-0.042053
-0.033885
-0.028164
-0.024594
-0.019103
-0.010922
-0.0017957
0.0079209
0.017249
0.025322
0.031365
0.035343
0.039197
0.043498
0.047738
0.05156
0.053703
0.05414
0.054364
0.05476
0.055157
0.05538
0.054472
0.052
0.048033
0.043014
0.038734
0.035926
0.034261
0.033634
0.033128
0.032625
0.03292
0.034287
0.037103
0.04153
0.047269
0.054264
0.062333
0.071271
0.080824
0.0907
0.1006
0.11022
0.11926
0.12745
0.13453
0.14031
0.14467
0.14736
0.14794
0.14608
0.14158
0.13443
0.12511
0.11398
0.1016
0.088544
0.075466
0.063022
0.051813
0.042445
0.035394
0.030999
0.029072
0.029259
0.030327
0.031259
0.030952
0.028697
0.025047
0.020504
0.016624
0.014055
0.012157
0.010699
0.0087695
0.0061434
0.0035235
0.0011078
-0.00076226
-0.0019498
-0.0027269
-0.0030803
-0.0029495
-0.0022097
-0.00051574
0.00223
0.0058825
0.010419
0.015752
0.021795
0.028441
0.035551
0.042978
0.050573
0.058188
0.065651
0.072794
0.079477
0.085617
0.091139
0.095881
0.099468
0.10159
0.10315
0.10706
0.11393
0.12142
0.12817
0.13214
0.13293
0.13294
0.13233
0.13011
0.12633
0.12135
0.11551
0.10932
0.10314
0.097345
0.092404
0.088726
0.086398
0.084697
0.083155
0.081207
0.078609
0.075947
0.073497
0.071692
0.070531
0.069041
0.066648
0.062682
0.05692
0.050208
0.042916
0.035716
0.029356
0.024527
0.021425
0.01888
0.016195
0.012528
0.007593
0.0024391
-0.0025777
-0.0067878
-0.0091833
-0.0087719
-0.0060422
-0.004166
-0.0036908
-0.0026425
-0.00093964
0.00066614
0.0017405
0.0016319
0.00028777
-0.001407
-0.0028477
-0.0030844
-0.0017066
0.00062545
0.0035348
0.0060665
0.0077333
0.0087559
0.009143
0.0093943
0.0096534
0.0097593
0.0098254
0.0099243
0.0099479
0.0093919
0.0079054
0.0052112
0.0012313
-0.0035129
-0.0087359
-0.013919
-0.018431
-0.02171
-0.023912
-0.026662
-0.030384
-0.034275
-0.037757
-0.039513
-0.039324
-0.038469
-0.037167
-0.035308
-0.033048
-0.030511
-0.027921
-0.025507
-0.023457
-0.021914
-0.02094
-0.020376
-0.020119
-0.01999
-0.019871
-0.019801
-0.01978
-0.019939
-0.020379
-0.021215
-0.022522
-0.024237
-0.026355
-0.02884
-0.031656
-0.034752
-0.038067
-0.041529
-0.045068
-0.048612
-0.052086
-0.055426
-0.05856
-0.061427
-0.063966
-0.066128
-0.067862
-0.069136
-0.069936
-0.070257
-0.070068
-0.069357
-0.068174
-0.066868
-0.065999
-0.065929
-0.065152
-0.05967
-0.050181
-0.043073
-0.038665
-0.032029
-0.023168
-0.015698
-0.010659
-0.007489
-0.0056954
-0.0035692
-0.0007126
0.0019916
0.0045269
0.0066635
0.0078274
0.0070378
0.004258
0.0011293
-0.0017534
-0.0044792
-0.0073645
-0.011652
-0.016845
-0.020727
-0.023819
-0.029104
-0.035834
-0.039193
-0.038334
-0.036191
-0.033674
-0.031561
-0.030165
-0.02847
-0.026446
-0.024356
-0.022447
-0.021377
-0.021138
-0.020999
-0.020808
-0.020723
-0.020672
-0.020519
-0.020118
-0.01934
-0.018154
-0.016837
-0.015733
-0.015194
-0.014665
-0.012081
-0.0070985
-0.0015546
0.0034427
0.006332
0.0068975
0.0072964
0.0078952
0.0082177
0.0084517
0.0086522
0.008686
0.0077506
0.0053586
0.0015051
-0.0033877
-0.0075693
-0.010319
-0.011914
-0.012391
-0.012549
-0.012621
-0.012369
-0.011909
-0.011285
-0.010568
-0.0098287
-0.0090944
-0.0083897
-0.0077422
-0.0071793
-0.006711
-0.0063341
-0.0061068
-0.0062131
-0.006778
-0.0078796
-0.009521
-0.011488
-0.013645
-0.015782
-0.017686
-0.019166
-0.02011
-0.020675
-0.02095
-0.021111
-0.021237
-0.021273
-0.021318
-0.021478
-0.021552
-0.020727
-0.018483
-0.014497
-0.0087875
-0.0025183
0.0034678
0.0081455
0.011183
0.013796
0.016345
0.018886
0.021151
0.021748
0.020371
0.017838
0.014661
0.011954
0.010155
0.0086986
0.0073771
0.0055492
0.0030818
0.00057304
-0.0018735
-0.0040132
-0.0052547
-0.0045641
-0.0017819
0.0016131
0.0046223
0.0058655
0.004825
0.0026733
-0.00035712
-0.0038998
-0.0073626
-0.010129
-0.011955
-0.013688
-0.01578
-0.018647
-0.022176
-0.025044
-0.026911
-0.028235
-0.029244
-0.030658
-0.032697
-0.03501
-0.037575
-0.040243
-0.042872
-0.04532
-0.047447
-0.049172
-0.050256
-0.050234
-0.048862
-0.046331
-0.043109
-0.040443
-0.03865
-0.03671
-0.034078
-0.029881
-0.02398
-0.017691
-0.011705
-0.0069496
-0.0039346
-0.0021284
-0.0013385
-0.00088242
-0.00044975
-0.00025885
-0.00018511
-0.00018945
-0.00022009
-0.00022887
-0.00024085
-0.00033847
-0.00058739
-0.0010461
-0.0017435
-0.002635
-0.0037095
-0.0049304
-0.0062554
-0.007637
-0.0090186
-0.010348
-0.011582
-0.012677
-0.013569
-0.014196
-0.014594
-0.015006
-0.015587
-0.016462
-0.017655
-0.018923
-0.020156
-0.021211
-0.021873
-0.021825
-0.020821
-0.018775
-0.015695
-0.011966
-0.0078506
-0.0037504
-0.00012516
0.0026022
0.0043489
0.0058924
0.0077035
0.010308
0.013857
0.017576
0.021134
0.024063
0.025909
0.026405
0.025331
0.023098
0.020239
0.017859
0.016227
0.014173
0.011058
0.0059962
-0.001135
-0.0087878
-0.016087
-0.021879
-0.02557
-0.027953
-0.029361
-0.030682
-0.032284
-0.033689
-0.034917
-0.035848
-0.036414
-0.036656
-0.036539
-0.036137
-0.035492
-0.034668
-0.033737
-0.032793
-0.031967
-0.031392
-0.031024
-0.030423
-0.029291
-0.027314
-0.024359
-0.02075
-0.016622
-0.012235
-0.0078453
-0.0037263
-0.00022534
0.0023613
0.0039968
0.0052716
0.0065769
0.0083873
0.010918
0.013764
0.016811
0.019796
0.022435
0.024466
0.025755
0.026613
0.027237
0.027962
0.02897
0.030133
0.031493
0.03303
0.034722
0.036537
0.038414
0.040295
0.042125
0.043847
0.045401
0.046744
0.047842
0.048676
0.049183
0.04924
0.048774
0.047768
0.046247
0.044386
0.042281
0.040144
0.038336
0.037245
0.036503
0.034183
0.029226
0.021472
0.011725
0.0035447
-0.0018396
-0.0055793
-0.0081381
-0.01137
-0.01574
-0.020013
-0.023924
-0.02693
-0.028801
-0.029932
-0.030437
-0.030736
-0.031018
-0.031156
-0.031224
-0.031243
-0.031233
-0.031223
-0.03124
-0.031329
-0.031375
-0.030955
-0.029785
-0.027641
-0.024467
-0.020693
-0.016565
-0.012477
-0.0088474
-0.0060627
-0.0042945
-0.0030843
-0.0021425
-0.00099704
0.00058966
0.0024012
0.004463
0.0067052
0.0090513
0.011408
0.013652
0.015673
0.017361
0.01865
0.019451
0.019673
0.019265
0.018249
0.016678
0.01474
0.012598
0.010466
0.0085561
0.0070501
0.0060905
0.0056784
0.0058394
0.0064867
0.0075509
0.008813
0.009896
0.010435
0.010974
0.013563
0.01855
0.024096
0.029095
0.031981
0.032537
0.032928
0.033542
0.033901
0.034126
0.034193
0.03416
0.033948
0.033444
0.032571
0.03133
0.029971
0.028662
0.027608
0.02693
0.026521
0.026336
0.026222
0.026114
0.026059
0.02603
0.026015
0.026006
0.025998
0.025992
0.025986
0.025974
0.025944
0.025922
0.026024
0.026329
0.026901
0.027752
0.028764
0.029866
0.030956
0.031924
0.032674
0.033149
0.033424
0.033544
0.033604
0.03366
0.033683
0.033682
0.033653
0.033629
0.033724
0.034005
0.034535
0.035329
0.036274
0.037287
0.03827
0.039178
0.039999
0.040517
0.040161
0.038597
0.035928
0.032626
0.030039
0.028284
0.02569
0.021422
0.01492
0.0067392
-7.3631e-05
-0.004537
-0.0075092
-0.0093109
-0.011318
-0.01378
-0.015651
-0.016812
-0.017282
-0.017059
-0.016389
-0.015283
-0.013696
-0.011664
-0.0092253
-0.006428
-0.0033286
2.0414e-05
0.003561
0.0072326
0.010973
0.01472
0.018409
0.021975
0.025349
0.028476
0.031317
0.033837
0.035981
0.037635
0.038701
0.039418
0.040579
0.042383
0.044287
0.045997
0.047042
0.047416
0.047895
0.048627
0.049392
0.050201
0.051017
0.05185
0.05265
0.053227
0.053418
0.053662
0.055369
0.058787
0.062605
0.06604
0.068021
0.068394
0.068661
0.069094
0.069351
0.069497
0.069502
0.069477
0.069552
0.069592
0.069047
0.067521
0.064637
0.060223
0.054637
0.048023
0.04069
0.032973
0.02526
0.017949
0.011343
0.0057015
0.0012872
-0.0012319
-0.00096141
0.0014859
0.003245
0.0037737
0.0048973
0.0067996
0.0087887
0.0099526
0.008361
0.0038291
-0.0013245
-0.0059493
-0.008987
-0.010352
-0.012136
-0.014521
-0.01637
-0.017572
-0.018352
-0.018963
-0.019918
-0.02133
-0.022747
-0.023771
-0.024124
-0.024866
-0.028758
-0.035035
-0.038407
-0.038
-0.036973
-0.03598
-0.035188
-0.034736
-0.033891
-0.03244
-0.029986
-0.026364
-0.021999
-0.017025
-0.011751
-0.0064754
-0.0015261
0.0026822
0.0058015
0.0077762
0.009263
0.010648
0.0123
0.014299
0.015954
0.016994
0.01722
0.01647
0.014934
0.012706
0.010166
0.00769
0.005698
0.0044064
0.0035133
0.0028692
0.0021297
0.0011422
9.6661e-05
-0.0010063
-0.0020678
-0.0029506
-0.0035347
-0.0039672
-0.0049219
-0.0065379
-0.0082959
-0.0098806
-0.010796
-0.010984
-0.011117
-0.011319
-0.011444
-0.011525
-0.011546
-0.011538
-0.011534
-0.011546
-0.011571
-0.011572
-0.011497
-0.011463
-0.011919
-0.01318
-0.01553
-0.019079
-0.02346
-0.028492
-0.033851
-0.039212
-0.044233
-0.048522
-0.051758
-0.0538
-0.054993
-0.055557
-0.055867
-0.056139
-0.056263
-0.056311
-0.056301
-0.056287
-0.056395
-0.056694
-0.057239
-0.058041
-0.058997
-0.060045
-0.061082
-0.061997
-0.062688
-0.063137
-0.063555
-0.064079
-0.064889
-0.066081
-0.067528
-0.069167
-0.070849
-0.072454
-0.073979
-0.075545
-0.077148
-0.077695
-0.074789
-0.068986
-0.06463
-0.062051
-0.058026
-0.052584
-0.047992
-0.044882
-0.042836
-0.041458
-0.03956
-0.036801
-0.033715
-0.030329
-0.026817
-0.023318
-0.020016
-0.017223
-0.015218
-0.013945
-0.0126
-0.010723
-0.008071
-0.0047878
-0.0020642
-0.0002945
0.00075394
0.0011356
0.0013702
0.0015753
0.001619
0.0017587
0.0021722
0.002226
-1.4774e-05
-0.0048595
-0.010334
-0.015264
-0.018129
-0.018684
-0.019093
-0.019739
-0.020129
-0.020369
-0.020419
-0.020395
-0.020399
-0.020412
-0.020362
-0.020201
-0.019895
-0.01943
-0.018842
-0.018141
-0.017363
-0.016542
-0.015716
-0.014936
-0.014241
-0.013653
-0.01318
-0.012892
-0.012968
-0.013536
-0.014691
-0.016461
-0.018672
-0.02122
-0.023936
-0.026654
-0.029199
-0.031376
-0.033021
-0.034063
-0.034679
-0.034977
-0.035146
-0.03528
-0.035325
-0.035364
-0.035469
-0.035515
-0.035003
-0.033611
-0.031154
-0.027661
-0.023841
-0.02014
-0.017114
-0.015195
-0.014415
-0.014866
-0.016246
-0.018342
-0.020815
-0.023276
-0.025318
-0.026639
-0.027274
-0.027199
-0.026609
-0.0256
-0.024201
-0.022529
-0.020713
-0.018891
-0.017192
-0.015733
-0.014606
-0.013905
-0.013689
-0.013995
-0.014764
-0.015914
-0.017233
-0.018528
-0.019577
-0.020254
-0.020665
-0.020856
-0.020973
-0.02108
-0.021132
-0.021164
-0.021189
-0.021201
-0.02115
-0.020993
-0.020692
-0.020226
-0.019635
-0.018935
-0.01816
-0.017344
-0.016526
-0.015747
-0.015046
-0.014457
-0.014014
-0.013754
-0.013665
-0.013628
-0.013273
-0.012376
-0.010831
-0.0086449
-0.0062582
-0.0039523
-0.0020677
-0.00087163
-0.00037306
-0.00064833
-0.0015854
-0.0031389
-0.0052776
-0.0079152
-0.010944
-0.014242
-0.017681
-0.021133
-0.024459
-0.027509
-0.030169
-0.032396
-0.034205
-0.035331
-0.035009
-0.032827
-0.028976
-0.02413
-0.020203
-0.017567
-0.014453
-0.010007
-0.0033955
0.0049092
0.011769
0.016245
0.019225
0.021088
0.023354
0.026403
0.029324
0.03197
0.033987
0.035228
0.035971
0.036291
0.036475
0.036647
0.036716
0.036738
0.036726
0.036705
0.036716
0.036778
0.036909
0.037121
0.037402
0.037752
0.038163
0.038624
0.039127
0.03966
0.040208
0.040757
0.041292
0.041801
0.042272
0.042691
0.043044
0.043333
0.043566
0.043702
0.0436
0.043173
0.042382
0.041243
0.039982
0.038773
0.037828
0.037214
0.036661
0.036025
0.035111
0.033878
0.032599
0.031354
0.030257
0.02958
0.029873
0.03151
0.034602
0.039061
0.044009
0.048797
0.052647
0.05511
0.056587
0.057239
0.057617
0.057963
0.058101
0.058169
0.058242
0.05825
0.057802
0.056607
0.054434
0.051226
0.047422
0.043278
0.039184
0.035526
0.03263
0.030795
0.030062
0.030473
0.031792
0.033816
0.036195
0.038554
0.040493
0.04174
0.042378
0.042415
0.042055
0.041382
0.040356
0.039039
0.037486
0.035758
0.033914
0.032006
0.030097
0.028248
0.026509
0.024924
0.023543
0.022433
0.021656
0.021162
0.020659
0.019946
0.018826
0.017218
0.015355
0.013351
0.011386
0.0096211
0.0081768
0.0072641
0.0071709
0.0081037
0.010119
0.013181
0.016905
0.021012
0.025096
0.028733
0.031549
0.033337
0.034387
0.034865
0.035123
0.03535
0.035446
0.035482
0.035476
0.035449
0.035428
0.035417
0.035432
0.035431
0.035261
0.034808
0.033957
0.032657
0.031013
0.029073
0.026926
0.024667
0.022401
0.020238
0.018284
0.016655
0.015444
0.014689
0.014261
0.014036
0.013827
0.013683
0.014121
0.015419
0.01775
0.021083
0.024734
0.028238
0.031035
0.032838
0.033996
0.034506
0.034332
0.033348
0.031144
0.027689
0.023367
0.018385
0.013086
0.0077881
0.0028286
-0.0014078
-0.0046017
-0.0066202
-0.0078386
-0.008506
-0.0090178
-0.0095995
-0.010127
-0.010671
-0.011242
-0.011846
-0.012478
-0.01311
-0.013721
-0.014302
-0.014835
-0.015243
-0.015433
-0.015573
-0.016361
-0.018236
-0.021476
-0.026069
-0.031087
-0.035917
-0.03981
-0.042298
-0.043694
-0.044088
-0.043984
-0.043625
-0.042929
-0.04205
-0.041113
-0.040272
-0.039675
-0.039292
-0.038754
-0.03786
-0.036529
-0.034862
-0.033463
-0.032554
-0.032022
-0.031839
-0.031722
-0.031592
-0.031538
-0.031518
-0.031523
-0.031542
-0.031571
-0.031591
-0.031518
-0.031291
-0.030845
-0.030145
-0.029241
-0.028147
-0.026902
-0.025553
-0.024156
-0.022757
-0.021383
-0.020075
-0.018929
-0.018131
-0.017767
-0.0173
-0.015391
-0.012361
-0.010711
-0.01084
-0.011304
-0.011908
-0.012801
-0.013957
-0.015433
-0.017138
-0.018951
-0.020808
-0.022662
-0.024467
-0.02617
-0.027716
-0.02906
-0.030145
-0.030919
-0.03141
-0.031807
-0.032244
-0.032864
-0.033731
-0.034717
-0.035772
-0.036803
-0.037725
-0.038469
-0.038941
-0.039049
-0.03873
-0.03801
-0.036943
-0.035733
-0.034553
-0.0336
-0.032992
-0.032633
-0.032483
-0.032401
-0.032317
-0.032277
-0.032279
-0.032353
-0.032397
-0.032063
-0.031136
-0.029486
-0.027129
-0.024546
-0.022059
-0.020066
-0.018795
-0.018035
-0.017707
-0.017521
-0.017348
-0.017277
-0.017253
-0.017261
-0.017284
-0.017301
-0.017314
-0.01733
-0.017347
-0.017364
-0.017374
-0.017376
-0.017394
-0.017461
-0.017495
-0.017186
-0.016334
-0.014814
-0.01263
-0.010228
-0.0079298
-0.0061416
-0.0049935
-0.0039519
-0.0027201
-0.00088961
0.0016577
0.0043453
0.0068421
0.0087207
0.0099616
0.011344
0.013031
0.014754
0.016314
0.017192
0.017375
0.017483
0.017638
0.01772
0.017776
0.017814
0.01781
0.017577
0.016961
0.015822
0.014107
0.011993
0.0095666
0.0069828
0.0043954
0.0019692
-0.00010041
-0.0016465
-0.0026273
-0.0033126
-0.0038865
-0.0045944
-0.0055422
-0.0065416
-0.0075538
-0.0085501
-0.0095791
-0.010613
-0.011011
-0.0094824
-0.0064482
-0.0046827
-0.0046465
-0.0046464
-0.0044131
-0.0041135
-0.0038946
-0.0044389
-0.0059971
-0.0084897
-0.011623
-0.01428
-0.016036
-0.017175
-0.01779
-0.018467
-0.019385
-0.020306
-0.021269
-0.022236
-0.023185
-0.024081
-0.024847
-0.025428
-0.025799
-0.026021
-0.02613
-0.026194
-0.026253
-0.026287
-0.026306
-0.026316
-0.026325
-0.026336
-0.026348
-0.02636
-0.026371
-0.026383
-0.026394
-0.026405
-0.026417
-0.026429
-0.026443
-0.026458
-0.02647
-0.026486
-0.02651
-0.026531
-0.026528
-0.026499
-0.026523
-0.026708
-0.026818
-0.02594
-0.023554
-0.019671
-0.014826
-0.010906
-0.0082968
-0.0054765
-0.0017286
0.0037705
0.010691
0.016432
0.020162
0.022334
0.023089
0.023584
0.024142
0.024407
0.024523
0.024528
0.024489
0.024461
0.024443
0.024429
0.024411
0.024394
0.024381
0.024371
0.02436
0.024348
0.024336
0.024325
0.024315
0.024304
0.024291
0.024275
0.024262
0.024264
0.02426
0.024171
0.023937
0.023508
0.022869
0.022084
0.021185
0.020227
0.019265
0.018364
0.017595
0.017023
0.016657
0.016373
0.016088
0.015696
0.015145
0.014504
0.013787
0.013032
0.012276
0.011567
0.010959
0.010505
0.010215
0.0099961
0.009784
0.0094921
0.0090745
0.008571
0.0079787
0.0073167
0.0066019
0.0058528
0.0051011
0.0043772
0.0037108
0.0031242
0.0026306
0.0022312
0.0019824
0.0020517
0.0025501
0.0035458
0.0050397
0.0068336
0.0088079
0.010773
0.012513
0.013829
0.014664
0.015342
0.016054
0.017035
0.018366
0.01975
0.021054
0.022081
0.022728
0.023116
0.023283
0.023376
0.023456
0.023478
0.02349
0.023534
0.023546
0.023238
0.022402
0.020849
0.018509
0.015619
0.012306
0.0087781
0.00524
0.0019171
-0.00090736
-0.0029883
-0.0043114
-0.0054004
-0.0065677
-0.008059
-0.0098673
-0.011339
-0.01229
-0.012844
-0.01304
-0.013176
-0.013329
-0.013408
-0.01345
-0.013466
-0.013473
-0.01348
-0.013491
-0.013515
-0.013533
-0.01347
-0.013275
-0.012899
-0.012325
-0.011626
-0.010833
-0.0099794
-0.0090839
-0.0082061
-0.0075351
-0.0072946
-0.0071082
-0.0054186
-0.0013755
0.0050668
0.013222
0.020158
0.024707
0.027406
0.028376
0.029012
0.029719
0.030053
0.030208
0.030248
0.030219
0.030027
0.029558
0.028744
0.027584
0.026313
0.025097
0.02414
0.023524
0.023041
0.022575
0.021914
0.020966
0.019842
0.018544
0.017128
0.015648
0.014164
0.012734
0.011429
0.010363
0.0096534
0.0091916
0.0083916
0.0068707
0.0043276
0.00070802
-0.0032295
-0.0068988
-0.0096075
-0.011461
-0.014085
-0.017822
-0.021805
-0.025389
-0.027214
-0.027056
-0.026262
-0.025086
-0.023446
-0.021538
-0.019529
-0.017693
-0.016274
-0.015382
-0.014864
-0.014628
-0.0145
-0.014389
-0.014349
-0.014341
-0.014349
-0.014365
-0.014379
-0.014394
-0.014407
-0.014418
-0.014429
-0.014439
-0.01445
-0.01446
-0.014471
-0.014482
-0.014492
-0.014503
-0.014513
-0.014523
-0.014534
-0.014547
-0.014562
-0.014573
-0.014576
-0.014588
-0.014638
-0.014669
-0.014456
-0.013835
-0.012662
-0.010881
-0.008678
-0.0061463
-0.0034496
-0.00075052
0.0017777
0.003934
0.0055505
0.0065655
0.0071971
0.0075956
0.0079826
0.008476
0.0089914
0.0095625
0.010184
0.01083
0.011456
0.012016
0.012529
0.013084
0.013695
0.013845
0.0124
0.0097597
0.0084287
0.0089076
0.0098925
0.011215
0.012854
0.014681
0.016598
0.018357
0.019722
0.020579
0.021074
0.021297
0.02142
0.021528
0.021571
0.021582
0.02157
0.021553
0.021556
0.021555
0.021443
0.021144
0.020582
0.019724
0.01864
0.017359
0.015943
0.014452
0.012958
0.011535
0.010253
0.0091803
0.0083691
0.007859
0.0076539
0.0077588
0.0081342
0.0087405
0.0095063
0.010359
0.011213
0.011981
0.012587
0.012967
0.013105
0.012979
0.012601
0.011982
0.011142
0.010117
0.0089473
0.007673
0.0063456
0.0050177
0.003738
0.0025524
0.0015076
0.00065367
2.5396e-05
-0.00037528
-0.00062122
-0.00074384
-0.00075205
-0.00064391
-0.00036087
9.991e-05
0.00069223
0.0013966
0.0021734
0.0029895
0.0038086
0.0045952
0.0053101
0.0058929
0.0062873
0.0065378
0.0068936
0.0075243
0.0085917
0.01015
0.011977
0.013961
0.01592
0.017663
0.019014
0.019869
0.020369
0.020591
0.02071
0.020819
0.020863
0.020871
0.020857
0.020847
0.020869
0.020874
0.020685
0.02019
0.019322
0.018081
0.016716
0.015416
0.014412
0.013754
0.013089
0.012247
0.011075
0.0095719
0.0082322
0.0074135
0.0075704
0.0087617
0.010187
0.011443
0.012181
0.0123
0.012403
0.012579
0.012678
0.012737
0.01275
0.012739
0.012693
0.012585
0.012383
0.012067
0.011657
0.011152
0.010556
0.0098757
0.0091208
0.0083043
0.0074419
0.0065493
0.0056392
0.0047269
0.003828
0.0029623
0.0021525
0.0014056
0.00071123
5.9216e-05
-0.00050987
-0.00085848
-0.00087559
-0.0010247
-0.0026431
-0.005913
-0.0094788
-0.012735
-0.015258
-0.017214
-0.020039
-0.02372
-0.026792
-0.028799
-0.029702
-0.029462
-0.028558
-0.027103
-0.025093
-0.022685
-0.020058
-0.017407
-0.014933
-0.012824
-0.011235
-0.010234
-0.0096565
-0.0093912
-0.0092521
-0.0091332
-0.0090863
-0.0090742
-0.0090835
-0.009098
-0.0090862
-0.0090343
-0.0089244
-0.008749
-0.0085141
-0.0082182
-0.0078669
-0.0074679
-0.0070288
-0.0065589
-0.0060677
-0.0055641
-0.0050587
-0.0045651
-0.0040913
-0.0036447
-0.0032388
-0.0028839
-0.0025819
-0.0023363
-0.0021521
-0.0020435
-0.0020414
-0.0021701
-0.0028875
-0.0033692
-0.0039733
-0.0046822
-0.0054645
-0.006284
-0.0071041
-0.0078864
-0.0085957
-0.0091958
-0.0096579
-0.0099577
-0.010088
-0.010044
-0.0098293
-0.0094558
-0.0089465
-0.0083265
-0.0076302
-0.0068905
-0.0061485
-0.005454
-0.0048425
-0.0043233
-0.0038901
-0.0036414
-0.0038607
-0.004719
-0.0062894
-0.0085305
-0.010999
-0.013377
-0.01528
-0.016487
-0.0172
-0.017507
-0.017696
-0.017857
-0.017801
-0.017508
-0.01692
-0.01602
-0.014893
-0.013576
-0.012131
-0.010621
-0.0091078
-0.0076502
-0.0063291
-0.0052871
-0.0046377
-0.0041679
-0.0031209
-0.0013313
0.00061848
0.0023534
0.0032322
0.003123
0.002705
0.0020821
0.0011411
-7.1083e-05
-0.0015343
-0.0031712
-0.0048995
-0.0066656
-0.0084208
-0.010111
-0.011684
-0.013087
-0.01428
-0.015233
-0.015931
-0.016318
-0.016276
-0.015722
-0.014606
-0.012928
-0.010844
-0.008467
-0.0059563
-0.003463
-0.0011463
0.00081343
0.0022702
0.0031714
0.0037112
0.0040166
0.0042832
0.00462
0.0049597
0.0053301
0.0057305
0.006157
0.0066
0.0070387
0.0074552
0.0078287
0.0081418
0.0083763
0.0085213
0.0085765
0.0085678
0.0085121
0.0084358
0.0083539
0.0082593
0.0081577
0.0080548
0.0079517
0.0078456
0.007737
0.0076286
0.007521
0.0074112
0.0073001
0.0071896
0.0070784
0.0069665
0.0068524
0.006737
0.0066196
0.0064997
0.006385
0.0062863
0.0061761
0.0059446
0.0055164
0.0048244
0.0038482
0.0026822
0.0013767
1.2495e-05
-0.0013363
-0.0025872
-0.0036291
-0.0043652
-0.0048271
-0.0053242
-0.0060274
-0.0070189
-0.0082364
-0.0092223
-0.009824
-0.010125
-0.010144
-0.010082
-0.0099953
-0.0098244
-0.0095958
-0.0093192
-0.0090103
-0.0086821
-0.0083386
-0.0079837
-0.0076207
-0.0072538
-0.0068865
-0.0065232
-0.0061691
-0.0058302
-0.0055087
-0.0052064
-0.0049285
-0.0046783
-0.0044579
-0.0042699
-0.0041151
-0.0039928
-0.0039033
-0.003838
-0.003789
-0.0037469
-0.0037058
-0.0036668
-0.0036293
-0.0035932
-0.0035566
-0.0035181
-0.0034786
-0.0034387
-0.0033998
-0.0033618
-0.0033229
-0.0032779
-0.0032346
-0.0032244
-0.0032684
-0.0033872
-0.003588
-0.0038477
-0.0041549
-0.0044901
-0.0048344
-0.0051685
-0.0054739
-0.0057314
-0.0059138
-0.0059958
-0.0060012
-0.0060608
-0.0062614
-0.0066776
-0.007328
-0.0080911
-0.0089056
-0.0096771
-0.010309
-0.010718
-0.010867
-0.010854
-0.010738
-0.01062
-0.010549
-0.01049
-0.010453
-0.010434
-0.010426
-0.010421
-0.010404
-0.010364
-0.010287
-0.010166
-0.0099949
-0.0097695
-0.0094791
-0.0090984
-0.0086123
-0.0080106
-0.0072948
-0.0064964
-0.0056345
-0.0047389
-0.0038398
-0.0029669
-0.0021474
-0.0014054
-0.0007703
-0.00026906
0.00011641
0.00049649
0.00094432
0.0015356
0.0023015
0.0031762
0.0041378
0.0051412
0.0061418
0.007096
0.0079583
0.0086893
0.0092499
0.009614
0.0097827
0.0098163
0.0097561
0.0096572
0.0095502
0.0094237
0.0092886
0.0091492
0.009008
0.0088677
0.0087285
0.0085907
0.0084541
0.0083182
0.0081829
0.0080479
0.0079137
0.0077808
0.0076488
0.0075178
0.0073875
0.0072581
0.0071297
0.0070023
0.0068757
0.0067503
0.0066258
0.0065024
0.00638
0.0062584
0.006138
0.0060191
0.0059012
0.0057812
0.0056567
0.0055255
0.0053872
0.0052441
0.0050965
0.0049452
0.0047917
0.0046372
0.0044826
0.0043295
0.0041788
0.004032
0.0038897
0.0037527
0.0036217
0.0034975
0.0033806
0.0032713
0.00317
0.0030767
0.0029915
0.0029143
0.0028451
0.0027833
0.0027285
0.0026806
0.0026392
0.0026038
0.0025732
0.0025458
0.0025202
0.0024947
0.0024686
0.0024422
0.0024155
0.0023882
0.0023601
0.0023312
0.0023017
0.0022714
0.0022405
0.0022088
0.0021765
0.0021435
0.0021099
0.0020756
0.0020406
0.002005
0.0019688
0.001932
0.0018945
0.0018564
0.0018178
0.0017786
0.0017387
0.0016983
0.0016574
0.0016159
0.0015739
0.0015312
0.0014881
0.0014454
0.0014035
0.0013627
0.0013229
0.0012833
0.0012435
0.001203
0.0011614
0.0011184
0.0010737
0.0010272
0.00097886
0.00092858
0.00087645
0.00082265
0.00076735
0.00071077
0.00065321
0.00059521
0.00053709
0.00047917
0.00042158
0.00036429
0.00030731
0.00025067
0.00019438
0.00013844
8.2805e-05
2.7328e-05
-2.8032e-05
-8.3258e-05
-0.00013828
-0.00019294
-0.00024716
-0.00030092
-0.00035419
-0.00040702
-0.00045948
-0.00051169
-0.00056375
-0.00061569
-0.00066753
-0.00071925
-0.00077084
-0.0008223
-0.00087364
-0.00092485
-0.00097594
-0.0010269
-0.0010778
-0.0011286
-0.0011792
-0.0012298
-0.0012803
-0.0013307
-0.001381
-0.0014312
-0.0014812
-0.0015312
-0.001581
-0.0016307
-0.0016802
-0.0017296
-0.0017789
-0.0018279
-0.0018768
-0.0019255
