-0.00019836
-0.0001989
-0.00019947
-0.00019984
-0.00019985
-0.00019957
-0.00019942
-0.00019942
-0.00019937
-0.00019894
-0.000198
-0.00019639
-0.00019457
-0.00019329
-0.00019238
-0.0001918
-0.00019189
-0.00019291
-0.00019759
-0.00020395
-0.00020814
-0.0002082
-0.00020473
-0.00019796
-0.00018986
-0.00018462
-0.00018277
-0.00018008
-0.00017362
-0.00016109
-0.00014305
-0.00012513
-0.00011816
-0.00012188
-0.0001345
-0.00015081
-0.00015918
-0.00016036
-0.00015344
-0.00013528
-0.00010625
-7.368e-05
-5.3173e-05
-4.2074e-05
-4.024e-05
-5.1271e-05
-7.4472e-05
-0.00010161
-0.00011486
-0.00011938
-0.00011899
-0.00011031
-9.1213e-05
-5.8917e-05
-1.7982e-05
1.9857e-05
5.3912e-05
9.9866e-05
0.00016329
0.00023115
0.00027306
0.00029219
0.00028861
0.00025897
0.00021229
0.00017446
0.00015967
0.00016443
0.00019337
0.00025387
0.00034331
0.00043621
0.00048473
0.00048997
0.00045108
0.00036623
0.00025709
0.00013925
2.1908e-05
-8.7344e-05
-0.00018118
-0.0002202
-0.00022438
-0.0002148
-0.00020172
-0.00020338
-0.0002364
-0.00031365
-0.00043049
-0.00054566
-0.00058104
-0.00053847
-0.00042721
-0.00027041
-0.00012814
5.305e-06
0.00010296
0.00015325
0.00018118
0.00020656
0.00023325
0.00025331
0.00024989
0.00020413
0.00010651
-2.7222e-05
-0.00014014
-0.00019245
-0.00020088
-0.00019079
-0.00018093
-0.00019916
-0.00027764
-0.00043936
-0.00067345
-0.00091123
-0.0011367
-0.0013266
-0.0014426
-0.0014995
-0.0015011
-0.0014234
-0.001246
-0.00098906
-0.00073632
-0.0005066
-0.00030538
-7.12e-05
0.00026389
0.00064921
0.0010761
0.0014778
0.0016796
0.001518
0.0010096
0.00032859
-0.00036934
-0.00097504
-0.0014122
-0.0016773
-0.0018112
-0.0018932
-0.0019977
-0.0021438
-0.0023035
-0.0023982
-0.0023178
-0.0021673
-0.0021062
-0.0021592
-0.0023469
-0.0026853
-0.0031169
-0.0035851
-0.0040507
-0.0043634
-0.0044523
-0.0042963
-0.0039406
-0.0034569
-0.0029738
-0.0025619
-0.0022038
-0.0018783
-0.0016461
-0.0015619
-0.0015591
-0.001557
-0.0014993
-0.0013341
-0.001037
-0.00065532
-0.00032989
-4.2153e-05
0.00026573
0.00051409
0.00068444
0.000917
0.001348
0.0019784
0.0026529
0.0032768
0.0036802
0.0037382
0.0033955
0.0027213
0.0018621
0.00096075
0.00024357
-0.00013741
-9.7941e-05
0.00036951
0.0011718
0.0020692
0.0028958
0.0035391
0.0038594
0.0039486
0.0039721
0.0040173
0.0041677
0.0044819
0.0049488
0.0054158
0.0055838
0.0053922
0.0049772
0.0044952
0.0038792
0.0030738
0.0023135
0.0017406
0.0015466
0.00177
0.0022836
0.0028914
0.0032101
0.0030528
0.0023547
0.0010834
-0.00051104
-0.0021384
-0.0035958
-0.0046883
-0.0053209
-0.0056415
-0.0057316
-0.0054767
-0.004733
-0.0034794
-0.0020054
-0.00082475
-0.00015052
0.0001703
0.00020101
1.416e-05
-0.0001094
-7.0975e-05
2.9201e-06
-6.8379e-06
-0.00024692
-0.00084897
-0.0017847
-0.0027506
-0.0034161
-0.0035444
-0.0029601
-0.0019291
-0.00073622
0.0003793
0.0012481
0.0017291
0.0016747
0.0012486
0.00059803
2.869e-05
-6.7817e-05
0.00046799
0.0016096
0.0031703
0.0049189
0.0067247
0.008375
0.0096207
0.010226
0.010381
0.010504
0.010847
0.011597
0.012757
0.014032
0.015067
0.015541
0.01507
0.013641
0.011376
0.0085417
0.0055498
0.0028586
0.00063981
-0.00092337
-0.0018969
-0.0023518
-0.0022944
-0.0017484
-0.00069754
0.00068352
0.0022346
0.0037936
0.0049438
0.0056198
0.005767
0.0052003
0.0041896
0.0030069
0.0016744
0.00033143
-0.00091608
-0.0018226
-0.002209
-0.0019464
-0.0013267
-0.00070692
-0.00062619
-0.0013975
-0.0027111
-0.0040571
-0.0049274
-0.0053738
-0.0056246
-0.0056482
-0.0055662
-0.0055532
-0.0054242
-0.0050205
-0.0042608
-0.0032331
-0.0022045
-0.0012751
-0.0006032
-0.00046045
-0.00048545
-0.00045093
-0.00017287
0.00054877
0.0017406
0.0031283
0.0042116
0.0047969
0.0044437
0.0033377
0.0015924
-0.00087944
-0.0037476
-0.0061221
-0.0075995
-0.0079197
-0.0071315
-0.0055897
-0.0039019
-0.0029911
-0.0031505
-0.0042114
-0.006042
-0.0082131
-0.010125
-0.011044
-0.010651
-0.0091114
-0.0066146
-0.0036735
-0.00075577
0.0013325
0.0022777
0.0020665
0.0010583
-0.00039824
-0.0016277
-0.0019482
-0.00091692
0.00092487
0.0028606
0.0048651
0.0072163
0.0098797
0.012432
0.014619
0.016226
0.017073
0.016235
0.013629
0.0094779
0.0048513
0.00055875
-0.0031951
-0.0060125
-0.0077812
-0.0088866
-0.0093604
-0.0092055
-0.0082372
-0.0068
-0.0049774
-0.0033231
-0.0018768
-0.00021515
0.0013383
0.0029916
0.0042971
0.0052813
0.0054582
0.0050745
0.0042468
0.0031642
0.0023204
0.0013515
0.0004186
2.8102e-05
-2.7692e-05
4.2689e-05
0.00013945
0.00013874
-0.00010087
-0.00069831
-0.0016374
-0.0026048
-0.002978
-0.0027484
-0.001882
-0.00036614
0.0015141
0.0038688
0.0062534
0.0082684
0.0098277
0.011058
0.011601
0.011505
0.010741
0.0091671
0.0069961
0.0045238
0.0022866
0.00071336
-5.7097e-05
-0.00032444
-0.00013943
0.00061695
0.0019685
0.0036289
0.0048542
0.0053592
0.0055232
0.0055637
0.0055982
0.0056969
0.0058559
0.0059842
0.0058943
0.0053537
0.0041998
0.0025578
0.00098715
-7.6107e-05
-0.00039162
0.00021911
0.0018864
0.0044598
0.0071905
0.0095439
0.011358
0.012605
0.013255
0.013303
0.012963
0.012484
0.011729
0.010448
0.0083299
0.0053095
0.0014695
-0.0027247
-0.0065826
-0.0095508
-0.011261
-0.01151
-0.010483
-0.0086108
-0.0065755
-0.0049736
-0.0039238
-0.0030647
-0.0021537
-0.0014034
-0.0010131
-0.00096158
-0.0012776
-0.00208
-0.0033146
-0.0046511
-0.0060135
-0.0072678
-0.008401
-0.0093031
-0.0093657
-0.0084215
-0.006742
-0.0048259
-0.0030693
-0.0018161
-0.0011852
-0.0010627
-0.0014905
-0.002651
-0.0045609
-0.0067957
-0.008782
-0.010397
-0.01186
-0.013336
-0.014851
-0.016554
-0.018412
-0.020346
-0.022033
-0.023322
-0.023982
-0.024176
-0.024557
-0.025593
-0.027586
-0.030443
-0.03382
-0.037468
-0.040933
-0.043747
-0.045861
-0.047247
-0.047748
-0.047562
-0.046922
-0.046045
-0.045381
-0.045156
-0.045171
-0.04544
-0.046003
-0.046781
-0.04753
-0.048
-0.048282
-0.048517
-0.048612
-0.048336
-0.047374
-0.045517
-0.042881
-0.039683
-0.035897
-0.031545
-0.026708
-0.021398
-0.015792
-0.010136
-0.0045307
0.00099006
0.006466
0.012036
0.017743
0.023371
0.028716
0.033567
0.037811
0.041313
0.043531
0.044566
0.044457
0.043197
0.041002
0.037739
0.033462
0.028535
0.022835
0.015866
0.0075666
-0.0019513
-0.012403
-0.023384
-0.034418
-0.044833
-0.054125
-0.061952
-0.067855
-0.07125
-0.071544
-0.068273
-0.060867
-0.049353
-0.034185
-0.016389
0.0021498
0.019465
0.034499
0.046786
0.055909
0.062291
0.066518
0.068887
0.069736
0.069135
0.067086
0.063762
0.059847
0.05594
0.052431
0.049544
0.047405
0.046354
0.045888
0.046111
0.046755
0.046941
0.046971
0.046928
0.04685
0.046779
0.046747
0.046834
0.046999
0.046574
0.045545
0.044091
0.04262
0.041005
0.03971
0.038753
0.038591
0.038959
0.039712
0.040682
0.04142
0.042386
0.04351
0.044292
0.044459
0.043894
0.042247
0.039422
0.035909
0.032072
0.0284
0.025169
0.022399
0.020346
0.019164
0.018589
0.017674
0.015905
0.01303
0.0087731
0.0033986
-0.0027358
-0.0093589
-0.016013
-0.021843
-0.026034
-0.028156
-0.027695
-0.024182
-0.017239
-0.0070855
0.0056221
0.019819
0.034522
0.048907
0.06207
0.073613
0.083564
0.091806
0.098085
0.10215
0.10391
0.10326
0.10032
0.095441
0.088804
0.08071
0.071642
0.061696
0.050497
0.038096
0.024738
0.010776
-0.0035713
-0.018324
-0.03317
-0.047802
-0.061628
-0.074384
-0.085652
-0.095045
-0.10257
-0.10802
-0.11131
-0.11228
-0.11083
-0.10681
-0.10041
-0.092093
-0.082543
-0.072624
-0.063125
-0.054773
-0.048183
-0.043781
-0.041767
-0.042188
-0.044738
-0.048751
-0.053502
-0.058291
-0.062593
-0.065773
-0.067028
-0.065895
-0.062482
-0.056644
-0.048161
-0.037407
-0.025352
-0.013061
-0.0014804
0.0084247
0.016054
0.021189
0.023344
0.022787
0.020185
0.016123
0.011207
0.0060966
0.001324
-0.0029055
-0.0065862
-0.0098047
-0.012667
-0.015026
-0.016705
-0.017769
-0.018445
-0.0188
-0.019629
-0.021539
-0.024725
-0.028774
-0.033362
-0.038432
-0.043825
-0.04922
-0.054563
-0.05996
-0.065204
-0.070189
-0.07495
-0.079225
-0.082541
-0.084873
-0.086084
-0.086077
-0.084703
-0.081853
-0.07782
-0.072742
-0.066784
-0.060158
-0.052946
-0.04512
-0.036796
-0.028069
-0.018698
-0.0088675
0.0012368
0.011306
0.020734
0.029124
0.036021
0.040881
0.043365
0.043256
0.040821
0.036029
0.029591
0.022162
0.014385
0.0068895
-8.9282e-06
-0.0052839
-0.009234
-0.012053
-0.013683
-0.013797
-0.012329
-0.0092435
-0.0048741
0.00028411
0.0058072
0.011472
0.017168
0.022482
0.027267
0.031378
0.034746
0.037534
0.039814
0.041608
0.043024
0.04416
0.045041
0.045523
0.045578
0.045341
0.044695
0.043592
0.041579
0.038235
0.033674
0.027991
0.021727
0.015561
0.0096005
0.0036974
-0.0021749
-0.0080052
-0.013012
-0.016519
-0.018708
-0.019857
-0.020333
-0.020518
-0.02045
-0.02005
-0.019227
-0.018048
-0.01681
-0.015422
-0.013865
-0.011957
-0.0096046
-0.006679
-0.0028067
0.0022424
0.0083825
0.015259
0.022562
0.029783
0.036626
0.0433
0.049917
0.056248
0.062277
0.067702
0.072593
0.076662
0.079821
0.082154
0.084002
0.085335
0.085731
0.085072
0.083369
0.080685
0.077028
0.072363
0.066995
0.061642
0.057045
0.053745
0.052234
0.052137
0.052667
0.052676
0.050767
0.045752
0.038396
0.030044
0.022577
0.016427
0.011691
0.0082952
0.006116
0.0051484
0.0054619
0.0068143
0.0089221
0.011676
0.014876
0.018419
0.022054
0.025527
0.02871
0.031379
0.033255
0.034391
0.034653
0.03432
0.033381
0.031908
0.030264
0.028309
0.026371
0.024508
0.022261
0.019354
0.015899
0.012157
0.0081509
0.0040129
-0.00015987
-0.0042409
-0.0080613
-0.01163
-0.014725
-0.01727
-0.019137
-0.019974
-0.020233
-0.020305
-0.020345
-0.020517
-0.020954
-0.021719
-0.022676
-0.0235
-0.024517
-0.025855
-0.027216
-0.028647
-0.029973
-0.031084
-0.031799
-0.032155
-0.032278
-0.032007
-0.031088
-0.029352
-0.026939
-0.024072
-0.020663
-0.016728
-0.012681
-0.0091545
-0.006408
-0.004098
-0.0021863
-0.00093806
-0.00038278
-0.00069082
-0.0017634
-0.0034376
-0.0052812
-0.0074558
-0.0099341
-0.012346
-0.014605
-0.016582
-0.018315
-0.019642
-0.02027
-0.02043
-0.020179
-0.019388
-0.018066
-0.016445
-0.014512
-0.012449
-0.010496
-0.0085465
-0.0069627
-0.0061777
-0.0061882
-0.0068825
-0.0082753
-0.010141
-0.012285
-0.014763
-0.017322
-0.019698
-0.021911
-0.023649
-0.024904
-0.025803
-0.026129
-0.02625
-0.026296
-0.026271
-0.026221
-0.026181
-0.026276
-0.02659
-0.027197
-0.028036
-0.028881
-0.029704
-0.03067
-0.031594
-0.031992
-0.032076
-0.032059
-0.032019
-0.032107
-0.032468
-0.033217
-0.034269
-0.035298
-0.036317
-0.037324
-0.037829
-0.037649
-0.036948
-0.035869
-0.034768
-0.033881
-0.033127
-0.032569
-0.03194
-0.03084
-0.029228
-0.027394
-0.025583
-0.024077
-0.022838
-0.02191
-0.021487
-0.022043
-0.022978
-0.023759
-0.024867
-0.026233
-0.027404
-0.028613
-0.029569
-0.030404
-0.030939
-0.030611
-0.029702
-0.02862
-0.027025
-0.024856
-0.022228
-0.019444
-0.016754
-0.014315
-0.012181
-0.010176
-0.0079082
-0.0056367
-0.003509
-0.0013334
0.0012283
0.0038617
0.0067108
0.0096639
0.012473
0.014948
0.016875
0.018261
0.019374
0.020105
0.020807
0.021703
0.02256
0.022935
0.023032
0.023082
0.023164
0.023413
0.023887
0.024544
0.025141
0.025577
0.025742
0.025743
0.025845
0.026315
0.027388
0.029127
0.031204
0.033469
0.036163
0.039354
0.04259
0.045533
0.047963
0.049892
0.051247
0.051662
0.051137
0.049858
0.048014
0.045517
0.042553
0.039545
0.036608
0.033736
0.030978
0.028385
0.025943
0.023556
0.021231
0.019143
0.017198
0.015277
0.013559
0.012165
0.010984
0.010004
0.0094497
0.0096998
0.010707
0.012064
0.013614
0.015384
0.017181
0.018766
0.01969
0.020085
0.020284
0.020281
0.019974
0.019251
0.018106
0.016788
0.015437
0.013976
0.012436
0.010712
0.0087991
0.006467
0.0037521
0.00089199
-0.0020482
-0.0049935
-0.0078377
-0.010437
-0.012672
-0.014546
-0.016129
-0.017216
-0.017738
-0.018084
-0.018262
-0.018467
-0.01947
-0.020837
-0.022156
-0.023535
-0.024712
-0.025825
-0.026813
-0.028046
-0.029397
-0.030462
-0.03129
-0.031486
-0.030971
-0.030051
-0.028998
-0.027863
-0.026631
-0.025665
-0.024608
-0.023655
-0.023416
-0.023571
-0.024088
-0.024926
-0.025757
-0.026054
-0.026202
-0.026327
-0.026396
-0.026384
-0.026179
-0.025671
-0.024801
-0.023759
-0.022946
-0.02194
-0.020798
-0.019926
-0.018859
-0.017623
-0.016196
-0.014435
-0.012683
-0.010964
-0.0093275
-0.0079085
-0.0064249
-0.0049638
-0.0032925
-0.0015138
0.00047263
0.002287
0.0037411
0.0050926
0.0061458
0.0071298
0.0079195
0.0080136
0.0075937
0.0069258
0.0063121
0.0058256
0.0051905
0.004322
0.0034377
0.0030437
0.0032072
0.0037504
0.0045182
0.0051536
0.0054292
0.0054907
0.0055375
0.0057132
0.0061411
0.0068631
0.0077043
0.0082585
0.0085766
0.0089133
0.0092789
0.0095997
0.0099887
0.01026
0.010175
0.0096902
0.0091338
0.0088163
0.0086309
0.0084831
0.0084131
0.00854
0.0090283
0.010027
0.01151
0.013337
0.015403
0.017706
0.020029
0.021699
0.022339
0.022069
0.021284
0.020346
0.019332
0.018046
0.016759
0.015719
0.014956
0.014809
0.015353
0.016437
0.017782
0.019217
0.020742
0.022247
0.023699
0.024922
0.025759
0.025813
0.025242
0.024108
0.022618
0.02116
0.019679
0.018525
0.017698
0.017412
0.01731
0.017256
0.017237
0.017225
0.017231
0.017263
0.017317
0.017361
0.01732
0.017105
0.016633
0.015927
0.015189
0.014723
0.014436
0.014014
0.013307
0.012312
0.011235
0.010025
0.0085015
0.0069501
0.0050381
0.0030588
0.00083066
-0.0015778
-0.0037436
-0.0055866
-0.0072433
-0.0085801
-0.0093934
-0.010097
-0.010567
-0.010349
-0.0095811
-0.0088771
-0.0078058
-0.0063622
-0.0049705
-0.0033738
-0.0019319
-0.00045852
0.00066885
0.0015918
0.0020224
0.0021879
0.002318
0.0024339
0.0025128
0.0024109
0.0019596
0.0010002
-0.00039211
-0.0018761
-0.0034749
-0.0048637
-0.0059555
-0.0063772
-0.006218
-0.005588
-0.0045434
-0.0034195
-0.0023837
-0.0015009
-0.0011016
-0.00094317
-0.00079677
-0.00064795
-0.00052687
-0.00059227
-0.0010504
-0.0021078
-0.0037157
-0.0054865
-0.0073385
-0.0086958
-0.0092542
-0.0094342
-0.0094644
-0.009473
-0.0095738
-0.0098815
-0.010467
-0.01126
-0.012021
-0.012779
-0.013855
-0.015279
-0.016699
-0.01819
-0.019459
-0.020507
-0.021068
-0.021259
-0.021342
-0.021376
-0.021401
-0.021425
-0.021446
-0.021441
-0.021402
-0.021364
-0.021408
-0.021629
-0.022103
-0.022839
-0.023646
-0.024105
-0.024281
-0.024478
-0.02483
-0.025427
-0.026219
-0.026912
-0.027297
-0.027493
-0.027627
-0.027723
-0.02776
-0.02766
-0.0273
-0.026574
-0.02552
-0.024389
-0.023052
-0.021401
-0.019531
-0.017501
-0.015129
-0.012274
-0.0091418
-0.0057097
-0.0021559
0.00129
0.0047975
0.00846
0.012076
0.015487
0.018438
0.020754
0.022454
0.023666
0.024213
0.024137
0.023694
0.023067
0.022639
0.022961
0.023915
0.024905
0.025857
0.026741
0.027498
0.028348
0.02938
0.030348
0.031329
0.032353
0.032982
0.033146
0.03293
0.032224
0.031051
0.029661
0.027983
0.026033
0.023926
0.021956
0.020506
0.0195
0.018687
0.017728
0.016472
0.015178
0.014058
0.013128
0.012389
0.011534
0.010605
0.0096905
0.0085908
0.0072114
0.005675
0.0040147
0.002277
0.00058251
-0.0011327
-0.0029333
-0.0046942
-0.0065217
-0.0084025
-0.010433
-0.012604
-0.014555
-0.016359
-0.018195
-0.020039
-0.021968
-0.023975
-0.025766
-0.02749
-0.029179
-0.030594
-0.03182
-0.032897
-0.033648
-0.033977
-0.034139
-0.034133
-0.033844
-0.033183
-0.032163
-0.031053
-0.029977
-0.028813
-0.027685
-0.026587
-0.025597
-0.024741
-0.02375
-0.022782
-0.021828
-0.020563
-0.01913
-0.017628
-0.015965
-0.014181
-0.012244
-0.010308
-0.008069
-0.0053723
-0.0025207
0.00041022
0.0033749
0.0062713
0.0090016
0.011457
0.013587
0.015485
0.017229
0.018665
0.019777
0.020596
0.020893
0.020738
0.020386
0.020105
0.020287
0.020854
0.021253
0.02143
0.021461
0.021242
0.020695
0.019821
0.018838
0.01793
0.016707
0.015254
0.013861
0.012379
0.011042
0.0097591
0.0087172
0.0076988
0.0068351
0.0061196
0.0054089
0.0049782
0.0051915
0.0059157
0.0064776
0.0063655
0.0058143
0.0049857
0.0042302
0.0039413
0.0038043
0.0037107
0.0036469
0.0036031
0.0036349
0.0038323
0.0042886
0.0050029
0.0057789
0.0062816
0.0065049
0.0066491
0.0066945
0.0065588
0.0061703
0.0054411
0.0044393
0.0033506
0.002125
0.00075234
-0.00030874
-0.0013111
-0.0019844
-0.0022532
-0.0023502
-0.0022333
-0.0018088
-0.0010099
4.5877e-05
0.0010637
0.0025676
0.0044989
0.0061646
0.0075966
0.0091478
0.010532
0.01203
0.013427
0.01503
0.016619
0.01844
0.020181
0.021925
0.023663
0.025168
0.026737
0.027941
0.028916
0.029297
0.029482
0.029608
0.029625
0.029489
0.029111
0.028457
0.027653
0.027046
0.02664
0.026103
0.02537
0.024602
0.024121
0.023538
0.022549
0.021174
0.01972
0.018051
0.016382
0.014727
0.013489
0.012786
0.012454
0.012169
0.011666
0.010866
0.009895
0.0091504
0.0083849
0.0075401
0.0069238
0.0065667
0.0061695
0.0055629
0.0047717
0.0040409
0.0033209
0.0022812
0.00088606
-0.00056316
-0.0022168
-0.0038755
-0.0055811
-0.0069759
-0.0080371
-0.0093674
-0.011132
-0.013008
-0.015021
-0.017138
-0.019034
-0.020733
-0.022588
-0.024393
-0.026167
-0.027919
-0.029467
-0.031004
-0.032247
-0.033222
-0.033753
-0.034194
-0.034806
-0.035531
-0.036145
-0.036606
-0.036711
-0.036529
-0.036217
-0.035882
-0.035328
-0.03489
-0.034666
-0.034306
-0.034063
-0.033973
-0.033961
-0.034034
-0.034213
-0.034498
-0.034777
-0.034897
-0.03497
-0.034863
-0.034568
-0.034354
-0.034164
-0.033792
-0.033184
-0.032423
-0.031794
-0.031472
-0.031276
-0.030988
-0.03052
-0.029905
-0.029334
-0.028884
-0.028651
-0.028555
-0.028354
-0.027911
-0.027191
-0.02639
-0.025945
-0.025809
-0.025681
-0.025407
-0.024862
-0.024029
-0.023108
-0.022226
-0.021284
-0.020377
-0.019587
-0.018742
-0.017854
-0.017256
-0.016825
-0.016249
-0.015454
-0.014301
-0.013083
-0.012059
-0.011472
-0.011279
-0.011239
-0.011277
-0.011311
-0.011249
-0.010987
-0.010461
-0.0097061
-0.0089327
-0.0081876
-0.0072179
-0.005926
-0.0045811
-0.0031748
-0.0017635
-0.00030064
0.0011737
0.0027074
0.0042264
0.0057063
0.0069851
0.0079597
0.0085185
0.0088542
0.0093476
0.010172
0.011301
0.012426
0.013568
0.014721
0.015777
0.016768
0.017535
0.018264
0.019239
0.020342
0.021411
0.022391
0.023132
0.0236
0.024164
0.024897
0.025626
0.0262
0.02677
0.027546
0.028418
0.029005
0.029169
0.029226
0.02931
0.029514
0.029923
0.030508
0.031079
0.031495
0.031787
0.032041
0.032295
0.032384
0.032429
0.03249
0.032556
0.032601
0.032553
0.032321
0.031828
0.031097
0.030333
0.029721
0.029109
0.028322
0.027502
0.026816
0.026126
0.025316
0.024607
0.024224
0.024025
0.023745
0.023266
0.022582
0.021862
0.021273
0.020672
0.019882
0.019024
0.018469
0.018348
0.018342
0.018319
0.018163
0.017747
0.017036
0.016185
0.015606
0.015457
0.015418
0.015314
0.014997
0.014319
0.013297
0.012189
0.011104
0.0098819
0.0086145
0.0072688
0.0059496
0.0047983
0.0037388
0.0027041
0.0014101
5.4884e-05
-0.0011547
-0.0022062
-0.0030241
-0.0037783
-0.0042348
-0.0041533
-0.0037844
-0.0036524
-0.004051
-0.0046904
-0.0051245
-0.0053331
-0.0053873
-0.0052122
-0.004769
-0.0041442
-0.0035654
-0.0032248
-0.0032161
-0.0035282
-0.003837
-0.0040092
-0.0041399
-0.0041908
-0.0041023
-0.0038421
-0.0034155
-0.0029411
-0.0026961
-0.0028521
-0.0033235
-0.0040219
-0.0047175
-0.0052099
-0.0056596
-0.0063244
-0.0071964
-0.0079917
-0.0083779
-0.0083293
-0.0079353
-0.0072339
-0.0064502
-0.0057827
-0.0051019
-0.0042765
-0.0035108
-0.0030522
-0.0028391
-0.0027212
-0.0027258
-0.0029338
-0.0034224
-0.0041897
-0.005054
-0.0058371
-0.0066475
-0.0075426
-0.0082446
-0.0087049
-0.0092842
-0.010054
-0.010837
-0.01147
-0.012094
-0.012893
-0.013739
-0.014489
-0.015275
-0.016181
-0.01693
-0.017445
-0.018035
-0.01864
-0.018926
-0.018673
-0.018151
-0.017709
-0.017452
-0.017415
-0.017372
-0.017137
-0.016549
-0.015542
-0.014299
-0.013115
-0.012124
-0.01134
-0.01061
-0.0097879
-0.0090744
-0.0086726
-0.0084177
-0.0080537
-0.0074822
-0.0067259
-0.0060175
-0.005576
-0.0052367
-0.004714
-0.0039147
-0.0028949
-0.0017073
-0.00018927
0.0016578
0.0036999
0.0057715
0.0073786
0.0084467
0.0091727
0.0098172
0.010645
0.011558
0.012155
0.012441
0.012599
0.012594
0.012339
0.01176
0.01089
0.0099635
0.0091247
0.0083024
0.0075927
0.0070619
0.006804
0.0067587
0.0067518
0.0066713
0.0064039
0.0058595
0.0050669
0.0042423
0.0034742
0.0025703
0.0014914
0.00052616
-0.00040016
-0.0013677
-0.0020284
-0.0024544
-0.0029015
-0.003379
-0.0037585
-0.0041087
-0.0045566
-0.0050355
-0.0053293
-0.0054519
-0.005514
-0.0055519
-0.0055931
-0.0056477
-0.0056986
-0.0057351
-0.0057232
-0.0056154
-0.0053734
-0.0050077
-0.0046358
-0.0044742
-0.004389
-0.0042449
-0.003986
-0.0036001
-0.003202
-0.003021
-0.0029589
-0.002923
-0.002891
-0.0028384
-0.0027703
-0.0027278
-0.0027911
-0.0030294
-0.0035119
-0.0041631
-0.0047471
-0.0052749
-0.0056012
-0.0058339
-0.0060099
-0.0059922
-0.0056259
-0.0051928
-0.0047114
-0.0042647
-0.0041251
-0.004211
-0.0044485
-0.0047392
-0.0049167
-0.005158
-0.0052007
-0.0051668
-0.0051765
-0.0052781
-0.0055519
-0.0059435
-0.0062466
-0.0061465
-0.0058588
-0.0055225
-0.0053053
-0.0049425
-0.0043141
-0.0034415
-0.0026032
-0.0023212
-0.0022116
-0.0021497
-0.0021384
-0.0021293
-0.0021231
-0.0021131
-0.0021227
-0.0021504
-0.0021584
-0.0021195
-0.0020051
-0.0017392
-0.0013154
-0.00084335
-0.00055116
-0.00020604
0.00022666
0.00060075
0.00069706
0.00074372
0.00086966
0.0011826
0.0017653
0.0025221
0.0031393
0.0036269
0.0038467
0.0038913
0.0037805
0.0034644
0.0029698
0.0024247
0.001983
0.0015093
0.0011236
0.00098865
0.00093582
0.00092242
0.00094286
0.00094469
0.00090199
0.00082825
0.0007615
0.00075787
0.00087297
0.0011623
0.0016326
0.0021648
0.0026188
0.0031021
0.0034809
0.0035846
0.0036161
0.0036498
0.0037013
0.0037473
0.003728
0.0035756
0.0032492
0.0027592
0.0022823
0.0019901
0.0017517
0.0016325
0.0018048
0.0022075
0.002635
0.0031038
0.0034392
0.0035502
0.003598
0.0036294
0.0036653
0.0037359
0.0038663
0.004037
0.0041627
0.0041077
0.0039625
0.0038948
0.0037123
0.0033012
0.0026782
0.0020123
0.0014615
0.0010978
0.00097951
0.00095514
0.00096732
0.00098725
0.00097853
0.00092331
0.00084205
0.00081084
0.00092804
0.0012877
0.001915
0.0026667
0.003154
0.003028
0.0024231
0.0017994
0.0015049
0.0015128
0.0016201
0.0017102
0.0018614
0.0021564
0.0022623
0.0020615
0.0017568
0.0015242
0.0013692
0.0010612
0.00048628
-0.00032229
-0.001111
-0.0015874
-0.0017612
-0.0017131
-0.0013892
-0.00076058
5.6355e-05
0.00074149
0.0012285
0.0018666
0.0026777
0.0034092
0.0038151
0.0039657
0.0040357
0.0040659
0.0040787
0.0040875
0.0040918
0.0040819
0.0040504
0.0040035
0.0039729
0.004018
0.0042149
0.004621
0.0052084
0.0058038
0.0062956
0.0067119
0.0071039
0.0076773
0.0084455
0.009176
0.0096147
0.0098266
0.0099675
0.010028
0.0099473
0.0096441
0.0090632
0.0082756
0.007577
0.0072007
0.007004
0.0068629
0.006799
0.0068802
0.0072056
0.0078382
0.0086948
0.0094411
0.0098076
0.0098348
0.0095916
0.0090769
0.0083962
0.0078776
0.0080281
0.0086958
0.0092434
0.0093078
0.0088979
0.0081503
0.0073181
0.0065506
0.0056781
0.0046511
0.0037348
0.0027863
0.0016347
0.00054462
-0.00054825
-0.0017071
-0.0028587
-0.0040566
-0.005117
-0.0061061
-0.0070586
-0.0075726
-0.0077007
-0.0077317
-0.0077925
-0.0080044
-0.0084662
-0.009181
-0.0099695
-0.01045
-0.010729
-0.011139
-0.011771
-0.012563
-0.013232
-0.013576
-0.01372
-0.013813
-0.01389
-0.013959
-0.013985
-0.013888
-0.013574
-0.013013
-0.012298
-0.01171
-0.011399
-0.011163
-0.010772
-0.010143
-0.0093556
-0.0087232
-0.0084382
-0.008343
-0.0082381
-0.0079994
-0.0075362
-0.0068755
-0.0062213
-0.0056815
-0.0053919
-0.0053318
-0.0053604
-0.0053984
-0.005349
-0.0051309
-0.0047017
-0.0040946
-0.0034898
-0.002919
-0.002398
-0.0018362
-0.0011342
-0.00045733
0.0001192
0.00048229
0.00062969
0.00062257
0.000417
-1.9532e-05
-0.00061391
-0.0011455
-0.0015624
-0.0018023
-0.0016135
-0.0010774
-0.00053297
-9.0436e-05
0.0001673
0.00034779
0.00068048
0.0012601
0.0020201
0.0026542
0.0029583
0.0030414
0.0027234
0.0019526
0.0011115
0.00077457
0.0010429
0.0017192
0.0025682
0.0031174
0.0033462
0.0034367
0.0033675
0.0030817
0.0025629
0.0018956
0.0013175
0.00088639
0.00065035
0.0004848
0.00014471
-0.00048391
-0.0013455
-0.0021312
-0.0025795
-0.0027183
-0.002566
-0.0020606
-0.0012308
-0.00034106
8.6987e-05
-1.1812e-05
-0.0004378
-0.00104
-0.001486
-0.0015018
-0.0012681
-0.0010072
-0.00061762
-0.00014887
0.00018602
0.00029452
0.00032487
0.00032816
0.00035476
0.00048865
0.00078993
0.0012684
0.0018522
0.0025183
0.0030967
0.0033329
0.0034747
0.0035739
0.0035782
0.0034431
0.0031061
0.0025497
0.0019016
0.0014506
0.0011883
0.00087906
0.00058399
0.00012151
-0.00054084
-0.0012093
-0.0017327
-0.0020495
-0.0021243
-0.0021245
-0.0021664
-0.0023451
-0.0027531
-0.0033763
-0.0040464
-0.0046187
-0.0050517
-0.005281
-0.0053915
-0.0053468
-0.0050717
-0.0045164
-0.0037396
-0.0030142
-0.0026126
-0.0024672
-0.0024023
-0.0023738
-0.0023682
-0.0024108
-0.0025723
-0.0029112
-0.0034122
-0.00393
-0.0044005
-0.0048925
-0.0052364
-0.0053343
-0.0053045
-0.0051677
-0.0049494
-0.0047633
-0.004793
-0.0049995
-0.0052295
-0.0053742
-0.0051197
-0.0044895
-0.0036012
-0.0027622
-0.0020877
-0.0013018
-0.00049842
5.3624e-05
0.00047149
0.0010627
0.0018503
0.0026197
0.0030581
0.0031861
0.0032922
0.0035193
0.0039505
0.0046161
0.0053224
0.0057862
0.006109
0.0065977
0.007329
0.0081687
0.0086888
0.0084643
0.0078296
0.007093
0.0066027
0.0064132
0.0063059
0.0062361
0.0061923
0.0062033
0.0063352
0.0066746
0.0072475
0.0079367
0.0085378
0.0090232
0.009226
0.0092588
0.0091041
0.0086582
0.0079184
0.0070596
0.0064734
0.0062653
0.0061641
0.0061296
0.0061326
0.0061384
0.0061415
0.0061378
0.0061323
0.0061243
0.0061131
0.0060936
0.006066
0.006038
0.0060274
0.0060219
0.0060199
0.0060244
0.0060356
0.006051
0.0060632
0.0060605
0.0060313
0.005974
0.0059093
0.0058917
0.0060071
0.0063505
0.0069676
0.0077542
0.0083899
0.0087823
0.0091727
0.0096665
0.01016
0.010401
0.010411
0.010147
0.0095399
0.0090656
0.0084881
0.007565
0.0064153
0.0053725
0.0042343
0.0030323
0.0017882
0.0003842
-0.00088952
-0.0021446
-0.0031905
-0.004242
-0.0052132
-0.0055727
-0.0054462
-0.0049279
-0.0041064
-0.0032444
-0.0024058
-0.0014209
-0.00039753
0.00053764
0.0014545
0.0021819
0.0025493
0.0026938
0.0027551
0.0027619
0.0027343
0.0026914
0.0026668
0.002712
0.0028959
0.0032688
0.0037972
0.0043136
0.0048131
0.0052547
0.0053479
0.0050221
0.0043636
0.0035283
0.0028735
0.0022874
0.0014936
0.00056219
-0.0002007
-0.00094495
-0.0018938
-0.0028849
-0.0038161
-0.0047902
-0.0057055
-0.006423
-0.0070757
-0.0076689
-0.0079086
-0.0076818
-0.0073249
-0.0071891
-0.0071053
-0.0069329
-0.0067422
-0.0065271
-0.0064543
-0.0064256
-0.006405
-0.006404
-0.0064139
-0.0064375
-0.006465
-0.0064853
-0.0064905
-0.0064924
-0.0064915
-0.0064902
-0.0064882
-0.0064878
-0.0064885
-0.0064914
-0.0064945
-0.0064967
-0.0064941
-0.0064849
-0.006468
-0.0064489
-0.0064364
-0.0064444
-0.0064812
-0.0065406
-0.0065674
-0.0064532
-0.0060956
-0.0054433
-0.004568
-0.0037731
-0.0031322
-0.002341
-0.0014586
-0.00069402
9.0556e-05
0.0011087
0.0021918
0.0030911
0.0040763
0.0048884
0.0052043
0.0053821
0.0054943
0.0054949
0.0053489
0.0050395
0.0046139
0.0042394
0.0042607
0.0048095
0.0052156
0.0053556
0.0054405
0.0054785
0.0054841
0.0054618
0.0054242
0.0053699
0.0053211
0.0053075
0.005379
0.0055438
0.0057939
0.006041
0.00612
0.0059618
0.0057743
0.0054595
0.0053184
0.0052422
0.0051689
0.0051081
0.0048803
0.004064
0.0028635
0.0016509
0.000647
-2.1083e-05
-0.00038716
-0.00082769
-0.0015057
-0.0023534
-0.0031075
-0.0038301
-0.0048165
-0.0059194
-0.0067407
-0.0077017
-0.0087243
-0.0093789
-0.010147
-0.011051
-0.011783
-0.012422
-0.013252
-0.014164
-0.014755
-0.014977
-0.015102
-0.015187
-0.015223
-0.015175
-0.014977
-0.01457
-0.013998
-0.013396
-0.012635
-0.012369
-0.012289
-0.012207
-0.012164
-0.012128
-0.012144
-0.01224
-0.012433
-0.012672
-0.012828
-0.012729
-0.012704
-0.012468
-0.012349
-0.012121
-0.011582
-0.010713
-0.0096845
-0.0089239
-0.0080547
-0.0071786
-0.006709
-0.0062865
-0.0056835
-0.0049529
-0.004318
-0.0037995
-0.0035561
-0.0034802
-0.0034582
-0.0034608
-0.0034442
-0.0033911
-0.0033021
-0.003225
-0.003243
-0.0034726
-0.0040028
-0.0048239
-0.0056737
-0.0060626
-0.0061843
-0.0062329
-0.006268
-0.0063842
-0.0066425
-0.0070369
-0.0074889
-0.0082239
-0.0088515
-0.0091456
-0.0092552
-0.009202
-0.0089422
-0.0084554
-0.00783
-0.0072762
-0.0067271
-0.00621
-0.0055318
-0.004632
-0.0037558
-0.0029549
-0.0020619
-0.001223
-0.00087592
-0.00074041
-0.00054381
-0.00016325
0.00047412
0.0012598
0.0018619
0.0022011
0.002528
0.0029795
0.0035332
0.0040273
0.0044792
0.0049047
0.0051198
0.0052023
0.0053755
0.005779
0.0064874
0.0073967
0.0081762
0.0089215
0.0097983
0.010609
0.011256
0.011934
0.012722
0.013392
0.013823
0.014231
0.014809
0.015508
0.016082
0.016397
0.016326
0.015948
0.01555
0.015136
0.014676
0.014311
0.013941
0.013383
0.012672
0.012042
0.011601
0.01113
0.010454
0.0096403
0.0089758
0.0086433
0.0085219
0.0084753
0.0084622
0.00845
0.0084207
0.0083778
0.0083533
0.0084009
0.0085849
0.0089434
0.0094276
0.009869
0.010289
0.010727
0.011021
0.011116
0.011174
0.011247
0.011338
0.011416
0.011405
0.011199
0.010715
0.0099795
0.0092399
0.0090106
0.0095138
0.01034
0.011003
0.01127
0.0113
0.011064
0.010516
0.009756
0.0090586
0.0086904
0.0085312
0.0082983
0.0078342
0.0071064
0.0062641
0.0054601
0.0045919
0.0036303
0.002922
0.0026203
0.0024568
0.002434
0.002638
0.0028758
0.0028566
0.0026267
0.0022233
0.0017835
0.0015978
0.0018151
0.0022768
0.0025399
0.0022215
0.0016006
0.00098383
0.00059706
0.00032535
-0.00010193
-0.0007582
-0.0015598
-0.0021904
-0.0025554
-0.0029766
-0.003513
-0.004019
-0.0044635
-0.0049225
-0.0052267
-0.0053078
-0.0053442
-0.005411
-0.0055935
-0.0059526
-0.0064578
-0.0069423
-0.0073297
-0.0076831
-0.007868
-0.0079097
-0.0080854
-0.0083206
-0.0084034
-0.0084412
-0.0084788
-0.0085151
-0.0085588
-0.0085997
-0.0086345
-0.0086617
-0.0086846
-0.0087143
-0.0087531
-0.0087885
-0.008817
-0.0088421
-0.0088576
-0.0088651
-0.0088866
-0.0089315
-0.0090127
-0.0091189
-0.0091898
-0.0091435
-0.0088889
-0.0083769
-0.0076675
-0.0070098
-0.0066365
-0.0064007
-0.0060177
-0.0053871
-0.0045716
-0.0038589
-0.0033197
-0.0026559
-0.0019355
-0.0014826
-0.0015433
-0.0019074
-0.0020566
-0.0015776
-0.00065418
0.00022803
0.0012336
0.0020264
0.0021552
0.0018964
0.0013434
0.00065887
9.5618e-05
-0.00031702
-0.00044639
-0.00046428
-0.00047232
-0.00048098
-0.0005111
-0.00055938
-0.00063061
-0.00068655
-0.00065942
-0.00044797
5.6964e-05
0.00086066
0.0017431
0.0023348
0.0025828
0.0026323
0.0024389
0.0019499
0.0012079
0.00045139
4.9064e-05
-1.8743e-05
-2.5417e-05
-0.00012959
-0.00047053
-0.0011167
-0.0019928
-0.0027224
-0.0029612
-0.0030462
-0.0030865
-0.0030809
-0.0030675
-0.0030507
-0.0030343
-0.0030105
-0.0029801
-0.0029269
-0.0028742
-0.0028754
-0.0030139
-0.0033653
-0.0039441
-0.0046095
-0.0051541
-0.005563
-0.005718
-0.0057764
-0.0058048
-0.0057995
-0.0057798
-0.0057743
-0.0057797
-0.0057816
-0.0057836
-0.0057781
-0.005771
-0.0057622
-0.0057589
-0.0057234
-0.0056763
-0.0056372
-0.0056056
-0.0055931
-0.00559
-0.0055876
-0.0055889
-0.0055883
-0.005589
-0.0055872
-0.0055868
-0.0055849
-0.0055858
-0.0055864
-0.0055901
-0.0055915
-0.0055912
-0.0055812
-0.0055622
-0.0055339
-0.0055086
-0.0054666
-0.0054501
-0.0054619
-0.0055115
-0.0055903
-0.0056608
-0.0056374
-0.0054079
-0.0048653
-0.0040019
-0.0030569
-0.002494
-0.0019054
-0.0012695
-0.00081464
-0.00031511
0.00014348
0.00029751
0.0003602
0.00039829
0.00041222
0.00042223
0.00042735
0.00042662
0.00041182
0.00038321
0.00035071
0.00034121
0.0003927
0.00054033
0.0007885
0.0010747
0.0012258
0.00099836
0.00057061
0.00026796
5.9186e-05
-5.1668e-06
0.00018417
0.00026463
0.00026018
0.00026586
0.00035806
0.00065912
0.0012416
0.0020194
0.0027249
0.0033193
0.0039875
0.0047718
0.0054277
0.0058547
0.0062831
0.0069037
0.0076746
0.0083354
0.0087378
0.0090729
0.0095074
0.010028
0.010504
0.010967
0.011435
0.011713
0.011807
0.011823
0.011808
0.01179
0.011788
0.011817
0.011882
0.01196
0.011997
0.011904
0.011587
0.010994
0.010199
0.0094795
0.0091194
0.0090408
0.0090237
0.008936
0.0086518
0.0080873
0.0073049
0.0065747
0.0061664
0.0060169
0.005917
0.0057433
0.005414
0.0049216
0.004403
0.0039265
0.0034341
0.00307
0.0029136
0.0028324
0.0028047
0.0028198
0.0028722
0.002944
0.0029824
0.0028763
0.0025336
0.0018731
0.00098624
0.00025774
5.5016e-05
8.5231e-05
0.00023824
0.00046389
0.00059116
0.0005307
0.00048943
0.00035352
0.00034192
0.00022457
-4.3002e-05
-5.7527e-05
9.7651e-05
0.00037574
0.00070999
0.0010807
0.0016655
0.0021388
0.0024502
0.0025294
0.0026398
0.0029843
0.0036406
0.0045744
0.0053978
0.0054879
0.0051146
0.004398
0.0035522
0.0030859
0.0025416
0.0017967
0.0010021
0.00049824
0.00025474
-0.00010776
-0.00073544
-0.0016115
-0.002451
-0.0027271
-0.002819
-0.0028545
-0.0028473
-0.002828
-0.0027985
-0.0027722
-0.0027494
-0.0027466
-0.0027513
-0.002759
-0.0027662
-0.0027697
-0.0027647
-0.002778
-0.0028034
-0.0028236
-0.0028468
-0.0028729
-0.0028859
-0.0028582
-0.0027551
-0.0025515
-0.0022587
-0.0019766
-0.0018696
-0.0016723
-0.0011557
-0.00071785
-0.00043889
-4.4676e-05
0.00016412
0.00012619
-0.00017158
-0.00078686
-0.001617
-0.0023395
-0.0027106
-0.002849
-0.002899
-0.0029042
-0.0028894
-0.0028751
-0.0028671
-0.0028714
-0.0028901
-0.0029062
-0.0029108
-0.0029131
-0.0029144
-0.0029164
-0.0029166
-0.0029129
-0.002901
-0.0028826
-0.0028632
-0.0028583
-0.0028845
-0.002954
-0.003054
-0.0031336
-0.0030929
-0.0028231
-0.0022611
-0.0014663
-0.00071797
-0.00030539
-0.00015955
-9.627e-05
-7.7521e-05
-8.3782e-05
-9.8059e-05
-0.00010392
-8.4694e-05
-5.6216e-05
-3.3092e-05
-3.4128e-05
-7.5796e-05
-0.00016282
-0.00026821
-0.00032182
-0.00020748
0.00018473
0.00088631
0.0017518
0.0023832
0.0026079
0.0026981
0.0027251
0.0027099
0.00269
0.0026844
0.0027067
0.0027562
0.0028187
0.0028545
0.0028006
0.0025814
0.0021392
0.0014796
0.00079848
0.00038681
0.0001548
-0.00010041
-0.00012732
-0.00013878
-0.00031069
-0.00073568
-0.001462
-0.0023178
-0.0028945
-0.003097
-0.0031895
-0.0032035
-0.0031864
-0.0031847
-0.0032244
-0.003305
-0.0033937
-0.0034127
-0.0032556
-0.0028162
-0.0020703
-0.0011928
-0.00061617
-0.00041191
-0.00034917
-0.00037038
-0.00043741
-0.00047505
-0.00040002
-0.00012155
0.00040529
0.0011
0.001715
0.002228
0.0024641
0.0025338
0.0025462
0.0025276
0.0025111
0.0024887
0.002481
0.0024812
0.0024795
0.0024738
0.0024645
0.002428
0.0023495
0.0022455
0.0021708
0.0022291
0.0025421
0.0031637
0.0039885
0.0046542
0.0048978
0.0048084
0.0045341
0.0041997
0.0040528
0.004388
0.0047965
0.0050739
0.0053499
0.0055267
0.0054518
0.0052738
0.0050011
0.004769
0.004675
0.0046252
0.0045955
0.0045809
0.0045841
0.0046091
0.0046347
0.004611
0.0044605
0.0041074
0.0035517
0.0029423
0.0026321
0.0028844
0.003401
0.0035022
0.0029495
0.0021476
0.0013274
0.00041948
-0.00056145
-0.001239
-0.001459
-0.0015261
-0.0015476
-0.0015528
-0.0015684
-0.0016013
-0.0016336
-0.0016546
-0.0016487
-0.0016027
-0.0015249
-0.0014539
-0.001468
-0.0016714
-0.0021544
-0.0029098
-0.0037248
-0.0042481
-0.0044512
-0.004538
-0.0045569
-0.0045537
-0.0045592
-0.0045614
-0.0045733
-0.0045944
-0.0046176
-0.0046328
-0.0046272
-0.0045895
-0.0045201
-0.0044445
-0.0044238
-0.0045514
-0.0049238
-0.0055876
-0.0064615
-0.0071905
-0.0074255
-0.007511
-0.0076108
-0.0077917
-0.0081236
-0.0085953
-0.0089936
-0.0090031
-0.0087682
-0.0083617
-0.0079503
-0.0078297
-0.0078394
-0.0079115
-0.0079973
-0.0080133
-0.0078583
-0.0074257
-0.0066992
-0.0058491
-0.0052962
-0.005086
-0.004965
-0.0048716
-0.0048124
-0.0048188
-0.0049766
-0.0054023
-0.0061374
-0.0070015
-0.0075125
-0.0074038
-0.0068234
-0.006001
-0.0053546
-0.0050598
-0.0049451
-0.0049066
-0.0049107
-0.0049188
-0.0049188
-0.0049055
-0.004894
-0.0048902
-0.0049026
-0.0049145
-0.0048957
-0.0047567
-0.0044479
-0.0039849
-0.0034479
-0.0026482
-0.0019902
-0.0013003
-0.00044114
0.00027259
0.00033036
-1.5875e-05
-0.00039933
-0.00045059
-0.0001078
0.0005264
0.00086624
0.00097872
0.0010105
0.00095534
0.00088275
0.00083568
0.00093445
0.0012507
0.0018146
0.0024978
0.0029896
0.0032498
0.0035887
0.0037519
0.0037587
0.0036958
0.003619
0.0035992
0.0037267
0.0041031
0.0047668
0.0055886
0.0062027
0.0064587
0.0065555
0.0065844
0.0065677
0.0065319
0.0064966
0.00648
0.0064717
0.0064671
0.0064695
0.0064591
0.0064461
0.0064247
0.0064159
0.0064228
0.0064383
0.0064569
0.0064618
0.0064325
0.0063469
0.006201
0.0060222
0.005913
0.0059787
0.0058884
0.0057482
0.005762
0.0056386
0.0054338
0.0051132
0.0048277
0.0047292
0.0048033
0.005134
0.0057043
0.0060103
0.0059177
0.0056489
0.0053121
0.0047619
0.0041725
0.0037817
0.0033867
0.0027929
0.0020337
0.0013997
0.0014088
0.0020056
0.0026708
0.0028171
0.0023778
0.001657
0.0010036
0.00065413
0.00050432
0.00043671
0.0004286
0.00044349
0.00046081
0.00047178
0.00047899
0.00048147
0.00045587
0.00038881
0.0003053
0.00027432
0.00036221
0.00062887
0.0010866
0.0016353
0.0019671
0.0016374
0.0009717
0.00066224
0.00054639
0.0004702
0.00041706
0.00035617
0.00029393
0.000279
0.00041092
0.00079589
0.0014827
0.002337
0.0029775
0.003252
0.003356
0.0033971
0.0033906
0.0033734
0.0033523
0.0033476
0.0033579
0.0033723
0.0033895
0.0034035
0.0034084
0.0033952
0.0033893
0.0033875
0.0033854
0.0033821
0.0033787
0.0033773
0.0034116
0.0034741
0.00353
0.0035136
0.0033362
0.0029185
0.0022599
0.0015606
0.0011805
0.00080396
0.00060654
0.00055208
0.0005207
0.00050738
0.00049297
0.0004923
0.00050851
0.00055594
0.00061415
0.00061469
0.00048101
0.0001567
-0.00037082
-0.00095736
-0.0012909
-0.0014003
-0.0017057
-0.002086
-0.002259
-0.0023276
-0.0023662
-0.0023681
-0.0023399
-0.0022888
-0.0022502
-0.0022762
-0.002444
-0.0028112
-0.0033523
-0.003938
-0.0046408
-0.0049576
-0.0049836
-0.0048899
-0.0047252
-0.0046425
-0.00478
-0.0048432
-0.0049199
-0.0052053
-0.0057757
-0.0065996
-0.0073767
-0.0076404
-0.0078795
-0.0083441
-0.0090392
-0.0098922
-0.010484
-0.010768
-0.010943
-0.01101
-0.010883
-0.010507
-0.0098599
-0.0090898
-0.0086046
-0.0089884
-0.0097488
-0.010386
-0.01025
-0.0096331
-0.0088524
-0.008305
-0.0081264
-0.0080505
-0.0080334
-0.0080668
-0.0080919
-0.0081014
-0.008101
-0.0080954
-0.0080943
-0.008101
-0.0081144
-0.0081258
-0.0081239
-0.008137
-0.0081835
-0.00827
-0.0083717
-0.0084267
-0.0083642
-0.0080909
-0.0075362
-0.0067459
-0.0060101
-0.0058024
-0.0056382
-0.0052994
-0.0047137
-0.0038752
-0.003088
-0.002853
-0.0027545
-0.0025863
-0.0022667
-0.0016969
-0.00098236
-0.00038506
0.000129
0.00032608
0.00036573
0.00033198
0.00022989
0.00014803
0.00017355
0.00044678
0.0010507
0.0019392
0.0028078
0.0031092
0.003218
0.0032779
0.0032807
0.0032908
0.0033016
0.0033258
0.0033265
0.0032982
0.0032209
0.0031347
0.0030938
0.0032128
0.0035818
0.0042466
0.0050698
0.0056455
0.0053692
0.0047046
0.0041081
0.0041927
0.005148
0.006517
0.0076682
0.0086201
0.0089174
0.0089318
0.0088862
0.0088988
0.0091725
0.0097773
0.010675
0.011557
0.011893
0.012037
0.012104
0.01207
0.011982
0.011857
0.011771
0.011817
0.012129
0.012758
0.013659
0.014494
0.014666
0.014268
0.013484
0.012596
0.012157
0.01199
0.011944
0.011995
0.012091
0.012165
0.012129
0.011885
0.011357
0.010567
0.0097638
0.0094012
0.0092207
0.0089278
0.0083999
0.0075982
0.0067565
0.0063411
0.0061633
0.0060502
0.0059987
0.0059869
0.0060291
0.0060914
0.0061379
0.0060903
0.0058604
0.0053324
0.004502
0.0036331
0.0032118
0.0030352
0.0029438
0.0029272
0.0029677
0.003025
0.0030755
0.0030498
0.0028516
0.0023977
0.0016831
0.00089592
0.0004438
0.00024154
-2.846e-05
-0.00049985
-0.0012031
-0.0019705
-0.002404
-0.0025948
-0.0028723
-0.0033862
-0.0041787
-0.0050675
-0.0055974
-0.0057745
-0.0058219
-0.0057985
-0.0057649
-0.0058049
-0.0059953
-0.0063788
-0.0069105
-0.0073804
-0.0074732
-0.0074521
-0.0075603
-0.0077335
-0.0079601
-0.0084678
-0.0088418
-0.008783
-0.008379
-0.0076432
-0.0067871
-0.0062704
-0.0060961
-0.0060419
-0.0060529
-0.0060795
-0.006097
-0.0061003
-0.006094
-0.0060844
-0.006082
-0.0060909
-0.0061127
-0.0061395
-0.0061815
-0.0062462
-0.00632
-0.0063621
-0.0063311
-0.0061928
-0.0059352
-0.0056262
-0.0054749
-0.0057574
-0.0062555
-0.0065076
-0.0066677
-0.0067304
-0.0065988
-0.0062056
-0.0055275
-0.004718
-0.0041683
-0.0040332
-0.0039741
-0.003821
-0.0034498
-0.0027855
-0.0019468
-0.0013243
-0.0011019
-0.0010123
-0.00098193
-0.00098828
-0.0010076
-0.001043
-0.0010711
-0.0010921
-0.0011139
-0.001131
-0.0011383
-0.0011489
-0.0011624
-0.0011778
-0.0011861
-0.0011782
-0.0011584
-0.001146
-0.0011349
-0.001133
-0.0011506
-0.0012005
-0.0012954
-0.0014516
-0.0016051
-0.0016385
-0.0015554
-0.0016625
-0.0017302
-0.0017057
-0.0018865
-0.0019998
-0.0019068
-0.0018047
-0.0015286
-0.0015054
-0.0020535
-0.0028907
-0.0036155
-0.0038612
-0.0039535
-0.0040013
-0.0040265
-0.0040836
-0.0041647
-0.0042242
-0.0041493
-0.0038175
-0.0031426
-0.0022116
-0.0013829
-0.0010278
-0.00088144
-0.00095037
-0.0013219
-0.0019899
-0.0028117
-0.0033478
-0.002985
-0.0021948
-0.0014673
-0.0011937
-0.0010815
-0.0010271
-0.0010338
-0.0010434
-0.0010504
-0.0010422
-0.001042
-0.0010579
-0.0011049
-0.0011622
-0.0011887
-0.0011034
-0.00086522
-0.0004484
5.2574e-05
0.00044864
0.00097486
0.0015812
0.0020541
0.0025674
0.0030135
0.0030713
0.0024178
0.0019044
0.0018108
0.0020047
0.0025625
0.003432
0.0042887
0.0045824
0.0046879
0.004732
0.0047292
0.0047379
0.0047343
0.0047357
0.0047345
0.0047294
0.0047221
0.0047282
0.0047603
0.0048249
0.0048983
0.0049226
0.0048003
0.0044308
0.0037676
0.0029374
0.0023025
0.0020195
0.0018996
0.0018402
0.0018097
0.0017907
0.001786
0.0017861
0.0017847
0.001778
0.0017588
0.0017503
0.0017479
0.0017431
0.0017324
0.0017147
0.0016945
0.0016806
0.0016586
0.0016472
0.001645
0.0016456
0.0016473
0.0016461
0.0016379
0.0016191
0.0015902
0.0015598
0.0015451
0.0015393
0.0015367
0.0015364
0.0015369
0.0015373
0.0015366
0.0015342
0.0015292
0.001521
0.0015094
0.0014949
0.001482
0.0014769
0.0014589
0.001411
0.0013381
0.0012736
0.0012905
0.001487
0.0019529
0.0027199
0.0035727
0.0040497
0.0042244
0.0043021
0.0043217
0.0043135
0.0042977
0.0042859
0.0042814
0.0042902
0.0043187
0.0043703
0.0044346
0.0045004
0.0045108
0.0043686
0.0040078
0.0034185
0.0027577
0.0024079
0.0025587
0.0029174
0.0029759
0.0025642
0.0020657
0.0017668
0.00154
0.001244
0.00086855
0.00050446
0.00035025
0.00034934
0.00029417
9.7447e-05
2.3587e-05
-9.4119e-05
-8.7011e-05
0.00033598
0.00076759
0.00090216
0.00093694
0.0011279
0.0012823
0.0013432
0.0014219
0.0015112
0.0015552
0.0014656
0.001137
0.00051219
-0.00031626
-0.0010183
-0.0013532
-0.0014239
-0.0014056
-0.0013954
-0.0014956
-0.0018105
-0.0024117
-0.0032276
-0.0039326
-0.0043055
-0.004478
-0.0045896
-0.0046579
-0.0046532
-0.0045091
-0.004145
-0.003535
-0.0028245
-0.0023424
-0.0019557
-0.001671
-0.0015678
-0.0015464
-0.0015777
-0.0016444
-0.0017091
-0.0017021
-0.0015303
-0.0011045
-0.00039066
0.00047666
0.0010991
0.0013085
0.0013813
0.0014006
0.0013983
0.0014221
0.0014847
0.0015879
0.0016858
0.0016648
0.001397
0.00080959
-5.2077e-05
-0.00090388
-0.0014181
-0.0015624
-0.0014439
-0.0013127
-0.001511
-0.002029
-0.0027993
-0.0035338
-0.0039274
-0.0040385
-0.0040609
-0.0041021
-0.0042727
-0.0046673
-0.0052812
-0.0059464
-0.0065101
-0.0069165
-0.0071273
-0.007256
-0.0072859
-0.0071267
-0.0066948
-0.0059644
-0.0051081
-0.0045608
-0.0045347
-0.0047667
-0.0051186
-0.0053939
-0.0055134
-0.0056455
-0.0058668
-0.0062132
-0.0066374
-0.00694
-0.0070477
-0.0070897
-0.0070998
-0.0070893
-0.007084
-0.0070827
-0.0070804
-0.007074
-0.0070587
-0.0070389
-0.0070089
-0.0069718
-0.0069495
-0.0069654
-0.0070282
-0.0071001
-0.0071188
-0.0069865
-0.0066069
-0.0059411
-0.0051211
-0.0045179
-0.0043261
-0.0041845
-0.0039249
-0.0034614
-0.0027733
-0.0020194
-0.0014762
-0.0010811
-0.00054238
0.00018819
0.00094714
0.0014766
0.001878
0.0024609
0.0032627
0.0040814
0.004581
0.0047681
0.0048631
0.0048998
0.0049114
0.0049289
0.0049555
0.0049835
0.0049962
0.0050059
0.0050139
0.0050254
0.0050408
0.0050613
0.0050771
0.005087
0.0051091
0.005154
0.0052185
0.0053097
0.0053842
0.0053598
0.0051219
0.004587
0.0037821
0.0029762
0.0025911
0.0027386
0.0032559
0.0039973
0.0045883
0.0047059
0.0047575
0.004827
0.004634
0.0043239
0.0037512
0.0032446
0.0028704
0.0027379
0.0027031
0.0026999
0.0027197
0.0027262
0.0027117
0.0026979
0.0027032
0.0027111
0.0027163
0.0027387
0.0027808
0.0028329
0.0028616
0.0028183
0.002653
0.002379
0.0020878
0.0019254
0.0017296
0.0019256
0.0023394
0.0027516
0.0029155
0.002968
0.0029868
0.00297
0.002946
0.0028746
0.0027298
0.0024927
0.0022236
0.0019938
0.0014792
0.001087
0.00078376
0.00060071
0.00027684
0.00015675
0.0001316
0.00010051
9.8922e-05
9.0846e-05
9.6382e-05
9.6107e-05
0.00010594
0.00010803
0.0001066
8.2538e-05
7.8647e-05
7.6765e-05
8.2446e-05
8.7493e-05
9.5665e-05
9.1358e-05
7.628e-05
7.6839e-05
9.151e-05
0.0001057
0.00011624
0.00010094
9.1376e-05
0.00010205
0.00011721
0.00011469
0.00012269
0.00014433
0.00014967
0.00013851
0.00011748
8.1609e-05
4.963e-05
3.7902e-05
5.0202e-05
7.5209e-05
0.00010755
0.00011402
5.8209e-05
-7.9963e-05
-0.00029256
-0.00052777
-0.0007427
-0.0012458
-0.0018362
-0.0025074
-0.0031804
-0.0039097
-0.0045511
-0.0046538
-0.0041192
-0.003391
-0.0030577
-0.0029454
-0.0028906
-0.0028874
-0.0029055
-0.002926
-0.0029346
-0.0029337
-0.0029238
-0.0029113
-0.0028974
-0.0028887
-0.0028888
-0.0029056
-0.002938
-0.0029769
-0.002993
-0.0029435
-0.0027485
-0.0023616
-0.0018276
-0.0013698
-0.0014192
-0.0019998
-0.0025391
-0.0027864
-0.002898
-0.0029494
-0.0029578
-0.0029497
-0.0029403
-0.0029368
-0.002936
-0.0029355
-0.0029345
-0.0029396
-0.0029581
-0.0029952
-0.0030401
-0.003061
-0.0029983
-0.0027818
-0.002361
-0.0017826
-0.0012234
-0.00069116
-0.00019673
0.00037193
0.0011504
0.0019707
0.0024222
0.0025648
0.0026958
0.0029454
0.003405
0.004051
0.0046911
0.0052276
0.0055397
0.0056518
0.0056949
0.0057026
0.0056967
0.0056849
0.005671
0.0056505
0.00563
0.0056205
0.0056308
0.0056458
0.0056577
0.0056657
0.0056731
0.005667
0.0056632
0.0056703
0.0056959
0.0057343
0.0057641
0.005736
0.0055877
0.0052629
0.0047771
0.0042626
0.00378
0.0032701
0.0029125
0.0027967
0.0027817
0.0028287
0.0029101
0.0029562
0.0028759
0.0025646
0.0019709
0.0011808
0.00051923
0.00032311
0.00055743
0.00095813
0.0012701
0.0013396
0.001227
0.00092916
0.00050025
0.00012806
-1.0066e-05
-7.0392e-05
-0.00010173
-0.00010992
-0.00010892
-0.00010509
-0.0001189
-0.00013792
-0.00017579
-0.000235
-0.00029401
-0.00030064
-0.00015996
0.00017239
0.00067582
0.0011842
0.0013299
0.0008995
0.00042958
4.2449e-05
-0.00012208
-0.00019419
-0.00023472
-0.00023506
-0.00021877
-0.00017709
-0.00012348
-7.4201e-05
-9.0279e-05
-0.00024741
-0.00062888
-0.0012388
-0.001931
-0.0024801
-0.0028887
-0.003037
-0.0030906
-0.0031159
-0.0031219
-0.0031256
-0.0031222
-0.0031076
-0.0030802
-0.0030565
-0.0030738
-0.0031866
-0.0034449
-0.0038545
-0.0042997
-0.0045649
-0.0048958
-0.0053557
-0.005771
-0.0058945
-0.0059363
-0.0059806
-0.0059976
-0.0060238
-0.0060122
-0.0059116
-0.0056653
-0.0052634
-0.0048071
-0.0045087
-0.0041606
-0.0037065
-0.0032904
-0.0031486
-0.0031011
-0.0030914
-0.0031285
-0.0031827
-0.0032659
-0.0033429
-0.0033497
-0.0031813
-0.0027445
-0.0020137
-0.0011687
-0.00063086
-0.00049524
-0.00048481
-0.00052657
-0.00050843
-0.0003449
1.0353e-05
0.00047788
0.00082259
0.00070849
0.0002704
-0.00025929
-3.5539e-05
0.00071555
0.0016654
0.0023954
0.0030488
0.0035978
0.0036955
0.0036419
0.0035466
0.0035133
0.003649
0.0040582
0.0047665
0.0056148
0.0061928
0.0063876
0.0064405
0.0064187
0.0063228
0.0062366
0.0062094
0.0063142
0.006613
0.0071159
0.0076975
0.007931
0.0073383
0.0065972
0.006354
0.0062378
0.0061716
0.0061671
0.0061828
0.0062028
0.0062083
0.0062009
0.0061788
0.0061532
0.0061319
0.0061329
0.0061667
0.0062386
0.0063224
0.0063592
0.0062473
0.0058794
0.0052008
0.0043633
0.0037284
0.0034503
0.0033405
0.0032992
0.0033207
0.003374
0.0034469
0.0035206
0.0035361
0.0034051
0.0030266
0.0023599
0.0015281
0.0008976
0.00062201
0.00051623
0.00047218
0.00045626
0.00043681
0.00040795
0.0003801
0.00038003
0.00040032
0.00044968
0.00047976
0.00040738
0.00013738
-0.0003874
-0.0010939
-0.0017311
-0.0022457
-0.002477
-0.0025221
-0.0024813
-0.0024008
-0.0023702
-0.0024982
-0.0028981
-0.0036123
-0.0045034
-0.0051808
-0.0055102
-0.0056568
-0.0056845
-0.0056216
-0.005515
-0.0054303
-0.0054694
-0.0057519
-0.0063638
-0.0072609
-0.0081164
-0.0083391
-0.008025
-0.0073333
-0.0064848
-0.0059622
-0.005768
-0.0056904
-0.0056752
-0.0056922
-0.0057117
-0.005726
-0.0057344
-0.0057428
-0.0057478
-0.0057429
-0.0057375
-0.0057542
-0.0058037
-0.005884
-0.0059605
-0.0059614
-0.0057798
-0.0053185
-0.0045599
-0.0037026
-0.0031867
-0.0030016
-0.0029219
-0.0029006
-0.0029066
-0.0029175
-0.0029215
-0.0029208
-0.0029175
-0.0029174
-0.0029178
-0.0029195
-0.002939
-0.0029804
-0.0030378
-0.0031012
-0.0031215
-0.0030199
-0.002684
-0.0020651
-0.0012539
-0.00056042
-0.00020399
-7.1269e-05
-2.0434e-05
-1.2936e-05
-1.8989e-05
-2.1705e-05
-1.3709e-05
5.9126e-07
1.6729e-05
2.4921e-05
2.1462e-05
2.4669e-05
4.5953e-05
7.1887e-05
8.8706e-05
9.4023e-05
9.5812e-05
9.2769e-05
8.8631e-05
8.5359e-05
9.087e-05
0.00010917
0.0001454
0.00019129
0.00023071
0.00025224
0.0002516
0.00023778
0.00023831
0.00025253
0.00029554
0.00038572
0.00052101
0.00065903
0.00070341
0.00054526
0.00042277
0.00045501
0.00055104
0.00070409
0.0011617
0.0015581
0.0016749
0.0016635
0.0015456
0.0013333
0.0010893
0.00091735
0.00066458
0.00039847
0.0001587
-0.00015334
-0.00048115
-0.00061775
-0.00031661
-3.6206e-05
3.5965e-05
8.0823e-05
0.00010328
0.00010441
9.5766e-05
8.6148e-05
7.894e-05
7.6769e-05
8.0574e-05
9.263e-05
0.00011215
0.00013441
0.00014674
0.00013229
7.6931e-05
-1.4616e-05
-0.00010307
-0.0001043
9.8205e-05
0.00060568
0.0014172
0.0022902
0.0027089
0.0025803
0.002056
0.0012634
0.00056457
0.00021218
9.1093e-05
5.1103e-05
5.8446e-05
7.7145e-05
8.9635e-05
8.3327e-05
6.5209e-05
5.8787e-05
6.2274e-05
7.7082e-05
9.2532e-05
9.7293e-05
9.4563e-05
8.2819e-05
6.5852e-05
5.2523e-05
5.8252e-05
7.3006e-05
7.3922e-05
6.1162e-05
5.1261e-05
5.8256e-05
7.5341e-05
7.9828e-05
7.5113e-05
7.4846e-05
8.9541e-05
0.00010305
0.00010923
0.00011245
0.00011327
0.00011042
0.00010674
0.00010523
0.00011074
0.00012516
0.00016797
0.00022773
0.0002514
0.00015927
-0.00013331
-0.00066958
-0.0013557
-0.0019008
-0.0021877
-0.0024419
-0.0025455
-0.0024406
-0.0023038
-0.0022931
-0.00253
-0.0027648
-0.0028535
-0.0028164
-0.0025807
-0.0020982
-0.0014182
-0.00077071
-0.00026636
3.135e-06
9.3929e-05
0.00014918
0.00019697
0.00021938
0.00017856
2.1241e-05
-0.00028258
-0.00068957
-0.001018
-0.00094332
-0.000448
-9.5742e-05
-1.1596e-05
8.8889e-06
3.3854e-05
0.00014428
0.00042911
0.00092214
0.0015188
0.0019305
0.0020813
0.0023256
0.0026993
0.0029104
0.0029653
0.0029751
0.0029633
0.0029514
0.0029469
0.0029458
0.0029482
0.0029523
0.0029569
0.0029601
0.0029611
0.0029583
0.0029523
0.0029443
0.0029395
0.0029442
0.002965
0.0030006
0.0030372
0.0030405
0.0029604
0.0027446
0.0023754
0.001932
0.0016093
0.0013676
0.0010813
0.00078736
0.0005905
0.00034436
0.00015443
9.1032e-05
5.5071e-05
4.1642e-05
3.1967e-05
2.1107e-05
2.9432e-06
-9.3433e-06
-5.8451e-06
1.7256e-05
8.7413e-05
0.00021499
0.0003915
0.0005462
0.00057027
0.0006718
0.00089473
0.001339
0.0019022
0.0024018
0.0027094
0.0028303
0.0028793
0.0028927
0.0028924
0.0028901
0.0028925
0.0028958
0.0028983
0.0028959
0.0028915
0.0028892
0.0028974
0.0028965
0.0028795
0.0028525
0.0028283
0.0028216
0.0028098
0.0027728
0.0027245
0.0026693
0.0026532
0.0027373
0.002973
0.0033747
0.0038747
0.0042737
0.004549
0.0047366
0.0046961
0.0042722
0.0037085
0.00321
0.0029083
0.0027817
0.0027356
0.0027535
0.0028109
0.0028752
0.0028953
0.0027976
0.0025033
0.0019757
0.0013071
0.00077954
0.00049126
0.00019455
-1.0195e-05
-5.7787e-05
-7.5334e-05
-0.00010122
-0.00014879
-0.00021389
-0.00026435
-0.00024001
-7.044e-05
0.0002868
0.0007846
0.0012092
0.0011644
0.00054994
-0.00017032
-0.00092355
-0.0017921
-0.002489
-0.0028273
-0.0029424
-0.0029806
-0.0029844
-0.0029798
-0.0029797
-0.0029864
-0.0029955
-0.0030029
-0.0030058
-0.0030042
-0.0029992
-0.0029929
-0.0029873
-0.0029851
-0.0029886
-0.0029999
-0.0030178
-0.0030359
-0.0030424
-0.003043
-0.0030289
-0.0030018
-0.0029837
-0.0029759
-0.0029712
-0.0029687
-0.0029677
-0.0029675
-0.0029672
-0.0029661
-0.0029633
-0.0029582
-0.002951
-0.0029437
-0.0029401
-0.0029452
-0.0029618
-0.0029862
-0.0030038
-0.0029868
-0.0028989
-0.002712
-0.0024334
-0.0021536
-0.0020446
-0.0019959
-0.0017809
-0.0015969
-0.0015362
-0.0015103
-0.0015115
-0.0015169
-0.0015049
-0.0014457
-0.0013289
-0.0011653
-0.0010001
-0.00095865
-0.0011908
-0.0015056
-0.0018022
-0.0020959
-0.0022954
-0.002553
-0.0027891
-0.0029486
-0.0031255
-0.0032885
-0.0033185
-0.0030753
-0.0027616
-0.002488
-0.0022468
-0.0021441
-0.0020034
-0.001842
-0.0015857
-0.0010004
-0.00038572
-6.6654e-05
5.183e-05
9.6627e-05
9.6473e-05
7.9468e-05
5.1089e-05
5.927e-06
-4.8538e-05
-8.2142e-05
-4.0281e-05
0.00014527
0.00051582
0.0010312
0.0015114
0.0015834
0.0011227
0.00056822
0.00027615
0.00016911
0.00012632
0.00011443
0.00011864
0.00011797
0.00011202
0.00010722
0.00010057
9.5589e-05
9.3728e-05
9.5322e-05
9.8613e-05
0.00010274
0.00010625
0.00010927
0.0001114
0.00011341
0.00011516
0.0001173
0.00011946
0.00012196
0.0001241
0.00012571
0.00012565
0.00012357
0.00011918
0.00011563
0.00011617
0.00010326
7.3734e-05
4.9278e-05
5.4424e-05
9.1697e-05
0.00014008
0.00016084
9.005e-05
-0.00014344
-0.00058023
-0.0011506
-0.0016415
-0.0020081
-0.0022634
-0.0025576
-0.0027888
-0.0028645
-0.0028479
-0.0027326
-0.0025233
-0.0022506
-0.0020023
-0.0016203
-0.0012115
-0.00090142
-0.00067424
-0.00038222
-0.00016688
-0.0001252
-0.00015851
-0.00023104
-0.00028182
-0.00020871
0.00010852
0.00074384
0.0016187
0.0024017
0.0028213
0.0029051
0.0026923
0.0021617
0.0014037
0.00072023
0.00064942
0.0012057
0.0019792
0.0024758
0.0026691
0.0027579
0.0027803
0.0027675
0.0027483
0.0027396
0.0027432
0.0027579
0.0027777
0.0027993
0.0028154
0.0028195
0.0028014
0.0027586
0.0027002
0.0026602
0.0026944
0.0028713
0.0032308
0.0037329
0.004176
0.0041894
0.0036979
0.0031662
0.0028884
0.0027731
0.0027225
0.0027156
0.0027293
0.0027453
0.0027538
0.0027537
0.0027452
0.00273
0.0027076
0.0026825
0.0026624
0.0026415
0.0026083
0.0025706
0.0025469
0.002546
0.0025659
0.0026052
0.0026423
0.0026356
0.0025201
0.002209
0.0016547
0.00095556
0.00041471
0.00015121
-0.00016491
-0.00039154
-0.00046318
-0.00050797
-0.0005453
-0.00057279
-0.00059745
-0.00062933
-0.00066068
-0.00067667
-0.0006776
-0.0006738
-0.00067022
-0.00067303
-0.00068721
-0.00071399
-0.00074546
-0.00076354
-0.00076494
-0.00075417
-0.00073409
-0.00071424
-0.00071508
-0.00076524
-0.0008929
-0.0011063
-0.0013527
-0.001534
-0.0017972
-0.0020622
-0.0022736
-0.0025248
-0.0027554
-0.0028435
-0.0029424
-0.0030164
-0.0030884
-0.0030537
-0.0029291
-0.0029702
-0.0030829
-0.003369
-0.0036321
-0.0037282
-0.0036565
-0.0033232
-0.0026775
-0.0018266
-0.001119
-0.00078565
-0.00065325
-0.00059955
-0.00058457
-0.00059683
-0.00062779
-0.00065212
-0.00064139
-0.00055174
-0.00033844
1.4722e-05
0.00043278
0.00073457
0.00095735
0.0012217
0.0014964
0.0016911
0.0019688
0.0022328
0.0023734
0.0024292
0.0023274
0.0019822
0.0013637
0.00060045
4.4293e-05
-6.7983e-05
0.0001003
0.0002577
0.00012607
-0.00021198
-0.00043101
-0.00051576
-0.00056539
-0.00058671
-0.00058776
-0.00057951
-0.00057131
-0.00056522
-0.00056194
-0.00055874
-0.00055617
-0.00055474
-0.00055912
-0.00057205
-0.00059558
-0.00062191
-0.00063656
-0.00063842
-0.00063619
-0.0006314
-0.00062841
-0.0006306
-0.00064286
-0.00066515
-0.00069253
-0.0007094
-0.00071404
-0.00071404
-0.00071252
-0.00070933
-0.00070641
-0.00070303
-0.00070025
-0.00069703
-0.00069455
-0.00069212
-0.00069101
-0.00069002
-0.0006893
-0.00068625
-0.00068029
-0.00067002
-0.00065897
-0.00065253
-0.0006612
-0.00069215
-0.00074449
-0.00079526
-0.00081341
-0.00076172
-0.00058934
-0.00024362
0.00026779
0.00078691
0.0012134
0.0015916
0.001744
0.0016308
0.0014788
0.0012143
0.00076677
0.00031065
-0.00018359
-0.00052725
-0.00059718
-0.0004777
-0.00015309
0.00034276
0.00085109
0.001313
0.0017987
0.0021269
0.0022122
0.0021917
0.0020917
0.001958
0.0018791
0.0019657
0.0020957
0.0018802
0.0014356
0.00096938
0.00065481
0.00040237
0.00030093
0.00056265
0.0011966
0.0017825
0.0021686
0.0021575
0.0018042
0.0011765
0.00044403
-9.9782e-05
-0.00041995
-0.00038566
-0.00020109
-2.1658e-05
0.00012239
0.00042714
0.00067462
0.0010025
0.0014319
0.0017866
0.0019149
0.0019698
0.0019997
0.0020016
0.001992
0.0019721
0.0019495
0.0019329
0.0019318
0.00193
0.00192
0.0019001
0.0018716
0.001848
0.00184
0.0018389
0.0018398
0.0018452
0.0018511
0.0018593
0.0018652
0.0018698
0.0018675
0.0018597
0.0018528
0.0018837
0.0019404
0.0020056
0.0020279
0.0019407
0.0017057
0.0013248
0.00090573
0.0006319
0.00029782
0.00033666
0.0001144
-0.00030954
-0.00069741
-0.00083751
-0.00087031
-0.00089854
-0.00088788
-0.00086797
-0.00083409
-0.00081275
-0.00080415
-0.00079872
-0.00080993
-0.00082775
-0.00082153
-0.00078343
-0.00069841
-0.00059591
-0.0005321
-0.0006179
-0.00096271
-0.0016291
-0.00251
-0.0031964
-0.003049
-0.0024158
-0.0015892
-0.00099521
-0.00075566
-0.00065258
-0.00062417
-0.00063054
-0.00064173
-0.00064005
-0.00063004
-0.00062033
-0.00062463
-0.00064347
-0.00066636
-0.00065907
-0.00057545
-0.00036538
-1.4316e-05
0.00039904
0.00069851
0.0010498
0.0015317
0.0020187
0.0022512
0.0022542
0.0020284
0.0015599
0.00097196
0.00051464
0.00016645
-5.1672e-05
-0.00035727
-0.00052609
-0.00057614
-0.00062198
-0.00063821
-0.000644
-0.000639
-0.00063641
-0.00063557
-0.0006513
-0.00068345
-0.00073316
-0.00077501
-0.00080406
-0.00078931
-0.00069388
-0.00048225
-0.00016931
0.0001405
0.00023915
0.00021971
0.00027535
0.00019219
-6.5143e-05
-0.00027934
-0.00056542
-0.00078471
-0.00085267
-0.00087974
-0.00089494
-0.00090767
-0.00092875
-0.00095337
-0.00096935
-0.00097649
-0.00098649
-0.001002
-0.0010263
-0.0010519
-0.0010661
-0.001068
-0.0010678
-0.0010668
-0.0010696
-0.0010769
-0.0010911
-0.0011056
-0.0011142
-0.0011257
-0.0011406
-0.0011478
-0.001161
-0.0011823
-0.0012095
-0.0012285
-0.0012363
-0.0012408
-0.0012454
-0.001246
-0.0012418
-0.0012276
-0.001206
-0.001182
-0.0011744
-0.001204
-0.0012942
-0.001444
-0.0016157
-0.0016989
-0.001545
-0.001253
-0.0010549
-0.00087986
-0.00079415
-0.00092841
-0.0011579
-0.0012498
-0.0012899
-0.0013099
-0.0013032
-0.0012806
-0.0012507
-0.0012285
-0.0012308
-0.0012734
-0.0013586
-0.0014579
-0.001501
-0.0013767
-0.00097128
-0.00024135
0.00066676
0.0013039
0.0012099
0.00065247
-0.00018348
-0.00094864
-0.0012342
-0.0013614
-0.0014195
-0.0014197
-0.0014195
-0.0014093
-0.0014074
-0.0014113
-0.0014222
-0.0014384
-0.0014643
-0.0014918
-0.0015076
-0.0014786
-0.0013699
-0.0011609
-0.0009182
-0.00076039
-0.00082995
-0.00081486
-0.00096163
-0.00095382
-0.0010145
-0.0013319
-0.0015006
-0.0015096
-0.0013887
-0.0011321
-0.00078694
-0.00052722
-0.00060235
-0.00081909
-0.00092846
-0.0010808
-0.00098499
-0.00069086
-0.00043721
-0.00047491
-0.00066445
-0.00079349
-0.0010757
-0.0012325
-0.0012602
-0.0012646
-0.001253
-0.0012438
-0.0012462
-0.0012493
-0.0012396
-0.0012242
-0.0012059
-0.0011986
-0.0011932
-0.0011764
-0.0011613
-0.0011561
-0.0011515
-0.0011462
-0.0011361
-0.0011199
-0.0010975
-0.0010766
-0.0010469
-0.00099994
-0.00094582
-0.00091874
-0.00097024
-0.0011571
-0.0015007
-0.0019392
-0.0022561
-0.002102
-0.0015713
-0.0012251
-0.0010926
-0.0010194
-0.00099558
-0.0010092
-0.0010426
-0.001075
-0.0010832
-0.0010361
-0.00090346
-0.00067352
-0.00038775
-0.00017473
-9.1247e-05
4.4262e-05
5.9218e-06
6.5303e-05
0.00035099
0.00057104
0.00091007
0.0013604
0.0017406
0.001889
0.0019528
0.0019761
0.0019833
0.0019982
0.0020022
0.0020104
0.0020245
0.0020447
0.0020677
0.0020875
0.0021015
0.002122
0.0021293
0.0021323
0.0021351
0.0021368
0.0021386
0.0021401
0.0021418
0.0021433
0.0021448
0.0021462
0.0021476
0.002149
0.0021505
0.002152
0.0021535
0.0021548
0.0021558
0.0021565
0.0021573
0.0021584
0.0021607
0.0021643
0.0021688
0.0021724
0.0021719
0.0021633
0.0021438
0.0021147
0.0020873
0.0020802
0.0020804
0.0020821
0.0020828
0.0020767
0.0020606
0.0020339
0.0020056
0.0019922
0.0019872
0.0019844
0.0019841
0.0019856
0.0019897
0.001996
0.0020038
0.002009
0.0020064
0.0019895
0.001957
0.0019152
0.0018856
0.0018981
0.0019522
0.002025
0.0020656
0.0019841
0.0016774
0.0010807
0.00027331
-0.00044326
-0.00087971
-0.0011576
-0.0013695
-0.0014456
-0.0012823
-0.0011219
-0.0010627
-0.0010216
-0.0010108
-0.0010334
-0.0011064
-0.0012616
-0.0015052
-0.0017754
-0.0019603
-0.0022128
-0.0024763
-0.0027451
-0.0031471
-0.0036119
-0.0039318
-0.004114
-0.0042395
-0.0042527
-0.0040607
-0.0035824
-0.0028304
-0.0020286
-0.0016763
-0.0020104
-0.0027038
-0.0034097
-0.003834
-0.0040061
-0.0040899
-0.0041223
-0.0041257
-0.0041205
-0.0041301
-0.0041529
-0.0041779
-0.0041827
-0.0041414
-0.0040271
-0.0038323
-0.0035955
-0.0034099
-0.003199
-0.0028897
-0.0026038
-0.0022151
-0.0017523
-0.0014246
-0.0013052
-0.0012569
-0.0012401
-0.0012539
-0.0012795
-0.001311
-0.0013282
-0.0013306
-0.001325
-0.0013195
-0.0013129
-0.0013136
-0.0013214
-0.0013413
-0.0013628
-0.001373
-0.0013385
-0.0012295
-0.0010205
-0.00073947
-0.00048726
-0.00030314
1.212e-05
0.00021604
0.00044706
0.00074333
0.00098839
0.0011607
0.0014359
0.0015346
0.001562
0.0015852
0.0015877
0.0015924
0.001592
0.0015954
0.0015936
0.001592
0.0015868
0.0015877
0.0015979
0.0016278
0.001673
0.0017213
0.0017453
0.0017377
0.0016744
0.0015432
0.0013606
0.0012043
0.0012214
0.0014415
0.0015522
0.0016843
0.0018832
0.0020927
0.0021971
0.0020658
0.0021135
0.0020667
0.0017505
0.0016606
0.0016482
0.0016474
0.0016654
0.0016666
0.0016349
0.0015556
0.001455
0.0013938
0.0014802
0.0018271
0.0024936
0.0033759
0.0040634
0.0039221
0.0033012
0.0024981
0.0019357
0.0017274
0.0016357
0.0016146
0.001628
0.0016478
0.0016553
0.0016524
0.0016417
0.0016326
0.001626
0.0016254
0.0016269
0.0016308
0.0016333
0.0016356
0.0016359
0.0016364
0.0016357
0.001636
0.0016357
0.0016365
0.0016369
0.0016383
0.0016393
0.0016409
0.0016413
0.0016412
0.001639
0.0016363
0.0016337
0.0016358
0.0016456
0.0016673
0.001698
0.0017273
0.0017337
0.0017217
0.0016965
0.0016685
0.0016545
0.0016491
0.0016456
0.0016445
0.0016443
0.0016471
0.0016537
0.0016664
0.0016827
0.0016967
0.0016981
0.001705
0.0017075
0.0017187
0.0017267
0.0017398
0.0017679
0.0018064
0.0018355
0.0018172
0.001702
0.0014528
0.0010784
0.00067342
0.00045717
0.00041089
0.00037655
0.00026971
2.0429e-05
-0.00038746
-0.00084348
-0.0010904
-0.0010753
-0.00085677
-0.00046626
-4.8178e-05
0.00011969
-1.0041e-05
-0.00033888
-0.00074708
-0.0010069
-0.0011121
-0.0011661
-0.0011904
-0.0011959
-0.001188
-0.0011879
-0.0012212
-0.0013001
-0.0014142
-0.0015408
-0.0016162
-0.0015261
-0.001164
-0.00049544
0.0003443
0.000958
0.0010278
0.00058495
-0.00019323
-0.00099359
-0.0014873
-0.0016848
-0.0017122
-0.0015636
-0.0012497
-0.00087041
-0.00062482
-0.00059097
-0.00059621
-0.00053983
-0.00035732
-2.9386e-05
0.00036951
0.00064151
0.00070314
0.00070047
0.00068452
0.00065846
0.00062672
0.0005958
0.00057852
0.00057246
0.00056206
0.00053905
0.00050589
0.00047176
0.00044233
0.00041065
0.00038561
0.00036666
0.0003407
0.0003063
0.00027617
0.00025603
0.00024359
0.00024524
0.00027121
0.00032049
0.00037648
0.00039371
0.00030491
3.6617e-05
-0.00043943
-0.0010356
-0.0014795
-0.0015825
-0.001597
-0.0017297
-0.0017973
-0.0018858
-0.0021112
-0.0021543
-0.0019326
-0.0018096
-0.0019697
-0.0021318
-0.0021899
-0.0023456
-0.0023541
-0.0024519
-0.0026662
-0.0025923
-0.0023774
-0.0021242
-0.002011
-0.0021541
-0.0023386
-0.0026763
-0.0028419
-0.0029118
-0.0028907
-0.0026766
-0.0022056
-0.0014844
-0.00074558
-0.00035032
-0.00031255
-0.00034636
-0.00027391
-4.6724e-05
1.8657e-05
4.4116e-05
9.5592e-05
0.00013798
0.000169
0.00018724
0.0001636
9.8876e-05
3.937e-06
-0.00010186
-0.00012416
3.0789e-05
0.00045304
0.0011613
0.0020023
0.0024951
0.0022022
0.0014904
0.00068375
0.00021042
0.00020774
0.00054892
0.0011764
0.0018394
0.0022483
0.002503
0.0028213
0.0029136
0.0029318
0.0029487
0.0029582
0.002971
0.0029776
0.0029819
0.0030032
0.0030244
0.0030321
0.0030366
0.002994
0.0028608
0.0026191
0.0022968
0.0020366
0.0020422
0.0019939
0.0016774
0.0015217
0.0013311
0.0010287
0.00074896
0.00058211
0.0002688
0.00016407
0.00013772
0.00012564
0.00013078
0.00013515
0.00012127
8.6754e-05
5.7905e-05
1.0617e-05
-8.3462e-06
-3.6039e-05
-4.432e-05
-4.7473e-05
-4.7763e-05
-4.8855e-05
-4.8091e-05
-4.898e-05
-4.8068e-05
-4.9224e-05
-5.0289e-05
-5.6465e-05
-6.6281e-05
-8.3214e-05
-9.8982e-05
-0.00011032
-0.00013743
-0.00015791
-0.00017588
-0.00019464
-0.00020023
-0.00018821
-0.00015096
-0.00010585
-0.0001236
-0.00028976
-0.00065886
-0.0012138
-0.0018177
-0.0020823
-0.0015042
-0.00076927
-0.0005292
-0.0004119
-0.00034344
-0.00033875
-0.00036203
-0.0004027
-0.00044334
-0.00047652
-0.00048039
-0.00047265
-0.0004541
-0.00043197
-0.00041455
-0.00042334
-0.00047443
-0.00057795
-0.00070375
-0.00078214
-0.00072738
-0.00043434
0.00016818
0.0010057
0.0017307
0.0017521
0.0012251
0.00045597
-0.00015477
-0.00043362
-0.00054615
-0.0005804
-0.00057524
-0.00056661
-0.00057605
-0.00060744
-0.00064699
-0.00067167
-0.00068267
-0.00068571
-0.00068303
-0.00068185
-0.00068715
-0.00070481
-0.0007333
-0.00076492
-0.0007806
-0.00078793
-0.00079066
-0.00079109
-0.00078884
-0.00078712
-0.00078579
-0.00078892
-0.0007964
-0.00081138
-0.00082987
-0.00084894
-0.0008553
-0.00084079
-0.00082697
-0.00085231
-0.00094825
-0.0011378
-0.0013912
-0.0015589
-0.0014769
-0.0013627
-0.0010971
-0.00094455
-0.00088128
-0.00083569
-0.0008339
-0.00084526
-0.00085313
-0.00083651
-0.00081616
-0.00079943
-0.00079194
-0.00080191
-0.00083879
-0.00089441
-0.0009427
-0.00095069
-0.00085174
-0.00055843
-3.3353e-05
0.00063151
0.0011539
0.0014384
0.0017382
0.001983
0.0021146
0.0022272
0.0023154
0.0023241
0.0021576
0.0017227
0.00099937
0.00017276
-0.00031756
-0.00048544
-0.00057407
-0.00065667
-0.0007848
-0.0010015
-0.0012937
-0.0015297
-0.0014923
-0.0012899
-0.0012146
-0.0011798
-0.00096136
-0.00076984
-0.00072222
-0.00071763
-0.00074403
-0.00080054
-0.0008589
-0.00085756
-0.0006881
-0.00023716
0.00050054
0.0013356
0.0018316
0.0019987
0.0020652
0.0020681
0.0020411
0.0020136
0.001992
0.0019844
0.0020007
0.002049
0.0021264
0.0022031
0.0022114
0.0020492
0.0016162
0.00088427
2.3072e-05
-0.0005487
-0.00075257
-0.00083826
-0.00086678
-0.00086321
-0.00085603
-0.00085551
-0.00086265
-0.00087268
-0.00088127
-0.00088649
-0.00088869
-0.00088969
-0.00089047
-0.00089085
-0.00088807
-0.00087876
-0.00085964
-0.00083285
-0.00080735
-0.00078528
-0.00075567
-0.0007227
-0.00070136
-0.00069945
-0.0007079
-0.00072227
-0.0007343
-0.00073208
-0.00070384
-0.00064847
-0.00058469
-0.00056118
-0.00065098
-0.00092936
-0.0014205
-0.0020182
-0.0024018
-0.0023078
-0.001947
-0.0015557
-0.0011018
-0.00076402
-0.00063439
-0.0005771
-0.0005609
-0.00056969
-0.00058137
-0.00059497
-0.00058602
-0.00054048
-0.00045768
-0.00036614
-0.00033379
-0.0004849
-0.00094508
-0.0017337
-0.0026544
-0.0032204
-0.0031659
-0.002708
-0.0019601
-0.0012064
-0.00076698
-0.00060751
-0.00055348
-0.00055198
-0.0005712
-0.00058462
-0.00058259
-0.00056665
-0.00054496
-0.00053085
-0.00053818
-0.00057905
-0.0006515
-0.00074825
-0.00084426
-0.0008697
-0.00071745
-0.00029015
0.00042972
0.001261
0.0017373
0.0014704
0.0007968
4.7775e-05
-0.00041915
-0.00059715
-0.00067242
-0.00068709
-0.00067571
-0.00066342
-0.00066155
-0.00066653
-0.00067213
-0.00067276
-0.00067015
-0.00067148
-0.00068687
-0.00072163
-0.0007672
-0.00079423
-0.00075138
-0.00058045
-0.00024864
0.0001949
0.00056047
0.00064628
0.00057323
0.00037173
8.3614e-05
-0.00014129
-0.00023343
-0.00035068
-0.00024233
-0.0001423
-0.00013747
3.8371e-05
0.00020457
0.00046887
0.0005495
0.00052937
0.00045137
0.00029632
0.00012188
7.1032e-06
-8.5923e-05
-0.00045357
-0.00081025
-0.00093904
-0.00099652
-0.0010286
-0.0010369
-0.0010351
-0.0010261
-0.0010167
-0.001009
-0.0010144
-0.0010406
-0.0010969
-0.0011703
-0.0012256
-0.0011984
-0.0010421
-0.00071363
-0.00024743
0.00019914
0.00046934
0.00069024
0.00080474
0.00065102
0.00021896
-0.00013115
-0.00043894
-0.00074383
-0.0012311
-0.0016313
-0.0019534
-0.00204
-0.0017123
-0.0013068
-0.0010222
-0.00071599
-0.00045118
-0.00029792
-0.00010668
-0.00017255
-0.00032475
-0.00038595
-0.00019559
0.00028286
0.00064206
0.00083687
0.00084016
0.0008156
0.00054981
0.00021026
-0.00024528
-0.00041539
-0.00021697
0.00030354
0.00080113
0.0011841
0.0013376
0.0013874
0.0014092
0.0013961
0.0013835
0.0013613
0.0013445
0.001325
0.0013266
0.0013482
0.0013869
0.0014344
0.001457
0.0014164
0.0012834
0.0010314
0.0007138
0.00047413
0.00041752
0.00041198
0.00075799
0.0011618
0.0012798
0.0013132
0.0013123
0.0012909
0.0012929
0.0013105
0.0013362
0.0013476
0.0013561
0.0013607
0.0013624
0.0013606
0.0013584
0.001354
0.0013499
0.0013445
0.001342
0.0013435
0.0013552
0.0013769
0.0014077
0.0014313
0.0014282
0.0014079
0.0013809
0.0013596
0.0013688
0.0013924
0.0014179
0.001425
0.001428
0.0014304
0.0014356
0.0014448
0.0014581
0.0014661
0.0014612
0.0014676
0.0014664
0.0014424
0.001429
0.0014139
0.001399
0.001425
0.0014795
0.0015268
0.0015083
0.0013323
0.00088184
0.00012195
-0.00076981
-0.0013618
-0.0015707
-0.0016563
-0.0016827
-0.0016815
-0.0016887
-0.0017219
-0.0017796
-0.0018434
-0.0019125
-0.0019633
-0.0019886
-0.0019649
-0.0018607
-0.0016662
-0.0014177
-0.0012953
-0.0014813
-0.0016822
-0.0021368
-0.0023898
-0.0024323
-0.0022496
-0.0017543
-0.0010306
-0.00033478
-0.00020495
-0.000739
-0.0015185
-0.0020725
-0.0023133
-0.0024606
-0.0025736
-0.0026209
-0.0025713
-0.002364
-0.0019597
-0.0013917
-0.00080544
-2.5313e-05
0.00026924
0.00036638
0.00035902
0.00017901
-0.00015226
-0.00055466
-0.00087723
-0.0013433
-0.0014211
-0.0011002
-0.00088774
-0.00061873
-0.00030999
-0.0001457
-0.00031144
-0.00048833
-0.00088124
-0.0010664
-0.0010348
-0.00076383
-0.00070924
-0.00074023
-0.00022966
0.00013567
0.00031685
0.00070007
0.00084348
0.00087722
0.00090613
0.00092832
0.00097695
0.0010435
0.0011135
0.0011654
0.0011577
0.0010585
0.0008479
0.00053554
0.00024129
0.0001465
-5.816e-05
-0.00049981
-0.000581
-0.00032344
-0.00024978
-0.00020472
-0.00014099
-9.9802e-05
-0.00010658
-0.00025482
-0.00057118
-0.0010344
-0.0014765
-0.001616
-0.0016387
-0.0016159
-0.0015696
-0.0015748
-0.0016932
-0.0019794
-0.0024093
-0.0028526
-0.0029687
-0.0024051
-0.0019556
-0.0018122
-0.0017256
-0.0016927
-0.00169
-0.0017066
-0.001716
-0.0017209
-0.0017127
-0.0017048
-0.0016953
-0.0016982
-0.0017086
-0.0017296
-0.0017373
-0.0017069
-0.0015906
-0.0013602
-0.0010411
-0.00069247
1.621e-05
0.00064415
0.0010912
0.0011871
0.0010028
0.00057423
-2.5723e-05
-0.00051267
-0.00059796
-0.0002605
0.00040396
0.00087529
0.0010678
0.001177
0.001225
0.0012034
0.001118
0.000985
0.00082439
0.0007167
0.00079028
0.0010455
0.0011289
0.0011608
0.001184
0.0011822
0.0011673
0.0011394
0.0011073
0.0010812
0.001073
0.0010695
0.001068
0.0010698
0.0010764
0.0010894
0.0011076
0.0011244
0.0011368
0.001156
0.0011619
0.001163
0.001164
0.0011647
0.0011666
0.001169
0.0011704
0.0011671
0.0011553
0.0011328
0.0011025
0.0010764
0.0010668
0.0010625
0.0010607
0.0010616
0.0010647
0.00107
0.0010766
0.0010818
0.0010808
0.0010849
0.0011086
0.0011367
0.0011499
0.0011415
0.0011238
0.0011102
0.0011171
0.0011603
0.0012385
0.0013193
0.001329
0.0011604
0.00069797
-8.9134e-05
-0.0010055
-0.0015839
-0.0015445
-0.0010705
-0.00029667
0.00047734
0.00092486
0.0010903
0.0011481
0.0011526
0.0011335
0.0011186
0.0011155
0.0011267
0.0011472
0.0011732
0.0011955
0.0012037
0.0011823
0.0011237
0.0010357
0.00096051
0.00097574
0.0011845
0.0016635
0.0023885
0.0031154
0.0033434
0.0028626
0.0020902
0.001496
0.0012698
0.0011703
0.0011344
0.001146
0.001166
0.0011802
0.0011791
0.0011659
0.0011413
0.0011103
0.0010785
0.0010597
0.0010567
0.0010572
0.0010542
0.0010437
0.001022
0.00099227
0.00096469
0.00094246
0.00091499
0.00088532
0.00086614
0.00086139
0.00085901
0.00085327
0.00084018
0.00081726
0.00078836
0.00076495
0.00074645
0.00072222
0.0006929
0.0006675
0.00064643
0.00061708
0.00058057
0.00054855
0.00051897
0.00048933
0.00047052
0.00045751
0.00043862
0.00041156
0.00038266
0.00036665
0.00036277
0.00036207
0.00036075
0.00035446
0.00033955
0.00031515
0.00028774
0.00027091
0.00026168
0.00024889
0.00022923
0.0002054
0.00018788
0.00017057
0.00014484
0.00013605
0.000162
0.00021755
0.00028375
0.00031382
0.00023676
-2.0737e-05
-0.00048334
-0.0010612
-0.0014569
-0.0012114
-0.00053282
-8.7527e-05
8.5978e-05
0.00017476
0.00019636
0.0001862
0.00017722
0.00017487
0.00017608
0.00016969
0.00016738
0.0001724
0.00017738
0.00017984
0.00017886
0.00017174
0.00015888
0.00014387
0.00013858
0.00015949
0.00022359
0.00033485
0.00049442
0.00066577
0.00071184
0.00048413
0.00019552
-3.2377e-05
-0.00021708
-0.00027444
-9.9e-05
6.6918e-05
9.9911e-05
6.0165e-05
-4.8453e-05
-0.00020557
-0.00032247
-0.00029789
-0.00036156
-0.00052664
-0.00056178
-0.00059169
-0.00056785
-0.00051768
-0.00041083
-0.00033863
-0.00029619
-7.3235e-05
9.775e-05
6.8851e-05
-8.8594e-05
-0.00032879
-0.00056388
-0.00064907
-0.00068809
-0.00061226
-0.00046311
-0.0002151
-1.1151e-05
5.5759e-05
8.4195e-05
9.2578e-05
8.9276e-05
8.1131e-05
7.3833e-05
6.8e-05
6.8399e-05
7.7012e-05
7.53e-05
5.4325e-05
2.8354e-05
1.2096e-05
5.2688e-06
-2.2992e-06
-1.3085e-05
-2.9613e-05
-4.796e-05
-6.0858e-05
-7.8823e-05
-0.00011943
-0.00016098
-0.00018264
-0.0001906
-0.00019391
-0.00019305
-0.00018997
-0.00018559
-0.00018336
-0.00018635
-0.00019986
-0.00022608
-0.00026245
-0.00029589
-0.0003277
-0.00035739
-0.0003723
-0.00037396
-0.00037422
-0.00037729
-0.00038747
-0.00040297
-0.00041641
-0.00040864
-0.00035469
-0.00022929
-2.7691e-05
0.00019873
0.00035958
0.0006184
0.0008939
0.0011421
0.001453
0.0017573
0.0019184
0.002048
0.0020085
0.0017466
0.001544
0.0016795
0.0020676
0.0023848
0.002614
0.002812
0.0028834
0.0027114
0.0025468
0.0025045
0.0024911
0.0024844
0.0024889
0.002492
0.0024925
0.0024868
0.0024852
0.0025129
0.0025628
0.0025903
0.0025528
0.0024163
0.0021413
0.0017441
0.0013706
0.0012332
0.0011593
0.00091964
0.00082224
0.00078843
0.00056344
0.00017632
-0.00010296
-0.00036672
-0.00045777
-0.00043977
-0.00032882
-0.00010166
0.00016717
0.00035992
0.00048704
0.00058065
0.00047257
0.00012145
-0.00030571
-0.00037491
-0.00029493
-0.00016907
-8.433e-05
-0.00020113
-0.00040852
-0.00048609
-0.00053256
-0.00056936
-0.00057602
-0.00056882
-0.00055915
-0.00055578
-0.00056816
-0.00058297
-0.00059736
-0.00061299
-0.00061528
-0.00061475
-0.00061805
-0.00063141
-0.00065951
-0.00070005
-0.00073802
-0.00076157
-0.00078375
-0.00080862
-0.00082215
-0.00081347
-0.00076628
-0.00070059
-0.00065945
-0.00070873
-0.00092445
-0.0013456
-0.0019116
-0.0023747
-0.0022977
-0.001653
-0.0011131
-0.0009225
-0.00083106
-0.00080214
-0.00082811
-0.00087422
-0.00091084
-0.00092226
-0.00091758
-0.00089978
-0.00087418
-0.00084876
-0.00083884
-0.0008523
-0.00087872
-0.0009296
-0.00099784
-0.001045
-0.0010091
-0.00081386
-0.00041397
0.00014485
0.00065585
0.0007272
0.00011017
-0.0005283
-0.0007424
-0.00084629
-0.00089862
-0.00089995
-0.00088529
-0.00087005
-0.00086556
-0.0008685
-0.00087665
-0.0008835
-0.00088829
-0.0008882
-0.00088529
-0.00087873
-0.00087247
-0.00086841
-0.00087407
-0.0008932
-0.00092948
-0.00097167
-0.0010073
-0.0010324
-0.0010284
-0.00096177
-0.0008121
-0.00058584
-0.00035685
-0.00028976
-0.00046908
-0.00059095
-0.00086163
-0.00086882
-0.00073954
-0.00062074
-0.00062923
-0.00091406
-0.00099987
-0.0010308
-0.0010607
-0.0010679
-0.0010664
-0.0010585
-0.0010534
-0.0010543
-0.0010659
-0.0010884
-0.0011186
-0.0011424
-0.0011398
-0.0011237
-0.0011056
-0.0010939
-0.0010702
-0.001061
-0.0010585
-0.0010556
-0.001055
-0.0010541
-0.0010552
-0.001057
-0.0010605
-0.0010626
-0.0010616
-0.0010532
-0.0010385
-0.0010207
-0.0010142
-0.001037
-0.0011103
-0.001238
-0.001396
-0.0015411
-0.0015618
-0.0013447
-0.0012202
-0.0011787
-0.0011495
-0.0011404
-0.0011415
-0.0011503
-0.0011584
-0.001164
-0.0011617
-0.0011498
-0.0011275
-0.0011016
-0.0010863
-0.0011017
-0.0011648
-0.0012716
-0.0013797
-0.0013939
-0.0011792
-0.00061417
0.00027931
0.0012021
0.0015842
0.0015068
0.0010502
0.00024491
-0.00061526
-0.0010285
-0.0011753
-0.001236
-0.0012355
-0.001222
-0.0012096
-0.0012128
-0.0012214
-0.0012344
-0.0012417
-0.0012461
-0.0012442
-0.001242
-0.0012377
-0.0012361
-0.0012345
-0.0012358
-0.0012368
-0.0012398
-0.0012409
-0.0012416
-0.0012381
-0.0012326
-0.0012244
-0.0012205
-0.0012252
-0.0012467
-0.0012827
-0.0013218
-0.0013327
-0.0012981
-0.0011822
-0.0009574
-0.00064785
-0.00038292
-0.00037716
-0.00055002
-0.0006505
-0.0007701
-0.00078848
-0.00061778
-8.4004e-05
0.00072632
0.0012945
0.0015175
0.0016237
0.0016606
0.0016587
0.0016493
0.0016441
0.0016474
0.0016552
0.0016637
0.0016698
0.0016731
0.0016733
0.001671
0.001666
0.0016586
0.0016504
0.0016458
0.0016504
0.0016695
0.0017021
0.0017096
0.001718
0.0016613
0.0015037
0.0012414
0.00093864
0.000777
0.0010114
0.0014142
0.0015441
0.0016036
0.0016492
0.0016677
0.0016804
0.0016839
0.0016739
0.0016488
0.0016358
0.0016425
0.0016625
0.0016885
0.0017091
0.0017115
0.0017016
0.0016613
0.001619
0.0016076
0.0016492
0.0018004
0.0020832
0.0024407
0.0026957
0.0025329
0.0018992
0.0014306
0.00094357
0.00051781
0.0005266
0.0010597
0.0014554
0.0015902
0.001649
0.001646
0.0016306
0.0016226
0.0016341
0.0016481
0.0016897
0.0017355
0.0017648
0.0017145
0.0015339
0.0011726
0.00066754
0.00021584
6.8149e-05
-0.00042962
-0.00067705
-0.0010352
-0.0012398
-0.0013463
-0.0014065
-0.0012914
-0.00099181
-0.00048595
5.7076e-05
0.00036085
0.00052986
0.00048398
5.09e-05
-0.00029028
-0.00056376
-0.00070049
-0.0010214
-0.0011809
-0.0012218
-0.0012451
-0.0012281
-0.0012168
-0.0012063
-0.0012089
-0.0012245
-0.001262
-0.0013072
-0.0013374
-0.0013035
-0.0011857
-0.00094412
-0.00059186
-0.00025145
-0.00014762
-0.00010756
8.4789e-06
-0.00018474
-0.00058867
-0.00053844
-0.00020225
8.3873e-05
6.1912e-05
0.00018264
0.00025254
8.245e-05
0.0001178
0.00021432
-0.00013565
-0.00064303
-0.00090207
-0.0010005
-0.001037
-0.0010473
-0.001049
-0.0010505
-0.0010483
-0.0010385
-0.0010317
-0.0010343
-0.0010361
-0.0010362
-0.0010309
-0.0010206
-0.001005
-0.00099119
-0.00098736
-0.0010058
-0.0010501
-0.0011111
-0.0011529
-0.0011177
-0.00093554
-0.0005668
-5.5744e-05
0.00037034
0.00029481
-0.00031045
-0.00081992
-0.0010106
-0.0011153
-0.0011621
-0.0011603
-0.001155
-0.0011551
-0.0011545
-0.0011576
-0.0011631
-0.0011657
-0.0011649
-0.0011599
-0.0011537
-0.0011482
-0.0011475
-0.0011535
-0.0011676
-0.001185
-0.0011957
-0.0011927
-0.0011932
-0.0011981
-0.0011876
-0.0011731
-0.0011664
-0.0011679
-0.0011634
-0.0011674
-0.0011828
-0.0011847
-0.0011785
-0.0011626
-0.001136
-0.0011032
-0.001079
-0.0010769
-0.0010893
-0.0011097
-0.0011276
-0.0011307
-0.0011294
-0.001126
-0.001122
-0.0011174
-0.0011124
-0.0011051
-0.0010943
-0.0010786
-0.0010602
-0.0010452
-0.0010413
-0.0010262
-0.001015
-0.00099149
-0.0009767
-0.00096331
-0.00094813
-0.0009374
-0.00093691
-0.00095355
-0.00098728
-0.0010252
-0.0010344
-0.00096737
-0.00081347
-0.00058102
-0.00032824
-0.00018037
0.00013222
0.00020505
-0.00032799
-0.00072518
-0.000707
-0.00034664
0.00030106
0.001006
0.0013476
0.0014761
0.0015351
0.0015445
0.0015401
0.00153
0.0015182
0.0015137
0.0015089
0.0015126
0.0015211
0.0015225
0.0015342
0.0015422
0.0015504
0.0015577
0.0015592
0.0015664
0.0015679
0.0015656
0.0015677
0.0015733
0.0015803
0.001581
0.0015888
0.0015883
0.0015819
0.0015737
0.0015645
0.0015543
0.0015443
0.0015342
0.0015253
0.0015176
0.0015122
0.0015081
0.0015044
0.001496
0.0014803
0.0014769
0.0014858
0.0014954
0.0014947
0.0014886
0.0014842
0.001482
0.001484
0.001485
0.0014795
0.0014777
0.0014704
0.0014514
0.0014254
0.0013726
0.0012904
0.0011635
0.00098203
0.00079259
0.00067927
0.000537
0.00041682
0.00032427
0.00011717
-0.00023309
-0.00043385
-0.00050227
-0.00068033
-0.00082081
-0.00085741
-0.00086998
-0.00087369
-0.00087148
-0.00086772
-0.00086397
-0.00086063
-0.00085721
-0.00085337
-0.00084896
-0.00084405
-0.0008388
-0.00083333
-0.00082777
-0.00082221
-0.00081692
-0.00081215
-0.00080823
-0.000805
-0.00080169
-0.00079645
-0.00078682
-0.00077039
-0.00074697
-0.0007213
-0.0007041
-0.00069518
-0.00068951
-0.00068565
-0.00068219
-0.00067688
-0.00066746
-0.00065199
-0.00063066
-0.00060777
-0.00059237
-0.00058169
-0.00056778
-0.00054745
-0.00052232
-0.00049948
-0.00047794
-0.00045529
-0.00043759
-0.00043481
-0.00045584
-0.00048592
-0.00048874
-0.00041848
-0.00023402
7.03e-05
0.00043785
0.00068845
0.00053971
0.00013028
-0.00012335
-0.00020838
-0.00024623
-0.00024794
-0.0002286
-0.00021019
-0.00019665
-0.00018054
-0.00015749
-0.00012967
-0.00011223
-0.00013325
-0.0002135
-0.00035136
-0.00050655
-0.00059696
-0.00065915
-0.00068199
-0.00055034
-0.00037275
-0.00027419
-0.00024908
-0.00014644
-6.7127e-06
4.8916e-05
8.2361e-05
0.0001068
0.00012138
0.00012283
0.00010124
5.0154e-05
-1.7084e-05
-4.9418e-05
2.5816e-05
0.00014831
0.00019416
0.00022322
0.0002495
0.00026114
0.00026212
0.00025878
0.00025619
0.00025452
0.00025676
0.00026314
0.00027503
0.0002889
0.00029898
0.00030249
0.00030648
0.00031199
0.0003187
0.00032309
0.00032885
0.00033802
0.00034641
0.00035784
0.00037163
0.00037963
0.00037975
0.00037625
0.00037181
0.00036735
0.00036594
0.00036843
0.00037515
0.00038157
0.0003806
0.00036126
0.00031594
0.00024554
0.00017132
0.00014256
0.00022548
0.00036618
0.00045999
0.00054117
0.0005809
0.00051656
0.00040958
0.00036639
0.0003564
0.00038248
0.00046407
0.00059042
0.00072618
0.00088441
0.0011155
0.001235
0.0012063
0.001049
0.00086905
0.00060399
0.00035781
0.00041661
0.00067831
0.0010569
0.001384
0.001465
0.0013972
0.0011867
0.00085
0.00050131
0.00029102
0.0002171
0.00018583
0.00017044
0.00015856
0.00014734
0.00015013
0.00018634
0.00026137
0.00036235
0.00050924
0.00079046
0.0010089
0.0010049
0.00092222
0.00077104
0.00047143
0.00021274
0.00014679
0.00015206
0.00018886
0.00022513
0.00020221
0.00011746
8.6293e-05
7.0613e-05
5.6705e-05
5.1251e-05
4.8755e-05
4.8657e-05
4.7752e-05
4.6441e-05
4.4038e-05
4.1504e-05
3.8687e-05
3.5956e-05
3.3012e-05
3.0001e-05
2.7235e-05
2.5571e-05
2.6283e-05
3.0235e-05
3.7369e-05
4.4327e-05
4.5836e-05
4.5375e-05
4.3902e-05
3.9993e-05
3.3588e-05
2.4091e-05
1.36e-05
5.9643e-06
7.864e-06
1.4327e-05
2.1189e-05
2.1826e-05
1.9208e-05
1.3318e-05
5.6869e-06
-1.214e-06
-2.2387e-06
5.9269e-06
2.4744e-05
4.6563e-05
5.5581e-05
2.5455e-05
-6.8433e-05
-0.0002352
-0.00044157
-0.00058157
-0.0005034
-0.00031541
-0.00012436
-5.5517e-05
-3.0251e-05
-2.0671e-05
-2.8055e-05
-3.6192e-05
-4.768e-05
-5.1453e-05
-5.1663e-05
-4.8802e-05
-4.4908e-05
-4.0517e-05
-3.8403e-05
-4.0695e-05
-5.0361e-05
-6.7032e-05
-8.5763e-05
-9.3893e-05
-7.3088e-05
-5.012e-06
0.00011507
0.00026191
0.00035577
0.00028553
0.00012824
-2.7106e-05
-8.3719e-05
-0.00010498
-0.00011315
-0.00010632
-9.8272e-05
-9.3205e-05
-9.3031e-05
-9.4134e-05
-9.6999e-05
-9.8169e-05
-9.8099e-05
-9.4898e-05
-9.0282e-05
-8.4828e-05
-8.2564e-05
-8.1532e-05
-8.221e-05
-8.3945e-05
-8.7503e-05
-9.1458e-05
-9.4751e-05
-9.3985e-05
-9.1005e-05
-8.7271e-05
-8.578e-05
-8.5143e-05
-8.5174e-05
-8.5232e-05
-8.5643e-05
-8.5812e-05
-8.6177e-05
-8.6281e-05
-8.6584e-05
-8.6626e-05
-8.6788e-05
-8.6614e-05
-8.6533e-05
-8.6301e-05
-8.6599e-05
-8.7447e-05
-8.9511e-05
-9.2365e-05
-9.5396e-05
-9.654e-05
-9.6814e-05
-9.6508e-05
-9.6052e-05
-9.5436e-05
-9.5265e-05
-9.5638e-05
-9.7057e-05
-9.9168e-05
-0.00010137
-0.00010192
-0.00010167
-0.00010095
-0.00010016
-9.9351e-05
-9.8976e-05
-9.8973e-05
-9.9419e-05
-9.9725e-05
-9.9406e-05
-9.765e-05
-9.449e-05
-9.0627e-05
-8.8663e-05
-9.4288e-05
-0.0001133
-0.00014693
-0.00018815
-0.00021426
-0.00019353
-0.0001479
-0.00011127
-9.3544e-05
-8.558e-05
-8.1773e-05
-8.103e-05
-8.1113e-05
-8.136e-05
-8.1026e-05
-8.0558e-05
-7.976e-05
-7.8855e-05
-7.7393e-05
-7.683e-05
-7.6679e-05
-7.7881e-05
-8.0489e-05
-8.3558e-05
-8.4028e-05
-7.7911e-05
-6.0822e-05
-3.2048e-05
7.3132e-07
2.0606e-05
1.8669e-05
-3.2126e-07
-3.0523e-05
-6.1749e-05
-7.6119e-05
-8.0702e-05
-8.1028e-05
-7.7707e-05
-7.1707e-05
-6.4142e-05
-5.7526e-05
-5.4461e-05
-4.7053e-05
-4.106e-05
-3.4578e-05
-2.5085e-05
-1.5441e-05
-1.1016e-05
-1.1794e-05
-1.5169e-05
-2.0664e-05
-2.6809e-05
-3.1733e-05
-4.0241e-05
-5.1007e-05
-5.494e-05
-5.0799e-05
-4.7573e-05
-4.9422e-05
-4.9967e-05
-4.7727e-05
-4.5913e-05
-4.7244e-05
-5.4271e-05
-6.2915e-05
-6.9831e-05
-7.3133e-05
-7.3409e-05
-7.2616e-05
-7.1326e-05
-6.9879e-05
-6.8512e-05
-6.7281e-05
-6.6129e-05
-6.4912e-05
-6.3512e-05
-6.2099e-05
-6.0768e-05
-5.9454e-05
-5.8176e-05
-5.6925e-05
-5.5713e-05
-5.4518e-05
-5.3348e-05
-5.2182e-05
-5.103e-05
-4.9875e-05
-4.8731e-05
-4.7591e-05
-4.6482e-05
-4.5407e-05
-4.4391e-05
-4.3416e-05
-4.2462e-05
-4.1455e-05
-4.0341e-05
-3.9069e-05
-3.7708e-05
-3.6437e-05
-3.5601e-05
-3.5574e-05
-3.6596e-05
-3.8429e-05
-4.0013e-05
-3.9409e-05
-3.6126e-05
-3.2029e-05
-2.8902e-05
-2.726e-05
-2.6143e-05
-2.5237e-05
-2.4463e-05
-2.3699e-05
-2.2923e-05
-2.2103e-05
-2.1273e-05
-2.043e-05
-1.9603e-05
-1.8786e-05
-1.8008e-05
-1.7274e-05
-1.661e-05
-1.5995e-05
-1.5388e-05
-1.4678e-05
-1.3739e-05
-1.2457e-05
-1.0883e-05
-9.3018e-06
-8.2593e-06
-7.9418e-06
-8.0168e-06
-8.2721e-06
-8.4029e-06
-8.1479e-06
-7.6295e-06
-7.0148e-06
-6.3661e-06
-5.7009e-06
-5.0444e-06
-4.3982e-06
-3.7551e-06
-3.1099e-06
-2.4735e-06
-1.8445e-06
-1.2327e-06
-6.1996e-07
2.5099e-10
6.4406e-07
1.3027e-06
1.9722e-06
2.6239e-06
3.2129e-06
3.7472e-06
4.34e-06
4.9175e-06
5.4836e-06
6.0111e-06
6.5526e-06
7.0729e-06
7.6345e-06
8.2274e-06
8.7988e-06
9.3377e-06
9.8772e-06
1.0405e-05
1.0927e-05
1.1468e-05
1.2026e-05
1.2589e-05
1.3151e-05
1.3708e-05
1.4254e-05
1.48e-05
1.5349e-05
1.5899e-05
1.6447e-05
1.6995e-05
1.7542e-05
1.8087e-05
1.8631e-05
1.9173e-05
1.9714e-05
2.0254e-05
2.0792e-05
2.1329e-05
2.1865e-05
2.2399e-05
2.2932e-05
2.3464e-05
2.3994e-05
2.4524e-05
2.5052e-05
2.5578e-05
2.6103e-05
2.6627e-05
2.7149e-05
