0.00026847
0.00026846
0.00026839
0.00026827
0.00026809
0.00026785
0.00026758
0.00026725
0.00026688
0.00026646
0.00026599
0.00026543
0.00026482
0.00026416
0.00026347
0.00026262
0.00026152
0.00026016
0.00025869
0.00025722
0.00025588
0.00025483
0.00025443
0.00025471
0.00025558
0.00025619
0.00025632
0.00025726
0.00025815
0.00025621
0.00025309
0.0002514
0.00025151
0.00025119
0.00024797
0.00024129
0.00023301
0.00022863
0.00022618
0.00021884
0.0002102
0.00020744
0.00021151
0.00022053
0.00023486
0.0002511
0.00026568
0.00027415
0.00027556
0.00026573
0.00024973
0.00023602
0.00023316
0.00023323
0.00021943
0.00019591
0.00017633
0.00016821
0.00016623
0.00015957
0.00015465
0.00016396
0.00019632
0.00024153
0.00027243
0.00028259
0.00027824
0.00026937
0.00025883
0.0002439
0.00023278
0.00023872
0.00025605
0.00026718
0.00023223
0.00016581
0.00011174
9.3935e-05
9.4405e-05
7.1907e-05
4.4904e-05
6.3311e-05
0.00011742
0.00016916
0.00018123
0.00018572
0.00023618
0.00031023
0.00035216
0.0002751
0.00015067
0.00011078
0.00014461
0.0001832
0.00020282
0.00021889
0.00024658
0.00027412
0.00028531
0.00028439
0.00027324
0.00023022
0.00011265
-7.3615e-05
-0.00013633
-4.6698e-05
-1.4813e-06
-5.921e-05
-0.00013647
-0.00017967
-0.00019095
-0.00017075
-0.0001115
5.6149e-06
0.00014591
0.00027787
0.00039891
0.00048696
0.00050562
0.00050358
0.00052071
0.00052055
0.00046519
0.00032827
0.00015214
-1.045e-05
-0.00012206
-0.00020163
-0.00026706
-0.00028048
-0.00020857
-6.9538e-05
7.9522e-05
0.00015891
0.00020079
0.0002691
0.00034397
0.00039764
0.00045441
0.00050532
0.00051161
0.00046225
0.00036316
0.00013193
-0.00014502
-0.00029691
-0.00024858
-5.2897e-05
3.5928e-05
-3.0722e-05
-0.00012074
-0.00010145
2.1816e-05
0.00010186
8.4455e-05
8.1182e-06
-8.1728e-05
-0.00017998
-0.00031003
-0.0004218
-0.00036508
-0.0001643
7.9015e-05
0.00019516
0.00018225
0.00019145
0.00024213
0.00023463
0.00015029
4.6807e-05
2.1672e-06
-5.5548e-05
-0.00024542
-0.00040436
-0.00040841
-0.00053739
-0.00074223
-0.00070626
-0.0005672
-0.0005761
-0.00073674
-0.00086236
-0.00077013
-0.00045208
-9.9831e-06
0.00039088
0.00067878
0.00082268
0.00080831
0.00057145
0.00019636
-0.00016047
-0.00035053
-0.00052523
-0.00088698
-0.0013266
-0.0016214
-0.0016163
-0.0013159
-0.00073005
-0.00019416
0.0001308
0.00034638
0.00053887
0.00059427
0.00058905
0.00066837
0.00085685
0.0010057
0.00086945
0.00035653
-0.00052502
-0.0012254
-0.0015268
-0.0017126
-0.0019074
-0.0019382
-0.0016505
-0.0010776
-0.00065046
-0.00050312
-0.00051361
-0.00053186
-0.00050853
-0.00031495
-1.8969e-05
9.4548e-05
7.6646e-05
0.00014216
0.00011914
-0.00022786
-0.00084351
-0.0014702
-0.0019033
-0.0019655
-0.001628
-0.0010487
-0.00046698
-0.00020099
-9.2119e-06
0.00045998
0.00085059
0.00078509
-0.00010796
-0.0014728
-0.0027218
-0.0031189
-0.0024544
-0.0012847
-0.00031928
8.4223e-05
0.00025457
0.00049655
0.00072433
0.00070807
2.9549e-06
-0.0013331
-0.0029013
-0.0037442
-0.0036868
-0.0030505
-0.0024265
-0.0021851
-0.0015849
-3.2164e-05
0.00174
0.0028499
0.0028199
0.0018838
0.00025609
-0.00084266
-0.00092772
-0.00013255
0.00058408
0.00040278
-0.0005924
-0.0019094
-0.0026132
-0.0024685
-0.0014781
-0.00042001
0.00013564
0.00034456
0.00060227
0.001111
0.0015701
0.0015817
0.0010135
1.9167e-06
-0.00088652
-0.0014404
-0.0017515
-0.0019529
-0.002087
-0.0022655
-0.0024072
-0.0022256
-0.0015794
-0.00045048
0.00063882
0.0013433
0.0014002
0.0010975
0.00081649
0.00045175
-0.00023552
-0.0010227
-0.0015507
-0.001455
-0.00053699
0.0011083
0.0030436
0.004838
0.005999
0.0061526
0.0048886
0.0026683
0.00014434
-0.0026038
-0.005013
-0.0061572
-0.0058964
-0.0048115
-0.0028727
-0.00065625
0.00072383
0.0011246
0.0010409
0.00077518
0.00048417
0.00060284
0.00087707
0.00085251
0.00068013
0.00065943
0.00085592
0.0010419
0.00098036
0.00042543
-0.0006924
-0.0021071
-0.0034749
-0.0046309
-0.0051675
-0.0047579
-0.0032746
-0.001432
-1.9308e-05
0.00094351
0.0017121
0.0024314
0.0031315
0.0039467
0.0043819
0.0037576
0.0022368
0.00027997
-0.0013749
-0.0025376
-0.0034284
-0.0043994
-0.0054285
-0.0059698
-0.0058974
-0.0052864
-0.0044561
-0.0035715
-0.0022164
-0.00027029
0.0018264
0.0034473
0.0042386
0.0042783
0.0037344
0.0030959
0.0026732
0.0025575
0.0025511
0.0024705
0.0021705
0.0013901
-0.00054866
-0.0035036
-0.0066378
-0.0080129
-0.007347
-0.0047511
-0.0015373
0.0012447
0.0031857
0.0046221
0.0055168
0.0057339
0.0047743
0.0029648
0.0011155
0.0005486
0.00083907
0.00076002
0.00018827
-0.00022713
0.00028341
0.0013316
0.0015525
0.00059174
-0.00094171
-0.0022107
-0.0030258
-0.003475
-0.0029327
-0.00093768
0.0020444
0.0052034
0.0072063
0.0076057
0.0065657
0.0046842
0.002223
4.9109e-05
-0.0011435
-0.001113
-0.00059836
-0.00029806
-0.00071103
-0.0019547
-0.0040003
-0.005736
-0.0064032
-0.0048553
-0.0019809
0.00061479
0.0019246
0.0020408
0.0014915
0.0011171
0.0015886
0.0024659
0.0031164
0.0034098
0.0032134
0.0018177
-0.00021488
-0.0019908
-0.0033064
-0.0043504
-0.0049323
-0.0049519
-0.004476
-0.0035481
-0.0025297
-0.0018778
-0.00096325
0.0007114
0.0017713
0.0017898
0.0020904
0.0026675
0.0023509
0.00058831
-0.0017656
-0.0032058
-0.002947
-0.00086492
0.0011344
0.0019326
0.0015037
0.00034674
-0.0014354
-0.0037485
-0.0059207
-0.006617
-0.0058567
-0.0040613
-0.0017385
0.00088939
0.0040909
0.0071699
0.0084083
0.0079315
0.0068841
0.0060311
0.0049976
0.0029766
0.00047158
-0.0016576
-0.0032997
-0.0040092
-0.0030479
-0.0014336
-0.00022842
-0.0003791
-0.0016977
-0.0033145
-0.0039152
-0.0031
-0.0016918
-0.00047639
0.00017613
0.00047091
0.00067048
0.00060704
-0.00010019
-0.0018091
-0.0039659
-0.0056198
-0.0049252
-0.0024558
0.00034696
0.0021198
0.002445
0.0012049
-0.00064776
-0.0022828
-0.0032484
-0.0034869
-0.002981
-0.0023243
-0.0022305
-0.0033219
-0.0050964
-0.0062338
-0.0060339
-0.0044516
-0.0026503
-0.0014233
-0.00076199
8.1089e-05
0.0015919
0.0032712
0.0040432
0.0026423
-0.0003482
-0.0034056
-0.0040641
-0.0024479
0.00059257
0.0038919
0.0068442
0.0086479
0.0090372
0.0079511
0.0055145
0.0019614
-0.0019395
-0.0055929
-0.0087595
-0.010971
-0.011896
-0.011226
-0.0093822
-0.0068902
-0.0037977
-0.00062749
0.0010621
0.0010949
2.1692e-05
-0.00034687
0.00074791
0.0028652
0.00519
0.0072649
0.0077361
0.006345
0.0039526
0.00159
-0.00053399
-0.0028456
-0.0048065
-0.0053331
-0.0049209
-0.0044394
-0.0037793
-0.002697
-0.0013467
-0.00053493
-0.00039198
-0.00016893
-0.00022728
-0.0016148
-0.0036839
-0.0052215
-0.0054638
-0.0044056
-0.0025362
-0.0012022
-0.0010631
-0.0022374
-0.003837
-0.0049115
-0.0040304
-0.0015669
0.0017606
0.0045361
0.0058971
0.0056015
0.0045942
0.0035106
0.0023716
0.00082673
-0.0020394
-0.0058052
-0.0092837
-0.01118
-0.010942
-0.008107
-0.0045502
-0.0021151
-0.0014728
-0.0013267
-0.00034122
0.0014294
0.00324
0.0044219
0.0046193
0.0035569
0.00098665
-0.0026106
-0.0061864
-0.0090016
-0.010967
-0.011948
-0.012096
-0.011396
-0.0089867
-0.0048839
-0.00019199
0.0035129
0.0052339
0.0051536
0.0042466
0.0034565
0.0030247
0.0027556
0.0023467
0.0015812
0.00021813
-0.0011571
-0.0019729
-0.0023231
-0.0030915
-0.0048912
-0.0061177
-0.0057727
-0.0044509
-0.0031479
-0.00211
-0.00096461
0.00042213
0.0017884
0.0032161
0.004856
0.0063011
0.0070516
0.0068163
0.0056504
0.0038075
0.0014271
-0.0013671
-0.0042505
-0.0058063
-0.0054298
-0.0033997
-0.001532
-0.0008357
-0.0019772
-0.0041823
-0.0065024
-0.0087944
-0.010813
-0.011905
-0.011478
-0.0092163
-0.0050167
-0.00059363
0.0021779
0.0032184
0.0031782
0.0025013
0.0015145
0.00049763
0.00050879
0.0016173
0.0027239
0.0033124
0.0036589
0.0039279
0.0033438
0.00088974
-0.0026917
-0.0055968
-0.0058305
-0.0031939
0.0012061
0.0054592
0.0085342
0.0096482
0.0092783
0.0077256
0.0058927
0.0042428
0.0025967
0.0012669
0.00034267
-0.00071295
-0.0023441
-0.0047259
-0.0080245
-0.011616
-0.013979
-0.013447
-0.0095801
-0.0029312
0.0042329
0.0098596
0.012775
0.011971
0.008712
0.0046435
0.00045875
-0.0032876
-0.0062044
-0.0079138
-0.0080669
-0.0062985
-0.0038566
-0.0018171
-0.00058523
-0.00037161
-0.001466
-0.0021424
-0.0013414
-0.00035686
-0.00065902
-0.0024712
-0.0040488
-0.0041862
-0.0028824
-0.0015131
-0.001016
-0.00097509
-0.0004703
0.0011512
0.0030918
0.0043212
0.0045075
0.0038836
0.0025488
0.0016715
0.0019737
0.0022778
0.0019596
0.0017871
0.0020133
0.0022192
0.0019522
0.0014688
0.0012666
0.00073191
-0.00074936
-0.0031712
-0.0057658
-0.0078331
-0.0084469
-0.0074568
-0.0051058
-0.0024727
-0.00018771
0.0010197
0.001454
0.0015279
0.0014402
0.0010123
-0.00062825
-0.0036067
-0.007358
-0.010001
-0.010675
-0.009615
-0.0072426
-0.0037933
-3.3522e-05
0.0031374
0.0045086
0.0042987
0.0029704
0.0015787
0.0010596
0.0022709
0.0041977
0.0054787
0.004218
0.00066053
-0.0031305
-0.0044288
-0.0025308
0.0008028
0.0031222
0.0027468
0.00029871
-0.0028464
-0.0052411
-0.0063536
-0.0062725
-0.0059858
-0.0057868
-0.0047651
-0.0029437
-0.0011637
-0.00024344
-0.00030235
-0.00080502
-0.001715
-0.0040497
-0.0075605
-0.011177
-0.013542
-0.013192
-0.0088466
-0.0014717
0.0066752
0.011616
0.011309
0.0073478
0.00043179
-0.0069714
-0.012333
-0.014569
-0.013694
-0.011281
-0.009957
-0.0094895
-0.0080654
-0.0043398
0.001287
0.0059889
0.0086609
0.0096597
0.0096775
0.0084853
0.0064744
0.0037325
-0.00053248
-0.0060817
-0.011575
-0.013564
-0.011723
-0.0077178
-0.0026028
0.0037878
0.0097826
0.013959
0.014957
0.012328
0.0051706
-0.0045414
-0.013077
-0.018131
-0.01891
-0.017125
-0.014885
-0.011969
-0.0070021
-0.00077441
0.0050925
0.0063289
0.00054392
-0.0076146
-0.010567
-0.0065529
-0.001186
0.0018988
0.0012773
-0.0017815
-0.0055465
-0.0089873
-0.011959
-0.011919
-0.0075346
-0.0024121
0.00099105
0.0028208
0.0043522
0.0062353
0.0074483
0.0063537
0.0022529
-0.0036571
-0.0093781
-0.014071
-0.017631
-0.017882
-0.015747
-0.013753
-0.012454
-0.010932
-0.0090088
-0.0077569
-0.0090933
-0.011792
-0.013763
-0.01435
-0.014741
-0.016009
-0.016843
-0.01565
-0.011704
-0.0062013
-2.3297e-05
0.004485
0.0057676
0.0033503
-0.00098301
-0.003676
-0.0027648
0.00044851
-0.00088278
-0.0091695
-0.020311
-0.028378
-0.032369
-0.032691
-0.030655
-0.029049
-0.02833
-0.027196
-0.024424
-0.019905
-0.016303
-0.014416
-0.011219
-0.0056491
0.00090849
0.0063297
0.0099653
0.011572
0.011326
0.0050881
-0.0078954
-0.019056
-0.023864
-0.022023
-0.015106
-0.0066136
0.00047622
0.0028942
0.0020477
0.00022361
-0.0013557
-0.0030359
-0.0050677
-0.0074039
-0.0092634
-0.0073447
-0.0030602
-0.00042033
-0.0028301
-0.010124
-0.016878
-0.019276
-0.017275
-0.014878
-0.014243
-0.014306
-0.013108
-0.0099556
-0.0060671
-0.0027889
-0.0014723
-0.0020915
-0.0049811
-0.0088798
-0.01226
-0.011451
-0.0045302
0.0042973
0.011149
0.012981
0.0098684
0.0048391
-0.00017374
-0.0035538
-0.0048394
-0.0050902
-0.0054654
-0.0061293
-0.0066714
-0.0066101
-0.0047382
-0.0020902
-0.00077421
-0.0019788
-0.0046561
-0.0064673
-0.0063707
-0.0058403
-0.0062417
-0.0071641
-0.0077582
-0.0079619
-0.009821
-0.014352
-0.018494
-0.019249
-0.015876
-0.01055
-0.0052058
-0.0034452
-0.0047859
-0.0071778
-0.0081409
-0.0068868
-0.0041892
-0.0020459
-0.0021519
-0.0020251
0.001058
0.0078934
0.015565
0.018132
0.013373
0.0053342
-0.0020285
-0.0046702
-0.004137
-0.0036394
-0.0048213
-0.0072776
-0.010345
-0.012402
-0.01199
-0.0088469
-0.0034066
0.0014605
0.0016379
-0.0050374
-0.016912
-0.027347
-0.031096
-0.028571
-0.023782
-0.018733
-0.013292
-0.0075057
-0.00208
0.0014791
0.0022732
0.00032278
-0.0027565
-0.0039412
-0.0028986
-0.001087
0.00054696
0.0023475
0.0049514
0.0077488
0.0096074
0.0096606
0.0084008
0.0067326
0.0050971
0.0034584
0.0018546
0.0002212
-0.0017161
-0.0038753
-0.0057909
-0.0061648
-0.0053116
-0.0042319
-0.0034291
-0.0025681
7.8635e-05
0.0048428
0.010395
0.013576
0.011711
0.0054795
-0.0021793
-0.0082695
-0.010925
-0.010274
-0.0081017
-0.0051222
0.00068884
0.011206
0.025513
0.035568
0.034139
0.024057
0.01334
0.0053241
0.00037726
0.0021864
0.012336
0.024314
0.030017
0.030443
0.030212
0.030503
0.029386
0.025615
0.019485
0.011194
0.0029119
-0.0029609
-0.0033312
0.0020965
0.0084197
0.012627
0.014033
0.013069
0.0099712
0.0060491
0.0023612
-0.0024263
-0.0082293
-0.0097566
-0.005336
0.0009542
0.0045095
0.0014901
-0.0062818
-0.016518
-0.025345
-0.028186
-0.02271
-0.011457
0.0014404
0.010385
0.015311
0.017749
0.018549
0.016212
0.011876
0.008659
0.010342
0.0166
0.026381
0.036011
0.041182
0.039965
0.033829
0.025326
0.016479
0.0093542
0.0054147
0.0040609
0.0038889
0.002586
-0.0011699
-0.0040293
-0.0014076
0.0052072
0.012563
0.017885
0.021234
0.022192
0.020402
0.015941
0.010676
0.0060165
0.0019254
-0.002755
-0.0086509
-0.013722
-0.015536
-0.012121
-0.0057661
0.00059866
0.005533
0.0092764
0.0098298
0.0074497
0.0030207
-0.00070435
-0.0017163
0.00086783
0.0047572
0.0075637
0.0099306
0.013286
0.01688
0.018633
0.016176
0.011081
0.0064673
0.0063904
0.0085068
0.007346
0.00099178
-0.0081383
-0.015029
-0.018779
-0.021183
-0.023211
-0.025018
-0.027125
-0.029904
-0.032611
-0.030084
-0.019671
-0.0044984
0.0080574
0.011203
0.0098996
0.010827
0.016265
0.025554
0.036197
0.047095
0.055759
0.058785
0.055514
0.048397
0.037955
0.023747
0.0058746
-0.015267
-0.034429
-0.044924
-0.044704
-0.037778
-0.028018
-0.019644
-0.013876
-0.010319
-0.0087715
-0.0081458
-0.008328
-0.0085588
-0.008138
-0.0055653
-0.0016845
0.0017132
0.0044771
0.0071571
0.0076941
0.0054759
0.0018243
-0.0017433
-0.0045139
-0.0051476
-0.0035578
-0.00082939
0.0027646
0.0081922
0.015145
0.022403
0.028294
0.032122
0.032765
0.030784
0.026668
0.021923
0.018616
0.019369
0.022802
0.026035
0.025339
0.019973
0.011004
0.0032799
-0.00048152
0.0010397
0.0060507
0.012569
0.017306
0.019161
0.019187
0.018852
0.019335
0.021303
0.025341
0.031533
0.038496
0.042403
0.04262
0.039475
0.034612
0.029692
0.02934
0.036558
0.047715
0.058732
0.066179
0.069759
0.069952
0.068771
0.065891
0.05844
0.042853
0.025
0.010364
-0.0028773
-0.01557
-0.026979
-0.036032
-0.042519
-0.047664
-0.053448
-0.061196
-0.070623
-0.079753
-0.08923
-0.10074
-0.1133
-0.12269
-0.12511
-0.11928
-0.11002
-0.099731
-0.089425
-0.082697
-0.079786
-0.076974
-0.072245
-0.064262
-0.054102
-0.040372
-0.022197
-0.0022612
0.017737
0.039008
0.060934
0.080107
0.093556
0.10057
0.099704
0.09064
0.076597
0.06003
0.040643
0.023746
0.017895
0.024691
0.037667
0.047605
0.050942
0.048323
0.03871
0.020567
-0.0031739
-0.025111
-0.042058
-0.056322
-0.067319
-0.075647
-0.08148
-0.081924
-0.073842
-0.056591
-0.03573
-0.011754
0.018712
0.050942
0.081024
0.1047
0.11869
0.12137
0.11357
0.10052
0.088848
0.082856
0.080684
0.081243
0.084012
0.088642
0.093929
0.099008
0.10087
0.095127
0.073917
0.044025
0.016045
-0.0049799
-0.019616
-0.027809
-0.034249
-0.044501
-0.058528
-0.072904
-0.084577
-0.092528
-0.097609
-0.10104
-0.1004
-0.093661
-0.079949
-0.062092
-0.046981
-0.039944
-0.037402
-0.033815
-0.029074
-0.026017
-0.025826
-0.02839
-0.032161
-0.035904
-0.039439
-0.042914
-0.045971
-0.048658
-0.051375
-0.054927
-0.059262
-0.063967
-0.06937
-0.074959
-0.078777
-0.080173
-0.080009
-0.079879
-0.080076
-0.079876
-0.077674
-0.072797
-0.065456
-0.056202
-0.043557
-0.02814
-0.0092365
0.013305
0.035503
0.061242
0.089469
0.11545
0.13982
0.16232
0.17869
0.18735
0.19023
0.18718
0.18105
0.1756
0.1709
0.16521
0.15826
0.15166
0.14681
0.1438
0.14305
0.14521
0.15116
0.15909
0.16677
0.17219
0.17556
0.17597
0.17314
0.16822
0.16175
0.15354
0.1442
0.13347
0.12101
0.10854
0.099017
0.093933
0.094189
0.097314
0.10149
0.10523
0.10854
0.11304
0.11848
0.1223
0.12403
0.12474
0.12638
0.12956
0.13323
0.13652
0.13962
0.14275
0.14574
0.14752
0.14788
0.14706
0.14586
0.14482
0.14356
0.14137
0.13764
0.13224
0.1253
0.11663
0.10812
0.10159
0.096574
0.091373
0.08527
0.079897
0.076264
0.07374
0.070744
0.066914
0.064538
0.063549
0.061656
0.057939
0.052786
0.045366
0.037121
0.030292
0.025588
0.021938
0.018416
0.014356
0.0091485
0.0013178
-0.010589
-0.027424
-0.048472
-0.071126
-0.09564
-0.12125
-0.14589
-0.16677
-0.18428
-0.19825
-0.20967
-0.21644
-0.21894
-0.21936
-0.21952
-0.21702
-0.21128
-0.20436
-0.19487
-0.1802
-0.15913
-0.13503
-0.10982
-0.087441
-0.072927
-0.067366
-0.066118
-0.06493
-0.061076
-0.054597
-0.044121
-0.025351
-0.0033902
0.016281
0.036769
0.05414
0.063143
0.066537
0.0668
0.065045
0.062864
0.060407
0.059472
0.061542
0.067185
0.073749
0.078978
0.082023
0.080633
0.075412
0.066317
0.054195
0.042668
0.032938
0.023732
0.013739
0.0034278
-0.0063642
-0.015645
-0.025228
-0.036237
-0.049515
-0.062737
-0.074427
-0.085805
-0.096566
-0.10664
-0.11779
-0.1311
-0.14477
-0.15637
-0.16724
-0.1775
-0.18478
-0.18931
-0.19211
-0.19259
-0.19011
-0.18388
-0.17497
-0.16455
-0.15051
-0.13338
-0.11524
-0.098042
-0.083546
-0.071204
-0.06135
-0.054932
-0.051017
-0.048894
-0.046608
-0.042954
-0.035318
-0.024379
-0.012488
-0.0030967
0.0029303
0.0066125
0.0083503
0.0088316
0.0084857
0.0077438
0.0062148
0.0036335
0.0010866
-0.00018181
0.00021638
-0.00045299
-0.0045304
-0.011497
-0.019042
-0.025614
-0.02919
-0.029774
-0.02816
-0.025344
-0.022286
-0.021123
-0.022045
-0.024014
-0.025364
-0.025568
-0.024895
-0.023532
-0.021099
-0.018623
-0.016984
-0.017007
-0.019999
-0.02737
-0.036861
-0.046872
-0.058248
-0.070075
-0.080116
-0.087387
-0.091796
-0.094996
-0.097243
-0.097788
-0.095139
-0.090546
-0.085809
-0.080235
-0.073651
-0.068118
-0.064575
-0.062768
-0.060816
-0.057527
-0.05186
-0.042545
-0.025212
0.0042463
0.043408
0.081452
0.11168
0.13295
0.14717
0.15587
0.16061
0.16396
0.16668
0.16779
0.16628
0.16209
0.15465
0.1429
0.12447
0.095777
0.050636
-0.0061297
-0.05467
-0.084687
-0.087571
-0.068815
-0.044061
-0.029036
-0.024891
-0.027931
-0.030265
-0.030093
-0.028942
-0.026805
-0.024087
-0.021082
-0.016962
-0.012578
-0.0097514
-0.0087411
-0.0087726
-0.0081429
-0.0071823
-0.007977
-0.011452
-0.016874
-0.022289
-0.026279
-0.028929
-0.031171
-0.034257
-0.038913
-0.044521
-0.050447
-0.056778
-0.062523
-0.066222
-0.066307
-0.062918
-0.057429
-0.053036
-0.050872
-0.052237
-0.055642
-0.058716
-0.059321
-0.057199
-0.052609
-0.046089
-0.037889
-0.024328
-0.00082725
0.028404
0.050655
0.063565
0.068553
0.069506
0.071538
0.075409
0.079058
0.081493
0.082903
0.084432
0.087439
0.091729
0.096531
0.1006
0.1034
0.10343
0.10046
0.09478
0.086213
0.073537
0.056244
0.037266
0.017737
-0.00022416
-0.012668
-0.017158
-0.015272
-0.0092828
-0.0017764
0.0019627
-0.00031622
-0.0057896
-0.013119
-0.023078
-0.034835
-0.045988
-0.0561
-0.065139
-0.071303
-0.071671
-0.064894
-0.050665
-0.029388
-0.0030167
0.021338
0.041069
0.053001
0.055942
0.054616
0.052812
0.049487
0.043918
0.039148
0.037872
0.039545
0.042135
0.043846
0.044999
0.046587
0.048459
0.049095
0.046133
0.039134
0.029112
0.0182
0.0069516
-0.0052
-0.018127
-0.029634
-0.038549
-0.04506
-0.050627
-0.056503
-0.06344
-0.070673
-0.076932
-0.081267
-0.083268
-0.083152
-0.081786
-0.079207
-0.074555
-0.066404
-0.054357
-0.041156
-0.029834
-0.022564
-0.017447
-0.013205
-0.010238
-0.010001
-0.012674
-0.016952
-0.021241
-0.024354
-0.026073
-0.026635
-0.027534
-0.03027
-0.034879
-0.040394
-0.045748
-0.048331
-0.047468
-0.042206
-0.033633
-0.023269
-0.012236
-0.00079759
0.0083635
0.014626
0.018761
0.021115
0.02139
0.019488
0.015177
0.010594
0.0068141
0.0031521
-0.00039166
-0.0033206
-0.0052526
-0.0059633
-0.0052923
-0.002548
0.0014286
0.00534
0.0070459
0.0053006
-0.00038792
-0.0085469
-0.01767
-0.025892
-0.031904
-0.035034
-0.035836
-0.034621
-0.030574
-0.025792
-0.022526
-0.020961
-0.020275
-0.020224
-0.021258
-0.023838
-0.026718
-0.029038
-0.031146
-0.033224
-0.034944
-0.03561
-0.035373
-0.034515
-0.033374
-0.031977
-0.029566
-0.02615
-0.022076
-0.018231
-0.015177
-0.013195
-0.0126
-0.014128
-0.016642
-0.018504
-0.017957
-0.015119
-0.010807
-0.0059642
-0.00080391
0.0035215
0.006705
0.0089516
0.011598
0.015884
0.020884
0.024955
0.024988
0.020928
0.014069
0.0042895
-0.0063855
-0.014486
-0.019507
-0.022504
-0.023381
-0.021761
-0.018086
-0.013412
-0.0090168
-0.005533
-0.0027847
-0.00075765
-0.00033727
-0.00067084
-0.00017155
0.00096433
0.0019044
0.0026195
0.0027052
0.001432
-0.00042853
-0.00201
-0.0032319
-0.0040074
-0.0042951
-0.0047435
-0.0058005
-0.0075113
-0.0098467
-0.012289
-0.013827
-0.015145
-0.017629
-0.023045
-0.030938
-0.039824
-0.047233
-0.052832
-0.05634
-0.054811
-0.049753
-0.04328
-0.037526
-0.032773
-0.028669
-0.024288
-0.019154
-0.01294
-0.0054969
0.0036092
0.014264
0.026568
0.038689
0.045831
0.0475
0.04708
0.044811
0.040057
0.032952
0.023732
0.013882
0.0058187
0.0006788
-0.0012737
-0.0015218
-0.0013896
-0.0015167
-0.0015538
-0.00083124
0.00083005
0.0033073
0.0059273
0.0080814
0.0085879
0.0072382
0.004192
-0.0010399
-0.008539
-0.017017
-0.023934
-0.028644
-0.03194
-0.032729
-0.031345
-0.029334
-0.029372
-0.032473
-0.038503
-0.04604
-0.053603
-0.05944
-0.062366
-0.062434
-0.060714
-0.058295
-0.055428
-0.052355
-0.049293
-0.046842
-0.045307
-0.044653
-0.04458
-0.044837
-0.045056
-0.044412
-0.04124
-0.034584
-0.024454
-0.0090245
0.010703
0.02981
0.044992
0.055996
0.062639
0.064791
0.065111
0.064468
0.063704
0.063351
0.062239
0.059584
0.055555
0.051042
0.04638
0.041209
0.036357
0.032395
0.028837
0.025024
0.021055
0.018308
0.01806
0.021051
0.026948
0.03433
0.041721
0.047762
0.050384
0.050383
0.048871
0.046509
0.043673
0.041098
0.040475
0.042614
0.046324
0.049828
0.052293
0.054073
0.054259
0.050931
0.045348
0.039819
0.032841
0.023033
0.013031
0.0058191
0.0017258
-0.00011443
-0.0014283
-0.0031103
-0.005158
-0.0072958
-0.0091788
-0.010753
-0.012176
-0.013774
-0.015656
-0.017671
-0.018668
-0.017692
-0.014039
-0.0092556
-0.0052854
-0.0035854
-0.0042647
-0.0065705
-0.009974
-0.013874
-0.017873
-0.021624
-0.02435
-0.025438
-0.024925
-0.023592
-0.022419
-0.022089
-0.023007
-0.024952
-0.026169
-0.025653
-0.023492
-0.02002
-0.015299
-0.010288
-0.0054244
-0.0014698
0.00098259
0.0014144
0.00096203
0.0010372
0.0022902
0.0045115
0.0069904
0.0090935
0.01047
0.011694
0.013359
0.01553
0.017848
0.019942
0.020876
0.019703
0.017528
0.015353
0.01287
0.010644
0.0094448
0.0093283
0.0095682
0.0090631
0.0078932
0.0068941
0.0073367
0.0087046
0.0096893
0.010047
0.010084
0.0084019
0.0039973
-0.0023976
-0.0097314
-0.016364
-0.020314
-0.020933
-0.017598
-0.01074
-0.0037199
0.0013955
0.0051523
0.0069112
0.0069504
0.0054855
0.0038784
0.0033125
0.0043275
0.0062141
0.0086055
0.011254
0.014031
0.016908
0.019678
0.02182
0.023105
0.023244
0.021365
0.017593
0.013014
0.0085821
0.0045368
0.001253
-0.0013131
-0.0032952
-0.0046278
-0.0052339
-0.0050962
-0.0046582
-0.0042236
-0.003244
-0.0012812
0.0016488
0.0043384
0.0055478
0.0045465
0.0016619
-0.0024933
-0.0062427
-0.0084199
-0.0084335
-0.0073364
-0.0059521
-0.0052245
-0.0053933
-0.0051439
-0.0040512
-0.0027483
-0.001104
0.0013755
0.0046798
0.0083189
0.011382
0.013386
0.014276
0.014668
0.014667
0.013207
0.010059
0.0056552
0.00040648
-0.0055798
-0.012234
-0.017867
-0.021583
-0.023898
-0.024947
-0.024557
-0.02348
-0.022459
-0.022037
-0.022867
-0.025762
-0.030098
-0.035313
-0.041785
-0.047871
-0.052186
-0.054882
-0.056378
-0.056707
-0.055915
-0.054166
-0.050985
-0.0461
-0.039743
-0.032046
-0.023347
-0.014196
-0.0053239
0.0012365
0.0056602
0.0069457
0.0056535
0.0030985
-0.00019365
-0.0038321
-0.0067076
-0.0090115
-0.011563
-0.014898
-0.018472
-0.021504
-0.023803
-0.026016
-0.029094
-0.032037
-0.033539
-0.033023
-0.030617
-0.026327
-0.021124
-0.015672
-0.010408
-0.0054324
-0.0011096
0.002665
0.006727
0.011863
0.018999
0.026008
0.030872
0.033439
0.034233
0.033517
0.031672
0.029806
0.029703
0.031802
0.03374
0.033615
0.03024
0.022436
0.0098014
-0.0043244
-0.017395
-0.027023
-0.031314
-0.03189
-0.02773
-0.020578
-0.014234
-0.0098928
-0.0065405
-0.0045953
-0.0046577
-0.0067825
-0.010839
-0.016593
-0.023936
-0.031154
-0.035386
-0.034839
-0.030088
-0.021876
-0.011701
-0.0013104
0.0078879
0.015936
0.020407
0.021362
0.019464
0.016346
0.013223
0.010921
0.0096351
0.0095022
0.0103
0.011578
0.012985
0.014235
0.015158
0.016898
0.020159
0.023881
0.027408
0.031258
0.034715
0.036433
0.036715
0.036148
0.034349
0.031336
0.02753
0.023623
0.019606
0.014892
0.010613
0.00747
0.0046375
0.0019108
-0.00039028
-0.0029958
-0.0054655
-0.0063625
-0.0063953
-0.0067593
-0.0077937
-0.0093122
-0.01117
-0.012389
-0.012495
-0.010897
-0.0089236
-0.0083552
-0.0089904
-0.0097171
-0.0090723
-0.0063074
-0.0013089
0.0042254
0.009063
0.011406
0.011565
0.011231
0.011652
0.012947
0.013744
0.013401
0.012195
0.010333
0.0073473
0.0020467
-0.0046261
-0.0098714
-0.012341
-0.012255
-0.0093057
-0.0043531
0.0021091
0.0089117
0.015266
0.019313
0.020858
0.020232
0.018353
0.015889
0.013582
0.011618
0.009858
0.0088049
0.0090082
0.010909
0.014599
0.020068
0.026263
0.032336
0.03647
0.037795
0.037274
0.035777
0.033327
0.029636
0.024755
0.019502
0.015067
0.012403
0.012195
0.013559
0.014592
0.015914
0.018755
0.021557
0.023149
0.024094
0.02465
0.024036
0.021402
0.017271
0.013106
0.0096061
0.007022
0.0077918
0.01174
0.016999
0.021539
0.024968
0.026818
0.027296
0.027313
0.027116
0.0264
0.027081
0.029665
0.03224
0.033457
0.03333
0.032634
0.031738
0.029638
0.026208
0.022451
0.020702
0.021328
0.024165
0.02829
0.032931
0.037481
0.04168
0.044067
0.04469
0.043954
0.041905
0.038631
0.035362
0.033152
0.032301
0.031989
0.031616
0.031292
0.031173
0.031206
0.031281
0.031594
0.032693
0.034105
0.035083
0.035549
0.035819
0.036029
0.035784
0.034427
0.031489
0.027132
0.021702
0.016323
0.011418
0.0062263
0.00030733
-0.0060556
-0.012322
-0.018563
-0.025046
-0.031339
-0.035764
-0.037661
-0.038876
-0.040154
-0.040207
-0.038999
-0.037373
-0.035028
-0.03213
-0.030166
-0.029197
-0.028495
-0.028012
-0.02791
-0.027967
-0.026379
-0.021261
-0.014168
-0.0044431
0.0064988
0.015748
0.022412
0.025481
0.02591
0.024332
0.021127
0.01652
0.012378
0.0097536
0.0083516
0.007774
0.0075272
0.0074462
0.0068936
0.0052346
0.0018756
-0.0025421
-0.0072699
-0.012928
-0.018691
-0.022214
-0.022999
-0.022351
-0.020599
-0.018287
-0.016169
-0.014236
-0.012286
-0.011137
-0.011057
-0.011298
-0.011422
-0.011683
-0.013077
-0.015894
-0.019684
-0.023726
-0.027637
-0.031146
-0.033267
-0.033456
-0.03221
-0.030121
-0.027485
-0.023882
-0.018595
-0.012129
-0.0052247
0.0011491
0.006617
0.00991
0.011381
0.011564
0.010041
0.0064155
0.0014262
-0.0037745
-0.0085523
-0.01167
-0.0099712
-0.0052512
-0.00066808
0.0026995
0.0054571
0.0078085
0.009258
0.0094883
0.0091456
0.0089672
0.0092573
0.0096761
0.0086171
0.0057226
0.0010687
-0.003845
-0.0076554
-0.010026
-0.011845
-0.013724
-0.015164
-0.016378
-0.018505
-0.021302
-0.024167
-0.028196
-0.03304
-0.037268
-0.03995
-0.041397
-0.042082
-0.042107
-0.04103
-0.038031
-0.033723
-0.028955
-0.024484
-0.020596
-0.01643
-0.011318
-0.0050004
0.0019225
0.0083226
0.0143
0.020693
0.026446
0.029735
0.03096
0.030902
0.029012
0.025696
0.02194
0.018084
0.014141
0.01043
0.0066305
0.0022501
-0.0030385
-0.0091468
-0.015715
-0.020907
-0.024513
-0.027528
-0.030039
-0.031513
-0.031492
-0.029775
-0.025902
-0.020535
-0.014618
-0.0082303
-0.0013248
0.0060113
0.0129
0.017804
0.020538
0.021293
0.020678
0.018878
0.016494
0.01423
0.012588
0.012379
0.013719
0.016157
0.018895
0.021614
0.023246
0.023004
0.020827
0.01724
0.012455
0.0071862
0.0025558
9.0553e-05
-0.00041911
0.00012201
0.0016103
0.0036192
0.0054575
0.0064829
0.0064506
0.0048543
0.0014222
-0.0038146
-0.0092282
-0.013385
-0.015931
-0.017499
-0.018517
-0.01831
-0.016796
-0.015138
-0.013604
-0.011638
-0.0097118
-0.0082427
-0.0068721
-0.0055868
-0.004787
-0.0042535
-0.003677
-0.0031819
-0.0027855
-0.0022517
-0.00056364
0.0025961
0.0051151
0.00621
0.0065254
0.0062962
0.005255
0.0032808
0.00089001
-0.00078692
-0.0017338
-0.0024936
-0.0029602
-0.0033576
-0.0044454
-0.0070104
-0.011091
-0.015605
-0.019839
-0.023534
-0.025109
-0.024595
-0.022294
-0.018434
-0.013214
-0.0071034
-0.00065655
0.0048389
0.0088762
0.010895
0.010906
0.0085734
0.0044852
-0.00051641
-0.0059597
-0.010985
-0.014842
-0.016601
-0.017214
-0.018056
-0.018786
-0.018451
-0.016588
-0.014119
-0.011954
-0.010886
-0.011211
-0.013109
-0.01551
-0.017288
-0.018917
-0.021252
-0.024552
-0.028257
-0.031471
-0.03199
-0.03052
-0.029064
-0.028957
-0.030093
-0.031673
-0.033326
-0.035057
-0.035719
-0.034799
-0.034855
-0.036558
-0.038441
-0.03896
-0.038189
-0.038227
-0.040375
-0.044541
-0.049175
-0.053365
-0.057208
-0.059973
-0.060989
-0.06092
-0.06093
-0.061488
-0.061836
-0.061527
-0.061766
-0.062609
-0.063003
-0.062131
-0.06014
-0.058489
-0.057894
-0.058318
-0.058102
-0.056155
-0.053042
-0.050196
-0.04915
-0.049396
-0.04978
-0.048539
-0.045323
-0.039413
-0.032782
-0.028013
-0.024678
-0.021457
-0.017033
-0.011467
-0.006862
-0.0048369
-0.0062087
-0.0086482
-0.010312
-0.011324
-0.011922
-0.012371
-0.012472
-0.011202
-0.0074394
-0.0022402
0.0025002
0.0062297
0.0094136
0.012183
0.014782
0.01731
0.01936
0.020585
0.021073
0.021093
0.020382
0.01848
0.015441
0.012412
0.0099912
0.0080483
0.0067438
0.0059898
0.0052311
0.0036952
0.00098071
-0.001327
-0.0019076
-0.00045342
0.0019949
0.004707
0.0061853
0.0063516
0.0065587
0.0073612
0.0082896
0.0089628
0.0094876
0.010293
0.01152
0.013196
0.015096
0.017075
0.019489
0.022289
0.024752
0.02679
0.028707
0.030339
0.03157
0.032495
0.032992
0.032815
0.032823
0.033514
0.033673
0.032908
0.031875
0.030952
0.029931
0.028407
0.0264
0.024183
0.022255
0.020658
0.018993
0.016905
0.014469
0.01246
0.011066
0.0096945
0.0073792
0.0038743
8.8255e-05
-0.0025065
-0.0030846
-0.0034233
-0.0050497
-0.0080452
-0.011303
-0.014073
-0.01619
-0.018454
-0.021608
-0.024854
-0.027051
-0.027491
-0.026977
-0.026299
-0.025914
-0.025632
-0.024781
-0.023178
-0.021091
-0.019272
-0.018244
-0.018833
-0.019946
-0.019535
-0.017239
-0.014197
-0.012691
-0.012663
-0.012702
-0.011292
-0.0081822
-0.0041232
2.1319e-05
0.0031409
0.0055375
0.0080075
0.010287
0.0118
0.012781
0.013737
0.015019
0.016334
0.017268
0.017845
0.018135
0.017192
0.014976
0.012225
0.010282
0.0099073
0.011519
0.013659
0.015171
0.017159
0.020393
0.024094
0.027174
0.029166
0.029535
0.027972
0.025103
0.021764
0.018228
0.014816
0.012476
0.013023
0.015772
0.019023
0.021544
0.023545
0.025406
0.02665
0.026367
0.024037
0.019727
0.014942
0.013041
0.01529
0.018378
0.020015
0.020064
0.019778
0.01995
0.020972
0.022323
0.022508
0.021486
0.02017
0.018999
0.017903
0.01707
0.016494
0.01614
0.016727
0.01855
0.021246
0.024297
0.027645
0.030616
0.032646
0.03316
0.032486
0.031743
0.03182
0.032615
0.032811
0.031815
0.030009
0.029528
0.031403
0.033487
0.03447
0.034873
0.034202
0.031889
0.029668
0.028689
0.028991
0.02892
0.027321
0.024404
0.021425
0.019201
0.017407
0.015401
0.01286
0.009195
0.0041633
-0.0015451
-0.007031
-0.011903
-0.015637
-0.017993
-0.019771
-0.021471
-0.02286
-0.023601
-0.02364
-0.023314
-0.023192
-0.02373
-0.025406
-0.027708
-0.029267
-0.028794
-0.025473
-0.020716
-0.016061
-0.012032
-0.0083373
-0.0050452
-0.0014926
0.0029624
0.007181
0.010126
0.010658
0.0099541
0.0097786
0.0095769
0.0079659
0.0042698
0.00017689
-0.0022612
-0.0027872
-0.0027293
-0.0035033
-0.0043882
-0.0041117
-0.0021046
0.0010578
0.0043856
0.0066774
0.0070814
0.0057082
0.0032089
1.8305e-05
-0.0029707
-0.0052505
-0.0071942
-0.0088013
-0.0095286
-0.0094356
-0.0088823
-0.00867
-0.0094469
-0.011409
-0.013207
-0.014008
-0.01408
-0.013478
-0.011448
-0.0072692
-0.0019442
0.0011866
0.0022628
0.003606
0.0059943
0.008455
0.0089496
0.0070462
0.0037618
0.0014678
0.0014224
0.003493
0.0056661
0.0059033
0.0040529
0.0011513
-0.0012248
-0.0021016
-0.0014142
-0.0015284
-0.003621
-0.0076789
-0.012168
-0.015833
-0.018971
-0.022162
-0.025334
-0.028133
-0.030369
-0.031959
-0.032596
-0.032159
-0.030984
-0.029475
-0.027996
-0.026122
-0.023224
-0.020103
-0.017485
-0.015301
-0.012458
-0.0080182
-0.003383
1.8853e-05
0.0012218
0.00080485
0.00021255
0.00022048
0.00057532
0.0006058
0.00023661
-3.5311e-05
0.00040932
0.0018024
0.0046395
0.0080655
0.0096719
0.0095834
0.0091513
0.0091997
0.0096114
0.010131
0.010524
0.010707
0.010364
0.0094303
0.0080921
0.0065051
0.0047716
0.003399
0.0020925
0.00012233
-0.0025508
-0.0051788
-0.0067057
-0.0064463
-0.0044869
-0.001159
0.0032164
0.0081966
0.012699
0.015796
0.017279
0.017327
0.016691
0.015978
0.016459
0.01795
0.018847
0.018641
0.017964
0.017381
0.016854
0.016125
0.015327
0.014838
0.01533
0.016653
0.018519
0.020272
0.021506
0.022094
0.022011
0.021037
0.019143
0.016566
0.014047
0.012453
0.012429
0.014027
0.016552
0.019367
0.021778
0.023224
0.023836
0.023892
0.023948
0.024188
0.024439
0.024233
0.023217
0.020714
0.017365
0.014349
0.012703
0.013026
0.016253
0.020932
0.0251
0.026482
0.025065
0.02023
0.012727
0.0044497
-0.0026171
-0.0074411
-0.010156
-0.010862
-0.010415
-0.0090987
-0.0063179
-0.0018136
0.0035611
0.0090757
0.01455
0.020121
0.025881
0.031824
0.036863
0.03973
0.040618
0.040096
0.038782
0.037444
0.036523
0.035242
0.033108
0.030441
0.027506
0.024037
0.018667
0.01017
-0.0028827
-0.020012
-0.036084
-0.047118
-0.050454
-0.046531
-0.037147
-0.022487
-0.0049434
0.01412
0.027412
0.02915
0.024529
0.02271
0.028493
0.038398
0.04929
0.057577
0.059128
0.053453
0.043982
0.033293
0.023431
0.015953
0.0075762
-0.0053432
-0.020312
-0.033399
-0.040419
-0.039215
-0.032936
-0.02594
-0.018475
-0.0090891
0.0027365
0.017262
0.032994
0.04693
0.053875
0.052264
0.04559
0.037891
0.03058
0.0257
0.023568
0.023033
0.021875
0.019517
0.016709
0.014531
0.013281
0.012818
0.012697
0.012581
0.011813
0.010787
0.010968
0.012198
0.013298
0.012959
0.01169
0.010649
0.010514
0.011119
0.011718
0.012096
0.012664
0.01503
0.019924
0.025531
0.030114
0.033065
0.035059
0.036515
0.038443
0.041124
0.043299
0.044414
0.044676
0.044167
0.042744
0.040223
0.036476
0.031375
0.025952
0.021272
0.017686
0.01526
0.014205
0.01521
0.017312
0.019249
0.019355
0.017387
0.014088
0.01067
0.0078061
0.0064013
0.0069409
0.009603
0.012879
0.015547
0.015948
0.01413
0.0099011
0.0045075
-0.00036335
-0.0038334
-0.0055178
-0.0053868
-0.0037371
-0.0008018
0.0043652
0.010395
0.015173
0.015962
0.013007
0.0071289
0.00041804
-0.0049642
-0.0069019
-0.0059639
-0.0034962
-0.0011503
0.00075937
0.0028506
0.0051715
0.0071028
0.0081268
0.0081234
0.0073038
0.0056338
0.0029372
0.0009938
0.00038935
-0.00036567
-0.0024877
-0.0057966
-0.0092536
-0.011429
-0.011414
-0.0097216
-0.0069865
-0.0040828
-0.0017032
-0.00039164
-0.0016086
-0.0050898
-0.0088095
-0.01267
-0.017467
-0.022306
-0.026336
-0.029426
-0.031043
-0.031223
-0.030323
-0.029574
-0.029489
-0.029412
-0.028914
-0.028204
-0.027431
-0.026628
-0.026253
-0.026018
-0.025236
-0.023882
-0.02215
-0.019667
-0.016916
-0.014996
-0.013649
-0.012074
-0.010008
-0.0076394
-0.0050338
-0.0021087
0.0012367
0.0040609
0.0056723
0.0047269
0.0014948
-0.0031515
-0.0089577
-0.014825
-0.018805
-0.020562
-0.020777
-0.019531
-0.017629
-0.015688
-0.013629
-0.011505
-0.010817
-0.012006
-0.014553
-0.017577
-0.020664
-0.023767
-0.026848
-0.029776
-0.032258
-0.034506
-0.036916
-0.039387
-0.041673
-0.04373
-0.045885
-0.048305
-0.050494
-0.052225
-0.05367
-0.05514
-0.056836
-0.058884
-0.06048
-0.060967
-0.060579
-0.059745
-0.058172
-0.056945
-0.056933
-0.05645
-0.054431
-0.0509
-0.04644
-0.041271
-0.035664
-0.029643
-0.023076
-0.015972
-0.0082366
-0.00071528
0.0050156
0.0092893
0.012574
0.015136
0.016688
0.017241
0.016861
0.015195
0.011824
0.0065358
-0.001348
-0.011239
-0.021959
-0.032904
-0.043323
-0.052393
-0.059819
-0.066224
-0.072042
-0.076901
-0.07871
-0.076038
-0.067964
-0.053949
-0.036655
-0.016343
0.003136
0.017555
0.027277
0.031595
0.031803
0.030479
0.028373
0.025572
0.021433
0.014569
0.0057058
-0.0031085
-0.010237
-0.013516
-0.010381
-0.0043754
0.00056351
0.0044246
0.0092102
0.016922
0.026887
0.037251
0.047128
0.053282
0.055468
0.055143
0.05288
0.048238
0.040648
0.03026
0.019013
0.0083309
0.00017855
-0.0033626
-0.0027458
-0.00048195
0.00062276
0.00072188
0.00098795
-0.00054229
-0.0058404
-0.013417
-0.020468
-0.026281
-0.030069
-0.029552
-0.023619
-0.016008
-0.010773
-0.0079688
-0.0059631
-0.0065849
-0.012932
-0.021715
-0.029074
-0.035093
-0.041289
-0.046685
-0.048866
-0.046967
-0.042061
-0.034966
-0.026396
-0.020418
-0.017183
-0.014997
-0.012223
-0.008079
-0.0029559
0.002901
0.0093732
0.016636
0.024898
0.033647
0.040361
0.042218
0.040141
0.034567
0.026027
0.016286
0.0081935
0.0023352
-0.0017392
-0.0040112
-0.0048826
-0.004312
-0.0027962
-0.00078941
0.002194
0.0060035
0.0099453
0.013437
0.016241
0.017085
0.015692
0.013026
0.0102
0.0075421
0.0058031
0.005584
0.007189
0.0090047
0.008639
0.0050073
-0.0015712
-0.0092877
-0.017187
-0.024755
-0.028882
-0.027699
-0.02496
-0.023908
-0.025126
-0.028132
-0.030759
-0.032013
-0.031853
-0.030292
-0.026925
-0.022678
-0.018402
-0.015123
-0.012964
-0.012118
-0.011422
-0.0096081
-0.0059693
-0.00091622
0.0059276
0.013586
0.020438
0.025358
0.027672
0.027404
0.024637
0.020497
0.016376
0.012891
0.010973
0.012024
0.015107
0.019069
0.02472
0.028672
0.029157
0.025994
0.020837
0.015184
0.010451
0.0081898
0.0097001
0.012903
0.015576
0.016741
0.016991
0.016421
0.015159
0.013473
0.01206
0.011015
0.010087
0.0095655
0.0095384
0.0095412
0.0086625
0.0061663
0.0026817
-0.0010292
-0.0048957
-0.0086807
-0.012162
-0.01563
-0.019646
-0.024285
-0.02751
-0.02888
-0.029108
-0.028726
-0.027917
-0.027703
-0.027699
-0.026272
-0.02249
-0.016778
-0.010391
-0.0044996
-0.0021827
-0.003174
-0.0062174
-0.0089312
-0.0095397
-0.0055346
0.0012506
0.0079943
0.012269
0.012867
0.010728
0.0067299
0.0023808
-0.0011822
-0.0036657
-0.0045867
-0.0044146
-0.0034161
-0.0023861
-0.0019646
-0.0026015
-0.0038066
-0.0043565
-0.0039706
-0.0031847
-0.0025638
-0.0019172
-0.00056459
0.0016178
0.0044155
0.0069841
0.0088955
0.0097665
0.0098733
0.0096049
0.0087384
0.0067937
0.0035296
-0.00020298
-0.0033747
-0.0054117
-0.006273
-0.0057385
-0.0040612
-0.0015987
0.0017643
0.0060111
0.010868
0.015224
0.017988
0.019653
0.020913
0.021773
0.021571
0.019428
0.015702
0.011382
0.0078641
0.0060227
0.0063065
0.0086151
0.012
0.015108
0.017451
0.018757
0.018707
0.01716
0.013927
0.0096654
0.0059899
0.0036739
0.0023275
0.0015224
0.0012813
0.0019911
0.0025708
0.0025458
0.0032788
0.0040008
0.0024685
-0.0015667
-0.0070198
-0.013089
-0.017097
-0.018104
-0.015998
-0.012445
-0.0090196
-0.0066954
-0.0054669
-0.0053382
-0.0060259
-0.0067459
-0.0067601
-0.0058264
-0.0051457
-0.0055379
-0.0064647
-0.0071105
-0.0065196
-0.0047043
-0.0021299
0.00032443
0.0021728
0.0024757
0.0014794
-0.00045391
-0.00186
-0.0016001
0.00084079
0.0044692
0.0086381
0.01195
0.01363
0.014433
0.015204
0.016231
0.017257
0.017987
0.018252
0.01806
0.017387
0.016685
0.016441
0.017027
0.01832
0.019973
0.021289
0.021679
0.020712
0.018716
0.016449
0.014392
0.012675
0.012307
0.013759
0.01676
0.019805
0.021962
0.023477
0.024522
0.024417
0.023284
0.021534
0.01995
0.018461
0.016079
0.012867
0.0095962
0.0070102
0.0055098
0.0059698
0.0080219
0.010722
0.013143
0.015092
0.01652
0.01728
0.017314
0.016959
0.016562
0.016465
0.016689
0.017192
0.018683
0.021386
0.024739
0.027644
0.029657
0.031138
0.03241
0.032836
0.032227
0.030806
0.028338
0.025156
0.022472
0.02091
0.020249
0.020315
0.021158
0.022826
0.02456
0.025752
0.026511
0.027051
0.02721
0.026919
0.026311
0.025765
0.025252
0.024304
0.022665
0.020294
0.017267
0.013873
0.010453
0.0078873
0.0061866
0.0051358
0.0051285
0.0062233
0.0064172
0.0049613
0.0021156
-0.00077789
-0.0030551
-0.0057177
-0.0091015
-0.01261
-0.016136
-0.019345
-0.021099
-0.021785
-0.022338
-0.02249
-0.021943
-0.021218
-0.020485
-0.019484
-0.017742
-0.015442
-0.013383
-0.012052
-0.011646
-0.012655
-0.014753
-0.016761
-0.017831
-0.018058
-0.018113
-0.017951
-0.016749
-0.015229
-0.014368
-0.013629
-0.012528
-0.011524
-0.011065
-0.011076
-0.010995
-0.010285
-0.0083831
-0.0054473
-0.0018821
0.0024234
0.0069264
0.0098852
0.011488
0.012737
0.014177
0.015675
0.016996
0.017805
0.017832
0.016889
0.01477
0.011015
0.0062458
0.0014412
-0.0024611
-0.0052803
-0.0070828
-0.0079959
-0.0082307
-0.0087537
-0.010082
-0.01251
-0.015392
-0.017929
-0.019102
-0.018552
-0.016317
-0.013818
-0.012006
-0.011388
-0.011684
-0.012528
-0.012794
-0.011882
-0.0098241
-0.0074015
-0.0052439
-0.0040435
-0.0040303
-0.0048446
-0.0059111
-0.0069824
-0.0075409
-0.0073485
-0.0069291
-0.0068634
-0.0072851
-0.0077062
-0.0077258
-0.0070008
-0.0061964
-0.0062028
-0.0069547
-0.0080459
-0.0093694
-0.010968
-0.012873
-0.014842
-0.016472
-0.017276
-0.017181
-0.01617
-0.014992
-0.014121
-0.013438
-0.01262
-0.011606
-0.010796
-0.01037
-0.010123
-0.010035
-0.010357
-0.011105
-0.012088
-0.013139
-0.013699
-0.013062
-0.010757
-0.00735
-0.0040304
-0.0016971
-0.00078019
-0.0014211
-0.0030156
-0.0046691
-0.0061754
-0.0076962
-0.0086316
-0.0087127
-0.0083556
-0.0081146
-0.0081517
-0.0084209
-0.0089287
-0.009886
-0.01139
-0.013303
-0.015077
-0.016563
-0.018038
-0.019675
-0.021398
-0.022749
-0.022963
-0.0226
-0.022518
-0.022754
-0.022816
-0.022672
-0.022795
-0.023194
-0.023558
-0.023639
-0.023687
-0.024199
-0.025248
-0.026469
-0.02694
-0.026594
-0.025929
-0.025204
-0.02432
-0.023478
-0.022829
-0.022482
-0.022715
-0.023562
-0.024226
-0.024369
-0.024251
-0.024226
-0.024263
-0.023903
-0.023218
-0.022615
-0.021869
-0.020663
-0.019332
-0.018338
-0.017847
-0.01777
-0.01801
-0.018299
-0.018228
-0.017488
-0.015946
-0.013716
-0.011849
-0.01053
-0.0091934
-0.0081815
-0.0081191
-0.008957
-0.0099915
-0.010675
-0.01074
-0.010245
-0.0096267
-0.0090746
-0.0083992
-0.0081814
-0.0090271
-0.010873
-0.012903
-0.014456
-0.015018
-0.014593
-0.014208
-0.014729
-0.016327
-0.018221
-0.019938
-0.021998
-0.024289
-0.025998
-0.026241
-0.025181
-0.023615
-0.022278
-0.021309
-0.020464
-0.019456
-0.017869
-0.016018
-0.014496
-0.01342
-0.012589
-0.012284
-0.012649
-0.013606
-0.014722
-0.015803
-0.016898
-0.01779
-0.018062
-0.017593
-0.016706
-0.01578
-0.01483
-0.013679
-0.012265
-0.010624
-0.0087491
-0.0066861
-0.0044779
-0.0021114
0.0003789
0.0025448
0.0044923
0.0067434
0.0088373
0.010173
0.010993
0.011243
0.0099863
0.0076843
0.0053078
0.0030863
0.00092065
-0.00097074
-0.0017625
-0.0010206
0.00070775
0.00248
0.0038021
0.0043123
0.0039947
0.0036866
0.0037706
0.0040021
0.0042056
0.0044247
0.004511
0.0045417
0.0049196
0.0057647
0.0069254
0.0084049
0.0099217
0.010686
0.010716
0.010472
0.0099552
0.0089781
0.0075502
0.0058445
0.0039889
0.0020637
0.00019831
-0.0013579
-0.002148
-0.0019946
-0.0012729
-0.00020181
0.0017256
0.0044352
0.0073746
0.0097905
0.011701
0.013393
0.014882
0.016077
0.017299
0.018634
0.019788
0.020796
0.02189
0.022885
0.023678
0.024599
0.025827
0.027197
0.027813
0.027408
0.025981
0.024384
0.023494
0.023178
0.022905
0.022479
0.022079
0.021881
0.021447
0.020579
0.01955
0.01869
0.01817
0.018345
0.019116
0.020055
0.020789
0.021213
0.02173
0.022522
0.023275
0.023953
0.024856
0.026527
0.029069
0.031415
0.032903
0.033338
0.033223
0.032957
0.032342
0.031669
0.03181
0.032408
0.03268
0.032394
0.031803
0.030922
0.02982
0.028663
0.027857
0.027267
0.02647
0.025829
0.025908
0.026953
0.028451
0.029916
0.03081
0.031065
0.031771
0.032907
0.032963
0.032331
0.032147
0.031852
0.030768
0.029132
0.027639
0.026547
0.025485
0.023778
0.020645
0.017141
0.014556
0.01325
0.012446
0.011473
0.010523
0.010024
0.0097856
0.00955
0.0093243
0.0092548
0.009411
0.0097027
0.0099762
0.010155
0.010585
0.011442
0.012066
0.012192
0.012008
0.011758
0.01161
0.012131
0.012988
0.013314
0.01326
0.013429
0.014033
0.014657
0.01462
0.01392
0.012969
0.012142
0.011541
0.011281
0.011403
0.011856
0.012481
0.013425
0.015145
0.017093
0.018422
0.018693
0.018324
0.018076
0.018023
0.017762
0.017188
0.016454
0.015536
0.014683
0.014241
0.013969
0.01351
0.012733
0.011885
0.011151
0.010252
0.0090986
0.0080389
0.0071417
0.0062577
0.0055792
0.0051986
0.0049174
0.0048688
0.0054506
0.0066434
0.0081339
0.0098723
0.011473
0.012463
0.013428
0.014779
0.015957
0.016745
0.017448
0.018219
0.018863
0.01873
0.017984
0.017173
0.016741
0.016696
0.016617
0.016413
0.016323
0.016195
0.015823
0.015428
0.015015
0.014199
0.013332
0.012857
0.012393
0.011485
0.0099004
0.008578
0.0081382
0.0074011
0.0059407
0.0044414
0.0038451
0.0042444
0.0043527
0.0038707
0.0035043
0.0033592
0.0030586
0.0023346
0.0013735
0.00043529
-0.00076376
-0.0025526
-0.0048095
-0.0067969
-0.0079058
-0.0088053
-0.010071
-0.011139
-0.011759
-0.01229
-0.013147
-0.014123
-0.013979
-0.01301
-0.012414
-0.012361
-0.012386
-0.012461
-0.012438
-0.012036
-0.011628
-0.011582
-0.011818
-0.012388
-0.013546
-0.014694
-0.015203
-0.014501
-0.013275
-0.012484
-0.011953
-0.011261
-0.011193
-0.011872
-0.012835
-0.013838
-0.014908
-0.015822
-0.016547
-0.017223
-0.017974
-0.018665
-0.018537
-0.017953
-0.017853
-0.018128
-0.018222
-0.017856
-0.017204
-0.016495
-0.016042
-0.015936
-0.016002
-0.016081
-0.016171
-0.016219
-0.01629
-0.017038
-0.018009
-0.018216
-0.017969
-0.017936
-0.018203
-0.018504
-0.018714
-0.01928
-0.020538
-0.022146
-0.023754
-0.025299
-0.026326
-0.026744
-0.026722
-0.026559
-0.026395
-0.02605
-0.025491
-0.025098
-0.024854
-0.024442
-0.023867
-0.023336
-0.023083
-0.022956
-0.022677
-0.022353
-0.022154
-0.021852
-0.021587
-0.021752
-0.022191
-0.022586
-0.02267
-0.022837
-0.023591
-0.02421
-0.024217
-0.024039
-0.024125
-0.024442
-0.024248
-0.023407
-0.022681
-0.022458
-0.022543
-0.022506
-0.022261
-0.022174
-0.022332
-0.022522
-0.022605
-0.022662
-0.023062
-0.023827
-0.024714
-0.025199
-0.025201
-0.025701
-0.0266
-0.026992
-0.027004
-0.027086
-0.027011
-0.026847
-0.026943
-0.026861
-0.026322
-0.025662
-0.024959
-0.023979
-0.02313
-0.022561
-0.021503
-0.019937
-0.018487
-0.017496
-0.016844
-0.016425
-0.01627
-0.01609
-0.015836
-0.015739
-0.015426
-0.014466
-0.012943
-0.011469
-0.010657
-0.010371
-0.010173
-0.0096588
-0.0091306
-0.00941
-0.010261
-0.011024
-0.011587
-0.012117
-0.012559
-0.012671
-0.012319
-0.011551
-0.010783
-0.010515
-0.010565
-0.010553
-0.010437
-0.010238
-0.0097918
-0.0093738
-0.0092759
-0.0093464
-0.0096155
-0.010619
-0.011847
-0.012612
-0.013139
-0.013437
-0.013069
-0.012052
-0.010634
-0.0093351
-0.0083888
-0.0078859
-0.0075051
-0.0068604
-0.0053632
-0.003549
-0.0024999
-0.0018372
-0.00081382
1.137e-05
0.00031847
0.00036028
0.00051279
0.00081348
0.00078835
0.00044256
0.00020346
0.00039801
0.00097662
0.0015315
0.0018111
0.0017199
0.0010566
-6.3262e-05
-0.00024214
0.00015906
-0.00065538
-0.0018423
-0.001924
-0.0019356
-0.0025207
-0.0030984
-0.0033935
-0.0036438
-0.0042984
-0.0054556
-0.0069385
-0.0081095
-0.0086833
-0.0083401
-0.0075525
-0.0069696
-0.006553
-0.0061356
-0.0063943
-0.006874
-0.0064882
-0.0054357
-0.0044714
-0.0040574
-0.0040613
-0.0041922
-0.0038921
-0.0032544
-0.0034316
-0.0043812
-0.0052255
-0.0058375
-0.0064785
-0.0071125
-0.0076606
-0.0081103
-0.0086079
-0.009195
-0.0097349
-0.0098767
-0.0094941
-0.0089355
-0.0082896
-0.0072153
-0.0061107
-0.0054337
-0.0046705
-0.0038014
-0.0038248
-0.0041867
-0.0039136
-0.0034271
-0.0033109
-0.0034744
-0.0037767
-0.0042345
-0.0048094
-0.0054002
-0.0059318
-0.0064183
-0.0068808
-0.0072428
-0.0070852
-0.0060088
-0.0050442
-0.0050014
-0.005507
-0.0063371
-0.0078075
-0.0090207
-0.0092005
-0.0085334
-0.0077644
-0.0072757
-0.0068557
-0.0061579
-0.0047253
-0.0033709
-0.0032222
-0.0030347
-0.0015778
0.00030511
0.0014404
0.0015717
0.0014006
0.0013036
0.00079713
-6.8639e-05
-0.00075596
-0.001169
-0.001508
-0.0017338
-0.0019199
-0.0022174
-0.0023875
-0.0022819
-0.0020483
-0.0018763
-0.0018143
-0.0018587
-0.0019411
-0.0019498
-0.001804
-0.0014656
-0.0010993
-0.00096511
-0.0013492
-0.0017737
-0.0017404
-0.0013063
-0.00069478
9.0035e-05
0.00097899
0.0018844
0.0028099
0.0036678
0.0041589
0.003946
0.0030719
0.0024303
0.0025305
0.0033574
0.0042203
0.0046526
0.0047001
0.0045136
0.0038436
0.0034025
0.0036645
0.0031406
0.0020055
0.0017617
0.0018652
0.0011809
-0.00030946
-0.0020298
-0.0036879
-0.0050132
-0.0059591
-0.0065999
-0.0071637
-0.0076611
-0.0074318
-0.0065008
-0.0058058
-0.0054222
-0.0048604
-0.0040887
-0.0033986
-0.0030506
-0.0030651
-0.0033059
-0.0035411
-0.0037022
-0.0038099
-0.0036847
-0.0032603
-0.0031005
-0.0033275
-0.0036583
-0.0040743
-0.0046988
-0.0053202
-0.0057942
-0.0061187
-0.0060628
-0.0056209
-0.005005
-0.0043458
-0.0036332
-0.0029737
-0.0023542
-0.0014012
-0.00027507
0.00059337
0.001491
0.0027289
0.0043066
0.0058821
0.0071271
0.0078464
0.0081961
0.0083339
0.0083643
0.0083103
0.0081216
0.0077401
0.0071104
0.0065592
0.0064428
0.0065642
0.0066956
0.0069231
0.0069426
0.0064979
0.0060227
0.0056901
0.0050988
0.0042032
0.0032692
0.0025126
0.0020785
0.0020852
0.0026384
0.003755
0.004985
0.0057582
0.0058098
0.0058082
0.0061495
0.0063786
0.0065824
0.0072983
0.0079088
0.0080424
0.0085304
0.0095362
0.010447
0.010731
0.010642
0.010902
0.011712
0.012868
0.013886
0.014504
0.014657
0.014471
0.013978
0.013672
0.013761
0.014195
0.014753
0.015138
0.015246
0.015141
0.015374
0.016131
0.017095
0.018018
0.018871
0.019324
0.019454
0.019847
0.020369
0.020557
0.020207
0.019376
0.018091
0.017013
0.016631
0.016688
0.016721
0.016592
0.016279
0.01593
0.016339
0.017014
0.016905
0.01685
0.017553
0.018239
0.018455
0.018517
0.018858
0.019568
0.02056
0.021471
0.022053
0.022589
0.023288
0.024008
0.024487
0.024626
0.024971
0.025634
0.026003
0.02591
0.025611
0.0251
0.024243
0.022998
0.021659
0.020481
0.019532
0.018792
0.018277
0.017741
0.017106
0.016712
0.016451
0.015958
0.015696
0.01593
0.016261
0.016397
0.016421
0.016658
0.017147
0.017617
0.017897
0.018034
0.018149
0.018341
0.018699
0.018841
0.018491
0.018033
0.017741
0.0175
0.017174
0.016775
0.016374
0.016083
0.015981
0.015923
0.015761
0.015353
0.014822
0.014384
0.014229
0.01439
0.014871
0.015606
0.016559
0.017115
0.017176
0.017384
0.017891
0.018406
0.01902
0.01983
0.020656
0.021668
0.023172
0.024468
0.025122
0.025474
0.026026
0.026911
0.027938
0.028763
0.029003
0.029007
0.029134
0.028581
0.027266
0.026387
0.02583
0.024847
0.02374
0.022672
0.021169
0.019913
0.01957
0.019112
0.018431
0.018412
0.01816
0.016717
0.015018
0.013788
0.012773
0.011565
0.010126
0.0086691
0.0075499
0.0068401
0.0059926
0.0049481
0.0043441
0.0039241
0.003121
0.0020768
0.0012184
0.00073241
0.00056937
0.00071852
0.0014312
0.0025108
0.0035619
0.004361
0.0049008
0.0050598
0.0048956
0.0045116
0.0038919
0.0031372
0.0027433
0.0028241
0.0031369
0.0030475
0.0024574
0.001827
0.0019638
0.003339
0.0045996
0.0048692
0.0045837
0.0046723
0.0054914
0.0063626
0.0066972
0.0064512
0.0061454
0.0061013
0.0060286
0.0057969
0.0057577
0.0056513
0.0050307
0.0038169
0.0025959
0.0020542
0.0013841
-0.00022475
-0.0019478
-0.0027478
-0.0023816
-0.0020939
-0.0025465
-0.0025841
-0.0017025
-0.00045895
0.00021487
3.8958e-05
-0.00060862
-0.0011783
-0.0014567
-0.0015943
-0.0018013
-0.0021901
-0.002678
-0.0031155
-0.0031784
-0.0029197
-0.0028707
-0.003298
-0.0041046
-0.0047922
-0.005156
-0.0052655
-0.0053999
-0.0056832
-0.0055204
-0.004878
-0.0046091
-0.0049229
-0.0054718
-0.0057808
-0.0058692
-0.0061323
-0.006335
-0.0059886
-0.0058141
-0.0061364
-0.0062038
-0.0059098
-0.0057361
-0.0057938
-0.0058902
-0.0058746
-0.005358
-0.0042274
-0.0033533
-0.0031804
-0.0034387
-0.0033042
-0.0022443
-0.00075609
0.00026212
2.3722e-05
-0.00081892
-0.0013931
-0.0013517
-0.00092818
-0.0003846
-9.2067e-05
-0.00031979
-0.0011092
-0.001881
-0.0015707
-0.00053806
0.00025897
-2.1869e-05
-0.0010571
-0.0018462
-0.0025439
-0.0038168
-0.005746
-0.0077927
-0.009231
-0.010636
-0.012644
-0.014316
-0.014985
-0.014834
-0.014764
-0.015225
-0.016006
-0.016247
-0.015541
-0.01438
-0.013447
-0.013086
-0.013339
-0.014061
-0.014807
-0.0153
-0.015432
-0.01519
-0.014619
-0.013933
-0.013334
-0.012958
-0.012746
-0.01252
-0.011793
-0.010767
-0.01004
-0.0094181
-0.008354
-0.006403
-0.0040421
-0.0019944
-0.00064194
0.00016027
0.0010578
0.0022948
0.0036948
0.0045806
0.0045058
0.0048417
0.0062342
0.0077614
0.0090159
0.01044
0.01211
0.013866
0.015847
0.017624
0.018501
0.018652
0.018797
0.019999
0.021541
0.022006
0.021432
0.0207
0.020373
0.020082
0.01926
0.018204
0.017351
0.016719
0.016024
0.015079
0.014039
0.013175
0.012708
0.01219
0.011158
0.010394
0.010393
0.010713
0.010424
0.0092992
0.0085053
0.0084602
0.0083782
0.0081436
0.0081335
0.0079974
0.0075029
0.0069175
0.0062064
0.0052517
0.0046261
0.0042815
0.0035644
0.0025215
0.0016212
0.0011948
0.0011048
0.0011017
0.00095574
0.00066608
0.00044082
0.0006428
0.0015192
0.0025527
0.0033104
0.0037508
0.0041914
0.0049112
0.0057119
0.0062709
0.0063425
0.0061805
0.0061433
0.006227
0.0062005
0.0057152
0.004977
0.0044118
0.004109
0.0040083
0.0044616
0.0049691
0.0046927
0.0040203
0.0035586
0.0032212
0.0028938
0.002703
0.0024355
0.0018986
0.0012412
0.00053107
-0.00027765
-0.00055186
-0.00017233
0.00013686
6.4578e-05
-0.00020773
-0.00090412
-0.0020845
-0.0035431
-0.0048688
-0.005735
-0.0061235
-0.0061685
-0.0058886
-0.0054074
-0.0048707
-0.004932
-0.0055685
-0.0059349
-0.0061201
-0.0067588
-0.0072185
-0.0068704
-0.0058107
-0.0044789
-0.0030248
-0.0019645
-0.0016025
-0.0019632
-0.0026156
-0.0032399
-0.0031388
-0.0024621
-0.0022634
-0.0026658
-0.0031429
-0.0035528
-0.0038703
-0.00377
-0.0033349
-0.0028286
-0.002699
-0.0029674
-0.0032823
-0.0034549
-0.0036093
-0.0041979
-0.0051066
-0.0055771
-0.0055653
-0.0054974
-0.0055351
-0.0054086
-0.0046916
-0.0037386
-0.0030343
-0.0024802
-0.0019765
-0.0018394
-0.0020109
-0.0022117
-0.0022559
-0.0020937
-0.0016336
-0.0013206
-0.0014869
-0.0017021
-0.0016813
-0.0016556
-0.0019707
-0.002685
-0.0036
-0.0044647
-0.0050393
-0.0057857
-0.0069642
-0.0073892
-0.0069836
-0.0066811
-0.0066027
-0.006286
-0.0055944
-0.0049861
-0.0051259
-0.0052774
-0.0046127
-0.0036001
-0.0031376
-0.003861
-0.0043116
-0.0033292
-0.0023702
-0.0023329
-0.0027282
-0.0030807
-0.0034095
-0.0037298
-0.0040593
-0.004415
-0.004743
-0.0050277
-0.0054868
-0.0057272
-0.0051333
-0.0043149
-0.0039641
-0.0041523
-0.0044567
-0.0046181
-0.0047368
-0.0050058
-0.0055718
-0.0063528
-0.0071908
-0.0076634
-0.0075898
-0.0073357
-0.0073249
-0.0076603
-0.0078128
-0.0075437
-0.0076835
-0.0084814
-0.009494
-0.010166
-0.010403
-0.010475
-0.010717
-0.011267
-0.012158
-0.013215
-0.013374
-0.012801
-0.01244
-0.01245
-0.012489
-0.012678
-0.013136
-0.013788
-0.014033
-0.013497
-0.01229
-0.011018
-0.010121
-0.0094613
-0.0088203
-0.0083718
-0.0082184
-0.0084228
-0.0090865
-0.010072
-0.010367
-0.010118
-0.010339
-0.010805
-0.010825
-0.010696
-0.010785
-0.01107
-0.011605
-0.012443
-0.013291
-0.013899
-0.01412
-0.014147
-0.014208
-0.014423
-0.014763
-0.015248
-0.015698
-0.015927
-0.015796
-0.015417
-0.014862
-0.014548
-0.014789
-0.015574
-0.016457
-0.017044
-0.017494
-0.018056
-0.018566
-0.018634
-0.018021
-0.017383
-0.017214
-0.01731
-0.017124
-0.016164
-0.014709
-0.013317
-0.012649
-0.012634
-0.013064
-0.013116
-0.012253
-0.010632
-0.0089511
-0.0076979
-0.0070233
-0.0067842
-0.0064852
-0.0058696
-0.004885
-0.0040625
-0.0038963
-0.0040836
-0.0041634
-0.0040064
-0.0035467
-0.0026784
-0.001982
-0.0016884
-0.0013664
-0.00099264
-0.00090492
-0.00075447
-0.00033205
8.1586e-06
0.00024132
0.00065924
0.0013133
0.0020817
0.0030399
0.0043058
0.0058595
0.0069151
0.0071549
0.00659
0.0059397
0.0058244
0.0054652
0.0044328
0.0036655
0.0036569
0.0041287
0.0045721
0.0047922
0.0046483
0.0042061
0.0035855
0.0031381
0.0028983
0.0024247
0.0014355
2.1032e-05
-0.00089852
-0.001054
-0.0010032
-0.00086512
-0.00030378
-2.8211e-05
-0.00043464
-0.0011632
-0.0016211
-0.0015528
-0.0013676
-0.0013507
-0.0011727
-0.0008439
-0.00068068
-0.00035745
0.00032256
0.00098829
0.0015298
0.0021859
0.003073
0.0041167
0.005351
0.0065063
0.0072216
0.0076146
0.0079387
0.0084408
0.0089789
0.009279
0.0094603
0.0096637
0.0095045
0.0089498
0.0082526
0.0080497
0.008563
0.0089676
0.009092
0.0096563
0.010461
0.010843
0.010491
0.0098226
0.0092678
0.0089356
0.0087404
0.0086972
0.0086189
0.0081578
0.0073821
0.0065764
0.0060377
0.0049523
0.0024306
0.00086831
0.0013281
0.001701
0.0011913
0.00087328
0.0011025
0.001431
0.0013666
0.0010264
0.0007644
0.0005995
0.00031537
-0.00037664
-0.0013401
-0.002252
-0.0025949
-0.0021808
-0.001357
-0.00060118
-8.7727e-05
0.00034919
0.00075547
0.00057279
-0.00010526
-0.00075926
-0.001396
-0.0022311
-0.0028994
-0.0030367
-0.0025668
-0.0018669
-0.0012115
-0.00090103
-0.00107
-0.0017505
-0.0026964
-0.0037471
-0.004657
-0.005217
-0.005316
-0.0051992
-0.005018
-0.0047253
-0.0043217
-0.0038933
-0.003582
-0.003501
-0.0038739
-0.0045304
-0.0051628
-0.0057444
-0.0063713
-0.0068458
-0.0071695
-0.0075275
-0.0080634
-0.0087403
-0.0092791
-0.0095095
-0.0093853
-0.0087432
-0.0078547
-0.0079392
-0.0086866
-0.0089181
-0.0086323
-0.0084451
-0.008593
-0.0088804
-0.0090978
-0.0091776
-0.0091547
-0.0090032
-0.0089001
-0.0090708
-0.0093883
-0.0096651
-0.0098251
-0.010061
-0.010588
-0.01119
-0.01156
-0.011313
-0.010565
-0.0096048
-0.0083981
-0.006798
-0.0051618
-0.0037946
-0.0028315
-0.002028
-0.0011761
-0.00040266
8.1411e-05
3.6728e-05
-0.00031402
-0.00068718
-0.0011732
-0.0017878
-0.0023234
-0.0019526
-0.00022885
0.0022702
0.0046191
0.0063136
0.0073893
0.0077433
0.0069685
0.0051308
0.0027782
0.00082122
-0.00034297
-0.00076704
-0.00052353
0.00056465
0.0024681
0.0051392
0.0073363
0.0084822
0.0086238
0.0078316
0.0057943
0.0024535
-0.0018607
-0.0067262
-0.010881
-0.013456
-0.013793
-0.011762
-0.0073351
-0.001825
0.0035141
0.0074349
0.009816
0.0095299
0.0065779
0.0017261
-0.0027568
-0.0053976
-0.0056154
-0.0043973
-0.0023167
-0.00054583
0.00061301
0.0017514
0.0031475
0.0045112
0.0055278
0.0059806
0.0051644
0.0034826
0.0017515
0.00099875
0.0017363
0.0043268
0.0075226
0.009704
0.010101
0.0090146
0.0073195
0.0055849
0.0042922
0.0036117
0.0034008
0.0032275
0.0025822
0.000718
-0.001914
-0.0044294
-0.0059809
-0.0066591
-0.0065366
-0.0058402
-0.0047671
-0.0034919
-0.0026424
-0.0021918
-0.0019793
-0.0020574
-0.0021022
-0.0018497
-0.0011311
-0.00022125
0.0006785
0.0016526
0.0028232
0.0036044
0.0037575
0.0035211
0.0032222
0.003011
0.0032591
0.003951
0.0047094
0.0053103
0.0057805
0.0060897
0.0062713
0.0069644
0.0082777
0.010003
0.0115
0.01244
0.013149
0.013726
0.013708
0.013417
0.013444
0.01368
0.013931
0.014449
0.015038
0.015288
0.015168
0.014867
0.0142
0.013135
0.011868
0.011011
0.011084
0.012537
0.014521
0.016182
0.017457
0.018433
0.017949
0.016093
0.013852
0.012414
0.012049
0.01233
0.012224
0.011029
0.0094047
0.0079683
0.0063743
0.0047894
0.0039127
0.0038132
0.0040249
0.0042178
0.0041872
0.0038146
0.0036477
0.0038216
0.0027882
0.00057379
-0.00159
-0.0034129
-0.005072
-0.005528
-0.0044949
-0.0024308
-0.0001006
0.0022102
0.0038798
0.0048192
0.0049153
0.0039715
0.0020325
-0.0001455
-0.0019534
-0.0030589
-0.0029609
-0.0016319
-0.00061848
-0.00064959
-0.0015876
-0.0027795
-0.0037349
-0.0036605
-0.00288
-0.0021077
-0.0020437
-0.0027634
-0.0035591
-0.0040283
-0.0042593
-0.0045043
-0.0047951
-0.0046617
-0.0039578
-0.0030367
-0.0023816
-0.0022002
-0.0021994
-0.0019985
-0.0013546
-0.00066381
-0.00033908
4.501e-05
0.0007651
0.0013008
0.0012753
0.00087013
0.00059391
0.00069076
0.0012036
0.0011345
-1.7433e-05
-0.00062208
-0.00025871
2.851e-05
-0.00014275
-0.00047306
-0.0014102
-0.0028157
-0.0035081
-0.0036039
-0.0038281
-0.0037375
-0.0028176
-0.00118
0.00047988
0.0017157
0.0026116
0.0033574
0.0035059
0.0028598
0.0016648
0.001218
0.001832
0.0026706
0.0034667
0.0046825
0.0061282
0.00725
0.0070577
0.0060848
0.0054717
0.005215
0.0046264
0.0029602
0.00056834
-0.0017581
-0.0032884
-0.004124
-0.0045554
-0.0044273
-0.0033245
-0.0017922
-0.0004202
0.00064077
0.001642
0.0027017
0.0028175
0.0013315
-0.00073963
-0.0023002
-0.0031426
-0.0035031
-0.0035653
-0.0038348
-0.0044372
-0.0051516
-0.0055078
-0.0053739
-0.0051478
-0.0050341
-0.004828
-0.0045456
-0.00432
-0.0039856
-0.0035215
-0.0030926
-0.0027387
-0.0024543
-0.0027071
-0.0036477
-0.0049298
-0.0055644
-0.0051058
-0.004191
-0.0033794
-0.0027336
-0.00216
-0.0015579
-0.00042582
0.0012056
0.0025415
0.0027805
0.0015552
-0.00034527
-0.0020383
-0.0030951
-0.0036948
-0.003939
-0.0037741
-0.0033533
-0.0031233
-0.0031479
-0.0032733
-0.0034523
-0.0036548
-0.0036132
-0.0035742
-0.0039581
-0.0041769
-0.0039501
-0.0041871
-0.0048564
-0.0051332
-0.0049481
-0.0046574
-0.0041508
-0.0032978
-0.0021552
-0.0013371
-0.0012187
-0.0016128
-0.0019727
-0.0019696
-0.0016704
-0.0012163
-0.00062032
7.679e-05
0.00080749
0.001452
0.0018753
0.0016874
0.0012802
0.0014792
0.0017673
0.001311
9.6221e-05
-0.0014456
-0.0033164
-0.0051453
-0.0063731
-0.0060149
-0.0043267
-0.0021172
-0.00038892
0.00058214
0.00084836
0.00094028
0.0012335
0.0014728
0.0012713
0.0001696
-0.0013868
-0.0021166
-0.002092
-0.0021871
-0.0030991
-0.0041665
-0.0040791
-0.0031181
-0.0023554
-0.0027593
-0.0038477
-0.004736
-0.0054988
-0.006566
-0.0076059
-0.0080879
-0.0077846
-0.0071358
-0.0064343
-0.0055639
-0.0044343
-0.0030643
-0.0019816
-0.0016017
-0.0021142
-0.0032554
-0.0044953
-0.0055664
-0.0064039
-0.0063705
-0.0057889
-0.0054941
-0.0056176
-0.0058122
-0.005929
-0.0058858
-0.0053812
-0.0046288
-0.0039355
-0.0030164
-0.0018641
-0.0011199
-0.00080435
-0.00052056
0.00018301
0.0010301
0.0011368
0.00039074
-0.00085596
-0.0017594
-0.0019948
-0.0017554
-0.0011017
0.00030795
0.002314
0.004432
0.005994
0.0065893
0.006044
0.0047228
0.002932
0.0014126
0.0002635
-0.00085935
-0.0019411
-0.0026558
-0.0026336
-0.0020024
-0.00096441
-7.719e-05
0.00056864
0.0014362
0.0022006
0.002113
0.0014026
0.00066698
0.00017664
-0.00016358
-0.00043378
-0.00047258
-0.00026704
-6.6716e-05
-7.4377e-05
-0.00033649
-0.0006512
-0.00092538
-0.0015115
-0.0024348
-0.0031947
-0.0039181
-0.0051025
-0.0065624
-0.0078192
-0.0085391
-0.008628
-0.0081533
-0.0070466
-0.0055023
-0.0041379
-0.0034582
-0.0037214
-0.0045785
-0.0056368
-0.0067806
-0.0076377
-0.0079932
-0.0083025
-0.0087988
-0.0092287
-0.0092271
-0.0087053
-0.0077837
-0.006858
-0.0063129
-0.0059602
-0.0055241
-0.0052943
-0.0054669
-0.0058396
-0.0062144
-0.0065767
-0.0069304
-0.0072791
-0.0076026
-0.0079126
-0.0081602
-0.007964
-0.0074538
-0.007068
-0.0070024
-0.0071111
-0.0069732
-0.0067361
-0.0070315
-0.0079317
-0.0089902
-0.009343
-0.008874
-0.0079704
-0.0073195
-0.0070726
-0.0067102
-0.0061289
-0.0058043
-0.0059444
-0.0064097
-0.0070906
-0.0078971
-0.0087723
-0.0094821
-0.0099187
-0.010359
-0.010516
-0.0098076
-0.009039
-0.0089433
-0.0090644
-0.0092434
-0.0099054
-0.010585
-0.010772
-0.010654
-0.010637
-0.010865
-0.011308
-0.011878
-0.012682
-0.013176
-0.012685
-0.01227
-0.012726
-0.013665
-0.014226
-0.014045
-0.013773
-0.013688
-0.013185
-0.012347
-0.011724
-0.011586
-0.011767
-0.01203
-0.012221
-0.012364
-0.012684
-0.013121
-0.013254
-0.013066
-0.012818
-0.012735
-0.012876
-0.013293
-0.013506
-0.013172
-0.012645
-0.01227
-0.012005
-0.01144
-0.010565
-0.010731
-0.011871
-0.012862
-0.013326
-0.01363
-0.014028
-0.014443
-0.014673
-0.014488
-0.013864
-0.013244
-0.012912
-0.012824
-0.012771
-0.012704
-0.01277
-0.012987
-0.01324
-0.013332
-0.01321
-0.01274
-0.012148
-0.011744
-0.011295
-0.010631
-0.010089
-0.010004
-0.010457
-0.01108
-0.011571
-0.011773
-0.011733
-0.011498
-0.011076
-0.010508
-0.00988
-0.0095179
-0.0096527
-0.0092916
-0.0081946
-0.0074367
-0.0074795
-0.0080395
-0.0085294
-0.0086179
-0.0081567
-0.0076001
-0.0073775
-0.0075012
-0.0074543
-0.006465
-0.0052605
-0.0048923
-0.0046887
-0.0041323
-0.0039657
-0.0042234
-0.0043892
-0.0046155
-0.0051075
-0.005612
-0.0056349
-0.0049852
-0.0036591
-0.0019958
-0.00062983
0.00039092
0.0013231
0.0021763
0.002771
0.0029245
0.0028529
0.0028055
0.0028618
0.002996
0.0032329
0.0034687
0.003622
0.0038199
0.0040968
0.0042917
0.0044765
0.0047978
0.0052069
0.0056943
0.0064184
0.0071278
0.0075086
0.0073808
0.0071392
0.0076526
0.0088317
0.010068
0.010875
0.011178
0.010911
0.01033
0.0097113
0.0093263
0.0091414
0.0089715
0.0088649
0.0088962
0.0086692
0.0082819
0.0082801
0.0083238
0.0078874
0.0072505
0.006814
0.0066295
0.0064756
0.0061678
0.0054434
0.0046574
0.0043501
0.0043106
0.0042717
0.0044424
0.0048499
0.0053323
0.005551
0.0055158
0.0056633
0.0060911
0.0065448
0.0065967
0.0062593
0.0059195
0.0057987
0.0058539
0.0059447
0.0061158
0.0066175
0.0072424
0.0076847
0.0079418
0.0079702
0.0074323
0.0067042
0.0062696
0.0060566
0.0059359
0.0061346
0.0067175
0.0075246
0.0082096
0.0084854
0.0080388
0.0073699
0.0070349
0.0070766
0.0071609
0.0070892
0.0069795
0.0069985
0.0071682
0.0073322
0.0072807
0.0067484
0.0057465
0.0049654
0.0046279
0.0044355
0.0040309
0.0033966
0.0026543
0.0020737
0.0018974
0.0021966
0.0027703
0.0033191
0.003675
0.0038505
0.0042337
0.004811
0.0050274
0.0051556
0.0058251
0.0065944
0.0069759
0.007101
0.0073952
0.0080788
0.0089693
0.0097993
0.010428
0.010934
0.011362
0.011463
0.011282
0.011285
0.011469
0.011511
0.01129
0.011058
0.011235
0.011544
0.011505
0.011297
0.011202
0.011174
0.011292
0.011671
0.012248
0.012955
0.013813
0.014607
0.015146
0.015404
0.015474
0.015446
0.015391
0.015292
0.014872
0.01419
0.013756
0.013848
0.014274
0.014323
0.013973
0.013733
0.01414
0.015113
0.015456
0.01534
0.015841
0.016499
0.016487
0.016069
0.015794
0.015786
0.015733
0.015434
0.015073
0.015007
0.015439
0.016093
0.016676
0.016845
0.016542
0.015856
0.01521
0.014756
0.014253
0.013637
0.013089
0.012751
0.01255
0.012302
0.011966
0.011578
0.010993
0.010057
0.0086922
0.0075747
0.0072474
0.0075356
0.007813
0.0076708
0.0072979
0.0070647
0.0073989
0.0080551
0.0085141
0.0083472
0.0076442
0.0073626
0.0075506
0.0075245
0.0070077
0.006255
0.0058724
0.0057593
0.0054055
0.0047669
0.0041426
0.0037809
0.0034876
0.0029563
0.0021184
0.0013826
0.0014572
0.0018497
0.0018367
0.0016312
0.00157
0.0014957
0.0012636
0.001001
0.001274
0.0020608
0.0030456
0.0038482
0.0043124
0.0042143
0.0037198
0.0033652
0.0028664
0.0018171
0.00084431
0.0004595
0.00061575
0.00072042
0.00047842
2.0055e-05
-0.0003114
-0.00033347
-0.00025498
-0.00026778
-0.0003003
-0.00050407
-0.0011775
-0.0020842
-0.0029287
-0.003687
-0.0043158
-0.0047536
-0.0049857
-0.0049876
-0.0046931
-0.0043674
-0.0042289
-0.0040569
-0.0037797
-0.0037113
-0.0038681
-0.004103
-0.0046021
-0.0051547
-0.005175
-0.0050223
-0.0052734
-0.0058174
-0.0061019
-0.0057875
-0.0052986
-0.0050325
-0.0049696
-0.0049499
-0.0049534
-0.0051834
-0.005729
-0.0061423
-0.0062566
-0.006262
-0.0063527
-0.0065541
-0.0069152
-0.0072295
-0.0071778
-0.0064598
-0.0052483
-0.0040282
-0.003112
-0.0025031
-0.0017841
-0.00091907
-0.00041452
-0.00036645
-0.00054618
-0.00047524
-0.00013221
4.7019e-05
-0.00010175
-0.0004523
-0.00075905
-0.00090331
-0.00085261
-0.00055913
-7.9669e-05
-2.6379e-05
-0.00034489
-0.00015358
0.00046684
0.00088643
0.00075429
0.00023506
-0.00038106
-0.001041
-0.0017588
-0.0020651
-0.0019224
-0.0016063
-0.0011117
-0.0005472
-0.00037253
-0.00010562
0.00076883
0.0014403
0.0014365
0.0012291
0.00098548
0.00057879
0.0004604
0.00069147
0.00094225
0.00043577
-0.00097412
-0.0017352
-0.0014569
-0.00096379
-0.00085286
-0.0010021
-0.0010691
-0.00097815
-0.00097903
-0.0011416
-0.0013324
-0.0014706
-0.0015811
-0.0016924
-0.0016839
-0.0015232
-0.0013255
-0.0010464
-0.00052444
0.00013343
0.00068535
0.00091725
0.0010212
0.0012334
0.0014528
0.0013445
0.00052453
-0.00043497
-0.00086853
-0.00052698
0.00022521
0.00078818
0.0010474
0.0012391
0.0015055
0.0018625
0.0023847
0.0031998
0.0042743
0.0051021
0.0055248
0.0056346
0.0055794
0.0053741
0.0048344
0.0041655
0.0038575
0.0041382
0.0049092
0.0059696
0.0068436
0.0071298
0.0070818
0.0069881
0.0068342
0.0064934
0.0059226
0.0054334
0.0052524
0.0053019
0.0051427
0.0043738
0.0030233
0.0016703
0.0011668
0.0013432
0.0017022
0.0019908
0.0022346
0.0024432
0.002842
0.0036345
0.0043686
0.0047022
0.0047132
0.004562
0.0043179
0.0041965
0.0042132
0.0041651
0.0038687
0.0033752
0.0031597
0.0032403
0.0030704
0.0026396
0.0023145
0.0023697
0.002381
0.0015459
0.0005019
0.0001368
0.00026983
0.00038519
0.00033813
-5.8278e-05
-0.00074139
-0.00067409
2.8922e-05
0.00044413
0.00030537
-3.6669e-05
-9.3711e-05
9.858e-05
0.00021179
-9.4481e-05
-0.00085921
-0.0017557
-0.0023505
-0.0024244
-0.0022961
-0.0022067
-0.0018116
-0.0012836
-0.0011354
-0.0010308
-0.00067923
-0.00061568
-0.0010506
-0.0016911
-0.001944
-0.0015993
-0.0007549
0.00011021
0.00067675
0.0008771
0.0008356
0.00064918
0.00054076
0.00068212
0.0009802
0.0011626
0.00092013
0.00065707
0.00094538
0.0018031
0.0026823
0.0028877
0.0029521
0.0037167
0.0047225
0.0052478
0.005112
0.0047802
0.0045548
0.004065
0.0034488
0.0037452
0.0045278
0.0047696
0.0045367
0.0044064
0.0046279
0.005019
0.0053857
0.0058653
0.0063399
0.0062116
0.0058619
0.0059045
0.0061546
0.0060368
0.0050654
0.0039323
0.0033566
0.0030862
0.0027416
0.0024115
0.0020181
0.0014106
0.00068827
6.6948e-05
-0.00029341
-0.00062234
-0.001132
-0.0017772
-0.0025378
-0.0034056
-0.004047
-0.0045581
-0.0055534
-0.006328
-0.0060733
-0.0054032
-0.005
-0.0048431
-0.0045523
-0.0040125
-0.0036364
-0.003548
-0.0035558
-0.0034444
-0.0032014
-0.003043
-0.0030838
-0.0033417
-0.0035729
-0.0036548
-0.0039847
-0.0046033
-0.0052186
-0.0058622
-0.0067187
-0.0078419
-0.0084245
-0.0079767
-0.0074525
-0.0074384
-0.0075455
-0.0069225
-0.0054532
-0.0047702
-0.0054688
-0.006585
-0.007199
-0.0073042
-0.0073565
-0.0073249
-0.0065591
-0.0052949
-0.0040968
-0.00291
-0.001698
-0.00093529
-0.00044079
0.00020183
0.00068062
0.00082599
0.0010657
0.0013665
0.0013455
0.0010808
0.00081546
0.00059965
0.00068034
0.0013299
0.0017987
0.0015476
0.00071739
0.00020969
0.00060003
0.00071311
-0.00012617
-0.0012414
-0.0018683
-0.0019805
-0.0021201
-0.0025873
-0.0033003
-0.0035359
-0.0029055
-0.0019677
-0.0012555
-0.0009005
-0.00069361
-0.00052217
-0.00083677
-0.0015834
-0.0019284
-0.0018922
-0.0020327
-0.0027733
-0.003614
-0.0033882
-0.0026871
-0.0025694
-0.0028243
-0.0029361
-0.002953
-0.0031765
-0.0036851
-0.0041401
-0.0042322
-0.0037029
-0.0029445
-0.0024031
-0.0021749
-0.0021632
-0.0024978
-0.002783
-0.0026818
-0.0025899
-0.0027522
-0.0030012
-0.0031932
-0.0033027
-0.003125
-0.002978
-0.0036061
-0.0047631
-0.005874
-0.0069999
-0.0079907
-0.0084348
-0.0085393
-0.0085919
-0.008568
-0.008511
-0.0085591
-0.0083479
-0.0076315
-0.0069086
-0.0065923
-0.0067022
-0.0073903
-0.0085117
-0.008147
-0.0070158
-0.0073242
-0.0080086
-0.0074001
-0.0063994
-0.0058895
-0.0056215
-0.0055376
-0.0056944
-0.0053207
-0.0046583
-0.0045928
-0.0047331
-0.0044375
-0.0040757
-0.0038398
-0.0034359
-0.0027212
-0.0018574
-0.0015063
-0.0016936
-0.0020735
-0.0021004
-0.0015827
-0.00082074
-0.00012421
0.00047765
0.0010539
0.001597
0.0018846
0.001884
0.0016074
0.0011562
0.00064623
0.00027028
9.3697e-06
-0.00025894
-0.00045545
-0.00037595
0.00034745
0.0010711
0.00087126
0.00033248
0.00021816
0.00036742
0.00031156
-0.00011189
-0.00077728
-0.0014368
-0.0013419
-0.00089433
-0.0010413
-0.0016614
-0.0021825
-0.0022941
-0.002312
-0.0026171
-0.0028474
-0.002698
-0.0022295
-0.0016654
-0.0011318
-0.0010441
-0.0015291
-0.0017351
-0.0014105
-0.0010137
-0.0010671
-0.0015059
-0.0018853
-0.0019221
-0.0015978
-0.0010764
-0.00062971
-0.00093538
-0.0016289
-0.0018832
-0.0017417
-0.0015872
-0.0012418
-0.00086619
-0.00089578
-0.0011832
-0.001401
-0.0014461
-0.0013562
-0.0011512
-0.0010113
-0.0010631
-0.0015417
-0.0022543
-0.0028799
-0.0035505
-0.0043146
-0.0048199
-0.0049238
-0.0046705
-0.0043698
-0.0041744
-0.0040045
-0.0039022
-0.0040286
-0.0042412
-0.0042844
-0.0039551
-0.0034904
-0.0031759
-0.0030993
-0.0030616
-0.0027497
-0.0022029
-0.0016159
-0.0012159
-0.00099379
-0.00080395
-0.00082624
-0.0013248
-0.0015265
-0.0011049
-0.00079144
-0.00078194
-0.00061243
-6.8426e-05
0.0006549
0.0012722
0.0016215
0.0016855
0.0018211
0.00213
0.0021246
0.0019503
0.0021646
0.0025564
0.0027408
0.0026044
0.0024396
0.0025432
0.0028563
0.0032109
0.0036989
0.0041708
0.0043387
0.0043577
0.0044069
0.0042162
0.0036926
0.0030048
0.0024964
0.0022965
0.0026207
0.0032572
0.0038481
0.0042025
0.0043791
0.0042896
0.0040913
0.0040877
0.0046437
0.0056132
0.0064211
0.0068489
0.0070297
0.0070334
0.0067995
0.0064335
0.0061669
0.0061349
0.005913
0.0052056
0.0043025
0.0034851
0.0027508
0.0021374
0.0016431
0.0012511
0.00097485
0.00084004
0.00068199
0.0005246
0.0010243
0.0019773
0.002636
0.0026559
0.0023074
0.0018293
0.001312
0.00078197
0.00051251
0.00050198
0.00030715
-2.1168e-05
-8.3237e-05
0.00011073
0.00030321
0.0002501
0.00012522
0.00020398
0.00023522
4.4613e-05
-8.6006e-05
3.5181e-05
0.0003452
0.00053419
0.00053091
0.00059886
0.00079272
0.00094487
0.00093921
0.0008198
0.00083312
0.00098031
0.001083
0.0010419
0.00094385
0.0011712
0.0016079
0.0018659
0.0020286
0.0023166
0.0025826
0.0027301
0.0028219
0.0028199
0.0026779
0.0025683
0.00261
0.0028413
0.0030607
0.0031704
0.0035539
0.0041709
0.004587
0.0046999
0.0046292
0.00417
0.0034683
0.0028828
0.0025183
0.0022757
0.0021163
0.002195
0.0028972
0.0036335
0.0037633
0.0034689
0.0032471
0.0034325
0.0038526
0.0042308
0.0045137
0.0047364
0.0048062
0.0047187
0.0045446
0.0043541
0.0041381
0.003912
0.0040017
0.0044009
0.0045304
0.0043117
0.004056
0.0036681
0.0031007
0.0028221
0.0028805
0.002966
0.0028928
0.0027412
0.002685
0.0025284
0.0019431
0.0012147
0.00063416
8.0471e-05
-0.00053562
-0.0011027
-0.0014024
-0.0014264
-0.0012177
-0.00096135
-0.00084275
-0.00094178
-0.0012068
-0.0017488
-0.0023656
-0.0027394
-0.0029868
-0.0032967
-0.0035622
-0.0036663
-0.003617
-0.0035687
-0.0035353
-0.0031554
-0.0025426
-0.002097
-0.0018336
-0.0015602
-0.0011938
-0.00089703
-0.00085296
-0.00085239
-0.00072563
-0.00074066
-0.00093608
-0.0010726
-0.0011062
-0.0011306
-0.0010971
-0.0010252
-0.0010195
-0.00099529
-0.00086106
-0.00078793
-0.00079466
-0.00070125
-0.00047179
-0.00021246
-0.00011171
-0.00017341
-0.00024558
-0.00019956
-4.0472e-05
0.00013168
0.00023195
0.00019545
7.4616e-05
-5.67e-05
-0.00018012
-0.00025587
-0.00015722
7.7275e-05
0.00035575
0.00055396
0.00066527
0.00077388
0.0008983
0.00099299
0.0010992
0.0012257
0.0012228
0.00093396
0.00033508
1.9042e-05
0.00018875
0.00045911
0.00043805
7.8797e-05
-6.3966e-05
0.00019267
0.00036893
0.00030777
0.00023281
8.5998e-05
-0.00021703
-0.00060464
-0.00076237
-0.00043433
-7.8924e-05
1.2756e-07
7.4116e-05
0.00041577
0.0010268
0.0016316
0.0020789
0.0024273
0.0027214
0.0028373
0.0027774
0.0026686
0.0027571
0.0029879
0.003147
0.0031517
0.0030988
0.0033131
0.003789
0.0041766
0.0044763
0.0048646
0.0051787
0.0052765
0.0052096
0.0050274
0.0047011
0.0045389
0.004602
0.0045623
0.0043458
0.0041054
0.0038659
0.0036243
0.0034711
0.0033006
0.0029375
0.0024063
0.0018862
0.0015631
0.0013317
0.0010342
0.00080556
0.00078214
0.00094557
0.0010995
0.001117
0.0011273
0.0012505
0.0014707
0.0017182
0.0019595
0.0020576
0.0019889
0.0017996
0.0016165
0.0015468
0.0016368
0.0018051
0.0018925
0.0018604
0.0017579
0.0016319
0.0014741
0.0012681
0.0010794
0.0009923
0.0010232
0.0011277
0.0011401
0.0010361
0.00089573
0.00069552
0.000394
0.00014469
-2.406e-07
-0.00011345
-0.00025807
-0.00042669
-0.0005836
-0.00060742
-0.00039471
-0.00018303
-0.00016085
-0.00027535
-0.00041946
-0.00057611
-0.00067629
-0.00068292
-0.00064796
-0.00062796
-0.00062983
-0.00064475
-0.00067252
-0.0007307
-0.00084337
-0.0010595
-0.0012472
-0.0012891
-0.0012465
-0.0012204
-0.0012329
-0.0012355
-0.0011941
-0.0011204
-0.0010497
-0.0010067
-0.0010331
-0.0011366
-0.0012411
-0.0013009
-0.0013183
-0.0012943
-0.0012299
-0.0011614
-0.0011337
-0.0011958
-0.0013057
-0.0013975
-0.0014119
-0.0013827
-0.0013685
-0.0014226
-0.0015435
-0.0016548
-0.0017183
-0.0017426
-0.0017323
-0.0016937
-0.0016878
-0.0017102
-0.0017113
-0.0016562
-0.0015601
-0.0015089
-0.0015199
-0.0015627
-0.0015963
-0.0016071
-0.001597
-0.0015759
-0.0015399
-0.0015026
-0.0014812
-0.0014926
-0.0015116
-0.0014979
-0.0014547
-0.0014038
-0.0013472
-0.0012832
-0.0012105
-0.0011559
-0.0011355
-0.0011213
-0.0010875
-0.0010262
-0.00095838
-0.00090361
-0.00087449
-0.00087104
-0.00089284
-0.00090696
-0.00088293
-0.00082881
-0.00077238
-0.00073441
-0.00070799
-0.00068061
-0.00065798
-0.0006457
-0.00064076
-0.00063553
-0.00062476
-0.00060685
-0.00058628
-0.00057047
-0.00056476
-0.000571
-0.00058648
-0.00060723
-0.00061949
-0.00062451
-0.00063287
-0.00065217
-0.0006799
-0.00070177
-0.00071174
-0.00071348
-0.00071766
-0.0007296
-0.00075346
-0.00077984
-0.00079778
-0.00080978
-0.00082343
-0.00084587
-0.00086756
-0.00087553
-0.00087324
-0.00086931
-0.00087037
-0.00087685
-0.00088685
-0.00089911
-0.00091242
-0.00091711
-0.00091496
-0.00091433
-0.00091714
-0.00092025
-0.00092136
-0.00092154
-0.00092308
-0.00092997
-0.00094221
-0.00095001
-0.00095032
-0.00094711
-0.00094446
-0.00094174
-0.00093392
-0.00092434
-0.00091964
-0.00091734
-0.00091287
-0.00090498
-0.0008953
-0.00088523
-0.00087672
-0.00087075
-0.00086888
-0.00086841
-0.00086585
-0.00086109
-0.00085526
-0.00084716
-0.00083716
-0.00082676
-0.0008181
-0.00081171
-0.00080671
-0.00080216
-0.0007979
-0.00079267
-0.00078602
-0.00077961
-0.0007734
-0.00076607
-0.00075762
-0.00074879
-0.0007403
-0.0007323
-0.0007247
-0.00071751
-0.00071083
-0.00070481
-0.00069904
-0.00069299
-0.00068662
-0.00068011
-0.00067348
-0.00066678
-0.00066006
-0.00065305
-0.00064569
-0.00063856
-0.00063172
-0.00062478
-0.00061769
-0.00061065
-0.00060373
-0.00059682
-0.00058973
-0.00058285
-0.00057637
-0.00056971
-0.00056276
-0.0005559
-0.000549
-0.00054187
-0.00053474
-0.0005278
-0.000521
-0.00051444
-0.00050812
-0.00050173
-0.00049515
-0.00048848
-0.00048201
-0.00047579
-0.00046959
-0.00046328
-0.00045692
-0.00045066
-0.00044453
-0.00043846
-0.00043233
-0.00042606
-0.0004198
-0.00041371
-0.00040772
-0.00040175
-0.00039575
-0.00038976
-0.00038384
-0.00037793
-0.00037199
-0.00036605
-0.00036014
-0.00035428
-0.00034845
-0.00034262
-0.0003368
-0.00033101
-0.00032526
-0.00031953
-0.0003138
-0.0003081
-0.0003024
-0.00029671
-0.00029103
-0.00028537
-0.00027971
-0.00027406
-0.00026843
-0.00026281
-0.00025721
-0.00025162
-0.00024605
-0.0002405
-0.00023497
-0.00022945
-0.00022395
-0.00021846
-0.00021299
-0.00020753
-0.00020209
-0.00019666
-0.00019124
-0.00018583
-0.00018045
-0.00017507
-0.00016972
-0.00016438
-0.00015905
-0.00015374
-0.00014844
-0.00014316
-0.0001379
-0.00013265
-0.00012742
-0.0001222
-0.000117
-0.00011181
-0.00010665
-0.00010149
-9.6359e-05
-9.1241e-05
-8.6139e-05
-8.1055e-05
-7.5988e-05
-7.0937e-05
-6.5904e-05
-6.0889e-05
-5.5891e-05
-5.0911e-05
-4.5948e-05
-4.1003e-05
-3.6076e-05
-3.1168e-05
