   0.0000000e+00  -4.7504110e-03
   1.0000000e-02  -4.7426040e-03
   2.0000000e-02  -4.7346280e-03
   3.0000000e-02  -4.7264930e-03
   4.0000000e-02  -4.7181710e-03
   5.0000000e-02  -4.7095920e-03
   6.0000000e-02  -4.7006940e-03
   7.0000000e-02  -4.6914340e-03
   8.0000000e-02  -4.6816790e-03
   9.0000000e-02  -4.6712740e-03
   1.0000000e-01  -4.6601220e-03
   1.1000000e-01  -4.6483820e-03
   1.2000000e-01  -4.6364580e-03
   1.3000000e-01  -4.6241660e-03
   1.4000000e-01  -4.6116740e-03
   1.5000000e-01  -4.5990830e-03
   1.6000000e-01  -4.5855900e-03
   1.7000000e-01  -4.5692500e-03
   1.8000000e-01  -4.5506740e-03
   1.9000000e-01  -4.5302660e-03
   2.0000000e-01  -4.5077180e-03
   2.1000000e-01  -4.4826170e-03
   2.2000000e-01  -4.4543680e-03
   2.3000000e-01  -4.4239640e-03
   2.4000000e-01  -4.3932430e-03
   2.5000000e-01  -4.3614440e-03
   2.6000000e-01  -4.3261070e-03
   2.7000000e-01  -4.2870630e-03
   2.8000000e-01  -4.2495730e-03
   2.9000000e-01  -4.2267600e-03
   3.0000000e-01  -4.2143670e-03
   3.1000000e-01  -4.2092670e-03
   3.2000000e-01  -4.2081920e-03
   3.3000000e-01  -4.2031900e-03
   3.4000000e-01  -4.1932690e-03
   3.5000000e-01  -4.1976670e-03
   3.6000000e-01  -4.2082750e-03
   3.7000000e-01  -4.1522120e-03
   3.8000000e-01  -3.9480270e-03
   3.9000000e-01  -3.6727640e-03
   4.0000000e-01  -3.5068680e-03
   4.1000000e-01  -3.6334170e-03
   4.2000000e-01  -3.8862650e-03
   4.3000000e-01  -4.0199540e-03
   4.4000000e-01  -3.8726200e-03
   4.5000000e-01  -3.5818420e-03
   4.6000000e-01  -3.2503170e-03
   4.7000000e-01  -2.9337920e-03
   4.8000000e-01  -2.8091080e-03
   4.9000000e-01  -2.7885930e-03
   5.0000000e-01  -2.8022120e-03
   5.1000000e-01  -2.7727160e-03
   5.2000000e-01  -2.5583040e-03
   5.3000000e-01  -2.2222800e-03
   5.4000000e-01  -1.8607250e-03
   5.5000000e-01  -1.6709890e-03
   5.6000000e-01  -1.8911650e-03
   5.7000000e-01  -2.3269230e-03
   5.8000000e-01  -2.5128230e-03
   5.9000000e-01  -1.8617620e-03
   6.0000000e-01  -1.0552260e-03
   6.1000000e-01  -1.3208120e-03
   6.2000000e-01  -2.4657970e-03
   6.3000000e-01  -3.4282920e-03
   6.4000000e-01  -3.0395400e-03
   6.5000000e-01  -1.8888050e-03
   6.6000000e-01  -6.6244990e-04
   6.7000000e-01   3.2336410e-04
   6.8000000e-01   7.0565020e-04
   6.9000000e-01   9.4325840e-04
   7.0000000e-01   1.1426340e-03
   7.1000000e-01   1.1021660e-03
   7.2000000e-01   7.7595480e-04
   7.3000000e-01   3.5485060e-04
   7.4000000e-01  -6.9664060e-05
   7.5000000e-01  -4.8033400e-04
   7.6000000e-01  -9.1701330e-04
   7.7000000e-01  -1.4173400e-03
   7.8000000e-01  -2.0067400e-03
   7.9000000e-01  -2.4741930e-03
   8.0000000e-01  -2.4009810e-03
   8.1000000e-01  -1.9106600e-03
   8.2000000e-01  -1.3363660e-03
   8.3000000e-01  -6.9750620e-04
   8.4000000e-01  -2.2661540e-05
   8.5000000e-01   5.6542460e-04
   8.6000000e-01   8.0912950e-04
   8.7000000e-01   9.4768320e-04
   8.8000000e-01   1.0131070e-03
   8.9000000e-01   7.5956840e-04
   9.0000000e-01   1.8375500e-04
   9.1000000e-01  -6.9849000e-04
   9.2000000e-01  -1.7787830e-03
   9.3000000e-01  -2.6388630e-03
   9.4000000e-01  -2.5301530e-03
   9.5000000e-01  -1.5282820e-03
   9.6000000e-01  -3.3332040e-04
   9.7000000e-01   9.2419760e-04
   9.8000000e-01   2.1921000e-03
   9.9000000e-01   3.4473680e-03
   1.0000000e+00   4.6424640e-03
   1.0100000e+00   6.0756020e-03
   1.0200000e+00   7.8315930e-03
   1.0300000e+00   8.8843450e-03
   1.0400000e+00   6.6502990e-03
   1.0500000e+00   1.9467340e-03
   1.0600000e+00  -2.1887640e-03
   1.0700000e+00  -2.9053580e-03
   1.0800000e+00  -1.6574930e-03
   1.0900000e+00  -8.4980450e-04
   1.1000000e+00  -1.0003850e-03
   1.1100000e+00  -1.6378350e-03
   1.1200000e+00  -6.2775960e-04
   1.1300000e+00   4.3331140e-03
   1.1400000e+00   9.1806430e-03
   1.1500000e+00   8.3479780e-03
   1.1600000e+00   5.2988790e-03
   1.1700000e+00   2.7507450e-03
   1.1800000e+00   1.8953750e-03
   1.1900000e+00   2.6166030e-03
   1.2000000e+00   3.4312730e-03
   1.2100000e+00   3.4351590e-03
   1.2200000e+00   2.9404750e-03
   1.2300000e+00   4.9864640e-03
   1.2400000e+00   1.2385700e-02
   1.2500000e+00   1.7205020e-02
   1.2600000e+00   9.5065150e-03
   1.2700000e+00  -6.0774350e-04
   1.2800000e+00  -3.7119890e-03
   1.2900000e+00  -3.8850960e-03
   1.3000000e+00  -3.9442390e-03
   1.3100000e+00  -3.3361980e-03
   1.3200000e+00  -1.0452560e-03
   1.3300000e+00   1.9326580e-03
   1.3400000e+00   4.9466510e-03
   1.3500000e+00   7.9591900e-03
   1.3600000e+00   1.0768980e-02
   1.3700000e+00   1.3119460e-02
   1.3800000e+00   1.5298380e-02
   1.3900000e+00   1.7186250e-02
   1.4000000e+00   1.7626060e-02
   1.4100000e+00   1.6307460e-02
   1.4200000e+00   1.3668930e-02
   1.4300000e+00   1.0009800e-02
   1.4400000e+00   5.9615890e-03
   1.4500000e+00   2.7819010e-03
   1.4600000e+00   2.5008400e-03
   1.4700000e+00   3.5899320e-03
   1.4800000e+00   4.6776920e-03
   1.4900000e+00   5.8711460e-03
   1.5000000e+00   7.1201840e-03
   1.5100000e+00   8.2418800e-03
   1.5200000e+00   8.5198770e-03
   1.5300000e+00   8.1878800e-03
   1.5400000e+00   7.7644880e-03
   1.5500000e+00   7.1206610e-03
   1.5600000e+00   5.5081990e-03
   1.5700000e+00   3.2335210e-03
   1.5800000e+00   8.6380870e-04
   1.5900000e+00  -1.4647410e-03
   1.6000000e+00  -3.8954780e-03
   1.6100000e+00  -6.5165730e-03
   1.6200000e+00  -8.7439210e-03
   1.6300000e+00  -8.9954590e-03
   1.6400000e+00  -7.4783880e-03
   1.6500000e+00  -5.6620100e-03
   1.6600000e+00  -3.9112570e-03
   1.6700000e+00  -2.1266730e-03
   1.6800000e+00  -3.1860030e-04
   1.6900000e+00   1.5250400e-03
   1.7000000e+00   3.5595890e-03
   1.7100000e+00   5.4542880e-03
   1.7200000e+00   6.0477730e-03
   1.7300000e+00   4.5873410e-03
   1.7400000e+00   2.4823340e-03
   1.7500000e+00   3.9505860e-04
   1.7600000e+00  -1.6818300e-03
   1.7700000e+00  -3.7038180e-03
   1.7800000e+00  -5.7579230e-03
   1.7900000e+00  -8.1317610e-03
   1.8000000e+00  -1.0532780e-02
   1.8100000e+00  -1.0842740e-02
   1.8200000e+00  -6.8051580e-03
   1.8300000e+00  -1.0157810e-03
   1.8400000e+00   3.8704440e-03
   1.8500000e+00   5.4592050e-03
   1.8600000e+00   4.1934060e-03
   1.8700000e+00   2.3371640e-03
   1.8800000e+00  -3.5538650e-06
   1.8900000e+00  -3.0493750e-03
   1.9000000e+00  -6.4618870e-03
   1.9100000e+00  -1.0242250e-02
   1.9200000e+00  -1.4158350e-02
   1.9300000e+00  -1.6294070e-02
   1.9400000e+00  -1.4442360e-02
   1.9500000e+00  -1.1055330e-02
   1.9600000e+00  -7.6704810e-03
   1.9700000e+00  -4.4565760e-03
   1.9800000e+00  -2.6089340e-03
   1.9900000e+00  -1.7351590e-03
   2.0000000e+00  -1.1459520e-03
   2.0100000e+00  -4.1235760e-04
   2.0200000e+00   2.3779610e-04
   2.0300000e+00   4.4513220e-04
   2.0400000e+00  -3.5456240e-04
   2.0500000e+00  -1.4640460e-03
   2.0600000e+00  -2.5753390e-03
   2.0700000e+00  -3.3181550e-03
   2.0800000e+00  -3.5034100e-03
   2.0900000e+00  -3.3881930e-03
   2.1000000e+00  -3.4327620e-03
   2.1100000e+00  -4.1071950e-03
   2.1200000e+00  -5.6892330e-03
   2.1300000e+00  -7.4205200e-03
   2.1400000e+00  -9.1971520e-03
   2.1500000e+00  -1.0933860e-02
   2.1600000e+00  -1.2792800e-02
   2.1700000e+00  -1.4589320e-02
   2.1800000e+00  -1.6286780e-02
   2.1900000e+00  -1.7948710e-02
   2.2000000e+00  -2.0065950e-02
   2.2100000e+00  -2.2322410e-02
   2.2200000e+00  -2.2493080e-02
   2.2300000e+00  -1.7361000e-02
   2.2400000e+00  -1.0394040e-02
   2.2500000e+00  -3.2601380e-03
   2.2600000e+00   3.8992010e-03
   2.2700000e+00   8.9881120e-03
   2.2800000e+00   1.0204080e-02
   2.2900000e+00   1.0056330e-02
   2.3000000e+00   1.0047840e-02
   2.3100000e+00   9.8707580e-03
   2.3200000e+00   9.6084910e-03
   2.3300000e+00   9.5778270e-03
   2.3400000e+00   1.0782270e-02
   2.3500000e+00   1.2646170e-02
   2.3600000e+00   1.4337190e-02
   2.3700000e+00   1.5348950e-02
   2.3800000e+00   1.6868690e-02
   2.3900000e+00   2.2664010e-02
   2.4000000e+00   3.3075770e-02
   2.4100000e+00   3.9035130e-02
   2.4200000e+00   3.5349480e-02
   2.4300000e+00   2.8846790e-02
   2.4400000e+00   2.3441680e-02
   2.4500000e+00   1.9265680e-02
   2.4600000e+00   1.5506490e-02
   2.4700000e+00   1.1568100e-02
   2.4800000e+00   7.5311150e-03
   2.4900000e+00   3.2269040e-03
   2.5000000e+00  -6.7606450e-04
   2.5100000e+00  -2.9708720e-03
   2.5200000e+00  -3.7958930e-03
   2.5300000e+00  -4.3628110e-03
   2.5400000e+00  -4.9143950e-03
   2.5500000e+00  -5.4683890e-03
   2.5600000e+00  -6.1920900e-03
   2.5700000e+00  -7.5891730e-03
   2.5800000e+00  -9.5685150e-03
   2.5900000e+00  -1.3897870e-02
   2.6000000e+00  -2.2314390e-02
   2.6100000e+00  -3.0183390e-02
   2.6200000e+00  -3.0413770e-02
   2.6300000e+00  -2.4275450e-02
   2.6400000e+00  -1.6522850e-02
   2.6500000e+00  -8.6750090e-03
   2.6600000e+00  -1.7744890e-03
   2.6700000e+00   1.9337940e-03
   2.6800000e+00   4.4443590e-03
   2.6900000e+00   7.0123040e-03
   2.7000000e+00   9.5324010e-03
   2.7100000e+00   1.2090220e-02
   2.7200000e+00   1.4633240e-02
   2.7300000e+00   1.7096930e-02
   2.7400000e+00   1.9548140e-02
   2.7500000e+00   2.2788340e-02
   2.7600000e+00   2.7953460e-02
   2.7700000e+00   3.3766170e-02
   2.7800000e+00   3.9988640e-02
   2.7900000e+00   4.6712420e-02
   2.8000000e+00   5.1569050e-02
   2.8100000e+00   5.0379500e-02
   2.8200000e+00   4.5929600e-02
   2.8300000e+00   4.1533080e-02
   2.8400000e+00   3.8246060e-02
   2.8500000e+00   3.5380630e-02
   2.8600000e+00   2.7168020e-02
   2.8700000e+00   8.9576620e-03
   2.8800000e+00  -2.9259740e-03
   2.8900000e+00   1.4351060e-03
   2.9000000e+00   1.0196640e-02
   2.9100000e+00   1.5125470e-02
   2.9200000e+00   1.0968090e-02
   2.9300000e+00   3.9081890e-03
   2.9400000e+00  -2.8594220e-03
   2.9500000e+00  -9.8052220e-03
   2.9600000e+00  -1.6298440e-02
   2.9700000e+00  -2.1590160e-02
   2.9800000e+00  -2.5980970e-02
   2.9900000e+00  -3.0759120e-02
   3.0000000e+00  -3.8372650e-02
   3.0100000e+00  -4.6779910e-02
   3.0200000e+00  -4.5414290e-02
   3.0300000e+00  -2.6758270e-02
   3.0400000e+00  -4.5055610e-03
   3.0500000e+00   3.2330400e-03
   3.0600000e+00  -1.0487840e-02
   3.0700000e+00  -2.7168930e-02
   3.0800000e+00  -3.1341940e-02
   3.0900000e+00  -3.0141300e-02
   3.1000000e+00  -2.8857620e-02
   3.1100000e+00  -2.7863860e-02
   3.1200000e+00  -2.7016830e-02
   3.1300000e+00  -2.6197840e-02
   3.1400000e+00  -2.3866010e-02
   3.1500000e+00  -1.7640520e-02
   3.1600000e+00  -1.0011070e-02
   3.1700000e+00  -8.7227760e-04
   3.1800000e+00   1.2766190e-02
   3.1900000e+00   2.6434030e-02
   3.2000000e+00   3.4814840e-02
   3.2100000e+00   3.9882250e-02
   3.2200000e+00   4.3377300e-02
   3.2300000e+00   4.4856500e-02
   3.2400000e+00   4.6311130e-02
   3.2500000e+00   4.8058820e-02
   3.2600000e+00   4.5352430e-02
   3.2700000e+00   3.1134050e-02
   3.2800000e+00   4.3368060e-03
   3.2900000e+00  -2.4140850e-02
   3.3000000e+00  -4.2872390e-02
   3.3100000e+00  -5.0382380e-02
   3.3200000e+00  -5.5003780e-02
   3.3300000e+00  -5.7665510e-02
   3.3400000e+00  -5.2595890e-02
   3.3500000e+00  -4.4533880e-02
   3.3600000e+00  -3.6225410e-02
   3.3700000e+00  -2.8195900e-02
   3.3800000e+00  -2.2183480e-02
   3.3900000e+00  -1.8785360e-02
   3.4000000e+00  -1.6249700e-02
   3.4100000e+00  -1.3348860e-02
   3.4200000e+00  -9.8965970e-03
   3.4300000e+00  -7.3352060e-03
   3.4400000e+00  -9.3159030e-03
   3.4500000e+00  -1.4786520e-02
   3.4600000e+00  -1.3833810e-02
   3.4700000e+00  -2.7600090e-03
   3.4800000e+00   1.2163590e-02
   3.4900000e+00   2.7865530e-02
   3.5000000e+00   3.9415310e-02
   3.5100000e+00   3.7800360e-02
   3.5200000e+00   3.1041120e-02
   3.5300000e+00   2.7888890e-02
   3.5400000e+00   2.7089000e-02
   3.5500000e+00   2.7226720e-02
   3.5600000e+00   2.7382960e-02
   3.5700000e+00   2.6233890e-02
   3.5800000e+00   2.0590450e-02
   3.5900000e+00   1.3345980e-02
   3.6000000e+00   6.1453180e-03
   3.6100000e+00  -1.0764360e-03
   3.6200000e+00  -8.3789100e-03
   3.6300000e+00  -1.5658870e-02
   3.6400000e+00  -2.2690360e-02
   3.6500000e+00  -2.9311770e-02
   3.6600000e+00  -3.6497510e-02
   3.6700000e+00  -4.4417030e-02
   3.6800000e+00  -5.0018590e-02
   3.6900000e+00  -4.6395880e-02
   3.7000000e+00  -3.6217200e-02
   3.7100000e+00  -2.4463230e-02
   3.7200000e+00  -1.2255750e-02
   3.7300000e+00  -2.1149760e-03
   3.7400000e+00   1.5262670e-03
   3.7500000e+00   2.6282400e-03
   3.7600000e+00   3.8784050e-03
   3.7700000e+00   4.9030020e-03
   3.7800000e+00   6.1755120e-03
   3.7900000e+00   7.9228460e-03
   3.8000000e+00   1.0197400e-02
   3.8100000e+00   1.1876150e-02
   3.8200000e+00   1.6358570e-02
   3.8300000e+00   3.0375220e-02
   3.8400000e+00   4.7417950e-02
   3.8500000e+00   5.0973650e-02
   3.8600000e+00   3.9613410e-02
   3.8700000e+00   2.5062020e-02
   3.8800000e+00   1.0621300e-02
   3.8900000e+00  -7.7571100e-03
   3.9000000e+00  -3.1830730e-02
   3.9100000e+00  -5.6669860e-02
   3.9200000e+00  -6.7200590e-02
   3.9300000e+00  -4.9404690e-02
   3.9400000e+00  -2.0314250e-02
   3.9500000e+00   7.5775520e-03
   3.9600000e+00   2.6306330e-02
   3.9700000e+00   2.6203700e-02
   3.9800000e+00   2.0312560e-02
   3.9900000e+00   1.4636680e-02
   4.0000000e+00   8.9811230e-03
   4.0100000e+00   3.1913370e-03
   4.0200000e+00  -3.1131740e-03
   4.0300000e+00  -1.0117330e-02
   4.0400000e+00  -1.5529570e-02
   4.0500000e+00  -1.4342580e-02
   4.0600000e+00  -6.6426460e-03
   4.0700000e+00   2.9645840e-03
   4.0800000e+00   1.0717620e-02
   4.0900000e+00   1.0198650e-02
   4.1000000e+00   3.4639970e-03
   4.1100000e+00  -4.2014870e-03
   4.1200000e+00  -8.3433030e-03
   4.1300000e+00  -7.3004880e-03
   4.1400000e+00  -8.1403790e-03
   4.1500000e+00  -1.8076450e-02
   4.1600000e+00  -3.1198480e-02
   4.1700000e+00  -4.5896500e-02
   4.1800000e+00  -6.1307510e-02
   4.1900000e+00  -6.7569600e-02
   4.2000000e+00  -5.1326550e-02
   4.2100000e+00  -2.6615040e-02
   4.2200000e+00  -2.2783310e-03
   4.2300000e+00   2.1914510e-02
   4.2400000e+00   4.2210420e-02
   4.2500000e+00   5.7986360e-02
   4.2600000e+00   7.0736380e-02
   4.2700000e+00   7.6320920e-02
   4.2800000e+00   7.0023350e-02
   4.2900000e+00   6.0116370e-02
   4.3000000e+00   4.9225400e-02
   4.3100000e+00   3.8083320e-02
   4.3200000e+00   3.1199270e-02
   4.3300000e+00   3.4241660e-02
   4.3400000e+00   3.7447290e-02
   4.3500000e+00   3.0181530e-02
   4.3600000e+00   1.7960520e-02
   4.3700000e+00   5.9000820e-03
   4.3800000e+00  -1.1639210e-03
   4.3900000e+00   4.1863010e-03
   4.4000000e+00   1.3820590e-02
   4.4100000e+00   2.5503500e-02
   4.4200000e+00   3.8855140e-02
   4.4300000e+00   4.2262600e-02
   4.4400000e+00   1.9903740e-02
   4.4500000e+00  -3.6761700e-03
   4.4600000e+00  -1.1555750e-02
   4.4700000e+00  -1.5855120e-02
   4.4800000e+00  -2.0710160e-02
   4.4900000e+00  -2.3856320e-02
   4.5000000e+00  -1.9318820e-02
   4.5100000e+00  -1.1967010e-02
   4.5200000e+00  -4.6555980e-03
   4.5300000e+00   2.7433970e-03
   4.5400000e+00   1.0454370e-02
   4.5500000e+00   1.7390410e-02
   4.5600000e+00   2.1492200e-02
   4.5700000e+00   2.3687860e-02
   4.5800000e+00   2.5772090e-02
   4.5900000e+00   2.7639610e-02
   4.6000000e+00   2.9891120e-02
   4.6100000e+00   3.2753080e-02
   4.6200000e+00   3.6606130e-02
   4.6300000e+00   4.0721320e-02
   4.6400000e+00   4.6437560e-02
   4.6500000e+00   5.2190410e-02
   4.6600000e+00   4.9866460e-02
   4.6700000e+00   3.0018200e-02
   4.6800000e+00   3.5617400e-03
   4.6900000e+00  -1.7880040e-02
   4.7000000e+00  -2.3955970e-02
   4.7100000e+00  -2.2579150e-02
   4.7200000e+00  -2.1535800e-02
   4.7300000e+00  -2.0522070e-02
   4.7400000e+00  -1.9918140e-02
   4.7500000e+00  -1.9439880e-02
   4.7600000e+00  -1.9286650e-02
   4.7700000e+00  -1.6417910e-02
   4.7800000e+00  -7.4757250e-03
   4.7900000e+00   3.8501290e-03
   4.8000000e+00   1.5506180e-02
   4.8100000e+00   2.8579560e-02
   4.8200000e+00   4.0166090e-02
   4.8300000e+00   4.5297910e-02
   4.8400000e+00   4.7493670e-02
   4.8500000e+00   4.9862630e-02
   4.8600000e+00   5.1949670e-02
   4.8700000e+00   5.5192120e-02
   4.8800000e+00   5.8198890e-02
   4.8900000e+00   5.6518150e-02
   4.9000000e+00   4.4619010e-02
   4.9100000e+00   3.1058490e-02
   4.9200000e+00   2.5675960e-02
   4.9300000e+00   3.1281520e-02
   4.9400000e+00   4.0288090e-02
   4.9500000e+00   4.8243460e-02
   4.9600000e+00   5.1719070e-02
   4.9700000e+00   5.0556240e-02
   4.9800000e+00   4.8185570e-02
   4.9900000e+00   4.5823940e-02
   5.0000000e+00   4.3097720e-02
   5.0100000e+00   4.1021710e-02
   5.0200000e+00   3.9473630e-02
   5.0300000e+00   3.6031590e-02
   5.0400000e+00   2.4484030e-02
   5.0500000e+00   7.6637280e-03
   5.0600000e+00  -9.7599870e-03
   5.0700000e+00  -2.7886950e-02
   5.0800000e+00  -5.0321770e-02
   5.0900000e+00  -7.4655250e-02
   5.1000000e+00  -9.0823420e-02
   5.1100000e+00  -8.4417200e-02
   5.1200000e+00  -6.9528640e-02
   5.1300000e+00  -5.9710040e-02
   5.1400000e+00  -6.2610190e-02
   5.1500000e+00  -7.0602750e-02
   5.1600000e+00  -7.8246160e-02
   5.1700000e+00  -8.7241560e-02
   5.1800000e+00  -9.4031340e-02
   5.1900000e+00  -9.2056130e-02
   5.2000000e+00  -8.2083670e-02
   5.2100000e+00  -7.0232370e-02
   5.2200000e+00  -5.6658180e-02
   5.2300000e+00  -4.4535520e-02
   5.2400000e+00  -4.2943450e-02
   5.2500000e+00  -5.5907270e-02
   5.2600000e+00  -6.9712050e-02
   5.2700000e+00  -7.1117280e-02
   5.2800000e+00  -6.1593060e-02
   5.2900000e+00  -4.9606920e-02
   5.3000000e+00  -3.7298470e-02
   5.3100000e+00  -2.6196490e-02
   5.3200000e+00  -2.0014100e-02
   5.3300000e+00  -1.8554830e-02
   5.3400000e+00  -1.8319240e-02
   5.3500000e+00  -1.8306970e-02
   5.3600000e+00  -1.7136070e-02
   5.3700000e+00  -1.3503590e-02
   5.3800000e+00  -8.8044200e-03
   5.3900000e+00  -4.3157020e-03
   5.4000000e+00   3.7842830e-04
   5.4100000e+00   4.9899030e-03
   5.4200000e+00   9.7441350e-03
   5.4300000e+00   1.4253250e-02
   5.4400000e+00   1.8754130e-02
   5.4500000e+00   2.3523000e-02
   5.4600000e+00   2.9030020e-02
   5.4700000e+00   3.3006480e-02
   5.4800000e+00   3.0650780e-02
   5.4900000e+00   2.2399220e-02
   5.5000000e+00   1.2968410e-02
   5.5100000e+00   3.5368870e-03
   5.5200000e+00  -5.4417040e-03
   5.5300000e+00  -1.4829480e-02
   5.5400000e+00  -2.6120000e-02
   5.5500000e+00  -3.9563770e-02
   5.5600000e+00  -4.8748620e-02
   5.5700000e+00  -5.1354390e-02
   5.5800000e+00  -5.2039540e-02
   5.5900000e+00  -5.2915300e-02
   5.6000000e+00  -5.3661490e-02
   5.6100000e+00  -5.4502470e-02
   5.6200000e+00  -5.5156130e-02
   5.6300000e+00  -5.5928540e-02
   5.6400000e+00  -5.6435950e-02
   5.6500000e+00  -5.7081550e-02
   5.6600000e+00  -5.8012760e-02
   5.6700000e+00  -5.9299750e-02
   5.6800000e+00  -5.6956360e-02
   5.6900000e+00  -4.3987240e-02
   5.7000000e+00  -1.5013940e-02
   5.7100000e+00   2.6680470e-02
   5.7200000e+00   7.2291370e-02
   5.7300000e+00   1.1342630e-01
   5.7400000e+00   1.4118620e-01
   5.7500000e+00   1.6226820e-01
   5.7600000e+00   1.8455930e-01
   5.7700000e+00   2.0797090e-01
   5.7800000e+00   2.2760790e-01
   5.7900000e+00   2.2677630e-01
   5.8000000e+00   2.0803770e-01
   5.8100000e+00   1.8550870e-01
   5.8200000e+00   1.6352020e-01
   5.8300000e+00   1.4071050e-01
   5.8400000e+00   1.1822850e-01
   5.8500000e+00   9.4910530e-02
   5.8600000e+00   7.1590140e-02
   5.8700000e+00   4.8911330e-02
   5.8800000e+00   3.1174070e-02
   5.8900000e+00   1.8253380e-02
   5.9000000e+00   8.0177840e-03
   5.9100000e+00  -5.7196260e-03
   5.9200000e+00  -3.2691770e-02
   5.9300000e+00  -7.2222240e-02
   5.9400000e+00  -1.1401130e-01
   5.9500000e+00  -1.4769780e-01
   5.9600000e+00  -1.5960000e-01
   5.9700000e+00  -1.6628040e-01
   5.9800000e+00  -1.8109000e-01
   5.9900000e+00  -2.0446580e-01
   6.0000000e+00  -2.0386070e-01
   6.0100000e+00  -1.9030910e-01
   6.0200000e+00  -1.7764070e-01
   6.0300000e+00  -1.6628560e-01
   6.0400000e+00  -1.5586140e-01
   6.0500000e+00  -1.3766490e-01
   6.0600000e+00  -1.0327990e-01
   6.0700000e+00  -6.9671030e-02
   6.0800000e+00  -4.4813710e-02
   6.0900000e+00  -2.1408260e-02
   6.1000000e+00   1.3777430e-03
   6.1100000e+00   2.4417820e-02
   6.1200000e+00   4.9093310e-02
   6.1300000e+00   7.5667190e-02
   6.1400000e+00   9.3455220e-02
   6.1500000e+00   8.3876930e-02
   6.1600000e+00   6.2125470e-02
   6.1700000e+00   3.9537020e-02
   6.1800000e+00   1.9091930e-02
   6.1900000e+00   1.4694460e-02
   6.2000000e+00   2.7119510e-02
   6.2100000e+00   4.4330180e-02
   6.2200000e+00   5.7998060e-02
   6.2300000e+00   6.6510780e-02
   6.2400000e+00   7.4257390e-02
   6.2500000e+00   8.4152540e-02
   6.2600000e+00   8.9080510e-02
   6.2700000e+00   7.6058340e-02
   6.2800000e+00   4.9226690e-02
   6.2900000e+00   1.8976740e-02
   6.3000000e+00  -1.3448750e-02
   6.3100000e+00  -4.0030180e-02
   6.3200000e+00  -4.5099380e-02
   6.3300000e+00  -3.3910560e-02
   6.3400000e+00  -2.0455390e-02
   6.3500000e+00  -5.6241300e-03
   6.3600000e+00   1.0810380e-02
   6.3700000e+00   2.3853890e-02
   6.3800000e+00   2.0022190e-02
   6.3900000e+00   3.9901220e-03
   6.4000000e+00  -3.8262080e-03
   6.4100000e+00  -6.2869780e-03
   6.4200000e+00  -9.8595490e-03
   6.4300000e+00  -1.3082740e-02
   6.4400000e+00  -1.5559690e-02
   6.4500000e+00  -1.4912490e-02
   6.4600000e+00  -1.3498790e-02
   6.4700000e+00  -1.4227660e-02
   6.4800000e+00  -2.2860600e-02
   6.4900000e+00  -3.4687840e-02
   6.5000000e+00  -4.6708400e-02
   6.5100000e+00  -5.9608910e-02
   6.5200000e+00  -7.3950960e-02
   6.5300000e+00  -8.3668590e-02
   6.5400000e+00  -7.8341170e-02
   6.5500000e+00  -6.5007960e-02
   6.5600000e+00  -5.1820480e-02
   6.5700000e+00  -3.8440230e-02
   6.5800000e+00  -2.5442140e-02
   6.5900000e+00  -1.0740580e-02
   6.6000000e+00   4.0798460e-03
   6.6100000e+00   1.4191950e-02
   6.6200000e+00   1.1119820e-02
   6.6300000e+00   3.6868630e-03
   6.6400000e+00  -4.2900320e-03
   6.6500000e+00  -1.2584220e-02
   6.6600000e+00  -1.7831270e-02
   6.6700000e+00  -1.4527320e-02
   6.6800000e+00  -8.1721150e-03
   6.6900000e+00  -1.8906720e-03
   6.7000000e+00   4.1496220e-03
   6.7100000e+00   9.9673410e-03
   6.7200000e+00   1.6457350e-02
   6.7300000e+00   2.4694260e-02
   6.7400000e+00   3.0556640e-02
   6.7500000e+00   2.2849050e-02
   6.7600000e+00  -6.9768960e-04
   6.7700000e+00  -2.6570780e-02
   6.7800000e+00  -4.3717680e-02
   6.7900000e+00  -4.9793590e-02
   6.8000000e+00  -5.2737960e-02
   6.8100000e+00  -5.3609970e-02
   6.8200000e+00  -5.0082830e-02
   6.8300000e+00  -4.4371410e-02
   6.8400000e+00  -3.4990170e-02
   6.8500000e+00  -2.0545220e-02
   6.8600000e+00  -8.6994090e-03
   6.8700000e+00  -9.2159300e-03
   6.8800000e+00  -1.7852730e-02
   6.8900000e+00  -2.7312840e-02
   6.9000000e+00  -3.6258940e-02
   6.9100000e+00  -4.2441270e-02
   6.9200000e+00  -4.7860520e-02
   6.9300000e+00  -5.3046600e-02
   6.9400000e+00  -6.0665940e-02
   6.9500000e+00  -6.9112550e-02
   6.9600000e+00  -6.8655360e-02
   6.9700000e+00  -4.4842260e-02
   6.9800000e+00  -1.5102960e-02
   6.9900000e+00   3.8825850e-03
   7.0000000e+00   1.2202770e-02
   7.0100000e+00   1.6926240e-02
   7.0200000e+00   1.6590170e-02
   7.0300000e+00   8.6716510e-03
   7.0400000e+00  -1.8768470e-03
   7.0500000e+00  -1.2230480e-02
   7.0600000e+00  -2.2188680e-02
   7.0700000e+00  -3.1713020e-02
   7.0800000e+00  -4.3709260e-02
   7.0900000e+00  -5.7537660e-02
   7.1000000e+00  -6.2365050e-02
   7.1100000e+00  -3.8222000e-02
   7.1200000e+00  -1.5879320e-03
   7.1300000e+00   3.5680770e-02
   7.1400000e+00   7.0847000e-02
   7.1500000e+00   9.3670110e-02
   7.1600000e+00   1.0518320e-01
   7.1700000e+00   1.1361510e-01
   7.1800000e+00   1.2458700e-01
   7.1900000e+00   1.3849990e-01
   7.2000000e+00   1.4310160e-01
   7.2100000e+00   1.1685150e-01
   7.2200000e+00   7.1391180e-02
   7.2300000e+00   3.7672310e-02
   7.2400000e+00   4.2436950e-03
   7.2500000e+00  -2.7017680e-02
   7.2600000e+00  -3.9161690e-02
   7.2700000e+00  -4.5274920e-02
   7.2800000e+00  -5.1480050e-02
   7.2900000e+00  -5.3140540e-02
   7.3000000e+00  -4.5286720e-02
   7.3100000e+00  -3.3271750e-02
   7.3200000e+00  -2.1143600e-02
   7.3300000e+00  -1.1568250e-02
   7.3400000e+00  -8.3332650e-03
   7.3500000e+00  -3.9007340e-03
   7.3600000e+00   1.2682790e-02
   7.3700000e+00   3.9275980e-02
   7.3800000e+00   6.6285550e-02
   7.3900000e+00   8.5777810e-02
   7.4000000e+00   9.5271490e-02
   7.4100000e+00   1.0334200e-01
   7.4200000e+00   1.1283380e-01
   7.4300000e+00   1.1796810e-01
   7.4400000e+00   1.0731740e-01
   7.4500000e+00   8.4752600e-02
   7.4600000e+00   5.4408510e-02
   7.4700000e+00   1.3500020e-02
   7.4800000e+00  -2.0056480e-02
   7.4900000e+00  -3.1896610e-02
   7.5000000e+00  -3.7615080e-02
   7.5100000e+00  -4.8957530e-02
   7.5200000e+00  -6.7931840e-02
   7.5300000e+00  -7.5163150e-02
   7.5400000e+00  -7.0426870e-02
   7.5500000e+00  -6.4731760e-02
   7.5600000e+00  -5.8649520e-02
   7.5700000e+00  -4.9094350e-02
   7.5800000e+00  -3.2604100e-02
   7.5900000e+00  -1.3973010e-02
   7.6000000e+00   4.3360580e-03
   7.6100000e+00   2.1128910e-02
   7.6200000e+00   3.6758980e-02
   7.6300000e+00   5.2206230e-02
   7.6400000e+00   6.7532150e-02
   7.6500000e+00   8.2226640e-02
   7.6600000e+00   9.7355960e-02
   7.6700000e+00   1.1498860e-01
   7.6800000e+00   1.3180110e-01
   7.6900000e+00   1.3218920e-01
   7.7000000e+00   1.0615650e-01
   7.7100000e+00   7.0466310e-02
   7.7200000e+00   3.5953310e-02
   7.7300000e+00   1.0301080e-02
   7.7400000e+00   5.8477340e-04
   7.7500000e+00  -3.7335580e-03
   7.7600000e+00  -9.9973440e-03
   7.7700000e+00  -2.4402960e-02
   7.7800000e+00  -4.6342590e-02
   7.7900000e+00  -6.7921410e-02
   7.8000000e+00  -8.3475940e-02
   7.8100000e+00  -9.4939420e-02
   7.8200000e+00  -1.0245660e-01
   7.8300000e+00  -1.0327480e-01
   7.8400000e+00  -1.0257190e-01
   7.8500000e+00  -1.0270170e-01
   7.8600000e+00  -9.7823520e-02
   7.8700000e+00  -8.0555480e-02
   7.8800000e+00  -6.0153680e-02
   7.8900000e+00  -4.5862380e-02
   7.9000000e+00  -3.5294670e-02
   7.9100000e+00  -1.9773860e-02
   7.9200000e+00  -6.6688020e-04
   7.9300000e+00   1.7968990e-02
   7.9400000e+00   3.3915310e-02
   7.9500000e+00   4.4514400e-02
   7.9600000e+00   5.3772350e-02
   7.9700000e+00   6.3837290e-02
   7.9800000e+00   7.4889000e-02
   7.9900000e+00   8.2562080e-02
   8.0000000e+00   8.1873850e-02
   8.0100000e+00   8.1042420e-02
   8.0200000e+00   9.3577480e-02
   8.0300000e+00   1.1264550e-01
   8.0400000e+00   1.1921570e-01
   8.0500000e+00   8.8829120e-02
   8.0600000e+00   4.6235570e-02
   8.0700000e+00   2.6230720e-02
   8.0800000e+00   2.3577870e-02
   8.0900000e+00   2.4275320e-02
   8.1000000e+00   2.4506120e-02
   8.1100000e+00   2.4849340e-02
   8.1200000e+00   2.3027380e-02
   8.1300000e+00   1.7205580e-02
   8.1400000e+00   9.4357100e-03
   8.1500000e+00   2.0816080e-03
   8.1600000e+00  -2.8059360e-03
   8.1700000e+00  -3.5882180e-03
   8.1800000e+00  -3.1815420e-03
   8.1900000e+00  -4.2199250e-03
   8.2000000e+00  -9.7622070e-03
   8.2100000e+00  -1.6973520e-02
   8.2200000e+00  -2.4648730e-02
   8.2300000e+00  -3.3258200e-02
   8.2400000e+00  -3.9799530e-02
   8.2500000e+00  -3.7665720e-02
   8.2600000e+00  -2.7612380e-02
   8.2700000e+00  -1.6056970e-02
   8.2800000e+00  -3.3215710e-03
   8.2900000e+00   1.1179510e-02
   8.3000000e+00   2.1313100e-02
   8.3100000e+00   1.2929310e-02
   8.3200000e+00  -9.2730750e-03
   8.3300000e+00  -3.1123030e-02
   8.3400000e+00  -4.6646250e-02
   8.3500000e+00  -5.7114240e-02
   8.3600000e+00  -5.8094200e-02
   8.3700000e+00  -5.1906970e-02
   8.3800000e+00  -4.6477830e-02
   8.3900000e+00  -4.7895610e-02
   8.4000000e+00  -5.5431690e-02
   8.4100000e+00  -5.6321260e-02
   8.4200000e+00  -4.6318570e-02
   8.4300000e+00  -3.2975130e-02
   8.4400000e+00  -2.0284780e-02
   8.4500000e+00  -6.6583840e-03
   8.4600000e+00   7.7056000e-03
   8.4700000e+00   1.9403030e-02
   8.4800000e+00   2.0317610e-02
   8.4900000e+00   1.5471790e-02
   8.5000000e+00   9.7395970e-03
   8.5100000e+00   5.8624440e-03
   8.5200000e+00   7.3901410e-03
   8.5300000e+00   1.1170680e-02
   8.5400000e+00   1.4682340e-02
   8.5500000e+00   1.8716680e-02
   8.5600000e+00   2.3078150e-02
   8.5700000e+00   2.7759040e-02
   8.5800000e+00   3.2212090e-02
   8.5900000e+00   3.7639580e-02
   8.6000000e+00   4.2764090e-02
   8.6100000e+00   4.3949880e-02
   8.6200000e+00   3.6375670e-02
   8.6300000e+00   2.6331130e-02
   8.6400000e+00   1.5029910e-02
   8.6500000e+00  -6.8319790e-04
   8.6600000e+00  -2.0582570e-02
   8.6700000e+00  -4.2075390e-02
   8.6800000e+00  -6.7689470e-02
   8.6900000e+00  -9.1977620e-02
   8.7000000e+00  -9.4279210e-02
   8.7100000e+00  -5.9010610e-02
   8.7200000e+00  -3.0148910e-02
   8.7300000e+00  -1.9121070e-02
   8.7400000e+00  -9.8965730e-03
   8.7500000e+00   1.3440780e-03
   8.7600000e+00   1.4522920e-02
   8.7700000e+00   2.3963130e-02
   8.7800000e+00   2.4457910e-02
   8.7900000e+00   2.1282150e-02
   8.8000000e+00   1.9682840e-02
   8.8100000e+00   1.6517730e-02
   8.8200000e+00   5.3117300e-03
   8.8300000e+00  -1.6922650e-02
   8.8400000e+00  -4.0473060e-02
   8.8500000e+00  -5.5297600e-02
   8.8600000e+00  -5.4761910e-02
   8.8700000e+00  -4.7373880e-02
   8.8800000e+00  -3.2074670e-02
   8.8900000e+00  -1.1264170e-02
   8.9000000e+00   5.2493690e-03
   8.9100000e+00   4.1077780e-03
   8.9200000e+00  -9.5693100e-03
   8.9300000e+00  -2.4902670e-02
   8.9400000e+00  -3.7027520e-02
   8.9500000e+00  -4.1071200e-02
   8.9600000e+00  -4.7259080e-02
   8.9700000e+00  -5.9187520e-02
   8.9800000e+00  -7.3458030e-02
   8.9900000e+00  -8.4784530e-02
   9.0000000e+00  -8.3145630e-02
   9.0100000e+00  -6.9377570e-02
   9.0200000e+00  -5.3143380e-02
   9.0300000e+00  -3.6536750e-02
   9.0400000e+00  -1.8763280e-02
   9.0500000e+00  -2.3705080e-03
   9.0600000e+00   4.3935640e-03
   9.0700000e+00  -3.0894290e-04
   9.0800000e+00  -9.3139030e-03
   9.0900000e+00  -1.8379930e-02
   9.1000000e+00  -2.1678320e-02
   9.1100000e+00  -1.1430540e-02
   9.1200000e+00   4.1817380e-03
   9.1300000e+00   1.6973150e-02
   9.1400000e+00   1.9711150e-02
   9.1500000e+00   1.4442990e-02
   9.1600000e+00   8.0402400e-03
   9.1700000e+00   1.2742550e-03
   9.1800000e+00  -6.1163480e-03
   9.1900000e+00  -1.2504000e-02
   9.2000000e+00  -1.3000060e-02
   9.2100000e+00  -7.7982330e-03
   9.2200000e+00  -8.3825580e-04
   9.2300000e+00   6.0682710e-03
   9.2400000e+00   1.0768280e-02
   9.2500000e+00   1.1393730e-02
   9.2600000e+00   1.2051940e-02
   9.2700000e+00   1.9159550e-02
   9.2800000e+00   3.3556780e-02
   9.2900000e+00   4.9891240e-02
   9.3000000e+00   6.6004980e-02
   9.3100000e+00   8.2576150e-02
   9.3200000e+00   9.9468880e-02
   9.3300000e+00   1.1488560e-01
   9.3400000e+00   1.2505100e-01
   9.3500000e+00   1.3320910e-01
   9.3600000e+00   1.4150470e-01
   9.3700000e+00   1.5153420e-01
   9.3800000e+00   1.5928750e-01
   9.3900000e+00   1.5516880e-01
   9.4000000e+00   1.3913910e-01
   9.4100000e+00   1.1923100e-01
   9.4200000e+00   1.0214680e-01
   9.4300000e+00   9.3659790e-02
   9.4400000e+00   9.1793840e-02
   9.4500000e+00   9.0258590e-02
   9.4600000e+00   8.6072590e-02
   9.4700000e+00   7.9918560e-02
   9.4800000e+00   7.1581910e-02
   9.4900000e+00   5.6054870e-02
   9.5000000e+00   3.5512320e-02
   9.5100000e+00   1.3714830e-02
   9.5200000e+00  -7.2636290e-03
   9.5300000e+00  -2.3803860e-02
   9.5400000e+00  -3.6067340e-02
   9.5500000e+00  -4.6690210e-02
   9.5600000e+00  -6.3146100e-02
   9.5700000e+00  -9.5729620e-02
   9.5800000e+00  -1.2946670e-01
   9.5900000e+00  -1.3839500e-01
   9.6000000e+00  -1.1857330e-01
   9.6100000e+00  -8.9366030e-02
   9.6200000e+00  -5.9302900e-02
   9.6300000e+00  -3.3668490e-02
   9.6400000e+00  -2.7910950e-02
   9.6500000e+00  -3.7621070e-02
   9.6600000e+00  -5.1727200e-02
   9.6700000e+00  -6.6892030e-02
   9.6800000e+00  -7.8402090e-02
   9.6900000e+00  -7.6545310e-02
   9.7000000e+00  -6.9170190e-02
   9.7100000e+00  -6.7969450e-02
   9.7200000e+00  -8.0629040e-02
   9.7300000e+00  -9.8760890e-02
   9.7400000e+00  -1.1438340e-01
   9.7500000e+00  -1.2417180e-01
   9.7600000e+00  -1.2802570e-01
   9.7700000e+00  -1.3188610e-01
   9.7800000e+00  -1.3653450e-01
   9.7900000e+00  -1.3801880e-01
   9.8000000e+00  -1.2726870e-01
   9.8100000e+00  -1.1066310e-01
   9.8200000e+00  -9.6175400e-02
   9.8300000e+00  -9.0893220e-02
   9.8400000e+00  -8.9517160e-02
   9.8500000e+00  -7.4560180e-02
   9.8600000e+00  -4.0229550e-02
   9.8700000e+00  -1.3223900e-02
   9.8800000e+00   3.0020170e-03
   9.8900000e+00   1.8467500e-02
   9.9000000e+00   3.2875190e-02
   9.9100000e+00   4.4919090e-02
   9.9200000e+00   5.5027360e-02
   9.9300000e+00   6.5447680e-02
   9.9400000e+00   7.3392490e-02
   9.9500000e+00   7.6513880e-02
   9.9600000e+00   7.6549220e-02
   9.9700000e+00   7.6162620e-02
   9.9800000e+00   7.8805630e-02
   9.9900000e+00   9.3734180e-02
   1.0000000e+01   1.1501490e-01
   1.0010000e+01   1.3742760e-01
   1.0020000e+01   1.5946440e-01
   1.0030000e+01   1.8093450e-01
   1.0040000e+01   2.0267810e-01
   1.0050000e+01   2.2759940e-01
   1.0060000e+01   2.5042090e-01
   1.0070000e+01   2.5417030e-01
   1.0080000e+01   2.2983320e-01
   1.0090000e+01   1.9692330e-01
   1.0100000e+01   1.6502760e-01
   1.0110000e+01   1.3248590e-01
   1.0120000e+01   1.0002670e-01
   1.0130000e+01   6.7450480e-02
   1.0140000e+01   3.3303780e-02
   1.0150000e+01  -1.0480130e-03
   1.0160000e+01  -2.7853480e-02
   1.0170000e+01  -3.7403320e-02
   1.0180000e+01  -4.0916380e-02
   1.0190000e+01  -4.6018500e-02
   1.0200000e+01  -5.1270920e-02
   1.0210000e+01  -5.1068240e-02
   1.0220000e+01  -3.7871380e-02
   1.0230000e+01  -2.0402470e-02
   1.0240000e+01  -7.0047860e-03
   1.0250000e+01  -1.1649870e-03
   1.0260000e+01   2.5700380e-03
   1.0270000e+01   6.6634870e-03
   1.0280000e+01   5.3899130e-03
   1.0290000e+01  -4.8068170e-03
   1.0300000e+01  -1.8846800e-02
   1.0310000e+01  -3.2990360e-02
   1.0320000e+01  -4.6444310e-02
   1.0330000e+01  -5.3353390e-02
   1.0340000e+01  -5.4558880e-02
   1.0350000e+01  -5.5490190e-02
   1.0360000e+01  -6.6017860e-02
   1.0370000e+01  -8.7166940e-02
   1.0380000e+01  -1.0446770e-01
   1.0390000e+01  -9.8221210e-02
   1.0400000e+01  -8.0023190e-02
   1.0410000e+01  -6.1020180e-02
   1.0420000e+01  -4.0989160e-02
   1.0430000e+01  -1.7061450e-02
   1.0440000e+01   8.6069520e-03
   1.0450000e+01   3.5659010e-02
   1.0460000e+01   6.4260540e-02
   1.0470000e+01   8.7853630e-02
   1.0480000e+01   9.2077540e-02
   1.0490000e+01   8.2956820e-02
   1.0500000e+01   7.1266020e-02
   1.0510000e+01   6.0386560e-02
   1.0520000e+01   5.4130080e-02
   1.0530000e+01   5.3361550e-02
   1.0540000e+01   5.4080050e-02
   1.0550000e+01   5.4953840e-02
   1.0560000e+01   5.5681050e-02
   1.0570000e+01   5.5714800e-02
   1.0580000e+01   5.4993390e-02
   1.0590000e+01   5.4559210e-02
   1.0600000e+01   5.4438990e-02
   1.0610000e+01   5.3149480e-02
   1.0620000e+01   4.5449920e-02
   1.0630000e+01   3.0018540e-02
   1.0640000e+01   2.8362620e-03
   1.0650000e+01  -3.4951290e-02
   1.0660000e+01  -6.2276530e-02
   1.0670000e+01  -6.8054500e-02
   1.0680000e+01  -7.1234530e-02
   1.0690000e+01  -8.5958750e-02
   1.0700000e+01  -1.0752700e-01
   1.0710000e+01  -1.2964750e-01
   1.0720000e+01  -1.5089380e-01
   1.0730000e+01  -1.6784140e-01
   1.0740000e+01  -1.8047590e-01
   1.0750000e+01  -1.8415410e-01
   1.0760000e+01  -1.8182400e-01
   1.0770000e+01  -1.7967550e-01
   1.0780000e+01  -1.7989010e-01
   1.0790000e+01  -1.7143010e-01
   1.0800000e+01  -1.4042410e-01
   1.0810000e+01  -7.9928610e-02
   1.0820000e+01  -4.6991680e-02
   1.0830000e+01  -3.2126940e-02
   1.0840000e+01  -1.4235290e-02
   1.0850000e+01   8.1658940e-03
   1.0860000e+01   3.8054490e-02
   1.0870000e+01   6.9078390e-02
   1.0880000e+01   9.7544220e-02
   1.0890000e+01   1.1325600e-01
   1.0900000e+01   1.1967790e-01
   1.0910000e+01   1.2420480e-01
   1.0920000e+01   1.2935160e-01
   1.0930000e+01   1.3344270e-01
   1.0940000e+01   1.3723250e-01
   1.0950000e+01   1.4238320e-01
   1.0960000e+01   1.4825510e-01
   1.0970000e+01   1.4633630e-01
   1.0980000e+01   1.2558240e-01
   1.0990000e+01   9.7703650e-02
   1.1000000e+01   7.0406100e-02
   1.1010000e+01   4.3010830e-02
   1.1020000e+01   1.6031120e-02
   1.1030000e+01  -1.2462170e-02
   1.1040000e+01  -4.2425250e-02
   1.1050000e+01  -6.8323840e-02
   1.1060000e+01  -7.6672410e-02
   1.1070000e+01  -7.0282880e-02
   1.1080000e+01  -6.0709740e-02
   1.1090000e+01  -5.1373620e-02
   1.1100000e+01  -4.4020600e-02
   1.1110000e+01  -3.8761030e-02
   1.1120000e+01  -3.4306990e-02
   1.1130000e+01  -2.8422290e-02
   1.1140000e+01  -2.2357360e-02
   1.1150000e+01  -2.1014370e-02
   1.1160000e+01  -3.3196980e-02
   1.1170000e+01  -4.7665070e-02
   1.1180000e+01  -6.2287130e-02
   1.1190000e+01  -8.8977610e-02
   1.1200000e+01  -1.3608140e-01
   1.1210000e+01  -1.6312360e-01
   1.1220000e+01  -1.7612890e-01
   1.1230000e+01  -1.9178260e-01
   1.1240000e+01  -2.0877080e-01
   1.1250000e+01  -2.2438290e-01
   1.1260000e+01  -2.2253170e-01
   1.1270000e+01  -1.9511240e-01
   1.1280000e+01  -1.5850300e-01
   1.1290000e+01  -1.2395510e-01
   1.1300000e+01  -8.8310810e-02
   1.1310000e+01  -5.0022750e-02
   1.1320000e+01  -7.8660040e-03
   1.1330000e+01   3.4274240e-02
   1.1340000e+01   7.6598340e-02
   1.1350000e+01   1.1876460e-01
   1.1360000e+01   1.6221410e-01
   1.1370000e+01   2.0429650e-01
   1.1380000e+01   2.4419860e-01
   1.1390000e+01   2.8649630e-01
   1.1400000e+01   3.3836020e-01
   1.1410000e+01   3.8426910e-01
   1.1420000e+01   3.6807630e-01
   1.1430000e+01   2.6188940e-01
   1.1440000e+01   1.4852610e-01
   1.1450000e+01   9.7484590e-02
   1.1460000e+01   6.8470240e-02
   1.1470000e+01   3.7589560e-02
   1.1480000e+01   1.1852980e-02
   1.1490000e+01  -7.6098360e-03
   1.1500000e+01  -2.3331960e-02
   1.1510000e+01  -3.7945630e-02
   1.1520000e+01  -5.0630330e-02
   1.1530000e+01  -7.0013470e-02
   1.1540000e+01  -1.0348110e-01
   1.1550000e+01  -1.3342850e-01
   1.1560000e+01  -1.4415340e-01
   1.1570000e+01  -1.4648540e-01
   1.1580000e+01  -1.3967080e-01
   1.1590000e+01  -1.2963550e-01
   1.1600000e+01  -1.1884840e-01
   1.1610000e+01  -1.0826760e-01
   1.1620000e+01  -9.6137900e-02
   1.1630000e+01  -8.5366940e-02
   1.1640000e+01  -8.6265740e-02
   1.1650000e+01  -1.0334040e-01
   1.1660000e+01  -1.2473580e-01
   1.1670000e+01  -1.4087190e-01
   1.1680000e+01  -1.4474170e-01
   1.1690000e+01  -1.4461390e-01
   1.1700000e+01  -1.4539700e-01
   1.1710000e+01  -1.4566730e-01
   1.1720000e+01  -1.4251840e-01
   1.1730000e+01  -1.3436910e-01
   1.1740000e+01  -1.2514560e-01
   1.1750000e+01  -1.1575490e-01
   1.1760000e+01  -1.0844160e-01
   1.1770000e+01  -1.0670850e-01
   1.1780000e+01  -1.0541610e-01
   1.1790000e+01  -9.8138300e-02
   1.1800000e+01  -8.7152290e-02
   1.1810000e+01  -7.6366810e-02
   1.1820000e+01  -6.9766560e-02
   1.1830000e+01  -7.1570510e-02
   1.1840000e+01  -7.6032350e-02
   1.1850000e+01  -8.0452990e-02
   1.1860000e+01  -8.4547350e-02
   1.1870000e+01  -8.7646520e-02
   1.1880000e+01  -9.0241420e-02
   1.1890000e+01  -9.2769710e-02
   1.1900000e+01  -9.5143940e-02
   1.1910000e+01  -9.7679560e-02
   1.1920000e+01  -1.0076260e-01
   1.1930000e+01  -1.0333870e-01
   1.1940000e+01  -1.0327060e-01
   1.1950000e+01  -1.0211590e-01
   1.1960000e+01  -1.0057040e-01
   1.1970000e+01  -9.8966600e-02
   1.1980000e+01  -9.7105450e-02
   1.1990000e+01  -9.5985530e-02
   1.2000000e+01  -9.5945580e-02
   1.2010000e+01  -9.4328860e-02
   1.2020000e+01  -8.8800430e-02
   1.2030000e+01  -8.7176760e-02
   1.2040000e+01  -1.1699010e-01
   1.2050000e+01  -1.8334650e-01
   1.2060000e+01  -2.5076900e-01
   1.2070000e+01  -2.5096990e-01
   1.2080000e+01  -1.8754310e-01
   1.2090000e+01  -1.0961160e-01
   1.2100000e+01  -2.8757020e-02
   1.2110000e+01   4.2898350e-02
   1.2120000e+01   7.9359400e-02
   1.2130000e+01   8.7562790e-02
   1.2140000e+01   9.2642320e-02
   1.2150000e+01   1.0696380e-01
   1.2160000e+01   1.3681230e-01
   1.2170000e+01   1.4619810e-01
   1.2180000e+01   1.4751020e-01
   1.2190000e+01   1.6105860e-01
   1.2200000e+01   1.8171810e-01
   1.2210000e+01   2.0254480e-01
   1.2220000e+01   2.1414910e-01
   1.2230000e+01   2.1263710e-01
   1.2240000e+01   2.0277220e-01
   1.2250000e+01   1.8729510e-01
   1.2260000e+01   1.6954960e-01
   1.2270000e+01   1.5237140e-01
   1.2280000e+01   1.3511400e-01
   1.2290000e+01   1.1708240e-01
   1.2300000e+01   9.8260760e-02
   1.2310000e+01   8.0685190e-02
   1.2320000e+01   7.0127010e-02
   1.2330000e+01   6.8758160e-02
   1.2340000e+01   6.9916500e-02
   1.2350000e+01   7.1027070e-02
   1.2360000e+01   7.2367090e-02
   1.2370000e+01   7.3687890e-02
   1.2380000e+01   7.4507230e-02
   1.2390000e+01   7.5453960e-02
   1.2400000e+01   8.0137500e-02
   1.2410000e+01   9.1806330e-02
   1.2420000e+01   1.0600960e-01
   1.2430000e+01   1.2102620e-01
   1.2440000e+01   1.3653970e-01
   1.2450000e+01   1.4671970e-01
   1.2460000e+01   1.4862370e-01
   1.2470000e+01   1.5091700e-01
   1.2480000e+01   1.6187590e-01
   1.2490000e+01   1.7686520e-01
   1.2500000e+01   1.9260930e-01
   1.2510000e+01   2.1053670e-01
   1.2520000e+01   2.2673500e-01
   1.2530000e+01   2.2743030e-01
   1.2540000e+01   2.0799960e-01
   1.2550000e+01   1.8306360e-01
   1.2560000e+01   1.6359090e-01
   1.2570000e+01   1.5037270e-01
   1.2580000e+01   1.4045140e-01
   1.2590000e+01   1.3125660e-01
   1.2600000e+01   1.1757370e-01
   1.2610000e+01   8.3532340e-02
   1.2620000e+01   3.7008270e-02
   1.2630000e+01  -6.6210830e-03
   1.2640000e+01  -2.8002480e-02
   1.2650000e+01  -1.9428880e-02
   1.2660000e+01  -2.4852920e-03
   1.2670000e+01   1.1973900e-02
   1.2680000e+01   2.1471650e-02
   1.2690000e+01   3.1890040e-02
   1.2700000e+01   5.2403280e-02
   1.2710000e+01   7.2984600e-02
   1.2720000e+01   8.0687780e-02
   1.2730000e+01   8.1232910e-02
   1.2740000e+01   8.0588890e-02
   1.2750000e+01   7.8440110e-02
   1.2760000e+01   7.4287590e-02
   1.2770000e+01   6.9117310e-02
   1.2780000e+01   6.4210780e-02
   1.2790000e+01   6.2139750e-02
   1.2800000e+01   5.9635260e-02
   1.2810000e+01   4.3176840e-02
   1.2820000e+01   3.3085880e-03
   1.2830000e+01  -2.2600030e-02
   1.2840000e+01  -2.5653470e-02
   1.2850000e+01  -2.4603290e-02
   1.2860000e+01  -2.3137760e-02
   1.2870000e+01  -2.1327410e-02
   1.2880000e+01  -1.7803790e-02
   1.2890000e+01  -1.3806710e-02
   1.2900000e+01  -1.2249760e-02
   1.2910000e+01  -1.9028890e-02
   1.2920000e+01  -2.8504370e-02
   1.2930000e+01  -3.7685120e-02
   1.2940000e+01  -4.8009470e-02
   1.2950000e+01  -5.9712060e-02
   1.2960000e+01  -6.6691220e-02
   1.2970000e+01  -5.7366270e-02
   1.2980000e+01  -4.0140160e-02
   1.2990000e+01  -2.5293200e-02
   1.3000000e+01  -2.1699310e-02
   1.3010000e+01  -3.2382250e-02
   1.3020000e+01  -4.6402240e-02
   1.3030000e+01  -5.3042870e-02
   1.3040000e+01  -4.1829920e-02
   1.3050000e+01  -2.6941930e-02
   1.3060000e+01  -1.8601430e-02
   1.3070000e+01  -1.1746410e-02
   1.3080000e+01  -2.0358810e-03
   1.3090000e+01   1.0811900e-02
   1.3100000e+01   2.4292470e-02
   1.3110000e+01   3.7578990e-02
   1.3120000e+01   5.0876460e-02
   1.3130000e+01   6.4406410e-02
   1.3140000e+01   7.7865280e-02
   1.3150000e+01   9.0964990e-02
   1.3160000e+01   1.0385160e-01
   1.3170000e+01   1.1861290e-01
   1.3180000e+01   1.3469960e-01
   1.3190000e+01   1.4342400e-01
   1.3200000e+01   1.2940180e-01
   1.3210000e+01   1.0642540e-01
   1.3220000e+01   8.4252200e-02
   1.3230000e+01   6.1842550e-02
   1.3240000e+01   3.8943440e-02
   1.3250000e+01   1.2661560e-02
   1.3260000e+01  -1.5687440e-02
   1.3270000e+01  -4.4843460e-02
   1.3280000e+01  -7.5679690e-02
   1.3290000e+01  -1.0858060e-01
   1.3300000e+01  -1.3445490e-01
   1.3310000e+01  -1.3387460e-01
   1.3320000e+01  -1.1986440e-01
   1.3330000e+01  -1.0536510e-01
   1.3340000e+01  -9.1359590e-02
   1.3350000e+01  -8.1114690e-02
   1.3360000e+01  -7.2554390e-02
   1.3370000e+01  -6.5445850e-02
   1.3380000e+01  -5.3918630e-02
   1.3390000e+01  -3.1878740e-02
   1.3400000e+01  -1.0142780e-02
   1.3410000e+01  -7.0768420e-03
   1.3420000e+01  -1.7736250e-02
   1.3430000e+01  -3.1633630e-02
   1.3440000e+01  -4.2483950e-02
   1.3450000e+01  -4.6333450e-02
   1.3460000e+01  -4.8327970e-02
   1.3470000e+01  -5.4884350e-02
   1.3480000e+01  -6.3134980e-02
   1.3490000e+01  -6.8257580e-02
   1.3500000e+01  -6.9837100e-02
   1.3510000e+01  -7.1574960e-02
   1.3520000e+01  -7.2637420e-02
   1.3530000e+01  -7.2360400e-02
   1.3540000e+01  -6.9544500e-02
   1.3550000e+01  -6.5707120e-02
   1.3560000e+01  -6.4365530e-02
   1.3570000e+01  -7.5412370e-02
   1.3580000e+01  -9.3097690e-02
   1.3590000e+01  -1.0228630e-01
   1.3600000e+01  -9.3771060e-02
   1.3610000e+01  -7.9944760e-02
   1.3620000e+01  -6.7682420e-02
   1.3630000e+01  -5.9368590e-02
   1.3640000e+01  -5.2147930e-02
   1.3650000e+01  -4.4313800e-02
   1.3660000e+01  -3.6383450e-02
   1.3670000e+01  -3.1245100e-02
   1.3680000e+01  -2.8763320e-02
   1.3690000e+01  -2.0445710e-02
   1.3700000e+01   5.6761480e-03
   1.3710000e+01   3.9315430e-02
   1.3720000e+01   7.6704660e-02
   1.3730000e+01   1.1726470e-01
   1.3740000e+01   1.5843210e-01
   1.3750000e+01   2.0047940e-01
   1.3760000e+01   2.4366280e-01
   1.3770000e+01   2.8471700e-01
   1.3780000e+01   3.1478120e-01
   1.3790000e+01   3.3068750e-01
   1.3800000e+01   3.4300790e-01
   1.3810000e+01   3.5042420e-01
   1.3820000e+01   3.4228030e-01
   1.3830000e+01   3.2322300e-01
   1.3840000e+01   2.8843070e-01
   1.3850000e+01   2.4121480e-01
   1.3860000e+01   1.9243700e-01
   1.3870000e+01   1.4289340e-01
   1.3880000e+01   9.3393100e-02
   1.3890000e+01   4.1760290e-02
   1.3900000e+01  -6.6893430e-03
   1.3910000e+01  -3.9673470e-02
   1.3920000e+01  -5.5790750e-02
   1.3930000e+01  -6.5060140e-02
   1.3940000e+01  -6.1630560e-02
   1.3950000e+01  -4.4262910e-02
   1.3960000e+01  -2.3209930e-02
   1.3970000e+01  -2.7465480e-03
   1.3980000e+01   1.9660130e-02
   1.3990000e+01   4.4241280e-02
   1.4000000e+01   6.2790160e-02
   1.4010000e+01   5.6213080e-02
   1.4020000e+01   3.3400650e-02
   1.4030000e+01   1.5853740e-02
   1.4040000e+01   6.6917110e-03
   1.4050000e+01   4.0176960e-05
   1.4060000e+01  -5.9575460e-03
   1.4070000e+01  -1.5649640e-02
   1.4080000e+01  -3.6899590e-02
   1.4090000e+01  -6.3990570e-02
   1.4100000e+01  -8.8483440e-02
   1.4110000e+01  -1.0550370e-01
   1.4120000e+01  -1.2176150e-01
   1.4130000e+01  -1.5370240e-01
   1.4140000e+01  -1.8337930e-01
   1.4150000e+01  -1.9229160e-01
   1.4160000e+01  -1.9333590e-01
   1.4170000e+01  -1.9672600e-01
   1.4180000e+01  -2.0420100e-01
   1.4190000e+01  -2.1389760e-01
   1.4200000e+01  -2.2323350e-01
   1.4210000e+01  -2.3365310e-01
   1.4220000e+01  -2.4306710e-01
   1.4230000e+01  -2.5038340e-01
   1.4240000e+01  -2.5570940e-01
   1.4250000e+01  -2.7692470e-01
   1.4260000e+01  -3.2172460e-01
   1.4270000e+01  -3.5032000e-01
   1.4280000e+01  -3.0765420e-01
   1.4290000e+01  -2.4314870e-01
   1.4300000e+01  -2.0646250e-01
   1.4310000e+01  -1.9314350e-01
   1.4320000e+01  -1.7700920e-01
   1.4330000e+01  -1.4867820e-01
   1.4340000e+01  -1.1671210e-01
   1.4350000e+01  -8.6295160e-02
   1.4360000e+01  -6.4224070e-02
   1.4370000e+01  -5.1748130e-02
   1.4380000e+01  -3.6554680e-02
   1.4390000e+01  -6.7545670e-03
   1.4400000e+01   3.3883840e-02
   1.4410000e+01   7.7441090e-02
   1.4420000e+01   1.3037930e-01
   1.4430000e+01   1.8047150e-01
   1.4440000e+01   1.8084420e-01
   1.4450000e+01   9.5558630e-02
   1.4460000e+01   2.4922790e-02
   1.4470000e+01  -5.6358410e-03
   1.4480000e+01  -3.0472960e-02
   1.4490000e+01  -5.4829980e-02
   1.4500000e+01  -8.1138000e-02
   1.4510000e+01  -1.0843920e-01
   1.4520000e+01  -1.3621630e-01
   1.4530000e+01  -1.4905680e-01
   1.4540000e+01  -1.3181550e-01
   1.4550000e+01  -1.0375820e-01
   1.4560000e+01  -7.6693740e-02
   1.4570000e+01  -4.9260830e-02
   1.4580000e+01  -2.7251400e-02
   1.4590000e+01  -1.1294720e-02
   1.4600000e+01   2.1696740e-03
   1.4610000e+01   1.6096100e-02
   1.4620000e+01   2.9172780e-02
   1.4630000e+01   4.2379100e-02
   1.4640000e+01   5.6287580e-02
   1.4650000e+01   7.1871290e-02
   1.4660000e+01   8.2826890e-02
   1.4670000e+01   7.8227660e-02
   1.4680000e+01   6.3112670e-02
   1.4690000e+01   4.7263720e-02
   1.4700000e+01   3.2095230e-02
   1.4710000e+01   1.8326280e-02
   1.4720000e+01   5.0307060e-03
   1.4730000e+01  -3.0882390e-03
   1.4740000e+01  -2.8790600e-03
   1.4750000e+01   6.2560960e-04
   1.4760000e+01   4.5397470e-03
   1.4770000e+01   8.4284020e-03
   1.4780000e+01   6.5142140e-03
   1.4790000e+01  -4.3932900e-03
   1.4800000e+01  -1.8479430e-02
   1.4810000e+01  -3.1855710e-02
   1.4820000e+01  -4.6376910e-02
   1.4830000e+01  -6.1638910e-02
   1.4840000e+01  -7.4348730e-02
   1.4850000e+01  -7.5948060e-02
   1.4860000e+01  -7.0773400e-02
   1.4870000e+01  -6.4258380e-02
   1.4880000e+01  -5.8284740e-02
   1.4890000e+01  -5.2844580e-02
   1.4900000e+01  -4.5874710e-02
   1.4910000e+01  -3.1903730e-02
   1.4920000e+01  -1.1729990e-02
   1.4930000e+01   1.0133390e-02
   1.4940000e+01   3.1914020e-02
   1.4950000e+01   5.3959140e-02
   1.4960000e+01   7.5681780e-02
   1.4970000e+01   9.7118700e-02
   1.4980000e+01   1.1899380e-01
   1.4990000e+01   1.4340100e-01
   1.5000000e+01   1.6674210e-01
   1.5010000e+01   1.7217100e-01
   1.5020000e+01   1.4713370e-01
   1.5030000e+01   1.1208990e-01
   1.5040000e+01   7.7570470e-02
   1.5050000e+01   4.1433390e-02
   1.5060000e+01   5.7933050e-03
   1.5070000e+01  -2.0748550e-02
   1.5080000e+01  -3.0407630e-02
   1.5090000e+01  -3.3503690e-02
   1.5100000e+01  -3.3771570e-02
   1.5110000e+01  -3.2199130e-02
   1.5120000e+01  -3.0504700e-02
   1.5130000e+01  -2.9617340e-02
   1.5140000e+01  -3.2165540e-02
   1.5150000e+01  -3.5925500e-02
   1.5160000e+01  -4.0014020e-02
   1.5170000e+01  -4.3967770e-02
   1.5180000e+01  -4.6456200e-02
   1.5190000e+01  -4.5911850e-02
   1.5200000e+01  -4.4934660e-02
   1.5210000e+01  -4.1133360e-02
   1.5220000e+01  -2.8365480e-02
   1.5230000e+01  -1.4216870e-02
   1.5240000e+01  -1.4707130e-02
   1.5250000e+01  -3.1931220e-02
   1.5260000e+01  -5.3197920e-02
   1.5270000e+01  -7.3443510e-02
   1.5280000e+01  -9.6764630e-02
   1.5290000e+01  -1.2293070e-01
   1.5300000e+01  -1.3761220e-01
   1.5310000e+01  -1.1289750e-01
   1.5320000e+01  -7.1209920e-02
   1.5330000e+01  -3.0420310e-02
   1.5340000e+01   1.0382570e-02
   1.5350000e+01   5.1768860e-02
   1.5360000e+01   9.7794730e-02
   1.5370000e+01   1.4025640e-01
   1.5380000e+01   1.5728900e-01
   1.5390000e+01   1.3697240e-01
   1.5400000e+01   1.0664350e-01
   1.5410000e+01   7.7333070e-02
   1.5420000e+01   4.8002650e-02
   1.5430000e+01   1.6169340e-02
   1.5440000e+01  -1.8303390e-02
   1.5450000e+01  -4.4196220e-02
   1.5460000e+01  -4.0844520e-02
   1.5470000e+01  -2.1605530e-02
   1.5480000e+01  -1.4345200e-03
   1.5490000e+01   1.8677400e-02
   1.5500000e+01   3.8376850e-02
   1.5510000e+01   5.9769020e-02
   1.5520000e+01   8.2822290e-02
   1.5530000e+01   1.0226020e-01
   1.5540000e+01   1.0378560e-01
   1.5550000e+01   8.8201050e-02
   1.5560000e+01   6.8537230e-02
   1.5570000e+01   4.9217480e-02
   1.5580000e+01   2.9605840e-02
   1.5590000e+01   9.6994080e-03
   1.5600000e+01  -9.9545660e-03
   1.5610000e+01  -2.7591380e-02
   1.5620000e+01  -4.3091980e-02
   1.5630000e+01  -5.4308880e-02
   1.5640000e+01  -6.3508480e-02
   1.5650000e+01  -7.3474690e-02
   1.5660000e+01  -8.4182600e-02
   1.5670000e+01  -9.2347190e-02
   1.5680000e+01  -9.0356130e-02
   1.5690000e+01  -8.2377770e-02
   1.5700000e+01  -7.3344760e-02
   1.5710000e+01  -6.3990470e-02
   1.5720000e+01  -5.5408930e-02
   1.5730000e+01  -4.9023030e-02
   1.5740000e+01  -4.4347370e-02
   1.5750000e+01  -4.0964200e-02
   1.5760000e+01  -4.0134400e-02
   1.5770000e+01  -4.0073150e-02
   1.5780000e+01  -3.9907030e-02
   1.5790000e+01  -3.9642170e-02
   1.5800000e+01  -3.9924830e-02
   1.5810000e+01  -4.0755090e-02
   1.5820000e+01  -3.9503840e-02
   1.5830000e+01  -3.0934650e-02
   1.5840000e+01  -1.8192230e-02
   1.5850000e+01  -4.5557750e-03
   1.5860000e+01   9.0130110e-03
   1.5870000e+01   1.8415880e-02
   1.5880000e+01   2.0645710e-02
   1.5890000e+01   2.0341150e-02
   1.5900000e+01   2.0347530e-02
   1.5910000e+01   2.0369410e-02
   1.5920000e+01   2.0721470e-02
   1.5930000e+01   2.0900430e-02
   1.5940000e+01   2.1660330e-02
   1.5950000e+01   2.3441260e-02
   1.5960000e+01   2.6193390e-02
   1.5970000e+01   2.9259490e-02
   1.5980000e+01   3.0913430e-02
   1.5990000e+01   2.6534590e-02
   1.6000000e+01   1.8395910e-02
   1.6010000e+01   9.7351370e-03
   1.6020000e+01   1.1669010e-03
   1.6030000e+01  -8.1913810e-03
   1.6040000e+01  -1.7734510e-02
   1.6050000e+01  -2.3813740e-02
   1.6060000e+01  -2.1816120e-02
   1.6070000e+01  -1.6977370e-02
   1.6080000e+01  -1.2597750e-02
   1.6090000e+01  -8.7189510e-03
   1.6100000e+01  -3.5138420e-03
   1.6110000e+01   6.7935680e-03
   1.6120000e+01   2.1240760e-02
   1.6130000e+01   3.6426520e-02
   1.6140000e+01   5.1778640e-02
   1.6150000e+01   6.7020480e-02
   1.6160000e+01   8.2143090e-02
   1.6170000e+01   9.6892900e-02
   1.6180000e+01   1.1272760e-01
   1.6190000e+01   1.2993570e-01
   1.6200000e+01   1.4377330e-01
   1.6210000e+01   1.4063880e-01
   1.6220000e+01   1.2488190e-01
   1.6230000e+01   1.0693330e-01
   1.6240000e+01   8.8803330e-02
   1.6250000e+01   6.9270810e-02
   1.6260000e+01   4.9969110e-02
   1.6270000e+01   3.8345690e-02
   1.6280000e+01   4.0752190e-02
   1.6290000e+01   4.7627330e-02
   1.6300000e+01   5.5371460e-02
   1.6310000e+01   6.4555190e-02
   1.6320000e+01   6.8981500e-02
   1.6330000e+01   5.6977270e-02
   1.6340000e+01   3.5897010e-02
   1.6350000e+01   1.4485420e-02
   1.6360000e+01  -6.8466990e-03
   1.6370000e+01  -2.9754020e-02
   1.6380000e+01  -5.4658430e-02
   1.6390000e+01  -7.2541310e-02
   1.6400000e+01  -6.7751980e-02
   1.6410000e+01  -5.2544230e-02
   1.6420000e+01  -3.7475470e-02
   1.6430000e+01  -2.1530870e-02
   1.6440000e+01  -6.6197960e-03
   1.6450000e+01   4.5969610e-03
   1.6460000e+01   1.0942550e-02
   1.6470000e+01   1.6168490e-02
   1.6480000e+01   2.1336820e-02
   1.6490000e+01   2.7660810e-02
   1.6500000e+01   3.3489720e-02
   1.6510000e+01   3.3381450e-02
   1.6520000e+01   2.2307170e-02
   1.6530000e+01   7.9581920e-03
   1.6540000e+01  -6.0818630e-03
   1.6550000e+01  -2.0964410e-02
   1.6560000e+01  -3.6721940e-02
   1.6570000e+01  -4.9437670e-02
   1.6580000e+01  -5.1720980e-02
   1.6590000e+01  -4.9114900e-02
   1.6600000e+01  -4.7019210e-02
   1.6610000e+01  -4.5532770e-02
   1.6620000e+01  -4.2459070e-02
   1.6630000e+01  -3.1061610e-02
   1.6640000e+01  -1.1827610e-02
   1.6650000e+01   1.0262440e-02
   1.6660000e+01   3.3707210e-02
   1.6670000e+01   5.4330550e-02
   1.6680000e+01   6.0045720e-02
   1.6690000e+01   5.0934640e-02
   1.6700000e+01   3.8010730e-02
   1.6710000e+01   2.5406890e-02
   1.6720000e+01   1.2740090e-02
   1.6730000e+01  -3.6467480e-04
   1.6740000e+01  -1.4235260e-02
   1.6750000e+01  -2.6948010e-02
   1.6760000e+01  -3.4690320e-02
   1.6770000e+01  -3.7366990e-02
   1.6780000e+01  -3.8964220e-02
   1.6790000e+01  -4.0604480e-02
   1.6800000e+01  -4.2256950e-02
   1.6810000e+01  -4.3882800e-02
   1.6820000e+01  -4.5274020e-02
   1.6830000e+01  -4.5748480e-02
   1.6840000e+01  -4.5893490e-02
   1.6850000e+01  -4.6629920e-02
   1.6860000e+01  -4.5774340e-02
   1.6870000e+01  -3.6921720e-02
   1.6880000e+01  -2.0104530e-02
   1.6890000e+01  -9.8156570e-04
   1.6900000e+01   1.8613960e-02
   1.6910000e+01   3.7636030e-02
   1.6920000e+01   5.1662340e-02
   1.6930000e+01   5.8912240e-02
   1.6940000e+01   6.3934410e-02
   1.6950000e+01   6.6069540e-02
   1.6960000e+01   6.1036720e-02
   1.6970000e+01   5.4204150e-02
   1.6980000e+01   4.8074620e-02
   1.6990000e+01   3.9626670e-02
   1.7000000e+01   2.3478120e-02
   1.7010000e+01   5.0177880e-03
   1.7020000e+01  -5.8289900e-03
   1.7030000e+01  -3.1960200e-03
   1.7040000e+01   4.1524320e-03
   1.7050000e+01   1.0734000e-02
   1.7060000e+01   1.7843430e-02
   1.7070000e+01   2.5029420e-02
   1.7080000e+01   3.1908490e-02
   1.7090000e+01   3.5904780e-02
   1.7100000e+01   3.8661700e-02
   1.7110000e+01   4.1035690e-02
   1.7120000e+01   4.4413820e-02
   1.7130000e+01   4.8314330e-02
   1.7140000e+01   4.8950140e-02
   1.7150000e+01   3.9430460e-02
   1.7160000e+01   2.6411960e-02
   1.7170000e+01   1.3933610e-02
   1.7180000e+01   1.4569900e-03
   1.7190000e+01  -1.2551690e-02
   1.7200000e+01  -2.7100390e-02
   1.7210000e+01  -3.4479090e-02
   1.7220000e+01  -2.5009180e-02
   1.7230000e+01  -9.5921490e-03
   1.7240000e+01   5.5404000e-03
   1.7250000e+01   2.1306170e-02
   1.7260000e+01   3.6042080e-02
   1.7270000e+01   4.7249210e-02
   1.7280000e+01   5.5546010e-02
   1.7290000e+01   6.3720610e-02
   1.7300000e+01   7.2196270e-02
   1.7310000e+01   7.9727210e-02
   1.7320000e+01   8.3246060e-02
   1.7330000e+01   8.4039460e-02
   1.7340000e+01   8.5367290e-02
   1.7350000e+01   8.7498970e-02
   1.7360000e+01   8.5890620e-02
   1.7370000e+01   7.2871720e-02
   1.7380000e+01   5.5548920e-02
   1.7390000e+01   3.8534120e-02
   1.7400000e+01   2.1539370e-02
   1.7410000e+01   4.8857180e-03
   1.7420000e+01  -1.2413150e-02
   1.7430000e+01  -3.1031040e-02
   1.7440000e+01  -4.8554230e-02
   1.7450000e+01  -5.6015830e-02
   1.7460000e+01  -4.8567700e-02
   1.7470000e+01  -3.6499710e-02
   1.7480000e+01  -2.4031600e-02
   1.7490000e+01  -1.0394770e-02
   1.7500000e+01   1.6842700e-04
   1.7510000e+01  -1.0985570e-03
   1.7520000e+01  -1.1107520e-02
   1.7530000e+01  -2.3187100e-02
   1.7540000e+01  -3.6136900e-02
   1.7550000e+01  -4.5429240e-02
   1.7560000e+01  -4.3938120e-02
   1.7570000e+01  -3.8177040e-02
   1.7580000e+01  -3.2954960e-02
   1.7590000e+01  -2.7341510e-02
   1.7600000e+01  -2.1876130e-02
   1.7610000e+01  -1.6038120e-02
   1.7620000e+01  -1.0527700e-02
   1.7630000e+01  -4.7519560e-03
   1.7640000e+01   8.4830640e-04
   1.7650000e+01   6.5641680e-03
   1.7660000e+01   1.1953230e-02
   1.7670000e+01   1.7665060e-02
   1.7680000e+01   2.3784440e-02
   1.7690000e+01   2.9520410e-02
   1.7700000e+01   3.1130180e-02
   1.7710000e+01   2.7553900e-02
   1.7720000e+01   2.2959000e-02
   1.7730000e+01   2.1865400e-02
   1.7740000e+01   2.4734450e-02
   1.7750000e+01   2.8820580e-02
   1.7760000e+01   3.2614300e-02
   1.7770000e+01   3.6789680e-02
   1.7780000e+01   4.1424000e-02
   1.7790000e+01   4.6364150e-02
   1.7800000e+01   5.1278020e-02
   1.7810000e+01   5.7099230e-02
   1.7820000e+01   6.2580650e-02
   1.7830000e+01   6.3474370e-02
   1.7840000e+01   5.5164560e-02
   1.7850000e+01   4.3677000e-02
   1.7860000e+01   3.1753850e-02
   1.7870000e+01   2.0161580e-02
   1.7880000e+01   1.2454340e-02
   1.7890000e+01   1.0777790e-02
   1.7900000e+01   1.0972720e-02
   1.7910000e+01   1.0763410e-02
   1.7920000e+01   1.0778470e-02
   1.7930000e+01   1.2776000e-02
   1.7940000e+01   1.8065160e-02
   1.7950000e+01   2.4402390e-02
   1.7960000e+01   2.9963230e-02
   1.7970000e+01   3.3605810e-02
   1.7980000e+01   3.6342200e-02
   1.7990000e+01   3.8587330e-02
   1.8000000e+01   3.8091200e-02
   1.8010000e+01   3.4274270e-02
   1.8020000e+01   2.9328530e-02
   1.8030000e+01   2.4314910e-02
   1.8040000e+01   1.9753940e-02
   1.8050000e+01   1.7085940e-02
   1.8060000e+01   1.5484150e-02
   1.8070000e+01   1.3818600e-02
   1.8080000e+01   1.1856240e-02
   1.8090000e+01   1.0589010e-02
   1.8100000e+01   1.2153720e-02
   1.8110000e+01   1.5057480e-02
   1.8120000e+01   1.4986720e-02
   1.8130000e+01   7.7191450e-03
   1.8140000e+01  -2.3732080e-03
   1.8150000e+01  -1.2272060e-02
   1.8160000e+01  -2.1852860e-02
   1.8170000e+01  -2.9576120e-02
   1.8180000e+01  -3.6847560e-02
   1.8190000e+01  -4.4270600e-02
   1.8200000e+01  -5.2162420e-02
   1.8210000e+01  -5.9082380e-02
   1.8220000e+01  -6.2451940e-02
   1.8230000e+01  -6.2609870e-02
   1.8240000e+01  -6.2135510e-02
   1.8250000e+01  -6.1666410e-02
   1.8260000e+01  -6.1414540e-02
   1.8270000e+01  -6.0696470e-02
   1.8280000e+01  -5.8654130e-02
   1.8290000e+01  -5.5653900e-02
   1.8300000e+01  -5.2812450e-02
   1.8310000e+01  -4.9913200e-02
   1.8320000e+01  -4.5579810e-02
   1.8330000e+01  -3.8174340e-02
   1.8340000e+01  -2.9795770e-02
   1.8350000e+01  -2.1470940e-02
   1.8360000e+01  -1.3097790e-02
   1.8370000e+01  -4.7560850e-03
   1.8380000e+01   3.4275400e-03
   1.8390000e+01   1.1783900e-02
   1.8400000e+01   2.0338350e-02
   1.8410000e+01   2.7422690e-02
   1.8420000e+01   2.6965760e-02
   1.8430000e+01   1.6972980e-02
   1.8440000e+01   4.2010840e-03
   1.8450000e+01  -8.5222900e-03
   1.8460000e+01  -2.1763580e-02
   1.8470000e+01  -3.4148140e-02
   1.8480000e+01  -4.3194940e-02
   1.8490000e+01  -4.9049580e-02
   1.8500000e+01  -5.4043220e-02
   1.8510000e+01  -5.7580280e-02
   1.8520000e+01  -6.0054610e-02
   1.8530000e+01  -6.2133450e-02
   1.8540000e+01  -6.4348390e-02
   1.8550000e+01  -6.6838730e-02
   1.8560000e+01  -6.9723250e-02
   1.8570000e+01  -7.2666980e-02
   1.8580000e+01  -7.6544920e-02
   1.8590000e+01  -8.0760250e-02
   1.8600000e+01  -8.0428480e-02
   1.8610000e+01  -6.8796700e-02
   1.8620000e+01  -5.3237410e-02
   1.8630000e+01  -3.8068030e-02
   1.8640000e+01  -2.2345610e-02
   1.8650000e+01  -6.1761280e-03
   1.8660000e+01   8.4880770e-03
   1.8670000e+01   1.7157020e-02
   1.8680000e+01   2.2356150e-02
   1.8690000e+01   2.6934300e-02
   1.8700000e+01   3.0342820e-02
   1.8710000e+01   3.2489910e-02
   1.8720000e+01   3.4116410e-02
   1.8730000e+01   3.5796670e-02
   1.8740000e+01   3.7522420e-02
   1.8750000e+01   3.9271290e-02
   1.8760000e+01   4.0860700e-02
   1.8770000e+01   4.2544760e-02
   1.8780000e+01   4.4519270e-02
   1.8790000e+01   4.6220050e-02
   1.8800000e+01   4.5166030e-02
   1.8810000e+01   4.0651370e-02
   1.8820000e+01   3.5045910e-02
   1.8830000e+01   2.9657250e-02
   1.8840000e+01   2.3971740e-02
   1.8850000e+01   1.8114200e-02
   1.8860000e+01   1.3006720e-02
   1.8870000e+01   1.0757980e-02
   1.8880000e+01   9.8000870e-03
   1.8890000e+01   9.3223530e-03
   1.8900000e+01   9.3108140e-03
   1.8910000e+01   7.8952720e-03
   1.8920000e+01   1.0532480e-03
   1.8930000e+01  -8.8691760e-03
   1.8940000e+01  -1.7826820e-02
   1.8950000e+01  -2.1263090e-02
   1.8960000e+01  -1.8529860e-02
   1.8970000e+01  -1.4071430e-02
   1.8980000e+01  -9.2656520e-03
   1.8990000e+01  -5.1223330e-03
   1.9000000e+01  -4.7474070e-03
   1.9010000e+01  -8.4790390e-03
   1.9020000e+01  -1.3290010e-02
   1.9030000e+01  -1.8055110e-02
   1.9040000e+01  -2.3061340e-02
   1.9050000e+01  -2.8118340e-02
   1.9060000e+01  -3.2335020e-02
   1.9070000e+01  -3.4799330e-02
   1.9080000e+01  -3.6943890e-02
   1.9090000e+01  -3.9286710e-02
   1.9100000e+01  -4.0852220e-02
   1.9110000e+01  -3.9714840e-02
   1.9120000e+01  -3.7272910e-02
   1.9130000e+01  -3.4861980e-02
   1.9140000e+01  -3.2401070e-02
   1.9150000e+01  -2.9662470e-02
   1.9160000e+01  -2.6922050e-02
   1.9170000e+01  -2.5974160e-02
   1.9180000e+01  -2.8635490e-02
   1.9190000e+01  -3.2511020e-02
   1.9200000e+01  -3.6337240e-02
   1.9210000e+01  -4.0348630e-02
   1.9220000e+01  -4.4325350e-02
   1.9230000e+01  -4.8141700e-02
   1.9240000e+01  -5.1365900e-02
   1.9250000e+01  -5.4520700e-02
   1.9260000e+01  -5.7548810e-02
   1.9270000e+01  -5.8769050e-02
   1.9280000e+01  -5.6183420e-02
   1.9290000e+01  -5.2379640e-02
   1.9300000e+01  -4.8771090e-02
   1.9310000e+01  -4.5156540e-02
   1.9320000e+01  -4.1215440e-02
   1.9330000e+01  -3.6747720e-02
   1.9340000e+01  -3.3865290e-02
   1.9350000e+01  -3.6176890e-02
   1.9360000e+01  -4.0973730e-02
   1.9370000e+01  -4.5798980e-02
   1.9380000e+01  -5.1080960e-02
   1.9390000e+01  -5.6444910e-02
   1.9400000e+01  -6.0864260e-02
   1.9410000e+01  -6.2003600e-02
   1.9420000e+01  -6.2278170e-02
   1.9430000e+01  -6.2972690e-02
   1.9440000e+01  -6.2115780e-02
   1.9450000e+01  -5.6101570e-02
   1.9460000e+01  -4.7390300e-02
   1.9470000e+01  -3.8551420e-02
   1.9480000e+01  -2.9533710e-02
   1.9490000e+01  -2.0627880e-02
   1.9500000e+01  -1.2256040e-02
   1.9510000e+01  -4.8977680e-03
   1.9520000e+01   2.5727840e-03
   1.9530000e+01   1.0412620e-02
   1.9540000e+01   1.6611880e-02
   1.9550000e+01   1.7595460e-02
   1.9560000e+01   1.6499980e-02
   1.9570000e+01   1.5500980e-02
   1.9580000e+01   1.4271620e-02
   1.9590000e+01   1.3154720e-02
   1.9600000e+01   1.2962550e-02
   1.9610000e+01   1.4565260e-02
   1.9620000e+01   1.6695530e-02
   1.9630000e+01   1.8831410e-02
   1.9640000e+01   2.0955210e-02
   1.9650000e+01   2.3107140e-02
   1.9660000e+01   2.5256640e-02
   1.9670000e+01   2.7424160e-02
   1.9680000e+01   2.9565290e-02
   1.9690000e+01   3.1750040e-02
   1.9700000e+01   3.3887630e-02
   1.9710000e+01   3.6061510e-02
   1.9720000e+01   3.8260560e-02
   1.9730000e+01   4.0369400e-02
   1.9740000e+01   4.2394270e-02
   1.9750000e+01   4.4692550e-02
   1.9760000e+01   4.7306150e-02
   1.9770000e+01   4.9085870e-02
   1.9780000e+01   4.7094090e-02
   1.9790000e+01   4.1605150e-02
   1.9800000e+01   3.5138200e-02
   1.9810000e+01   2.8427410e-02
   1.9820000e+01   2.2328110e-02
   1.9830000e+01   1.9050200e-02
   1.9840000e+01   1.8375870e-02
   1.9850000e+01   1.8296540e-02
   1.9860000e+01   1.8207060e-02
   1.9870000e+01   1.8162610e-02
   1.9880000e+01   1.8154720e-02
   1.9890000e+01   1.7996310e-02
   1.9900000e+01   1.7572120e-02
   1.9910000e+01   1.7099850e-02
   1.9920000e+01   1.6892630e-02
   1.9930000e+01   1.6688110e-02
   1.9940000e+01   1.4987810e-02
   1.9950000e+01   1.0198630e-02
   1.9960000e+01   4.3218240e-03
   1.9970000e+01  -1.4637000e-03
   1.9980000e+01  -7.3210430e-03
   1.9990000e+01  -1.3068680e-02
   2.0000000e+01  -1.8899510e-02
   2.0010000e+01  -2.4788990e-02
   2.0020000e+01  -3.0929110e-02
   2.0030000e+01  -3.6707760e-02
   2.0040000e+01  -4.0359810e-02
   2.0050000e+01  -4.1614270e-02
   2.0060000e+01  -4.2219910e-02
   2.0070000e+01  -4.2818960e-02
   2.0080000e+01  -4.3742990e-02
   2.0090000e+01  -4.4273280e-02
   2.0100000e+01  -4.4801070e-02
   2.0110000e+01  -4.4463630e-02
   2.0120000e+01  -4.2100120e-02
   2.0130000e+01  -3.8908910e-02
   2.0140000e+01  -3.5987360e-02
   2.0150000e+01  -3.3161160e-02
   2.0160000e+01  -2.9347400e-02
   2.0170000e+01  -2.2596250e-02
   2.0180000e+01  -1.4896690e-02
   2.0190000e+01  -7.2688890e-03
   2.0200000e+01   4.0663460e-04
   2.0210000e+01   8.0313640e-03
   2.0220000e+01   1.5531740e-02
   2.0230000e+01   2.3074360e-02
   2.0240000e+01   3.0755180e-02
   2.0250000e+01   3.8166470e-02
   2.0260000e+01   4.3924990e-02
   2.0270000e+01   4.7752260e-02
   2.0280000e+01   5.1297130e-02
   2.0290000e+01   5.3986190e-02
   2.0300000e+01   5.2781660e-02
   2.0310000e+01   4.8655310e-02
   2.0320000e+01   4.4019390e-02
   2.0330000e+01   3.9415000e-02
   2.0340000e+01   3.4715150e-02
   2.0350000e+01   3.0111880e-02
   2.0360000e+01   2.5572820e-02
   2.0370000e+01   2.1074900e-02
   2.0380000e+01   1.6356710e-02
   2.0390000e+01   1.1597360e-02
   2.0400000e+01   8.1815910e-03
   2.0410000e+01   8.2245120e-03
   2.0420000e+01   9.6485140e-03
   2.0430000e+01   1.2107230e-02
   2.0440000e+01   1.6430880e-02
   2.0450000e+01   2.1202310e-02
   2.0460000e+01   2.5882910e-02
   2.0470000e+01   3.0644990e-02
   2.0480000e+01   3.5558390e-02
   2.0490000e+01   3.9647370e-02
   2.0500000e+01   4.1088280e-02
   2.0510000e+01   4.0835210e-02
   2.0520000e+01   4.0352210e-02
   2.0530000e+01   3.9842180e-02
   2.0540000e+01   3.9325220e-02
   2.0550000e+01   3.8698530e-02
   2.0560000e+01   3.7985190e-02
   2.0570000e+01   3.7204380e-02
   2.0580000e+01   3.6941490e-02
   2.0590000e+01   3.8004810e-02
   2.0600000e+01   3.9473970e-02
   2.0610000e+01   4.0773390e-02
   2.0620000e+01   4.2280270e-02
   2.0630000e+01   4.4017410e-02
   2.0640000e+01   4.4947350e-02
   2.0650000e+01   4.2340530e-02
   2.0660000e+01   3.6549900e-02
   2.0670000e+01   3.0072300e-02
   2.0680000e+01   2.3738990e-02
   2.0690000e+01   1.7533690e-02
   2.0700000e+01   1.1482240e-02
   2.0710000e+01   5.5801770e-03
   2.0720000e+01  -3.5022360e-04
   2.0730000e+01  -6.4041820e-03
   2.0740000e+01  -1.1546830e-02
   2.0750000e+01  -1.3647140e-02
   2.0760000e+01  -1.3454150e-02
   2.0770000e+01  -1.2964500e-02
   2.0780000e+01  -1.2443330e-02
   2.0790000e+01  -1.1867200e-02
   2.0800000e+01  -1.1198840e-02
   2.0810000e+01  -1.0726240e-02
   2.0820000e+01  -1.0340430e-02
   2.0830000e+01  -9.3286940e-03
   2.0840000e+01  -6.7685550e-03
   2.0850000e+01  -3.7552870e-03
   2.0860000e+01  -6.5945710e-04
   2.0870000e+01   2.2801050e-03
   2.0880000e+01   3.9980910e-03
   2.0890000e+01   3.7883270e-03
   2.0900000e+01   2.9527860e-03
   2.0910000e+01   2.1858920e-03
   2.0920000e+01   1.4078020e-03
   2.0930000e+01   6.5396630e-04
   2.0940000e+01  -1.0356830e-04
   2.0950000e+01  -8.2481040e-04
   2.0960000e+01  -1.6176600e-03
   2.0970000e+01  -2.5213500e-03
   2.0980000e+01  -3.3867280e-03
   2.0990000e+01  -4.1455300e-03
   2.1000000e+01  -5.0676650e-03
   2.1010000e+01  -6.4945760e-03
   2.1020000e+01  -8.0991450e-03
   2.1030000e+01  -9.6245310e-03
   2.1040000e+01  -1.1065310e-02
   2.1050000e+01  -1.2399010e-02
   2.1060000e+01  -1.3706430e-02
   2.1070000e+01  -1.4984050e-02
   2.1080000e+01  -1.6238280e-02
   2.1090000e+01  -1.7157470e-02
   2.1100000e+01  -1.7105680e-02
   2.1110000e+01  -1.6323750e-02
   2.1120000e+01  -1.5404480e-02
   2.1130000e+01  -1.4486910e-02
   2.1140000e+01  -1.3601540e-02
   2.1150000e+01  -1.2721250e-02
   2.1160000e+01  -1.1838390e-02
   2.1170000e+01  -1.0946390e-02
   2.1180000e+01  -1.0172020e-02
   2.1190000e+01  -9.7515790e-03
   2.1200000e+01  -9.4513900e-03
   2.1210000e+01  -9.2028720e-03
   2.1220000e+01  -8.9864410e-03
   2.1230000e+01  -8.5356400e-03
   2.1240000e+01  -7.3350770e-03
   2.1250000e+01  -5.6969920e-03
   2.1260000e+01  -4.1273810e-03
   2.1270000e+01  -2.6739650e-03
   2.1280000e+01  -1.3106250e-03
   2.1290000e+01  -1.0167900e-05
   2.1300000e+01   1.2458100e-03
   2.1310000e+01   2.4603390e-03
   2.1320000e+01   3.2592260e-03
   2.1330000e+01   2.9085450e-03
   2.1340000e+01   2.0725150e-03
   2.1350000e+01   1.2561420e-03
   2.1360000e+01   5.7587020e-04
   2.1370000e+01   4.1638070e-04
   2.1380000e+01   8.6517160e-04
   2.1390000e+01   1.4297250e-03
   2.1400000e+01   1.9067310e-03
   2.1410000e+01   2.3599340e-03
   2.1420000e+01   2.7908030e-03
   2.1430000e+01   3.1545370e-03
   2.1440000e+01   3.2305590e-03
   2.1450000e+01   2.9198010e-03
   2.1460000e+01   2.4971460e-03
   2.1470000e+01   2.1310160e-03
   2.1480000e+01   1.7894140e-03
   2.1490000e+01   1.4622960e-03
   2.1500000e+01   1.1197700e-03
   2.1510000e+01   8.7524890e-04
   2.1520000e+01   9.5929900e-04
   2.1530000e+01   1.3850960e-03
   2.1540000e+01   1.8232880e-03
   2.1550000e+01   2.1708690e-03
   2.1560000e+01   2.4322260e-03
   2.1570000e+01   2.6186820e-03
   2.1580000e+01   2.7307900e-03
   2.1590000e+01   2.7895450e-03
   2.1600000e+01   2.8071400e-03
   2.1610000e+01   2.7182070e-03
   2.1620000e+01   2.3420510e-03
   2.1630000e+01   1.6997190e-03
   2.1640000e+01   1.0340270e-03
   2.1650000e+01   4.4323070e-04
   2.1660000e+01  -8.5396150e-05
   2.1670000e+01  -5.5798840e-04
   2.1680000e+01  -9.8240900e-04
   2.1690000e+01  -1.3539840e-03
   2.1700000e+01  -1.6732760e-03
   2.1710000e+01  -1.9241760e-03
   2.1720000e+01  -2.1252540e-03
   2.1730000e+01  -2.2945350e-03
   2.1740000e+01  -2.4419280e-03
   2.1750000e+01  -2.5639490e-03
   2.1760000e+01  -2.6600510e-03
   2.1770000e+01  -2.7305090e-03
   2.1780000e+01  -2.7862620e-03
   2.1790000e+01  -2.8302060e-03
   2.1800000e+01  -2.8656710e-03
   2.1810000e+01  -2.8898670e-03
   2.1820000e+01  -2.9057670e-03
   2.1830000e+01  -2.9132500e-03
   2.1840000e+01  -2.9168490e-03
   2.1850000e+01  -2.9129040e-03
   2.1860000e+01  -2.8894310e-03
   2.1870000e+01  -2.8411620e-03
   2.1880000e+01  -2.7927420e-03
   2.1890000e+01  -2.7533860e-03
   2.1900000e+01  -2.7202480e-03
   2.1910000e+01  -2.6913920e-03
   2.1920000e+01  -2.6665380e-03
   2.1930000e+01  -2.6437360e-03
   2.1940000e+01  -2.6212510e-03
   2.1950000e+01  -2.5977370e-03
   2.1960000e+01  -2.5741280e-03
   2.1970000e+01  -2.5520400e-03
   2.1980000e+01  -2.5300390e-03
   2.1990000e+01  -2.5031070e-03
   2.2000000e+01  -2.4702690e-03
   2.2010000e+01  -2.4321700e-03
   2.2020000e+01  -2.3893900e-03
   2.2030000e+01  -2.3422370e-03
   2.2040000e+01  -2.2910970e-03
   2.2050000e+01  -2.2362550e-03
   2.2060000e+01  -2.1780450e-03
   2.2070000e+01  -2.1166140e-03
   2.2080000e+01  -2.0521690e-03
   2.2090000e+01  -1.9850030e-03
   2.2100000e+01  -1.9153430e-03
   2.2110000e+01  -1.8432540e-03
   2.2120000e+01  -1.7688460e-03
   2.2130000e+01  -1.6921830e-03
   2.2140000e+01  -1.6133580e-03
   2.2150000e+01  -1.5324260e-03
   2.2160000e+01  -1.4494600e-03
   2.2170000e+01  -1.3645180e-03
   2.2180000e+01  -1.2776730e-03
   2.2190000e+01  -1.1889780e-03
   2.2200000e+01  -1.0984880e-03
   2.2210000e+01  -1.0062560e-03
   2.2220000e+01  -9.1233800e-04
   2.2230000e+01  -8.1679000e-04
   2.2240000e+01  -7.1966870e-04
   2.2250000e+01  -6.2103080e-04
   2.2260000e+01  -5.2093370e-04
   2.2270000e+01  -4.1943490e-04
   2.2280000e+01  -3.1659220e-04
   2.2290000e+01  -2.1246380e-04
   2.2300000e+01  -1.0710810e-04
