-0.00021532
-0.00021305
-0.00021075
-0.00020843
-0.00020611
-0.00020376
-0.0002014
-0.00019901
-0.00019656
-0.00019404
-0.00019148
-0.0001889
-0.00018632
-0.00018367
-0.00018094
-0.00017817
-0.00017525
-0.00017214
-0.00016881
-0.00016532
-0.00016168
-0.00015772
-0.00015339
-0.00014916
-0.00014537
-0.00014169
-0.00013753
-0.00013299
-0.00012882
-0.00012594
-0.00012456
-0.00012401
-0.00012582
-0.00013088
-0.00013588
-0.00013751
-0.00013511
-0.00012599
-0.00011024
-9.7103e-05
-9.435e-05
-9.924e-05
-0.0001029
-9.8104e-05
-8.5619e-05
-6.5765e-05
-3.4504e-05
9.3943e-06
5.8874e-05
0.00010326
0.00013892
0.00015364
0.00013736
9.5249e-05
3.8364e-05
-1.9429e-05
-6.9539e-05
-0.00012595
-0.00021256
-0.00028978
-0.00032016
-0.00032294
-0.00032857
-0.00033245
-0.00029505
-0.00020226
-7.0264e-05
7.7996e-05
0.0001983
0.00029238
0.00039264
0.00048299
0.00051735
0.00045185
0.00030365
0.00013456
-6.018e-06
-0.00010042
-0.00015664
-0.00021436
-0.00029207
-0.00039893
-0.00052
-0.00063937
-0.00071938
-0.00073701
-0.00065843
-0.00048768
-0.00027833
-3.0283e-05
0.00024059
0.0004483
0.00052142
0.00049028
0.00049842
0.00060039
0.00070318
0.00069477
0.00057931
0.00050127
0.00055464
0.00069944
0.0008057
0.00080034
0.00069863
0.00053875
0.00035977
0.00018883
6.2356e-05
-7.6429e-06
1.3588e-05
6.5178e-05
4.9224e-05
4.3156e-06
7.8502e-05
0.00044741
0.0010885
0.0017708
0.0022607
0.0025322
0.0025642
0.0023859
0.0021286
0.0019321
0.0017783
0.001489
0.00094632
0.00034117
-5.4971e-06
-1.9767e-06
0.00015602
0.00024478
0.00025802
0.00033251
0.00060934
0.0011108
0.0016397
0.002088
0.0023898
0.00243
0.0021614
0.0016838
0.0011617
0.00056361
-0.00018722
-0.001007
-0.0016037
-0.0017884
-0.0016418
-0.0014066
-0.0012081
-0.0011082
-0.0011181
-0.0011898
-0.0013823
-0.0017476
-0.0021946
-0.0026234
-0.0028883
-0.0028681
-0.0025686
-0.0021666
-0.0020478
-0.0021935
-0.0021729
-0.0019254
-0.0017398
-0.0016559
-0.0014608
-0.0010743
-0.00065991
-0.00032779
-8.4015e-05
3.7567e-05
-5.5644e-05
-0.00051778
-0.0014183
-0.0026723
-0.0038094
-0.0043097
-0.0041162
-0.0036307
-0.0032083
-0.0029018
-0.0027081
-0.0023727
-0.0016952
-0.00076858
-0.00011952
-0.00015424
-0.00073791
-0.0014669
-0.0021319
-0.0028282
-0.0036624
-0.0045062
-0.0048973
-0.0046035
-0.0039363
-0.0032828
-0.002727
-0.0019181
-0.00027753
0.0018623
0.0036331
0.0045243
0.0045627
0.0041794
0.0037978
0.0034119
0.0028463
0.0021042
0.0015638
0.0016769
0.0021679
0.0022819
0.001744
0.0010906
0.0011582
0.0023535
0.0042526
0.0060124
0.0069825
0.0069007
0.0058769
0.0043353
0.002507
0.00049872
-0.0013111
-0.0027265
-0.0037157
-0.0039931
-0.0033708
-0.0018352
0.00023015
0.0022662
0.0043815
0.0067818
0.0087187
0.009049
0.0077175
0.0057397
0.0038785
0.0022196
0.00073351
-0.00036854
-0.0011487
-0.0018645
-0.0025972
-0.0030829
-0.0026633
-0.001011
0.0013056
0.003072
0.0037268
0.0036618
0.0034993
0.0033965
0.0032396
0.003009
0.0025242
0.0016186
0.00019251
-0.0017804
-0.0038783
-0.0054982
-0.0062143
-0.005838
-0.0041612
-0.0007969
0.0038492
0.0078732
0.0095462
0.0086707
0.006265
0.0034212
0.00094533
-0.0010894
-0.0024877
-0.0029846
-0.0028592
-0.0025875
-0.0024926
-0.0023744
-0.0017687
-0.00085155
-0.00035102
-0.00043532
-0.00071143
-0.0011164
-0.0015931
-0.0018578
-0.0017292
-0.00092868
0.00054132
0.001789
0.0014812
-0.00040452
-0.0023385
-0.0028721
-0.0017832
0.00010645
0.0015106
0.0017887
0.0013551
0.0010064
0.00097215
0.00099448
0.00080017
0.00061881
0.0011321
0.0030255
0.0055325
0.0072108
0.0069857
0.0046012
0.0010196
-0.0018409
-0.0026003
-0.0015308
0.00051069
0.0029311
0.0058914
0.0094555
0.013455
0.01731
0.019676
0.019768
0.01838
0.016948
0.015883
0.01524
0.014802
0.014005
0.012858
0.011735
0.011098
0.010955
0.011082
0.011186
0.010091
0.0070692
0.0035133
0.0010094
-0.00012946
0.00011584
0.0011522
0.0015937
0.00092069
0.00013166
0.00016215
0.00057038
0.00059257
0.00014989
-0.0001935
3.8014e-05
0.00056781
0.00085969
0.00080879
0.00070882
0.0011179
0.0021141
0.0028532
0.0022062
-0.00010412
-0.0031663
-0.0060699
-0.0083391
-0.010358
-0.012831
-0.01571
-0.017662
-0.017138
-0.014036
-0.0091979
-0.0040806
-0.00026473
0.0012871
0.0010735
0.0008213
0.0016754
0.0035649
0.0058732
0.0080608
0.0098786
0.011009
0.011386
0.01127
0.010835
0.00969
0.0075766
0.0052342
0.0043347
0.0057694
0.0085655
0.011014
0.012551
0.013309
0.013062
0.011628
0.0097332
0.0087313
0.0092398
0.010512
0.011858
0.013066
0.013901
0.014658
0.015927
0.018492
0.021969
0.023872
0.0227
0.019257
0.015554
0.012706
0.010561
0.0087765
0.0075035
0.0067679
0.0062052
0.0048118
0.0016234
-0.0027633
-0.006353
-0.0081389
-0.0086204
-0.0087001
-0.0083946
-0.00722
-0.0057865
-0.0047993
-0.0039207
-0.0023032
0.00042969
0.0037548
0.0067033
0.0083744
0.0083215
0.0058224
0.0010528
-0.0035298
-0.0054798
-0.0051082
-0.004361
-0.0044998
-0.004953
-0.0049121
-0.0041469
-0.0026988
-0.001346
-0.00027268
0.0010329
0.0025039
0.0028198
0.00097668
-0.002055
-0.004197
-0.0041078
-0.0013927
0.0026975
0.0047861
0.0018425
-0.0054278
-0.01247
-0.015211
-0.013861
-0.011309
-0.0097759
-0.0088245
-0.0067233
-0.0031357
0.00083793
0.0033786
0.0032252
0.0015596
0.0012345
0.0038398
0.0084263
0.013052
0.015191
0.01347
0.0089788
0.0050372
0.0038719
0.005325
0.0080899
0.011574
0.015868
0.021087
0.025763
0.027974
0.02678
0.02256
0.017356
0.013892
0.013495
0.015151
0.01679
0.017004
0.016273
0.016166
0.018037
0.021483
0.02563
0.0294
0.031516
0.031137
0.028699
0.025505
0.021617
0.015019
0.0053428
-0.0045879
-0.011183
-0.015177
-0.019636
-0.025285
-0.030264
-0.032295
-0.031092
-0.028682
-0.027186
-0.026515
-0.02484
-0.020909
-0.015047
-0.0084159
-0.0022762
0.0028053
0.0072064
0.010845
0.013375
0.014124
0.012837
0.011334
0.011357
0.012041
0.01166
0.010166
0.0088474
0.0076394
0.0052019
0.0014686
-0.001958
-0.0039227
-0.0047337
-0.0061101
-0.0089165
-0.012079
-0.013795
-0.013511
-0.012267
-0.011484
-0.011559
-0.012121
-0.012017
-0.0098904
-0.0057814
-0.0020929
-0.00059527
-0.00073869
-0.0010872
-0.00063066
0.00093654
0.0036836
0.0075701
0.011528
0.013976
0.014434
0.013604
0.012165
0.010067
0.0067025
0.001799
-0.0038129
-0.0076797
-0.0076248
-0.0043764
-0.00036045
0.002534
0.0043403
0.0060975
0.0078661
0.0094568
0.010871
0.011978
0.012111
0.010847
0.0093687
0.0088551
0.0085744
0.0067535
0.0026777
-0.0027262
-0.007728
-0.011209
-0.012712
-0.012282
-0.01021
-0.0057933
0.0021591
0.010851
0.015663
0.015566
0.013249
0.01117
0.010339
0.010856
0.011861
0.011989
0.01051
0.0078012
0.0052383
0.0039986
0.0042229
0.0048528
0.004039
0.0010671
-0.0022763
-0.0029485
8.1307e-05
0.0046717
0.0077909
0.008606
0.0091435
0.011308
0.015736
0.021892
0.027136
0.028693
0.026039
0.021736
0.019904
0.022222
0.026878
0.030896
0.032981
0.033013
0.030844
0.026561
0.02162
0.018229
0.01721
0.018206
0.020718
0.024903
0.030236
0.034166
0.03441
0.031078
0.026636
0.02368
0.022292
0.021008
0.019546
0.018773
0.018614
0.017406
0.013832
0.007986
0.0014353
-0.0035617
-0.0052135
-0.0036412
0.00019428
0.0038311
0.0046603
0.0019005
-0.0026316
-0.0062159
-0.0073609
-0.0062402
-0.0047066
-0.0051815
-0.008856
-0.013891
-0.017473
-0.018754
-0.018785
-0.018875
-0.020032
-0.022891
-0.027187
-0.031738
-0.034894
-0.036061
-0.036397
-0.036945
-0.037724
-0.038454
-0.038392
-0.036757
-0.033398
-0.029295
-0.023583
-0.014491
-0.0034134
0.0067776
0.015821
0.023217
0.027488
0.028479
0.028101
0.028548
0.030476
0.032607
0.033174
0.031577
0.028437
0.024599
0.020551
0.016605
0.012513
0.007399
0.0012843
-0.0047477
-0.0093516
-0.012193
-0.013686
-0.014562
-0.015028
-0.014615
-0.01234
-0.008549
-0.0058328
-0.0072503
-0.013227
-0.020629
-0.026767
-0.032059
-0.039048
-0.049711
-0.063443
-0.077067
-0.089612
-0.103
-0.11731
-0.12828
-0.13217
-0.13075
-0.12824
-0.126
-0.12226
-0.11479
-0.10108
-0.082451
-0.06404
-0.048878
-0.035527
-0.022256
-0.010258
-0.0015337
0.0054312
0.013426
0.023243
0.033905
0.0429
0.047582
0.04904
0.050668
0.054116
0.058987
0.063681
0.066334
0.065255
0.060256
0.052734
0.044395
0.037934
0.036161
0.038821
0.043014
0.04647
0.04916
0.052238
0.055769
0.058033
0.057325
0.053445
0.047065
0.037659
0.024646
0.0059623
-0.015713
-0.033669
-0.046127
-0.05705
-0.069408
-0.080144
-0.083767
-0.078172
-0.063368
-0.039376
-0.011898
0.012424
0.03372
0.053101
0.068657
0.0763
0.077474
0.076988
0.07726
0.076962
0.073102
0.065072
0.05359
0.039551
0.025133
0.012791
0.0029284
-0.004701
-0.01027
-0.014537
-0.016823
-0.016722
-0.014186
-0.0095067
-0.0028255
0.0057904
0.016483
0.028256
0.039806
0.050671
0.058538
0.061462
0.060077
0.055308
0.04768
0.038369
0.030522
0.026346
0.022824
0.016618
0.0076166
-0.0030743
-0.012917
-0.01814
-0.019715
-0.022938
-0.031043
-0.042221
-0.050965
-0.053996
-0.053391
-0.052538
-0.052693
-0.054163
-0.057161
-0.059368
-0.056404
-0.046432
-0.030682
-0.010662
0.0082961
0.021715
0.030863
0.038749
0.046634
0.054956
0.063485
0.07
0.072211
0.068276
0.058252
0.044168
0.029542
0.016735
0.0052782
-0.0052232
-0.016981
-0.0296
-0.039986
-0.048309
-0.05512
-0.058642
-0.057524
-0.05285
-0.047327
-0.043694
-0.042049
-0.04105
-0.040357
-0.040166
-0.040743
-0.042907
-0.047517
-0.054807
-0.062926
-0.069892
-0.076133
-0.082226
-0.087184
-0.090283
-0.092296
-0.094167
-0.095435
-0.094744
-0.091249
-0.084862
-0.076349
-0.067476
-0.058646
-0.04864
-0.03783
-0.029448
-0.026328
-0.029744
-0.039022
-0.049055
-0.056314
-0.06046
-0.062188
-0.061831
-0.059184
-0.055222
-0.051585
-0.048818
-0.04715
-0.046176
-0.043802
-0.03733
-0.026895
-0.017682
-0.013053
-0.012093
-0.014042
-0.020396
-0.032077
-0.047596
-0.062157
-0.073892
-0.084917
-0.097979
-0.11208
-0.12372
-0.13095
-0.13566
-0.14003
-0.14463
-0.14914
-0.15229
-0.15187
-0.14514
-0.12814
-0.10127
-0.074276
-0.053539
-0.036659
-0.020694
-0.0028493
0.015647
0.032331
0.047008
0.060416
0.069974
0.075154
0.078457
0.081935
0.084706
0.083954
0.078252
0.068033
0.054078
0.039962
0.033674
0.038539
0.050714
0.064551
0.077032
0.087824
0.098128
0.10814
0.11991
0.13698
0.15504
0.16474
0.16356
0.15684
0.15114
0.14832
0.14644
0.143
0.13698
0.1287
0.12187
0.11961
0.12089
0.12307
0.12506
0.12697
0.12857
0.12854
0.12546
0.11871
0.10987
0.10103
0.091068
0.078164
0.064952
0.05359
0.04537
0.041494
0.041303
0.042544
0.043181
0.042492
0.040629
0.0372
0.031373
0.022329
0.01115
-0.00080045
-0.014945
-0.031323
-0.051187
-0.07544
-0.10372
-0.13226
-0.15995
-0.18198
-0.19554
-0.20242
-0.20511
-0.20509
-0.20189
-0.19344
-0.17758
-0.15649
-0.13463
-0.11436
-0.097133
-0.085028
-0.076186
-0.066101
-0.053492
-0.04116
-0.032151
-0.02864
-0.031098
-0.037596
-0.046288
-0.054996
-0.058264
-0.051659
-0.036918
-0.022514
-0.014507
-0.011742
-0.0091042
-0.0036488
0.0024682
0.0063778
0.0086113
0.010286
0.010451
0.0080373
0.0022114
-0.0062276
-0.0095373
-0.0036634
0.0062303
0.011792
0.010133
0.0048822
0.0011872
0.0015357
0.0063677
0.016514
0.030412
0.040612
0.043425
0.043476
0.045947
0.050599
0.05514
0.058179
0.058717
0.055578
0.048708
0.039341
0.027907
0.016075
0.0085589
0.0061196
0.0040014
-0.00062972
-0.0055219
-0.006528
-0.0025729
0.00406
0.010046
0.013076
0.011957
0.007314
0.00089098
-0.0055169
-0.010261
-0.014228
-0.019437
-0.026703
-0.034775
-0.042243
-0.048252
-0.05234
-0.05433
-0.053669
-0.049049
-0.039891
-0.029428
-0.022511
-0.019917
-0.019244
-0.019029
-0.020541
-0.024449
-0.029687
-0.035513
-0.042051
-0.048955
-0.053907
-0.057216
-0.061556
-0.067131
-0.071913
-0.075307
-0.07772
-0.079418
-0.079694
-0.078183
-0.074969
-0.068765
-0.057655
-0.042629
-0.027538
-0.017085
-0.012114
-0.0092556
-0.0063158
-0.004529
-0.0053341
-0.0071576
-0.0069556
-0.0036913
0.0019918
0.0093723
0.016974
0.023724
0.029746
0.035135
0.0402
0.0447
0.047601
0.048845
0.048496
0.045999
0.040988
0.033164
0.020524
-0.00088517
-0.029758
-0.059907
-0.082396
-0.095767
-0.10404
-0.10988
-0.11383
-0.1161
-0.11777
-0.11954
-0.11931
-0.11303
-0.096341
-0.072299
-0.047075
-0.025076
-0.0063939
0.01313
0.038295
0.075776
0.11701
0.14555
0.16098
0.17071
0.17727
0.18098
0.18212
0.18136
0.17923
0.17531
0.16831
0.15828
0.14954
0.14559
0.1467
0.15013
0.15307
0.15295
0.14718
0.13285
0.11038
0.08888
0.069464
0.048282
0.02912
0.01449
-0.00037231
-0.017726
-0.033129
-0.042937
-0.046839
-0.045735
-0.040474
-0.033161
-0.027336
-0.024696
-0.023702
-0.022822
-0.022504
-0.023679
-0.0255
-0.02693
-0.02846
-0.031473
-0.036161
-0.0411
-0.044629
-0.045452
-0.042347
-0.035068
-0.026336
-0.019789
-0.016024
-0.012764
-0.0081799
-0.0015291
0.0077671
0.020722
0.036071
0.049361
0.055821
0.054225
0.045361
0.032593
0.018829
0.0081576
0.0026147
-0.0022408
-0.012858
-0.032031
-0.057259
-0.082022
-0.10022
-0.10956
-0.11339
-0.11622
-0.11977
-0.12315
-0.12562
-0.12665
-0.12411
-0.11506
-0.097897
-0.075096
-0.051162
-0.027912
-0.0057496
0.012477
0.023727
0.028806
0.031152
0.032427
0.031052
0.026154
0.018241
0.0084685
-0.00084054
-0.0092407
-0.016489
-0.023371
-0.030062
-0.035701
-0.03931
-0.039776
-0.035601
-0.025303
-0.0084594
0.013291
0.035303
0.056043
0.074604
0.092208
0.10826
0.12187
0.12942
0.12855
0.12132
0.10711
0.085921
0.064418
0.038867
0.012564
-0.0080966
-0.021127
-0.030118
-0.036724
-0.038332
-0.031897
-0.019888
-0.010329
-0.0077119
-0.0093291
-0.011071
-0.011572
-0.011351
-0.0096112
-0.0043917
0.0066878
0.021691
0.03394
0.039245
0.038656
0.034627
0.028985
0.021928
0.013037
0.0025639
-0.0079825
-0.01685
-0.022445
-0.024584
-0.025665
-0.027915
-0.031233
-0.033864
-0.034594
-0.03305
-0.029391
-0.023481
-0.013968
0.00029241
0.020646
0.045027
0.071228
0.10298
0.12966
0.13665
0.13045
0.12432
0.11934
0.11231
0.10434
0.098048
0.093941
0.090481
0.085007
0.076619
0.066527
0.055462
0.04379
0.031605
0.019593
0.0066246
-0.0071848
-0.023438
-0.040569
-0.053223
-0.058911
-0.059777
-0.058552
-0.056202
-0.052781
-0.049085
-0.046455
-0.044639
-0.042937
-0.042453
-0.045233
-0.051909
-0.060772
-0.069276
-0.075579
-0.080179
-0.083446
-0.086522
-0.090893
-0.095538
-0.098088
-0.096744
-0.089726
-0.075316
-0.056911
-0.034517
-0.013493
0.0012655
0.012645
0.026566
0.044896
0.063333
0.077404
0.084245
0.083286
0.075179
0.060221
0.041503
0.022688
0.0057551
-0.010695
-0.028268
-0.045049
-0.057832
-0.064162
-0.065564
-0.065312
-0.065724
-0.067621
-0.071449
-0.076709
-0.081356
-0.082649
-0.079583
-0.073599
-0.067349
-0.062274
-0.057604
-0.051658
-0.041562
-0.026788
-0.0090833
0.0088352
0.023998
0.035404
0.042818
0.048302
0.052831
0.056924
0.060905
0.064764
0.067679
0.067662
0.064069
0.057965
0.051453
0.047191
0.044755
0.041232
0.033966
0.021789
0.0056648
-0.010499
-0.021553
-0.027447
-0.03202
-0.036117
-0.037417
-0.035146
-0.031096
-0.026033
-0.01882
-0.0088494
0.0016269
0.0076167
0.0078942
0.0048608
0.0013701
-0.0008349
-0.0015445
-0.00066079
0.0022402
0.0072411
0.013867
0.021096
0.028019
0.03455
0.040615
0.045636
0.048336
0.047382
0.042617
0.034358
0.021766
0.0044912
-0.015767
-0.036947
-0.056836
-0.075458
-0.094584
-0.1155
-0.13765
-0.1591
-0.17801
-0.19291
-0.20564
-0.21754
-0.22527
-0.22648
-0.22294
-0.21713
-0.20872
-0.19439
-0.1733
-0.14838
-0.12474
-0.10266
-0.080019
-0.054975
-0.029348
-0.0057892
0.017798
0.044009
0.069619
0.094653
0.11989
0.14471
0.17101
0.19785
0.21876
0.23131
0.23719
0.23797
0.23237
0.21891
0.19907
0.17341
0.14706
0.12672
0.11087
0.093811
0.073159
0.052466
0.03361
0.018253
0.003499
-0.010324
-0.018502
-0.02084
-0.020996
-0.02136
-0.021951
-0.022453
-0.023592
-0.025393
-0.026906
-0.027432
-0.026272
-0.022793
-0.016824
-0.0075743
0.0079646
0.026652
0.041484
0.04851
0.049096
0.046683
0.043699
0.041501
0.040122
0.038857
0.036947
0.034225
0.030499
0.025546
0.019265
0.011125
0.0022429
-0.0072863
-0.016935
-0.025083
-0.030786
-0.033716
-0.03369
-0.030136
-0.022871
-0.013673
-0.0045633
0.0030779
0.0078149
0.0081271
0.0031403
-0.0070953
-0.020808
-0.037219
-0.054181
-0.070015
-0.085686
-0.099977
-0.11208
-0.12218
-0.1283
-0.13067
-0.13112
-0.13089
-0.13094
-0.13213
-0.13395
-0.13428
-0.13111
-0.12226
-0.10553
-0.082287
-0.05709
-0.029888
-0.0032381
0.024505
0.058198
0.094819
0.12962
0.15925
0.18211
0.19853
0.20823
0.21304
0.21568
0.21851
0.22335
0.23028
0.23805
0.24417
0.24647
0.24468
0.23914
0.22951
0.21661
0.20104
0.18293
0.16132
0.13768
0.11177
0.085057
0.060763
0.038574
0.017292
-0.0032423
-0.020004
-0.031746
-0.037535
-0.037844
-0.034248
-0.028975
-0.024365
-0.020553
-0.016752
-0.012961
-0.0095727
-0.0065554
-0.0039601
-0.0031698
-0.0056928
-0.01214
-0.022977
-0.037848
-0.051601
-0.061721
-0.072182
-0.08222
-0.089896
-0.094057
-0.095224
-0.094309
-0.091227
-0.085461
-0.078307
-0.072021
-0.06749
-0.064683
-0.063796
-0.065054
-0.067524
-0.069491
-0.070999
-0.074027
-0.07947
-0.086225
-0.092604
-0.097095
-0.097766
-0.094385
-0.088503
-0.080825
-0.07087
-0.059593
-0.047858
-0.035221
-0.022948
-0.010788
0.00083795
0.008278
0.011329
0.012802
0.015491
0.020066
0.025539
0.029988
0.032151
0.032263
0.030352
0.026549
0.021714
0.017517
0.015667
0.016632
0.019606
0.024678
0.033753
0.04702
0.06107
0.075443
0.090197
0.10424
0.11594
0.12339
0.12814
0.13225
0.13644
0.13999
0.14129
0.13916
0.13443
0.12853
0.12304
0.11901
0.11469
0.10708
0.09756
0.088267
0.080151
0.075069
0.074144
0.077508
0.08475
0.094819
0.10705
0.11852
0.12808
0.13664
0.145
0.15349
0.16021
0.16345
0.16155
0.15327
0.13954
0.12529
0.11433
0.10628
0.099299
0.090166
0.077376
0.061216
0.044651
0.031753
0.021651
0.011991
0.0017782
-0.0078557
-0.017156
-0.028818
-0.041417
-0.051025
-0.058368
-0.065616
-0.073305
-0.081614
-0.089924
-0.098166
-0.10632
-0.11251
-0.11519
-0.11592
-0.1169
-0.1186
-0.12063
-0.12273
-0.12483
-0.12662
-0.12681
-0.1251
-0.12261
-0.12034
-0.11806
-0.11509
-0.11126
-0.10627
-0.098882
-0.087885
-0.073312
-0.057415
-0.041723
-0.02866
-0.0181
-0.0078588
0.0018599
0.0089057
0.012387
0.012094
0.0072745
-0.002734
-0.018309
-0.038918
-0.059632
-0.074099
-0.082307
-0.08908
-0.096337
-0.1027
-0.10691
-0.10931
-0.11016
-0.10861
-0.103
-0.092545
-0.078489
-0.063518
-0.049691
-0.037153
-0.025791
-0.017534
-0.014574
-0.016508
-0.021661
-0.029441
-0.040795
-0.054077
-0.065877
-0.075445
-0.082629
-0.08531
-0.081464
-0.069434
-0.05176
-0.033411
-0.01508
0.0031192
0.021344
0.040985
0.061827
0.084028
0.10534
0.12404
0.13781
0.14842
0.15847
0.16684
0.17191
0.17274
0.16852
0.15914
0.14445
0.12806
0.11236
0.098755
0.087652
0.07746
0.067274
0.055656
0.044861
0.037212
0.032012
0.027456
0.024076
0.022542
0.022008
0.021414
0.020457
0.019491
0.01934
0.02047
0.022631
0.024678
0.025857
0.02635
0.026721
0.026849
0.026341
0.025604
0.025669
0.026374
0.02645
0.025185
0.022843
0.019384
0.014251
0.0072815
-1.3894e-05
-0.005886
-0.010014
-0.011974
-0.011462
-0.0087632
-0.00432
0.0021964
0.010577
0.018834
0.025014
0.028364
0.029001
0.026488
0.020033
0.0096425
-0.002138
-0.012288
-0.019291
-0.024939
-0.030279
-0.036421
-0.044558
-0.053957
-0.062651
-0.069202
-0.073393
-0.075726
-0.076966
-0.078023
-0.079966
-0.083085
-0.087155
-0.091068
-0.093956
-0.095893
-0.097655
-0.099707
-0.10264
-0.10646
-0.11121
-0.11491
-0.11548
-0.11274
-0.10775
-0.1021
-0.096624
-0.0912
-0.08478
-0.07508
-0.060654
-0.045181
-0.032548
-0.025076
-0.022407
-0.021017
-0.018453
-0.014673
-0.010878
-0.0083944
-0.0081989
-0.010805
-0.016224
-0.024324
-0.033167
-0.039072
-0.041116
-0.041611
-0.042324
-0.042623
-0.041326
-0.038061
-0.032896
-0.025662
-0.016419
-0.005536
0.0065406
0.018591
0.029204
0.0374
0.04387
0.050534
0.058281
0.067003
0.075639
0.083096
0.089393
0.094476
0.098337
0.10177
0.10503
0.10788
0.10911
0.1074
0.10277
0.096026
0.08852
0.082233
0.077561
0.073838
0.070366
0.066188
0.060728
0.054374
0.048828
0.044229
0.039324
0.033467
0.026551
0.018428
0.0091218
0.0012102
-0.0032454
-0.004536
-0.0047781
-0.0060244
-0.009388
-0.014724
-0.020931
-0.026483
-0.028937
-0.027628
-0.023789
-0.017966
-0.0093209
0.0023149
0.014982
0.02641
0.03705
0.046392
0.052332
0.054845
0.054574
0.051154
0.044909
0.036699
0.028718
0.022911
0.0201
0.020019
0.021917
0.024333
0.02557
0.024604
0.022281
0.020771
0.021456
0.02369
0.026306
0.02848
0.030321
0.032008
0.032435
0.030415
0.026648
0.022821
0.020059
0.018386
0.016492
0.012879
0.0068439
-0.00020294
-0.0065669
-0.012066
-0.016182
-0.018176
-0.017619
-0.01481
-0.010742
-0.0041888
0.0056778
0.016464
0.025113
0.030417
0.032651
0.032379
0.029636
0.024688
0.018823
0.013052
0.009076
0.0077013
0.0074019
0.0063039
0.0041001
0.0028075
0.0048194
0.0099795
0.017284
0.026052
0.035394
0.044334
0.052419
0.058985
0.063667
0.066764
0.068577
0.067966
0.063537
0.054359
0.042053
0.029621
0.018576
0.0093852
0.0027522
-0.002309
-0.0073765
-0.012807
-0.017833
-0.02202
-0.025467
-0.028065
-0.029169
-0.028879
-0.028128
-0.027904
-0.027681
-0.026255
-0.023248
-0.018616
-0.01235
-0.0045273
0.0033352
0.0089614
0.011747
0.011017
0.0059915
-0.0029374
-0.014423
-0.026851
-0.038459
-0.047701
-0.052811
-0.054422
-0.054972
-0.056415
-0.059442
-0.063762
-0.068637
-0.073453
-0.077939
-0.081185
-0.083532
-0.086302
-0.08983
-0.093417
-0.096006
-0.09686
-0.095984
-0.093583
-0.090191
-0.08693
-0.084958
-0.084083
-0.083496
-0.082984
-0.083642
-0.086699
-0.09234
-0.099365
-0.10603
-0.11158
-0.11534
-0.11624
-0.11424
-0.11034
-0.10534
-0.099424
-0.092884
-0.085309
-0.077946
-0.072559
-0.068426
-0.063403
-0.05627
-0.048626
-0.041471
-0.034355
-0.027482
-0.021837
-0.017895
-0.015183
-0.013068
-0.01179
-0.011413
-0.011564
-0.012106
-0.013443
-0.015862
-0.018862
-0.021705
-0.024581
-0.028157
-0.032096
-0.035369
-0.0373
-0.03733
-0.034785
-0.029369
-0.02196
-0.014322
-0.0075352
-0.002688
0.00027091
0.0030688
0.0060327
0.0081474
0.0091184
0.0093318
0.0097751
0.011598
0.014476
0.016848
0.017635
0.017123
0.016024
0.014394
0.012075
0.009072
0.0052476
-0.00010632
-0.0073414
-0.015628
-0.023218
-0.029519
-0.034306
-0.037144
-0.037665
-0.035942
-0.032783
-0.028896
-0.024563
-0.020127
-0.016386
-0.014209
-0.014459
-0.016838
-0.020165
-0.024053
-0.028316
-0.031233
-0.032826
-0.034412
-0.036263
-0.037245
-0.036398
-0.034001
-0.030707
-0.027369
-0.024535
-0.022535
-0.021279
-0.020771
-0.020764
-0.020673
-0.020257
-0.020064
-0.021007
-0.022991
-0.024567
-0.024506
-0.022992
-0.020964
-0.018858
-0.016288
-0.012625
-0.0078145
-0.0022832
0.0032773
0.0089851
0.015366
0.023374
0.032481
0.042157
0.052592
0.062693
0.071426
0.079615
0.089072
0.099443
0.10917
0.11774
0.1249
0.13034
0.13496
0.13794
0.13732
0.13236
0.12361
0.11387
0.1048
0.094572
0.081066
0.06393
0.04658
0.035254
0.028938
0.022306
0.014453
0.0079502
0.0043044
0.0025555
0.0010693
-0.00032507
-0.00031753
0.0016293
0.0045942
0.0076167
0.010186
0.011813
0.012888
0.014482
0.016939
0.019418
0.021667
0.02322
0.022824
0.020191
0.015746
0.0097663
0.0031777
-0.0024405
-0.006061
-0.0081844
-0.0092511
-0.0082068
-0.0039787
0.0028463
0.010085
0.014889
0.017263
0.018907
0.020216
0.019497
0.014998
0.0076493
-0.00049797
-0.0080934
-0.015264
-0.021007
-0.023026
-0.020553
-0.014692
-0.0061934
0.0047671
0.01738
0.032615
0.047917
0.058905
0.064909
0.068734
0.072336
0.074316
0.07179
0.065442
0.058883
0.052387
0.043831
0.032102
0.017268
0.00080399
-0.012553
-0.020432
-0.024999
-0.028296
-0.029248
-0.025757
-0.017699
-0.0084692
-0.00062198
0.0074119
0.017539
0.030009
0.042343
0.052676
0.060793
0.067817
0.07489
0.080448
0.081999
0.078944
0.072812
0.064578
0.053411
0.039761
0.025791
0.014238
0.0045253
-0.0051799
-0.016082
-0.027631
-0.038237
-0.046269
-0.051481
-0.053507
-0.052653
-0.049923
-0.045769
-0.040302
-0.033576
-0.025513
-0.017881
-0.011116
-0.0051098
0.00067382
0.0071999
0.014014
0.020255
0.025859
0.031817
0.038852
0.046637
0.05348
0.05819
0.061707
0.065037
0.068246
0.070694
0.072107
0.072477
0.071795
0.070286
0.068029
0.064872
0.06046
0.054862
0.049028
0.043654
0.039422
0.036475
0.034399
0.033558
0.034383
0.035846
0.036389
0.035749
0.034248
0.031943
0.029232
0.026328
0.021429
0.01347
0.0029601
-0.0094711
-0.022992
-0.036207
-0.048168
-0.058711
-0.068002
-0.077007
-0.085977
-0.094003
-0.099358
-0.10142
-0.10122
-0.09955
-0.095796
-0.089469
-0.081606
-0.073483
-0.066111
-0.05944
-0.052799
-0.046031
-0.039486
-0.033725
-0.029134
-0.02597
-0.023816
-0.02182
-0.019379
-0.016791
-0.014495
-0.013046
-0.012743
-0.012792
-0.012183
-0.01092
-0.009376
-0.0078841
-0.0068148
-0.0064474
-0.0063036
-0.0050624
-0.0017669
0.0038171
0.010853
0.017071
0.021659
0.026143
0.031209
0.035869
0.039236
0.040988
0.040808
0.038545
0.034604
0.029504
0.02335
0.017316
0.012831
0.0093889
0.0052572
-0.00036491
-0.006919
-0.013325
-0.01798
-0.020898
-0.023945
-0.028148
-0.032931
-0.037303
-0.040734
-0.043067
-0.044292
-0.044502
-0.043813
-0.042471
-0.040177
-0.036595
-0.032499
-0.028858
-0.025565
-0.022694
-0.020823
-0.019893
-0.019566
-0.020235
-0.022673
-0.026616
-0.031384
-0.036173
-0.040352
-0.044508
-0.049653
-0.055937
-0.061827
-0.065846
-0.06816
-0.069459
-0.069662
-0.068792
-0.067458
-0.066189
-0.065276
-0.065123
-0.065918
-0.067284
-0.06883
-0.070354
-0.071831
-0.073423
-0.074744
-0.075071
-0.074102
-0.071652
-0.067471
-0.062215
-0.05649
-0.050945
-0.045796
-0.04002
-0.032806
-0.024118
-0.014497
-0.0066795
-0.0020586
0.00050276
0.0027016
0.0050234
0.0072858
0.0091451
0.010344
0.010712
0.010102
0.0083512
0.0057762
0.003142
0.0012499
0.0003415
0.00056801
0.001497
0.0025746
0.0042805
0.0068702
0.0092662
0.010729
0.011114
0.0108
0.010616
0.011012
0.011938
0.012641
0.012496
0.011198
0.0083886
0.0042776
-0.00010047
-0.0048039
-0.010247
-0.016816
-0.024627
-0.033051
-0.04071
-0.046698
-0.050301
-0.051305
-0.05053
-0.048397
-0.044844
-0.039858
-0.033394
-0.026735
-0.020586
-0.014106
-0.0064581
0.0014709
0.008609
0.014173
0.018687
0.024161
0.030905
0.038013
0.04495
0.051148
0.056426
0.061431
0.066856
0.071747
0.074733
0.075701
0.075584
0.074805
0.073272
0.07065
0.066327
0.060588
0.054935
0.050289
0.04612
0.041209
0.035118
0.028499
0.022926
0.018867
0.015048
0.010849
0.0073161
0.0061849
0.007998
0.012388
0.019469
0.028451
0.038808
0.049587
0.058394
0.063694
0.066319
0.068171
0.070188
0.072081
0.073517
0.07407
0.073504
0.071655
0.068328
0.063215
0.055702
0.045635
0.035065
0.025119
0.016665
0.009066
0.0016083
-0.0048907
-0.0094364
-0.012717
-0.016899
-0.021663
-0.025511
-0.027791
-0.028772
-0.028882
-0.027785
-0.024629
-0.018742
-0.010033
-0.00029705
0.0088158
0.016529
0.023783
0.03087
0.036281
0.03893
0.039058
0.0371
0.033453
0.028509
0.022143
0.01402
0.0043872
-0.0047796
-0.012118
-0.017686
-0.02169
-0.023719
-0.023145
-0.019713
-0.013729
-0.0060469
0.0022973
0.0099548
0.016195
0.020864
0.0241
0.026401
0.027466
0.026702
0.024082
0.020467
0.01629
0.011372
0.0060044
6.3332e-06
-0.0068334
-0.014131
-0.021905
-0.030867
-0.04032
-0.049368
-0.057211
-0.063454
-0.066999
-0.06762
-0.066368
-0.063779
-0.059525
-0.053247
-0.045191
-0.036339
-0.028204
-0.020669
-0.013371
-0.0066823
-0.00078223
0.0048707
0.010342
0.015028
0.018659
0.021506
0.023817
0.025456
0.025845
0.024709
0.022861
0.020902
0.018615
0.016403
0.015586
0.016797
0.019467
0.023174
0.027361
0.03122
0.034594
0.037966
0.041584
0.044509
0.04602
0.046337
0.045571
0.043584
0.040135
0.035235
0.029135
0.022556
0.016673
0.012021
0.0090433
0.0075848
0.0072845
0.0079323
0.0091914
0.010557
0.011503
0.011922
0.011996
0.011807
0.01152
0.011515
0.0121
0.013343
0.015017
0.016423
0.01677
0.016028
0.014653
0.012895
0.01129
0.010223
0.0095829
0.0095247
0.010111
0.010854
0.011077
0.010695
0.010439
0.01064
0.010855
0.010138
0.0078147
0.0033534
-0.0028467
-0.010056
-0.016812
-0.021277
-0.024142
-0.026524
-0.028485
-0.029379
-0.028763
-0.026983
-0.024436
-0.021585
-0.018699
-0.016448
-0.015114
-0.014329
-0.013611
-0.013014
-0.013373
-0.014913
-0.016665
-0.017776
-0.018492
-0.019059
-0.0189
-0.017281
-0.014373
-0.010619
-0.0066497
-0.0029847
0.00063007
0.0044765
0.0080466
0.010761
0.012671
0.014598
0.017008
0.019258
0.021606
0.024644
0.027394
0.029747
0.033228
0.038302
0.043097
0.046025
0.04719
0.047982
0.048961
0.04949
0.049291
0.049364
0.050648
0.053443
0.057229
0.060283
0.061486
0.060588
0.057033
0.0509
0.043571
0.036324
0.0289
0.020963
0.012475
0.0045968
-0.0008333
-0.003797
-0.0059073
-0.0081285
-0.010694
-0.013705
-0.017107
-0.020458
-0.023254
-0.025392
-0.026906
-0.02828
-0.029795
-0.031204
-0.03227
-0.03288
-0.03332
-0.033419
-0.033058
-0.03254
-0.031949
-0.031164
-0.030615
-0.031451
-0.033892
-0.037551
-0.042398
-0.048447
-0.054304
-0.059154
-0.063177
-0.066724
-0.070018
-0.07334
-0.076289
-0.078118
-0.078685
-0.078374
-0.077255
-0.07491
-0.070862
-0.064551
-0.055388
-0.043821
-0.031961
-0.021843
-0.013898
-0.006778
-0.00025527
0.0051868
0.0093117
0.011972
0.013068
0.012411
0.010066
0.0063144
0.0012969
-0.0043794
-0.0091175
-0.012635
-0.016289
-0.020484
-0.024249
-0.026473
-0.026579
-0.024362
-0.020159
-0.014463
-0.0078806
-0.0013052
0.0041155
0.0080289
0.011054
0.013774
0.01619
0.018006
0.019176
0.019727
0.019252
0.017665
0.01567
0.014171
0.013454
0.013452
0.013703
0.013679
0.013151
0.012343
0.011601
0.01105
0.010425
0.0094664
0.0083652
0.006925
0.0049474
0.0023293
-0.0015535
-0.0071599
-0.01419
-0.021765
-0.029197
-0.036575
-0.044067
-0.051401
-0.058401
-0.065321
-0.071533
-0.076145
-0.078984
-0.080574
-0.081322
-0.080914
-0.078794
-0.075388
-0.0716
-0.067351
-0.061849
-0.054997
-0.047157
-0.038274
-0.028157
-0.017708
-0.0079898
0.0022799
0.011953
0.020047
0.027602
0.034361
0.040052
0.045012
0.049245
0.052537
0.054636
0.055301
0.054622
0.052982
0.050643
0.047086
0.042328
0.03697
0.030944
0.025067
0.02044
0.016397
0.011976
0.0068163
0.0017134
-0.0027832
-0.0060315
-0.0075172
-0.0073833
-0.0057175
-0.0022818
0.0034263
0.011279
0.019883
0.027733
0.0341
0.039118
0.043027
0.046002
0.047383
0.046821
0.044836
0.042066
0.038753
0.035101
0.031037
0.026529
0.022252
0.018645
0.01568
0.013174
0.011006
0.0087287
0.0057533
0.0022953
-0.00097168
-0.0040488
-0.0069279
-0.0089069
-0.0097502
-0.0098745
-0.0099833
-0.010538
-0.011522
-0.012347
-0.012447
-0.012011
-0.011261
-0.010659
-0.010874
-0.011547
-0.011514
-0.010342
-0.0088777
-0.0077072
-0.0071624
-0.0076282
-0.0093685
-0.012523
-0.016834
-0.021851
-0.027198
-0.032055
-0.03572
-0.037763
-0.037956
-0.036451
-0.033795
-0.030535
-0.027081
-0.023849
-0.020433
-0.016553
-0.013004
-0.01031
-0.0083258
-0.0070375
-0.0063348
-0.0056933
-0.0050375
-0.0047178
-0.0046749
-0.0048263
-0.005237
-0.0055444
-0.004965
-0.0031854
-0.0004035
0.0032545
0.0079597
0.012998
0.017299
0.020748
0.023654
0.025836
0.026962
0.026717
0.025197
0.023348
0.022007
0.021043
0.020181
0.019368
0.018668
0.01814
0.017834
0.017662
0.01757
0.017573
0.017326
0.016576
0.015918
0.016026
0.016455
0.016369
0.015887
0.015566
0.015439
0.015488
0.01588
0.016813
0.018043
0.01914
0.020079
0.020627
0.02065
0.019865
0.017939
0.015206
0.012379
0.010088
0.0084118
0.0073544
0.0070321
0.0072308
0.0076824
0.0081181
0.0084111
0.0092613
0.011663
0.015611
0.020076
0.024151
0.027604
0.030647
0.033414
0.036023
0.038674
0.040954
0.042264
0.042406
0.041303
0.039043
0.035893
0.031987
0.027328
0.021482
0.01407
0.0056508
-0.0020392
-0.0086503
-0.014251
-0.018596
-0.021627
-0.024017
-0.026355
-0.028368
-0.02976
-0.030859
-0.031644
-0.03207
-0.032133
-0.031765
-0.030755
-0.029367
-0.027813
-0.026098
-0.024006
-0.021054
-0.016986
-0.012574
-0.008722
-0.0057293
-0.0032847
-0.00142
-0.00025466
0.00036832
0.00060339
0.00032272
-0.00032446
-0.0014063
-0.0031791
-0.0053789
-0.0071324
-0.0081187
-0.0089895
-0.010387
-0.011711
-0.011883
-0.011331
-0.011424
-0.012396
-0.013426
-0.014054
-0.014626
-0.015453
-0.016284
-0.016866
-0.017299
-0.017848
-0.018166
-0.017653
-0.015969
-0.013434
-0.010676
-0.0078184
-0.0045938
-0.0012117
0.0023046
0.0056592
0.0079277
0.0083946
0.0070045
0.0045229
0.0017612
-0.0010862
-0.003722
-0.0053957
-0.006252
-0.0067334
-0.0070311
-0.0071577
-0.0065852
-0.0048887
-0.0025917
-0.0006601
8.3113e-05
0.00010093
0.00059176
0.0022308
0.0044474
0.0055974
0.0045082
0.0015002
-0.0023892
-0.0062467
-0.0097109
-0.012888
-0.01606
-0.019446
-0.022524
-0.025046
-0.026696
-0.027103
-0.026293
-0.02463
-0.022068
-0.018769
-0.015333
-0.012231
-0.0094173
-0.0063783
-0.0031956
-0.00037308
0.0019052
0.0038184
0.0056078
0.0070837
0.0082811
0.0095767
0.011383
0.013371
0.015261
0.017116
0.018815
0.020387
0.022017
0.023542
0.024061
0.023103
0.021362
0.019739
0.018767
0.018217
0.017637
0.016866
0.015768
0.014398
0.012541
0.0098004
0.0068269
0.0044349
0.0027974
0.0020022
0.0020627
0.0027753
0.0040894
0.0062073
0.0093859
0.013447
0.017936
0.022628
0.027052
0.030824
0.033851
0.035513
0.035446
0.034161
0.032394
0.030235
0.027415
0.024527
0.022436
0.021314
0.020431
0.01952
0.018926
0.018816
0.019072
0.019079
0.018121
0.016255
0.013751
0.010673
0.0073925
0.0043553
0.001728
-0.00093594
-0.0037986
-0.0062872
-0.007844
-0.0081712
-0.0073116
-0.0054412
-0.0026114
0.00074593
0.0040198
0.0062041
0.0068657
0.0065488
0.0058957
0.0045538
0.0017946
-0.0026066
-0.007749
-0.012596
-0.016876
-0.021076
-0.025417
-0.029411
-0.032449
-0.034299
-0.03512
-0.034939
-0.033839
-0.032605
-0.031458
-0.03007
-0.02841
-0.026793
-0.025434
-0.024323
-0.023722
-0.024216
-0.025528
-0.026457
-0.026456
-0.025536
-0.023523
-0.020563
-0.017212
-0.01398
-0.011069
-0.0082271
-0.00565
-0.0037031
-0.0023233
-0.0013953
-0.00095421
-0.00061103
-8.4313e-06
0.00088304
0.0017119
0.0018782
0.0009621
-0.0013002
-0.0047211
-0.0086452
-0.012249
-0.015048
-0.017082
-0.018822
-0.020008
-0.020407
-0.020157
-0.018906
-0.016424
-0.012813
-0.0086465
-0.004853
-0.0022318
-0.0005586
0.00098888
0.0029369
0.0050333
0.0071351
0.0095345
0.012215
0.014606
0.016389
0.017445
0.017982
0.018384
0.018238
0.016599
0.013319
0.0088321
0.0038946
-0.00057191
-0.0042919
-0.0075846
-0.010753
-0.012995
-0.013617
-0.012573
-0.010331
-0.0073822
-0.0037474
0.00035832
0.0041382
0.0075096
0.01091
0.014522
0.018344
0.021887
0.025045
0.027658
0.028798
0.028303
0.02687
0.025044
0.022622
0.019781
0.017157
0.015179
0.013884
0.01327
0.013097
0.012903
0.012834
0.013427
0.014894
0.017102
0.019497
0.021605
0.023068
0.023724
0.023444
0.022727
0.022285
0.021815
0.020231
0.017124
0.012989
0.0088508
0.0049553
0.00099092
-0.0021586
-0.0040135
-0.0052449
-0.0062072
-0.0066671
-0.0063798
-0.0056251
-0.0048391
-0.004085
-0.0032361
-0.0026125
-0.0030009
-0.0048958
-0.0081401
-0.011969
-0.015494
-0.018373
-0.020762
-0.023033
-0.025392
-0.027627
-0.029327
-0.030498
-0.031305
-0.031737
-0.031591
-0.030764
-0.029048
-0.026565
-0.022986
-0.018243
-0.012689
-0.0061451
0.0011708
0.0083776
0.015626
0.022872
0.028496
0.032127
0.034897
0.037437
0.0387
0.037834
0.035386
0.03274
0.03079
0.029147
0.026992
0.024285
0.02158
0.019105
0.016575
0.013933
0.011508
0.0094566
0.00773
0.0061682
0.0044217
0.0027002
0.0012379
-0.00039294
-0.0026
-0.0054352
-0.0087767
-0.01231
-0.015645
-0.019028
-0.02266
-0.026362
-0.029787
-0.032652
-0.034421
-0.034849
-0.034183
-0.032931
-0.031313
-0.029601
-0.027702
-0.025514
-0.023674
-0.022566
-0.022252
-0.022207
-0.022197
-0.022214
-0.022437
-0.023027
-0.02393
-0.02481
-0.025608
-0.026013
-0.025711
-0.024651
-0.022744
-0.019805
-0.015964
-0.01207
-0.0087867
-0.0059029
-0.0032728
-0.0010174
0.00062823
0.0021016
0.003246
0.0033354
0.0021967
0.00028274
-0.0021032
-0.0050244
-0.0080593
-0.010585
-0.012455
-0.013885
-0.014988
-0.015762
-0.01536
-0.013389
-0.0099875
-0.0057525
-0.0013923
0.0029112
0.0069925
0.010404
0.013522
0.016529
0.01939
0.022015
0.024073
0.025092
0.025216
0.02519
0.025004
0.024569
0.024284
0.024138
0.023977
0.023746
0.023134
0.022237
0.021618
0.021148
0.019714
0.01671
0.012922
0.0091852
0.0059311
0.0029043
-0.0004771
-0.0042337
-0.0080806
-0.011782
-0.015096
-0.0178
-0.019547
-0.020715
-0.021558
-0.021684
-0.02101
-0.019784
-0.018027
-0.015769
-0.013366
-0.011266
-0.0095731
-0.008325
-0.0074171
-0.0065313
-0.0053687
-0.0039015
-0.0025536
-0.0017312
-0.0015023
-0.0013248
-0.00052679
0.0010485
0.0029659
0.0048363
0.0065688
0.0081971
0.0097415
0.011276
0.012817
0.01403
0.014514
0.0142
0.013444
0.012536
0.011373
0.0098197
0.0079564
0.0059717
0.0037833
0.0013713
-0.00070733
-0.0021173
-0.0031186
-0.0041711
-0.0049867
-0.0051141
-0.0049068
-0.0046975
-0.004389
-0.0039053
-0.0031229
-0.0019378
-0.00064457
0.00036902
0.0010741
0.0018187
0.0029219
0.0042331
0.005331
0.0055678
0.0047447
0.0030583
0.00074046
-0.0022411
-0.0053448
-0.0075717
-0.0089824
-0.010091
-0.010983
-0.011458
-0.011398
-0.010971
-0.01014
-0.008851
-0.0069791
-0.0043596
-0.0013417
0.0014401
0.0038506
0.0056318
0.0069149
0.0079466
0.0089025
0.0095514
0.009746
0.0095811
0.0090723
0.0082299
0.0071699
0.0058649
0.0042366
0.0025809
0.0014433
0.00075448
2.7914e-05
-0.0010984
-0.0026898
-0.0044474
-0.0058849
-0.0068947
-0.0078366
-0.0090674
-0.010406
-0.011524
-0.012169
-0.012224
-0.011695
-0.010496
-0.0085635
-0.0063131
-0.0040935
-0.0018236
0.00051151
0.0025102
0.0039595
0.005223
0.0062619
0.0066788
0.0064865
0.0061213
0.0059097
0.00585
0.0057154
0.0049683
0.0031974
0.0011713
-1.6853e-05
-0.00049338
-0.00085557
-0.0010932
-0.00084832
0.00015767
0.0016534
0.0031846
0.0044003
0.0057088
0.0074651
0.0092606
0.010736
0.012148
0.01368
0.015095
0.016219
0.017094
0.017554
0.017436
0.016774
0.01604
0.015557
0.015207
0.014723
0.01388
0.012753
0.011325
0.0099018
0.0088979
0.0080144
0.0068692
0.0056343
0.0046638
0.0041861
0.0041732
0.0045347
0.0053434
0.0064663
0.0076106
0.008517
0.0089064
0.0089006
0.0091131
0.0097673
0.010646
0.011415
0.011892
0.012031
0.011855
0.011551
0.011105
0.010158
0.0083915
0.0060218
0.0035565
0.00077381
-0.002537
-0.0062471
-0.010002
-0.013457
-0.016298
-0.018454
-0.020443
-0.022696
-0.024786
-0.025993
-0.026223
-0.026341
-0.026872
-0.027473
-0.02783
-0.027588
-0.026561
-0.025331
-0.024454
-0.023981
-0.023478
-0.022861
-0.022764
-0.023934
-0.025782
-0.027109
-0.027801
-0.028452
-0.029499
-0.030363
-0.030314
-0.029103
-0.027345
-0.026043
-0.025282
-0.024184
-0.022247
-0.020011
-0.018014
-0.016058
-0.013855
-0.011695
-0.0096778
-0.0074974
-0.0053352
-0.0035619
-0.001967
-8.1774e-05
0.0021143
0.0044819
0.0070067
0.0097225
0.012352
0.014724
0.016897
0.018972
0.021521
0.024574
0.027298
0.029124
0.029764
0.029359
0.028376
0.0268
0.024573
0.021752
0.018712
0.0157
0.012481
0.0088913
0.0052076
0.0023742
0.00098834
0.00047843
-2.1407e-05
-0.00043315
-0.00016775
0.00080774
0.001818
0.0023918
0.0024868
0.0025374
0.0028311
0.0028476
0.0022755
0.0012246
0.00028465
-0.0003171
-0.00093318
-0.0017602
-0.0025259
-0.0030269
-0.0032079
-0.002918
-0.0022963
-0.0017551
-0.0014872
-0.0012854
-0.0011925
-0.0013787
-0.0016525
-0.001862
-0.0020871
-0.0022583
-0.0023197
-0.0023424
-0.0024154
-0.0025179
-0.0022396
-0.0014015
-0.00027761
0.0005611
0.000786
0.00053176
0.00033034
0.00040372
0.0005312
0.00062963
0.00058897
0.00049704
0.00067006
0.0012959
0.0024112
0.0041001
0.0062766
0.0083557
0.0099687
0.011202
0.012109
0.01264
0.012931
0.013224
0.013439
0.013282
0.012638
0.011931
0.011826
0.012597
0.013702
0.014688
0.015343
0.015662
0.015649
0.015049
0.013627
0.011247
0.0080152
0.0046854
0.0018213
-0.00082416
-0.0032688
-0.0053399
-0.0069171
-0.0078965
-0.008021
-0.0069957
-0.0050262
-0.0025655
9.579e-05
0.0026875
0.0047929
0.0063165
0.0073017
0.0076741
0.0076087
0.0071999
0.0061263
0.0044755
0.0026485
0.00095141
-0.00057818
-0.0016522
-0.0021255
-0.0022074
-0.0022765
-0.0023852
-0.0023214
-0.0017353
-0.00091045
-0.0003253
0.00021985
0.00091573
0.0017652
0.0027982
0.0041896
0.0057193
0.0073145
0.0088169
0.010033
0.011131
0.01203
0.012717
0.013194
0.01375
0.014632
0.015492
0.015816
0.015784
0.015977
0.016475
0.016809
0.016585
0.015891
0.015077
0.014373
0.013611
0.012488
0.011131
0.010066
0.0094722
0.0088419
0.0078771
0.0066997
0.0058227
0.0057602
0.0063653
0.0070116
0.0074064
0.0078206
0.0081836
0.0082105
0.0079151
0.0075459
0.0069945
0.0061575
0.0050267
0.0038394
0.0029537
0.0025538
0.0024306
0.0023238
0.0024393
0.0028604
0.0032379
0.0031628
0.0025869
0.0016846
0.00046366
-0.0011915
-0.0033397
-0.0055105
-0.0073351
-0.0088388
-0.01016
-0.011171
-0.011695
-0.011974
-0.012335
-0.012613
-0.012556
-0.012119
-0.011147
-0.0094843
-0.0072126
-0.004645
-0.0018026
0.00089205
0.0030852
0.0048223
0.0060313
0.0064809
0.0061291
0.0049243
0.0028594
0.00054317
-0.0015472
-0.0033402
-0.0049355
-0.0061944
-0.0068705
-0.0067539
-0.0060341
-0.0050686
-0.0041532
-0.0030088
-0.0011402
0.0012622
0.0034645
0.005366
0.0073704
0.0094225
0.01128
0.012941
0.014074
0.014182
0.013475
0.012151
0.01025
0.00829
0.0066018
0.005085
0.0036216
0.0023274
0.00098474
-0.00044254
-0.0019145
-0.002993
-0.0035224
-0.0040505
-0.0050726
-0.0064333
-0.0075495
-0.0084241
-0.0095579
-0.011092
-0.012926
-0.015065
-0.017173
-0.018274
-0.01819
-0.017697
-0.017404
-0.017267
-0.016827
-0.015582
-0.013574
-0.0114
-0.009548
-0.0077933
-0.0058407
-0.0040966
-0.0024474
-0.00066229
0.00089537
0.0021949
0.0032979
0.0040751
0.0043806
0.0045183
0.0046284
0.0048399
0.00561
0.0069778
0.0082663
0.0088231
0.0090649
0.0094765
0.010125
0.010725
0.011072
0.011001
0.010316
0.0091014
0.0076229
0.0058855
0.0038334
0.0019371
0.00038435
-0.0011855
-0.0029411
-0.0046503
-0.0063476
-0.0085582
-0.011014
-0.013258
-0.015261
-0.017161
-0.018941
-0.02049
-0.021541
-0.022106
-0.022221
-0.021946
-0.021395
-0.020512
-0.019349
-0.017991
-0.016607
-0.015322
-0.013857
-0.012534
-0.011817
-0.011559
-0.011186
-0.010637
-0.010133
-0.009815
-0.0097459
-0.0096833
-0.0092445
-0.0084183
-0.0074414
-0.0063179
-0.00501
-0.003326
-0.0013432
0.0004735
0.00202
0.0035353
0.005191
0.0068584
0.0083434
0.0095361
0.010353
0.011035
0.011801
0.012759
0.013611
0.014173
0.014781
0.015224
0.015315
0.014956
0.014486
0.014238
0.013995
0.013457
0.012899
0.012797
0.013421
0.014334
0.014759
0.0148
0.014773
0.014498
0.013639
0.012262
0.010493
0.0084523
0.0062492
0.004061
0.0021614
0.00062432
-0.0003773
-0.00075292
-0.00059143
0.00025148
0.0017908
0.0037477
0.0058488
0.0080434
0.010557
0.013082
0.014885
0.015558
0.015504
0.015097
0.014286
0.01307
0.011351
0.0096091
0.0082378
0.0070082
0.0060049
0.0054912
0.0052623
0.0053893
0.0059817
0.0071088
0.0085041
0.0098959
0.011202
0.012243
0.013202
0.014309
0.015254
0.015762
0.015973
0.015988
0.01567
0.014968
0.013847
0.012581
0.011319
0.010076
0.0087776
0.0073932
0.0060323
0.0049017
0.0040508
0.0034698
0.0031151
0.0028777
0.0027231
0.0028946
0.003308
0.0035398
0.0034751
0.0033282
0.003025
0.0026877
0.0026313
0.0027407
0.0029179
0.003349
0.0039723
0.004468
0.0049427
0.005679
0.0066422
0.0074263
0.0080082
0.0086172
0.0093541
0.010197
0.011198
0.012622
0.014325
0.015667
0.016245
0.016525
0.016805
0.016781
0.016115
0.014868
0.013017
0.010399
0.007268
0.004243
0.0012421
-0.0019758
-0.0053672
-0.0085826
-0.011681
-0.01454
-0.016887
-0.018842
-0.020536
-0.021834
-0.022562
-0.022769
-0.022326
-0.021313
-0.020238
-0.019342
-0.018692
-0.018078
-0.017165
-0.016061
-0.015097
-0.014549
-0.014023
-0.013062
-0.012337
-0.012766
-0.014161
-0.015924
-0.017485
-0.018687
-0.01995
-0.021309
-0.022538
-0.023496
-0.024128
-0.024519
-0.024805
-0.024965
-0.024916
-0.024652
-0.024328
-0.023979
-0.023532
-0.022853
-0.022261
-0.021774
-0.021163
-0.020473
-0.019652
-0.018496
-0.017149
-0.015917
-0.014646
-0.01307
-0.011595
-0.010298
-0.0089523
-0.0076433
-0.0064459
-0.0051162
-0.0036822
-0.0024635
-0.0015515
-0.00069848
-0.00010841
0.00016957
0.00032474
0.00047652
0.00057439
0.00058655
0.00051568
0.00039559
0.0003917
0.00067788
0.0010346
0.001457
0.001937
0.0021556
0.0020336
0.0018907
0.0017508
0.0016337
0.0014551
0.0011209
0.00070957
0.00028994
6.0324e-05
-4.0337e-05
-0.00026682
-0.00079821
-0.0018301
-0.0032778
-0.004609
-0.0058
-0.0072698
-0.0090321
-0.010592
-0.012026
-0.013377
-0.014259
-0.014526
-0.014296
-0.013746
-0.012869
-0.011878
-0.010716
-0.0091672
-0.0073138
-0.0054269
-0.0036537
-0.0021803
-0.0013255
-0.00090903
-0.00085456
-0.0013524
-0.0023002
-0.0033153
-0.003911
-0.0042036
-0.0045082
-0.0047544
-0.0048049
-0.0043852
-0.0032423
-0.0020003
-0.0014996
-0.0016429
-0.0016124
-0.0008169
0.00052134
0.0018349
0.0030974
0.0044343
0.0058767
0.0073403
0.0085857
0.0095223
0.010374
0.011472
0.012518
0.013125
0.013295
0.013074
0.012471
0.011367
0.0097952
0.0083571
0.0072183
0.0056343
0.0037138
0.0021712
0.00099799
0.00011365
-0.00028299
-0.00023508
-0.00019925
-0.00019959
-9.4071e-05
-4.6497e-05
-9.7893e-05
-8.8893e-05
-9.7736e-05
-0.00012675
0.0001411
0.00065933
0.0011096
0.0014802
0.0020874
0.0028643
0.0035242
0.0043156
0.0051922
0.0058465
0.0063558
0.0068478
0.0070282
0.0068743
0.0063247
0.00513
0.0036737
0.0023008
0.0011341
0.00032293
-0.00010125
-0.00024671
9.0953e-05
0.00084592
0.0017645
0.0026076
0.0032447
0.0038008
0.004326
0.0047922
0.0051953
0.0054419
0.0055418
0.0055385
0.0055152
0.0053799
0.0051086
0.0052761
0.0059544
0.0065996
0.0069062
0.0069978
0.0069456
0.0068516
0.0068209
0.0067059
0.0063986
0.0060239
0.0055844
0.0049255
0.0040896
0.0029531
0.0015754
0.00019775
-0.0011066
-0.0021989
-0.0030817
-0.0038838
-0.0047428
-0.0056729
-0.0062994
-0.0065392
-0.0069382
-0.0077911
-0.0086877
-0.0092717
-0.0095878
-0.009818
-0.01009
-0.010516
-0.01115
-0.011591
-0.011654
-0.01175
-0.011983
-0.011962
-0.011566
-0.010765
-0.0094927
-0.0081384
-0.0068238
-0.0055508
-0.0044892
-0.0037774
-0.0033348
-0.0030916
-0.0032522
-0.0038487
-0.0046087
-0.0055249
-0.0064776
-0.0070693
-0.0070803
-0.0067636
-0.0063184
-0.0058198
-0.005223
-0.0041957
-0.0028209
-0.0015073
-0.00047736
0.00040234
0.0011309
0.0015981
0.0016528
0.0014675
0.0012133
0.00083777
0.00036886
-0.00018278
-0.00077205
-0.0011227
-0.0010693
-0.0007052
-0.00017255
0.00059284
0.0016463
0.0028695
0.004035
0.004916
0.0057686
0.0066365
0.007309
0.0077095
0.0077921
0.0076646
0.007422
0.006858
0.0057353
0.0041709
0.0022875
2.2364e-05
-0.0024154
-0.0047604
-0.0070769
-0.0092698
-0.010979
-0.011923
-0.012316
-0.012532
-0.012895
-0.013577
-0.014235
-0.014563
-0.014892
-0.015356
-0.015647
-0.015685
-0.01573
-0.015762
-0.01572
-0.015616
-0.015477
-0.015105
-0.014833
-0.014849
-0.01472
-0.014469
-0.014297
-0.014082
-0.013488
-0.012605
-0.012385
-0.012796
-0.013005
-0.012534
-0.011313
-0.0096655
-0.0080487
-0.0063572
-0.0043939
-0.0021599
1.4404e-05
0.0020277
0.0037508
0.0050645
0.0061561
0.0069847
0.0075972
0.0082014
0.0088732
0.009533
0.01031
0.011474
0.013041
0.014978
0.017162
0.019389
0.021619
0.023784
0.025491
0.026434
0.026922
0.027147
0.026866
0.025922
0.024635
0.02304
0.021073
0.018865
0.016421
0.013804
0.010872
0.0078067
0.0047612
0.0017087
-0.00085861
-0.0032242
-0.0057377
-0.008265
-0.010331
-0.011876
-0.013022
-0.01388
-0.014581
-0.015255
-0.015652
-0.01555
-0.015198
-0.014721
-0.014259
-0.013859
-0.013267
-0.012696
-0.012554
-0.012581
-0.012468
-0.012212
-0.011995
-0.011891
-0.011739
-0.011358
-0.010652
-0.0096504
-0.0084946
-0.0072643
-0.0059749
-0.004449
-0.002395
-0.00015791
0.0015674
0.0024821
0.0027795
0.0027175
0.0023557
0.0017855
0.0010192
0.00029369
-0.00036054
-0.0012869
-0.0023326
-0.0031977
-0.0039313
-0.0043998
-0.0042202
-0.0035967
-0.0027718
-0.0015934
-0.00034915
0.0012881
0.0035529
0.0057093
0.0069794
0.007587
0.0084223
0.0097447
0.01102
0.011606
0.011515
0.01112
0.010837
0.01042
0.0095253
0.0083681
0.0071034
0.0056533
0.0043039
0.0032222
0.0023412
0.0017298
0.0014696
0.0013169
0.0012164
0.0013073
0.0014473
0.0014249
0.0012371
0.00090497
0.00043044
-0.00013185
-0.00057746
-0.0006965
-0.00054598
-0.00018793
0.00018119
0.00038684
0.00059056
0.0008619
0.0010224
0.00097214
0.00046102
-0.00046165
-0.0013007
-0.001681
-0.0019517
-0.0025031
-0.0030767
-0.0031889
-0.0029598
-0.0025443
-0.0020588
-0.0015246
-0.00072519
0.00049791
0.0018136
0.0027878
0.0036421
0.0045112
0.0048761
0.004577
0.0039889
0.0032845
0.0025105
0.0015755
0.00026721
-0.0013597
-0.002712
-0.0035171
-0.004085
-0.004613
-0.0049486
-0.0050489
-0.0051225
-0.0053443
-0.0058214
-0.0063893
-0.0064587
-0.0058975
-0.0052391
-0.0049787
-0.0048915
-0.0046247
-0.004047
-0.0032413
-0.0020661
-0.00064832
0.0005643
0.0016655
0.0026176
0.0029587
0.0028138
0.0024195
0.0015448
0.00026492
-0.0013231
-0.0031168
-0.0046334
-0.0055415
-0.0059311
-0.0061355
-0.0057945
-0.0048342
-0.0039685
-0.0035972
-0.0030472
-0.0018522
-0.00035617
0.00076461
0.0014171
0.0020275
0.0028123
0.0033878
0.0037715
0.0042974
0.0048665
0.005455
0.0060604
0.0064929
0.006921
0.0073251
0.0076276
0.0079189
0.0081269
0.0080128
0.0078007
0.0078212
0.0079223
0.007824
0.0075246
0.0074217
0.0077796
0.0082442
0.0085083
0.0085611
0.0086189
0.0088438
0.0090671
0.0091098
0.0091661
0.0093566
0.0094978
0.0096007
0.0095669
0.0092844
0.0085175
0.0072603
0.005861
0.0045313
0.0032748
0.001961
0.00053837
-0.00065911
-0.0015523
-0.0023672
-0.0031166
-0.0034176
-0.003253
-0.003117
-0.0030143
-0.0027592
-0.0023924
-0.0019203
-0.0013129
-0.00085756
-0.00093557
-0.0011491
-0.0013138
-0.0016979
-0.0022761
-0.0028236
-0.0033278
-0.0037147
-0.004039
-0.0043644
-0.0047348
-0.0051113
-0.0054853
-0.0056004
-0.0052196
-0.0045828
-0.0041263
-0.0041452
-0.0043376
-0.0045221
-0.0048448
-0.0052963
-0.0058832
-0.0068356
-0.0080049
-0.0091173
-0.01002
-0.010694
-0.011283
-0.011917
-0.012527
-0.012804
-0.012463
-0.011601
-0.010627
-0.0095675
-0.0079226
-0.005744
-0.0039195
-0.0031168
-0.0027933
-0.0020789
-0.0010731
-0.00029831
0.00021519
0.00066996
0.0012106
0.0018087
0.002417
0.0030981
0.0038143
0.0044932
0.0050627
0.0055402
0.0059731
0.0063994
0.0066913
0.0067509
0.0068476
0.0070992
0.0072999
0.0072895
0.0071591
0.0070046
0.0066588
0.0062231
0.0059673
0.0058746
0.0058249
0.0057526
0.0058129
0.0060276
0.0062782
0.0065562
0.0068812
0.0073916
0.0080628
0.0085945
0.0088764
0.0090177
0.0089622
0.0088851
0.0089754
0.0089542
0.0086998
0.0082731
0.0077743
0.0071944
0.0065545
0.0059388
0.0053629
0.0047556
0.0043282
0.0040925
0.0039087
0.0040368
0.0046686
0.005533
0.0064234
0.007301
0.0080785
0.0087154
0.0093547
0.0098321
0.010027
0.010029
0.0099561
0.0096337
0.0089318
0.007877
0.0063096
0.0042804
0.0022495
0.00082254
0.00016284
-0.0001364
-0.00070019
-0.0016649
-0.0025911
-0.0031181
-0.0033844
-0.0035052
-0.0032899
-0.0026414
-0.0019752
-0.001192
-0.00011987
0.00096341
0.0016591
0.0020747
0.0023204
0.0024718
0.0026628
0.0026292
0.0021945
0.001848
0.002022
0.0022388
0.0016581
0.00035906
-0.00070138
-0.00075285
-0.00020739
0.00014615
-8.3667e-05
-0.00053664
-0.0007761
-0.00064554
-0.00023283
0.00019382
0.00041296
0.00044538
0.00067178
0.001217
0.0018233
0.0023483
0.0027417
0.0029264
0.0031599
0.003721
0.0041771
0.0042951
0.0042811
0.0043675
0.0044359
0.0043537
0.0041378
0.0041228
0.0044582
0.0047696
0.0047814
0.0048034
0.0052554
0.0058513
0.0062319
0.0066332
0.0072145
0.0076737
0.0078574
0.0077153
0.0072988
0.0067308
0.0060519
0.0053233
0.0045523
0.0038445
0.0029659
0.0016724
0.0004102
-0.00046293
-0.0011088
-0.0019992
-0.0030346
-0.0036849
-0.0036951
-0.0034442
-0.0032092
-0.0028832
-0.0024317
-0.0019442
-0.0017662
-0.0017957
-0.0015728
-0.00094456
-0.00029555
0.00031848
0.0011705
0.002219
0.0032603
0.0042925
0.0051759
0.0055266
0.0054328
0.0056625
0.0061861
0.0060636
0.0049932
0.0035249
0.0020941
0.00079059
-0.00043935
-0.0016146
-0.002754
-0.0038462
-0.0048426
-0.0056715
-0.0063086
-0.0069039
-0.007437
-0.0080114
-0.008544
-0.0090377
-0.0095577
-0.0096786
-0.0092496
-0.0085352
-0.0075796
-0.0063818
-0.0054612
-0.004926
-0.0043234
-0.0032093
-0.0015189
0.00036393
0.0019748
0.0030019
0.0037585
0.0044742
0.0050207
0.005377
0.00556
0.0057138
0.0058168
0.0058458
0.0059045
0.0060488
0.0061274
0.0061781
0.0062928
0.0064506
0.0066246
0.0068092
0.0070631
0.0075661
0.0082491
0.0087595
0.0091349
0.0095723
0.010012
0.010167
0.0099783
0.0095606
0.0091195
0.0086892
0.0082104
0.0075139
0.00666
0.0057783
0.0049552
0.0041058
0.0032296
0.0025597
0.0019839
0.0013112
0.00074905
0.00046723
0.00023988
-1.3573e-05
-0.00024056
-0.00060749
-0.0010753
-0.0013768
-0.0015356
-0.0019189
-0.0025643
-0.0029773
-0.0032422
-0.0035942
-0.0037097
-0.0035946
-0.0034811
-0.0035196
-0.0037419
-0.0040645
-0.0042489
-0.004273
-0.0041595
-0.0039831
-0.0038972
-0.0038927
-0.0039098
-0.0041473
-0.0047524
-0.0053435
-0.0055375
-0.0052822
-0.0050738
-0.0052831
-0.0059339
-0.0068906
-0.007737
-0.0083891
-0.0091086
-0.0096839
-0.0097879
-0.0097602
-0.0098644
-0.0098604
-0.009542
-0.0090307
-0.0085013
-0.0078638
-0.0071353
-0.0063919
-0.005839
-0.0054452
-0.005037
-0.0045125
-0.0040331
-0.0038255
-0.0040098
-0.0044448
-0.0046767
-0.0046504
-0.0043884
-0.0039069
-0.0033135
-0.002893
-0.0024906
-0.0018973
-0.0014076
-0.0012047
-0.00093459
-0.0005479
-0.00032567
-0.00056481
-0.001171
-0.0017877
-0.0022696
-0.0029726
-0.0039286
-0.0047316
-0.0052398
-0.0056953
-0.0063414
-0.0067227
-0.0065637
-0.0060608
-0.0051755
-0.0041439
-0.0030959
-0.0021649
-0.0013658
-0.00065712
-4.8545e-05
0.00081872
0.0015678
0.0017237
0.0014941
0.0015854
0.0017918
0.0016645
0.0011864
0.00071167
0.00045932
0.00026281
-0.00020992
-0.00070633
-0.0010136
-0.0013004
-0.0017852
-0.0023151
-0.002666
-0.0026958
-0.0026903
-0.0030074
-0.0033978
-0.0037096
-0.0040328
-0.0042002
-0.0043251
-0.0047275
-0.0054742
-0.0061913
-0.0066633
-0.006945
-0.0072048
-0.0074264
-0.0075477
-0.0074681
-0.0073929
-0.0073338
-0.0069624
-0.005947
-0.0042011
-0.0022421
-0.00078998
-0.00025166
-0.0002899
-0.00027108
-3.728e-05
0.00018184
0.00016645
4.01e-05
-7.0849e-06
6.4315e-05
0.00031996
0.00076966
0.0011929
0.0014672
0.0016843
0.001885
0.001996
0.0018166
0.0014665
0.001385
0.0017182
0.0016725
0.00071672
-0.00055512
-0.0015837
-0.0021964
-0.0025218
-0.0027402
-0.0027364
-0.0025088
-0.0021755
-0.0017716
-0.00092319
0.00034328
0.0014846
0.0022911
0.0029514
0.0036023
0.004373
0.0053529
0.0061745
0.0066329
0.0069314
0.0071847
0.0073708
0.0073625
0.0070403
0.0063714
0.0057798
0.0054534
0.005195
0.0048252
0.004358
0.0039832
0.0036528
0.003368
0.0031114
0.0028036
0.0026743
0.0028129
0.0030114
0.0029835
0.0027726
0.0025724
0.002516
0.0025004
0.0025014
0.002614
0.0027424
0.0028941
0.0031325
0.0035295
0.004387
0.0056215
0.0064394
0.0067646
0.0072161
0.0080227
0.0089914
0.0098195
0.010149
0.01004
0.0099665
0.010193
0.010284
0.0097798
0.0090531
0.0082969
0.0075758
0.0068464
0.0057852
0.0045432
0.003477
0.0028017
0.0019941
0.00087848
-6.1144e-05
-0.00043107
-0.00018554
0.00026394
0.00054327
0.00049698
0.00034442
0.00052331
0.0010061
0.0013846
0.0015975
0.0018647
0.0021949
0.0025462
0.002843
0.0028885
0.0029339
0.0032012
0.0033515
0.0030979
0.0024941
0.0017603
0.001295
0.0012861
0.001523
0.0017694
0.0014944
0.00049229
-0.00042244
-0.00068921
-0.00032703
0.00032104
0.00081813
0.0010869
0.0011526
0.0010329
0.00057361
-9.8635e-05
-0.00097277
-0.0018401
-0.0024682
-0.0028025
-0.0030529
-0.0034025
-0.0035827
-0.0034938
-0.0031479
-0.0026923
-0.002139
-0.0016308
-0.0011915
-0.0007783
-0.00045481
2.7484e-05
0.00082132
0.0017387
0.0025653
0.0033301
0.0041252
0.0050006
0.0059289
0.0067102
0.0073443
0.0079601
0.0087663
0.0093498
0.0093598
0.0090141
0.0087233
0.0085483
0.008168
0.0075736
0.0070776
0.0068254
0.0066719
0.0063986
0.0059394
0.0053477
0.0047759
0.0041842
0.0034258
0.0022879
0.0006685
-0.0014786
-0.003747
-0.0056713
-0.0072232
-0.0086929
-0.010209
-0.011568
-0.012774
-0.013686
-0.013969
-0.013894
-0.013668
-0.013168
-0.012257
-0.011068
-0.010012
-0.0093004
-0.0084828
-0.0070355
-0.0048088
-0.0026127
-0.0013815
-0.00097962
-0.00086182
-0.00062629
-0.00017427
0.00037816
0.00070124
0.00066657
0.00051348
0.0003817
0.00032625
0.00025532
0.00018501
0.00025565
0.00038151
0.00014834
-0.00036019
-0.00067076
-0.00078383
-0.00082306
-0.00050475
0.00031061
0.00065305
0.00010353
-0.0003569
-0.00016011
0.00040181
0.001061
0.0018792
0.0026337
0.0032287
0.0039534
0.0047274
0.0050911
0.0050745
0.0048387
0.0044128
0.00377
0.0029503
0.0020154
0.0010183
0.00010227
-0.00068437
-0.0015373
-0.0024885
-0.003494
-0.0043702
-0.0051461
-0.0058508
-0.0065191
-0.0072268
-0.0079937
-0.0085473
-0.0088762
-0.0091377
-0.0095041
-0.0098301
-0.0099942
-0.010346
-0.010857
-0.010943
-0.010607
-0.010343
-0.010344
-0.01043
-0.010268
-0.0097325
-0.0090426
-0.0083942
-0.0078868
-0.0072698
-0.0063796
-0.0054892
-0.0046545
-0.0038054
-0.0029546
-0.002006
-0.0010488
-0.00022393
0.0005453
0.0015115
0.0023977
0.0030119
0.0033542
0.0038431
0.0047499
0.0056702
0.0062793
0.0065986
0.0068189
0.0069221
0.0068927
0.0070751
0.0071848
0.0068136
0.0061202
0.0055513
0.0055895
0.006214
0.0066876
0.0064993
0.0059377
0.0052409
0.0044215
0.0034784
0.0025169
0.0016048
0.00044941
-0.00096374
-0.0023807
-0.0037233
-0.0048964
-0.0059628
-0.0071135
-0.0082865
-0.0092032
-0.0097532
-0.010052
-0.010148
-0.0099591
-0.0094112
-0.0086849
-0.0081676
-0.0080388
-0.0079665
-0.0075414
-0.0068306
-0.0062956
-0.0061192
-0.0060526
-0.0061217
-0.0063397
-0.0066577
-0.0069834
-0.0071812
-0.0071936
-0.0069505
-0.0066359
-0.0064029
-0.0060149
-0.0053286
-0.0046227
-0.0041984
-0.0039917
-0.0038234
-0.0039029
-0.0043991
-0.0051603
-0.0059998
-0.0067417
-0.0072647
-0.0077872
-0.0084748
-0.0090685
-0.0091977
-0.008792
-0.0081249
-0.0073459
-0.0063471
-0.0049417
-0.0033622
-0.0018667
-0.00064533
0.00025097
0.0011385
0.001962
0.0026011
0.0031206
0.0035022
0.0036377
0.0038509
0.0042428
0.0044931
0.0044498
0.0043868
0.0044734
0.0046854
0.0048241
0.0048806
0.0050166
0.0052278
0.00532
0.0051653
0.0047017
0.0043005
0.0042521
0.0043652
0.0043246
0.0041256
0.0040188
0.004013
0.003755
0.0034493
0.0031729
0.0025717
0.0016119
0.00092529
0.00087114
0.0012509
0.0015688
0.0013316
0.00065738
0.00018868
9.4085e-05
-1.1937e-06
-0.00020552
-0.00041171
-0.00065341
-0.00091481
-0.0010563
-0.0011122
-0.001197
-0.0011397
-0.0010826
-0.0010324
-0.0009913
-0.00097182
-0.0010076
-0.00095354
-0.00062009
3.0021e-05
0.00047454
0.00029238
-0.00027072
-0.00051967
-6.9084e-05
0.00058638
0.00081274
0.00074124
0.00059032
0.00042206
0.00014928
-0.0003504
-0.0010442
-0.001813
-0.0026215
-0.0035782
-0.0047192
-0.0057929
-0.0067787
-0.0077289
-0.0086597
-0.00939
-0.0098508
-0.010167
-0.010202
-0.0098671
-0.0092735
-0.0086589
-0.0081221
-0.0074698
-0.0065945
-0.005603
-0.0046465
-0.0039754
-0.0034376
-0.0027241
-0.0021322
-0.0019225
-0.0018015
-0.0016445
-0.0017217
-0.0020463
-0.0022422
-0.0021303
-0.0023109
-0.002788
-0.0030139
-0.002987
-0.002967
-0.0029207
-0.0026558
-0.0021889
-0.0015918
-0.0011363
-0.00089668
-0.00076911
-0.00060743
-0.00013561
0.00058315
0.0011231
0.001155
0.00089597
0.00073319
0.00056008
0.00020871
-0.00019162
-0.00041437
-0.00047995
-0.00064027
-0.00078167
-0.00053175
0.00018699
0.0010483
0.0015147
0.0015677
0.001959
0.0031572
0.0047072
0.0057684
0.0060665
0.0058668
0.0056031
0.0055821
0.005655
0.0053617
0.004825
0.0042912
0.0037564
0.0031408
0.0026476
0.0020485
0.0013345
0.00078656
0.0003954
-9.7291e-05
-0.00076986
-0.0013639
-0.0016739
-0.0014869
-0.0010675
-0.0010691
-0.0019403
-0.0031726
-0.0039323
-0.0040737
-0.0040633
-0.0040963
-0.0041482
-0.0041654
-0.0039706
-0.0034341
-0.0027806
-0.0022189
-0.00193
-0.0016227
-0.0010909
-0.00065012
-0.00053192
-0.00037685
0.0001997
0.0010518
0.0018827
0.0025968
0.003345
0.0042365
0.0051371
0.0061152
0.0072706
0.0083875
0.0092765
0.010155
0.010898
0.011173
0.01097
0.010545
0.010245
0.010349
0.010434
0.010021
0.0095801
0.0094664
0.0093552
0.0091989
0.0092193
0.0093254
0.0091603
0.0088391
0.0087409
0.0087095
0.0086423
0.0085752
0.0084571
0.008384
0.0082705
0.0080139
0.0077984
0.0077683
0.0075463
0.0069045
0.006199
0.0056618
0.0052305
0.0047511
0.0041919
0.0036019
0.002846
0.0020919
0.0015646
0.0012525
0.0010249
0.000848
0.00083051
0.00092745
0.00090925
0.00076946
0.00097769
0.0019072
0.0030465
0.003648
0.0037025
0.0036534
0.0036941
0.0036986
0.0035443
0.0032593
0.0030589
0.0029838
0.0030122
0.0028443
0.0023541
0.0019433
0.0016575
0.0012354
0.00088941
0.00071147
0.00057233
0.00047622
0.00058952
0.0009489
0.0013535
0.0014376
0.00095401
0.00040123
0.00026451
0.0006877
0.0012502
0.0014625
0.0014412
0.0016036
0.0020066
0.0024018
0.0024762
0.0023625
0.002266
0.0020016
0.0014195
0.00064367
-9.3327e-05
-0.00081583
-0.0016715
-0.0022393
-0.0023883
-0.0024906
-0.0028772
-0.0033573
-0.0036725
-0.0038328
-0.0039639
-0.004111
-0.0043256
-0.0044962
-0.0046079
-0.0047103
-0.004691
-0.0043355
-0.0036219
-0.0028043
-0.0020381
-0.0013073
-0.00048519
0.00029768
0.0010138
0.0016943
0.0023276
0.002719
0.0026051
0.0020853
0.0015787
0.0011538
0.00053165
-0.00012596
-0.00096279
-0.001806
-0.0023818
-0.0026302
-0.0027131
-0.002818
-0.0027448
-0.0024732
-0.0023418
-0.0023459
-0.0019349
-0.0010865
-0.00028615
0.0002532
0.00057864
0.00076771
0.00091547
0.0009759
0.00077448
0.00056167
0.00047122
0.00015393
-0.00066751
-0.0015624
-0.0019347
-0.0015589
-0.00066214
1.4012e-06
-1.5158e-06
-0.00029914
-0.0003191
-1.8232e-05
0.00024624
0.00026276
9.5467e-05
-0.00016604
-0.00038676
-0.00048838
-0.0005982
-0.00066945
-0.00068167
-0.00077202
-0.000997
-0.0010409
-0.0011368
-0.001614
-0.0021828
-0.0026125
-0.0028213
-0.003308
-0.0045637
-0.0063856
-0.0079046
-0.0087276
-0.0092035
-0.0098918
-0.010873
-0.011572
-0.011673
-0.011534
-0.011521
-0.011565
-0.011202
-0.010305
-0.009175
-0.0081361
-0.007225
-0.0060439
-0.0046368
-0.0035791
-0.0027708
-0.0017028
-0.00048751
0.00052952
0.0014523
0.0023067
0.0030375
0.0036976
0.0041853
0.0045819
0.0048362
0.0050547
0.0052384
0.005253
0.0051757
0.0051959
0.0052637
0.0050209
0.0044933
0.0038823
0.0032693
0.0026602
0.0019757
0.0012972
0.0007121
0.0001363
-0.00040064
-0.00096402
-0.0015203
-0.0018642
-0.002021
-0.0018404
-0.0015545
-0.0014741
-0.0013715
-0.0008198
-1.5309e-05
0.00061384
0.001055
0.0014152
0.0019001
0.0022538
0.0020582
0.0014318
0.00071419
1.3576e-05
-0.00066792
-0.0012943
-0.0019459
-0.0025512
-0.0029444
-0.002983
-0.002997
-0.0033231
-0.0035948
-0.0030545
-0.0020159
-0.0012664
-0.00096904
-0.00099299
-0.0011939
-0.0015345
-0.0020342
-0.002459
-0.0026091
-0.0025272
-0.0024929
-0.0024377
-0.0022
-0.001874
-0.0012293
-0.00034866
0.000528
0.0013266
0.0019893
0.0024617
0.0028608
0.0033556
0.0041177
0.0049653
0.0052505
0.0049067
0.0044535
0.0042805
0.004391
0.0045441
0.0045587
0.0043112
0.0039502
0.003798
0.0037689
0.0035361
0.0032637
0.0031845
0.0033746
0.0036913
0.0038973
0.0039445
0.0040602
0.0044256
0.0048851
0.0053451
0.0059887
0.0067027
0.0073044
0.0079662
0.0085758
0.008804
0.0088742
0.0090315
0.0089668
0.0085387
0.0079149
0.007233
0.0066578
0.0062269
0.0058705
0.005401
0.0049635
0.00474
0.0047454
0.0047994
0.004736
0.0046155
0.0046343
0.0048822
0.0049617
0.0046945
0.0042796
0.0036522
0.0028326
0.0019043
0.0011055
0.00052968
9.8535e-06
-0.00041044
-0.00078596
-0.0012531
-0.0019242
-0.0023733
-0.0025471
-0.0029088
-0.0033414
-0.0034209
-0.0033023
-0.0032018
-0.0030338
-0.0028645
-0.002839
-0.0028021
-0.0027629
-0.0027613
-0.0027873
-0.0029521
-0.0031784
-0.0032011
-0.0029053
-0.0025003
-0.0025743
-0.0029944
-0.0031975
-0.0032243
-0.0032554
-0.0034575
-0.0037052
-0.0037897
-0.0037964
-0.0038498
-0.0041675
-0.0045613
-0.004871
-0.0051486
-0.0052792
-0.0053985
-0.0056052
-0.005805
-0.0059566
-0.0058782
-0.0054966
-0.0052481
-0.0057335
-0.0069593
-0.0080851
-0.0084197
-0.0083864
-0.0086691
-0.0092453
-0.0096797
-0.0099694
-0.010145
-0.010116
-0.010014
-0.0098741
-0.0096915
-0.0094367
-0.0088295
-0.0079603
-0.0071224
-0.006295
-0.0052759
-0.0043663
-0.0035334
-0.0025547
-0.0014221
-0.00045221
0.00055189
0.0018562
0.0030595
0.0039046
0.0044638
0.0050331
0.0054576
0.0055008
0.0053326
0.0050572
0.0044698
0.0037579
0.0030429
0.0022433
0.0012985
0.00038861
-0.00037409
-0.00094622
-0.0013062
-0.0016397
-0.0018936
-0.0019042
-0.0016362
-0.0013122
-0.00093864
-0.00040499
0.000322
0.0012267
0.0019895
0.0022833
0.0025075
0.0029363
0.003263
0.0032422
0.0031644
0.0030779
0.0027699
0.0021698
0.0016268
0.0011736
0.00054364
-0.00035134
-0.0012208
-0.0018546
-0.002538
-0.0033175
-0.0042135
-0.0053181
-0.0062895
-0.0065836
-0.0060564
-0.0053349
-0.0049565
-0.0048297
-0.0045748
-0.0039798
-0.0031877
-0.0026252
-0.0020537
-0.0013075
-0.00053712
0.00042419
0.0014273
0.0019754
0.0021122
0.0024014
0.0028519
0.0031756
0.0031968
0.0028525
0.0023877
0.0022795
0.0025286
0.0028222
0.0029727
0.0026409
0.0019399
0.0013739
0.0012618
0.0014527
0.0014906
0.0013627
0.0012282
0.0010471
0.0008905
0.00085028
0.00085838
0.00082911
0.0007055
0.00055081
0.00040064
0.00015589
-0.0001902
-0.00055235
-0.00082536
-0.00091859
-0.00097589
-0.0011746
-0.0013024
-0.0012005
-0.0010619
-0.0011163
-0.0012812
-0.0012329
-0.0009448
-0.00085208
-0.0009979
-0.001154
-0.0011762
-0.0008671
-0.00052328
-0.00037511
-0.00034476
-0.00037857
-0.00038253
-0.00034401
-0.0006164
-0.001142
-0.0015354
-0.0018373
-0.0022752
-0.0026848
-0.002814
-0.0028636
-0.003133
-0.0032956
-0.0031312
-0.0027629
-0.0023141
-0.0017489
-0.0013712
-0.0012506
-0.00083852
-0.00012737
0.00047561
0.00084567
0.0012193
0.0015914
0.0016751
0.0015743
0.0016181
0.0016252
0.0014021
0.0012672
0.0011078
0.00088994
0.00083325
0.00058353
-0.00026464
-0.0012633
-0.0016399
-0.0015473
-0.0014033
-0.0013376
-0.0013351
-0.0014454
-0.0012903
-0.0007202
-2.9075e-05
0.0006291
0.0013782
0.00209
0.0024856
0.0028225
0.0032119
0.0033137
0.0031859
0.0031619
0.003198
0.0031849
0.0032705
0.0034192
0.0036409
0.0042811
0.0051996
0.0055553
0.0051931
0.0048138
0.0046444
0.0046931
0.0047173
0.0045316
0.0041261
0.003673
0.0034194
0.0031938
0.0028217
0.002399
0.0021559
0.0020931
0.0020766
0.0019668
0.0019944
0.0021067
0.0021058
0.0020487
0.0020324
0.0021206
0.0020952
0.0019971
0.001875
0.0017109
0.0017398
0.00189
0.0018052
0.0014536
0.001158
0.00097663
0.00063166
0.00018262
-9.9974e-05
-0.00015826
-0.00044413
-0.00087829
-0.0012025
-0.0013474
-0.0014524
-0.0013816
-0.0012467
-0.0013049
-0.0012595
-0.00087212
-0.00030079
0.0002852
0.00085749
0.0014544
0.0021111
0.0027064
0.0029892
0.0029268
0.0026307
0.0022618
0.001808
0.0011784
0.00046292
-0.00016654
-0.00070277
-0.001112
-0.0012714
-0.0012368
-0.0011827
-0.0010206
-0.000549
5.475e-05
0.00049174
0.00089481
0.0012571
0.0014059
0.00119
0.0011926
0.0019479
0.002836
0.0033172
0.0032809
0.0029855
0.002857
0.003027
0.0032227
0.003155
0.0029246
0.002817
0.0027507
0.00254
0.0024423
0.002373
0.0021489
0.00201
0.0022586
0.0024204
0.0023133
0.0021802
0.002303
0.0029206
0.0037887
0.0041347
0.0037555
0.003167
0.0029847
0.0032626
0.0036416
0.0039503
0.0043659
0.004724
0.0048272
0.004742
0.0045789
0.0043804
0.0040438
0.0034387
0.0026584
0.002006
0.0013127
0.00057638
-3.5193e-05
-0.00058811
-0.0011239
-0.0017229
-0.002596
-0.0035066
-0.0039905
-0.0041691
-0.0044532
-0.0049445
-0.0052889
-0.0052099
-0.0050726
-0.0051134
-0.0050424
-0.0048891
-0.0047218
-0.0045992
-0.004421
-0.0041225
-0.0038348
-0.0036671
-0.0035797
-0.0035084
-0.0035488
-0.0037975
-0.0040402
-0.0042538
-0.0044344
-0.0044668
-0.0044515
-0.0044025
-0.0042883
-0.0043226
-0.0046087
-0.0049177
-0.0050704
-0.0052861
-0.0058468
-0.0065333
-0.0068552
-0.0067825
-0.0068153
-0.0072676
-0.0076345
-0.0074178
-0.0069292
-0.0066502
-0.0065156
-0.0062708
-0.0059006
-0.0056506
-0.0055388
-0.0052995
-0.0051757
-0.0053451
-0.005169
-0.0042465
-0.0030834
-0.0023118
-0.0018599
-0.0014068
-0.00086064
-0.00025241
0.00031732
0.00073963
0.0011788
0.0017067
0.0020753
0.0022767
0.0026844
0.0034599
0.0041544
0.004607
0.005109
0.0057035
0.006188
0.0066121
0.00715
0.0079642
0.0087715
0.0089914
0.0086362
0.0081816
0.0079357
0.0079203
0.0078098
0.0075539
0.0072779
0.0068355
0.0064698
0.0065493
0.006923
0.0071229
0.0070075
0.0070325
0.0071991
0.0072115
0.0072
0.0071935
0.0071528
0.0072013
0.0073331
0.0073196
0.0071826
0.0070984
0.0070795
0.0070487
0.0069688
0.0068059
0.0064633
0.0060225
0.005585
0.0050496
0.0042856
0.0032119
0.0019726
0.00082571
-4.001e-05
-0.0009636
-0.0022312
-0.0033028
-0.0039218
-0.0044771
-0.0050806
-0.0056294
-0.006253
-0.007016
-0.0077621
-0.0085037
-0.0091797
-0.0096848
-0.009855
-0.0099646
-0.010168
-0.010263
-0.010284
-0.010286
-0.010272
-0.010133
-0.0099833
-0.0099966
-0.01019
-0.010411
-0.010592
-0.010729
-0.010844
-0.010952
-0.011037
-0.011078
-0.01104
-0.010894
-0.01042
-0.0097636
-0.0092933
-0.0090486
-0.008789
-0.0080755
-0.0068104
-0.0054888
-0.0045901
-0.0041674
-0.0037949
-0.0031422
-0.002205
-0.0015564
-0.0012418
-0.00086477
-0.00036475
6.7237e-05
0.00033036
0.00057577
0.00088095
0.0011722
0.001382
0.0015674
0.0017155
0.0019228
0.0020027
0.0022351
0.0030522
0.0040131
0.0043516
0.0041256
0.0038463
0.0038894
0.0042207
0.0043232
0.0040001
0.0035176
0.0030873
0.0024822
0.0018382
0.0013592
0.00091342
0.00039014
-3.8791e-05
-0.00017333
-0.00021895
-0.00037992
-0.0003996
-0.00024011
-6.7946e-05
0.00027532
0.00080453
0.0013521
0.0020413
0.0027452
0.0033731
0.0038626
0.0042317
0.0047079
0.0054027
0.005958
0.0060468
0.0057838
0.0054577
0.0050954
0.0045497
0.0040236
0.0037439
0.0035205
0.0030121
0.0023162
0.0017097
0.0011801
0.00071618
0.000296
-0.00022026
-0.0007627
-0.0012067
-0.0016024
-0.0018508
-0.0018879
-0.0021085
-0.0026302
-0.0030332
-0.0032871
-0.0034813
-0.0037884
-0.0040185
-0.0040706
-0.0039207
-0.0036968
-0.0035685
-0.0034624
-0.0032367
-0.0032306
-0.0037975
-0.004453
-0.0045984
-0.0045256
-0.0046736
-0.0048361
-0.0048224
-0.0048626
-0.0047849
-0.0040629
-0.0026873
-0.0015837
-0.0011045
-0.00085391
-0.00055827
-0.00013249
0.00020925
5.4219e-05
-0.00027764
-0.00029265
-0.00011111
4.2715e-05
0.00018195
0.00042435
0.0009491
0.0017163
0.0023342
0.0026261
0.0030873
0.0038493
0.0046632
0.0056955
0.007159
0.0084622
0.00862
0.00795
0.0075302
0.0076052
0.0078297
0.0079503
0.0077843
0.007517
0.0073211
0.0070793
0.006773
0.0066741
0.0066361
0.0064636
0.0062613
0.0059804
0.0057207
0.0054463
0.0052455
0.0051743
0.0050439
0.0047432
0.0043917
0.0040738
0.0038404
0.0034549
0.0027576
0.0019426
0.0013473
0.00084928
0.00010581
-0.00072041
-0.0012643
-0.0016115
-0.0018082
-0.0017525
-0.0015417
-0.001475
-0.0014178
-0.0012684
-0.0011218
-0.00097875
-0.00082186
-0.00058905
-0.00027134
-4.6545e-05
6.1901e-05
5.7998e-05
6.5317e-05
0.00010388
7.3442e-05
0.00013059
0.0002441
0.00046944
0.00097666
0.001679
0.0023194
0.0028446
0.0032548
0.0036761
0.0041141
0.004614
0.0049444
0.0050401
0.0052255
0.0055217
0.0056749
0.0057194
0.0057658
0.0058355
0.0058405
0.0055992
0.0049511
0.0041759
0.0037971
0.0039823
0.0045605
0.0049641
0.0049857
0.0047883
0.0045111
0.0042968
0.0042655
0.0042311
0.0039894
0.0035785
0.0032936
0.0030721
0.0028837
0.0026678
0.0023047
0.0020218
0.0021638
0.0023091
0.0022053
0.0019749
0.0017793
0.00195
0.0024306
0.0029
0.0027818
0.0022797
0.0020271
0.0023437
0.0028886
0.0032623
0.0035002
0.0037303
0.0038893
0.0039782
0.0039159
0.0037982
0.003823
0.0037949
0.0034398
0.0029043
0.0026008
0.0024905
0.0023796
0.002248
0.0021708
0.0022017
0.0023246
0.0023728
0.0022803
0.00218
0.0020866
0.0018079
0.0012096
0.00067071
0.00033402
-8.146e-05
-0.00051924
-0.00095115
-0.0016048
-0.0021368
-0.0021683
-0.0018872
-0.001812
-0.001933
-0.0019396
-0.0017186
-0.0014589
-0.0011529
-0.00066991
-0.00031449
1.8212e-05
0.0004169
0.00060665
0.00056975
0.00077716
0.0011388
0.0014796
0.0018234
0.0021698
0.0022778
0.0020864
0.0018296
0.0014589
0.0010554
0.00074889
0.00031962
-0.00024262
-0.00076292
-0.0013822
-0.0022711
-0.003283
-0.0041873
-0.0048756
-0.0054286
-0.0057389
-0.0059506
-0.0061498
-0.006328
-0.0065193
-0.0065727
-0.0061767
-0.0054281
-0.0049118
-0.0047992
-0.0047216
-0.0044196
-0.0040056
-0.0036843
-0.0033373
-0.0028298
-0.002271
-0.0018756
-0.0016214
-0.0014092
-0.0011723
-0.00073712
-3.2943e-05
0.00051765
0.00072572
0.00074295
0.00078902
0.00093551
0.0013156
0.0018814
0.0021155
0.0016498
0.00094109
0.00087559
0.0014917
0.0020385
0.0021247
0.0020999
0.0024272
0.0029382
0.0034217
0.0037112
0.0041128
0.0047084
0.0052075
0.00521
0.0049331
0.0048569
0.0051666
0.0053603
0.0051362
0.0048192
0.0046335
0.0044861
0.0041822
0.0034773
0.0026941
0.002056
0.0015091
0.0010737
0.00078445
0.00069268
0.00066514
0.00056825
0.00048268
0.00046946
0.000558
0.00084848
0.0013788
0.0018695
0.0022638
0.0027896
0.0033992
0.0038556
0.004317
0.0047828
0.0049454
0.0048392
0.0046015
0.0042387
0.003781
0.0033252
0.0027895
0.0021456
0.0016483
0.0010962
0.0005225
0.00029715
0.00037434
0.00032772
0.00011111
0.00012237
0.00023972
9.2487e-05
-0.00038649
-0.0010557
-0.0018157
-0.0025527
-0.0032003
-0.003818
-0.0044924
-0.0051159
-0.0058766
-0.0068266
-0.0075543
-0.0075919
-0.007176
-0.0067124
-0.006703
-0.0072827
-0.0079517
-0.0081162
-0.0080338
-0.0081537
-0.0083391
-0.0085579
-0.008868
-0.0091123
-0.0092052
-0.0093874
-0.0097117
-0.009955
-0.0098706
-0.0094136
-0.0087882
-0.0080986
-0.0072619
-0.0059153
-0.0038791
-0.0022266
-0.0017475
-0.0017957
-0.0014401
-0.00069628
-6.8799e-05
0.00024651
0.00028146
0.00011744
-6.1314e-05
-9.4876e-05
-0.00017102
-0.00031576
-0.00045836
-0.0005208
-0.00046235
-0.00042616
-0.0006333
-0.00078803
-0.00055853
-0.00031053
-0.00040439
-0.00062412
-0.00071367
-0.00066159
-0.00059953
-0.00060074
-0.00072487
-0.00084209
-0.00087179
-0.00085556
-0.00079525
-0.00068618
-0.00063344
-0.00066505
-0.00062786
-0.00054326
-0.00052631
-0.00049223
-0.0003388
-0.00018377
-3.6708e-05
0.00022167
0.00051199
0.00081518
0.0011715
0.0015439
0.0018923
0.0021289
0.0021782
0.0020643
0.0017393
0.00132
0.00097802
0.00057781
0.00017976
-0.00022323
-0.00071505
-0.0011292
-0.001462
-0.0016432
-0.0017504
-0.0018437
-0.0019704
-0.0021
-0.0018587
-0.0014671
-0.0013717
-0.0014628
-0.0013609
-0.0011496
-0.001202
-0.0015025
-0.0020106
-0.0027686
-0.0032002
-0.0028993
-0.0023919
-0.0023927
-0.0026963
-0.0027777
-0.0026413
-0.0023744
-0.0020541
-0.0017483
-0.0012158
-0.00065868
-0.00026499
4.5331e-05
0.00029882
0.00043308
0.00053924
0.00064265
0.00074062
0.00088127
0.0010381
0.0013392
0.0018601
0.0025889
0.0036027
0.0044746
0.0045689
0.0040352
0.0035352
0.0034696
0.0035597
0.0034561
0.0029731
0.0021814
0.0015245
0.0011101
0.00073614
0.00031413
-8.9446e-05
-0.00037467
-0.00045576
-0.00046714
-0.00056888
-0.00066226
-0.00071902
-0.00062453
-0.00049265
-0.00042792
-0.00028645
-0.0002581
-0.00037584
-0.00035733
-0.00024523
-0.00020145
-0.00032201
-0.00052228
-0.00070373
-0.00067872
-0.00052356
-0.00042965
-0.00046541
-0.00057963
-0.00057405
-0.00056099
-0.00069803
-0.00082817
-0.00092564
-0.001162
-0.0014364
-0.0015455
-0.001501
-0.0014959
-0.0015844
-0.0016196
-0.001495
-0.0012992
-0.0012843
-0.0014503
-0.0014586
-0.0013145
-0.0012031
-0.0012755
-0.0013658
-0.0013649
-0.0012971
-0.001179
-0.0011086
-0.0010396
-0.00094477
-0.00078491
-0.00068302
-0.00072075
-0.00076115
-0.0007362
-0.00073465
-0.00076785
-0.00074874
-0.00066167
-0.00080293
-0.0011132
-0.0012552
-0.00098276
-0.00037771
0.00014311
0.00025009
0.00016287
0.00017564
0.00028105
0.00025723
9.8677e-05
8.29e-05
0.00025407
0.00050437
0.00072093
0.00091481
0.0011183
0.0013848
0.0016834
0.0018799
0.0020056
0.0021444
0.0022184
0.0022736
0.002437
0.0027419
0.0030895
0.0031725
0.0027692
0.002197
0.002025
0.0022884
0.0025685
0.0027458
0.002939
0.0031569
0.0032588
0.0033676
0.0034786
0.0035706
0.0036142
0.0034962
0.0031815
0.0029258
0.002787
0.0025517
0.0020387
0.0014301
0.00088555
0.00050618
0.00022438
-0.00024983
-0.00071365
-0.00098007
-0.0011695
-0.0014642
-0.0019546
-0.002319
-0.0024778
-0.0026938
-0.0029442
-0.0031456
-0.0032031
-0.0031166
-0.0030521
-0.0031196
-0.0031497
-0.0030407
-0.0027297
-0.0024802
-0.0024585
-0.0024206
-0.002286
-0.0020051
-0.0016532
-0.0013966
-0.0013182
-0.0011939
-0.0010424
-0.00099702
-0.00095434
-0.00095097
-0.0010576
-0.0011406
-0.0011915
-0.0012862
-0.001445
-0.0015551
-0.0015727
-0.001518
-0.001333
-0.0009985
-0.00064141
-0.00054403
-0.00069775
-0.00063025
-0.00023502
3.8651e-05
2.7068e-05
-0.00013372
-0.0002621
-0.00020447
0.00017776
0.00077729
0.0012253
0.0013745
0.0012028
0.00089362
0.00070292
0.00056792
0.00033207
8.1716e-05
-9.4066e-05
-0.00019432
-0.0002357
-0.00026235
-0.00028399
-0.00033855
-0.00042541
-0.00050469
-0.00054213
-0.00057356
-0.00058193
-0.0005407
-0.00035936
0.00011037
0.00059093
0.00071161
0.00044962
0.0001985
9.7023e-05
0.0002823
0.00062574
0.00093567
0.001096
0.0011403
0.0012019
0.0013348
0.0013858
0.0012502
0.0010664
0.00095381
0.00090324
0.00082845
0.00066356
0.00042722
0.00014083
-0.0001552
-0.00034161
-0.00051598
-0.00066136
-0.00074969
-0.00089534
-0.0011338
-0.0013838
-0.0015166
-0.0015973
-0.0016494
-0.0017079
-0.0018043
-0.0018857
-0.001761
-0.0015052
-0.0013314
-0.0011857
-0.0009631
-0.00071675
-0.00054495
-0.00043979
-0.00041356
-0.00050146
-0.00070017
-0.00095721
-0.0011985
-0.0014553
-0.0016604
-0.0017175
-0.0016656
-0.0016259
-0.0016591
-0.0016143
-0.0014011
-0.0011416
-0.00090438
-0.00062047
-0.00025588
0.00010996
0.00041986
0.00071725
0.0010034
0.0012911
0.001524
0.0015946
0.0014784
0.0012577
0.0010998
0.0010039
0.00072114
0.00019887
-0.00044208
-0.0010706
-0.0015029
-0.0015661
-0.0015223
-0.0016083
-0.0018123
-0.0019879
-0.0019655
-0.0017324
-0.0014844
-0.0013137
-0.0011545
-0.0009519
-0.00076124
-0.00067374
-0.00052236
-0.00036973
-0.00039345
-0.00050045
-0.00061296
-0.00072831
-0.00087067
-0.0010363
-0.0011978
-0.0012113
-0.00093363
-0.00061944
-0.00062573
-0.0008585
-0.00095931
-0.00083161
-0.00070551
-0.00066311
-0.00064657
-0.00066383
-0.00071462
-0.00077961
-0.00088628
-0.00095916
-0.00093585
-0.00085813
-0.00079387
-0.00070275
-0.0005283
-0.00030594
-4.1123e-05
0.00021135
0.00040416
0.00057658
0.00073606
0.00084623
0.00087298
0.00085032
0.0008254
0.00075868
0.00069643
0.00073451
0.00076356
0.00070462
0.00065177
0.00065208
0.00069601
0.00075707
0.0007614
0.00074668
0.00078391
0.00091123
0.0010327
0.0010648
0.0010561
0.0010981
0.0011557
0.0012216
0.0012515
0.0011731
0.0010187
0.00089509
0.00078602
0.00068223
0.00061456
0.00057613
0.00054364
0.00055307
0.00062852
0.00069873
0.00072951
0.0007254
0.00072186
0.00072505
0.00071923
0.00065837
0.00053293
0.0003777
0.00021908
0.00011331
8.4665e-05
5.8372e-05
-7.2105e-05
-0.0002671
-0.0004361
-0.0006006
-0.00073281
-0.00071898
-0.00056832
-0.00050219
-0.00061
-0.00080169
-0.001026
-0.001191
-0.0012541
-0.0012944
-0.0013731
-0.0014521
-0.0014392
-0.0013904
-0.0013646
-0.0013627
-0.001349
-0.0013118
-0.0012782
-0.0012594
-0.0012597
-0.0012862
-0.0013142
-0.0013033
-0.0012253
-0.0011832
-0.001304
-0.0015571
-0.0017329
-0.0017296
-0.0016442
-0.001568
-0.0015186
-0.0014709
-0.0013925
-0.001274
-0.0011267
-0.00098376
-0.00083525
-0.00066088
-0.00051082
-0.00040146
-0.00031554
-0.00026418
-0.00021629
-0.00015684
-0.00011651
-0.0001191
-0.00013301
-0.00013452
-0.00011641
-7.1214e-05
-2.559e-05
-8.8133e-06
1.0725e-05
6.7303e-05
0.000133
0.00017307
0.00021313
0.00027277
0.00033739
0.00036955
0.00038121
0.00039191
0.00037202
0.00031849
0.00025696
0.00020534
0.00017728
0.00017717
0.0001795
0.00016183
0.00015949
0.00020063
0.00027238
0.00032676
0.00034656
0.00034855
0.00034342
0.00034828
0.00036189
0.00036586
0.00036005
0.00034704
0.00032463
0.00030457
0.00029956
0.00029801
0.00029211
0.00029053
0.00030382
0.00032322
0.00034173
0.0003571
0.00036849
0.00038835
0.00040584
0.0003954
0.00034844
0.00028947
0.00026334
0.00029408
0.00033363
0.00031475
0.00026068
0.00022172
0.00019823
0.00017433
0.00014167
0.00011075
9.5031e-05
9.3335e-05
9.2684e-05
8.8023e-05
8.8164e-05
9.3012e-05
9.7092e-05
9.5179e-05
9.1045e-05
8.5007e-05
7.3761e-05
6.1326e-05
5.4213e-05
6.1806e-05
8.0164e-05
8.1611e-05
5.2481e-05
1.8651e-05
1.123e-05
2.6995e-05
4.59e-05
5.989e-05
7.0336e-05
8.101e-05
9.4048e-05
0.00011072
0.00012886
0.00013494
0.00013483
0.00013795
0.00014088
0.00013803
0.00012994
0.00011645
0.00010003
8.399e-05
7.3347e-05
6.4327e-05
5.0888e-05
3.6436e-05
2.5016e-05
1.6386e-05
1.05e-05
2.2618e-06
-1.1105e-05
-2.0504e-05
-2.2592e-05
-2.6353e-05
-3.4352e-05
-4.2701e-05
-4.6269e-05
-4.7505e-05
-4.8609e-05
-4.718e-05
-4.3294e-05
-4.1374e-05
-4.0647e-05
-3.7501e-05
-3.0872e-05
-2.4867e-05
-2.1172e-05
-1.6956e-05
-1.154e-05
-7.5334e-06
-4.1676e-06
6.535e-07
6.5434e-06
1.181e-05
1.5781e-05
1.9059e-05
2.2926e-05
2.7243e-05
3.0496e-05
3.4045e-05
3.8329e-05
4.2948e-05
4.6664e-05
4.9819e-05
5.4206e-05
5.8599e-05
6.177e-05
6.3968e-05
6.6277e-05
6.9792e-05
7.3279e-05
7.6131e-05
7.8541e-05
7.9773e-05
7.95e-05
7.9966e-05
8.2727e-05
8.6494e-05
9.0389e-05
9.3992e-05
9.6619e-05
9.8781e-05
0.00010143
0.00010471
0.00010824
0.00011165
0.0001149
0.00011832
0.00012178
0.00012524
0.00012857
0.00013157
0.00013441
0.00013711
0.00013986
0.00014278
0.0001457
0.00014846
0.00015112
0.00015401
0.00015717
0.00016016
0.00016274
0.0001651
0.00016764
0.00017039
0.0001732
0.00017585
0.00017838
0.00018086
0.00018324
0.0001855
0.00018772
0.00018986
0.00019185
0.00019371
0.00019555
0.00019742
0.00019927
0.00020106
0.0002028
0.00020444
0.00020607
0.00020773
0.00020941
0.00021105
0.0002127
0.00021437
0.00021605
0.00021777
0.00021953
0.00022129
0.00022302
0.00022477
0.00022656
0.00022835
0.00023012
0.00023187
0.00023364
0.00023542
0.00023719
0.00023893
0.00024066
0.0002424
0.00024415
0.0002459
0.00024762
0.00024934
0.00025105
0.00025276
0.00025446
0.00025616
0.00025784
0.00025951
0.00026118
0.00026284
0.00026449
0.00026613
0.00026777
0.0002694
0.00027102
0.00027264
0.00027424
0.00027584
0.00027743
0.00027902
0.00028059
0.00028216
0.00028372
0.00028527
0.00028681
0.00028835
0.00028987
0.00029139
0.0002929
0.00029441
0.0002959
0.00029739
0.00029886
0.00030033
0.00030179
0.00030325
0.00030469
0.00030612
0.00030755
0.00030897
0.00031038
0.00031177
0.00031316
0.00031455
0.00031592
0.00031728
0.00031864
0.00031998
0.00032131
0.00032264
0.00032396
0.00032526
0.00032656
0.00032785
0.00032913
0.0003304
0.00033166
0.00033291
0.00033415
