0.0006918
0.00069091
0.00068939
0.00068659
0.0006836
0.00068287
0.00068238
0.00068177
0.00067993
0.00067696
0.00067035
0.00066177
0.00066064
0.00066117
0.00064956
0.00062684
0.00060533
0.00060093
0.00063946
0.00065856
0.00063263
0.00061898
0.00063265
0.00062533
0.0006276
0.00064809
0.00063964
0.0006271
0.00063192
0.00057792
0.0005228
0.00055771
0.00059562
0.0006034
0.0006192
0.00059564
0.00055537
0.00055522
0.00055437
0.00056886
0.00058538
0.00057783
0.0005457
0.00049179
0.0004501
0.00048679
0.00049263
0.00048722
0.00051479
0.0005352
0.00050464
0.00041019
0.00036989
0.00025035
0.00018995
0.00020829
0.00039852
0.00038117
0.00030189
0.00038837
0.00043318
0.0003659
0.00026011
0.00027229
0.00023848
0.00010274
2.3521e-05
0.0001784
0.00026345
0.00028472
0.00043355
0.00054891
0.00052645
0.0004234
0.00042726
0.00042297
0.00047725
0.00061966
0.00096746
0.00094657
0.00042384
0.00021152
0.00040338
0.00040292
0.00029186
-1.4615e-05
-0.00036759
-0.00013902
-1.0351e-05
-0.00018793
-6.7132e-05
7.9038e-05
8.9803e-05
4.8131e-05
7.3755e-05
-9.3686e-05
-0.00030885
-0.00033222
-0.00034597
-0.0005303
-0.00041677
-0.00039443
-0.00027035
-0.00041688
-0.00020754
-0.00014105
0.00017947
0.00042318
0.00081363
0.00098764
0.00071482
0.00066048
0.00057035
0.00056448
0.0007391
9.392e-05
-0.00026959
0.00033442
0.00045576
0.0004723
0.0003512
-0.00038298
-0.0004202
-0.00026092
-0.00022869
-0.000942
-0.0013015
-0.0012037
-0.0010929
-0.00092665
-0.0010982
-0.0007211
-0.00024105
-0.00031946
-0.00073234
-0.0010682
-0.00032739
0.00067244
0.00045438
-0.00033551
-0.00060114
-0.000375
-0.00012269
-0.00044518
-0.00081733
-0.0013565
-0.0017918
-0.0015559
-0.0011918
5.419e-05
0.00085323
0.0006298
-0.00029304
-0.0013492
-0.00094189
9.7033e-05
0.00069351
0.0010119
0.00095149
0.0002403
-0.00042596
-2.5295e-05
-0.00025633
-0.00036706
-0.00040119
-0.00082089
-0.0005147
0.00029759
-0.00036244
-0.0013004
-0.0011319
-0.00069931
-0.0010825
-0.0015647
-0.0020329
-0.0026953
-0.0023927
-0.0016004
-0.00047334
-0.00037606
-0.0026265
-0.0054057
-0.0070796
-0.0072629
-0.0060765
-0.0033639
-0.0007494
-0.00027095
-0.0012831
-0.0021562
-0.0025449
-0.0024766
-0.0019184
-0.0010626
-0.00035101
-0.00067865
-0.0019412
-0.0037394
-0.005557
-0.0063455
-0.0061433
-0.0050825
-0.0031907
-0.001236
0.00012715
0.0011876
0.0015281
0.0014724
0.0015676
0.0014893
0.0011348
0.00012803
-0.00023282
0.0011522
0.00023474
-0.0025884
-0.0042631
-0.0042828
-0.0033307
-0.0018851
-0.0020602
-0.002881
-0.0024153
-0.0017206
-0.0017969
-0.0016839
-0.0012599
-0.00089203
-0.00038874
-0.00037751
-0.00074634
-0.00015153
-2.5811e-05
-0.0012126
-0.002077
-0.0032697
-0.003076
-0.0020254
-0.0021286
-0.0019788
-0.00088788
-0.00021475
0.00056506
0.0012504
0.0016942
0.0020664
0.0017878
0.0013809
0.00072846
0.00036492
-0.00063737
-0.001453
-0.001276
-0.00073375
-0.00023745
0.00010481
-0.00027927
-0.00030292
0.00076058
0.00072025
0.00071278
0.001236
0.0012992
0.0014958
0.0017405
0.0023652
0.0031385
0.0032634
0.0023675
0.0012357
-0.0009636
-0.0026044
-0.0023837
-0.002009
-0.0015402
-0.0010998
-0.00055487
0.00042494
0.0016848
0.00087234
-0.00089657
-0.0010267
-0.00091733
-0.0018526
-0.0026151
-0.0021358
-0.0010964
-0.00046208
0.0010619
0.00093079
-0.00092134
-0.0017478
-0.0023067
-0.003143
-0.003591
-0.0027399
-0.0020189
-0.0014585
-0.00097966
-0.00095766
-0.0017042
-0.0021236
-0.0022989
-0.0015979
-0.00012573
0.00070914
0.00059508
-3.236e-05
0.0010629
0.0026668
0.0030382
0.0032691
0.0033922
0.0028348
0.0022163
0.0021021
0.00027998
-0.0010543
-0.0014209
-0.001435
-0.0010633
9.0268e-05
0.0018424
0.0029514
0.0023556
0.0010067
0.00022892
0.00090649
0.0025934
0.0038688
0.0043407
0.0041904
0.0036947
0.0033983
0.0026018
0.0014524
-0.00047339
-0.0014584
-0.0013708
-0.0017408
-0.0024392
-0.0025039
-0.0023451
-0.0018352
-0.0020765
-0.0024318
-0.0017728
-0.0014068
-0.0013159
-0.00056812
0.0007694
0.0014977
0.0013096
0.0011863
0.00042671
-0.00055004
-0.0010116
-0.00085817
-0.00058324
-0.0003706
-0.00089632
-0.002455
-0.0040705
-0.0037522
-0.0030979
-0.0014659
8.0051e-05
0.00065821
0.00027454
0.00063004
0.0016487
0.003165
0.0045987
0.0050817
0.0038279
0.0014537
0.00012671
-5.9022e-05
0.00042037
0.0013509
0.0027235
0.003452
0.0033668
0.0026394
0.00075296
-6.1131e-05
-9.4069e-05
-0.00076767
-0.00060336
0.0025184
0.0051627
0.0055605
0.004657
0.0032428
0.0017864
-7.7496e-05
-0.0025521
-0.0035472
-0.0020342
-0.00021649
0.00013524
-0.0013471
-0.0033855
-0.0032385
-0.0010028
-0.00071441
-0.0023464
-0.0019285
-0.00025476
-5.3514e-05
-0.0011207
-0.0027168
-0.0027278
-0.0012951
-0.00029128
-1.4243e-05
-0.0001093
-1.221e-05
-9.8472e-05
-0.001219
-0.0035844
-0.0055214
-0.005076
-0.0021369
0.0010146
0.00272
0.0011527
-0.00096722
-0.0011304
-0.00014281
0.0012813
0.0022303
0.0032916
0.0048838
0.0060868
0.0054025
0.0021865
-0.0011201
-0.0039264
-0.0061837
-0.0077608
-0.0092648
-0.0087411
-0.006299
-0.0041773
-0.0024802
-0.0011957
0.00089937
0.0031778
0.0042328
0.0042992
0.003833
0.004309
0.0058841
0.0075568
0.0082038
0.0080983
0.0079801
0.008008
0.0079984
0.0079211
0.0076635
0.0072361
0.0074791
0.0077939
0.0074564
0.0085909
0.010936
0.011512
0.011007
0.011325
0.013594
0.015904
0.017132
0.017195
0.017263
0.017062
0.016482
0.014921
0.011659
0.0086758
0.0081
0.0099295
0.010545
0.0092306
0.0066755
0.0042184
0.0011017
-0.0033222
-0.0056032
-0.0052917
-0.0060817
-0.010716
-0.014828
-0.015448
-0.016849
-0.019737
-0.020196
-0.01691
-0.012861
-0.0098296
-0.0082669
-0.0071114
-0.0055101
-0.0014155
0.003547
0.0084682
0.017294
0.028438
0.037505
0.040878
0.040819
0.039803
0.035504
0.027829
0.020614
0.018134
0.017605
0.01388
0.0064861
-0.0018539
-0.0086954
-0.015549
-0.023129
-0.027145
-0.024267
-0.022391
-0.031248
-0.048743
-0.064763
-0.068161
-0.062111
-0.053946
-0.043924
-0.031423
-0.020127
-0.013123
-0.0094447
-0.0082318
-0.0070663
-0.0041713
0.0021122
0.01062
0.01978
0.028537
0.034282
0.034151
0.026975
0.017454
0.010801
0.0084019
0.0095231
0.0072325
-0.0009798
-0.012461
-0.020207
-0.023987
-0.026236
-0.026308
-0.020595
-0.00515
0.0123
0.019004
0.012417
-0.0035119
-0.017313
-0.019852
-0.011432
-0.00046289
0.0034045
0.0010429
0.00060354
0.0046411
0.0096367
0.0138
0.015559
0.014096
0.010255
0.0058129
-0.0013412
-0.010005
-0.018402
-0.025706
-0.027889
-0.025458
-0.021477
-0.013341
-0.0014208
0.0093779
0.012654
0.0066922
-0.00062914
-0.0027919
0.0061037
0.019483
0.026315
0.027094
0.022023
0.0097382
-0.0040594
-0.016391
-0.024271
-0.027277
-0.028389
-0.026712
-0.021773
-0.016023
-0.01076
-0.0057842
-0.00098304
0.0016679
-0.0019797
-0.007894
-0.0095476
-0.0087023
-0.0079346
-0.0066226
-0.0029914
0.0018622
0.0019156
-0.0039198
-0.0084435
-0.0054578
0.0033503
0.0092138
0.0097971
0.0080549
0.0078625
0.013717
0.023019
0.029147
0.027979
0.021269
0.017533
0.01924
0.020501
0.018067
0.012543
0.0057248
0.0024353
0.0025989
0.002907
0.0012554
-0.0011281
0.00028415
0.0062785
0.013721
0.017233
0.011118
0.00047982
-0.0087118
-0.011232
-0.0026208
0.011108
0.023582
0.032331
0.03701
0.035713
0.029751
0.024303
0.019018
0.014917
0.012548
0.012439
0.012612
0.011505
0.0085143
0.005502
0.0042581
0.005544
0.0081495
0.011428
0.018039
0.025191
0.027458
0.023053
0.01394
0.0032014
-0.0061463
-0.0097997
-0.006097
0.0038255
0.0081422
0.0027937
-0.0060917
-0.016385
-0.029292
-0.042336
-0.05178
-0.051447
-0.039809
-0.022147
-0.0061897
-0.0017962
-0.010691
-0.023345
-0.031483
-0.031573
-0.025902
-0.015978
-0.0022315
0.007387
0.0098224
0.0082615
0.0041471
-0.00016361
-0.0023465
-0.0041121
-0.0067806
-0.0086963
-0.0089511
-0.007886
-0.006882
-0.009733
-0.015725
-0.014274
-0.00058538
0.016301
0.030635
0.039013
0.039572
0.032753
0.022269
0.013215
0.0050529
-0.0024884
-0.0029702
0.0062906
0.014795
0.016581
0.014808
0.014617
0.013254
0.0026265
-0.016152
-0.0275
-0.024441
-0.015453
-0.011028
-0.014048
-0.020496
-0.023459
-0.020813
-0.018309
-0.020373
-0.026026
-0.029677
-0.028627
-0.021226
-0.006351
0.010325
0.019011
0.021399
0.022514
0.020974
0.01613
0.012904
0.014696
0.016537
0.013894
0.0098468
0.0049891
-0.006281
-0.023905
-0.035604
-0.041219
-0.047232
-0.051528
-0.051646
-0.047381
-0.039351
-0.027799
-0.012774
-0.0016803
0.0020645
0.0043394
0.0096675
0.016779
0.023117
0.02855
0.034172
0.041479
0.049471
0.055319
0.057593
0.055565
0.048031
0.033507
0.01455
0.0025772
-9.5999e-05
0.00068628
0.0022017
0.0058668
0.0093361
0.0085177
0.0041436
-0.00072432
-0.0049432
-0.0078791
-0.0095366
-0.010223
-0.012918
-0.01994
-0.027574
-0.031119
-0.030445
-0.028722
-0.027918
-0.025933
-0.02161
-0.016601
-0.012897
-0.01085
-0.010937
-0.014036
-0.02001
-0.021827
-0.015017
-0.0024002
0.0067429
0.010346
0.011254
0.013799
0.022292
0.03622
0.045893
0.044748
0.03527
0.023349
0.015062
0.011721
0.012327
0.015158
0.016152
0.010128
0.0017116
-0.004139
-0.0097929
-0.02
-0.036757
-0.049994
-0.051875
-0.044272
-0.031629
-0.021319
-0.016647
-0.011024
0.0029623
0.0225
0.035365
0.03874
0.036917
0.030655
0.021879
0.013714
0.0071358
0.0045588
0.0071565
0.010116
0.010024
0.0085396
0.005059
-0.0058812
-0.02804
-0.047029
-0.048583
-0.032494
-0.0046089
0.020643
0.032036
0.033541
0.034408
0.037618
0.038668
0.029333
0.0045349
-0.022448
-0.033223
-0.028427
-0.01595
-0.0038506
-0.00014265
-0.0020103
-0.0059867
-0.0097702
-0.01255
-0.014416
-0.015617
-0.018687
-0.023592
-0.02719
-0.027059
-0.024632
-0.022383
-0.019196
-0.01176
0.0023379
0.017768
0.027384
0.030831
0.031569
0.032989
0.034111
0.033758
0.029689
0.020898
0.0076465
-0.0049125
-0.0086388
-0.0075225
-0.0086963
-0.015159
-0.026618
-0.036631
-0.039661
-0.034635
-0.025531
-0.020175
-0.019852
-0.020129
-0.019503
-0.020073
-0.023461
-0.030104
-0.033202
-0.02441
-0.00063309
0.023248
0.031385
0.02737
0.025042
0.028555
0.033998
0.033534
0.023087
0.0085855
0.0012641
-0.0026794
-0.0062763
-0.0027093
0.009774
0.019708
0.019029
0.013677
0.010455
0.01076
0.015341
0.024672
0.032731
0.029678
0.016083
0.0044214
-0.0008749
-0.0044464
-0.0077828
-0.011015
-0.015052
-0.021711
-0.031297
-0.040489
-0.044409
-0.042322
-0.035554
-0.025659
-0.015975
-0.0066687
0.0040445
0.013975
0.020402
0.022853
0.021548
0.020129
0.02024
0.020514
0.021128
0.02276
0.024614
0.022579
0.013161
0.0013596
-0.0054569
-0.0053175
0.0037773
0.028018
0.059249
0.076679
0.079829
0.079514
0.078403
0.074315
0.068194
0.062116
0.056726
0.054259
0.054506
0.054579
0.05084
0.042149
0.030364
0.017045
0.0022102
-0.010952
-0.018459
-0.023629
-0.029229
-0.034798
-0.038508
-0.042039
-0.049664
-0.061828
-0.072085
-0.073948
-0.066116
-0.047924
-0.028917
-0.016048
-0.0066617
0.0095054
0.02637
0.028445
0.013674
-0.0093547
-0.030692
-0.043563
-0.047595
-0.048358
-0.049428
-0.048573
-0.040875
-0.025502
-0.01502
-0.016152
-0.025448
-0.041259
-0.058921
-0.073031
-0.082025
-0.084635
-0.080349
-0.066983
-0.045188
-0.022573
-0.0033134
0.012254
0.018564
0.019435
0.022731
0.031461
0.041336
0.045625
0.041182
0.029866
0.011361
-0.014822
-0.042505
-0.061493
-0.066391
-0.066696
-0.070208
-0.077506
-0.085791
-0.091013
-0.093132
-0.092705
-0.090208
-0.08489
-0.075722
-0.064685
-0.05279
-0.041545
-0.0278
-0.010979
0.0071856
0.026043
0.043862
0.059274
0.06982
0.075802
0.07947
0.082844
0.084276
0.079763
0.070948
0.06249
0.056545
0.05443
0.057136
0.062797
0.066691
0.065458
0.056072
0.0376
0.013245
-0.0066153
-0.019578
-0.02539
-0.023462
-0.015271
-0.0055209
0.0029029
0.0098193
0.0154
0.01679
0.012964
0.0020492
-0.015137
-0.035235
-0.054538
-0.063994
-0.062455
-0.053203
-0.040015
-0.02726
-0.01415
-0.00040455
0.011781
0.023934
0.035377
0.041667
0.044357
0.046446
0.048152
0.048661
0.048668
0.049461
0.04897
0.047553
0.046108
0.044046
0.040694
0.035121
0.022804
0.0030868
-0.012387
-0.015901
-0.0088393
0.0038306
0.013203
0.016563
0.015133
0.0096755
0.0015146
-0.0071244
-0.011834
-0.01027
-0.0043052
0.0030627
0.013169
0.026017
0.034986
0.036657
0.032936
0.026858
0.02142
0.019405
0.021774
0.023822
0.020385
0.01229
0.0034814
-0.00038211
4.1382e-05
0.0021022
0.0075702
0.020604
0.038029
0.051687
0.055858
0.050826
0.036089
0.015467
-0.0014469
-0.0044773
0.0074312
0.030243
0.04929
0.054849
0.051082
0.043188
0.031879
0.02065
0.01365
0.0098222
0.0035892
-0.0084437
-0.018973
-0.021135
-0.019202
-0.017243
-0.013896
-0.0071601
0.0015401
0.0077159
0.008147
0.0060186
0.0029849
0.0016928
0.0040821
0.008375
0.010896
0.0095295
0.0034949
-0.0057736
-0.013589
-0.018214
-0.020497
-0.02264
-0.025506
-0.026618
-0.025258
-0.021661
-0.015491
-0.0080503
-0.004664
-0.0086811
-0.022056
-0.037279
-0.043791
-0.042659
-0.03801
-0.032494
-0.029605
-0.027277
-0.026086
-0.028907
-0.037224
-0.048598
-0.056313
-0.058215
-0.055653
-0.048079
-0.035876
-0.022925
-0.012984
-0.0074871
-0.0081591
-0.013521
-0.020766
-0.02598
-0.025917
-0.019908
-0.0097468
-0.00034783
0.0048821
0.00521
0.00010809
-0.0093802
-0.016691
-0.018985
-0.017305
-0.013237
-0.007516
-0.00028904
0.0083902
0.015416
0.017764
0.01352
0.0033447
-0.011393
-0.023095
-0.028293
-0.028634
-0.027289
-0.027302
-0.030595
-0.035439
-0.038958
-0.039031
-0.036198
-0.031326
-0.025989
-0.020429
-0.014622
-0.0087167
-0.0042419
-0.0030552
-0.0050319
-0.0078059
-0.0086174
-0.0044671
0.0050832
0.013475
0.018074
0.018021
0.011526
0.0012508
-0.0073227
-0.0083892
-0.0041531
0.0038553
0.014534
0.024009
0.028269
0.027956
0.027509
0.029706
0.032408
0.035719
0.03909
0.042246
0.042991
0.039794
0.032199
0.018845
0.0020567
-0.013733
-0.025136
-0.029969
-0.030014
-0.028029
-0.027469
-0.03227
-0.03957
-0.045923
-0.048878
-0.046691
-0.036857
-0.023225
-0.010085
0.0038982
0.020408
0.034196
0.04097
0.043984
0.046135
0.045411
0.039853
0.032904
0.027587
0.024692
0.024383
0.025397
0.024616
0.020412
0.012172
0.0027501
-0.0042073
-0.0092066
-0.013827
-0.017918
-0.018874
-0.014098
-0.0026043
0.011788
0.020275
0.0199
0.01428
0.0050935
-0.0045164
-0.013292
-0.019963
-0.022835
-0.023061
-0.021765
-0.017313
-0.011074
-0.0036962
0.0043929
0.010935
0.013588
0.012817
0.010033
0.0075466
0.0081424
0.012386
0.019992
0.028108
0.032297
0.030255
0.025451
0.022388
0.021959
0.022318
0.021395
0.018798
0.016142
0.0154
0.018277
0.02344
0.029103
0.033981
0.0369
0.036059
0.032416
0.026768
0.021471
0.019937
0.022281
0.027506
0.033073
0.035934
0.03236
0.024098
0.017625
0.015266
0.015835
0.017512
0.019542
0.023036
0.026366
0.028262
0.027942
0.025536
0.020941
0.013945
0.005469
-0.0019818
-0.0056801
-0.0051046
-0.0031175
-0.0012735
0.00038971
0.0043072
0.011397
0.018369
0.024527
0.029238
0.032146
0.032953
0.03189
0.025478
0.0091554
-0.011674
-0.03153
-0.045075
-0.051924
-0.054832
-0.056607
-0.060832
-0.070769
-0.08388
-0.094282
-0.09865
-0.098871
-0.095801
-0.088897
-0.079175
-0.066551
-0.052927
-0.040745
-0.029007
-0.015666
-0.0032351
0.0057317
0.0092335
0.0075477
-0.00020733
-0.012303
-0.02529
-0.035199
-0.043637
-0.052115
-0.057515
-0.057865
-0.054554
-0.047973
-0.038514
-0.02457
-0.0080169
0.010192
0.029004
0.044593
0.056896
0.064419
0.065361
0.06288
0.058567
0.050671
0.038841
0.024905
0.010358
-0.0023849
-0.013154
-0.023743
-0.031078
-0.034914
-0.034894
-0.03329
-0.032762
-0.03247
-0.032114
-0.031205
-0.029775
-0.027233
-0.021424
-0.015508
-0.012249
-0.01191
-0.011156
-0.009024
-0.0057317
-0.00072708
0.0069476
0.014042
0.021222
0.028581
0.034611
0.037155
0.035419
0.027809
0.014951
0.00056235
-0.0095324
-0.014593
-0.017993
-0.020952
-0.02474
-0.030474
-0.036867
-0.043707
-0.051855
-0.061245
-0.068998
-0.072854
-0.073564
-0.071964
-0.067162
-0.05802
-0.044587
-0.02862
-0.012895
0.0013758
0.016289
0.030719
0.041566
0.048503
0.054331
0.057913
0.058517
0.058153
0.059012
0.061939
0.065236
0.06767
0.067284
0.063284
0.054406
0.042429
0.029925
0.017572
0.0084156
0.0040319
0.0038184
0.0040237
0.0031786
0.00071097
-0.003123
-0.0075772
-0.012083
-0.014245
-0.0126
-0.0064223
0.0013348
0.0072837
0.011817
0.014576
0.015533
0.016977
0.021503
0.029274
0.037456
0.044509
0.049802
0.052609
0.053708
0.053631
0.052367
0.048067
0.038662
0.028241
0.017949
0.0062026
-0.0042384
-0.010436
-0.014341
-0.020404
-0.026348
-0.02884
-0.028804
-0.024434
-0.0166
-0.010047
-0.0071232
-0.0086372
-0.012857
-0.018512
-0.025586
-0.032921
-0.040129
-0.046548
-0.050515
-0.05078
-0.048985
-0.046357
-0.043577
-0.043107
-0.045414
-0.04658
-0.043883
-0.03729
-0.028454
-0.023747
-0.022313
-0.022702
-0.023115
-0.022261
-0.019127
-0.013303
-0.003156
0.0098005
0.022523
0.034866
0.044142
0.045536
0.043976
0.045043
0.048956
0.053669
0.05659
0.056133
0.053537
0.049928
0.047139
0.046184
0.047361
0.047967
0.04615
0.042307
0.036722
0.033504
0.032864
0.032349
0.030836
0.029614
0.029364
0.028682
0.02768
0.028322
0.030094
0.031332
0.031227
0.02825
0.021409
0.01272
0.0032013
-0.0064617
-0.015244
-0.022951
-0.028491
-0.029825
-0.027199
-0.023466
-0.020686
-0.020581
-0.022544
-0.023506
-0.023251
-0.023134
-0.023705
-0.024637
-0.023933
-0.022867
-0.02249
-0.022887
-0.024539
-0.027373
-0.028964
-0.029913
-0.029802
-0.029116
-0.028437
-0.028675
-0.030672
-0.032661
-0.033665
-0.035016
-0.035944
-0.036644
-0.038229
-0.039797
-0.038871
-0.033296
-0.026535
-0.019762
-0.013356
-0.0092018
-0.0082152
-0.0082346
-0.0065195
-0.0031953
0.0014676
0.0082
0.014879
0.019577
0.022802
0.02569
0.028089
0.028463
0.026708
0.023168
0.018949
0.015686
0.012544
0.010806
0.011064
0.012811
0.015809
0.01854
0.020659
0.020983
0.020679
0.019854
0.018709
0.019639
0.022528
0.027202
0.033231
0.038749
0.041005
0.040259
0.037429
0.030243
0.019829
0.0098871
0.0030289
0.00067429
0.00018318
0.0012481
0.0030396
0.004998
0.0060238
0.0060685
0.0059519
0.0043541
-0.00045255
-0.0070839
-0.011418
-0.012677
-0.011128
-0.007606
-0.0035512
-0.0011623
-0.00039461
-0.0011333
-0.0029994
-0.0067159
-0.010141
-0.012631
-0.015369
-0.016916
-0.015699
-0.012616
-0.0088009
-0.003165
0.0031365
0.0094867
0.016532
0.022769
0.026001
0.025712
0.022028
0.015938
0.0083264
0.0030185
0.0019192
0.0030488
0.0058913
0.0086294
0.0089182
0.0071191
0.0051643
0.0013985
-0.0044348
-0.010642
-0.015736
-0.01847
-0.017823
-0.01289
-0.008261
-0.0050683
-0.0026151
-0.00034542
0.001612
0.0020309
0.0018637
0.00032433
-0.0031795
-0.0076926
-0.011118
-0.012642
-0.012672
-0.01147
-0.0095157
-0.0085005
-0.0088928
-0.0089627
-0.0093425
-0.010477
-0.010721
-0.011096
-0.011418
-0.010181
-0.0086451
-0.008905
-0.010937
-0.012525
-0.0133
-0.0156
-0.018686
-0.022434
-0.027075
-0.029818
-0.029687
-0.028691
-0.027251
-0.026846
-0.028241
-0.031177
-0.035263
-0.038429
-0.038301
-0.035185
-0.02895
-0.02075
-0.013757
-0.01027
-0.00797
-0.0035147
0.0004514
0.00072955
-0.00062762
-0.0020814
-0.0037123
-0.0061784
-0.0087795
-0.0092438
-0.0057864
-0.0015139
0.001468
0.004123
0.0058803
0.0067245
0.0060035
0.0052167
0.0056315
0.0065232
0.0084418
0.011222
0.01426
0.017714
0.022226
0.026433
0.030037
0.032531
0.034252
0.033563
0.031003
0.028476
0.02627
0.024149
0.021873
0.020089
0.019184
0.019474
0.019489
0.018676
0.01723
0.01517
0.012063
0.0093224
0.010348
0.013524
0.017653
0.020929
0.022117
0.022011
0.019577
0.013553
0.0062932
0.00214
0.0014206
0.0041344
0.0095416
0.015294
0.018217
0.017721
0.015823
0.012904
0.0099933
0.0067871
0.0019196
-0.00086778
-0.00039052
0.0018527
0.0056277
0.0095214
0.010793
0.0093062
0.0042937
-0.0030185
-0.010259
-0.014943
-0.015919
-0.015759
-0.014996
-0.012672
-0.0099919
-0.0084406
-0.0072699
-0.0057853
-0.0049822
-0.005318
-0.0057033
-0.0054298
-0.0034962
-6.8917e-05
0.0030744
0.006049
0.0088246
0.01111
0.01368
0.01734
0.020225
0.022924
0.025523
0.026823
0.027138
0.029225
0.031545
0.030713
0.026411
0.018827
0.0098677
0.0013711
-0.0068873
-0.015376
-0.021444
-0.023119
-0.02283
-0.021607
-0.019371
-0.014638
-0.0079836
-0.0024551
0.0006463
0.001962
0.0033621
0.0060531
0.0079643
0.0081352
0.0051143
-0.00018982
-0.0052449
-0.010034
-0.014512
-0.01789
-0.019394
-0.01931
-0.019495
-0.020797
-0.021763
-0.020906
-0.019112
-0.016474
-0.013337
-0.010725
-0.0078223
-0.0057382
-0.006013
-0.0078452
-0.0089933
-0.010042
-0.01025
-0.0081685
-0.0057224
-0.0050306
-0.005047
-0.0048765
-0.0060807
-0.009834
-0.014711
-0.018778
-0.020822
-0.02184
-0.022828
-0.024143
-0.024826
-0.024245
-0.022777
-0.021124
-0.020362
-0.020928
-0.020677
-0.019966
-0.020183
-0.020297
-0.020411
-0.020226
-0.020487
-0.021426
-0.022676
-0.023473
-0.023392
-0.02124
-0.018092
-0.015345
-0.011835
-0.0088614
-0.0068178
-0.0048386
-0.0014404
0.00090238
0.0050716
0.010458
0.011709
0.012712
0.016449
0.018236
0.018384
0.017822
0.017369
0.017051
0.016202
0.015472
0.014207
0.011089
0.0071105
0.0025517
0.00041668
0.00015164
0.0026504
0.0097476
0.01765
0.024429
0.030315
0.034465
0.036861
0.037005
0.035407
0.033375
0.031193
0.02895
0.027721
0.027369
0.026337
0.024753
0.02299
0.020636
0.018988
0.018348
0.018988
0.021893
0.024685
0.026639
0.026542
0.024062
0.020325
0.015304
0.011057
0.0092271
0.0073447
0.0058817
0.0057501
0.006156
0.0059784
0.0065812
0.0081933
0.0090907
0.0095469
0.0094006
0.0086034
0.0079872
0.0083108
0.010309
0.012856
0.013612
0.013022
0.012394
0.010249
0.0047927
-0.0024024
-0.0075864
-0.0083213
-0.0073322
-0.0066564
-0.0071709
-0.0086257
-0.011101
-0.013075
-0.015539
-0.018944
-0.022028
-0.024808
-0.026612
-0.026722
-0.026363
-0.023304
-0.019217
-0.015614
-0.011154
-0.0055448
-0.00014322
0.0045029
0.0088606
0.010963
0.010756
0.010105
0.0080873
0.004802
0.0011748
-0.0013971
-0.0022831
-0.0010896
0.0017147
0.0043223
0.0070389
0.011281
0.015812
0.017352
0.017304
0.018561
0.020431
0.023672
0.026561
0.028228
0.029087
0.027745
0.024412
0.018433
0.010599
0.002835
-0.0042634
-0.0089592
-0.010713
-0.011321
-0.011862
-0.012504
-0.013499
-0.015614
-0.018164
-0.020711
-0.023129
-0.025289
-0.027276
-0.029413
-0.030831
-0.032357
-0.033175
-0.032946
-0.032429
-0.030436
-0.028387
-0.026636
-0.023388
-0.019007
-0.014434
-0.010066
-0.004847
0.0014997
0.0063252
0.0099677
0.013193
0.01635
0.019344
0.020578
0.019147
0.016901
0.014556
0.010297
0.0050682
-9.629e-05
-0.0036361
-0.0043014
-0.0041608
-0.0033317
-0.0025603
-0.002824
-0.005527
-0.011772
-0.019224
-0.025848
-0.029837
-0.032632
-0.03375
-0.034645
-0.034387
-0.033577
-0.033173
-0.033037
-0.032384
-0.030352
-0.027293
-0.022512
-0.017263
-0.013581
-0.011216
-0.010808
-0.010932
-0.012363
-0.012602
-0.011851
-0.011127
-0.0098731
-0.0085733
-0.0083649
-0.0083422
-0.0085035
-0.0081529
-0.0071123
-0.0025676
0.0016186
0.0059444
0.0093046
0.009765
0.0094696
0.0096909
0.011022
0.012288
0.012302
0.011225
0.009692
0.0071822
0.0047552
0.0015608
-0.0018869
-0.0040381
-0.0038523
-0.0020444
-0.00090977
-0.0012514
-0.0018655
-0.0022865
-0.0023832
-0.0010914
0.0013905
0.0041035
0.0063958
0.0069576
0.0069776
0.0069247
0.0078592
0.0095705
0.010724
0.011244
0.011197
0.01001
0.0097796
0.0079046
0.0048007
0.0015851
-0.0005944
-0.001101
-0.0016315
-0.0019664
-0.0023644
-0.0043125
-0.0070597
-0.0086339
-0.008445
-0.0075908
-0.006934
-0.0056499
-0.0036229
-0.0028394
-0.0037399
-0.0042927
-0.0028814
-0.0011022
-4.7234e-06
0.00040684
0.00027318
-0.0001818
-0.00072773
-0.0006951
-0.00096717
-0.0021198
-0.0024164
-0.0017008
-0.00030019
0.0014342
0.0041678
0.0059935
0.0063357
0.0057169
0.0033133
0.00059027
-0.0013052
-0.0032406
-0.0068714
-0.010713
-0.013649
-0.014749
-0.015129
-0.014958
-0.013811
-0.0118
-0.0090711
-0.0064329
-0.0034915
-0.0011421
0.00010649
0.00073649
0.0018358
0.001333
0.00048489
-0.00010859
-0.00079712
-0.00044543
0.00039948
0.0019335
0.0041684
0.0061089
0.0071233
0.0079403
0.0066673
0.0052563
0.0055503
0.0062856
0.0063949
0.0063561
0.0064759
0.0058347
0.0047352
0.0033947
0.0015373
-0.0011515
-0.0042622
-0.0081244
-0.011153
-0.012745
-0.012125
-0.010132
-0.0074121
-0.0045749
-0.0027571
-0.00158
9.0474e-06
0.0013556
0.0020885
0.0019357
0.0023902
0.0029521
0.0044147
0.0061931
0.0068827
0.0062734
0.0039461
0.0014021
-0.00084881
-0.0030946
-0.0038402
-0.0027299
-0.0020048
-0.0021738
-0.0020347
-5.0503e-05
0.0023726
0.0050732
0.008315
0.010472
0.010523
0.0085658
0.0044462
0.00031468
-0.001091
-0.0021461
-0.00055423
0.0029405
0.0065631
0.0075963
0.0057348
0.0030493
0.00060201
-0.00092295
-0.0028142
-0.0041042
-0.0031639
0.0014614
0.0067619
0.010421
0.011748
0.011727
0.010616
0.0090206
0.0056075
0.0019354
0.0001186
0.00010855
-0.00014259
-1.6527e-06
0.0012099
0.0026564
0.0035879
0.0031196
0.0027833
0.0034266
0.0043529
0.0046645
0.0039753
0.0024881
0.00097009
0.00028772
-0.00034902
-0.0014808
-0.0017083
-0.0017522
-0.0023933
-0.0025022
-0.0012691
-0.00011243
0.0016357
0.0042321
0.0059452
0.0061106
0.0039316
0.00022477
-0.0026269
-0.0044497
-0.0049929
-0.0058076
-0.0059326
-0.0048062
-0.0037731
-0.0041258
-0.0052949
-0.0072502
-0.0081155
-0.0076916
-0.0056234
-0.0035316
-0.0018764
0.0010155
0.0029699
0.0032649
0.0019048
0.00038837
-0.0026882
-0.0076003
-0.012205
-0.015708
-0.018989
-0.02017
-0.019509
-0.019776
-0.020908
-0.022255
-0.023347
-0.024002
-0.023694
-0.022782
-0.020856
-0.018707
-0.016814
-0.014806
-0.013661
-0.013157
-0.012969
-0.012898
-0.012227
-0.010096
-0.0073102
-0.0037552
0.00024186
0.0018569
0.0021882
0.0026334
0.0036777
0.0049427
0.0060602
0.0077006
0.0091489
0.01035
0.011721
0.013217
0.015027
0.016443
0.018598
0.020651
0.020984
0.019611
0.018676
0.018349
0.017183
0.01686
0.017041
0.017676
0.018733
0.020926
0.022542
0.022775
0.023514
0.023902
0.023783
0.023727
0.023901
0.024869
0.02669
0.028366
0.02913
0.029908
0.030626
0.029955
0.028022
0.025627
0.022192
0.019169
0.01794
0.017982
0.018388
0.019206
0.020205
0.020726
0.020313
0.018809
0.016451
0.014653
0.013609
0.013467
0.012846
0.011872
0.010708
0.0097561
0.0093973
0.0092631
0.0089811
0.0082184
0.0078222
0.0076819
0.0065173
0.0045336
0.0030147
0.0025404
0.0020725
0.00080459
-0.00063123
-0.00040261
0.0001144
0.00092859
0.0019233
0.0024085
0.0024709
0.0026668
0.0026731
0.0033382
0.0043479
0.0047006
0.00442
0.0035572
0.0030919
0.0032658
0.0031452
0.0028605
0.0028635
0.0029641
0.0027657
0.0032262
0.004744
0.0062532
0.0073754
0.0080509
0.0082343
0.009051
0.0098201
0.010074
0.010086
0.010036
0.010266
0.010166
0.0089211
0.0070174
0.0056974
0.0043574
0.0038762
0.0034085
0.0021875
0.00069299
0.00046682
0.0010698
0.0019424
0.0028075
0.0044848
0.0063093
0.0073778
0.0068943
0.0062295
0.0055954
0.0051146
0.006029
0.0082822
0.0099035
0.010166
0.009456
0.0080078
0.0053496
0.002128
-0.00075033
-0.0034792
-0.006097
-0.0086345
-0.011198
-0.011609
-0.01151
-0.012153
-0.011813
-0.010322
-0.0086635
-0.0073902
-0.005865
-0.0035809
-0.0014053
0.0002277
0.0023439
0.0034103
0.0040376
0.0043099
0.0042987
0.0053567
0.0057998
0.0053439
0.0043802
0.0020009
0.00036331
-0.0012214
-0.0035098
-0.0047333
-0.0049451
-0.0052668
-0.0046398
-0.0045576
-0.0054012
-0.0063427
-0.0067819
-0.0076174
-0.0085578
-0.0090413
-0.0097425
-0.010168
-0.010938
-0.011423
-0.011437
-0.011958
-0.011629
-0.011143
-0.010472
-0.0097361
-0.010088
-0.010463
-0.010551
-0.011801
-0.014336
-0.015243
-0.016574
-0.019363
-0.021188
-0.022701
-0.024166
-0.026468
-0.028115
-0.029384
-0.030136
-0.030194
-0.029449
-0.027234
-0.025502
-0.025157
-0.025657
-0.025263
-0.023887
-0.023222
-0.022244
-0.020572
-0.019566
-0.019485
-0.019036
-0.01769
-0.016931
-0.01599
-0.015304
-0.015935
-0.017043
-0.017834
-0.017519
-0.017306
-0.017426
-0.016529
-0.015484
-0.015138
-0.014994
-0.014223
-0.013329
-0.013675
-0.015108
-0.016242
-0.017082
-0.018309
-0.019565
-0.019335
-0.01908
-0.01946
-0.019322
-0.019426
-0.01921
-0.018625
-0.018067
-0.017503
-0.017274
-0.017235
-0.016459
-0.016229
-0.015786
-0.015015
-0.013921
-0.012333
-0.010444
-0.0088989
-0.0074883
-0.0054088
-0.0031244
-0.0011441
-0.00062789
0.00023552
0.00057641
0.00099844
0.0026416
0.0041503
0.0059863
0.0092094
0.01264
0.014193
0.013975
0.013779
0.013747
0.012849
0.012278
0.013406
0.014182
0.014027
0.013906
0.013964
0.01429
0.014615
0.014099
0.013462
0.012574
0.011635
0.010714
0.010054
0.0092128
0.008599
0.0083464
0.0072073
0.0071523
0.008495
0.0098096
0.01208
0.014212
0.015077
0.015595
0.014786
0.014404
0.014517
0.013801
0.013523
0.013646
0.013193
0.013554
0.014205
0.013823
0.012697
0.011511
0.010432
0.0098493
0.011144
0.013595
0.014517
0.014492
0.014993
0.015986
0.015338
0.014079
0.014036
0.014267
0.014216
0.014102
0.014095
0.014405
0.014362
0.014043
0.013102
0.011556
0.009856
0.007381
0.0058488
0.0050574
0.0044104
0.0047226
0.0061763
0.0079229
0.0088833
0.0090898
0.0094666
0.010193
0.010812
0.010613
0.0097544
0.0094409
0.0091448
0.0084693
0.0071901
0.0056237
0.0045908
0.0041246
0.0029555
0.0013499
-4.8948e-05
-0.00045242
0.00061454
0.002301
0.0031114
0.0038075
0.0046832
0.0054235
0.0057503
0.0055938
0.0046018
0.0037228
0.0030474
0.0019581
0.00019651
-0.0014834
-0.00309
-0.0037541
-0.0043117
-0.0057509
-0.0069847
-0.0070902
-0.0076371
-0.0087672
-0.0085325
-0.007786
-0.007021
-0.0061706
-0.005605
-0.0055831
-0.0063986
-0.0082471
-0.01104
-0.013175
-0.013976
-0.014407
-0.013587
-0.011701
-0.010692
-0.0089784
-0.0062931
-0.0040806
-0.0025705
-0.0015016
-0.00090261
0.00073936
0.0032542
0.005561
0.0081883
0.0096796
0.0090451
0.0096764
0.012056
0.013244
0.013555
0.013659
0.012899
0.010768
0.0074641
0.0055951
0.003924
0.0027129
0.0027199
0.0026438
0.00095858
-0.00030646
-0.00036843
-0.00034999
7.8881e-05
0.00055362
0.0016646
0.0026856
0.0027491
0.0028305
0.0036522
0.0049342
0.0058531
0.0051658
0.003556
0.0023578
0.0011632
0.00073505
0.0010957
0.00096653
0.0010822
0.0010342
0.00087249
0.0010342
0.00070523
0.0010527
0.0010289
7.915e-05
-0.0010995
-0.0020499
-0.0025024
-0.0015169
0.00021922
0.00085208
0.00075172
-8.616e-05
-0.0011576
-0.0017903
-0.0014081
-0.00034999
0.0013474
0.0038548
0.0073442
0.0098463
0.011648
0.013271
0.014205
0.014407
0.013624
0.012678
0.010819
0.0086683
0.0072854
0.0067535
0.0062881
0.0056209
0.0056417
0.0054273
0.0052403
0.0045394
0.0032131
0.0026698
0.0026519
0.0036304
0.0049056
0.004523
0.0028123
0.0014237
0.0013897
0.0017212
0.002405
0.0033478
0.0036425
0.0035086
0.0031926
0.0022484
0.0012249
0.0014303
0.002275
0.003125
0.0032116
0.0025488
0.0019846
0.0020064
0.0019969
0.00058239
-0.0010253
-0.00093703
6.0435e-05
-0.00024991
-0.0012883
-0.0014032
-0.0017813
-0.0025024
-0.0052525
-0.0095024
-0.012252
-0.013056
-0.013689
-0.014238
-0.015097
-0.015527
-0.015249
-0.01566
-0.016248
-0.017117
-0.018414
-0.020523
-0.022391
-0.024124
-0.025857
-0.025836
-0.025078
-0.022721
-0.019715
-0.015322
-0.011259
-0.0089663
-0.0073595
-0.0068338
-0.0057964
-0.0047638
-0.0049281
-0.0053754
-0.0054816
-0.0063611
-0.0083007
-0.010834
-0.013171
-0.015338
-0.017315
-0.018863
-0.019468
-0.019755
-0.02066
-0.02121
-0.022287
-0.021768
-0.019927
-0.018969
-0.018667
-0.018252
-0.017526
-0.016148
-0.014653
-0.012473
-0.010534
-0.0092659
-0.0060813
-0.0035006
-0.0033694
-0.002953
-0.0020225
-0.0011357
0.00010745
0.0012779
0.0025748
0.0037105
0.0054
0.0072824
0.0088132
0.010685
0.01301
0.014099
0.014428
0.015228
0.015759
0.016492
0.016968
0.016206
0.016155
0.01622
0.015673
0.014118
0.012582
0.011132
0.0097412
0.0089109
0.0087836
0.0084735
0.0073187
0.0062459
0.0055597
0.005474
0.0059984
0.0059452
0.0047826
0.0036762
0.0024698
0.00071417
-0.001813
-0.0034282
-0.0037071
-0.00399
-0.0048705
-0.0057472
-0.0069221
-0.0075014
-0.0073759
-0.0065184
-0.005882
-0.0062826
-0.0058823
-0.004909
-0.0041359
-0.0045825
-0.0041317
-0.0029527
-0.0023593
-0.00081356
0.00083576
0.0011389
0.0021168
0.0031214
0.0031028
0.0019698
0.0007518
-0.00015376
-0.0016035
-0.0022337
-0.0029731
-0.00402
-0.0042065
-0.0042206
-0.0039746
-0.003499
-0.0030292
-0.0021244
-0.0010464
0.00031553
0.001774
0.0027852
0.0031387
0.0025792
0.0017077
0.00083578
-0.00082074
-0.0037372
-0.0058499
-0.0061351
-0.006507
-0.0071511
-0.0071563
-0.0072189
-0.0072389
-0.0072086
-0.0075133
-0.0080956
-0.0089437
-0.009178
-0.0095519
-0.010398
-0.010461
-0.0093842
-0.0084562
-0.0086545
-0.0085871
-0.0091782
-0.010463
-0.01228
-0.013994
-0.015153
-0.016231
-0.015939
-0.015052
-0.013524
-0.011622
-0.0098424
-0.00827
-0.0073389
-0.0067066
-0.0057883
-0.0041195
-0.0024822
-0.0016186
-0.00038055
0.0015032
0.0031746
0.0044082
0.0059218
0.0066839
0.0068739
0.007118
0.0066297
0.0056754
0.0047684
0.0042545
0.0039274
0.0039856
0.0046227
0.0039018
0.0020903
0.0012313
0.00058607
-0.0012279
-0.0013009
0.00068874
0.0011487
0.0012146
0.0025566
0.0033131
0.002973
0.0041903
0.0058289
0.0067133
0.0077365
0.0078966
0.0075561
0.0071014
0.0064099
0.0059688
0.0052023
0.0039287
0.0033002
0.0045653
0.0057814
0.0069591
0.0082776
0.0086618
0.0084278
0.0083926
0.0087344
0.0084941
0.0076321
0.0070143
0.0068927
0.0062363
0.0054747
0.0050107
0.0048096
0.0048707
0.004862
0.0044017
0.0039612
0.0034784
0.0029635
0.001519
0.00058368
0.00074784
0.0011735
0.0008036
0.00037435
0.00052734
0.00035927
-4.7203e-05
-0.0003009
-0.00013691
0.00012415
-0.0003201
-0.0001624
0.00056098
0.00078583
0.001593
0.0028843
0.0032828
0.003596
0.0037557
0.0038282
0.0032763
0.003315
0.001665
0.00057459
0.00095503
0.001045
0.00034635
-0.0002642
-0.00050584
-0.00055388
-0.00075253
-0.0010785
-0.0014451
-0.0010769
0.00042899
0.0015372
0.0020332
0.0030249
0.0044524
0.005314
0.0059297
0.0071197
0.0077821
0.0075177
0.0068618
0.0068491
0.0071927
0.0081389
0.0096276
0.010681
0.011428
0.012247
0.012505
0.012097
0.01228
0.012858
0.01134
0.010129
0.0088382
0.0065938
0.0048831
0.0035388
0.001434
-0.00089889
-0.0034142
-0.0038687
-0.0036763
-0.0037731
-0.003502
-0.0030997
-0.0020274
-0.00014214
0.00081463
0.0011139
0.0029043
0.0032357
0.0027645
0.0029566
0.0034517
0.0040276
0.004871
0.0054199
0.0052766
0.0052832
0.0053534
0.0056458
0.0065509
0.0065154
0.0062233
0.006875
0.0072767
0.0070602
0.0064828
0.0061212
0.0069864
0.0076964
0.0077616
0.008407
0.0088446
0.0087617
0.0089727
0.0094616
0.0089711
0.0088132
0.0084879
0.0064926
0.00525
0.0049856
0.0053766
0.0056037
0.0061518
0.0073737
0.0081221
0.0089824
0.0091271
0.0091993
0.0095643
0.0094386
0.0088432
0.0077725
0.006702
0.0059334
0.0049264
0.0038962
0.0024057
0.00082707
1.2148e-05
0.00034286
0.0013557
0.0023355
0.0029489
0.003661
0.0040915
0.004455
0.0045066
0.0044087
0.0048925
0.0051976
0.0050892
0.0052624
0.0055207
0.0055076
0.005192
0.0047433
0.0043889
0.0040797
0.0036334
0.0032069
0.0028129
0.0020965
0.0020538
0.0018554
0.0009858
0.00064244
7.3689e-06
-0.0015075
-0.0033407
-0.0051937
-0.0065896
-0.0076767
-0.0090337
-0.0098522
-0.01096
-0.013065
-0.014599
-0.014745
-0.013919
-0.013259
-0.012063
-0.0094394
-0.0071808
-0.0060595
-0.0043658
-0.0037953
-0.0049803
-0.0055392
-0.0057929
-0.0071184
-0.0077332
-0.0071122
-0.0071079
-0.0073566
-0.0070258
-0.0068852
-0.0068704
-0.0067299
-0.0071218
-0.0072652
-0.0076305
-0.0079024
-0.0077951
-0.0084515
-0.0096123
-0.010353
-0.011575
-0.011047
-0.010193
-0.010843
-0.011326
-0.011385
-0.010195
-0.0083983
-0.0075361
-0.0067573
-0.0063242
-0.0059245
-0.0063126
-0.0067322
-0.0072526
-0.0073943
-0.007881
-0.0078551
-0.0078326
-0.0081432
-0.0083449
-0.0080565
-0.0077694
-0.0074066
-0.007034
-0.0073101
-0.0077764
-0.0075507
-0.0072583
-0.0066537
-0.0064804
-0.0070085
-0.0067355
-0.0062432
-0.0055702
-0.0049464
-0.0038765
-0.0022728
-0.00040133
0.0010111
0.0024151
0.003234
0.0036265
0.0036002
0.0029969
0.0022874
0.001478
0.0013688
0.00064391
-0.00050176
-0.0010812
-0.0017466
-0.0017873
-0.0023416
-0.0044357
-0.0059436
-0.0059954
-0.0054857
-0.0054154
-0.0058838
-0.0063751
-0.0066245
-0.0068085
-0.0067952
-0.0066999
-0.0068205
-0.0070023
-0.0058739
-0.00557
-0.0053524
-0.0047872
-0.0042261
-0.0041439
-0.0051142
-0.0062551
-0.0067371
-0.0069995
-0.007693
-0.0080511
-0.0081682
-0.0084517
-0.0085856
-0.0081572
-0.0073986
-0.006657
-0.0056962
-0.0042491
-0.0029205
-0.0020277
-0.0011641
-0.00087277
-0.00054321
-0.00082584
-0.0014503
-0.0020181
-0.0025912
-0.002193
-0.0012962
-0.00091996
-0.0010765
-0.0016388
-0.0019447
-0.0030189
-0.0035333
-0.0036383
-0.0035554
-0.0025795
-0.00081707
0.00072154
0.0016536
0.0026997
0.0025284
0.0021575
0.0016451
0.0011407
0.00082468
0.00033018
0.00051582
0.00069042
0.00020571
0.0010458
0.0025466
0.0030659
0.0036462
0.003817
0.004055
0.0044541
0.0054907
0.006547
0.0074032
0.0094324
0.011206
0.011213
0.010931
0.010988
0.011055
0.011675
0.013479
0.014522
0.014956
0.015691
0.015211
0.014133
0.012615
0.011481
0.009593
0.0076549
0.0064652
0.0056896
0.0042764
0.0040249
0.0043152
0.0048993
0.0061095
0.006413
0.0062118
0.0063564
0.00691
0.0065215
0.0060661
0.005081
0.0053505
0.0073534
0.0073191
0.006616
0.0063359
0.0063704
0.0072313
0.0074422
0.0064254
0.0060498
0.005513
0.0053407
0.0048797
0.0038706
0.0032961
0.00286
0.00239
0.0023377
0.0018896
0.0017208
0.0031114
0.0034309
0.0028721
0.0030492
0.0037522
0.0038586
0.0037281
0.0037073
0.0040819
0.003878
0.0034314
0.0025571
0.0016136
0.0011976
0.00025651
-0.00050065
-0.00016497
0.00078379
0.0010691
0.00095964
0.00099192
0.0024196
0.0027559
0.002759
0.0027327
0.0037101
0.00434
0.0050277
0.0062657
0.0076999
0.0083915
0.0079111
0.0076769
0.0063748
0.0053174
0.0048689
0.0044322
0.0040016
0.0041295
0.0047632
0.0055104
0.0052097
0.0052672
0.0056493
0.0047004
0.0037569
0.0034441
0.0030406
0.0025345
0.0013176
0.00035435
-0.001012
-0.002539
-0.0042514
-0.0058243
-0.0064234
-0.0064747
-0.0064319
-0.0060731
-0.0052286
-0.0047348
-0.003955
-0.0035434
-0.0028183
-0.0024801
-0.0024828
-0.0031991
-0.0039065
-0.0056498
-0.0067128
-0.0065953
-0.006661
-0.006695
-0.0071123
-0.0079223
-0.0076241
-0.0068131
-0.0080534
-0.0094787
-0.010223
-0.010551
-0.010527
-0.011038
-0.012489
-0.013869
-0.013047
-0.012379
-0.012262
-0.012152
-0.011763
-0.011262
-0.011345
-0.010748
-0.0097261
-0.0089088
-0.0082869
-0.0075625
-0.0066849
-0.0055867
-0.0065086
-0.0076926
-0.0067878
-0.0064248
-0.0061948
-0.0047717
-0.0040838
-0.0042264
-0.0042452
-0.0039276
-0.0037641
-0.0036452
-0.0028726
-0.0017481
9.8247e-06
0.0014424
0.0020712
0.003195
0.0043417
0.0043989
0.0044907
0.0050058
0.0056361
0.0051906
0.0046357
0.0042584
0.0049891
0.0065584
0.0077147
0.0083697
0.0088345
0.0091491
0.0094116
0.009311
0.0087598
0.008288
0.0081348
0.0075431
0.0068791
0.0057265
0.0042627
0.0037329
0.0035247
0.0035704
0.0035825
0.0032496
0.0035344
0.0042747
0.0047453
0.0053254
0.005833
0.0057822
0.0056393
0.005309
0.0046962
0.0045132
0.0046903
0.0047615
0.0051768
0.0052463
0.0050727
0.0050722
0.0046204
0.0041433
0.0039302
0.0035966
0.0029309
0.0018009
0.0015477
0.0015183
0.0013815
0.0013086
0.00098765
0.00032321
-0.00039719
-0.0010415
-0.00084559
-0.00064977
-0.0007704
-0.0012734
-0.0014625
-0.0015208
-0.0016723
-0.0017729
-0.0018304
-0.0023183
-0.0027687
-0.002788
-0.0028024
-0.0037669
-0.0040923
-0.0038025
-0.0032713
-0.0029381
-0.0026893
-0.0019731
-0.0014973
-0.0011645
-0.00043546
0.00040161
0.00054354
0.00049793
0.00067807
0.0006299
0.00011049
-0.00028548
-0.00043612
-0.0010393
-0.0015491
-0.0017577
-0.0021378
-0.0025647
-0.0026646
-0.0032875
-0.0034419
-0.0031664
-0.0031111
-0.0028873
-0.0024737
-0.0023686
-0.0022596
-0.0017729
-0.001458
-0.0013534
-0.0015656
-0.0012303
-0.00052017
-0.00019917
0.00027394
0.00078796
0.00088955
0.00065724
0.00030722
0.00018726
0.00021147
-3.5508e-05
-0.00016313
8.7106e-06
0.00015466
-4.8532e-05
-0.0004341
-0.00043722
-0.00051022
-0.00063319
-0.00063479
-0.00050786
-0.00033002
-0.00043977
-0.0004412
-0.00035958
-0.00047517
-0.00042479
-0.00021701
-0.00018078
-0.00027224
-0.00054834
-0.00094729
-0.0011578
-0.0013816
-0.0014574
-0.0013981
-0.0014369
-0.0015309
-0.0015241
-0.0016192
-0.001734
-0.0018299
-0.0018154
-0.0018676
-0.0020778
-0.0020701
-0.0020097
-0.0018028
-0.0016475
-0.0018297
-0.0019972
-0.0016749
-0.0016065
-0.0018817
-0.0019268
-0.0018692
-0.0019538
-0.0019064
-0.0017194
-0.0015382
-0.001248
-0.00087292
-0.00063417
-0.00058202
-0.00051726
-0.00041884
-0.00037882
-0.00030261
-0.00028651
-0.00029277
-0.00023569
-0.00021164
-0.00021484
-0.00019831
-0.000141
-0.00020404
-0.000275
-0.00023893
-0.00013525
-3.6929e-05
4.3028e-05
0.00013657
0.00025659
0.00034458
0.00041194
0.00048976
0.00054345
0.00055631
0.00060723
0.00069598
0.0007496
0.00074178
0.00074961
0.00076737
0.00077116
0.00081794
0.00082694
0.00078724
0.00074591
0.00068928
0.00065027
0.00065967
0.00067177
0.00066812
0.000649
0.00062835
0.00060976
0.00059035
0.00056224
0.00053862
0.00051196
0.00047353
0.0004643
0.00045998
0.00043978
0.00042539
0.00041175
0.00039554
0.00038268
0.00036807
0.00036113
0.00035839
0.00035885
0.00035797
0.00034993
0.0003452
0.00033425
0.00032207
0.00031085
0.00029519
0.00027986
0.00027086
0.00026369
0.00025851
0.00025703
0.00025619
0.00025324
0.00024941
0.00024474
0.0002397
0.00023448
0.00022923
0.00022416
0.00021919
0.00021424
0.00020922
0.00020305
0.00019694
0.00019046
0.00018278
0.00017578
0.00016951
0.00016237
0.00015514
0.00014831
0.00014171
0.00013531
0.00012898
0.00012273
0.00011635
0.00010996
0.00010355
9.7226e-05
9.0707e-05
8.4188e-05
7.7719e-05
7.1275e-05
6.4894e-05
5.8505e-05
5.2108e-05
4.572e-05
3.9305e-05
3.2847e-05
2.6339e-05
1.9783e-05
1.3182e-05
6.5301e-06
-1.7168e-07
-6.9237e-06
-1.3726e-05
-2.0578e-05
-2.7478e-05
-3.4426e-05
