0.021984
0.021808
0.021639
0.021515
0.021442
0.021439
0.021469
0.021573
0.021741
0.021984
0.02222
0.022448
0.022661
0.022993
0.02345
0.023825
0.023905
0.023596
0.0223
0.020127
0.017589
0.015651
0.014326
0.014187
0.014663
0.015608
0.01609
0.016177
0.016114
0.016258
0.016662
0.017173
0.018152
0.019574
0.020882
0.022459
0.023256
0.02308
0.0217
0.018804
0.016611
0.015824
0.01681
0.020547
0.025447
0.030788
0.034502
0.034611
0.033433
0.032689
0.032912
0.034042
0.034988
0.033713
0.028595
0.02141
0.015305
0.012422
0.012745
0.015705
0.019158
0.021974
0.021943
0.017526
0.010578
0.003595
-0.0034752
-0.0061631
-0.0072133
-0.0039954
0.0081271
0.026515
0.044862
0.055862
0.05814
0.052321
0.038269
0.020771
0.0057498
-0.0046966
-0.010445
-0.005476
0.0094484
0.029862
0.049633
0.059628
0.06121
0.055986
0.04634
0.036035
0.028492
0.029765
0.038388
0.04828
0.054871
0.058027
0.057146
0.055096
0.050778
0.042493
0.032817
0.025943
0.023105
0.021409
0.016685
0.0097599
0.0034388
-0.0027563
-0.00848
-0.012831
-0.016432
-0.01916
-0.020229
-0.019116
-0.018021
-0.017497
-0.016228
-0.013839
-0.0074413
0.00070827
0.0052228
0.0062946
0.004703
0.00085665
-0.0027831
-0.0055711
-0.0089771
-0.011592
-0.011039
-0.0097813
-0.009398
-0.0091445
-0.0072803
-0.0033529
-1.6519e-05
-0.00089187
-0.0059853
-0.012877
-0.017594
-0.017031
-0.0092426
0.0070349
0.030761
0.055306
0.071893
0.075995
0.068436
0.053978
0.036301
0.017782
0.00084097
-0.014657
-0.027481
-0.036708
-0.043116
-0.048553
-0.05379
-0.062604
-0.075435
-0.087543
-0.099061
-0.10867
-0.11825
-0.12681
-0.13476
-0.14283
-0.15094
-0.15967
-0.16811
-0.17556
-0.18142
-0.18478
-0.18565
-0.18623
-0.18957
-0.19925
-0.21046
-0.22172
-0.23334
-0.24459
-0.25481
-0.26463
-0.27474
-0.28316
-0.2883
-0.29511
-0.30544
-0.31688
-0.32279
-0.32576
-0.32709
-0.32607
-0.32151
-0.31344
-0.30298
-0.29231
-0.28191
-0.27096
-0.26159
-0.25837
-0.25885
-0.25935
-0.25754
-0.25271
-0.24665
-0.24167
-0.24235
-0.24575
-0.24876
-0.24811
-0.23982
-0.22275
-0.20162
-0.17866
-0.1574
-0.1383
-0.11575
-0.087166
-0.049041
-0.0034535
0.044117
0.088922
0.12765
0.16055
0.18826
0.20963
0.22315
0.23187
0.24052
0.24975
0.25893
0.26771
0.27645
0.28626
0.29814
0.31228
0.32786
0.3443
0.36025
0.37588
0.39076
0.40397
0.41319
0.41863
0.42083
0.4203
0.41709
0.41137
0.40367
0.39368
0.37916
0.35881
0.33127
0.29311
0.24754
0.2037
0.16693
0.13521
0.10047
0.061134
0.02197
-0.012663
-0.039879
-0.054978
-0.056489
-0.046213
-0.027405
-0.0044546
0.015823
0.025122
0.023593
0.016317
0.0060532
-0.0056534
-0.019185
-0.033523
-0.046511
-0.056068
-0.061593
-0.062641
-0.060351
-0.056296
-0.049566
-0.037583
-0.018544
0.0056389
0.030321
0.049296
0.058605
0.056557
0.046987
0.03398
0.018793
0.0025568
-0.012627
-0.026076
-0.0375
-0.049699
-0.064796
-0.082869
-0.1034
-0.12594
-0.14749
-0.1628
-0.1685
-0.16679
-0.162
-0.1583
-0.158
-0.15999
-0.16203
-0.16476
-0.17135
-0.18445
-0.20547
-0.23321
-0.26597
-0.29611
-0.31628
-0.32553
-0.3208
-0.30477
-0.28688
-0.27332
-0.26478
-0.26202
-0.26379
-0.26485
-0.26174
-0.25347
-0.2412
-0.22666
-0.21056
-0.19545
-0.18284
-0.17044
-0.1553
-0.13521
-0.10455
-0.059046
0.00010854
0.057504
0.10657
0.14821
0.17902
0.21552
0.25212
0.27814
0.29792
0.31474
0.33367
0.35372
0.37067
0.38341
0.39387
0.40173
0.40707
0.4117
0.41406
0.41357
0.41176
0.40959
0.40673
0.40205
0.39645
0.39138
0.38631
0.37902
0.36843
0.35736
0.34934
0.34711
0.35086
0.3584
0.3689
0.3792
0.38334
0.37667
0.36015
0.33834
0.314
0.28939
0.26789
0.24895
0.22835
0.20499
0.18277
0.1661
0.15796
0.15672
0.15627
0.15246
0.14452
0.13355
0.12197
0.11253
0.10708
0.10549
0.10607
0.10748
0.11144
0.11945
0.13055
0.14332
0.15797
0.17447
0.19091
0.20464
0.2153
0.22449
0.23139
0.23657
0.23838
0.23682
0.23335
0.22812
0.22045
0.20887
0.19428
0.17641
0.15661
0.13618
0.11715
0.098471
0.078955
0.057142
0.031373
0.0032267
-0.027883
-0.059689
-0.091179
-0.12355
-0.15282
-0.18094
-0.20407
-0.22646
-0.24821
-0.2677
-0.2855
-0.30227
-0.31908
-0.33189
-0.33676
-0.3384
-0.33813
-0.33272
-0.31961
-0.30154
-0.28129
-0.25972
-0.23411
-0.21122
-0.19002
-0.17265
-0.15965
-0.15357
-0.15339
-0.15785
-0.16859
-0.18405
-0.20399
-0.22544
-0.24794
-0.26865
-0.286
-0.29992
-0.31152
-0.32101
-0.3269
-0.32955
-0.32738
-0.31968
-0.30701
-0.2912
-0.27582
-0.25895
-0.24228
-0.22675
-0.21098
-0.19495
-0.17852
-0.16261
-0.14941
-0.13782
-0.12828
-0.12113
-0.11528
-0.11001
-0.1044
-0.098594
-0.093114
-0.087457
-0.080717
-0.072777
-0.064013
-0.054328
-0.044426
-0.033966
-0.021562
-0.006272
0.0099077
0.025769
0.039256
0.04839
0.053127
0.056137
0.058374
0.059923
0.061542
0.063215
0.062564
0.061077
0.059834
0.058067
0.055247
0.053139
0.05256
0.053082
0.055359
0.061909
0.069102
0.074645
0.080844
0.084623
0.086156
0.085788
0.082139
0.07518
0.064755
0.04929
0.030723
0.011344
-0.0031725
-0.01257
-0.019027
-0.022167
-0.023313
-0.022418
-0.02102
-0.021158
-0.021172
-0.019498
-0.01621
-0.012299
-0.011532
-0.014439
-0.019259
-0.025371
-0.032499
-0.041127
-0.050569
-0.059652
-0.064943
-0.065398
-0.062424
-0.055159
-0.044582
-0.032843
-0.021961
-0.014347
-0.0088163
-0.0050633
-0.0025131
0.00055041
0.0037366
0.0066072
0.0094881
0.011446
0.011322
0.010448
0.0095354
0.009055
0.0085018
0.0081243
0.0088876
0.011035
0.011924
0.010064
0.0067432
0.0027971
-0.0019461
-0.0071906
-0.011254
-0.013034
-0.013185
-0.01213
-0.010222
-0.0078646
-0.0036786
0.0013564
0.0048213
0.0069477
0.0077079
0.0069593
0.006323
0.0048827
0.0015091
-0.0035517
-0.010838
-0.020009
-0.030154
-0.040686
-0.051882
-0.063834
-0.075253
-0.085609
-0.094746
-0.10273
-0.10893
-0.11301
-0.11534
-0.11628
-0.11594
-0.11524
-0.11403
-0.11242
-0.11323
-0.11379
-0.11243
-0.1118
-0.11146
-0.10827
-0.10174
-0.095471
-0.092018
-0.089671
-0.087703
-0.086012
-0.085448
-0.084455
-0.081734
-0.077424
-0.071212
-0.063007
-0.053987
-0.044178
-0.032727
-0.020594
-0.0095067
0.00083935
0.010428
0.018878
0.025388
0.030362
0.036791
0.042902
0.049302
0.057202
0.066169
0.074172
0.081087
0.086728
0.09305
0.099495
0.10523
0.11107
0.11731
0.12366
0.12945
0.13488
0.14022
0.14514
0.14839
0.15024
0.15145
0.15331
0.15611
0.15854
0.15991
0.1609
0.16335
0.16656
0.16828
0.16884
0.1701
0.17094
0.17011
0.16854
0.16675
0.16303
0.15643
0.1479
0.13678
0.1242
0.11171
0.097887
0.082006
0.065271
0.048946
0.033924
0.02013
0.0078699
-0.0019293
-0.0095085
-0.014769
-0.017579
-0.019949
-0.022747
-0.023946
-0.024145
-0.024745
-0.026892
-0.029585
-0.033531
-0.038803
-0.042517
-0.047194
-0.052806
-0.057856
-0.064173
-0.069732
-0.073985
-0.076531
-0.0759
-0.074401
-0.073455
-0.072184
-0.070417
-0.067645
-0.063248
-0.056747
-0.049279
-0.041011
-0.032554
-0.024653
-0.017882
-0.013046
-0.0084047
-0.0060394
-0.0052946
-0.0067555
-0.010655
-0.016174
-0.023394
-0.030808
-0.039961
-0.050665
-0.061603
-0.070341
-0.078259
-0.085124
-0.091161
-0.097306
-0.104
-0.1114
-0.11777
-0.12353
-0.12882
-0.13534
-0.14219
-0.14744
-0.1497
-0.15045
-0.15084
-0.15145
-0.15219
-0.15184
-0.14954
-0.14311
-0.13308
-0.12155
-0.10977
-0.097601
-0.082826
-0.067327
-0.052183
-0.037197
-0.02388
-0.01079
0.0024006
0.014412
0.026067
0.035607
0.043185
0.049362
0.054224
0.060695
0.068052
0.075151
0.0792
0.081098
0.08207
0.08333
0.085419
0.087817
0.088605
0.088816
0.09024
0.092171
0.094084
0.095112
0.095846
0.096031
0.095556
0.095194
0.095335
0.095277
0.095271
0.096552
0.098633
0.099531
0.099886
0.10088
0.10169
0.10134
0.09967
0.095855
0.090954
0.08641
0.08227
0.077753
0.074423
0.073103
0.072212
0.071062
0.070696
0.069966
0.067646
0.063911
0.061004
0.058692
0.056314
0.053552
0.049202
0.04482
0.040597
0.036053
0.032826
0.030781
0.029887
0.029827
0.02846
0.026854
0.027515
0.028911
0.028895
0.028614
0.028709
0.028405
0.027192
0.026255
0.02674
0.027144
0.026311
0.024429
0.022188
0.020467
0.019782
0.018193
0.013821
0.0078989
0.0019147
-0.0039634
-0.0089013
-0.012788
-0.0178
-0.023632
-0.029669
-0.034524
-0.038393
-0.042279
-0.045055
-0.046937
-0.047973
-0.048248
-0.047806
-0.045949
-0.043961
-0.043012
-0.042375
-0.041285
-0.040566
-0.040847
-0.041452
-0.04033
-0.03734
-0.034917
-0.032552
-0.029538
-0.025163
-0.019018
-0.012319
-0.0060324
-0.00098535
0.0044714
0.010276
0.015307
0.018549
0.019791
0.020715
0.021534
0.021667
0.021128
0.019668
0.017201
0.013715
0.011093
0.008147
0.004489
0.00075843
-0.0034429
-0.0075792
-0.011417
-0.015204
-0.019635
-0.025354
-0.030978
-0.035441
-0.038617
-0.041089
-0.042233
-0.042319
-0.041677
-0.041377
-0.041948
-0.04228
-0.041503
-0.040864
-0.040294
-0.039735
-0.038876
-0.039031
-0.039393
-0.03882
-0.038455
-0.038192
-0.038029
-0.038658
-0.041154
-0.045734
-0.050917
-0.057471
-0.065887
-0.074426
-0.083702
-0.092815
-0.10186
-0.10993
-0.1166
-0.12127
-0.12407
-0.12444
-0.12329
-0.12026
-0.11607
-0.10967
-0.10075
-0.09083
-0.080897
-0.070521
-0.060885
-0.051784
-0.043384
-0.035929
-0.028521
-0.022439
-0.017807
-0.013606
-0.0086899
-0.002749
0.0037073
0.010619
0.017904
0.025891
0.033245
0.03952
0.045701
0.051015
0.055111
0.059173
0.062139
0.063972
0.06478
0.064973
0.066518
0.068631
0.070259
0.070866
0.070297
0.070549
0.071635
0.072407
0.072751
0.071752
0.068409
0.065284
0.061132
0.055195
0.048933
0.04295
0.038109
0.035349
0.033703
0.031829
0.030444
0.02991
0.030368
0.031264
0.033293
0.03516
0.036549
0.037305
0.037048
0.037361
0.03761
0.036507
0.036134
0.036254
0.036262
0.036286
0.036255
0.034677
0.031883
0.029838
0.028513
0.025297
0.021536
0.019104
0.016272
0.01275
0.0090103
0.0055691
0.00073071
-0.004789
-0.0094393
-0.013114
-0.016618
-0.019068
-0.019947
-0.020631
-0.022038
-0.024489
-0.025344
-0.024893
-0.024698
-0.02416
-0.023948
-0.02411
-0.02589
-0.027894
-0.030031
-0.031463
-0.032099
-0.033814
-0.036432
-0.037712
-0.038002
-0.038433
-0.039809
-0.040392
-0.038908
-0.038239
-0.037372
-0.035502
-0.033382
-0.030177
-0.025511
-0.020915
-0.016005
-0.011426
-0.0057585
0.00057118
0.0067326
0.013654
0.021503
0.028798
0.035179
0.040275
0.043978
0.047689
0.051635
0.053048
0.054401
0.056482
0.058185
0.059996
0.062081
0.063993
0.064735
0.064711
0.064629
0.064506
0.065062
0.064033
0.061941
0.060719
0.05859
0.056401
0.053302
0.050237
0.048525
0.047265
0.046086
0.043637
0.039354
0.036506
0.032879
0.02968
0.027099
0.02474
0.023128
0.022041
0.020454
0.017553
0.014878
0.013146
0.012041
0.010584
0.010735
0.010157
0.0079794
0.0053024
0.0028964
0.0003964
-0.0018545
-0.0039336
-0.0076409
-0.010445
-0.011894
-0.011612
-0.010644
-0.012088
-0.013838
-0.015113
-0.014573
-0.01364
-0.013329
-0.014184
-0.01513
-0.014881
-0.014244
-0.013494
-0.013272
-0.014272
-0.013674
-0.013414
-0.01516
-0.016078
-0.01727
-0.018426
-0.019547
-0.02104
-0.021509
-0.022291
-0.024341
-0.02499
-0.023243
-0.020463
-0.017731
-0.01539
-0.012834
-0.0098412
-0.007473
-0.005694
-0.0056238
-0.0066073
-0.0058165
-0.004775
-0.0045419
-0.00415
-0.0022925
0.00012328
0.0025654
0.0041622
0.0042508
0.0044855
0.004995
0.0060541
0.0070969
0.0075577
0.0087012
0.0092644
0.0090394
0.008724
0.0081973
0.008011
0.0088017
0.0089924
0.0080766
0.0070337
0.0069502
0.0076989
0.0080919
0.0083069
0.0082713
0.0083588
0.009052
0.0098092
0.01012
0.010249
0.011441
0.012456
0.01318
0.013651
0.013515
0.013739
0.014828
0.016193
0.017538
0.018083
0.018234
0.017604
0.016614
0.015884
0.015982
0.016669
0.017597
0.018142
0.018608
0.018848
0.018375
0.018372
0.019225
0.021297
0.023793
0.02586
0.027141
0.027689
0.0279
0.028129
0.028414
0.029205
0.029894
0.02959
0.027929
0.025851
0.024514
0.023126
0.020303
0.015695
0.011791
0.010263
0.0090449
0.0062697
0.003293
0.00088297
-0.0018086
-0.0044085
-0.0052965
-0.0069159
-0.01106
-0.015245
-0.018532
-0.021325
-0.024246
-0.028121
-0.033214
-0.037435
-0.041461
-0.045173
-0.048026
-0.05177
-0.055752
-0.059276
-0.061326
-0.063364
-0.065769
-0.068426
-0.070437
-0.071329
-0.072003
-0.073131
-0.073771
-0.073247
-0.071795
-0.068308
-0.062828
-0.057117
-0.051178
-0.045461
-0.039219
-0.031962
-0.024527
-0.017513
-0.010175
-0.0033288
0.0032619
0.010128
0.017445
0.02386
0.029209
0.033013
0.037047
0.041093
0.043898
0.045074
0.045595
0.04718
0.04815
0.048191
0.047902
0.046064
0.044434
0.043262
0.041754
0.039665
0.038181
0.035966
0.032892
0.028959
0.025057
0.021418
0.017077
0.012542
0.0082738
0.0046704
0.00068069
-0.0034895
-0.0074635
-0.011159
-0.01465
-0.016863
-0.016715
-0.01959
-0.024568
-0.027721
-0.029184
-0.030908
-0.033513
-0.035827
-0.036163
-0.036783
-0.037703
-0.038396
-0.039608
-0.040795
-0.040551
-0.039865
-0.03983
-0.039579
-0.039727
-0.03972
-0.038829
-0.036948
-0.035016
-0.033913
-0.03422
-0.03458
-0.034079
-0.032581
-0.03064
-0.02975
-0.02942
-0.028462
-0.026959
-0.024715
-0.021651
-0.019785
-0.018934
-0.017459
-0.015778
-0.013387
-0.0099658
-0.0064971
-0.0040891
-0.0034322
-0.0020561
-0.00066679
0.00085983
0.0016331
0.0015123
0.0016585
0.0018201
0.0015095
0.0012223
0.0009905
1.329e-05
-0.0016882
-0.0031738
-0.0035119
-0.0038797
-0.0063621
-0.0095366
-0.010857
-0.011042
-0.011755
-0.013218
-0.01414
-0.014626
-0.015241
-0.016483
-0.017412
-0.017741
-0.017828
-0.018262
-0.018516
-0.018072
-0.017276
-0.017559
-0.017805
-0.017417
-0.016708
-0.016376
-0.015771
-0.013545
-0.011158
-0.010176
-0.010168
-0.010327
-0.010736
-0.011915
-0.012912
-0.013652
-0.014457
-0.015279
-0.01563
-0.015311
-0.015342
-0.015701
-0.015382
-0.014656
-0.013386
-0.011166
-0.0079906
-0.0033385
0.0019495
0.0068779
0.012097
0.016362
0.019731
0.022608
0.026392
0.031238
0.035353
0.037872
0.039562
0.041817
0.044638
0.047587
0.049527
0.049968
0.049737
0.050703
0.053412
0.055659
0.056029
0.055365
0.0539
0.052015
0.05015
0.047111
0.043468
0.040141
0.036661
0.03371
0.030861
0.028022
0.026001
0.024148
0.021558
0.018488
0.016126
0.015279
0.01552
0.014097
0.013262
0.015195
0.017148
0.01729
0.016744
0.018466
0.021138
0.021708
0.021274
0.020223
0.018108
0.016084
0.015249
0.014352
0.01338
0.012735
0.011826
0.010746
0.0097031
0.0092043
0.0088797
0.0084231
0.0086153
0.0097502
0.010867
0.011439
0.012053
0.012983
0.013214
0.012528
0.011795
0.011306
0.011279
0.011078
0.010992
0.010612
0.0099645
0.0097559
0.01012
0.010448
0.011059
0.012248
0.012997
0.01265
0.011424
0.01073
0.010928
0.011137
0.0097954
0.0082687
0.008197
0.0085968
0.0082938
0.0068317
0.0052665
0.0049872
0.0051947
0.0050481
0.0045651
0.0039499
0.0029179
0.0015431
0.00041447
-0.0011804
-0.0037811
-0.0069491
-0.0089261
-0.010819
-0.012905
-0.014191
-0.015863
-0.017844
-0.019761
-0.020623
-0.020568
-0.020912
-0.022174
-0.023205
-0.02432
-0.024628
-0.023739
-0.023138
-0.023039
-0.0229
-0.022853
-0.023302
-0.023827
-0.023645
-0.023085
-0.022465
-0.022226
-0.023107
-0.024214
-0.024006
-0.023905
-0.024907
-0.025942
-0.026385
-0.026685
-0.027399
-0.02806
-0.028245
-0.027935
-0.027329
-0.026783
-0.025826
-0.024752
-0.024014
-0.023047
-0.021642
-0.020196
-0.018731
-0.017875
-0.017557
-0.016482
-0.015205
-0.014249
-0.013623
-0.012488
-0.011393
-0.010621
-0.010057
-0.0095289
-0.0079841
-0.0063324
-0.0044775
-0.0023707
-0.00013575
0.0016661
0.0039385
0.0064436
0.0080516
0.0089484
0.010061
0.011334
0.011815
0.012245
0.012545
0.013263
0.014179
0.014616
0.014576
0.013766
0.01261
0.010793
0.0094313
0.0076288
0.0044397
2.8444e-05
-0.0042895
-0.0074637
-0.010585
-0.013584
-0.016926
-0.020366
-0.023537
-0.027006
-0.030494
-0.033374
-0.036101
-0.038445
-0.039932
-0.040525
-0.040925
-0.041261
-0.041049
-0.040809
-0.040402
-0.038887
-0.037393
-0.043411
-0.041596
-0.03943
-0.036978
-0.034818
-0.033494
-0.03218
-0.030207
-0.027295
-0.024925
-0.022733
-0.020612
-0.017561
-0.015102
-0.013405
-0.011097
-0.0080938
-0.0063996
-0.0046933
-0.0037018
-0.0025105
-0.0012991
0.00023803
0.0016822
0.0030509
0.0036913
0.0036009
0.0039416
0.0041007
0.0038339
0.0047257
0.0060807
0.0066689
0.007091
0.0077498
0.0086919
0.0097439
0.011744
0.013495
0.015155
0.016228
0.017306
0.018393
0.020424
0.022211
0.023348
0.02392
0.023902
0.023911
0.0242
0.024746
0.025194
0.025098
0.024807
0.024275
0.023863
0.023875
0.0235
0.022868
0.022268
0.021853
0.021526
0.020524
0.019355
0.019067
0.019254
0.019383
0.019404
0.018698
0.017988
0.017798
0.018021
0.018979
0.02006
0.020472
0.020427
0.02033
0.020258
0.020495
0.020881
0.021292
0.021614
0.021319
0.020393
0.019179
0.018425
0.018424
0.018123
0.017523
0.017423
0.017947
0.018357
0.018234
0.017871
0.017514
0.017236
0.016943
0.01662
0.016433
0.016557
0.016161
0.015524
0.014801
0.013846
0.013202
0.012485
0.011426
0.010369
0.0094396
0.0084404
0.0073492
0.0060533
0.0047641
0.0036264
0.0025155
0.0014024
0.00051471
-0.00025592
-0.00095708
-0.0015517
-0.0020246
-0.0023915
-0.0026831
-0.0028099
-0.0029157
-0.0032104
-0.0035174
-0.0035682
-0.0035139
-0.0034903
-0.0034528
-0.0034616
-0.0033896
-0.0033004
-0.0031987
-0.0030944
-0.0030822
-0.0030589
-0.0030027
-0.0028974
-0.0029101
-0.0030203
-0.0031075
-0.0032144
-0.0033382
-0.0034963
-0.0036744
-0.0038439
-0.0040462
-0.0042557
-0.0044759
-0.0047054
-0.0049349
-0.0051765
-0.0054273
-0.0056738
-0.0059087
-0.0061353
-0.0063581
-0.0065762
-0.0067924
-0.0070014
-0.0072036
-0.0074014
-0.0075926
-0.0077779
-0.0079568
-0.00813
-0.0082978
-0.0084604
-0.0086175
-0.0087696
-0.0089168
-0.009059
-0.0091963
-0.0093288
-0.0094563
-0.0095787
-0.0096959
-0.0098078
