-0.003921
-0.0028759
-0.0012646
-0.0016393
-0.0024362
-0.00082579
-0.0016297
-0.0038585
-0.0032323
-0.00039058
-0.0016431
-0.0060361
-0.0046539
0.0011756
0.0037187
0.0030794
0.0027931
0.0032954
-0.0020847
-0.0095496
-0.0030782
-0.0010019
-0.011466
-0.013724
-0.0094252
-0.0092765
-0.0033454
0.0063995
0.0080161
0.0044919
0.0030006
0.0062197
0.012989
0.0057466
-0.0033915
0.0012477
-0.0036634
-0.012199
-0.00024279
0.013715
0.00038933
-0.017904
-0.028274
-0.01844
-0.0037509
0.0010131
0.0046745
0.025016
0.046049
0.045114
0.042795
0.019943
-0.014109
-0.021085
-0.0091063
0.00080503
0.00029097
-0.0050395
-0.0039164
0.010792
0.021462
0.016008
0.0074757
0.0021587
-0.0056817
-0.018079
-0.027709
-0.025301
0.0092068
0.036826
0.039968
0.029641
0.0094691
-0.011743
-0.01871
-0.017296
-0.024665
-0.034578
-0.031496
-0.020853
-0.010734
-0.0043398
-0.010453
-0.0085291
-0.00083422
-0.005975
-0.013007
-0.0051303
-0.0047222
-0.0073904
0.004806
0.03298
0.041299
0.026276
0.0016266
-0.018355
-0.030643
-0.042105
-0.040972
-0.017842
0.022413
0.049312
0.058724
0.067977
0.057815
0.016944
-0.0089499
-0.016503
-0.020042
-0.029561
-0.019075
0.010553
0.0085885
-0.040715
-0.063657
-0.062568
-0.058426
-0.046009
-0.0037847
0.050512
0.052416
0.035489
0.040273
0.064932
0.011095
-0.067537
-0.10061
-0.071651
-0.030258
0.0014665
0.035171
0.040826
0.045944
0.019095
0.0084276
0.023514
0.04855
0.056086
0.053226
0.052639
0.038767
0.016877
-0.011349
-0.034239
-0.059409
-0.062514
-0.031404
0.020107
0.059171
0.043116
-0.0091482
-0.032478
-0.029393
-0.032616
-0.041336
-0.043555
-0.043072
-0.04665
-0.052322
-0.02166
0.035924
0.074275
0.066237
0.033554
0.010959
-0.021728
-0.038956
-0.046206
-0.029978
0.0028422
0.0019049
-0.0031195
0.0073907
0.024227
0.012968
-0.014026
-0.0012011
0.028273
0.037728
0.036381
0.019751
0.0086759
-0.00058133
-0.014028
-0.022004
-0.040512
-0.035734
-0.029254
-0.01654
0.00073199
0.023645
0.065855
0.09567
0.088297
0.045423
0.030526
0.036298
0.032767
-0.0084231
-0.058346
-0.091242
-0.074849
-0.036426
-0.021544
-0.012988
-0.0092634
0.01084
0.04342
0.083453
0.11184
0.093452
0.02506
-0.042076
-0.072143
-0.075615
-0.085227
-0.09546
-0.10945
-0.10014
-0.042611
0.044626
0.15103
0.16156
0.12695
0.11639
0.1161
0.088297
0.024956
-0.02315
-0.054993
-0.077399
-0.11239
-0.12358
-0.11556
-0.086299
-0.071121
-0.053579
-0.015324
0.022643
0.04957
0.06026
0.060563
0.040781
0.01178
-0.017512
-0.044449
-0.062898
-0.068869
-0.07083
-0.034672
0.0080841
0.023823
0.02058
0.010081
0.018431
0.053644
0.068938
0.0559
0.04421
0.04081
0.049158
0.049789
0.023604
-0.00034968
-0.0073997
-0.018499
-0.032391
-0.038704
-0.036819
-0.035267
-0.02427
-0.0013051
0.029728
0.046577
0.051539
0.044514
0.012335
-0.026031
-0.060565
-0.072531
-0.072466
-0.070892
-0.066321
-0.059981
-0.028737
0.002325
0.036634
0.06813
0.086851
0.097311
0.09324
0.08046
0.050051
0.01415
-0.026038
-0.069052
-0.11099
-0.13242
-0.12977
-0.12349
-0.10535
-0.079388
-0.066362
-0.057203
-0.031061
0.00079406
0.040233
0.060911
0.087357
0.13594
0.16289
0.13616
0.053385
-0.0049586
-0.056659
-0.11457
-0.15545
-0.16952
-0.17033
-0.17382
-0.18621
-0.20353
-0.21503
-0.22145
-0.22656
-0.22538
-0.2334
-0.21067
-0.11859
-0.016655
0.076652
0.17691
0.27592
0.35455
0.38416
0.3854
0.37316
0.34274
0.30714
0.28105
0.25133
0.25565
0.27199
0.3065
0.32874
0.28008
0.2282
0.14308
0.11382
0.061566
-0.01708
-0.10459
-0.22872
-0.3264
-0.36439
-0.37545
-0.35131
-0.32401
-0.26426
-0.13431
-0.023292
0.14694
0.31449
0.46479
0.51423
0.41828
0.22603
0.068571
-0.050593
-0.14909
-0.21624
-0.22131
-0.11928
-0.042917
0.0059037
-0.019404
-0.098142
-0.13751
-0.15593
-0.20676
-0.23983
-0.24428
-0.25167
-0.18975
-0.1054
-0.058611
0.00679
0.097342
0.15987
0.14837
0.045947
-0.038056
-0.10236
-0.16041
-0.1977
-0.21378
-0.21421
-0.19168
-0.024397
0.044566
0.052591
0.088243
0.13182
0.11435
0.085845
0.072204
0.047243
0.033594
0.016932
-0.061825
-0.14593
-0.10218
-0.051693
0.020556
0.059579
0.10766
0.14663
0.2004
0.22194
0.21845
0.2092
0.14663
0.093301
0.046406
-0.0049505
-0.060734
-0.10453
-0.14514
-0.16729
-0.16884
-0.14657
-0.11736
-0.11424
-0.10522
-0.075908
-0.044599
-0.0048847
0.043159
0.0871
0.11716
0.12803
0.10595
0.069041
0.053598
0.05539
0.088479
0.11589
0.13074
0.14249
0.1421
0.14496
0.15343
0.15291
0.11499
0.055984
-0.0056116
-0.074221
-0.14358
-0.19463
-0.22368
-0.23032
-0.22755
-0.21498
-0.17699
-0.13513
-0.091082
-0.044066
0.011584
0.067203
0.12814
0.17815
0.19866
0.15102
0.062789
0.0096636
-0.040523
-0.098037
-0.1804
-0.19155
-0.15535
-0.10773
-0.04846
-0.031937
-0.022951
0.008296
0.031288
0.031818
0.047973
0.058856
0.065795
0.064901
0.054868
0.038697
0.03922
0.057038
0.064602
0.042717
0.010875
-0.0065063
-0.0017944
0.017194
0.022246
0.009628
-0.0038141
-0.019675
-0.040264
-0.057479
-0.076352
-0.096366
-0.10905
-0.10824
-0.088724
-0.067827
-0.06653
-0.070863
-0.075292
-0.074221
-0.061592
-0.031496
-0.0047953
0.0034376
-0.0012489
-0.017144
-0.030479
-0.038828
-0.043502
-0.041457
-0.044111
-0.058006
-0.080947
-0.099312
-0.10817
-0.10742
-0.10644
-0.10096
-0.10088
-0.083127
-0.026676
0.023824
0.073622
0.12015
0.16227
0.2075
0.24551
0.26021
0.23665
0.20905
0.18057
0.14949
0.13206
0.11489
0.10104
0.08684
0.066002
0.036747
0.00064555
-0.024542
-0.03725
-0.060209
-0.087736
-0.11291
-0.12986
-0.14217
-0.15835
-0.16488
-0.1722
-0.1704
-0.14446
-0.10003
-0.050014
-0.0063156
0.042571
0.10608
0.1577
0.16875
0.15368
0.12698
0.10548
0.10029
0.10175
0.11587
0.13334
0.14965
0.16442
0.18409
0.19996
0.21421
0.18372
0.11278
0.068786
0.020794
-0.027461
-0.07146
-0.10898
-0.13362
-0.14931
-0.15757
-0.1552
-0.14051
-0.11864
-0.10287
-0.09583
-0.09253
-0.095767
-0.10239
-0.1165
-0.13169
-0.14788
-0.16641
-0.17904
-0.18996
-0.19967
-0.2063
-0.19928
-0.16614
-0.12728
-0.0934
-0.062086
-0.035101
-0.011188
0.014668
0.048483
0.085132
0.12056
0.15443
0.18966
0.22494
0.26667
0.29657
0.30442
0.30255
0.30441
0.31211
0.31568
0.29952
0.25147
0.21269
0.17799
0.13392
0.090929
0.056111
0.029015
-0.00092354
-0.032989
-0.065099
-0.095116
-0.11199
-0.11755
-0.12147
-0.1248
-0.12913
-0.14134
-0.1579
-0.16768
-0.17257
-0.17684
-0.18096
-0.18332
-0.1831
-0.17703
-0.15982
-0.13615
-0.12229
-0.10638
-0.084457
-0.058003
-0.032912
-0.011239
0.011023
0.029666
0.047127
0.059072
0.071708
0.084699
0.095472
0.09891
0.09318
0.087616
0.083174
0.07898
0.075117
0.072322
0.069424
0.066882
0.066019
0.065962
0.066035
0.060727
0.045414
0.030096
0.010169
-0.01071
-0.027202
-0.042184
-0.055088
-0.066502
-0.072924
-0.071656
-0.065112
-0.059083
-0.04598
-0.022672
0.0034235
0.023055
0.031384
0.03173
0.02785
0.018255
0.0070969
-0.006512
-0.01827
-0.023343
-0.023757
-0.018541
-0.0099163
-0.0044023
-0.0038883
-0.0012864
0.0024344
0.0062103
0.0058654
0.0039549
0.0034988
0.0016545
0.0018369
0.001134
0.0013889
0.00125
0.0010755
-0.0023753
-0.010881
-0.021697
-0.034361
-0.042695
-0.047334
-0.047742
-0.044163
-0.039027
-0.03204
-0.02349
-0.014617
-0.0065612
-0.0050773
-0.012999
-0.02487
-0.032517
-0.036893
-0.035604
-0.029464
-0.017843
-0.0042473
0.014798
0.033957
0.042671
0.046502
0.042651
0.037706
0.029504
0.020693
0.016934
0.017069
0.022687
0.032407
0.046026
0.060815
0.072648
0.08026
0.084085
0.079818
0.055804
0.025818
0.0017116
-0.019709
-0.034648
-0.040262
-0.038961
-0.030317
-0.018288
-0.0084093
-4.7385e-06
0.0030969
0.0019084
-0.002436
-0.0048088
-0.0065134
-0.013171
-0.023861
-0.033534
-0.037371
-0.035172
-0.024048
-0.0062753
0.0078903
0.018825
0.029425
0.040702
0.047979
0.04791
0.038553
0.019944
0.0079129
0.0025158
-0.0005393
-0.0012025
-0.0029266
-0.0082492
-0.017968
-0.029397
-0.039094
-0.044139
-0.041052
-0.030372
-0.021194
-0.011073
-0.00052177
0.0061773
0.0088454
0.0076579
0.0049965
0.0021453
0.00058142
-0.0035274
-0.012386
-0.023722
-0.033959
-0.04054
-0.043346
-0.041487
-0.035108
-0.02372
-0.013472
-0.0055801
-0.0054844
-0.013934
-0.021219
-0.027595
-0.029712
-0.029686
-0.027449
-0.022909
-0.01608
-0.0092862
-0.0043782
0.00058381
0.0040158
0.0090452
0.013718
0.017006
0.019804
0.024069
0.029418
0.035269
0.040086
0.042811
0.045622
0.045961
0.046137
0.043687
0.035143
0.021459
0.0087517
0.0002273
-0.006506
-0.010884
-0.0074173
-0.0004918
0.0092908
0.018251
0.027695
0.039136
0.046228
0.049322
0.042892
0.035844
0.029201
0.023967
0.019654
0.014469
0.0074772
-0.00065551
-0.0095338
-0.018578
-0.027484
-0.039222
-0.051897
-0.063445
-0.073282
-0.080561
-0.085473
-0.089391
-0.09079
-0.086767
-0.077444
-0.067411
-0.0574
-0.043097
-0.027545
-0.01523
-0.0048198
0.0058185
0.015447
0.021722
0.026724
0.029205
0.033391
0.03936
0.046874
0.054126
0.058308
0.059204
0.056018
0.051648
0.046646
0.039307
0.03089
0.024799
0.020833
0.019716
0.021134
0.024096
0.0289
0.033588
0.035766
0.038378
0.03805
0.036679
0.034716
0.030568
0.024238
0.013842
0.0035937
-0.0051816
-0.011277
-0.017799
-0.023365
-0.028496
-0.033714
-0.03926
-0.045338
-0.052672
-0.061435
-0.069942
-0.07702
-0.080227
-0.07938
-0.072519
-0.060544
-0.046955
-0.032405
-0.020989
-0.013317
-0.0084183
-0.0064897
-0.0036421
-0.00044154
0.0023459
0.0054241
0.0085573
0.011842
0.018702
0.025782
0.031419
0.033487
0.03503
0.037458
0.039876
0.043313
0.043658
0.040217
0.034036
0.028293
0.023631
0.021941
0.020782
0.016982
0.011353
0.0058996
0.0013125
-0.0028676
-0.0068356
-0.0088687
-0.0045226
0.0068431
0.023206
0.041749
0.053114
0.061949
0.066173
0.063829
0.054308
0.034883
0.011938
-0.0086789
-0.022684
-0.029758
-0.030504
-0.027076
-0.019903
-0.012162
-0.0071776
-0.006632
-0.0099064
-0.014892
-0.019808
-0.024917
-0.028958
-0.03222
-0.034428
-0.034663
-0.0346
-0.034639
-0.033841
-0.031928
-0.031692
-0.033027
-0.036462
-0.039916
-0.041839
-0.039657
-0.034316
-0.026769
-0.02044
-0.014902
-0.0096727
-0.0048686
-0.0012161
-0.0015171
-0.002677
-0.00558
-0.0059769
-0.0051223
-0.002195
0.0014392
0.0045939
0.0077671
0.0086615
0.0084452
0.0084706
0.0079819
0.0088753
0.010191
0.011804
0.013572
0.014512
0.015591
0.015124
0.015134
0.017238
0.020986
0.025101
0.02915
0.028341
0.023176
0.017063
0.011999
0.0070747
0.0046011
0.0036004
0.0025997
0.00082689
-0.00022989
0.0003953
0.0013999
0.0033705
0.0057012
0.0088509
0.0097882
0.0084846
0.0059029
0.0040393
0.001988
8.1608e-05
-0.0003295
-0.0023022
-0.00382
-0.0043382
-0.0032928
0.00066989
0.0047998
0.0070826
0.007717
0.0082545
0.0081127
0.008336
0.0093499
0.010017
0.010038
0.0094967
0.0082094
0.0089356
0.010888
0.01181
0.011347
0.0097975
0.0079155
0.0052564
0.0016211
-0.0027017
-0.0071774
-0.011738
-0.017177
-0.022097
-0.025755
-0.024954
-0.021483
-0.017341
-0.010354
-0.0028781
0.0039273
0.0084357
0.0092089
0.0059327
-0.0025201
-0.012354
-0.019253
-0.023064
-0.021184
-0.014762
-0.0047884
0.0060562
0.01509
0.020446
0.02131
0.018521
0.014749
0.011491
0.0075875
0.0037737
0.0016552
-0.0017811
-0.0045891
-0.0035579
-0.0018361
-0.001171
-0.0021052
-0.0037668
-0.0056456
-0.0092176
-0.01338
-0.015598
-0.016169
-0.014381
-0.012377
-0.010982
-0.0093671
-0.010668
-0.012061
-0.013722
-0.014158
-0.012963
-0.012813
-0.010175
-0.0061107
-0.003886
-0.0018051
-0.00071672
0.0024841
0.0079545
0.014017
0.018651
0.020398
0.021237
0.016157
0.010017
0.0051327
0.00089674
-0.0032872
-0.0039766
-0.0034696
-0.001304
0.0022293
0.0042256
0.0081914
0.012943
0.017769
0.020503
0.022523
0.021957
0.019688
0.01674
0.011253
0.0071357
0.0038616
0.0034149
0.0056111
0.0080796
0.0084316
0.0061408
0.002214
-0.0024014
-0.0070688
-0.0099206
-0.013312
-0.015943
-0.015819
-0.013067
-0.009209
-0.0054808
-0.0028613
-0.0010048
0.00057022
0.00043979
0.0039497
0.00722
0.010707
0.013269
0.014391
0.01636
0.014342
0.013555
0.012595
0.010625
0.0090593
0.0059372
0.0018523
-0.003831
-0.0088951
-0.013744
-0.016791
-0.017231
-0.016463
-0.01503
-0.012987
-0.010314
-0.0082319
-0.0080064
-0.0089823
-0.010799
-0.014076
-0.017569
-0.021725
-0.025324
-0.027652
-0.02782
-0.02802
-0.027894
-0.024496
-0.020114
-0.015265
-0.010154
-0.0041901
0.0015925
0.0081594
0.012941
0.015385
0.015722
0.012538
0.0089722
0.0074597
0.0089368
0.012129
0.015127
0.015649
0.015765
0.014442
0.011017
0.0083394
0.0050613
0.002079
0.00010139
-0.0020598
-0.0036427
-0.0062057
-0.0090483
-0.011581
-0.014119
-0.014185
-0.014327
-0.013784
-0.011703
-0.010092
-0.0071404
-0.0040975
-0.0014515
0.0023676
0.0052462
0.0078352
0.009498
0.011963
0.015781
0.018514
0.020237
0.021057
0.020943
0.02086
0.02072
0.020921
0.020485
0.017862
0.014568
0.010384
0.0057074
0.0010992
-0.0028153
-0.0056579
-0.0063625
-0.0050853
-0.0039202
-0.0035008
-0.0024775
-0.001387
-0.0008941
-0.00045223
0.0020378
0.0024644
0.0021055
0.00059408
-0.0031277
-0.0077654
-0.011704
-0.013883
-0.013549
-0.012163
-0.010724
-0.008721
-0.0060117
-0.0035481
-0.0016069
-0.00068358
-0.00088636
-0.001593
-0.0040082
-0.003754
-0.0044627
-0.0042646
-0.0038217
-0.0023435
-0.00039615
0.0020674
0.0044289
0.0035794
0.0043987
0.0039705
0.0022744
0.0016116
0.0021677
0.0046088
0.0082218
0.010901
0.013943
0.013813
0.010594
0.0080831
0.0037626
0.0012801
0.0009294
0.0009449
0.00065542
-0.0012212
-0.0037026
-0.0055721
-0.006596
-0.0076494
-0.0090936
-0.0092872
-0.0096991
-0.0073671
-0.0057084
-0.0044863
-0.00392
-0.0033292
0.00068368
0.002984
0.005372
0.0075723
0.009181
0.0098116
0.0093926
0.0075027
0.0056516
0.0023194
-0.00038745
-0.0022222
-0.0039948
-0.0038131
-0.0040322
-0.0060975
-0.0081557
-0.010645
-0.012107
-0.011762
-0.012063
-0.011478
-0.011678
-0.011547
-0.011723
-0.011667
-0.011843
-0.011137
-0.0083973
-0.0061123
-0.0028787
-0.00044789
0.0028601
0.0069311
0.0094313
0.010388
0.011041
0.011657
0.012321
0.014318
0.016782
0.018836
0.020414
0.02073
0.020396
0.01919
0.017157
0.014379
0.011229
0.0091992
0.0075704
0.0055744
0.0022953
-0.0016856
-0.0081563
-0.014779
-0.018517
-0.020326
-0.020153
-0.018288
-0.017858
-0.018424
-0.016281
-0.015069
-0.015356
-0.013263
-0.012811
-0.012098
-0.010527
-0.0080675
-0.0040771
-0.0020227
-0.0027141
-0.0037329
-0.0043621
-0.0045762
-0.004724
-0.004628
-0.0037292
-0.0014994
0.00079574
0.0035723
0.0079217
0.011453
0.014501
0.017247
0.019498
0.020348
0.02237
0.022863
0.025419
0.027173
0.027622
0.027284
0.024624
0.023059
0.019994
0.015109
0.011455
0.010026
0.0071668
0.0054492
0.004207
0.0021385
0.00057392
-0.0036631
-0.0071473
-0.011257
-0.015942
-0.01831
-0.021348
-0.023457
-0.025157
-0.02633
-0.027222
-0.028158
-0.027866
-0.025009
-0.022303
-0.019492
-0.015839
-0.012716
-0.010577
-0.0088188
-0.0080456
-0.0065859
-0.0060044
-0.0056413
-0.0040347
-0.0023639
-0.0014713
-0.0015284
-0.0019302
-0.0028013
-0.0020168
-0.0015507
-0.0018281
-0.0018637
-0.0029306
-0.0025307
-0.0018106
-0.0017646
0.00040495
0.0026796
0.0050725
0.0078439
0.010466
0.012186
0.013037
0.01436
0.016758
0.018455
0.018455
0.017662
0.01751
0.017646
0.016706
0.017304
0.015707
0.01427
0.014094
0.014254
0.016104
0.017037
0.016258
0.01344
0.010854
0.0079726
0.0047953
0.001823
0.00070204
-0.0010116
-0.002766
-0.0037962
-0.0041012
-0.0043583
-0.0043828
-0.0058445
-0.0072449
-0.0088474
-0.0099551
-0.010944
-0.013716
-0.014925
-0.017047
-0.019728
-0.022251
-0.022935
-0.021514
-0.019745
-0.018073
-0.014884
-0.01223
-0.009665
-0.0076087
-0.0049588
-0.0010002
0.0021821
0.005187
0.0064201
0.0069871
0.006218
0.0048144
0.0037291
0.0046684
0.0058883
0.007562
0.0099814
0.012806
0.01563
0.016665
0.017441
0.01687
0.01509
0.011022
0.0079652
0.0046929
0.0016645
-0.0015986
-0.0048168
-0.0058318
-0.0073119
-0.0062114
-0.0046387
-0.002763
-0.0017023
-0.0024031
-0.004531
-0.0062294
-0.0080206
-0.010603
-0.012241
-0.013854
-0.014877
-0.0133
-0.011026
-0.0091607
-0.0077349
-0.0059959
-0.0050056
-0.0052128
-0.0036635
-0.002456
-0.0014749
0.0014249
0.0033984
0.00369
0.0033186
0.0031563
0.003198
0.0035456
0.0037526
0.0044858
0.0061442
0.0071538
0.0091651
0.0093425
0.010022
0.010496
0.011103
0.011643
0.011517
0.011957
0.011532
0.010269
0.0074317
0.0043481
0.00083097
-0.0018926
-0.0052975
-0.006335
-0.0066177
-0.0078296
-0.0073167
-0.0073812
-0.0066765
-0.0067695
-0.0057466
-0.0044809
-0.0022626
0.00038107
0.0024301
0.0031215
0.0035273
0.0034404
0.0020112
0.001144
0.0011235
0.0030266
0.0041035
0.0048908
0.0059596
0.0069886
0.0076004
0.0074748
0.0062588
0.0037892
0.0012839
-0.00097765
-0.0039491
-0.0056159
-0.0058976
-0.0058682
-0.0067058
-0.0084686
-0.009602
-0.0099388
-0.0092811
-0.0076074
-0.0059195
-0.0040041
-0.0026599
-0.0018564
-0.001167
-0.0011907
-0.0014836
-0.0010227
-0.0016716
-0.0030845
-0.0060651
-0.0082634
-0.01016
-0.011669
-0.012068
-0.010062
-0.0060693
-0.0037867
-0.0015613
-0.00071586
0.00032537
-0.00011749
0.00039947
0.0016325
0.0015629
0.0019116
0.0018635
0.0017603
0.0016214
0.001814
0.0015405
0.0021217
0.0038912
0.0061952
0.0095243
0.011666
0.013163
0.013053
0.012101
0.010509
0.0086706
0.0071374
0.0051186
0.0034018
0.0036097
0.0042828
0.004506
0.0045405
0.0042394
0.0042933
0.0033997
0.0023336
0.00096258
-0.00033195
-0.0023966
-0.003432
-0.0044919
-0.0059976
-0.0071422
-0.0087203
-0.010492
-0.010617
-0.010978
-0.011129
-0.010959
-0.011763
-0.010615
-0.009265
-0.009004
-0.0075067
-0.0067623
-0.0063319
-0.0062076
-0.0063393
-0.0040516
-0.0033264
-0.00036549
0.0020375
0.0054289
0.0082808
0.010867
0.012848
0.012695
0.011943
0.010029
0.010483
0.0099948
0.011858
0.012939
0.012965
0.012863
0.012685
0.01296
0.013097
0.013196
0.012881
0.012898
0.011097
0.010557
0.01016
0.0084029
0.0063057
0.0043045
0.0018228
-0.00034881
-0.0020135
-0.0028784
-0.0017952
-4.5886e-05
0.0017034
0.0024185
0.0027724
0.0022114
0.00099051
-0.00040788
-0.00064346
-0.0004435
-0.00062298
-0.00041893
-0.0006953
-0.00047288
-0.0011481
-0.0038469
-0.0065876
-0.0096597
-0.013455
-0.017756
-0.019353
-0.021482
-0.020849
-0.0209
-0.018887
-0.01769
-0.016918
-0.015748
-0.017292
-0.017246
-0.017406
-0.016948
-0.016105
-0.014419
-0.013441
-0.013385
-0.012866
-0.010908
-0.0097827
-0.0068027
-0.0033313
1.5214e-05
0.0041465
0.0074957
0.010797
0.012932
0.0146
0.014677
0.013932
0.013657
0.012932
0.012509
0.011372
0.01073
0.011449
0.01254
0.013585
0.014356
0.014001
0.014378
0.012584
0.0095612
0.0076289
0.00535
0.0028895
0.00092506
-0.0004526
-0.0011615
-0.0020664
-0.0020059
-0.001086
-0.00080577
-0.00065203
-0.0013159
-0.0022049
-0.003764
-0.0044832
-0.0055663
-0.0052697
-0.0030134
-0.0015096
9.7062e-05
0.0010061
0.0016011
0.0017038
0.0014745
0.0003956
-0.00018468
-0.00039761
-0.00038844
0.00050332
0.00088793
0.00072337
0.0006835
0.00068713
0.0005486
0.00092669
0.0015561
0.0015372
0.0015841
0.0019964
0.0020516
0.0014614
0.00096533
0.00071056
0.00060632
0.00018592
-0.00051821
-0.00079784
-0.0012126
-0.0016163
-0.0022559
-0.002481
-0.0023504
-0.0026971
-0.0028483
-0.002759
-0.0025176
-0.0017481
-0.0016293
-0.0015045
-0.0014924
-0.0013376
-0.0014404
-0.0017245
-0.0019012
-0.0020932
-0.0020832
-0.0023989
-0.0022483
-0.0022361
-0.0020529
-0.0018103
-0.0016246
-0.0012974
-0.0010056
-0.00058969
-0.00016051
0.0003245
0.00040794
0.00061433
0.00081679
0.00084082
0.0010594
0.001167
0.0013186
0.0013972
0.0013127
0.0012169
0.0010796
0.0009671
0.00086571
0.00063307
0.00055593
0.00059366
0.00058411
0.00051729
0.00050438
0.0005062
0.00043893
0.00035504
0.00028629
0.00022851
0.00014664
3.7022e-05
-5.8454e-05
-0.00012773
-0.00017202
-0.00018852
-0.00018216
-0.00014418
-0.0001287
-9.2271e-05
-6.3123e-05
-5.258e-05
-4.3808e-05
-5.4222e-05
-6.1261e-05
-6.655e-05
-5.0945e-05
-2.9915e-05
-7.2839e-06
9.902e-06
3.55e-05
5.8698e-05
6.6558e-05
6.7086e-05
7.2687e-05
7.1695e-05
7.0672e-05
7.3166e-05
7.5556e-05
8.3304e-05
8.9394e-05
9.6294e-05
9.8649e-05
9.865e-05
9.8749e-05
9.7423e-05
9.6772e-05
9.573e-05
9.4195e-05
9.1707e-05
8.8772e-05
8.5442e-05
8.2367e-05
7.9547e-05
7.7263e-05
7.5496e-05
7.4356e-05
7.3465e-05
7.2793e-05
7.2411e-05
7.2047e-05
7.1742e-05
7.1507e-05
7.1383e-05
7.1393e-05
7.1541e-05
7.183e-05
7.2248e-05
7.277e-05
7.3364e-05
