0.0010081
0.0010086
0.0010093
0.0010101
0.001011
0.0010119
0.0010129
0.0010138
0.0010149
0.0010164
0.0010186
0.0010209
0.0010219
0.0010194
0.0010121
0.0010015
0.00099407
0.00099351
0.0010014
0.001018
0.0010361
0.0010391
0.0010264
0.0010139
0.0010067
0.0010083
0.0010223
0.0010484
0.0010796
0.001104
0.0011134
0.0011156
0.0011272
0.0011746
0.0012729
0.001409
0.0015234
0.0015864
0.0016142
0.0016166
0.0016085
0.0015914
0.0015588
0.0015113
0.0014585
0.001413
0.0013736
0.0013331
0.0012775
0.0011935
0.0011012
0.0010783
0.0011358
0.0011951
0.0012265
0.0012056
0.0011084
0.00095175
0.00083573
0.00077322
0.00073242
0.00068671
0.00062576
0.0005578
0.00050197
0.00047227
0.00044828
0.0004262
0.00042179
0.0004723
0.00059546
0.00073489
0.00081797
0.00077518
0.00061101
0.00040461
0.00025749
0.00027157
0.0004651
0.00081875
0.001232
0.0015527
0.001668
0.0016325
0.0015449
0.0015691
0.0016397
0.001665
0.0016688
0.0016654
0.0016705
0.0017104
0.0018077
0.0019435
0.0021191
0.0023384
0.0026152
0.002911
0.003103
0.0030771
0.0028282
0.0023238
0.0016145
0.00086629
0.00020988
-0.00025748
-0.00059922
-0.00093355
-0.001215
-0.0013207
-0.0011145
-0.0004706
0.00057203
0.001703
0.0027814
0.0037884
0.0047522
0.005705
0.0064746
0.0068728
0.0069554
0.0068167
0.0067728
0.0068956
0.0072106
0.0078467
0.0088118
0.0097762
0.010624
0.011348
0.01202
0.012746
0.013583
0.014511
0.015349
0.015793
0.015562
0.014759
0.013556
0.012472
0.011355
0.0097735
0.0075506
0.004706
0.0016325
-0.0013864
-0.0041558
-0.0066314
-0.0086337
-0.0099253
-0.010412
-0.010383
-0.010662
-0.011394
-0.012316
-0.012903
-0.012871
-0.012334
-0.011543
-0.010706
-0.0094705
-0.0075507
-0.0051894
-0.0025777
1.1485e-05
0.0023643
0.0041934
0.0052314
0.0054769
0.0056912
0.0061733
0.0068161
0.0070145
0.0063831
0.005517
0.0047289
0.004397
0.0047266
0.0059131
0.0079105
0.01072
0.013812
0.016695
0.018907
0.020204
0.020455
0.020247
0.019884
0.019827
0.020181
0.020657
0.020602
0.019591
0.017687
0.015463
0.013601
0.012491
0.012228
0.012456
0.012337
0.010937
0.0079006
0.0030222
-0.0029956
-0.0089604
-0.013519
-0.016557
-0.019025
-0.022034
-0.025872
-0.029793
-0.032697
-0.033099
-0.03025
-0.025832
-0.020975
-0.017035
-0.014315
-0.012626
-0.011843
-0.011518
-0.010721
-0.0088623
-0.0062778
-0.0038511
-0.003053
-0.0047992
-0.0092225
-0.014416
-0.01969
-0.024363
-0.027746
-0.029947
-0.032119
-0.035262
-0.039963
-0.045652
-0.051171
-0.054817
-0.055462
-0.052635
-0.047395
-0.041065
-0.035494
-0.031393
-0.029097
-0.028109
-0.027942
-0.027367
-0.025802
-0.023241
-0.020365
-0.017822
-0.015495
-0.012756
-0.0086466
-0.0029295
0.0039834
0.011104
0.01756
0.02233
0.025071
0.026263
0.025691
0.02385
0.021279
0.018532
0.016468
0.01533
0.015125
0.015593
0.016732
0.018109
0.01918
0.019524
0.019663
0.020337
0.021989
0.024451
0.026821
0.028513
0.029135
0.028721
0.027303
0.02548
0.023243
0.020593
0.018035
0.015814
0.014051
0.012875
0.012428
0.012417
0.01259
0.012206
0.010484
0.007109
0.0030918
-0.0012751
-0.0058434
-0.010543
-0.01512
-0.018945
-0.021432
-0.02264
-0.024022
-0.026178
-0.028673
-0.029602
-0.027632
-0.023524
-0.018471
-0.014219
-0.011499
-0.010387
-0.0098539
-0.0095618
-0.009107
-0.0084561
-0.0078611
-0.0076684
-0.0079949
-0.0084175
-0.0081579
-0.0062476
-0.0024113
0.0031337
0.0092677
0.015545
0.021458
0.026463
0.029886
0.03127
0.029993
0.026763
0.022245
0.017425
0.013009
0.0094799
0.0073033
0.0063135
0.0057699
0.0038417
-0.00064124
-0.0080015
-0.016684
-0.025387
-0.032396
-0.036058
-0.036502
-0.036349
-0.036801
-0.038553
-0.041841
-0.045984
-0.049377
-0.051615
-0.052725
-0.05313
-0.053064
-0.052848
-0.052838
-0.053249
-0.053936
-0.054623
-0.054529
-0.052303
-0.047276
-0.041075
-0.034949
-0.030108
-0.026817
-0.024896
-0.023619
-0.022878
-0.022772
-0.023608
-0.0256
-0.028404
-0.031609
-0.034497
-0.035718
-0.033895
-0.029353
-0.022123
-0.013029
-0.0033049
0.0049619
0.010358
0.01246
0.011275
0.0080428
0.0031658
-0.0020512
-0.0076093
-0.013777
-0.020368
-0.02732
-0.034677
-0.042699
-0.051033
-0.058146
-0.061482
-0.058503
-0.04946
-0.036909
-0.023246
-0.012782
-0.007898
-0.0070756
-0.0074982
-0.0077304
-0.0068002
-0.0033697
0.0032278
0.013124
0.024263
0.035219
0.04468
0.051456
0.055622
0.056643
0.055419
0.052631
0.049128
0.044329
0.037885
0.031192
0.024956
0.019811
0.01611
0.01447
0.015374
0.019411
0.027718
0.040378
0.056344
0.071076
0.081277
0.086744
0.089742
0.09125
0.091394
0.090269
0.088075
0.085755
0.08347
0.081639
0.081193
0.083169
0.087328
0.092765
0.098166
0.10351
0.10836
0.11134
0.11109
0.10785
0.10147
0.092893
0.084459
0.077533
0.072431
0.068101
0.062937
0.054428
0.039803
0.017151
-0.011719
-0.040223
-0.062618
-0.074531
-0.076008
-0.069686
-0.061008
-0.052955
-0.048143
-0.046192
-0.04632
-0.046331
-0.044038
-0.03751
-0.024861
-0.0067957
0.013188
0.03389
0.054305
0.073911
0.091633
0.10573
0.11535
0.12053
0.12313
0.12475
0.12523
0.12547
0.12658
0.12979
0.13574
0.14481
0.15622
0.16902
0.18072
0.18986
0.19544
0.19705
0.19528
0.19067
0.18481
0.1787
0.17355
0.17054
0.16863
0.16717
0.16559
0.16333
0.16016
0.15645
0.15281
0.14951
0.14546
0.13876
0.1281
0.1123
0.091458
0.067256
0.039591
0.0081967
-0.022563
-0.05036
-0.076548
-0.10105
-0.12137
-0.13984
-0.15654
-0.16998
-0.17994
-0.18786
-0.19511
-0.20234
-0.20944
-0.21596
-0.2218
-0.22742
-0.23291
-0.23807
-0.24261
-0.24634
-0.24936
-0.25132
-0.25167
-0.25021
-0.24581
-0.23751
-0.22583
-0.2126
-0.20144
-0.19268
-0.18585
-0.17986
-0.17449
-0.16926
-0.16322
-0.15542
-0.1457
-0.13458
-0.12351
-0.11332
-0.10417
-0.096729
-0.091225
-0.089166
-0.090841
-0.096839
-0.10548
-0.11459
-0.12207
-0.126
-0.12447
-0.11845
-0.11021
-0.099538
-0.087737
-0.075703
-0.062998
-0.049666
-0.036653
-0.024958
-0.015107
-0.0078843
-0.0027747
-0.0010084
-0.0028165
-0.0090998
-0.019025
-0.031173
-0.043448
-0.053365
-0.060586
-0.064959
-0.06695
-0.066266
-0.062914
-0.057343
-0.049667
-0.041558
-0.033174
-0.02469
-0.016455
-0.0088818
-0.0031169
0.00010282
0.0018274
0.0022599
0.0020367
0.0011892
-0.00046552
-0.0031256
-0.006731
-0.010495
-0.013819
-0.016493
-0.018832
-0.019686
-0.017419
-0.011677
-0.002103
0.0091091
0.019964
0.028721
0.035979
0.042485
0.048354
0.053948
0.059335
0.0646
0.06979
0.074664
0.078696
0.081574
0.083362
0.083863
0.083216
0.082014
0.079325
0.073373
0.063497
0.050886
0.038576
0.028443
0.021529
0.01714
0.015871
0.017111
0.019662
0.023042
0.027051
0.031083
0.034345
0.036261
0.037053
0.036961
0.036479
0.035969
0.035957
0.037042
0.040125
0.045842
0.053675
0.062409
0.071677
0.081959
0.093463
0.10576
0.1168
0.12572
0.13243
0.1364
0.13759
0.13445
0.12633
0.11365
0.099494
0.085041
0.070483
0.055955
0.041626
0.02826
0.016703
0.0073645
0.00027042
-0.0040473
-0.0053794
-0.0031229
0.0025157
0.010414
0.018707
0.024862
0.029005
0.032748
0.035104
0.034763
0.032129
0.028077
0.022544
0.016011
0.0079508
-0.0014932
-0.011616
-0.020899
-0.028052
-0.033053
-0.036287
-0.037475
-0.036394
-0.034058
-0.030775
-0.026963
-0.022966
-0.018749
-0.013931
-0.0082338
-0.0019302
0.0043394
0.0096769
0.013814
0.016592
0.018249
0.018732
0.018513
0.017677
0.016126
0.013458
0.0096792
0.005902
0.0017579
-0.0035493
-0.010057
-0.01706
-0.023123
-0.028137
-0.032068
-0.034892
-0.036461
-0.037036
-0.038079
-0.040282
-0.043783
-0.047767
-0.051636
-0.055608
-0.059928
-0.064489
-0.068891
-0.072232
-0.073147
-0.070237
-0.062669
-0.049146
-0.031234
-0.011519
0.0095213
0.03053
0.048701
0.062216
0.070882
0.076609
0.080885
0.084365
0.086219
0.08569
0.082347
0.075464
0.065381
0.053187
0.040688
0.029204
0.01921
0.011289
0.005499
0.0013862
-0.0015073
-0.0040147
-0.0059796
-0.007348
-0.0083037
-0.0089298
-0.0092527
-0.0096742
-0.010812
-0.012899
-0.015725
-0.018334
-0.020327
-0.021634
-0.022488
-0.022855
-0.022341
-0.020049
-0.015501
-0.0098371
-0.0036306
0.0026071
0.0083402
0.012972
0.016407
0.018302
0.018419
0.017334
0.014628
0.0098586
0.0032022
-0.0055926
-0.01662
-0.028698
-0.039531
-0.048028
-0.054069
-0.05802
-0.059142
-0.056605
-0.050079
-0.039383
-0.025954
-0.010891
0.0030601
0.014993
0.024726
0.030982
0.034223
0.03409
0.031718
0.028024
0.024268
0.021024
0.01844
0.016206
0.014174
0.011878
0.0081663
0.0022396
-0.005312
-0.013924
-0.022934
-0.031142
-0.038478
-0.044931
-0.050516
-0.055254
-0.059325
-0.062795
-0.065552
-0.067571
-0.068451
-0.067702
-0.065391
-0.060873
-0.053829
-0.04513
-0.035712
-0.026432
-0.017634
-0.0097473
-0.0033513
0.001662
0.0052965
0.0083947
0.011116
0.013653
0.015983
0.017974
0.019648
0.021027
0.022293
0.023319
0.023953
0.024059
0.023482
0.022219
0.020317
0.018042
0.015536
0.012972
0.010758
0.0089521
0.0074692
0.0061108
0.0047852
0.0035155
0.0022871
0.001009
-0.00029746
-0.0015903
-0.0027473
-0.003741
-0.0044229
-0.0044664
-0.0036331
-0.0023199
-0.00090252
0.00020492
0.0010636
0.00178
0.0024002
0.0028595
0.0029345
0.0017308
-0.0018148
-0.0074846
-0.012253
-0.015516
-0.017705
-0.019234
-0.020223
-0.020833
-0.021495
-0.022415
-0.023311
-0.023838
-0.023707
-0.023064
-0.021822
-0.019587
-0.016631
-0.013727
-0.011435
-0.010126
-0.0095898
-0.0097347
-0.010271
-0.010671
-0.01014
-0.0081716
-0.0043545
0.0012881
0.008869
0.017848
0.026968
0.035795
0.044273
0.05167
0.057131
0.060579
0.063219
0.065427
0.06746
0.069392
0.071294
0.073402
0.075511
0.077193
0.078454
0.079481
0.080557
0.081715
0.082721
0.083382
0.083423
0.082514
0.080008
0.075437
0.068776
0.060506
0.051054
0.041275
0.032147
0.023154
0.015442
0.010443
0.0074504
0.0062398
0.0063011
0.0070306
0.0085113
0.010582
0.012934
0.014918
0.015916
0.015352
0.013398
0.01033
0.0066738
0.0026982
-0.0016021
-0.0062095
-0.011432
-0.017523
-0.024126
-0.030276
-0.034979
-0.038598
-0.041261
-0.043053
-0.044005
-0.043901
-0.042712
-0.040141
-0.035891
-0.029633
-0.020495
-0.0088354
0.004353
0.016553
0.027378
0.037146
0.046351
0.055205
0.063167
0.069512
0.07378
0.075605
0.075188
0.072031
0.066429
0.058082
0.046857
0.033253
0.0187
0.0057293
-0.0047767
-0.013123
-0.019121
-0.023015
-0.025308
-0.026219
-0.026114
-0.02465
-0.022168
-0.019532
-0.017446
-0.01602
-0.015986
-0.017905
-0.021266
-0.025334
-0.029267
-0.033093
-0.036791
-0.039613
-0.041148
-0.041444
-0.040048
-0.036573
-0.031877
-0.026045
-0.019191
-0.01207
-0.0058812
-0.0010078
0.0022543
0.0039692
0.0038391
0.0023485
-0.0004432
-0.0044658
-0.0097249
-0.016196
-0.023
-0.029056
-0.033819
-0.037637
-0.040409
-0.042033
-0.043195
-0.04409
-0.045087
-0.046216
-0.047677
-0.049983
-0.053128
-0.056488
-0.059093
-0.060748
-0.062
-0.062776
-0.062993
-0.063029
-0.062562
-0.061258
-0.059534
-0.057438
-0.054305
-0.049627
-0.044045
-0.038214
-0.031538
-0.023967
-0.016901
-0.010618
-0.0049085
-0.00014461
0.0034015
0.0060943
0.0081243
0.0094377
0.010134
0.01073
0.011394
0.0122
0.01311
0.014226
0.015699
0.017475
0.01935
0.02121
0.023103
0.025331
0.028315
0.032266
0.03677
0.041792
0.047912
0.055244
0.06255
0.069314
0.075254
0.080348
0.084804
0.088679
0.092123
0.095583
0.099025
0.10199
0.10461
0.10708
0.10897
0.10993
0.11033
0.11041
0.1102
0.10883
0.10543
0.10032
0.093921
0.086857
0.078311
0.067306
0.05349
0.035962
0.016484
-0.0017386
-0.019907
-0.037811
-0.053865
-0.067677
-0.079464
-0.088804
-0.095337
-0.099266
-0.10105
-0.10046
-0.097469
-0.091695
-0.08326
-0.073055
-0.061945
-0.050949
-0.040788
-0.032519
-0.026827
-0.022685
-0.020555
-0.020045
-0.020767
-0.021663
-0.022566
-0.023733
-0.025052
-0.026051
-0.025815
-0.024126
-0.020675
-0.01558
-0.0087616
-0.0007692
0.0078146
0.01604
0.023483
0.029913
0.035561
0.039961
0.042636
0.043414
0.043586
0.043347
0.042552
0.041003
0.038283
0.034191
0.028549
0.021786
0.015025
0.0084783
0.0015122
-0.0068753
-0.01664
-0.026651
-0.037238
-0.049118
-0.059255
-0.068808
-0.077771
-0.08515
-0.090984
-0.095319
-0.098816
-0.10117
-0.10184
-0.10025
-0.095903
-0.089135
-0.079872
-0.068509
-0.055997
-0.043535
-0.032505
-0.022465
-0.012834
-0.0042898
0.0023911
0.0073657
0.010806
0.013153
0.014744
0.015849
0.016844
0.018314
0.020208
0.022032
0.023154
0.023383
0.023301
0.022682
0.021153
0.018902
0.015976
0.012345
0.0081875
0.0039558
-8.4785e-05
-0.0035332
-0.0059791
-0.0075081
-0.0082789
-0.0086298
-0.0087674
-0.0087055
-0.0078735
-0.0060579
-0.0040651
-0.0020111
0.00024146
0.0028872
0.0059086
0.0088094
0.011672
0.014793
0.017948
0.020829
0.023543
0.026298
0.029338
0.032596
0.0357
0.038498
0.0408
0.042496
0.04372
0.045215
0.04718
0.049371
0.0511
0.051924
0.052297
0.052344
0.052233
0.051965
0.050948
0.048175
0.043459
0.037957
0.032415
0.027239
0.02275
0.018732
0.015058
0.011924
0.010284
0.010996
0.01364
0.01796
0.022611
0.027025
0.030838
0.033947
0.036389
0.038383
0.03996
0.041165
0.041496
0.040101
0.036353
0.02989
0.021791
0.012673
0.0030027
-0.0064353
-0.015264
-0.023293
-0.030662
-0.037637
-0.044379
-0.05091
-0.056579
-0.060692
-0.063367
-0.0652
-0.066967
-0.068517
-0.069478
-0.069834
-0.069809
-0.06979
-0.069802
-0.069784
-0.069695
-0.069563
-0.069504
-0.069701
-0.070289
-0.071114
-0.071738
-0.072182
-0.072605
-0.073136
-0.073595
-0.073712
-0.073478
-0.072826
-0.071654
-0.069975
-0.06799
-0.065947
-0.0639
-0.061627
-0.0592
-0.056991
-0.055196
-0.053837
-0.052628
-0.051262
-0.049333
-0.046647
-0.0432
-0.039168
-0.034664
-0.029744
-0.023949
-0.016997
-0.0093293
-0.0017538
0.0054936
0.012317
0.018671
0.024266
0.028894
0.032339
0.034854
0.036536
0.037657
0.038615
0.039637
0.040721
0.041822
0.042941
0.044072
0.045071
0.045581
0.045625
0.045642
0.045784
0.045997
0.046032
0.045835
0.045784
0.046274
0.047578
0.04942
0.051622
0.053812
0.056147
0.058869
0.06185
0.064778
0.067222
0.069082
0.07057
0.071681
0.072476
0.073126
0.073672
0.074113
0.074115
0.073279
0.071599
0.069009
0.065577
0.061597
0.057674
0.0542
0.051389
0.049246
0.047677
0.046566
0.045576
0.044533
0.04327
0.042084
0.041264
0.040665
0.039871
0.038453
0.036563
0.034334
0.031776
0.028935
0.025877
0.022457
0.018431
0.013768
0.0087582
0.0038705
-0.00046546
-0.0051006
-0.010837
-0.017789
-0.025141
-0.032141
-0.038752
-0.045295
-0.051868
-0.058107
-0.063892
-0.069282
-0.074347
-0.078617
-0.081623
-0.083931
-0.085467
-0.085948
-0.085553
-0.084687
-0.083335
-0.081283
-0.078726
-0.075673
-0.072299
-0.069008
-0.066252
-0.064261
-0.063028
-0.062146
-0.061444
-0.060764
-0.060076
-0.059334
-0.058384
-0.057214
-0.05586
-0.054288
-0.052214
-0.049177
-0.044899
-0.039624
-0.033345
-0.026342
-0.019251
-0.012327
-0.0050896
0.0026282
0.010473
0.018262
0.025714
0.032444
0.038348
0.044061
0.049675
0.05484
0.059389
0.063652
0.067763
0.071822
0.075603
0.078702
0.080921
0.082033
0.082151
0.081552
0.080851
0.07993
0.078465
0.0763
0.07323
0.06934
0.064883
0.060073
0.055133
0.050101
0.045073
0.040197
0.035329
0.030191
0.025047
0.01992
0.014333
0.0082257
0.0017608
-0.0046655
-0.011234
-0.018074
-0.02469
-0.031283
-0.038173
-0.044691
-0.050532
-0.055894
-0.060622
-0.064518
-0.067503
-0.069456
-0.070574
-0.070899
-0.070465
-0.069677
-0.068654
-0.067428
-0.066063
-0.064606
-0.062927
-0.061021
-0.059211
-0.057614
-0.056327
-0.055491
-0.055112
-0.05482
-0.054405
-0.053736
-0.053148
-0.052887
-0.052687
-0.052283
-0.05156
-0.050836
-0.050409
-0.050223
-0.050036
-0.049452
-0.048303
-0.046652
-0.044781
-0.042647
-0.040106
-0.037445
-0.035051
-0.032798
-0.030367
-0.027458
-0.023983
-0.020241
-0.016608
-0.013503
-0.010924
-0.0089671
-0.0075633
-0.0067732
-0.0064144
-0.0064087
-0.0068362
-0.0077289
-0.0091844
-0.010964
-0.012309
-0.012751
-0.0128
-0.012703
-0.01263
-0.012128
-0.010599
-0.007973
-0.0041543
0.00054974
0.0056887
0.010809
0.016253
0.022176
0.028078
0.033764
0.039212
0.044674
0.050408
0.056147
0.061524
0.066618
0.071422
0.075677
0.079044
0.081542
0.082964
0.083342
0.08324
0.082866
0.081809
0.079788
0.077033
0.073753
0.06989
0.06526
0.060145
0.05508
0.050117
0.045314
0.040884
0.037117
0.034114
0.031361
0.02883
0.026649
0.024902
0.023396
0.021536
0.019034
0.015747
0.011929
0.0078801
0.0039581
0.00020595
-0.0034456
-0.0071252
-0.01106
-0.015078
-0.018402
-0.020788
-0.022393
-0.023515
-0.024188
-0.024537
-0.024603
-0.024282
-0.023177
-0.020979
-0.018142
-0.014755
-0.010867
-0.0064581
-0.0016863
0.0028573
0.0070848
0.011529
0.016107
0.020006
0.022879
0.025071
0.026776
0.028173
0.029099
0.029265
0.028632
0.027277
0.025692
0.023844
0.021594
0.019106
0.016336
0.013346
0.010387
0.0075074
0.0045698
0.0015521
-0.0015268
-0.0046196
-0.0076191
-0.0104
-0.013056
-0.015813
-0.018991
-0.022784
-0.027194
-0.031893
-0.036537
-0.040702
-0.044288
-0.047218
-0.049551
-0.051192
-0.052163
-0.052641
-0.052406
-0.051183
-0.048924
-0.045959
-0.042786
-0.039242
-0.034889
-0.029812
-0.024774
-0.020129
-0.016125
-0.01283
-0.010186
-0.007857
-0.0060118
-0.0047923
-0.0041372
-0.0037889
-0.003485
-0.0031801
-0.002902
-0.0027624
-0.0027804
-0.0027173
-0.0023689
-0.0018161
-0.0011687
-0.00049388
0.00036324
0.00148
0.0026319
0.0037927
0.0050246
0.0064716
0.0081801
0.0098908
0.011395
0.012623
0.013765
0.015176
0.017071
0.019577
0.022505
0.025566
0.028304
0.030996
0.033931
0.036936
0.03993
0.042909
0.0457
0.048062
0.049985
0.051537
0.052966
0.054392
0.055843
0.057183
0.058355
0.059658
0.061362
0.0634
0.065623
0.067724
0.069716
0.071615
0.073287
0.074707
0.075957
0.076904
0.077358
0.077253
0.076574
0.075514
0.0738
0.071044
0.067092
0.061981
0.056341
0.050054
0.043099
0.036231
0.02942
0.022546
0.015885
0.0095688
0.003487
-0.002636
-0.0087735
-0.014639
-0.020063
-0.024879
-0.029113
-0.03285
-0.036334
-0.039797
-0.043513
-0.047729
-0.052141
-0.056154
-0.059181
-0.061437
-0.063496
-0.065455
-0.067217
-0.06866
-0.069563
-0.069888
-0.07014
-0.070564
-0.071125
-0.071564
-0.071714
-0.071704
-0.071618
-0.071519
-0.071268
-0.070818
-0.070484
-0.070226
-0.069861
-0.069415
-0.068771
-0.067485
-0.065187
-0.061759
-0.057064
-0.050915
-0.043672
-0.035381
-0.026629
-0.017344
-0.0077881
0.00066656
0.0061506
0.010651
0.015052
0.01941
0.023159
0.025572
0.026827
0.026906
0.026419
0.025502
0.024272
0.02275
0.020847
0.018626
0.016051
0.013212
0.010216
0.0071992
0.0044141
0.0018699
-0.00056699
-0.0031268
-0.0058301
-0.0084772
-0.010753
-0.012628
-0.014601
-0.016624
-0.018304
-0.019371
-0.019831
-0.020286
-0.020517
-0.020087
-0.018963
-0.017165
-0.014881
-0.012284
-0.0095163
-0.0063844
-0.0027467
0.0010887
0.0050042
0.0089491
0.012777
0.016304
0.019532
0.022337
0.024527
0.026265
0.02813
0.030053
0.03181
0.033426
0.034798
0.035773
0.036354
0.036663
0.036804
0.036779
0.036498
0.035852
0.034935
0.033992
0.033141
0.032236
0.031445
0.031077
0.031044
0.031251
0.031694
0.032552
0.033931
0.035602
0.03742
0.039431
0.041608
0.043723
0.045635
0.047218
0.048446
0.049313
0.04994
0.05038
0.050625
0.05045
0.049722
0.048727
0.047431
0.045681
0.043323
0.040008
0.035826
0.031418
0.027709
0.024862
0.022591
0.020457
0.018301
0.016053
0.013614
0.010755
0.0073863
0.0039618
0.00055685
-0.0029751
-0.0064059
-0.0096058
-0.012809
-0.015795
-0.018237
-0.020199
-0.021794
-0.023267
-0.024623
-0.025807
-0.026785
-0.027557
-0.028278
-0.029124
-0.030269
-0.031735
-0.033362
-0.034827
-0.036192
-0.037498
-0.038615
-0.039761
-0.041138
-0.042389
-0.043143
-0.043413
-0.043187
-0.042538
-0.041612
-0.040478
-0.039383
-0.038377
-0.037472
-0.036741
-0.036112
-0.035284
-0.0343
-0.033418
-0.032631
-0.031849
-0.030923
-0.029596
-0.027647
-0.025162
-0.022265
-0.019162
-0.015882
-0.012492
-0.0092027
-0.0061478
-0.0030239
0.00024022
0.0031048
0.0051391
0.0063451
0.0071987
0.0083175
0.0095678
0.010655
0.011329
0.011554
0.011508
0.011411
0.011248
0.010656
0.0097453
0.0090206
0.0084991
0.0079073
0.0068703
0.0052032
0.0032141
0.00075577
-0.0020943
-0.0045167
-0.006313
-0.0080464
-0.010274
-0.012855
-0.014594
-0.015642
-0.016689
-0.017755
-0.018649
-0.019123
-0.019252
-0.01927
-0.019241
-0.019114
-0.018782
-0.018238
-0.017639
-0.017051
-0.016496
-0.015977
-0.015549
-0.015287
-0.015238
-0.015408
-0.015691
-0.0161
-0.016761
-0.017915
-0.019708
-0.021854
-0.024233
-0.026783
-0.029484
-0.032197
-0.034571
-0.036573
-0.038286
-0.039672
-0.04065
-0.041391
-0.041883
-0.042092
-0.042025
-0.041646
-0.041094
-0.040216
-0.0389
-0.037403
-0.03589
-0.034518
-0.033252
-0.031981
-0.030674
-0.029355
-0.028094
-0.026816
-0.025384
-0.023876
-0.022371
-0.020837
-0.019228
-0.017498
-0.015579
-0.013491
-0.011436
-0.0094288
-0.0071044
-0.004424
-0.0015769
0.0016345
0.0053704
0.0093398
0.013158
0.016306
0.018876
0.021239
0.023487
0.025612
0.027578
0.029347
0.0309
0.032068
0.032708
0.032927
0.03289
0.033034
0.033131
0.032834
0.032354
0.031842
0.031439
0.031298
0.031626
0.032623
0.034212
0.03563
0.036815
0.038023
0.03929
0.040586
0.041798
0.042791
0.043512
0.044146
0.044718
0.045137
0.045252
0.045005
0.044534
0.043949
0.043281
0.042591
0.041993
0.041415
0.040722
0.039831
0.038823
0.037852
0.036938
0.036097
0.035348
0.03471
0.034103
0.033304
0.032251
0.03128
0.030549
0.030056
0.029603
0.029089
0.02854
0.028167
0.028167
0.028399
0.028684
0.028744
0.028629
0.028515
0.028405
0.028228
0.027901
0.027472
0.026988
0.026305
0.025318
0.024155
0.02295
0.021772
0.020405
0.01878
0.017067
0.015334
0.013598
0.011838
0.0099991
0.007983
0.0056174
0.0028338
-0.00010819
-0.0031684
-0.0063647
-0.0097081
-0.013216
-0.016819
-0.020493
-0.024121
-0.027454
-0.030251
-0.032471
-0.0345
-0.036567
-0.038831
-0.041437
-0.04413
-0.045971
-0.046723
-0.047072
-0.047311
-0.047398
-0.047048
-0.046245
-0.045302
-0.04414
-0.042632
-0.040921
-0.039273
-0.038037
-0.036896
-0.035638
-0.034538
-0.033596
-0.032524
-0.031335
-0.030124
-0.028864
-0.027658
-0.026717
-0.025628
-0.023911
-0.021893
-0.019853
-0.017692
-0.015306
-0.012734
-0.010243
-0.0081399
-0.0065261
-0.0051905
-0.0036891
-0.0022699
-0.0012953
-0.00057348
3.2168e-07
0.0005415
0.0010679
0.0016941
0.002748
0.004271
0.0057589
0.007303
0.0091037
0.010963
0.01285
0.015051
0.017346
0.019166
0.020505
0.02147
0.022236
0.022837
0.023243
0.023319
0.022992
0.022394
0.021428
0.019959
0.018053
0.015913
0.01394
0.012336
0.011023
0.0098099
0.0085895
0.007438
0.0065034
0.0058815
0.0054753
0.0052247
0.0049761
0.0046218
0.0041013
0.003484
0.0028032
0.0020913
0.0013031
0.00040279
-0.000535
-0.0014993
-0.0025311
-0.0037042
-0.0049538
-0.0059485
-0.0067591
-0.0077816
-0.0088488
-0.0098338
-0.010955
-0.012239
-0.013578
-0.014994
-0.016591
-0.018468
-0.020622
-0.023026
-0.025784
-0.028831
-0.031741
-0.03405
-0.03553
-0.036734
-0.037908
-0.039005
-0.039855
-0.040365
-0.040757
-0.04103
-0.041156
-0.041093
-0.040832
-0.040493
-0.040108
-0.039704
-0.039211
-0.038566
-0.037822
-0.036955
-0.035911
-0.034469
-0.032582
-0.030682
-0.02892
-0.027122
-0.024986
-0.022338
-0.019543
-0.016677
-0.013572
-0.010187
-0.006811
-0.0037307
-0.0011286
0.0010541
0.0030091
0.0047673
0.0062784
0.0075129
0.008418
0.0090358
0.0094307
0.0097211
0.0099542
0.0099977
0.0096779
0.0089893
0.0081844
0.0076815
0.0074951
0.0072597
0.0069061
0.0064685
0.0059866
0.0055314
0.0051852
0.0049375
0.0047333
0.0045493
0.0044262
0.0044303
0.0045839
0.0048344
0.0050768
0.005421
0.0061137
0.0071792
0.0085551
0.010287
0.01236
0.014393
0.016235
0.017764
0.018846
0.01954
0.020283
0.02113
0.021917
0.022392
0.022304
0.021716
0.020736
0.019771
0.018977
0.018301
0.017503
0.016903
0.016961
0.017209
0.017247
0.017299
0.017926
0.019613
0.021759
0.023883
0.026171
0.028665
0.031175
0.033631
0.035894
0.037705
0.038936
0.039901
0.040644
0.041133
0.041339
0.041305
0.041288
0.041225
0.040963
0.040481
0.039827
0.039145
0.038208
0.036829
0.035364
0.034105
0.032976
0.032158
0.031682
0.030956
0.029656
0.028005
0.026353
0.025126
0.024392
0.023969
0.023439
0.022663
0.021628
0.02042
0.019076
0.017706
0.016651
0.016041
0.015452
0.014724
0.013952
0.013108
0.012183
0.011262
0.010306
0.0092683
0.0082946
0.007431
0.0064796
0.0054279
0.0043685
0.0033611
0.0024466
0.0015757
0.00065171
-0.00040679
-0.0015099
-0.0025745
-0.0035168
-0.0042559
-0.0047618
-0.0051354
-0.005469
-0.0058669
-0.0062988
-0.0067106
-0.0071287
-0.0075553
-0.0079406
-0.0082045
-0.0083532
-0.0086062
-0.0089095
-0.0090457
-0.0093004
-0.009887
-0.010262
-0.010217
-0.010023
-0.0099253
-0.01011
-0.010417
-0.010656
-0.010674
-0.010504
-0.010278
-0.01007
-0.0099179
-0.0098139
-0.0096285
-0.0092684
-0.0089066
-0.0086712
-0.0085786
-0.00851
-0.0084018
-0.0085106
-0.0088661
-0.0092287
-0.0096207
-0.010103
-0.010612
-0.011094
-0.0115
-0.011791
-0.011984
-0.012189
-0.0124
-0.012536
-0.012646
-0.012806
-0.012985
-0.013107
-0.013102
-0.01302
-0.012932
-0.012758
-0.012491
-0.012203
-0.011809
-0.011199
-0.010367
-0.0093116
-0.0080756
-0.0066006
-0.0048524
-0.002892
-0.00084003
0.0010066
0.00274
0.0045706
0.0064586
0.008255
0.0097582
0.010909
0.011838
0.012604
0.013161
0.013446
0.013529
0.013664
0.013891
0.014112
0.014135
0.014001
0.013944
0.013885
0.013756
0.013678
0.01371
0.013813
0.013924
0.014086
0.014463
0.014934
0.015128
0.015048
0.014828
0.014665
0.014622
0.014623
0.014618
0.014378
0.013512
0.012197
0.011116
0.010087
0.0088426
0.0074836
0.0059833
0.0043219
0.0024946
0.00050739
-0.0015451
-0.0035213
-0.005246
-0.0066819
-0.0080634
-0.0097864
-0.011669
-0.013339
-0.014789
-0.016096
-0.017419
-0.018841
-0.02038
-0.021946
-0.023474
-0.024861
-0.025952
-0.026648
-0.027084
-0.027238
-0.027111
-0.026808
-0.026341
-0.025807
-0.025339
-0.025037
-0.024788
-0.024331
-0.023349
-0.021992
-0.020691
-0.019712
-0.019124
-0.018614
-0.018287
-0.018274
-0.018227
-0.01792
-0.017576
-0.017251
-0.016947
-0.016732
-0.016587
-0.016336
-0.015861
-0.015132
-0.014201
-0.013176
-0.012223
-0.011343
-0.010421
-0.0095144
-0.0085699
-0.0073096
-0.0057656
-0.0042995
-0.0029484
-0.0016
-0.0001159
0.0013328
0.0022509
0.0027924
0.0032648
0.0034252
0.0030833
0.0024999
0.0017736
0.00087087
-0.00047184
-0.0024077
-0.0045776
-0.0068733
-0.0091909
-0.011416
-0.01366
-0.016146
-0.018805
-0.021472
-0.023971
-0.026098
-0.027709
-0.028751
-0.029565
-0.031037
-0.032835
-0.034231
-0.035229
-0.035812
-0.03607
-0.036144
-0.036182
-0.03609
-0.035776
-0.035328
-0.034731
-0.033965
-0.033054
-0.032038
-0.031054
-0.029921
-0.028517
-0.027228
-0.026162
-0.024748
-0.02295
-0.021298
-0.01982
-0.018318
-0.016597
-0.014628
-0.012736
-0.01097
-0.0092122
-0.007344
-0.0054209
-0.0037856
-0.0024925
-0.001249
7.049e-05
0.0015217
0.0030342
0.0043436
0.0050574
0.0052515
0.0054528
0.0057259
0.0060124
0.0062919
0.0065535
0.0068086
0.0070579
0.0072847
0.007445
0.0075071
0.0075073
0.0075127
0.0075202
0.0075157
0.0074983
0.0074878
0.0075179
0.0076056
0.0076921
0.0075969
0.0070481
0.0059116
0.0045316
0.0031971
0.0018889
0.00056192
-0.00078845
-0.0021096
-0.0033127
-0.0043437
-0.0052961
-0.0062636
-0.0072714
-0.0083213
-0.0093698
-0.010282
-0.01085
-0.010951
-0.010796
-0.010489
-0.010088
-0.0095479
-0.0088384
-0.0080114
-0.0069832
-0.0056677
-0.0042279
-0.002846
-0.0013319
0.00029929
0.0016881
0.0028561
0.0039675
0.0050387
0.0061169
0.007308
0.0084781
0.009356
0.0099328
0.010188
0.01012
0.010008
0.010348
0.011026
0.01178
0.01241
0.012962
0.013664
0.014445
0.015235
0.016085
0.017014
0.017966
0.018908
0.019798
0.020633
0.021592
0.022928
0.024461
0.025851
0.027038
0.02825
0.029976
0.032242
0.034398
0.036298
0.037974
0.039309
0.04026
0.041082
0.041779
0.04232
0.043175
0.044627
0.04585
0.046372
0.046452
0.046372
0.046415
0.046485
0.046453
0.046271
0.045811
0.045101
0.044535
0.044251
0.044013
0.043839
0.043707
0.043317
0.04257
0.041758
0.040997
0.040258
0.039298
0.038073
0.03691
0.035655
0.0342
0.033015
0.032252
0.031611
0.030835
0.029818
0.028751
0.02777
0.026922
0.026193
0.025441
0.024389
0.023013
0.021576
0.020098
0.018476
0.016613
0.014575
0.01251
0.010431
0.0083596
0.006396
0.0046758
0.0032474
0.0018685
0.00027379
-0.0013176
-0.0026139
-0.0037403
-0.0047422
-0.0056188
-0.0063591
-0.0069731
-0.0075028
-0.0081004
-0.0089314
-0.0096889
-0.0099839
-0.0099466
-0.0097026
-0.009401
-0.0091524
-0.0090203
-0.0089057
-0.0086151
-0.007972
-0.0070463
-0.0061217
-0.0054837
-0.0051669
-0.004836
-0.0044865
-0.0042704
-0.0043184
-0.0046084
-0.0049118
-0.0051842
-0.0054235
-0.0056238
-0.005829
-0.0061603
-0.0068081
-0.007879
-0.0091616
-0.010407
-0.011498
-0.012705
-0.014296
-0.015991
-0.017449
-0.018577
-0.019694
-0.021106
-0.022474
-0.023633
-0.024705
-0.025763
-0.026876
-0.028019
-0.028905
-0.029251
-0.029556
-0.030254
-0.031171
-0.032086
-0.03282
-0.033505
-0.034206
-0.034726
-0.035174
-0.035819
-0.03628
-0.036258
-0.036076
-0.035982
-0.036049
-0.035957
-0.035502
-0.034954
-0.034244
-0.033076
-0.031509
-0.029856
-0.028406
-0.027242
-0.026153
-0.024901
-0.023314
-0.021551
-0.019773
-0.018002
-0.016273
-0.014654
-0.013161
-0.011807
-0.010581
-0.0095268
-0.0086255
-0.0077114
-0.0067021
-0.0059339
-0.0055927
-0.0054555
-0.0054769
-0.0056436
-0.0059659
-0.0063978
-0.0067821
-0.0072624
-0.0080934
-0.009347
-0.010953
-0.01255
-0.013884
-0.014889
-0.015933
-0.017096
-0.018092
-0.018867
-0.019477
-0.01998
-0.020448
-0.021016
-0.021465
-0.021595
-0.021712
-0.021915
-0.022051
-0.02217
-0.022308
-0.022254
-0.021936
-0.021596
-0.021418
-0.021456
-0.021441
-0.021055
-0.020211
-0.019015
-0.017695
-0.016351
-0.014933
-0.013254
-0.011238
-0.0090514
-0.0069673
-0.0051863
-0.0034399
-0.0016074
0.00019631
0.0019051
0.0033663
0.0043017
0.0047087
0.0052209
0.0058711
0.0064736
0.0071609
0.0079718
0.0086743
0.0093063
0.010133
0.011097
0.012023
0.012861
0.013699
0.014739
0.015966
0.017148
0.017964
0.018412
0.019004
0.019667
0.020161
0.020531
0.020809
0.020968
0.021072
0.021235
0.02127
0.02103
0.020674
0.02038
0.020352
0.020485
0.020598
0.020571
0.020433
0.020337
0.020366
0.020413
0.020137
0.01974
0.019708
0.019819
0.01982
0.019769
0.019743
0.019779
0.019762
0.019636
0.019524
0.019487
0.019543
0.019689
0.019792
0.019579
0.019054
0.018547
0.018189
0.017958
0.017672
0.017276
0.016865
0.016499
0.016227
0.016058
0.015905
0.015668
0.015581
0.015753
0.015853
0.015838
0.015905
0.015967
0.015885
0.015636
0.015341
0.015199
0.015039
0.014732
0.014437
0.014216
0.014016
0.013791
0.013487
0.013076
0.01265
0.01236
0.012084
0.01163
0.010908
0.009985
0.0090843
0.0081768
0.0071598
0.0059906
0.0046052
0.0030703
0.0017315
0.00071106
-0.00042087
-0.0016808
-0.0028681
-0.0039843
-0.0050926
-0.0062679
-0.0073238
-0.0081011
-0.0088606
-0.0097062
-0.010331
-0.01082
-0.011403
-0.012041
-0.01257
-0.012755
-0.01269
-0.012585
-0.012419
-0.012291
-0.012466
-0.012657
-0.01246
-0.012017
-0.011519
-0.011229
-0.011168
-0.011209
-0.011225
-0.011128
-0.010951
-0.010708
-0.010422
-0.010139
-0.0099166
-0.009778
-0.0095378
-0.0089163
-0.0078169
-0.0064455
-0.0054611
-0.0049955
-0.0047105
-0.0041207
-0.0030182
-0.0018807
-0.00091997
-0.00021308
0.00034238
0.00088277
0.0014679
0.0019964
0.0023086
0.0024142
0.0023792
0.0023319
0.0022988
0.0022185
0.0020109
0.0016079
0.0010468
0.00044437
-1.6407e-05
-0.00035386
-0.00064023
-0.00094524
-0.0012601
-0.0015522
-0.0019623
-0.0025069
-0.0029022
-0.0031136
-0.0032692
-0.003372
-0.0034135
-0.0034221
-0.0033233
-0.0030569
-0.0027485
-0.0024708
-0.0021386
-0.0017527
-0.0013451
-0.00074881
0.00012836
0.0010931
0.0020965
0.0031037
0.0041024
0.0050878
0.006034
0.0070499
0.0082642
0.0094493
0.010281
0.010806
0.011166
0.011582
0.012036
0.012443
0.012799
0.013236
0.013965
0.014653
0.01484
0.014651
0.014306
0.014217
0.014396
0.014612
0.014625
0.014394
0.01418
0.014059
0.013969
0.013715
0.013189
0.012526
0.011885
0.011372
0.010837
0.010232
0.0096815
0.0091436
0.0085363
0.0078712
0.00722
0.0067022
0.006254
0.005703
0.0049422
0.0040293
0.0032814
0.002766
0.0023358
0.0016806
0.00078389
5.4846e-05
-0.0003578
-0.00060877
-0.0012042
-0.0022077
-0.0030117
-0.0035154
-0.0039028
-0.0044432
-0.0052305
-0.0060666
-0.0068128
-0.007431
-0.0081157
-0.0088831
-0.0095128
-0.010166
-0.010979
-0.011585
-0.011813
-0.011924
-0.01202
-0.012173
-0.012432
-0.012711
-0.012784
-0.012648
-0.012403
-0.012058
-0.01161
-0.011093
-0.010564
-0.010068
-0.009528
-0.0088502
-0.008036
-0.0071889
-0.0064743
-0.0057528
-0.0048478
-0.0037465
-0.0025376
-0.0013997
-0.00029469
0.00084518
0.0019257
0.0027456
0.0031513
0.0033664
0.0037622
0.0043686
0.0050087
0.0053187
0.0052728
0.0050841
0.0050001
0.005125
0.0052231
0.0051484
0.0048518
0.0044886
0.0041835
0.0038885
0.0034502
0.0027498
0.0019965
0.0014467
0.0011747
0.000982
0.00048243
-0.00023952
-0.00098614
-0.001618
-0.0021668
-0.0027604
-0.0033767
-0.0040738
-0.0050416
-0.0061659
-0.0070884
-0.007768
-0.0083082
-0.0089207
-0.0096372
-0.010363
-0.010975
-0.011395
-0.011718
-0.011956
-0.012174
-0.012523
-0.013014
-0.013372
-0.013602
-0.013865
-0.014151
-0.014486
-0.01499
-0.015538
-0.015877
-0.016139
-0.016475
-0.016847
-0.017058
-0.016922
-0.016747
-0.016637
-0.016174
-0.01545
-0.014986
-0.014554
-0.013923
-0.013281
-0.012552
-0.01156
-0.010677
-0.010309
-0.010128
-0.0099191
-0.0096258
-0.0094549
-0.0096198
-0.009946
-0.010352
-0.010801
-0.011295
-0.011859
-0.012523
-0.013288
-0.014065
-0.014811
-0.015497
-0.01611
-0.016644
-0.017115
-0.017509
-0.017817
-0.018058
-0.018271
-0.018517
-0.018703
-0.018732
-0.018705
-0.018685
-0.018591
-0.018301
-0.017796
-0.017336
-0.017055
-0.01672
-0.016171
-0.015371
-0.014502
-0.013728
-0.013022
-0.012309
-0.011492
-0.01059
-0.0096313
-0.0085367
-0.0073571
-0.0063517
-0.0053938
-0.0042896
-0.003184
-0.002227
-0.0014782
-0.00082286
-9.4196e-05
0.00066741
0.0013817
0.0020029
0.0024367
0.0026769
0.0029977
0.0034428
0.0035668
0.0033499
0.0032402
0.0033503
0.0036041
0.0037929
0.0038651
0.0039456
0.0041219
0.004437
0.0048121
0.0052043
0.0056219
0.0061691
0.0068891
0.0075891
0.0082598
0.0090927
0.010059
0.011067
0.012164
0.013225
0.013947
0.014698
0.015977
0.017559
0.019044
0.02011
0.020918
0.021972
0.023314
0.02477
0.026023
0.027018
0.027917
0.028503
0.02858
0.028412
0.028133
0.027817
0.027509
0.027161
0.026554
0.025684
0.024801
0.023886
0.022893
0.021901
0.020927
0.019939
0.019
0.018175
0.017447
0.016688
0.015737
0.014738
0.01387
0.013145
0.012481
0.011652
0.010476
0.009043
0.007906
0.0071082
0.0064432
0.005745
0.0049158
0.0040253
0.0031495
0.0022857
0.0012576
8.5352e-05
-0.00087838
-0.0014839
-0.0018285
-0.00232
-0.0030201
-0.0035693
-0.0040081
-0.0045468
-0.0052633
-0.0060796
-0.0067563
-0.0071916
-0.0073646
-0.0073414
-0.0071467
-0.0068887
-0.0068119
-0.0071412
-0.0077196
-0.0081594
-0.0080035
-0.0074403
-0.0069305
-0.0065826
-0.0063693
-0.00614
-0.0057243
-0.0051149
-0.0047123
-0.0046369
-0.0045612
-0.0045961
-0.0048653
-0.0050637
-0.0050338
-0.0048825
-0.0048588
-0.0051863
-0.0057064
-0.006231
-0.0066873
-0.006956
-0.0069572
-0.006819
-0.0067272
-0.0069457
-0.0074269
-0.0078533
-0.007835
-0.0073484
-0.0071057
-0.0071142
-0.0070826
-0.0068816
-0.0064364
-0.0058354
-0.005191
-0.0046011
-0.0039889
-0.003383
-0.0030175
-0.0027576
-0.0022273
-0.0014512
-0.00063311
-6.6393e-05
0.00025292
0.00062019
0.0010625
0.0015514
0.002075
0.0025048
0.0026629
0.0026186
0.0024965
0.0022071
0.0017617
0.0013687
0.0011692
0.0012419
0.0014558
0.0015884
0.0016296
0.0017846
0.002384
0.0032145
0.0038665
0.004344
0.0048087
0.0054891
0.0063379
0.0071281
0.007649
0.007841
0.007999
0.0083345
0.0089729
0.009651
0.010141
0.010541
0.010885
0.011189
0.011578
0.012058
0.012385
0.012541
0.012749
0.01308
0.013488
0.013823
0.014005
0.014075
0.014108
0.014186
0.014275
0.014371
0.014502
0.014576
0.014478
0.01425
0.01396
0.013739
0.013441
0.012963
0.012611
0.012501
0.01241
0.012288
0.01213
0.011921
0.01164
0.011314
0.011132
0.011268
0.011578
0.011926
0.012132
0.012137
0.011969
0.011711
0.011428
0.011208
0.010893
0.010344
0.0097899
0.0093475
0.0089582
0.0085326
0.0079733
0.0072687
0.0063616
0.005275
0.0044285
0.0040723
0.0034951
0.0024885
0.0016188
0.00091697
0.00024044
-0.0004109
-0.0010733
-0.0017899
-0.0024253
-0.0028378
-0.0031231
-0.0033653
-0.0036031
-0.0037094
-0.0035736
-0.003336
-0.0031072
-0.0029378
-0.002709
-0.0023055
-0.0018466
-0.0013291
-0.00067519
2.6728e-05
0.00063358
0.0011434
0.0015686
0.0019717
0.0024964
0.0031702
0.0036533
0.0038784
0.0042253
0.004796
0.0054185
0.0060882
0.0068617
0.0075069
0.0078348
0.007967
0.0080007
0.0080211
0.0080037
0.0078543
0.0074572
0.0068696
0.0063095
0.0056315
0.0047351
0.0039562
0.0033236
0.0025527
0.0015755
0.00044694
-0.00070233
-0.0017564
-0.0027157
-0.0039471
-0.0055725
-0.0070458
-0.0082748
-0.0095602
-0.010749
-0.011688
-0.012531
-0.013337
-0.014187
-0.015118
-0.01605
-0.016778
-0.017352
-0.017906
-0.018391
-0.018857
-0.019523
-0.020257
-0.020833
-0.021326
-0.021863
-0.022514
-0.023085
-0.023367
-0.023497
-0.023586
-0.023726
-0.023825
-0.023777
-0.023708
-0.023649
-0.023523
-0.02326
-0.022836
-0.022329
-0.021757
-0.021133
-0.020516
-0.019929
-0.019247
-0.01835
-0.017282
-0.016085
-0.014871
-0.01379
-0.012831
-0.011689
-0.010346
-0.0089773
-0.0075754
-0.006264
-0.0053807
-0.0048089
-0.0040072
-0.0030052
-0.0020392
-0.0011909
-0.00042866
0.00035785
0.0011271
0.0017887
0.0023212
0.002781
0.003351
0.0040025
0.004607
0.0051085
0.0055568
0.0061432
0.0066911
0.0069944
0.0072718
0.0076235
0.0077965
0.0078309
0.0079056
0.008079
0.008354
0.0086373
0.0088121
0.0088027
0.0087125
0.0086451
0.0086098
0.008601
0.0085909
0.0085237
0.0083552
0.0081063
0.0077112
0.0071686
0.0066858
0.006374
0.0060543
0.0056853
0.0052698
0.0047748
0.0042149
0.0037004
0.0033306
0.0030943
0.0027465
0.0021986
0.0016342
0.0012224
0.0010303
0.00083395
0.00057421
0.0004075
0.0004952
0.00078383
0.00076833
0.00034814
-0.00011902
-0.00050738
-0.00075658
-0.00087323
-0.00091519
-0.0010004
-0.0012202
-0.0016037
-0.0020297
-0.0022815
-0.0021722
-0.0019065
-0.0018276
-0.0019297
-0.0020492
-0.0019789
-0.0018506
-0.0018609
-0.0019042
-0.0017793
-0.0013496
-0.0008551
-0.00065959
-0.00075053
-0.00098825
-0.0010366
-0.0008852
-0.00066264
-0.00041648
-0.00018798
-3.6906e-05
9.185e-05
0.0002542
0.0003485
0.00034159
0.00033846
0.00037161
0.00041143
0.00036681
0.00028502
0.00044379
0.00071735
0.00087981
0.0010424
0.001308
0.0016147
0.0020092
0.0025383
0.0031147
0.0036014
0.0038853
0.0041793
0.0048173
0.0055099
0.0059433
0.0061557
0.0061817
0.0061604
0.0061795
0.0062572
0.0063296
0.0064097
0.0065167
0.0064151
0.0060315
0.0057335
0.0054508
0.004824
0.0040853
0.0035327
0.0032148
0.0030911
0.0029879
0.0027759
0.00242
0.0020506
0.0017788
0.0016397
0.0015282
0.0012644
0.00070043
-2.4805e-05
-0.00056273
-0.00099633
-0.0014589
-0.0019396
-0.0023889
-0.0027935
-0.0033646
-0.0041992
-0.0050392
-0.0058348
-0.0065837
-0.0071353
-0.0075654
-0.0083254
-0.0093717
-0.010318
-0.01077
-0.010693
-0.010801
-0.011039
-0.011147
-0.011253
-0.011432
-0.011554
-0.011645
-0.01171
-0.011523
-0.011071
-0.010798
-0.01055
-0.010051
-0.0094995
-0.0090363
-0.0085309
-0.0079294
-0.0072518
-0.0065044
-0.0057025
-0.0048798
-0.0040664
-0.0032958
-0.0025453
-0.0018271
-0.0012313
-0.00080198
-0.00047518
-0.00011991
0.00039819
0.0010357
0.0016721
0.0021692
0.0025782
0.0030064
0.0034243
0.0039326
0.0047424
0.0057058
0.0065397
0.0072377
0.0078504
0.0084497
0.009015
0.0095438
0.010137
0.01083
0.011472
0.011975
0.012311
0.012537
0.012718
0.012903
0.013066
0.013192
0.013376
0.013621
0.013715
0.013567
0.013297
0.013125
0.01314
0.013146
0.013054
0.012905
0.012726
0.012511
0.012215
0.011801
0.011268
0.010592
0.0097886
0.0089865
0.0081269
0.0070774
0.0060309
0.0050991
0.0040938
0.0030773
0.0022182
0.0014025
0.00053516
-0.00032349
-0.001228
-0.0022261
-0.0031878
-0.0039493
-0.0044482
-0.0047678
-0.005058
-0.0053386
-0.0055647
-0.0057028
-0.0057535
-0.0057609
-0.0057724
-0.0056622
-0.0051948
-0.0044768
-0.0038095
-0.0033616
-0.0031584
-0.0029663
-0.0026565
-0.0022236
-0.0018678
-0.0016857
-0.0014519
-0.0010894
-0.00063279
-0.00017849
0.00025553
0.00079586
0.0013706
0.001766
0.0019321
0.0019465
0.0020628
0.0024597
0.0031173
0.0035078
0.0033559
0.0031774
0.0030379
0.0028293
0.0025694
0.0022708
0.0019398
0.0015253
0.00098143
0.00030722
-0.00036522
-0.00076251
-0.00098897
-0.0013268
-0.0018831
-0.0026542
-0.0034344
-0.0041055
-0.0045829
-0.0048692
-0.0050941
-0.0055704
-0.0061589
-0.0066406
-0.0071955
-0.0078437
-0.0084254
-0.0089747
-0.0095637
-0.010147
-0.01072
-0.011337
-0.012081
-0.012896
-0.013485
-0.013734
-0.013803
-0.013833
-0.013881
-0.013892
-0.013925
-0.014077
-0.014177
-0.014149
-0.014199
-0.014344
-0.01442
-0.014176
-0.013528
-0.012848
-0.012534
-0.012849
-0.013193
-0.013094
-0.012846
-0.012481
-0.01198
-0.011442
-0.010975
-0.010653
-0.010439
-0.01017
-0.0097109
-0.0090591
-0.0084631
-0.008036
-0.0077982
-0.0076859
-0.007617
-0.0075199
-0.0073634
-0.0071565
-0.0069053
-0.0066982
-0.0067161
-0.0069256
-0.0070583
-0.0070405
-0.0069214
-0.0068713
-0.0069171
-0.0069504
-0.0069731
-0.0070136
-0.007084
-0.0072302
-0.0074885
-0.007856
-0.0081685
-0.0080761
-0.00759
-0.007087
-0.0067891
-0.0067268
-0.0066436
-0.0065199
-0.0065224
-0.0065717
-0.006444
-0.0058917
-0.0050374
-0.0043786
-0.0039856
-0.0036741
-0.0031495
-0.0024365
-0.0018348
-0.0012662
-0.00057416
0.00017117
0.00092506
0.0016794
0.0024309
0.0031836
0.0039328
0.0046808
0.0054314
0.0062037
0.007017
0.0078756
0.0087338
0.0095879
0.010442
0.011299
0.012156
0.013007
0.01385
0.014695
0.015559
0.01646
0.017378
0.018233
0.018868
0.019162
0.019214
0.019291
0.019573
0.020069
0.020551
0.021
0.021382
0.021474
0.021205
0.020872
0.020658
0.020639
0.020659
0.020641
0.020623
0.020637
0.020616
0.020277
0.019639
0.019313
0.019141
0.018708
0.018041
0.017252
0.016499
0.015835
0.015237
0.014561
0.013844
0.013308
0.0128
0.012118
0.011469
0.010813
0.0099131
0.0088229
0.0077978
0.0070808
0.00668
0.0063458
0.0060014
0.0056251
0.0052594
0.0049889
0.0048437
0.0046515
0.0043283
0.0040648
0.0038975
0.0037053
0.0034773
0.0033355
0.003529
0.0039384
0.0040852
0.0039234
0.003668
0.0036173
0.0038206
0.0040775
0.0043543
0.0046226
0.0047887
0.004842
0.0049042
0.0049667
0.0049634
0.0048406
0.0045709
0.0042463
0.0039729
0.0038351
0.0037758
0.003711
0.0035218
0.0031396
0.0025867
0.0020031
0.0015254
0.0012551
0.0010325
0.00062508
8.6415e-05
-0.00055019
-0.0012224
-0.0017782
-0.0020815
-0.0022364
-0.0023402
-0.0025441
-0.0029278
-0.0034575
-0.003923
-0.0042911
-0.0047317
-0.0052107
-0.0055681
-0.0056563
-0.005526
-0.0055686
-0.0057744
-0.0060053
-0.0062913
-0.0066462
-0.0070088
-0.0074694
-0.0080647
-0.0085463
-0.0087237
-0.0086112
-0.0083412
-0.0081803
-0.0083471
-0.0087684
-0.0089526
-0.0087583
-0.0082718
-0.0077068
-0.0072321
-0.0068173
-0.0064233
-0.0060027
-0.0055209
-0.0049529
-0.0043276
-0.0037116
-0.0032145
-0.0028255
-0.0025452
-0.0023963
-0.0023338
-0.0022399
-0.0021668
-0.0021775
-0.0022337
-0.0022233
-0.0020294
-0.0017891
-0.0017757
-0.0021096
-0.0023471
-0.0017738
-0.0008784
-0.00048237
-0.00044505
-0.00049576
-0.00039057
-0.00019095
-5.4749e-05
4.0967e-05
6.4143e-05
-5.324e-05
-0.00026056
-0.0004549
-0.00062855
-0.0008299
-0.0011357
-0.0015023
-0.0018515
-0.0022017
-0.002692
-0.0034766
-0.0042267
-0.004548
-0.0046769
-0.004798
-0.0049811
-0.0051429
-0.0052274
-0.0054158
-0.0057815
-0.0061935
-0.0063989
-0.0062483
-0.0060792
-0.0060935
-0.0062635
-0.0064032
-0.0063336
-0.0062078
-0.0061188
-0.0061002
-0.0062707
-0.006595
-0.0067275
-0.0066032
-0.0064493
-0.0062918
-0.0061487
-0.0061324
-0.006232
-0.0063192
-0.0064082
-0.0065116
-0.0065284
-0.0064606
-0.0064434
-0.006596
-0.0069132
-0.0071651
-0.0073325
-0.0075878
-0.0079468
-0.0083656
-0.0087594
-0.0090868
-0.0093582
-0.0095889
-0.0097853
-0.0099423
-0.009905
-0.0095493
-0.0092338
-0.0092365
-0.0093687
-0.0094109
-0.0091786
-0.0086827
-0.008146
-0.0080029
-0.0082648
-0.0084853
-0.008524
-0.0083913
-0.0082254
-0.0080235
-0.0076996
-0.0073414
-0.0070514
-0.0068639
-0.0069251
-0.0072933
-0.0075062
-0.007272
-0.0069451
-0.0066725
-0.0063661
-0.0058957
-0.0052513
-0.0046901
-0.0043042
-0.0039883
-0.0036733
-0.0032123
-0.0024084
-0.0014702
-0.00092725
-0.00067385
-0.00049718
-0.00065435
-0.0011497
-0.00145
-0.0016122
-0.0018527
-0.0020838
-0.00217
-0.0020065
-0.0016428
-0.0012764
-0.0011302
-0.0011829
-0.0010889
-0.00075807
-0.00027561
0.00018778
0.00056565
0.00093372
0.0013823
0.0019699
0.0025931
0.0031473
0.0036162
0.0041394
0.004792
0.005317
0.0056095
0.0060201
0.0066041
0.0072712
0.0081083
0.0091092
0.0099925
0.010598
0.010938
0.011054
0.011101
0.01142
0.012014
0.012576
0.013111
0.013639
0.013957
0.014029
0.014125
0.014317
0.014507
0.014442
0.014039
0.013604
0.013285
0.013123
0.012962
0.01269
0.012294
0.011837
0.011386
0.010875
0.010307
0.0098313
0.0095387
0.0094282
0.0093379
0.0091041
0.0086072
0.0080777
0.0077815
0.007517
0.0071058
0.0065123
0.0058896
0.005427
0.0050405
0.0046656
0.0042735
0.003839
0.0033143
0.0026325
0.0018143
0.0010067
0.00028429
-0.00030803
-0.00079438
-0.0012057
-0.0016198
-0.0021489
-0.0028431
-0.0035258
-0.0040657
-0.004443
-0.0047578
-0.0050883
-0.0054067
-0.005646
-0.0057488
-0.0057503
-0.0056984
-0.0056522
-0.0057122
-0.0059835
-0.0064301
-0.0069128
-0.0071881
-0.0071706
-0.0070432
-0.0071409
-0.0075154
-0.0076481
-0.0074209
-0.0071544
-0.0068989
-0.0066604
-0.0065072
-0.0064156
-0.0062726
-0.0060347
-0.0056926
-0.0052686
-0.0048994
-0.0048298
-0.0048978
-0.0048053
-0.0045667
-0.0042313
-0.0039148
-0.0038066
-0.004
-0.0042174
-0.0042235
-0.0040915
-0.0039657
-0.0039914
-0.0041531
-0.0043318
-0.0043383
-0.0041456
-0.0038751
-0.0035816
-0.0033647
-0.003371
-0.0034938
-0.0034436
-0.0032254
-0.0029568
-0.0028028
-0.0028056
-0.0028596
-0.0028851
-0.0027906
-0.0025059
-0.0021384
-0.0019465
-0.0019288
-0.001964
-0.0019764
-0.001991
-0.0020903
-0.0022454
-0.0024396
-0.002792
-0.0032627
-0.0036187
-0.0037997
-0.0037927
-0.003581
-0.0033088
-0.003375
-0.0036891
-0.0039295
-0.0039355
-0.0037006
-0.0034677
-0.0034495
-0.0036588
-0.003649
-0.0032307
-0.0027037
-0.0021568
-0.00171
-0.0016007
-0.0018103
-0.0018057
-0.0014798
-0.00097461
-0.00051263
-0.00019484
0.00017864
0.00063015
0.0010767
0.0015293
0.0019711
0.0023164
0.0025718
0.0028798
0.0034201
0.004146
0.0046092
0.0047658
0.0049688
0.0052037
0.005364
0.0054745
0.0055164
0.005467
0.0054015
0.0054167
0.0054843
0.0055566
0.0055733
0.0055726
0.0055961
0.0055631
0.005427
0.0052425
0.0050826
0.0049657
0.0047382
0.0044252
0.004312
0.0044673
0.0047678
0.0049526
0.004973
0.0050627
0.0052811
0.0056686
0.0063424
0.0072262
0.0078895
0.0083871
0.0088685
0.009148
0.0092358
0.0095808
0.01012
0.01062
0.011121
0.011658
0.012176
0.012572
0.012767
0.012838
0.012926
0.013161
0.013513
0.013843
0.014199
0.014626
0.015068
0.015468
0.015785
0.015998
0.016115
0.016211
0.016273
0.016246
0.016216
0.016277
0.016337
0.016176
0.015631
0.015001
0.014684
0.014515
0.014331
0.014049
0.013693
0.013341
0.013045
0.012842
0.012699
0.01242
0.011888
0.011282
0.010767
0.01046
0.010382
0.010325
0.0098251
0.0090123
0.0085445
0.0083919
0.0083247
0.0081118
0.0076394
0.0069513
0.0062736
0.0056806
0.0049181
0.0040489
0.0033428
0.0027644
0.0021819
0.0015849
0.00098323
0.00038051
-0.00022599
-0.00084046
-0.0014574
-0.0020507
-0.0025792
-0.0030172
-0.0034232
-0.0039801
-0.0047166
-0.0054596
-0.0060946
-0.0065905
-0.0071091
-0.0077867
-0.008411
-0.0088411
-0.0091386
-0.009438
-0.0098678
-0.010338
-0.010771
-0.011125
-0.011296
-0.011264
-0.01125
-0.011375
-0.011603
-0.011814
-0.011895
-0.011924
-0.011939
-0.011925
-0.011821
-0.011609
-0.011427
-0.011289
-0.010977
-0.010546
-0.010172
-0.0098883
-0.0097048
-0.0096027
-0.009741
-0.010199
-0.01058
-0.010651
-0.010729
-0.010857
-0.010956
-0.011053
-0.01116
-0.011256
-0.011346
-0.011453
-0.011555
-0.011638
-0.01172
-0.011834
-0.011974
-0.012
-0.011818
-0.011563
-0.011299
-0.011021
-0.010652
-0.01014
-0.0095837
-0.0092727
-0.0094696
-0.0096987
-0.0094163
-0.009039
-0.0088333
-0.0087522
-0.0087142
-0.0085868
-0.0082981
-0.0078321
-0.0073174
-0.0067829
-0.0062806
-0.0059467
-0.0057992
-0.0055882
-0.0052096
-0.004692
-0.0042224
-0.0039042
-0.0035764
-0.0031764
-0.0027239
-0.0023359
-0.002103
-0.0019675
-0.0018798
-0.0018019
-0.001775
-0.0018093
-0.0017968
-0.0016631
-0.001379
-0.00089599
-0.00033127
-7.0601e-05
-1.4057e-05
0.00030697
0.00067322
0.00075722
0.00080193
0.00089471
0.00091894
0.0010152
0.0012971
0.0015084
0.0015622
0.0016259
0.001593
0.0013918
0.0013217
0.0015209
0.0016561
0.0016598
0.001624
0.00161
0.0015931
0.0014264
0.0012597
0.00139
0.001709
0.0019123
0.0016655
0.0011518
0.00093467
0.0010268
0.0012177
0.0011939
0.00097424
0.00087002
0.00086223
0.00088877
0.00096544
0.0010837
0.0011803
0.0011596
0.00095965
0.0006538
0.00037031
0.00028082
0.00043056
0.00070856
0.00086173
0.00082804
0.00073175
0.00057847
0.00037593
0.000193
0.00012477
0.00024588
0.00037293
0.00033036
0.00036442
0.00054806
0.00067296
0.0008155
0.0010718
0.0012553
0.0013078
0.0014926
0.0018604
0.0023062
0.0026722
0.0028448
0.002904
0.00288
0.0028631
0.0029631
0.003234
0.0035719
0.003834
0.003895
0.0038646
0.0038491
0.0038322
0.0037224
0.0034435
0.0031355
0.0029742
0.0028659
0.0026838
0.0023326
0.0018348
0.0013213
0.0009408
0.00073885
0.0006435
0.00061704
0.00057873
0.00041715
0.00015813
-4.583e-05
-0.00013883
-0.00016922
-0.00031272
-0.00064558
-0.001034
-0.001351
-0.0014662
-0.0013587
-0.0010863
-0.00092181
-0.0012167
-0.0020756
-0.002886
-0.003317
-0.003471
-0.0034217
-0.0035244
-0.0037667
-0.004267
-0.0046678
-0.004849
-0.0048273
-0.0047607
-0.004752
-0.0048752
-0.0052499
-0.0057953
-0.0060116
-0.0059407
-0.0061021
-0.0064161
-0.0065741
-0.006455
-0.0061547
-0.0059598
-0.0058832
-0.0058261
-0.005725
-0.0055423
-0.0052872
-0.0050045
-0.0047658
-0.0045991
-0.0044584
-0.0042131
-0.0038963
-0.0036332
-0.0035173
-0.003508
-0.0033819
-0.0032137
-0.003153
-0.00314
-0.0031586
-0.0032294
-0.0033401
-0.0034598
-0.0035793
-0.0036616
-0.0036498
-0.0035934
-0.0036038
-0.0037412
-0.0039367
-0.003953
-0.0037322
-0.003428
-0.0033935
-0.003683
-0.0038847
-0.0038915
-0.0037581
-0.0036148
-0.0035318
-0.0035087
-0.0036238
-0.0038691
-0.0039906
-0.0038598
-0.0036012
-0.0033671
-0.0032629
-0.003135
-0.0029388
-0.0027949
-0.00267
-0.0024551
-0.0020837
-0.0016595
-0.0015029
-0.0015751
-0.0016009
-0.0012944
-0.00060532
2.245e-05
0.00050596
0.00094754
0.0014837
0.0021651
0.0028112
0.0034019
0.0039585
0.0044523
0.0048343
0.0050961
0.0053646
0.0058403
0.0063836
0.0068514
0.0072773
0.0077485
0.0083256
0.008857
0.0091642
0.0092271
0.0092216
0.0094734
0.0099441
0.010369
0.010476
0.010334
0.010296
0.01029
0.010162
0.010011
0.0099265
0.0099435
0.0098912
0.0096435
0.0094691
0.0094724
0.009478
0.0093876
0.0091887
0.0090339
0.0089834
0.0089528
0.0089332
0.0089311
0.0089252
0.0089027
0.008857
0.0088023
0.0087583
0.0087274
0.0086965
0.0086438
0.0085955
0.0085954
0.0086426
0.0086628
0.0085098
0.0082507
0.0080279
0.0078473
0.0076657
0.0074201
0.0070373
0.0065249
0.0060681
0.005817
0.0057122
0.0057131
0.0057149
0.0055395
0.0051207
0.0046702
0.0043091
0.0041122
0.003981
0.0038227
0.0036591
0.0034858
0.0033465
0.0033974
0.0035858
0.0034812
0.0031138
0.0028331
0.002726
0.0027549
0.0027575
0.0026866
0.0025698
0.0024879
0.0024546
0.0023471
0.0022114
0.0021846
0.002227
0.0023196
0.0025181
0.0028104
0.0030566
0.0030726
0.0027847
0.0024157
0.0021113
0.0019493
0.001977
0.0021736
0.0023725
0.0024681
0.0024344
0.0023209
0.0022245
0.0021831
0.0021501
0.0020279
0.0018131
0.0015666
0.0013703
0.001277
0.0012496
0.0010703
0.00059968
0.00014509
-0.0001027
-0.00017508
-0.00023406
-0.00042321
-0.00058172
-0.00064628
-0.00073167
-0.00085677
-0.0010383
-0.0013529
-0.0017747
-0.0021027
-0.0023841
-0.0026939
-0.0028953
-0.0029371
-0.0029588
-0.0030893
-0.0034016
-0.0037903
-0.0041974
-0.0045884
-0.0048517
-0.004985
-0.0052914
-0.0058439
-0.0063359
-0.0066506
-0.0068165
-0.0070378
-0.0073469
-0.0075646
-0.0076823
-0.0077929
-0.0079976
-0.0082971
-0.0085333
-0.0086032
-0.0085037
-0.0084183
-0.0084698
-0.0086596
-0.008845
-0.0088598
-0.0087526
-0.0085068
-0.0080971
-0.0076105
-0.0072306
-0.0071089
-0.0072215
-0.0072357
-0.0070906
-0.0068749
-0.006713
-0.0066626
-0.006597
-0.0064909
-0.0063449
-0.0060866
-0.005746
-0.0055562
-0.0054718
-0.0053029
-0.0050883
-0.0049348
-0.0049128
-0.0049307
-0.0047745
-0.0044839
-0.0041448
-0.0038192
-0.0035014
-0.0031533
-0.0028018
-0.0025044
-0.0022843
-0.0021537
-0.0020603
-0.0019195
-0.001657
-0.0013167
-0.00098516
-0.00079094
-0.00058782
-0.00022024
0.0001193
0.00029547
0.00043398
0.0005537
0.00066891
0.0009086
0.0012902
0.0015861
0.0017059
0.0017265
0.0017015
0.0016743
0.0016829
0.0017347
0.0018086
0.0019037
0.0020001
0.0020445
0.0020669
0.0021463
0.0022078
0.0021724
0.0021267
0.002107
0.0020688
0.0019181
0.0016282
0.0013895
0.0012811
0.0012486
0.0012333
0.0011827
0.0010684
0.00092196
0.00081094
0.00069751
0.00055408
0.00042982
0.00034263
0.00027636
0.00022425
0.00018133
0.00013565
7.0529e-05
-1.8055e-05
-7.9007e-05
-8.6773e-05
-9.2524e-05
-0.00012875
-0.00019512
-0.00026119
-0.00030143
-0.00032084
-0.00034629
-0.00040409
-0.0004462
-0.00043869
-0.00041626
-0.00039947
-0.00039512
-0.00040892
-0.00042342
-0.00039357
-0.00034707
-0.00035821
-0.00038766
-0.00038126
-0.00032613
-0.00024327
-0.00017942
-0.00012404
-5.96e-05
1.0318e-05
7.8545e-05
0.00013805
0.00020111
0.0002676
0.00031244
0.00033875
0.00037999
0.00045573
0.00055973
0.0006418
0.00068955
0.00072717
0.00076245
0.00079816
0.00083153
0.00084916
0.00084068
0.00082899
0.00083978
0.00085717
0.00087072
0.00087872
0.00087977
0.0008761
0.00087277
0.00087167
0.00087281
0.00087413
0.00086904
0.00084766
0.00080718
0.00076512
0.00072699
0.00068943
0.00065336
0.00062258
0.00060131
0.00059019
0.00058411
0.0005772
0.00056804
0.00056711
0.00057236
0.00057008
0.00056217
0.00054894
0.00051806
0.00048045
0.00046682
0.00047577
0.0004898
0.00049144
0.00048711
0.00049896
0.0005273
0.00055882
0.00057704
0.00057835
0.0005763
0.0005723
0.00056993
0.00058303
0.00061355
0.00064206
0.00065901
0.00065918
0.00064493
0.00062525
0.00061548
0.00061588
0.00061945
0.00061939
0.00061218
0.00060186
0.00059124
0.00058104
0.00056749
0.00054864
0.00052818
0.00050764
0.00048882
0.00047321
0.00046091
0.00044973
0.00043799
0.00042592
0.0004137
0.00040144
0.00038901
0.0003765
0.00036413
0.00035245
0.0003418
0.0003317
0.00032012
0.00030647
0.00029293
0.00027963
0.0002655
0.00025198
0.00023983
0.00022635
0.00021131
0.00019773
0.00018514
0.00017221
0.00015882
0.00014541
0.00013313
0.00012288
0.00011444
0.00010567
9.5205e-05
8.3021e-05
7.0506e-05
5.9264e-05
4.9024e-05
3.9305e-05
2.9731e-05
2.064e-05
1.2323e-05
4.322e-06
-3.5779e-06
-1.1184e-05
-1.832e-05
-2.4746e-05
-3.0376e-05
-3.5767e-05
-4.1709e-05
-4.7678e-05
-5.2977e-05
-5.7747e-05
-6.2175e-05
-6.643e-05
-7.0646e-05
-7.4876e-05
-7.904e-05
-8.3057e-05
-8.69e-05
-9.0617e-05
-9.4284e-05
-9.7912e-05
-0.00010144
-0.00010483
-0.00010827
-0.00011188
-0.00011549
-0.00011908
-0.00012272
-0.00012628
-0.00012971
-0.00013316
-0.00013664
-0.00014008
-0.00014356
-0.00014712
-0.0001507
-0.00015423
-0.00015772
-0.00016122
-0.00016475
-0.0001683
-0.00017187
-0.00017543
-0.000179
-0.00018256
-0.00018613
-0.0001897
-0.00019328
-0.00019684
-0.00020041
-0.00020398
-0.00020754
-0.0002111
-0.00021467
-0.00021823
-0.00022179
-0.00022536
-0.00022892
-0.00023248
-0.00023605
-0.00023961
-0.00024317
-0.00024674
