0.0021287
0.0025598
0.0045965
0.0021117
0.0022464
0.0017865
0.0024171
0.0011262
0.0010421
0.0041251
0.0029396
0.0038299
0.0018929
0.0057965
0.0038026
0.0036601
-0.00076527
0.00046437
0.0021419
0.00011183
0.00047888
-0.0053454
0.0069712
0.0013237
0.0036781
-0.0078577
0.0011158
0.0010195
-0.0034137
-0.0085027
-0.007339
0.018513
-0.013812
-0.0032239
0.00039948
0.0084906
-2.6918e-05
-0.0060239
0.010907
-0.0057693
-0.00026445
0.00083412
-0.00057641
0.0033763
-0.0089113
0.0043073
0.0048229
0.0017013
0.0054036
0.0012469
0.0030757
-0.0040429
0.013667
-0.0015111
-0.003868
0.0096769
0.0053689
-0.0065931
-0.015696
0.0079503
-0.0064176
-0.0034628
-0.0081477
0.0059182
0.018467
-0.0080146
-0.016875
-0.021973
-0.0088294
-0.0035228
-0.011123
-0.020712
-0.0032431
0.0078962
0.003453
-0.0067581
-0.0083033
-0.0010407
-0.010859
-0.020618
-0.0043341
-0.0052964
-0.003926
0.00032916
-0.0047099
0.0054094
0.020146
-0.010657
-0.01362
0.0098587
0.013207
0.0067635
0.001821
0.0025926
-0.0042307
-0.0085203
-0.021203
-0.0050366
-0.0075399
-0.001623
0.0033841
0.0085065
0.0028579
-0.017665
-0.019188
-0.0041601
0.017875
-0.027855
-0.017471
-0.0065625
0.006895
0.0085991
0.028131
0.048692
0.012936
0.0036116
0.00030675
-0.00044392
-0.0011323
-0.028466
-0.0062605
0.024743
-0.005812
-0.018223
-0.05032
-0.018235
-0.01804
0.0026975
0.012739
-0.022289
-0.027898
-0.034126
-0.031336
-0.050614
-0.036403
-0.029348
-0.012152
-0.032182
-0.041274
-0.031174
-0.0073734
0.041647
0.0094688
0.017921
0.010086
-0.0142
-0.027642
-0.013031
0.046774
0.028029
0.021833
0.0035371
0.00017619
0.026136
0.031441
0.05203
0.036934
-0.018759
-0.075699
-0.076406
-0.01566
0.052613
0.067434
0.081579
0.038264
-0.055413
-0.10468
-0.10329
-0.053731
0.045508
0.11574
0.080611
0.01012
-0.02949
-0.0089635
0.016911
0.022104
0.034363
0.072108
0.060066
0.047167
0.036523
0.012481
0.019784
0.026474
-0.037082
-0.12938
-0.17522
-0.18052
-0.022916
0.074227
0.060054
0.065901
0.064696
0.086669
0.12802
0.047246
-0.068521
-0.045802
-0.039936
-0.027828
0.072102
0.15912
0.13764
0.056088
0.049334
0.11057
0.072341
-0.025525
-0.003652
0.021137
-0.024707
-0.081429
-0.063673
-0.065626
-0.086557
-0.11139
-0.057621
0.11002
0.18327
0.1631
0.13246
0.15564
0.16325
0.098993
-0.0045667
-0.02008
0.01214
-0.0042818
-0.0018799
0.033974
-0.0078349
-0.069354
-0.12182
-0.13829
-0.11223
-0.17095
-0.22842
-0.20883
-0.093362
-0.0056572
0.039871
0.07709
0.048953
-0.042155
-0.11879
-0.12833
-0.11685
-0.091529
-0.081152
-0.013808
0.06837
0.14653
0.22486
0.26967
0.30779
0.2287
0.1366
0.11898
0.11217
0.086924
0.032736
-0.056135
-0.11687
-0.039069
0.038813
0.044076
0.042484
0.049673
0.012301
-0.053894
-0.13494
-0.15227
-0.07336
-0.035688
-0.031472
-0.034201
-0.045202
-0.087988
-0.1098
-0.14718
-0.17815
-0.19463
-0.17229
-0.04989
0.042791
0.095139
0.17101
0.2171
0.20797
0.17094
0.12455
0.065829
0.020251
-0.0022593
-0.067554
-0.14667
-0.19853
-0.16462
-0.093678
-0.074799
-0.10766
-0.13121
-0.070339
-0.048613
-0.090725
-0.14248
-0.16786
-0.20955
-0.20655
-0.025044
0.088513
0.099463
0.1091
0.098745
0.07863
0.070668
0.075305
0.053954
-0.0022268
-0.072286
-0.075157
-0.01798
-0.050065
-0.059582
-0.0197
-0.045565
0.00028218
0.083765
0.14768
0.16364
0.1367
0.10031
0.038863
0.017276
0.0013605
-0.012914
-0.014739
-0.000874
-0.01183
0.0012108
-0.0050781
-0.0058253
0.031731
-0.0026715
-0.020905
-0.022336
-0.021238
-0.062662
-0.11032
-0.1717
-0.15484
-0.066793
-0.0043265
0.074734
0.10314
0.11718
0.11362
0.10026
0.083596
0.042183
0.021241
0.026465
0.091456
0.17134
0.20138
0.21351
0.15939
0.089891
0.051231
-0.033368
-0.10554
-0.1326
-0.14175
-0.12619
-0.13336
-0.099144
0.058064
0.17121
0.14537
0.076922
0.048219
0.04528
0.0018713
-0.085125
-0.059213
0.021205
0.044161
0.010777
-0.03384
-0.0055441
0.04062
0.084842
0.036871
-0.047128
-0.027479
0.03601
0.030159
-0.029933
-0.051421
-0.062937
-0.042575
-0.0080128
-0.049339
-0.087438
-0.0066719
0.040702
-0.043055
-0.10309
-0.11282
-0.12232
-0.08498
0.032999
0.091088
0.055237
0.039531
-0.00092022
-0.078082
-0.10418
-0.091422
-0.051418
-0.0043285
0.034171
0.085046
0.11506
0.096154
0.067013
0.027401
-0.03406
-0.041139
-0.022829
-0.046303
-0.094322
-0.13314
-0.1435
-0.11112
-0.061648
-0.046217
-0.037947
-0.026071
-0.026883
-0.016027
0.02132
0.061646
0.018238
-0.033744
-0.03006
-0.009304
0.0041013
-0.041467
-0.074253
-0.074456
-0.0044753
0.057624
0.018367
-0.053216
-0.065254
-0.020727
0.018905
0.034119
0.048535
0.081311
0.045313
-0.041665
-0.060101
-0.010522
0.036744
0.082172
0.11123
0.13851
0.1722
0.18201
0.14562
0.083999
0.024991
-0.033249
-0.049901
-0.065405
-0.09638
-0.10793
-0.045893
0.046354
0.086246
0.09063
0.10005
0.1183
0.097842
0.031409
-0.057981
-0.12859
-0.13669
-0.081608
-0.038569
-0.028984
-0.0084569
0.049988
0.086288
0.039519
-0.032021
-0.09071
-0.11472
-0.10536
-0.08525
-0.04325
0.0058283
0.034574
0.047263
0.054232
0.026779
-0.0208
-0.059707
-0.073892
-0.046388
-0.0041418
0.018382
0.011061
0.0049638
0.010567
0.025168
0.046237
0.059818
0.057013
0.067259
0.10141
0.11
0.080508
0.037533
0.025856
0.04123
0.05582
0.081965
0.096381
0.066243
0.0002941
-0.054164
-0.070537
-0.039119
0.025194
0.056092
0.031214
-0.013165
-0.056539
-0.08504
-0.086694
-0.063696
-0.0064308
0.049432
0.072366
0.03941
0.00080821
0.0067627
0.028595
0.051318
0.054875
0.048483
0.039921
0.035306
0.019199
0.0028008
-0.0024423
-0.029843
-0.061403
-0.072306
-0.066944
-0.030449
0.020777
0.041757
0.0058709
-0.039914
-0.043666
-0.034551
-0.043262
-0.072603
-0.085941
-0.04972
0.0026555
0.032849
0.040566
0.042907
0.044375
0.020131
-0.025788
-0.073694
-0.10356
-0.10921
-0.10602
-0.10774
-0.094199
-0.061113
-0.034421
-0.018122
-0.010371
-0.013487
-0.03792
-0.060407
-0.047132
-0.016482
-0.0015524
5.7521e-05
-0.0076716
-0.014734
-0.012904
-0.020519
-0.018442
0.0030096
0.008263
-0.0022988
-0.0021128
0.0051295
0.0014415
-0.0065631
-0.0075257
-0.0002059
0.0088173
0.0051864
-0.008414
-0.0072305
0.0063571
0.0093409
0.0062791
0.0073585
0.025151
0.048125
0.067484
0.081356
0.080059
0.074043
0.072775
0.068255
0.046817
0.034726
0.03817
0.036091
0.030955
0.023698
0.013726
0.0051184
0.013252
0.041657
0.06661
0.082645
0.085067
0.077494
0.054138
0.029922
0.025169
0.031168
0.02705
-0.0029049
-0.024692
-0.033714
-0.042711
-0.041836
-0.023809
-0.0078304
-0.0032771
-0.013219
-0.03306
-0.043339
-0.051195
-0.058163
-0.062883
-0.05146
-0.031857
-0.030407
-0.036211
-0.037274
-0.034718
-0.030786
-0.025147
-0.0021171
0.026369
0.034733
0.025369
0.012551
-0.0078684
-0.025373
-0.024635
-0.020479
-0.029835
-0.05098
-0.060978
-0.056701
-0.047305
-0.037311
-0.02064
-0.0049102
0.013539
0.037942
0.053575
0.057941
0.059148
0.049275
0.037741
0.038864
0.053686
0.070529
0.080058
0.069396
0.03465
0.014371
0.0056597
-0.0045722
-0.014895
-0.035323
-0.056835
-0.065584
-0.055903
-0.028821
-0.012711
-0.010472
-0.0015935
0.01722
0.030201
0.029714
0.028438
0.021594
0.012212
0.0090346
0.0075583
0.014989
0.021821
0.022763
0.012578
-0.0060463
-0.017416
-0.022343
-0.025154
-0.028083
-0.026537
-0.026239
-0.034411
-0.043123
-0.046821
-0.051365
-0.057229
-0.059469
-0.061845
-0.058482
-0.039846
-0.015061
-0.0014411
0.0013217
-0.0022753
-0.00076823
0.008395
0.012221
0.0042426
-0.0089883
-0.015888
-0.022904
-0.027968
-0.024257
-0.0091794
0.0067351
0.022911
0.037569
0.042023
0.037184
0.024376
0.019964
0.023098
0.03341
0.046123
0.047181
0.040616
0.031528
0.026687
0.023803
0.021847
0.021861
0.021224
0.023211
0.025324
0.018486
0.006479
-0.0034411
-0.0057071
0.00203
0.012103
0.020541
0.023529
0.015347
0.0022474
-0.0089834
-0.020468
-0.030428
-0.037854
-0.035942
-0.024124
-0.019859
-0.024248
-0.026304
-0.01839
-0.0080531
-0.0030588
-0.0028248
0.0022562
0.011901
0.014352
0.0077705
0.0046885
0.010205
0.013144
0.014365
0.018022
0.023959
0.028236
0.03005
0.020476
0.010177
0.0035478
-0.0010969
-0.0081967
-0.014634
-0.0091885
-0.0060261
-0.0035869
-0.003505
-0.0019063
0.0020976
0.0052263
0.0039109
-0.002013
-0.0060804
-0.0082536
-0.0026157
0.003625
0.0071953
0.0097334
0.0081048
-0.0043266
-0.020387
-0.033655
-0.044476
-0.050421
-0.051277
-0.042225
-0.034007
-0.027083
-0.018512
-0.010319
-0.0015453
0.007582
0.015476
0.020951
0.02295
0.024442
0.02582
0.021447
0.012057
0.0063107
0.00066839
-0.0080768
-0.012786
-0.00051789
0.022875
0.035761
0.042985
0.052812
0.060153
0.060338
0.061602
0.068218
0.073626
0.078047
0.068466
0.04473
0.024368
0.011493
0.010481
0.017621
0.025077
0.026489
0.014329
-0.002084
-0.011509
-0.017992
-0.023459
-0.029738
-0.03623
-0.03969
-0.042563
-0.044967
-0.046501
-0.042949
-0.037902
-0.039248
-0.039455
-0.034587
-0.02151
-0.0083932
0.00018022
0.006067
0.0078891
0.0085983
0.0031621
-0.0081575
-0.017015
-0.019006
-0.015921
-0.011252
-0.0030679
-0.00096023
-0.010029
-0.022158
-0.025832
-0.019091
-0.0086379
0.00011709
0.0015353
-0.0054024
-0.013018
-0.014805
-0.017991
-0.023241
-0.028071
-0.028769
-0.02743
-0.028285
-0.027995
-0.026623
-0.020165
-0.014813
-0.010825
-0.0085803
-0.0091297
-0.0069352
0.0024461
0.0086746
0.0037219
-0.0037706
-0.0035029
0.0053032
0.0099395
0.0087771
0.0027963
-0.0052307
-0.0098692
-0.011977
-0.009799
-0.0019099
0.0049113
0.0080707
9.1695e-05
-0.013636
-0.023584
-0.032082
-0.037721
-0.042734
-0.042359
-0.036494
-0.027998
-0.02155
-0.016397
-0.0080571
0.0011999
0.0055996
0.006613
0.0087381
0.01386
0.023301
0.031035
0.033001
0.028485
0.027092
0.026659
0.02481
0.013637
0.0011972
-0.0002201
0.0075151
0.013922
0.01165
0.0067129
0.0035831
0.0035612
0.0035729
0.003756
0.0024143
0.00084809
0.0012923
0.0041622
0.0043769
-0.0030808
-0.010115
-0.010745
-0.0068388
-0.0040505
0.0011745
0.011909
0.017725
0.019349
0.021077
0.02362
0.02321
0.021972
0.023062
0.022842
0.023375
0.021842
0.015056
0.0086569
0.0050569
0.0063091
0.0077856
0.0076231
0.0077981
0.0083547
0.011865
0.016536
0.021647
0.027252
0.029428
0.029005
0.028519
0.025168
0.020283
0.012416
0.0067392
0.008634
0.013075
0.015441
0.013402
0.0093274
0.0032989
-0.0020748
-0.0045986
-0.0023467
-0.00024481
-0.00070104
-0.0037787
-0.0082231
-0.010447
-0.01329
-0.014477
-0.017536
-0.020447
-0.020835
-0.021714
-0.022872
-0.025686
-0.027131
-0.024131
-0.014746
-0.0042403
-0.00022068
-0.002469
-0.0066685
-0.0083201
-0.0055806
-2.8983e-05
0.0041273
0.0051186
0.0041647
-0.0011395
-0.010894
-0.018931
-0.020614
-0.018843
-0.016238
-0.011872
-0.0025055
0.0068987
0.01167
0.011421
0.0075582
0.0040615
0.0031597
0.0062216
0.010791
0.01542
0.017728
0.018521
0.017295
0.012188
0.0028721
-0.008705
-0.015142
-0.015886
-0.013542
-0.008944
-0.0039818
-0.00020178
0.0034161
0.0069197
0.007598
0.0076611
0.0028038
-0.0046442
-0.01055
-0.014042
-0.013373
-0.011836
-0.0067059
9.1397e-05
0.0057422
0.0103
0.010599
0.012316
0.018891
0.026973
0.029956
0.028968
0.028618
0.030258
0.033086
0.033301
0.031188
0.027206
0.025469
0.02152
0.019123
0.01869
0.016001
0.015082
0.015261
0.017
0.013939
0.006465
0.0010366
-0.0044407
-0.01064
-0.01659
-0.021872
-0.026022
-0.029395
-0.0307
-0.028847
-0.026323
-0.026373
-0.026233
-0.023505
-0.019163
-0.014725
-0.010656
-0.0097287
-0.010522
-0.011596
-0.011752
-0.0090273
-0.0043923
-0.00022234
0.0011365
-0.0019468
-0.0062286
-0.011153
-0.016082
-0.019866
-0.022329
-0.02353
-0.022883
-0.024339
-0.027301
-0.024648
-0.022593
-0.021065
-0.020719
-0.018034
-0.015334
-0.015898
-0.016744
-0.01632
-0.015479
-0.017742
-0.018776
-0.018773
-0.018635
-0.018517
-0.019245
-0.01877
-0.018789
-0.016165
-0.012547
-0.0085198
-0.0058491
-0.0052042
-0.0074142
-0.0082962
-0.0024207
0.0059242
0.013235
0.018109
0.019906
0.0167
0.0086146
-0.001937
-0.0056658
-0.0049535
-0.00060591
0.0050463
0.0074813
0.0087863
0.0075779
0.0035248
-0.0021399
-0.0057381
-0.0041292
0.0012527
0.0033186
0.0050326
0.009778
0.01759
0.026762
0.032321
0.034214
0.034707
0.034191
0.035765
0.039405
0.042779
0.035404
0.023697
0.018741
0.015358
0.015491
0.017268
0.021358
0.022549
0.014773
0.00042631
-0.010507
-0.016025
-0.020515
-0.019987
-0.013333
-0.0055706
-0.0033119
-0.0029514
-0.0021584
-0.0049211
-0.0090271
-0.0092766
-0.0056225
-0.0022907
0.00094832
0.00074583
0.00045969
-0.0031914
-0.0098199
-0.011395
-0.010475
-0.0082497
-0.0064142
-0.0011219
0.0067152
0.010341
0.0092499
0.012603
0.017604
0.018101
0.016862
0.011307
0.0025496
-0.0022653
-0.0014141
0.0019596
0.0051527
0.0070698
0.0057311
0.0010161
-0.004065
-0.0056322
-0.0050625
-0.0026455
0.003832
0.0063193
0.0029855
-0.0019192
-0.0064831
-0.00778
-0.0094594
-0.01077
-0.0093828
-0.0043026
-0.00051888
-0.00027658
-0.0028964
-0.00479
-0.0055585
-0.0091881
-0.011383
-0.012881
-0.01233
-0.011655
-0.010074
-0.0082503
-0.0053744
-0.0034939
-0.0035546
-0.0049524
-0.0046203
0.00047312
0.0044354
0.0054815
0.0068784
0.0065016
0.0036911
0.00044807
-0.0025828
-0.0015836
-0.0011169
-0.0024668
-0.0029537
-0.0031316
7.889e-05
0.0057721
0.0096773
0.009381
0.0056647
0.00084585
-0.0049859
-0.0090357
-0.010958
-0.010714
-0.0081374
-0.0034274
0.0024453
0.0059486
0.0058574
0.0044688
0.0021489
0.0019699
0.0071491
0.01174
0.014593
0.012954
0.0055939
-0.0046503
-0.014345
-0.021956
-0.026632
-0.026971
-0.023571
-0.016297
-0.0086996
-0.0029279
0.0029826
0.0073835
0.0088162
0.012699
0.014769
0.015246
0.014101
0.013539
0.016553
0.020181
0.025014
0.028817
0.029952
0.026255
0.020793
0.017436
0.015629
0.013871
0.010509
0.0073238
0.0046255
0.0039722
0.0051326
0.0072323
0.0071136
0.0051955
0.0032061
-0.00087334
-0.0047212
-0.0079459
-0.010691
-0.014753
-0.016023
-0.013612
-0.011994
-0.010276
-0.010248
-0.012074
-0.012406
-0.010372
-0.0072991
-0.0043527
-0.0042431
-0.0050034
-0.004906
-0.0055929
-0.005016
-0.0044953
-0.004101
-0.0070983
-0.0074874
-0.0047348
-0.0045446
-0.0030294
-0.0004268
0.0031315
0.0045702
0.0053572
0.0050833
0.0049472
0.0040603
0.0023421
0.0025334
0.0015547
-0.0019648
-0.0067236
-0.0087254
-0.0089146
-0.0089121
-0.0089615
-0.0094455
-0.010532
-0.011139
-0.012208
-0.013665
-0.01317
-0.011382
-0.0093738
-0.005739
-0.0034976
-0.0034849
-0.0043086
-0.0051303
-0.0024248
-0.000981
-0.00031959
-0.00090564
-0.0027055
-0.0046277
-0.0059125
-0.00453
-0.0032923
-0.0018669
-0.00089235
0.00094509
0.0027315
0.0036449
0.0065819
0.010118
0.011562
0.012959
0.013503
0.013656
0.017712
0.018431
0.014801
0.010929
0.010086
0.012822
0.013245
0.014118
0.015135
0.015253
0.015215
0.013566
0.012959
0.011724
0.0099921
0.008591
0.0088729
0.012192
0.015606
0.017296
0.01539
0.01186
0.0086769
0.0045044
-0.0015062
-0.0063692
-0.0093025
-0.0093675
-0.010581
-0.011976
-0.011188
-0.010328
-0.012126
-0.015344
-0.017045
-0.016403
-0.014658
-0.012894
-0.01084
-0.0087952
-0.0061726
-0.0035081
-0.0037925
-0.0061576
-0.0099824
-0.013051
-0.012248
-0.011438
-0.012031
-0.01472
-0.016304
-0.01847
-0.016403
-0.012091
-0.0091238
-0.0060912
-0.0050007
-0.0052821
-0.0055512
-0.0038038
-0.00095076
0.0020012
0.0037364
0.0063956
0.0081879
0.0070333
0.0029483
-0.00076745
-0.0021025
-0.00044497
0.0029956
0.0055579
0.0053254
0.0035986
0.00029688
0.00085384
0.00054686
0.00063461
0.002083
0.0034111
0.0056296
0.0035437
0.00081013
-0.00068723
-0.00066276
-0.0031659
-0.0027823
-0.0010055
-0.00043233
-0.0011402
-0.0026703
-0.0031457
-0.0017707
-0.00075795
0.00017325
0.0021958
0.0026588
0.0033942
0.0022731
-0.0013939
-0.0064797
-0.012187
-0.015583
-0.018227
-0.017548
-0.011376
-0.0034786
0.0028085
0.0062254
0.0092597
0.0080356
0.005876
0.003742
0.0020864
0.0042149
0.0066984
0.010617
0.013815
0.013204
0.010208
0.0084467
0.0074091
0.008284
0.0085439
0.008259
0.0096551
0.012875
0.01649
0.017585
0.016478
0.014154
0.011246
0.0082354
0.0072018
0.007177
0.0071338
0.0076282
0.0090069
0.010117
0.0097498
0.0096862
0.0081344
0.0072884
0.0070188
0.0069399
0.0060358
0.0048175
0.0039746
0.0025217
0.00021912
-0.00054937
-0.00065282
-1.5751e-05
0.00078553
0.00025978
0.00039906
-0.0032
-0.0069999
-0.010794
-0.011041
-0.0089588
-0.0075476
-0.0062333
-0.0091204
-0.011937
-0.016489
-0.019182
-0.019278
-0.018811
-0.016072
-0.014759
-0.01289
-0.010312
-0.0087036
-0.0086807
-0.0071615
-0.0045845
-0.0020361
0.00063872
0.0023996
0.0046134
0.0056593
0.0063533
0.008818
0.0091693
0.0071796
0.0049044
0.0037807
0.003271
0.0027328
0.0042723
0.0050438
0.0070351
0.0083992
0.0064289
0.0040046
0.0018395
0.0013053
0.0015545
-0.001287
-0.003445
-0.0050105
-0.0050224
-0.0046244
-0.0030074
0.00026292
0.0010037
0.0013099
-0.00080331
-0.0035714
-0.0053643
-0.0070359
-0.0092165
-0.0091969
-0.0086357
-0.0091771
-0.0080274
-0.0047378
-0.0018173
0.00090112
0.0036073
0.0051977
0.0068604
0.0074848
0.0059722
0.0034754
0.0016395
-0.00020759
-0.0018701
-0.0032939
-0.0023401
-0.000656
0.00020497
0.0013525
0.0039791
0.0032162
0.00069382
-0.0008045
-0.0040878
-0.0074456
-0.0093489
-0.0102
-0.010667
-0.0083258
-0.0071721
-0.007523
-0.0068396
-0.0054156
-0.0015386
0.0011909
0.0033115
0.0040764
0.0032696
0.0034185
0.0025433
0.0031379
0.0016038
-0.00057598
-0.0012462
0.0008611
0.00053363
-0.00082814
-0.00069662
-0.00025197
0.00066901
0.0021041
0.0034738
0.0016857
0.00035655
-0.0012154
-0.0016377
-0.0026578
-0.0020562
-0.00014887
-0.00023568
0.0012911
0.0035605
0.0054178
0.007323
0.0073413
0.0071453
0.0048828
0.0023082
0.00064542
0.0016214
0.0052025
0.0074198
0.0095361
0.009637
0.0097113
0.0096427
0.0082146
0.0065722
0.0036222
0.0016157
0.00059446
0.001142
0.0038958
0.0041098
0.002494
0.00123
0.00084016
0.00090116
0.00037872
7.7619e-05
0.0013963
0.0022682
0.0024944
0.0014589
0.0002714
-0.00040711
3.3319e-05
-0.00030349
-0.0020051
-0.0045481
-0.0057275
-0.0052361
-0.0036369
-0.0014013
-0.00059369
0.0017307
0.0021578
0.0028563
0.0025919
5.5956e-05
-0.0022178
-0.004712
-0.0053089
-0.0054713
-0.0071596
-0.005843
-0.0035819
-0.0029324
-0.002851
-0.0026768
-0.0027189
-0.0035504
-0.0051479
-0.0064558
-0.0061153
-0.0045029
-0.0026437
-0.0021716
-0.0025227
-0.0025484
-0.0027465
-0.0035413
-0.0022319
-0.0017527
-0.0022822
-0.00089423
0.00063251
0.0026693
0.0038074
0.0039061
0.0031338
0.00072845
0.0010098
0.0016675
0.0033116
0.0038316
0.0030739
0.0016073
0.00052657
0.0014272
0.0013637
0.0030247
0.0027595
0.0025391
0.0037262
0.0060709
0.0055291
0.0038087
0.0033476
0.00094185
-0.00036986
-0.0019583
-0.0017194
-0.0027479
-0.0036185
-0.0035565
-0.0041702
-0.0050134
-0.0080452
-0.010013
-0.011635
-0.013922
-0.015398
-0.014472
-0.011635
-0.0087402
-0.005329
-0.0027672
-0.0018136
-0.001209
-0.0014955
-0.0020104
-0.001539
-0.0016659
-0.0026044
-0.0023437
-0.0015762
-1.2329e-05
0.002764
0.0051154
0.0074156
0.0081216
0.007547
0.0062914
0.0041318
0.0021531
0.0015844
0.0020001
0.0029727
0.0038176
0.0053871
0.006711
0.0065484
0.0060779
0.0058364
0.0060076
0.0048955
0.0038771
0.0035929
0.0034766
0.0029894
0.0018844
0.0011269
0.00018075
-0.00076941
3.5341e-05
0.00070169
0.00028456
2.2927e-05
-0.00010371
-0.00023955
0.00013698
0.00034124
-0.00010274
0.00028898
0.00046993
0.00013981
-0.00061686
-0.0012702
-0.00074049
-3.2763e-05
0.00039927
0.00084805
0.0013192
0.00078853
0.00022809
-0.00038893
-0.0010159
-0.0016669
-0.0019044
-0.0014577
-0.00090677
-0.0003474
-0.00030053
-4.1076e-05
-0.00016476
-0.00019683
-0.00024277
-8.9771e-05
0.00022145
0.00020879
5.7212e-05
2.0771e-05
-5.1726e-05
-0.00059121
-0.0010813
-0.0013754
-0.0011843
-0.0011656
-0.0013263
-0.0010054
-0.00069993
-0.00061322
-0.0005456
-0.00048866
-0.00018207
0.00023419
0.00054036
0.00064821
0.00046919
0.00038833
0.0004424
0.00035651
0.00026081
0.00031632
0.00039469
0.00025436
0.00014432
0.0001362
3.6184e-05
-8.16e-05
-0.00017524
-0.00013543
-8.1439e-05
-8.9234e-05
-9.0341e-05
-8.9448e-05
-0.00010392
-0.00019679
-0.00026311
-0.00024072
-0.00014856
-0.00010282
-7.4535e-05
-5.4712e-05
-5.2382e-05
-4.5393e-05
-3.784e-05
-2.8135e-05
-1.9006e-05
3.417e-06
4.9874e-05
0.00010943
0.00015413
0.00017587
0.00018335
0.00017327
0.00015647
0.00015323
0.00014485
0.00015317
0.00014991
0.00015084
0.00014649
0.00014104
0.0001397
0.00013449
0.00013095
0.0001197
0.00011063
0.00010299
9.7719e-05
9.3471e-05
8.9647e-05
8.5826e-05
8.0559e-05
7.3926e-05
6.7106e-05
6.0873e-05
5.4646e-05
4.8463e-05
4.2049e-05
3.5602e-05
2.9147e-05
2.2515e-05
1.5978e-05
9.4116e-06
2.7549e-06
-4.0627e-06
-1.1049e-05
-1.8219e-05
-2.5587e-05
-3.3156e-05
-4.0934e-05
-4.8929e-05
