-0.00094292
-0.00092368
-0.00090424
-0.00088476
-0.00086512
-0.00084544
-0.00082563
-0.00080574
-0.00078572
-0.00076564
-0.00074546
-0.00072521
-0.00070482
-0.00068436
-0.00066382
-0.00064321
-0.00062251
-0.00060181
-0.00058101
-0.0005601
-0.00053897
-0.00051768
-0.00049626
-0.00047495
-0.00045393
-0.00043338
-0.0004132
-0.00039301
-0.00037232
-0.00035074
-0.00032826
-0.00030549
-0.00028321
-0.00026181
-0.0002409
-0.00021996
-0.00019895
-0.00017866
-0.0001603
-0.00014509
-0.0001332
-0.00012265
-0.0001097
-9.0437e-05
-6.2078e-05
-2.3631e-05
2.4289e-05
7.9792e-05
0.00013903
0.00019545
0.00024222
0.00027443
0.00029054
0.0002922
0.00028368
0.00027057
0.00025787
0.00024835
0.00024231
0.00023779
0.00023186
0.00022301
0.00021642
0.00022371
0.0002577
0.0003243
0.00041368
0.00050275
0.00056817
0.00059704
0.00058963
0.00055622
0.0005113
0.00046778
0.00043445
0.0004196
0.00043321
0.00048352
0.00057613
0.00072066
0.00093227
0.0012248
0.0016048
0.0020698
0.0026099
0.0032091
0.0038238
0.0043723
0.0047662
0.0049469
0.004904
0.0046864
0.0044101
0.0042195
0.0042325
0.0045029
0.0050054
0.0056422
0.0062763
0.0067836
0.0070925
0.007197
0.0071451
0.0070244
0.0069433
0.0069948
0.007224
0.0075995
0.0080189
0.0083578
0.0085198
0.008464
0.0082077
0.0078075
0.0073332
0.0068429
0.0063694
0.005923
0.0055299
0.0052461
0.005127
0.005143
0.0050903
0.0046676
0.0036168
0.0018175
-0.00069244
-0.0037196
-0.0067644
-0.0090336
-0.0097689
-0.0085475
-0.0053914
-0.00068911
0.0049905
0.0111
0.017243
0.023071
0.028149
0.032081
0.034678
0.03602
0.0364
0.036207
0.035804
0.035444
0.03525
0.035397
0.036323
0.038561
0.042293
0.046895
0.051169
0.053926
0.054451
0.052664
0.049021
0.044258
0.039108
0.034095
0.029441
0.025097
0.020839
0.01639
0.011537
0.0061855
0.00036074
-0.0058288
-0.012249
-0.018792
-0.0254
-0.032077
-0.038864
-0.045805
-0.0529
-0.060091
-0.066982
-0.072485
-0.075416
-0.075244
-0.072265
-0.067464
-0.062293
-0.05818
-0.056044
-0.055827
-0.056143
-0.054885
-0.050224
-0.041087
-0.026641
-0.0061361
0.020644
0.05234
0.084823
0.11259
0.13134
0.13969
0.13914
0.13302
0.12502
0.11802
0.11353
0.11165
0.11152
0.1119
0.1117
0.11031
0.10767
0.10413
0.10024
0.09648
0.093012
0.089521
0.085422
0.080184
0.073499
0.064894
0.053365
0.037861
0.017865
-0.0063232
-0.032873
-0.057717
-0.07609
-0.084638
-0.08255
-0.071453
-0.054478
-0.034986
-0.015358
0.0034874
0.021812
0.040131
0.05746
0.071177
0.078523
0.077957
0.069672
0.055316
0.0372
0.017521
-0.0021605
-0.021094
-0.039246
-0.05695
-0.073846
-0.088179
-0.09771
-0.10092
-0.09763
-0.08895
-0.076629
-0.062212
-0.046667
-0.030417
-0.013527
0.0040827
0.022468
0.041229
0.058303
0.070288
0.074179
0.068721
0.054835
0.035228
0.013287
-0.0080706
-0.027115
-0.04345
-0.057704
-0.070936
-0.083221
-0.092531
-0.095863
-0.090964
-0.077327
-0.05628
-0.031156
-0.0073813
0.0094384
0.015711
0.010781
-0.0036025
-0.024415
-0.048436
-0.072974
-0.096214
-0.11737
-0.13643
-0.15289
-0.16492
-0.17041
-0.16816
-0.15831
-0.14213
-0.12158
-0.098761
-0.075473
-0.053894
-0.036867
-0.026809
-0.024702
-0.029838
-0.040165
-0.052596
-0.063779
-0.071203
-0.073848
-0.07217
-0.067594
-0.061833
-0.056302
-0.051852
-0.049002
-0.048107
-0.049259
-0.052242
-0.056604
-0.061804
-0.067147
-0.070906
-0.070394
-0.063267
-0.048571
-0.027034
-0.0014514
0.023054
0.040941
0.048493
0.044872
0.032008
0.013643
-0.0061559
-0.024277
-0.039209
-0.051002
-0.060683
-0.068888
-0.074863
-0.077081
-0.074291
-0.066169
-0.053556
-0.038953
-0.02615
-0.018642
-0.018329
-0.025116
-0.037315
-0.052498
-0.068253
-0.08175
-0.089334
-0.087857
-0.076014
-0.054743
-0.026917
0.0036224
0.033393
0.05994
0.081387
0.096441
0.10484
0.10743
0.10584
0.10196
0.097547
0.093875
0.09122
0.089048
0.086503
0.082875
0.077853
0.071559
0.064417
0.056951
0.049605
0.042633
0.036078
0.029826
0.02369
0.017604
0.012287
0.0093453
0.010421
0.016379
0.027012
0.041172
0.056501
0.069292
0.075875
0.074116
0.0641
0.047935
0.028785
0.010366
-0.0030586
-0.0079415
-0.0027445
0.011698
0.031907
0.051746
0.064697
0.066425
0.056004
0.036109
0.012349
-0.0090165
-0.023514
-0.029965
-0.030283
-0.028002
-0.026619
-0.02844
-0.034062
-0.040414
-0.03805
-0.017589
0.020766
0.067573
0.11013
0.13815
0.14672
0.13656
0.11259
0.081502
0.049419
0.020356
-0.004161
-0.024469
-0.041954
-0.058263
-0.074233
-0.088997
-0.10063
-0.10739
-0.10852
-0.10446
-0.096521
-0.086401
-0.075652
-0.065449
-0.057253
-0.053179
-0.055083
-0.06312
-0.074819
-0.08621
-0.093744
-0.095591
-0.091892
-0.08423
-0.074718
-0.064824
-0.051711
-0.028701
0.0055061
0.045446
0.083037
0.11157
0.12791
0.13265
0.12893
0.12083
0.11202
0.10544
0.10405
0.10976
0.12103
0.13355
0.1425
0.14462
0.13901
0.12697
0.11096
0.093514
0.076441
0.060569
0.045834
0.031549
0.01682
0.0009466
-0.016309
-0.034261
-0.05105
-0.064492
-0.073109
-0.076634
-0.075941
-0.072581
-0.0682
-0.06424
-0.062205
-0.06297
-0.065827
-0.068952
-0.070413
-0.06896
-0.064395
-0.057789
-0.051139
-0.046456
-0.044998
-0.046967
-0.051366
-0.05581
-0.05737
-0.053846
-0.04451
-0.030246
-0.013414
0.0024573
0.013892
0.018462
0.014681
0.002124
-0.018323
-0.043563
-0.067042
-0.080968
-0.07973
-0.062496
-0.035011
-0.0073128
0.010946
0.014078
0.0018267
-0.021563
-0.049806
-0.077008
-0.099152
-0.11451
-0.12275
-0.12419
-0.11915
-0.10722
-0.088083
-0.063454
-0.037323
-0.014174
0.0028069
0.012579
0.016116
0.015636
0.013882
0.014014
0.018907
0.030063
0.046999
0.06718
0.086705
0.1019
0.1106
0.11224
0.10753
0.098014
0.085587
0.071956
0.058346
0.045463
0.033547
0.022468
0.011895
0.0014441
-0.0094149
-0.021407
-0.034461
-0.046307
-0.053362
-0.052804
-0.044042
-0.028694
-0.0096184
0.010119
0.027844
0.041816
0.051291
0.055975
0.055913
0.051607
0.043969
0.034256
0.024934
0.019883
0.022537
0.033131
0.048
0.061722
0.069653
0.069468
0.06144
0.047732
0.031237
0.014544
-0.00069091
-0.013403
-0.022073
-0.025017
-0.021268
-0.011066
0.0039003
0.020219
0.033831
0.041637
0.042448
0.036993
0.027217
0.015376
0.0033257
-0.007827
-0.017596
-0.025871
-0.032584
-0.037137
-0.038569
-0.036176
-0.029933
-0.020538
-0.009125
0.0031229
0.015259
0.026195
0.034042
0.036749
0.033106
0.023218
0.0083554
-0.0095918
-0.028597
-0.045908
-0.057872
-0.061371
-0.055167
-0.04039
-0.019937
0.0027556
0.024764
0.043695
0.057536
0.06518
0.066764
0.063511
0.057172
0.049376
0.041242
0.033291
0.025561
0.017821
0.0097969
0.0015284
-0.0063212
-0.012774
-0.017052
-0.018889
-0.018585
-0.017032
-0.015714
-0.016151
-0.019007
-0.023455
-0.027695
-0.029926
-0.029067
-0.025003
-0.018429
-0.010446
-0.0021293
0.0057787
0.012975
0.019533
0.025494
0.030003
0.031463
0.028455
0.020431
0.007943
-0.0069433
-0.020733
-0.030014
-0.033057
-0.030233
-0.023349
-0.014568
-0.0056222
0.002531
0.0097037
0.016246
0.022725
0.029607
0.036798
0.043522
0.049002
0.053248
0.056929
0.060206
0.062032
0.060831
0.055415
0.045283
0.030281
0.010674
-0.012587
-0.037801
-0.061808
-0.080445
-0.090347
-0.090248
-0.081036
-0.064767
-0.04378
-0.020154
0.0045359
0.028943
0.051757
0.071363
0.085508
0.092195
0.090661
0.081727
0.068107
0.054291
0.044889
0.042822
0.047721
0.055686
0.061393
0.060514
0.051163
0.03424
0.012647
-0.010124
-0.031237
-0.049094
-0.063285
-0.074343
-0.08319
-0.090092
-0.094432
-0.095345
-0.092353
-0.085649
-0.076075
-0.064852
-0.053188
-0.041966
-0.031575
-0.021776
-0.011795
-0.00074763
0.011955
0.026396
0.041656
0.055338
0.064567
0.067347
0.063267
0.05335
0.039829
0.026116
0.015688
0.010825
0.012036
0.018257
0.027465
0.037027
0.044141
0.046759
0.044175
0.036917
0.026241
0.013615
0.00030393
-0.012873
-0.025597
-0.037831
-0.048992
-0.057672
-0.062392
-0.062361
-0.05783
-0.049977
-0.040412
-0.030627
-0.021614
-0.013701
-0.0065184
0.00064954
0.0082648
0.016337
0.024411
0.031403
0.035947
0.037056
0.03454
0.029333
0.023489
0.019339
0.018553
0.021662
0.028036
0.036297
0.044929
0.052784
0.059325
0.064588
0.068649
0.071077
0.071169
0.068422
0.062822
0.054987
0.04664
0.040331
0.03831
0.041555
0.048927
0.057414
0.063601
0.065072
0.06106
0.052362
0.040755
0.028231
0.016368
0.0064487
0.00069896
0.001417
0.0083091
0.018283
0.027223
0.031812
0.030548
0.023855
0.01345
0.0011127
-0.011125
-0.020461
-0.024346
-0.021516
-0.012321
0.0015658
0.01784
0.034359
0.04971
0.063392
0.075702
0.087401
0.099098
0.10975
0.11624
0.11476
0.10246
0.078724
0.045172
0.0051236
-0.036103
-0.071691
-0.096381
-0.109
-0.11225
-0.11085
-0.10948
-0.11088
-0.11396
-0.11472
-0.10913
-0.096575
-0.08012
-0.064483
-0.053771
-0.050113
-0.05333
-0.059996
-0.062393
-0.054652
-0.03684
-0.01365
0.0087759
0.025656
0.034943
0.037294
0.035132
0.031091
0.026441
0.020936
0.013571
0.0033924
-0.0099937
-0.025937
-0.041967
-0.054504
-0.060532
-0.058782
-0.050196
-0.037482
-0.02405
-0.0137
-0.010093
-0.015499
-0.029981
-0.050974
-0.074028
-0.094622
-0.10959
-0.11778
-0.1197
-0.11646
-0.10924
-0.099394
-0.088891
-0.079854
-0.073808
-0.07127
-0.071789
-0.074317
-0.077668
-0.080896
-0.083488
-0.085375
-0.086792
-0.088091
-0.089191
-0.088184
-0.081727
-0.068015
-0.048904
-0.028746
-0.012078
-0.0018615
0.0012112
-0.0015727
-0.007819
-0.015018
-0.021304
-0.025803
-0.028576
-0.030197
-0.030883
-0.030169
-0.027323
-0.021843
-0.013709
-0.0033764
0.0084095
0.020736
0.032163
0.040861
0.045457
0.045749
0.042691
0.037847
0.032767
0.028544
0.02602
0.026458
0.031246
0.041123
0.055228
0.070703
0.083426
0.089534
0.086888
0.075558
0.057095
0.033699
0.0084488
-0.015143
-0.034171
-0.045996
-0.048062
-0.039554
-0.022145
0.00083038
0.025724
0.049667
0.070476
0.085839
0.093822
0.093597
0.085288
0.069707
0.048387
0.023663
-0.0010268
-0.021636
-0.035011
-0.039953
-0.037337
-0.029743
-0.020829
-0.01408
-0.011689
-0.014154
-0.020526
-0.028773
-0.035848
-0.038636
-0.035163
-0.025092
-0.0094853
0.0097752
0.030492
0.050322
0.067304
0.080375
0.088852
0.09159
0.087499
0.077265
0.064799
0.055657
0.053978
0.059166
0.066018
0.067911
0.059872
0.040206
0.010916
-0.023163
-0.056517
-0.084599
-0.10357
-0.11054
-0.10463
-0.087243
-0.061491
-0.031318
-0.0017221
0.021728
0.034837
0.036197
0.027268
0.011392
-0.0075903
-0.026532
-0.043631
-0.057945
-0.066498
-0.064309
-0.049575
-0.026041
-0.00060288
0.020072
0.031895
0.034119
0.028744
0.019447
0.011013
0.0078617
0.011555
0.020242
0.030187
0.037693
0.040446
0.03799
0.031425
0.022671
0.013662
0.005779
-9.8111e-05
-0.0032567
-0.003275
-0.00020936
0.0054667
0.01312
0.022193
0.032179
0.042406
0.051799
0.058261
0.059207
0.052968
0.039859
0.020964
-0.0022031
-0.025665
-0.043972
-0.053004
-0.051583
-0.041352
-0.025643
-0.0081096
0.007637
0.017486
0.018488
0.010481
-0.0042249
-0.022106
-0.039155
-0.051231
-0.055279
-0.0503
-0.0374
-0.019082
0.0015356
0.020357
0.03316
0.037396
0.032283
0.018608
-0.0016691
-0.025864
-0.050161
-0.06994
-0.081489
-0.083304
-0.076273
-0.062985
-0.046705
-0.030393
-0.01597
-0.003897
0.0069663
0.018656
0.033041
0.051081
0.072537
0.095792
0.11775
0.13492
0.1448
0.1461
0.13879
0.12408
0.10478
0.085184
0.069612
0.06083
0.05898
0.061369
0.063899
0.062922
0.056445
0.044338
0.027601
0.0076062
-0.014323
-0.037162
-0.060204
-0.082629
-0.10341
-0.1217
-0.13722
-0.15025
-0.16148
-0.17175
-0.18178
-0.19185
-0.20115
-0.20798
-0.21074
-0.20869
-0.20216
-0.19233
-0.18071
-0.1687
-0.15722
-0.14663
-0.13701
-0.12888
-0.1231
-0.11963
-0.11663
-0.11141
-0.10174
-0.086695
-0.066759
-0.043391
-0.018411
0.0065465
0.03038
0.05268
0.073641
0.093816
0.11377
0.13263
0.14649
0.15024
0.1408
0.11899
0.088795
0.05534
0.023074
-0.0052366
-0.02767
-0.042286
-0.047799
-0.044164
-0.032192
-0.013127
0.011484
0.039589
0.068267
0.094409
0.11557
0.13046
0.13924
0.14317
0.14413
0.14381
0.14262
0.13954
0.13304
0.1221
0.1066
0.087392
0.066236
0.046448
0.032035
0.025961
0.029069
0.039876
0.055259
0.071733
0.086415
0.097119
0.10255
0.10258
0.098149
0.090795
0.082139
0.073429
0.065333
0.057959
0.051039
0.044151
0.036787
0.028387
0.018546
0.0071857
-0.0053149
-0.018116
-0.030266
-0.041082
-0.050341
-0.058204
-0.064539
-0.068394
-0.068555
-0.064339
-0.056277
-0.046152
-0.036216
-0.0282
-0.022595
-0.01872
-0.015314
-0.011166
-0.0055409
0.0015667
0.0093473
0.016586
0.022236
0.025789
0.027353
0.02749
0.026943
0.026375
0.026093
0.025821
0.024827
0.022343
0.017936
0.011639
0.0038932
-0.0044024
-0.011799
-0.016814
-0.018542
-0.016922
-0.012627
-0.0067219
-0.0002831
0.005536
0.0084133
0.0052438
-0.0056529
-0.022998
-0.042714
-0.059842
-0.070614
-0.073566
-0.06953
-0.060888
-0.050514
-0.040802
-0.033096
-0.02761
-0.023738
-0.020683
-0.017951
-0.015427
-0.013207
-0.011173
-0.0087651
-0.0052745
-0.00044259
0.0046873
0.008131
0.0085642
0.0063572
0.0031376
0.00095652
0.0016538
0.0062916
0.014779
0.025327
0.034761
0.039957
0.039085
0.032051
0.020197
0.0055632
-0.0098502
-0.024168
-0.035295
-0.041459
-0.041873
-0.036851
-0.027547
-0.015499
-0.0021334
0.011392
0.023704
0.033251
0.038915
0.040433
0.038396
0.033939
0.028323
0.022574
0.017291
0.012592
0.0081449
0.0033824
-0.0019917
-0.0072608
-0.010884
-0.011358
-0.0079032
-0.00072791
0.0091418
0.020321
0.03148
0.041163
0.047699
0.049809
0.047129
0.040265
0.03049
0.01947
0.0093907
0.002482
0.00018978
0.0027509
0.0093073
0.018341
0.027895
0.035813
0.040417
0.041026
0.037992
0.032333
0.025263
0.017821
0.010655
0.0039854
-0.0022989
-0.0084664
-0.014782
-0.021402
-0.028346
-0.035522
-0.042781
-0.049757
-0.055138
-0.056861
-0.053193
-0.043692
-0.029573
-0.013102
0.0033725
0.018135
0.029546
0.034881
0.031244
0.017308
-0.004206
-0.026633
-0.043507
-0.051264
-0.049277
-0.039055
-0.023298
-0.0049825
0.012838
0.027089
0.035548
0.037742
0.035284
0.031044
0.027861
0.027535
0.029891
0.032462
0.031843
0.025362
0.012042
-0.00725
-0.030111
-0.053501
-0.074859
-0.092614
-0.10518
-0.11045
-0.10681
-0.094212
-0.07454
-0.050841
-0.026205
-0.003075
0.016398
0.030173
0.036873
0.036345
0.02968
0.018747
0.0055316
-0.0076642
-0.018121
-0.023615
-0.023013
-0.016512
-0.0053972
0.0084995
0.023368
0.037844
0.050824
0.060562
0.065001
0.062788
0.054007
0.04033
0.024323
0.0084215
-0.0060924
-0.019458
-0.032868
-0.04754
-0.062637
-0.073735
-0.075001
-0.062269
-0.035433
0.00094701
0.039485
0.072099
0.092553
0.098302
0.090686
0.07375
0.052508
0.031323
0.012866
-0.0020795
-0.014096
-0.024415
-0.034246
-0.043723
-0.051354
-0.054983
-0.053085
-0.045475
-0.033174
-0.017659
-0.00025216
0.017564
0.032947
0.043189
0.04761
0.047549
0.04535
0.043041
0.041537
0.040717
0.03988
0.038325
0.036015
0.033596
0.031891
0.031478
0.032215
0.033007
0.03236
0.029084
0.022682
0.0134
0.0019376
-0.011189
-0.025883
-0.041829
-0.057107
-0.068526
-0.073245
-0.069988
-0.059409
-0.043825
-0.026287
-0.0093044
0.0058677
0.019122
0.030426
0.039043
0.043976
0.044622
0.041112
0.034267
0.02534
0.015653
0.0064984
-0.0006407
-0.0044411
-0.0042556
-0.00031049
0.0062316
0.01327
0.01849
0.020251
0.017989
0.012007
0.0031303
-0.0076096
-0.019126
-0.029912
-0.038145
-0.042414
-0.042249
-0.038178
-0.031394
-0.02329
-0.015189
-0.0088254
-0.0062566
-0.0087651
-0.016035
-0.026434
-0.037664
-0.047159
-0.052811
-0.05369
-0.050202
-0.043699
-0.035855
-0.028254
-0.022229
-0.018596
-0.017488
-0.018443
-0.020665
-0.023324
-0.025658
-0.027009
-0.026887
-0.025123
-0.021953
-0.017898
-0.013539
-0.0093449
-0.0055963
-0.0023774
0.00030681
0.0022787
0.0032014
0.0027359
0.00067781
-0.0031618
-0.0089702
-0.016504
-0.025021
-0.033599
-0.041495
-0.048339
-0.054152
-0.059232
-0.063747
-0.066784
-0.066527
-0.061532
-0.051546
-0.037858
-0.023164
-0.010455
-0.0018566
0.0019398
0.0015956
-0.0013421
-0.0048527
-0.0068933
-0.005689
-8.3429e-05
0.010092
0.023629
0.037896
0.049887
0.057426
0.059685
0.057123
0.051086
0.043243
0.035053
0.027444
0.020736
0.014775
0.0091503
0.0034308
-0.0026756
-0.0092475
-0.016139
-0.023051
-0.029679
-0.035831
-0.041474
-0.046712
-0.051688
-0.056065
-0.058588
-0.057783
-0.052854
-0.043994
-0.032191
-0.018784
-0.0050207
0.0080457
0.018696
0.024522
0.023881
0.017639
0.0089704
0.0016814
-0.0013566
0.00096768
0.0080179
0.018042
0.029001
0.039152
0.047227
0.05218
0.053169
0.04989
0.042737
0.032602
0.020514
0.0073708
-0.0061637
-0.019288
-0.030656
-0.038851
-0.043039
-0.043261
-0.04032
-0.035426
-0.029791
-0.02432
-0.019468
-0.015273
-0.011496
-0.0078004
-0.0039035
0.00044293
0.0055523
0.011487
0.017877
0.02413
0.029722
0.034384
0.038138
0.041219
0.043833
0.045932
0.047295
0.047721
0.047156
0.045716
0.043624
0.041133
0.038464
0.035769
0.033124
0.030538
0.027981
0.025411
0.022797
0.020127
0.017462
0.014996
0.012984
0.011612
0.010922
0.01081
0.011081
0.01151
0.011787
0.011437
0.010001
0.0072017
0.0029673
-0.0025871
-0.0091891
-0.016485
-0.024131
-0.031858
-0.039084
-0.04347
-0.041359
-0.030788
-0.013395
0.0065688
0.024321
0.036398
0.041439
0.039981
0.033829
0.025244
0.016219
0.0080212
0.0012433
-0.0036898
-0.0064095
-0.0067844
-0.0050084
-0.0015129
0.0031785
0.0085411
0.013898
0.018369
0.021187
0.021984
0.020876
0.018344
0.015024
0.011499
0.0081582
0.005158
0.0024572
-7.9263e-05
-0.0024314
-0.0042619
-0.005109
-0.0046463
-0.0028239
0.00013501
0.003776
0.0073587
0.0097546
0.0094977
0.0053682
-0.0030818
-0.015409
-0.030526
-0.047105
-0.063601
-0.077466
-0.085651
-0.085987
-0.078084
-0.063451
-0.04479
-0.024968
-0.0062502
0.010093
0.023851
0.035608
0.046198
0.056234
0.065922
0.074733
0.081477
0.084988
0.08471
0.080945
0.074926
0.068445
0.063092
0.059436
0.056872
0.054189
0.050227
0.044327
0.036534
0.027804
0.019732
0.013812
0.010827
0.010442
0.011311
0.011622
0.0097589
0.0048584
-0.0026846
-0.010992
-0.017568
-0.020435
-0.018799
-0.013182
-0.0052411
0.0026465
0.0082359
0.010225
0.0085733
0.0042402
-0.0013633
-0.0069285
-0.011614
-0.015159
-0.017783
-0.019961
-0.022186
-0.024789
-0.027866
-0.031314
-0.034919
-0.038371
-0.041232
-0.043078
-0.043675
-0.043063
-0.041511
-0.039402
-0.037067
-0.034561
-0.031655
-0.028038
-0.023507
-0.018044
-0.011798
-0.0050847
0.0016769
0.0079408
0.012793
0.015204
0.014488
0.010473
0.003492
-0.0057278
-0.015979
-0.025316
-0.031646
-0.033585
-0.030867
-0.024209
-0.014916
-0.0044338
0.0058306
0.014622
0.020997
0.024526
0.025375
0.024179
0.02177
0.018801
0.015457
0.011562
0.0068358
0.0010978
-0.0056294
-0.013137
-0.021114
-0.029194
-0.036875
-0.043595
-0.04896
-0.052891
-0.055612
-0.057536
-0.059112
-0.060679
-0.062101
-0.062391
-0.060194
-0.054519
-0.045162
-0.032721
-0.0183
-0.0030936
0.011956
0.026329
0.039911
0.052873
0.065409
0.076943
0.085933
0.090739
0.090468
0.085288
0.076117
0.064151
0.050536
0.036206
0.022116
0.0094985
-0.00043532
-0.0069654
-0.010102
-0.010522
-0.0093312
-0.0076952
-0.0064995
-0.0060772
-0.0059598
-0.0051792
-0.0030895
0.00016785
0.0038802
0.0073314
0.010372
0.013413
0.01705
0.021667
0.027281
0.033613
0.040223
0.046268
0.050255
0.05065
0.046585
0.038165
0.026593
0.014213
0.0036915
-0.002994
-0.0050455
-0.0028366
0.002427
0.0090004
0.014722
0.017632
0.016642
0.011764
0.0039454
-0.005338
-0.014629
-0.022929
-0.029867
-0.035581
-0.040263
-0.043979
-0.046844
-0.049075
-0.050935
-0.052616
-0.053959
-0.054403
-0.053329
-0.050394
-0.045658
-0.039522
-0.032529
-0.025174
-0.017797
-0.010555
-0.0034547
0.0035573
0.010505
0.017367
0.024106
0.030693
0.037125
0.043418
0.049554
0.055238
0.059658
0.061814
0.061039
0.057245
0.050894
0.042794
0.033825
0.024682
0.015707
0.006915
-0.0018685
-0.010859
-0.020202
-0.029896
-0.039778
-0.049611
-0.059074
-0.067182
-0.072262
-0.072972
-0.069007
-0.061123
-0.050722
-0.039291
-0.027929
-0.017163
-0.0070084
0.0028357
0.012838
0.02357
0.035282
0.046934
0.056319
0.061261
0.060595
0.054514
0.044352
0.032074
0.019603
0.0082821
-0.0013531
-0.0094853
-0.016733
-0.023812
-0.031269
-0.039116
-0.046363
-0.051387
-0.052727
-0.049694
-0.042569
-0.032389
-0.020525
-0.0083051
0.0031476
0.013096
0.021159
0.027018
0.030441
0.031401
0.030023
0.026563
0.021411
0.015036
0.0078113
-0.00011741
-0.0087611
-0.01815
-0.028186
-0.038519
-0.048665
-0.058205
-0.066849
-0.074199
-0.079752
-0.083222
-0.084862
-0.085264
-0.084666
-0.082778
-0.07914
-0.073478
-0.065885
-0.056791
-0.046809
-0.036535
-0.026404
-0.01662
-0.0071767
0.0020646
0.011283
0.02062
0.030124
0.039384
0.047113
0.051735
0.052552
0.050494
0.047584
0.045923
0.046906
0.050914
0.057433
0.06544
0.073844
0.081826
0.088808
0.093792
0.095363
0.092333
0.084046
0.070523
0.052292
0.030099
0.0048031
-0.022598
-0.050082
-0.074101
-0.091038
-0.098792
-0.097432
-0.088879
-0.076009
-0.061656
-0.04788
-0.035626
-0.024787
-0.014596
-0.0041696
0.006686
0.016926
0.024878
0.029163
0.029276
0.02567
0.019564
0.012749
0.0070639
0.003785
0.0033146
0.0052493
0.0086628
0.012148
0.013927
0.012495
0.0071807
-0.0017304
-0.013195
-0.025633
-0.036993
-0.045224
-0.049029
-0.048239
-0.043705
-0.036845
-0.029117
-0.021567
-0.014609
-0.0081254
-0.0017174
0.0050396
0.012416
0.020453
0.028983
0.037702
0.04598
0.052761
0.057024
0.058251
0.056595
0.052751
0.047661
0.042211
0.037011
0.032323
0.028284
0.025521
0.024732
0.026134
0.029403
0.03387
0.038798
0.043581
0.047524
0.049557
0.048627
0.044204
0.036498
0.026319
0.014747
0.0027807
-0.0087867
-0.018832
-0.025749
-0.028169
-0.025586
-0.018525
-0.0082639
0.0036578
0.015901
0.027461
0.037216
0.04393
0.046774
0.045644
0.041112
0.034177
0.025944
0.017331
0.0089128
0.00090875
-0.0066557
-0.0138
-0.020556
-0.026942
-0.032641
-0.036767
-0.038506
-0.037668
-0.034712
-0.030482
-0.025869
-0.021545
-0.017844
-0.01477
-0.012106
-0.0095515
-0.006798
-0.0035923
0.00018947
0.004519
0.0092515
0.014193
0.019168
0.024061
0.028732
0.032663
0.03501
0.035048
0.032512
0.027668
0.021172
0.013811
0.0062786
-0.00088525
-0.0071756
-0.012206
-0.015929
-0.018713
-0.021161
-0.023842
-0.02711
-0.031049
-0.035441
-0.039501
-0.042007
-0.041895
-0.038704
-0.03269
-0.024636
-0.015538
-0.0065481
0.00081955
0.0050966
0.0054588
0.0019801
-0.0045075
-0.012791
-0.021689
-0.03031
-0.037618
-0.0419
-0.041403
-0.035261
-0.024135
-0.0099584
0.0050196
0.019168
0.031829
0.043189
0.053633
0.062399
0.067529
0.067218
0.060914
0.049458
0.034594
0.018272
0.0020041
-0.013436
-0.027962
-0.041552
-0.053158
-0.060957
-0.063408
-0.060003
-0.051328
-0.038351
-0.021892
-0.0028491
0.017156
0.035588
0.049814
0.058164
0.060391
0.057417
0.050833
0.042365
0.033493
0.02521
0.017933
0.01158
0.0057659
4.199e-05
-0.0059287
-0.012121
-0.017813
-0.021873
-0.023357
-0.021921
-0.017878
-0.011997
-0.0051891
0.0017626
0.0083732
0.014486
0.020198
0.025714
0.03123
0.036835
0.042131
0.045941
0.046881
0.044182
0.038044
0.029434
0.01965
0.0099168
0.0010693
-0.0065811
-0.013185
-0.019168
-0.024956
-0.030499
-0.035136
-0.038035
-0.038604
-0.036664
-0.032457
-0.026552
-0.01965
-0.012392
-0.0051877
0.0018195
0.0086931
0.015586
0.022453
0.028603
0.032921
0.034485
0.033013
0.028955
0.023238
0.016895
0.010744
0.0052404
0.00062698
-0.0027494
-0.0045172
-0.0045152
-0.003099
-0.001222
-2.1069e-05
-0.00034716
-0.002516
-0.0062908
-0.010873
-0.015077
-0.017816
-0.018523
-0.017421
-0.015424
-0.013657
-0.012944
-0.013362
-0.014278
-0.014789
-0.014151
-0.012034
-0.0085495
-0.0041192
0.00072266
0.0055143
0.0099802
0.014066
0.017892
0.021655
0.025537
0.029642
0.033981
0.038492
0.043079
0.047653
0.052249
0.057089
0.061994
0.066087
0.068256
0.067634
0.063817
0.056968
0.047734
0.03701
0.025665
0.014309
0.0031901
-0.0077459
-0.018703
-0.029894
-0.041443
-0.053355
-0.065487
-0.077129
-0.086773
-0.092822
-0.094355
-0.091352
-0.084433
-0.074575
-0.062861
-0.050246
-0.0374
-0.024636
-0.011972
0.00065392
0.012607
0.021971
0.02638
0.024244
0.015474
0.0015151
-0.015318
-0.032701
-0.048531
-0.060309
-0.065607
-0.063109
-0.053089
-0.037181
-0.017776
0.0026873
0.022368
0.040357
0.056469
0.070178
0.080258
0.085519
0.085492
0.080656
0.072229
0.061732
0.050528
0.039328
0.027974
0.015797
0.0021262
-0.01337
-0.03058
-0.048855
-0.066706
-0.081806
-0.090423
-0.088294
-0.072643
-0.043486
-0.0049683
0.034783
0.067028
0.085832
0.08964
0.080882
0.064348
0.045254
0.027666
0.013661
0.0033199
-0.0046819
-0.012186
-0.020752
-0.031196
-0.043511
-0.057037
-0.070254
-0.080785
-0.086402
-0.085985
-0.079836
-0.069386
-0.05656
-0.043056
-0.029829
-0.01707
-0.004523
0.0081327
0.021085
0.034348
0.047803
0.061274
0.074567
0.087454
0.099628
0.11021
0.11769
0.12073
0.11879
0.11238
0.10279
0.09156
0.08004
0.069091
0.058991
0.049534
0.040259
0.030702
0.020578
0.0098357
-0.00138
-0.012825
-0.024257
-0.035514
-0.046517
-0.057195
-0.067475
-0.07732
-0.086759
-0.095878
-0.10479
-0.11361
-0.12241
-0.13113
-0.13896
-0.14424
-0.14537
-0.14153
-0.13298
-0.12072
-0.10604
-0.09011
-0.073827
-0.05767
-0.041761
-0.025956
-0.0099015
0.0068241
0.024415
0.042021
0.05725
0.066922
0.068547
0.061367
0.046487
0.026332
0.0037852
-0.018692
-0.039602
-0.058099
-0.072583
-0.080774
-0.080946
-0.072797
-0.057537
-0.037371
-0.014791
0.0074243
0.026011
0.038199
0.042726
0.040078
0.031955
0.020501
0.007676
-0.0051185
-0.017184
-0.02845
-0.039247
-0.050025
-0.060956
-0.071377
-0.07978
-0.084606
-0.084997
-0.081093
-0.073807
-0.064297
-0.053574
-0.042341
-0.030966
-0.019548
-0.0080263
0.0035935
0.014785
0.024548
0.031943
0.036526
0.038505
0.038727
0.038305
0.038125
0.038619
0.039792
0.04137
0.042705
0.041985
0.036599
0.024733
0.0063354
-0.017085
-0.043214
-0.069332
-0.092167
-0.10838
-0.11569
-0.1137
-0.10389
-0.088843
-0.071391
-0.053779
-0.037184
-0.021675
-0.006607
0.0088414
0.024802
0.03996
0.052218
0.059855
0.062271
0.060078
0.054718
0.047883
0.041004
0.034943
0.029941
0.025761
0.021961
0.018207
0.014422
0.011028
0.0092151
0.010446
0.015791
0.025495
0.038744
0.053736
0.068341
0.080678
0.089356
0.093787
0.094252
0.091541
0.086582
0.0802
0.072814
0.064317
0.054365
0.042758
0.029902
0.016802
0.0045885
-0.0059235
-0.014405
-0.020996
-0.026177
-0.030492
-0.03432
-0.037846
-0.041132
-0.044115
-0.046258
-0.046511
-0.043875
-0.037897
-0.028827
-0.017464
-0.0048391
0.0081106
0.020668
0.031761
0.039666
0.042778
0.04037
0.032825
0.021349
0.0074963
-0.0072904
-0.021977
-0.035872
-0.048116
-0.057399
-0.062504
-0.062905
-0.058973
-0.051783
-0.042708
-0.033012
-0.023562
-0.014747
-0.0065803
0.001108
0.0083195
0.014517
0.018899
0.020977
0.020954
0.019593
0.017836
0.016375
0.015337
0.014396
0.013055
0.010898
0.0077195
0.0035681
-0.0013073
-0.0064973
-0.011356
-0.01516
-0.017407
-0.017982
-0.017127
-0.015309
-0.013041
-0.010738
-0.0086401
-0.0068089
-0.0053145
-0.0045193
-0.0049607
-0.0070475
-0.010867
-0.016172
-0.022426
-0.028588
-0.03315
-0.034735
-0.032656
-0.027092
-0.018881
-0.0090992
0.0012994
0.011679
0.021765
0.031527
0.040541
0.047548
0.051076
0.050196
0.044873
0.035899
0.024602
0.012641
0.0020006
-0.0053961
-0.008384
-0.0069446
-0.0020753
0.0047134
0.011956
0.018636
0.024355
0.029257
0.033746
0.038052
0.041999
0.044971
0.046226
0.045281
0.042113
0.037136
0.031079
0.024788
0.018979
0.014201
0.01104
0.009967
0.010988
0.013588
0.016977
0.020368
0.023024
0.024306
0.023863
0.02173
0.018371
0.014801
0.012265
0.011637
0.013102
0.016234
0.020285
0.024528
0.028486
0.031845
0.034248
0.035383
0.035129
0.033619
0.03122
0.028431
0.025714
0.02337
0.02149
0.019997
0.018716
0.017464
0.016117
0.014658
0.013176
0.011804
0.010646
0.0097244
0.008935
0.0080841
0.0069872
0.0055639
0.0038816
0.0021046
0.00040869
-0.001077
-0.0021967
-0.002672
-0.0022147
-0.00068012
0.001873
0.0052204
0.0090589
0.013097
0.017035
0.020364
0.022461
0.022936
0.021842
0.019601
0.016796
0.013948
0.011366
0.0091136
0.0070832
0.0050925
0.002997
0.00093874
-0.00052491
-0.00071406
0.00082084
0.0041227
0.008858
0.014364
0.019458
0.022679
0.022892
0.019645
0.013209
0.0044079
-0.0053686
-0.014084
-0.019732
-0.021124
-0.018261
-0.01222
-0.0046061
0.003061
0.0097754
0.015198
0.019594
0.023408
0.026647
0.02887
0.029493
0.028007
0.024189
0.01821
0.010634
0.0023253
-0.0058333
-0.013214
-0.019542
-0.024549
-0.027646
-0.028237
-0.02622
-0.022139
-0.016919
-0.0115
-0.0065738
-0.0025151
0.00060623
0.002951
0.0046911
0.0057947
0.0060908
0.0054331
0.0038183
0.001581
-0.00046021
-0.0013575
-0.00045895
0.0023658
0.006665
0.011565
0.015949
0.018671
0.018863
0.016194
0.010933
0.0037853
-0.0043497
-0.012529
-0.019925
-0.025885
-0.029872
-0.031571
-0.030909
-0.028055
-0.023409
-0.017503
-0.010882
-0.0039887
0.0028774
0.0094552
0.015405
0.020166
0.023124
0.023938
0.022682
0.019802
0.015936
0.011711
0.007587
0.0037884
0.0003263
-0.0029269
-0.0061442
-0.009467
-0.012962
-0.016617
-0.020325
-0.02371
-0.026124
-0.026972
-0.025986
-0.023311
-0.019405
-0.014851
-0.010171
-0.0057088
-0.0016324
0.0020032
0.0052289
0.0081225
0.010603
0.012247
0.012505
0.011019
0.0077786
0.0031489
-0.002032
-0.0065917
-0.0094933
-0.010207
-0.008829
-0.0060483
-0.0029041
-0.00037099
0.00095537
0.00096013
-0.0001112
-0.0020041
-0.0046513
-0.0080762
-0.012165
-0.016595
-0.020973
-0.024964
-0.028131
-0.029723
-0.028974
-0.025516
-0.019556
-0.011845
-0.0035944
0.0037743
0.0089083
0.010926
0.0096186
0.0054051
-0.00083812
-0.0080244
-0.015178
-0.021677
-0.027325
-0.032239
-0.036584
-0.040423
-0.043596
-0.045714
-0.046392
-0.045465
-0.043062
-0.03955
-0.0354
-0.031048
-0.0268
-0.022818
-0.019138
-0.015711
-0.012438
-0.0092171
-0.0059815
-0.0027769
0.00020159
0.0027254
0.0046676
0.0060524
0.0070248
0.0077847
0.0085411
0.009504
0.010831
0.012527
0.014404
0.016185
0.017637
0.018644
0.019237
0.019564
0.019669
0.019263
0.017886
0.01518
0.011074
0.0058216
-9.6181e-05
-0.0061656
-0.011997
-0.017382
-0.022111
-0.025847
-0.028283
-0.029305
-0.029079
-0.028097
-0.027054
-0.026583
-0.027049
-0.028486
-0.030655
-0.032999
-0.034679
-0.034885
-0.033108
-0.029359
-0.024189
-0.018417
-0.012804
-0.0078023
-0.0034369
0.0005916
0.0046942
0.0092047
0.014275
0.019804
0.025283
0.029935
0.033075
0.034318
0.033612
0.031219
0.027616
0.023348
0.01888
0.014557
0.010672
0.0074543
0.0049935
0.0032186
0.0019078
0.00076597
-0.0004687
-0.0019523
-0.0037171
-0.0056986
-0.0077743
-0.0097835
-0.011573
-0.013019
-0.013954
-0.014194
-0.013638
-0.01232
-0.010389
-0.0080444
-0.0054693
-0.0028003
-0.00011663
0.0025553
0.0052234
0.0079092
0.010631
0.013389
0.016164
0.018928
0.021659
0.024343
0.02698
0.029535
0.031901
0.033944
0.035528
0.036287
0.035639
0.033098
0.028529
0.022223
0.014764
0.0068054
-0.0011189
-0.0086927
-0.015793
-0.022249
-0.027549
-0.031085
-0.032523
-0.031951
-0.029817
-0.026746
-0.023341
-0.020036
-0.01704
-0.014357
-0.011862
-0.0094406
-0.0071888
-0.0053942
-0.0043542
-0.0041993
-0.0047269
-0.0054421
-0.0057956
-0.0054021
-0.0041405
-0.002136
0.00030468
0.0027035
0.0045328
0.0054175
0.0052507
0.0041855
0.0025521
0.00084955
-0.00031704
-0.00045801
0.00060812
0.0026641
0.0052115
0.0077045
0.0097453
0.011175
0.012057
0.012591
0.012916
0.012977
0.012598
0.011618
0.0099822
0.0077624
0.0051252
0.0023203
-0.00032076
-0.0024873
-0.0040027
-0.0048704
-0.0052922
-0.0056237
-0.0062288
-0.0073463
-0.0090341
-0.011191
-0.013625
-0.016137
-0.018577
-0.020862
-0.022822
-0.024089
-0.024268
-0.023141
-0.020756
-0.017388
-0.013436
-0.0094487
-0.0061548
-0.0042199
-0.0039861
-0.0053861
-0.008027
-0.011368
-0.014858
-0.017873
-0.019763
-0.020101
-0.018817
-0.016183
-0.012672
-0.008786
-0.0049257
-0.0014352
0.0013285
0.003097
0.0037961
0.0035746
0.0028997
0.0025515
0.0033079
0.0056345
0.0095563
0.014567
0.019562
0.023315
0.025025
0.024479
0.022002
0.018249
0.013949
0.0096839
0.0057796
0.0022949
-0.00090031
-0.0040158
-0.0072373
-0.010571
-0.013629
-0.015779
-0.016484
-0.015538
-0.013106
-0.0096207
-0.005609
-0.0015554
0.0021113
0.0050624
0.0071533
0.0084441
0.0091466
0.0095314
0.0098371
0.010192
0.010592
0.010945
0.011079
0.010738
0.0096903
0.0078389
0.0052528
0.0021287
-0.0012863
-0.0047691
-0.0081024
-0.010901
-0.012678
-0.013078
-0.012027
-0.009744
-0.0066294
-0.0031244
0.00041328
0.003776
0.0068935
0.0096935
0.012025
0.013737
0.014764
0.015163
0.015083
0.014718
0.014233
0.013635
0.012727
0.011241
0.008998
0.0059845
0.0023417
-0.0016934
-0.0057567
-0.0092421
-0.011492
-0.012088
-0.010995
-0.0085305
-0.0052069
-0.0015783
0.0018118
0.0045185
0.0063131
0.0072189
0.0074532
0.0073198
0.0071002
0.0069707
0.0069397
0.0068768
0.0066113
0.0060312
0.0052235
0.0045303
0.004376
0.0050662
0.0066818
0.0090851
0.011998
0.015026
0.01761
0.019196
0.019456
0.018385
0.01626
0.013503
0.010563
0.0078708
0.0057507
0.0043388
0.0035772
0.0032717
0.0031558
0.0029395
0.0023933
0.0014149
6.4944e-05
-0.0014557
-0.0029049
-0.0040975
-0.004969
-0.0056281
-0.006317
-0.0072877
-0.0086987
-0.01056
-0.01262
-0.014334
-0.01512
-0.014612
-0.012777
-0.0098756
-0.006331
-0.0026149
0.00080505
0.0035739
0.0055559
0.0068717
0.0078203
0.0087354
0.009848
0.011162
0.012474
0.013517
0.014105
0.014224
0.014019
0.013702
0.013436
0.013175
0.012695
0.011739
0.010152
0.0079297
0.0052021
0.0021712
-0.00095964
-0.0040407
-0.0069993
-0.0098349
-0.012585
-0.015249
-0.01775
-0.019991
-0.021887
-0.023311
-0.024111
-0.024159
-0.023403
-0.021893
-0.019781
-0.017274
-0.014579
-0.011884
-0.0093804
-0.0072256
-0.0054957
-0.0041941
-0.0033288
-0.0029226
-0.002974
-0.0034328
-0.0041645
-0.0048902
-0.0052663
-0.0050305
-0.0040906
-0.0025283
-0.00054111
0.0016403
0.0038238
0.0058963
0.007806
0.0094708
0.010756
0.011486
0.011457
0.010542
0.0087509
0.0062388
0.0032455
2.2303e-05
-0.0032255
-0.0062626
-0.0086904
-0.01008
-0.010177
-0.0089997
-0.0068066
-0.0040211
-0.0011568
0.0013032
0.0030159
0.0038494
0.0038558
0.0032016
0.0021037
0.00077152
-0.00062662
-0.0018837
-0.0026897
-0.0027488
-0.001911
-0.00021953
0.0021263
0.0048547
0.0077095
0.010511
0.013177
0.015634
0.017677
0.019022
0.019468
0.018987
0.017725
0.015949
0.013972
0.012059
0.010368
0.0089356
0.0076793
0.0064442
0.0050745
0.0034736
0.0016262
-0.00041499
-0.0025499
-0.0046276
-0.0064822
-0.0079982
-0.0091485
-0.0099906
-0.010635
-0.011208
-0.011811
-0.012501
-0.01324
-0.013868
-0.014129
-0.013785
-0.01272
-0.010975
-0.0087177
-0.0061737
-0.0035616
-0.0010791
0.0011234
0.002978
0.0045071
0.0057987
0.0069654
0.008093
0.0091946
0.010224
0.011108
0.011746
0.012034
0.011826
0.010943
0.0092665
0.0068086
0.0037126
0.00026157
-0.0031399
-0.0060756
-0.0081939
-0.0092974
-0.0093983
-0.0086942
-0.0074845
-0.0061099
-0.0049372
-0.0042709
-0.0042266
-0.0046162
-0.0050299
-0.0050459
-0.0043987
-0.0030582
-0.001231
0.00074709
0.0025576
0.0040064
0.0050612
0.0058205
0.006445
0.007069
0.0076871
0.0081531
0.008285
0.0079724
0.0072689
0.0063824
0.0055689
0.0050276
0.0048413
0.0049015
0.004855
0.0042615
0.0028075
0.00049712
-0.0023047
-0.0050662
-0.0073263
-0.008844
-0.0096285
-0.0098771
-0.0098672
-0.0098529
-0.0099882
-0.010245
-0.010423
-0.010281
-0.0096541
-0.0085105
-0.0069414
-0.0051092
-0.0032466
-0.0016633
-0.00063618
-0.00030249
-0.00062834
-0.0014468
-0.0025335
-0.0036772
-0.0047048
-0.0054941
-0.0059949
-0.0062154
-0.0061093
-0.0055296
-0.0043212
-0.0024176
0.00012191
0.0030959
0.0061723
0.0089402
0.011014
0.012145
0.012235
0.011335
0.0096253
0.0073656
0.0048205
0.0022106
-0.00031989
-0.0027107
-0.0049269
-0.006874
-0.0084263
-0.0094646
-0.0098745
-0.0095939
-0.0086553
-0.0072007
-0.0054985
-0.0038788
-0.002613
-0.0018326
-0.0015172
-0.0015347
-0.0016722
-0.0016533
-0.0012299
-0.00027012
0.0012127
0.0030912
0.0051855
0.0073273
0.0094031
0.011353
0.013043
0.014198
0.014537
0.013917
0.012387
0.010161
0.0075242
0.0047855
0.0022606
0.00020359
-0.0012682
-0.0021899
-0.0027085
-0.0030157
-0.0032826
-0.0036193
-0.004063
-0.0045739
-0.0050219
-0.0052409
-0.0051051
-0.0045546
-0.0035871
-0.0022551
-0.00065171
0.0011153
0.0029499
0.0047865
0.0065947
0.0083689
0.010054
0.01148
0.012438
0.012786
0.012453
0.011406
0.0096646
0.0073229
0.0045339
0.0014733
-0.0016953
-0.004848
-0.0078809
-0.010651
-0.013005
-0.014815
-0.01597
-0.016412
-0.016181
-0.015411
-0.014284
-0.012986
-0.011659
-0.010374
-0.0091029
-0.0077509
-0.0062182
-0.0044493
-0.002452
-0.00030419
0.0018431
0.0037138
0.0049611
0.0053686
0.0049854
0.0040756
0.0029828
0.0020012
0.0012988
0.00090376
0.00073845
0.00069052
0.00069034
0.00072882
0.00083392
0.001038
0.0013288
0.0016162
0.0017748
0.0017044
0.0013668
0.00078916
4.424e-05
-0.00077825
-0.0015683
-0.0021851
-0.0025018
-0.0024447
-0.002009
-0.0012546
-0.00028196
0.00080067
0.0019055
0.0029806
0.0040106
0.005004
0.0059547
0.00682
0.0075454
0.0080907
0.0084334
0.0085717
0.0085292
0.0083497
0.0080856
0.0077853
0.0074831
0.0072024
0.0069899
0.0069271
0.0070901
0.0075133
0.0081777
0.0090224
0.0099688
0.01094
0.011844
0.012578
0.013053
0.013212
0.013045
0.012595
0.011943
0.011179
0.01038
0.0096006
0.0088912
0.0083241
0.0079841
0.0079299
0.0081672
0.0086494
0.0092966
0.010023
0.01076
0.011467
0.012134
0.012768
0.013363
0.013865
0.014197
0.014308
0.014188
0.013875
0.013435
0.012938
0.012438
0.011938
0.011352
0.010558
0.0094576
0.0080248
0.0062732
0.0041681
0.0016328
-0.0013434
-0.0045727
-0.007719
-0.010424
-0.012387
-0.013456
-0.013668
-0.013216
-0.012368
-0.011381
-0.010439
-0.0096273
-0.00894
-0.0082917
-0.0075475
-0.0065863
-0.0053489
-0.003851
-0.0021647
-0.0003895
0.0013032
0.0025958
0.0031421
0.002732
0.0013674
-0.00076051
-0.0033586
-0.0061323
-0.008835
-0.011175
-0.012812
-0.0135
-0.013188
-0.012045
-0.010423
-0.0087191
-0.0072461
-0.0061563
-0.0054452
-0.0050407
-0.0048971
-0.0050026
-0.0053528
-0.0059302
-0.0066977
-0.0075956
-0.0085141
-0.0093066
-0.0098486
-0.010083
-0.010046
-0.0098616
-0.0096869
-0.0096518
-0.0098192
-0.010182
-0.010677
-0.011194
-0.011586
-0.011732
-0.011575
-0.01111
-0.010371
-0.0094189
-0.0083248
-0.0071562
-0.0059635
-0.0047747
-0.0035978
-0.0024273
-0.001258
-0.00015647
0.00067881
0.0010018
0.00062254
-0.00052264
-0.0023535
-0.0046833
-0.0072857
-0.0099211
-0.012277
-0.01402
-0.014936
-0.014999
-0.014358
-0.013267
-0.011988
-0.010724
-0.0095836
-0.008581
-0.0076691
-0.0067924
-0.0059627
-0.0052608
-0.0047799
-0.0045753
-0.0046428
-0.0049261
-0.0053412
-0.0058038
-0.0062512
-0.0066522
-0.0070045
-0.0073254
-0.007634
-0.0078886
-0.007951
-0.0076574
-0.0069035
-0.0056883
-0.0041355
-0.0024791
-0.00097201
0.00020792
0.0010088
0.0014994
0.0018185
0.0021124
0.0024874
0.002989
0.0035908
0.0041653
0.0045219
0.0044991
0.0040322
0.0031848
0.0021363
0.0011043
0.0002612
-0.00031158
-0.00060735
-0.00064114
-0.00043518
-2.3196e-05
0.0005496
0.0012331
0.0019811
0.0027585
0.0035434
0.004327
0.0051085
0.00589
0.0066423
0.0072669
0.0076377
0.0076671
0.0073384
0.0066683
0.0056577
0.0043124
0.0027091
0.0010024
-0.00063749
-0.0020862
-0.0032657
-0.0041044
-0.0045516
-0.0046077
-0.0043306
-0.0038181
-0.003196
-0.0026115
-0.0021932
-0.0020113
-0.0020651
-0.0022806
-0.0025135
-0.002602
-0.0024325
-0.0019722
-0.001265
-0.0004099
0.00046729
0.0012556
0.001892
0.0023739
0.0027837
0.0032869
0.0040567
0.0051993
0.0067164
0.008464
0.010157
0.011469
0.012129
0.012011
0.011167
0.00978
0.0080926
0.0063268
0.0046316
0.0030703
0.0016503
0.00035619
-0.00081737
-0.0018148
-0.0025402
-0.0029181
-0.0029333
-0.0026372
-0.0021255
-0.0015128
-0.00094107
-0.00056804
-0.00051143
-0.00080362
-0.0013466
-0.001924
-0.0023003
-0.0023152
-0.0019274
-0.0012033
-0.00027266
0.00072563
0.0016797
0.0024927
0.003077
0.003381
0.0034086
0.0032131
0.0028751
0.0024755
0.0020749
0.001708
0.0014132
0.0012597
0.0013184
0.0016265
0.0021721
0.0029019
0.0037346
0.0045665
0.0052752
0.0057413
0.0058624
0.0055401
0.0047131
0.003393
0.0016653
-0.00033868
-0.0024814
-0.0046526
-0.0067851
-0.0088253
-0.010695
-0.012292
-0.013469
-0.014076
-0.014039
-0.013396
-0.012283
-0.010883
-0.0093786
-0.0079569
-0.0068132
-0.0060886
-0.0058243
-0.0059602
-0.0063681
-0.0068578
-0.0071668
-0.0070457
-0.0063543
-0.0050976
-0.0034012
-0.0014499
0.00057755
0.0025543
0.0043991
0.0060171
0.0073071
0.0082102
0.0087374
0.0089622
0.0089923
0.0089316
0.0088406
0.0087276
0.0085736
0.0083866
0.0082302
0.0081903
0.0083321
0.0086755
0.0091945
0.0098327
0.010524
0.01121
0.011852
0.012438
0.012976
0.013488
0.013989
0.014448
0.014781
0.014892
0.014731
0.014304
0.01367
0.012913
0.012122
0.011412
0.010936
0.010821
0.011119
0.011792
0.012736
0.013824
0.014943
0.016008
0.016923
0.017583
0.017913
0.017861
0.017389
0.01649
0.01521
0.013637
0.011881
0.010056
0.0082608
0.0065624
0.0049821
0.0035036
0.002092
0.00074163
-0.00049767
-0.0015393
-0.0022879
-0.0026837
-0.0027305
-0.0024932
-0.002072
-0.0015704
-0.0010612
-0.0005482
2.6865e-05
0.00073846
0.0016356
0.0027229
0.0039567
0.005211
0.0062802
0.0069657
0.0071494
0.0068238
0.0060808
0.0050692
0.0039439
0.0028206
0.0017512
0.00072949
-0.00028333
-0.0013309
-0.0024419
-0.0036108
-0.0047479
-0.0056915
-0.0062896
-0.006472
-0.0063006
-0.005958
-0.0056637
-0.0055873
-0.0058025
-0.0062865
-0.0069466
-0.0076373
-0.0081946
-0.0084955
-0.0084962
-0.0082322
-0.0077914
-0.007276
-0.0067697
-0.0063198
-0.0059349
-0.0055959
-0.0052751
-0.004979
-0.004768
-0.0047196
-0.0048862
-0.0052732
-0.0058413
-0.0065042
-0.0071212
-0.0075426
-0.0076695
-0.0074832
-0.0070382
-0.0064313
-0.0057716
-0.0051913
-0.0048372
-0.0048173
-0.0051613
-0.0058198
-0.0066831
-0.0075916
-0.0083754
-0.008914
-0.0091682
-0.0091765
-0.0090256
-0.008813
-0.0086161
-0.008472
-0.0083384
-0.0080806
-0.0075427
-0.0066246
-0.0053174
-0.0036959
-0.001882
-1.7008e-05
0.0017483
0.0032905
0.0045516
0.0055478
0.00635
0.0070514
0.0077283
0.0083809
0.0089223
0.0092394
0.0092562
0.0089652
0.0084198
0.0076864
0.0068035
0.005785
0.004637
0.0033775
0.0020721
0.00082995
-0.00024488
-0.0010943
-0.0017204
-0.0021775
-0.0025663
-0.0030066
-0.0035928
-0.0043665
-0.0053131
-0.0063794
-0.0074864
-0.0085248
-0.0093611
-0.0098699
-0.0099831
-0.009714
-0.0091455
-0.0083954
-0.0075783
-0.0067718
-0.0059825
-0.0051516
-0.0042191
-0.0031892
-0.0021255
-0.0011113
-0.00021096
0.00054967
0.0011842
0.0017329
0.0022444
0.0027599
0.0032971
0.0038182
0.004236
0.0044626
0.0044507
0.0041829
0.0036104
0.002661
0.0012921
-0.00047665
-0.0025625
-0.0047987
-0.006928
-0.0086943
-0.0099423
-0.010659
-0.010951
-0.010991
-0.01095
-0.010953
-0.011058
-0.011245
-0.011438
-0.011549
-0.011516
-0.011325
-0.011003
-0.010612
-0.010245
-0.0099967
-0.0099277
-0.010049
-0.010336
-0.010747
-0.011238
-0.011773
-0.012326
-0.012883
-0.01344
-0.014001
-0.014566
-0.015127
-0.015664
-0.01613
-0.016431
-0.016471
-0.016196
-0.01562
-0.014821
-0.013915
-0.013015
-0.012196
-0.011487
-0.010871
-0.010308
-0.0097479
-0.009149
-0.0084883
-0.0077654
-0.0069974
-0.0062085
-0.0054219
-0.0046727
-0.004037
-0.0036069
-0.0034439
-0.0035533
-0.0038826
-0.0043117
-0.0046691
-0.0047985
-0.0046161
-0.0041334
-0.003442
-0.0026673
-0.0019211
-0.0012706
-0.00073372
-0.0003103
-9.8662e-06
0.0001552
0.00018344
8.9978e-05
-9.9554e-05
-0.00035877
-0.0006651
-0.0010014
-0.0013553
-0.0017189
-0.0020724
-0.0023525
-0.0024704
-0.0023578
-0.0019959
-0.0014182
-0.00069296
9.4393e-05
0.00084221
0.0014545
0.0018735
0.0020956
0.0021833
0.002255
0.0024351
0.0028056
0.0033856
0.004138
0.0049937
0.0058759
0.0067185
0.0074818
0.0081573
0.0087476
0.0092359
0.0095934
0.0098007
0.0098614
0.0098016
0.0096617
0.0094998
0.0094054
0.0094733
0.0097635
0.010282
0.010988
0.011809
0.012676
0.013531
0.014331
0.015002
0.015448
0.015594
0.015381
0.014761
0.013725
0.012318
0.010632
0.0087761
0.0068498
0.0049276
0.0030701
0.001332
-0.00025169
-0.0016665
-0.0029018
-0.0039232
-0.004672
-0.0051043
-0.0052213
-0.0050735
-0.0047439
-0.0043224
-0.0038943
-0.0035575
-0.0034077
-0.003503
-0.0038404
-0.0043603
-0.0049742
-0.0055984
-0.0061767
-0.0066885
-0.0071426
-0.0075503
-0.0078887
-0.0081092
-0.0081653
-0.0080102
-0.0075984
-0.0069095
-0.005964
-0.0048188
-0.0035491
-0.0022384
-0.00097853
0.00015137
0.00111
0.0019017
0.0025662
0.0031597
0.0037347
0.004327
0.0049508
0.0056026
0.0062616
0.0068679
0.0073307
0.0075725
0.0075636
0.0073294
0.0069358
0.0064807
0.0060922
0.0058919
0.0059659
0.0063443
0.0069975
0.0078517
0.0088169
0.0098137
0.010789
0.011699
0.012448
0.012915
0.01301
0.01272
0.012103
0.011267
0.010327
0.0093766
0.0084711
0.0076244
0.0068217
0.0060563
0.0053881
0.0049258
0.0047633
0.0049346
0.0054008
0.0060286
0.0065984
0.0068918
0.0067759
0.0062358
0.0053578
0.0042814
0.0031484
0.0021029
0.0013215
0.00096315
0.0011059
0.0017309
0.002741
0.0039986
0.005367
0.0067298
0.0079944
0.0091061
0.010052
0.010815
0.011345
0.01159
0.011519
0.011103
0.010297
0.0090833
0.0074955
0.0056138
0.0035437
0.0013884
-0.00075885
-0.0028002
-0.0046402
-0.0061574
-0.0072161
-0.0077328
-0.0077181
-0.0072707
-0.0065322
-0.0056345
-0.0046725
-0.0036998
-0.0027639
-0.0019452
-0.0013314
-0.00097638
-0.00087579
-0.00094254
-0.0010176
-0.00093762
-0.00059726
2.494e-05
0.0008722
0.0018139
0.0026789
0.0033223
0.0036742
0.0037495
0.0036253
0.0034034
0.0031749
0.002997
0.0028877
0.0028464
0.0028952
0.0030784
0.0034337
0.0039705
0.0046664
0.005476
0.0063463
0.0072122
0.0079661
0.0084841
0.0086829
0.0085503
0.0081422
0.0075551
0.0068995
0.0063164
0.0059693
0.0059832
0.0063983
0.0071661
0.0081779
0.0093056
0.010426
0.011439
0.012292
0.012984
0.013554
0.01406
0.014553
0.015063
0.01559
0.01611
0.016599
0.017029
0.017359
0.017543
0.017557
0.017406
0.017125
0.016765
0.01637
0.015939
0.015411
0.014704
0.013764
0.012588
0.011219
0.0097285
0.0081908
0.0066695
0.0052332
0.0039497
0.0028607
0.0019669
0.0012311
0.00059288
-1.2601e-05
-0.00063577
-0.0013026
-0.0020133
-0.0027252
-0.0033423
-0.0037585
-0.0039079
-0.0037881
-0.0034525
-0.0029683
-0.0023536
-0.0015755
-0.00059572
0.00057703
0.0018779
0.0032128
0.004474
0.005558
0.0063751
0.0068456
0.0069275
0.006639
0.0060582
0.0053168
0.0045683
0.0039378
0.0034884
0.0032172
0.0030743
0.0029878
0.00287
0.0026263
0.0021878
0.0015346
0.00069608
-0.00026612
-0.0012782
-0.0022754
-0.0032175
-0.0040943
-0.0049188
-0.0057042
-0.0064181
-0.0069887
-0.0073486
-0.0074697
-0.0073724
-0.0071152
-0.0067887
-0.0065299
-0.006485
-0.0067501
-0.0073327
-0.0081388
-0.0090158
-0.0098181
-0.010454
-0.010903
-0.011186
-0.011296
-0.011185
-0.010807
-0.01015
-0.0092475
-0.0081649
-0.0069803
-0.005764
-0.0045788
-0.0034956
-0.0025764
-0.0018558
-0.0013464
-0.0010394
-0.00090463
-0.00089493
-0.00094414
-0.00096591
-0.00088057
-0.0006425
-0.0002498
0.00026384
0.00084706
0.0014499
0.0020371
0.0025939
0.0031261
0.0036598
0.0042276
0.0048528
0.0055231
0.0061507
0.0066033
0.0067654
0.0065727
0.0060281
0.0051954
0.0041744
0.0030686
0.0019681
0.00095728
0.00010846
-0.00051953
-0.00089357
-0.00102
-0.00094299
-0.00072885
-0.00044937
-0.0001755
3.3429e-05
0.00014422
0.00015456
8.6573e-05
-2.5867e-05
-0.00015003
-0.00026343
-0.00035494
-0.00041188
-0.00041351
-0.00034097
-0.00018727
3.9789e-05
0.00032126
0.0006272
0.00088706
0.00098867
0.00083016
0.00036509
-0.0003848
-0.0013455
-0.0024155
-0.0034706
-0.0043853
-0.0050743
-0.0055165
-0.0057509
-0.0058528
-0.0059038
-0.0059641
-0.0060413
-0.0060889
-0.0060408
-0.0058482
-0.0054988
-0.0050168
-0.004449
-0.0038474
-0.0032595
-0.0027486
-0.0023917
-0.0022463
-0.0023263
-0.0026002
-0.0030065
-0.0034762
-0.0039524
-0.0044018
-0.0048152
-0.0052018
-0.005579
-0.0059595
-0.0063377
-0.0066927
-0.0070023
-0.0072563
-0.0074755
-0.0077086
-0.0080073
-0.008399
-0.0088445
-0.0092372
-0.0094587
-0.0094327
-0.0091492
-0.0086612
-0.0080942
-0.0076273
-0.0074224
-0.0075638
-0.0080416
-0.0087719
-0.0096377
-0.010529
-0.011342
-0.011954
-0.012257
-0.012203
-0.011818
-0.011184
-0.010417
-0.0096499
-0.0090089
-0.0085739
-0.00836
-0.0083265
-0.0083989
-0.0084937
-0.0085455
-0.0085213
-0.0084219
-0.008275
-0.0081319
-0.0080518
-0.0080778
-0.0082223
-0.0084682
-0.0087797
-0.0091131
-0.0094074
-0.0095876
-0.0095951
-0.0094101
-0.0090552
-0.0085818
-0.0080527
-0.0075326
-0.0070753
-0.0067101
-0.0064371
-0.0062344
-0.0060696
-0.005913
-0.0057535
-0.0056057
-0.0054971
-0.0054511
-0.005468
-0.0054847
-0.0053806
-0.0050394
-0.0043997
-0.0034729
-0.0023278
-0.0010619
0.00021375
0.0013811
0.0023488
0.0030806
0.003599
0.003967
0.0042585
0.0045098
0.0046967
0.0047642
0.004666
0.0043886
0.0039543
0.0034029
0.0027667
0.0020654
0.0013044
0.00045209
-0.00055646
-0.0017794
-0.0032372
-0.0049044
-0.0067218
-0.0086033
-0.010418
-0.012022
-0.013313
-0.014269
-0.014943
-0.015432
-0.015844
-0.016234
-0.016543
-0.016625
-0.016343
-0.01606
-0.014938
-0.013528
-0.011971
-0.010437
-0.009104
-0.008098
-0.0074545
-0.0071223
-0.0069957
-0.0069567
-0.006911
-0.0068043
-0.0066039
-0.0062739
-0.0057853
-0.0051316
-0.0043345
-0.0034578
-0.0026132
-0.0019177
-0.0014467
-0.0012116
-0.0011591
-0.0011879
-0.0011899
-0.0010881
-0.00085359
-0.00050685
-0.00011853
0.00021289
0.00040379
0.00041509
0.00025822
-1.4217e-05
-0.00029914
-0.00045299
-0.00035025
6.8106e-05
0.00078211
0.0017121
0.0027538
0.0038056
0.0047796
0.0056179
0.0063047
0.0068626
0.007337
0.0077774
0.008222
0.0086904
0.0091843
0.0096915
0.010183
0.01061
0.010929
0.011114
0.01116
0.011081
0.010908
0.010676
0.01042
0.010169
0.009961
0.0098339
0.0098109
0.009892
0.010057
0.010273
0.010508
0.010704
0.010763
0.010583
0.010109
0.0093478
0.0083682
0.0072802
0.0062022
0.0052217
0.0043766
0.003661
0.003066
0.0026055
0.0023006
0.0021586
0.0021568
0.0022252
0.0022661
0.0021948
0.0019679
0.0015986
0.001175
0.00083141
0.00068688
0.00079961
0.0011566
0.0016914
0.0023153
0.0029505
0.0035527
0.0041131
0.0046476
0.0051815
0.005736
0.006308
0.0068433
0.007257
0.0074788
0.0074827
0.0072921
0.0069655
0.0065726
0.0061726
0.005785
0.0053602
0.0048093
0.0040565
0.0030764
0.001922
0.00072267
-0.00037398
-0.0012615
-0.0019043
-0.0023356
-0.0026396
-0.0029219
-0.0032714
-0.0037357
-0.0043155
-0.0049773
-0.0056724
-0.0063376
-0.0068804
-0.007207
-0.0072648
-0.007061
-0.0066531
-0.0061293
-0.0056079
-0.00522
-0.0050631
-0.0051697
-0.0055024
-0.0059326
-0.0062474
-0.0062386
-0.005788
-0.0048978
-0.0036696
-0.0022539
-0.00079642
0.00060071
0.0018878
0.0030223
0.0039346
0.0045542
0.0048441
0.00482
0.0045456
0.0041115
0.0036321
0.0032524
0.0031044
0.0032587
0.0037075
0.0043802
0.0051769
0.0059931
0.0066985
0.0071493
0.0072451
0.0069701
0.0064067
0.0057079
0.0050335
0.0044964
0.0041391
0.0039401
0.0038468
0.0038214
0.0038543
0.0039522
0.0041234
0.0043676
0.0046737
0.0050225
0.0053919
0.005757
0.0060682
0.0062547
0.0062636
0.006087
0.0057601
0.0053425
0.0048963
0.0044738
0.00413
0.003918
0.0038681
0.0039667
0.0041398
0.0042816
0.0043008
0.0041526
0.0038444
0.0034219
0.0029461
0.0024717
0.0020333
0.0016418
0.0012893
0.00095946
0.00064992
0.00038272
0.00018889
8.9585e-05
8.6425e-05
0.00016248
0.00029316
0.00045855
0.0006466
0.00085106
0.0010667
0.0012818
0.0014799
0.0016464
0.0017748
0.0018674
0.0019332
0.0019837
0.0020293
0.002077
0.0021327
0.0022084
0.0023194
0.0024759
0.0026784
0.0029178
0.0031821
0.0034636
0.0037596
0.0040696
0.0043919
0.0047235
0.0050578
0.0053715
0.0056168
0.0057393
0.0056765
0.0053704
0.0047997
0.0040455
0.003345
0.0029911
0.0031942
0.0040085
0.0053368
0.0069837
0.0086817
0.010126
0.011078
0.011441
0.011272
0.010727
0.0099508
0.0090031
0.0078762
0.0065458
0.0050074
0.0032907
0.0014535
-0.00043486
-0.0023057
-0.0040383
-0.0054108
-0.0061987
-0.006322
-0.0059079
-0.0052131
-0.0044687
-0.0037685
-0.0030832
-0.0023284
-0.0014278
-0.00035065
0.0008733
0.0021471
0.0033215
0.0042191
0.0046984
0.0047109
0.0043104
0.003623
0.0027983
0.0019642
0.0012005
0.00054163
2.2626e-05
-0.00030471
-0.00041467
-0.00039107
-0.00042262
-0.00070336
-0.0013466
-0.0023538
-0.003634
-0.0050483
-0.0064154
-0.0074794
-0.0079931
-0.0078278
-0.007016
-0.0057216
-0.0041701
-0.0026064
-0.0013049
-0.00050429
-0.00031937
-0.00071329
-0.0015321
-0.0025723
-0.0036439
-0.0045946
-0.0053219
-0.0057897
-0.0060258
-0.0060978
-0.0060663
-0.0059459
-0.0057188
-0.005365
-0.0048839
-0.0043141
-0.0037547
-0.0033307
-0.0031315
-0.0031666
-0.0033682
-0.0036327
-0.0038652
-0.0040074
-0.0040454
-0.0040003
-0.0039127
-0.0038327
-0.0038068
-0.003861
-0.0039868
-0.0041267
-0.0041971
-0.0041307
-0.0039032
-0.0035355
-0.003084
-0.002631
-0.0022589
-0.0020198
-0.001923
-0.001941
-0.0020263
-0.0021306
-0.0022158
-0.0022583
-0.0022501
-0.0021979
-0.0021174
-0.0020261
-0.0019382
-0.0018632
-0.001809
-0.0017812
-0.0017807
-0.0018029
-0.0018395
-0.0018815
-0.0019197
-0.0019446
-0.0019492
-0.0019311
-0.0018933
-0.0018421
-0.0017854
-0.0017324
-0.0016908
-0.0016646
-0.0016532
-0.0016521
-0.0016551
-0.0016548
-0.0016429
-0.0016132
-0.0015637
-0.0014966
-0.0014176
-0.0013333
-0.0012482
-0.0011638
-0.0010793
-0.00099396
-0.00090778
-0.00082206
-0.00073905
-0.00066393
-0.00060524
-0.00057031
-0.00056136
-0.00057467
-0.000602
-0.00063128
-0.00064985
-0.00064929
-0.0006278
-0.00058953
-0.00054204
-0.00049426
-0.00045431
-0.00042704
-0.0004126
-0.00040721
-0.00040572
-0.00040415
-0.00040059
-0.00039495
-0.00038812
-0.00038119
-0.00037491
-0.00036946
-0.00036437
-0.0003588
-0.00035197
-0.00034348
-0.00033342
-0.00032274
-0.00031335
-0.00030685
-0.00030273
-0.00029826
-0.00029034
-0.00027713
-0.00025868
-0.00023687
-0.00021442
-0.00019369
-0.00017597
-0.00016153
-0.00014977
-0.00013966
-0.0001301
-0.00012024
-0.0001096
-9.811e-05
-8.5949e-05
-7.3396e-05
-6.0705e-05
-4.8023e-05
-3.539e-05
-2.2762e-05
-1.0063e-05
2.7714e-06
1.5771e-05
2.8932e-05
4.2254e-05
5.578e-05
6.9538e-05
8.3503e-05
9.7577e-05
0.0001116
0.00012541
0.00013891
0.00015208
0.00016498
0.00017769
0.00019031
0.00020289
0.00021545
0.000228
0.0002405
0.00025292
0.00026524
0.00027745
0.00028957
0.00030161
0.00031358
0.00032549
0.00033737
0.00034921
0.00036099
0.00037271
0.00038434
0.00039586
0.00040726
0.00041854
0.00042969
0.00044073
0.00045165
0.00046247
0.00047319
0.0004838
0.00049431
0.00050471
0.00051502
0.00052524
0.00053536
0.00054538
0.00055531
0.00056515
0.00057489
0.00058453
0.00059407
0.00060351
0.00061285
0.0006221
0.00063125
0.0006403
0.00064925
0.00065811
0.00066687
0.00067554
0.00068412
0.00069259
0.00070097
0.00070926
0.00071745
0.00072554
0.00073354
0.00074144
0.00074925
0.00075696
0.00076458
0.0007721
0.00077952
0.00078685
0.00079409
0.00080123
