0.00090047
0.00090545
0.0009108
0.00091626
0.00092301
0.00093088
0.00094004
0.00094831
0.00095513
0.00095964
0.00096327
0.00096896
0.00097937
0.00099518
0.0010167
0.0010409
0.0010638
0.001082
0.0010912
0.001091
0.0010874
0.0010903
0.0011043
0.001132
0.0011667
0.0011868
0.0011767
0.0011409
0.0011047
0.001066
0.0010308
0.0010312
0.0010944
0.0011991
0.0013159
0.0014324
0.0015086
0.0015279
0.0015057
0.0014643
0.0014296
0.0014231
0.0014807
0.0016038
0.0017768
0.0019646
0.0021239
0.0022054
0.002169
0.0020074
0.0017471
0.001455
0.0012421
0.0012061
0.0013309
0.0015675
0.0018263
0.0020254
0.0021061
0.0019978
0.0016861
0.0012622
0.00084946
0.00065723
0.0008055
0.001297
0.0020556
0.0029283
0.0037212
0.0043214
0.0046674
0.0047453
0.0045166
0.0039845
0.0031855
0.0021442
0.0010166
-9.2951e-05
-0.0011101
-0.0019314
-0.0024576
-0.0026105
-0.0023797
-0.0018511
-0.0010811
-7.3265e-05
0.0011314
0.0023743
0.0035238
0.0044328
0.0048162
0.004483
0.003395
0.0019072
0.00047181
-0.00036602
-0.00038161
0.00048939
0.0016323
0.0027308
0.0037179
0.0043683
0.0043536
0.0034238
0.0017495
-0.00040437
-0.0029827
-0.0053608
-0.0071472
-0.0080994
-0.0077184
-0.0057667
-0.0025847
0.0017038
0.0064104
0.010756
0.014241
0.016533
0.017246
0.015989
0.013189
0.0095467
0.0058837
0.0031476
0.0015603
0.00080695
0.00079273
0.0012745
0.0019554
0.0028331
0.0037761
0.0046312
0.0055137
0.0066103
0.0082255
0.010284
0.012538
0.014649
0.016165
0.016991
0.017072
0.016237
0.014388
0.011651
0.0086589
0.0061399
0.0044984
0.003582
0.0030773
0.0026955
0.0024036
0.0024641
0.0028708
0.0034522
0.0040349
0.0045116
0.0047351
0.0047589
0.0046973
0.004572
0.0044364
0.0044658
0.0048426
0.0058126
0.0077076
0.011025
0.015773
0.021282
0.026751
0.031128
0.033329
0.032523
0.027497
0.018176
0.0049497
-0.0082011
-0.017116
-0.021202
-0.021656
-0.019078
-0.01374
-0.0062142
0.0036928
0.014692
0.025585
0.035198
0.042108
0.047034
0.049704
0.049266
0.045165
0.03626
0.021258
0.0023251
-0.014566
-0.023466
-0.025328
-0.022701
-0.016632
-0.0090484
-0.0011671
0.0063653
0.013946
0.020882
0.027381
0.033204
0.037378
0.038036
0.033734
0.025587
0.014726
0.0026087
-0.00771
-0.01498
-0.019612
-0.021784
-0.020387
-0.015556
-0.010065
-0.0054011
-0.0017074
0.00075635
0.0024413
0.0042669
0.0068681
0.010166
0.013221
0.01473
0.013519
0.010753
0.0083556
0.0065655
0.0057636
0.0067643
0.0096182
0.01334
0.017065
0.019709
0.019651
0.016065
0.011271
0.0060876
0.00083619
-0.002999
-0.0027269
0.0039956
0.015593
0.030855
0.047175
0.060039
0.068387
0.0716
0.068263
0.059702
0.048724
0.036965
0.025998
0.017392
0.010722
0.005052
0.00081574
-0.00032771
0.0024897
0.0083542
0.01554
0.023585
0.03153
0.037248
0.040292
0.039202
0.034919
0.030282
0.025811
0.022419
0.022444
0.026788
0.03258
0.038579
0.044236
0.047272
0.043989
0.032384
0.012995
-0.012273
-0.034931
-0.049464
-0.053901
-0.052042
-0.046798
-0.038476
-0.02888
-0.018779
-0.0093323
-0.00063142
0.0073255
0.014633
0.021546
0.027938
0.033962
0.03917
0.04361
0.047949
0.051863
0.054007
0.05329
0.050864
0.048413
0.046043
0.043505
0.041172
0.039111
0.037806
0.038427
0.040853
0.044641
0.050367
0.057929
0.064866
0.067894
0.063729
0.053884
0.042555
0.032901
0.026537
0.023665
0.024032
0.027827
0.033091
0.037165
0.039129
0.037561
0.032601
0.026468
0.01963
0.012869
0.0067044
0.0014711
-0.0016713
-0.00081763
0.0038935
0.011316
0.021356
0.033848
0.047684
0.059711
0.067147
0.067846
0.061196
0.049071
0.034174
0.016361
-0.0027072
-0.021446
-0.03703
-0.047533
-0.051444
-0.05116
-0.04548
-0.034031
-0.018599
-0.0022297
0.012902
0.027484
0.042032
0.056714
0.071085
0.084371
0.094959
0.10215
0.1043
0.10148
0.095176
0.086729
0.076834
0.066236
0.055752
0.047527
0.042137
0.039874
0.041567
0.046046
0.049827
0.050446
0.046892
0.039721
0.029679
0.01586
0.00028998
-0.013598
-0.022564
-0.024378
-0.019052
-0.0083519
0.0054602
0.020625
0.03596
0.049802
0.061047
0.068213
0.067873
0.058241
0.03927
0.014091
-0.011244
-0.033072
-0.046885
-0.052981
-0.053197
-0.048807
-0.041678
-0.033752
-0.025833
-0.020048
-0.017291
-0.019319
-0.025581
-0.033939
-0.042647
-0.050826
-0.056993
-0.060559
-0.059525
-0.053286
-0.043236
-0.029234
-0.012222
0.0029474
0.013339
0.019404
0.020492
0.016414
0.0091747
0.003861
0.0038491
0.010413
0.021497
0.034317
0.048091
0.059131
0.065623
0.066864
0.062165
0.051988
0.03766
0.02149
0.006118
-0.0067191
-0.016307
-0.022933
-0.028114
-0.03056
-0.029542
-0.025156
-0.016511
-0.00083999
0.020961
0.04492
0.068428
0.084876
0.093529
0.095513
0.092911
0.086649
0.077794
0.066861
0.053271
0.038149
0.021819
0.0052902
-0.0092105
-0.022167
-0.033512
-0.042899
-0.048721
-0.049491
-0.044567
-0.034871
-0.021163
-0.0044291
0.011446
0.026124
0.04209
0.059768
0.077039
0.091339
0.10111
0.10471
0.09941
0.08537
0.064513
0.039779
0.01545
-0.0079171
-0.026449
-0.036571
-0.034639
-0.021419
-0.0012203
0.023041
0.04942
0.075161
0.095414
0.11046
0.11689
0.11679
0.11196
0.10479
0.097036
0.087942
0.077774
0.066224
0.053085
0.038791
0.022459
0.0050735
-0.012945
-0.030552
-0.046369
-0.059314
-0.069031
-0.073918
-0.073632
-0.067608
-0.054859
-0.031907
0.0012218
0.037
0.068718
0.091711
0.10193
0.099776
0.086032
0.064167
0.03922
0.018167
0.0035264
-0.0036082
-0.0073427
-0.010615
-0.014043
-0.018553
-0.025065
-0.035001
-0.050557
-0.072558
-0.099698
-0.12537
-0.14489
-0.1528
-0.14903
-0.13443
-0.11395
-0.090076
-0.062844
-0.035307
-0.013924
-0.001786
0.0022581
-0.0047698
-0.024514
-0.056142
-0.094417
-0.12621
-0.15431
-0.17885
-0.19486
-0.20431
-0.20926
-0.21132
-0.20993
-0.20688
-0.20329
-0.19965
-0.19615
-0.19356
-0.19009
-0.18567
-0.18068
-0.17777
-0.17878
-0.18352
-0.19028
-0.19785
-0.20755
-0.21778
-0.2254
-0.23041
-0.23369
-0.23708
-0.24109
-0.24523
-0.24991
-0.25621
-0.26432
-0.27387
-0.28271
-0.28834
-0.28888
-0.28325
-0.27354
-0.2621
-0.24919
-0.23968
-0.23519
-0.23747
-0.24503
-0.25905
-0.28188
-0.31618
-0.35741
-0.39394
-0.41692
-0.428
-0.4268
-0.41615
-0.39985
-0.37911
-0.35565
-0.33257
-0.31121
-0.29396
-0.28391
-0.28111
-0.28592
-0.29854
-0.3199
-0.34999
-0.38258
-0.41305
-0.43622
-0.44963
-0.45237
-0.44113
-0.41662
-0.37883
-0.33419
-0.29092
-0.24815
-0.20391
-0.15818
-0.1127
-0.071553
-0.038905
-0.014124
0.011115
0.036579
0.062809
0.087638
0.11054
0.1326
0.15461
0.1754
0.19435
0.21286
0.23143
0.24863
0.26318
0.27272
0.27522
0.26915
0.25549
0.2347
0.20903
0.17983
0.14647
0.10829
0.067805
0.027078
-0.011668
-0.045035
-0.074007
-0.09517
-0.11082
-0.12074
-0.12317
-0.11665
-0.10356
-0.087758
-0.068818
-0.049978
-0.03157
-0.01455
0.0023506
0.016658
0.028355
0.037708
0.042853
0.042673
0.038075
0.030139
0.020217
0.010387
-0.00027629
-0.012229
-0.026607
-0.042915
-0.058933
-0.073051
-0.083781
-0.091323
-0.09414
-0.091415
-0.084302
-0.075283
-0.067149
-0.05887
-0.050039
-0.039052
-0.025099
-0.0061197
0.016819
0.041339
0.064203
0.084709
0.10307
0.11818
0.13157
0.14333
0.15559
0.1661
0.17387
0.17844
0.17897
0.17689
0.17454
0.17243
0.17022
0.16813
0.16634
0.16475
0.16246
0.15846
0.15134
0.13942
0.12179
0.099492
0.077191
0.057182
0.037959
0.018893
-0.0022632
-0.026272
-0.051331
-0.077871
-0.10535
-0.13358
-0.16316
-0.19239
-0.22007
-0.24754
-0.27256
-0.28675
-0.29451
-0.29823
-0.29428
-0.27634
-0.24085
-0.19261
-0.14389
-0.096266
-0.048371
-0.0027104
0.035604
0.062339
0.080468
0.094049
0.10423
0.11072
0.11175
0.10778
0.099385
0.087391
0.072841
0.057797
0.045909
0.03761
0.032776
0.033034
0.041104
0.057035
0.081428
0.11312
0.14962
0.18489
0.21941
0.25185
0.28031
0.30503
0.32355
0.33503
0.33659
0.32646
0.30449
0.27033
0.22657
0.18207
0.14421
0.11807
0.10191
0.094882
0.095117
0.10029
0.10715
0.11289
0.11687
0.11754
0.11547
0.11139
0.10602
0.1008
0.09526
0.088971
0.082381
0.075428
0.068192
0.06105
0.054648
0.04971
0.048516
0.053083
0.061791
0.073165
0.086847
0.1005
0.11219
0.12074
0.12548
0.12627
0.12287
0.11688
0.11033
0.10368
0.096234
0.088285
0.08083
0.074701
0.070714
0.068721
0.068284
0.06961
0.074159
0.084102
0.101
0.12286
0.14787
0.17297
0.19724
0.22076
0.24294
0.26237
0.27635
0.28322
0.27911
0.2614
0.22701
0.17609
0.12368
0.083935
0.056692
0.044836
0.042948
0.046444
0.057636
0.07695
0.10293
0.13088
0.15707
0.17826
0.19241
0.19873
0.19648
0.18514
0.16276
0.12832
0.086747
0.046673
0.014219
-0.0084955
-0.020654
-0.02477
-0.026279
-0.026112
-0.022894
-0.015164
-0.0028913
0.013312
0.03231
0.054263
0.077173
0.10122
0.1259
0.15087
0.17405
0.1944
0.20958
0.21764
0.21784
0.21188
0.19994
0.18391
0.16822
0.15557
0.14693
0.14046
0.13484
0.12958
0.12621
0.12628
0.12908
0.13321
0.13631
0.1359
0.13184
0.12683
0.12195
0.11656
0.10948
0.10042
0.089096
0.074624
0.057639
0.038448
0.018134
-0.0018645
-0.020029
-0.03388
-0.043179
-0.048964
-0.052318
-0.055355
-0.059417
-0.065321
-0.07288
-0.08135
-0.0898
-0.097608
-0.10467
-0.11123
-0.11637
-0.11829
-0.11575
-0.10978
-0.10292
-0.095979
-0.088348
-0.08115
-0.074943
-0.06886
-0.062379
-0.055402
-0.047927
-0.040867
-0.034178
-0.028153
-0.022629
-0.0171
-0.011248
-0.0061639
-0.0039283
-0.0055532
-0.010476
-0.015678
-0.017697
-0.014744
-0.0069138
0.0032696
0.013883
0.025676
0.038537
0.051445
0.064904
0.079741
0.095381
0.11059
0.12398
0.13512
0.14438
0.15243
0.161
0.17021
0.18017
0.18981
0.19837
0.20463
0.20796
0.2078
0.20455
0.19932
0.19249
0.183
0.16923
0.15177
0.13072
0.1081
0.086127
0.066827
0.050872
0.0383
0.029233
0.023211
0.020094
0.01867
0.018926
0.02073
0.024137
0.029571
0.036807
0.04484
0.051962
0.055995
0.055878
0.050869
0.043001
0.032844
0.019931
0.0039092
-0.015515
-0.038477
-0.062528
-0.083404
-0.1009
-0.11557
-0.12877
-0.14146
-0.15392
-0.16429
-0.17146
-0.17451
-0.17369
-0.17007
-0.16685
-0.16635
-0.16858
-0.17332
-0.18135
-0.19386
-0.21097
-0.2292
-0.24304
-0.24809
-0.24143
-0.22232
-0.19421
-0.16021
-0.124
-0.087489
-0.056244
-0.026951
-0.0013672
0.023589
0.046216
0.064726
0.079711
0.09008
0.095858
0.095905
0.090953
0.08212
0.070156
0.053756
0.035126
0.015933
-0.0050205
-0.025069
-0.042805
-0.058406
-0.068947
-0.075374
-0.076756
-0.072229
-0.063828
-0.052509
-0.037506
-0.018805
0.0012532
0.023595
0.047518
0.071541
0.093605
0.11292
0.12855
0.13953
0.14395
0.14072
0.13107
0.11607
0.097634
0.076056
0.053876
0.031881
0.011545
-0.0077958
-0.028388
-0.049969
-0.073634
-0.098656
-0.12534
-0.15509
-0.18574
-0.21255
-0.23173
-0.24339
-0.24826
-0.24986
-0.24775
-0.2406
-0.229
-0.2168
-0.20459
-0.19194
-0.17966
-0.16623
-0.15116
-0.1344
-0.11724
-0.097481
-0.074675
-0.049591
-0.022573
0.0047606
0.031031
0.054664
0.075652
0.093581
0.10866
0.11892
0.12517
0.12809
0.12992
0.13144
0.13329
0.13636
0.14173
0.14964
0.15883
0.167
0.17264
0.17511
0.17519
0.17196
0.16298
0.14603
0.1214
0.089228
0.054843
0.02096
-0.0099722
-0.038789
-0.064702
-0.087246
-0.10785
-0.12806
-0.14914
-0.17026
-0.19104
-0.21179
-0.22881
-0.24415
-0.26294
-0.28425
-0.3068
-0.32433
-0.33372
-0.33133
-0.31924
-0.30179
-0.28005
-0.25444
-0.23083
-0.20817
-0.18371
-0.16332
-0.14692
-0.136
-0.12936
-0.128
-0.13166
-0.13717
-0.14314
-0.14992
-0.15793
-0.16675
-0.17608
-0.18499
-0.19402
-0.20441
-0.2163
-0.22915
-0.24188
-0.25345
-0.26165
-0.2668
-0.26979
-0.26999
-0.26583
-0.25663
-0.24149
-0.2224
-0.1996
-0.17432
-0.14935
-0.1249
-0.10301
-0.084992
-0.069836
-0.057212
-0.044797
-0.03283
-0.02105
-0.010731
-0.0014855
0.007842
0.016862
0.024509
0.02961
0.032306
0.032636
0.02957
0.022555
0.012391
0.00098195
-0.011304
-0.022004
-0.031006
-0.040076
-0.049133
-0.05794
-0.065154
-0.068351
-0.066405
-0.062286
-0.060592
-0.062913
-0.068177
-0.075981
-0.087033
-0.1017
-0.12068
-0.14302
-0.16799
-0.19114
-0.20973
-0.2218
-0.22765
-0.2325
-0.23602
-0.23652
-0.23473
-0.23191
-0.23005
-0.22976
-0.22852
-0.22298
-0.21235
-0.19808
-0.17861
-0.15536
-0.12979
-0.1034
-0.076751
-0.049498
-0.022312
0.0066543
0.035855
0.064974
0.094308
0.12346
0.15254
0.18233
0.21229
0.24168
0.26968
0.29519
0.31795
0.33903
0.35768
0.37349
0.3857
0.39612
0.40422
0.40958
0.41191
0.41308
0.41431
0.41589
0.41811
0.42062
0.42247
0.4218
0.41696
0.40689
0.39165
0.37027
0.34166
0.30847
0.26988
0.22888
0.18959
0.15492
0.12718
0.10505
0.085478
0.067681
0.051088
0.033588
0.015123
-0.0039645
-0.024219
-0.044654
-0.065361
-0.086203
-0.10569
-0.12437
-0.14164
-0.15729
-0.17201
-0.18487
-0.19613
-0.20679
-0.21587
-0.22277
-0.22804
-0.23177
-0.23393
-0.23517
-0.23521
-0.23221
-0.2247
-0.21089
-0.18861
-0.15563
-0.1164
-0.07046
-0.017568
0.042481
0.10521
0.16357
0.21374
0.26299
0.31172
0.34665
0.35793
0.35833
0.34977
0.33491
0.31552
0.29184
0.26323
0.23595
0.21881
0.21474
0.22494
0.24285
0.26064
0.27009
0.2662
0.24485
0.20755
0.15322
0.085371
0.014565
-0.049189
-0.10357
-0.15289
-0.19259
-0.22074
-0.24077
-0.25779
-0.27072
-0.28031
-0.28489
-0.2845
-0.27975
-0.2718
-0.26192
-0.24974
-0.23824
-0.22769
-0.2166
-0.20605
-0.19787
-0.19136
-0.18474
-0.17742
-0.17097
-0.16661
-0.16457
-0.16541
-0.16931
-0.17484
-0.1799
-0.18488
-0.18903
-0.19032
-0.18819
-0.18284
-0.17483
-0.16236
-0.14321
-0.11776
-0.089356
-0.058836
-0.027399
0.0061236
0.03985
0.071809
0.1013
0.12968
0.1581
0.18608
0.21301
0.23688
0.25991
0.28142
0.30463
0.32728
0.35244
0.37822
0.40511
0.43098
0.45894
0.48557
0.5108
0.53268
0.54999
0.56249
0.57022
0.57121
0.56618
0.55628
0.54201
0.52359
0.49978
0.47326
0.44602
0.41464
0.37985
0.34548
0.3154
0.28976
0.26587
0.24236
0.22061
0.20052
0.18173
0.16383
0.1451
0.1255
0.10581
0.086415
0.067465
0.048613
0.029884
0.011922
-0.0052285
-0.02088
-0.03562
-0.050092
-0.063675
-0.076299
-0.088592
-0.0995
-0.10872
-0.11553
-0.12032
-0.12335
-0.12474
-0.12376
-0.11928
-0.11024
-0.097207
-0.082395
-0.067344
-0.052454
-0.038028
-0.024046
-0.010177
0.0043646
0.018189
0.031461
0.04313
0.052852
0.060381
0.065165
0.06738
0.066315
0.060567
0.049463
0.033788
0.014594
-0.0039367
-0.02006
-0.034262
-0.046013
-0.056464
-0.0657
-0.073899
-0.081481
-0.087851
-0.093261
-0.098606
-0.10537
-0.11476
-0.12722
-0.14023
-0.15015
-0.15326
-0.14886
-0.13951
-0.12769
-0.11392
-0.098773
-0.084241
-0.070429
-0.058174
-0.047927
-0.043055
-0.043874
-0.048652
-0.056212
-0.06611
-0.07905
-0.092907
-0.10602
-0.1172
-0.12694
-0.13467
-0.14081
-0.1461
-0.15065
-0.15432
-0.15687
-0.15853
-0.15898
-0.15705
-0.15241
-0.14549
-0.1368
-0.12626
-0.11415
-0.10098
-0.087632
-0.075036
-0.062576
-0.049124
-0.03323
-0.015348
0.0049913
0.026472
0.048814
0.071251
0.093108
0.11389
0.13425
0.15285
0.16861
0.18107
0.18955
0.19476
0.19748
0.1985
0.19782
0.19571
0.19259
0.18871
0.18508
0.18249
0.18083
0.17979
0.1791
0.1781
0.17616
0.17196
0.16379
0.15044
0.13272
0.11165
0.089122
0.065301
0.041925
0.018946
-0.0056535
-0.03228
-0.05865
-0.084719
-0.111
-0.13431
-0.15398
-0.17168
-0.18588
-0.1973
-0.20621
-0.2131
-0.21857
-0.22262
-0.22589
-0.22785
-0.22886
-0.22939
-0.22951
-0.22928
-0.22842
-0.22657
-0.22359
-0.21946
-0.21458
-0.20782
-0.1981
-0.18571
-0.17059
-0.15202
-0.13117
-0.10752
-0.081576
-0.054533
-0.029018
-0.0060135
0.014466
0.033251
0.049457
0.062608
0.073202
0.080961
0.085704
0.08654
0.084317
0.080485
0.07634
0.072161
0.068052
0.06428
0.060713
0.057805
0.056877
0.058499
0.061292
0.063129
0.062756
0.060189
0.055498
0.047868
0.036355
0.022005
0.0038521
-0.016308
-0.037101
-0.059079
-0.0815
-0.10437
-0.12764
-0.15036
-0.17077
-0.18871
-0.2048
-0.21817
-0.22998
-0.23803
-0.24224
-0.24241
-0.23677
-0.22385
-0.20262
-0.1766
-0.14951
-0.12305
-0.097656
-0.073651
-0.05068
-0.027604
-0.0053882
0.013775
0.028607
0.039301
0.04609
0.048797
0.04814
0.044386
0.037835
0.02919
0.020611
0.014124
0.010815
0.0098178
0.010008
0.010945
0.012385
0.013942
0.014833
0.014463
0.012756
0.0094912
0.0049017
-0.0007914
-0.0071577
-0.013888
-0.020348
-0.026345
-0.031327
-0.035109
-0.037786
-0.039071
-0.038149
-0.033658
-0.02444
-0.010122
0.0065342
0.022511
0.037983
0.053571
0.069721
0.086615
0.10389
0.12004
0.1324
0.13842
0.1389
0.1343
0.12399
0.10889
0.093076
0.077892
0.062702
0.047245
0.031518
0.015595
-0.00052621
-0.016887
-0.033323
-0.049224
-0.063471
-0.075189
-0.085388
-0.096685
-0.10874
-0.12069
-0.13245
-0.14404
-0.15551
-0.16697
-0.17854
-0.19039
-0.2025
-0.21446
-0.22517
-0.23323
-0.23826
-0.2418
-0.24417
-0.24502
-0.2437
-0.23985
-0.23333
-0.22235
-0.2059
-0.18554
-0.16278
-0.14089
-0.11807
-0.093652
-0.06922
-0.044936
-0.020629
0.0041274
0.029704
0.055807
0.080575
0.10044
0.11205
0.11727
0.12148
0.12504
0.12773
0.12933
0.1297
0.12912
0.12792
0.12656
0.12506
0.12324
0.12081
0.11785
0.11472
0.11179
0.10886
0.10522
0.10013
0.092929
0.083482
0.072727
0.060682
0.048475
0.036221
0.023637
0.011122
-0.00015748
-0.0085364
-0.013409
-0.015803
-0.015646
-0.012409
-0.0062492
0.0026422
0.013801
0.025668
0.03748
0.049595
0.061823
0.073045
0.081439
0.085839
0.086754
0.085192
0.081536
0.075461
0.067052
0.056726
0.045413
0.03393
0.022273
0.010422
-0.0010629
-0.010932
-0.018017
-0.022704
-0.025861
-0.027491
-0.027842
-0.02718
-0.025308
-0.022163
-0.018469
-0.014866
-0.011869
-0.0092152
-0.0069879
-0.0052469
-0.0039807
-0.0032009
-0.0027984
-0.0022845
-0.0018985
-0.0012456
-0.00023919
0.0013315
0.0040056
0.0082814
0.014365
0.022109
0.031157
0.041304
0.051609
0.06144
0.070784
0.079792
0.088445
0.095808
0.1019
0.10683
0.11056
0.11325
0.11487
0.11517
0.11391
0.11108
0.106
0.097927
0.086661
0.073553
0.060419
0.047608
0.034647
0.02121
0.0073611
-0.0061798
-0.017972
-0.026485
-0.031901
-0.036315
-0.040504
-0.043676
-0.045547
-0.046224
-0.046236
-0.04589
-0.045064
-0.04381
-0.042064
-0.039477
-0.03574
-0.030468
-0.023601
-0.015525
-0.0068262
0.0018786
0.010645
0.019994
0.029905
0.039904
0.049526
0.058061
0.064722
0.069417
0.072148
0.07256
0.070638
0.065911
0.058338
0.048044
0.03563
0.022936
0.010398
-0.0016457
-0.012053
-0.019719
-0.024973
-0.027816
-0.028751
-0.028058
-0.025456
-0.020918
-0.015379
-0.009229
-0.0026009
0.0043868
0.011822
0.019123
0.025958
0.031877
0.036759
0.04016
0.04173
0.041324
0.038986
0.034459
0.027621
0.018353
0.0068701
-0.0051381
-0.016818
-0.02853
-0.040577
-0.052965
-0.065204
-0.076198
-0.084645
-0.09039
-0.094349
-0.096186
-0.095907
-0.093705
-0.089447
-0.082054
-0.070571
-0.055456
-0.036576
-0.015195
0.006039
0.026194
0.045442
0.062388
0.078121
0.093943
0.10928
0.12231
0.13359
0.14145
0.14567
0.14797
0.14831
0.14651
0.14263
0.13657
0.12833
0.11872
0.10831
0.098161
0.088128
0.07677
0.063736
0.049023
0.034418
0.020178
0.0058396
-0.008831
-0.023879
-0.038602
-0.051523
-0.060821
-0.066262
-0.068582
-0.067821
-0.063244
-0.054527
-0.043044
-0.03113
-0.0193
-0.0071461
0.0054364
0.017718
0.028094
0.034885
0.038469
0.04034
0.040869
0.040105
0.038632
0.036693
0.033937
0.030079
0.025002
0.019264
0.013699
0.0075333
0.0011007
-0.0046673
-0.0092342
-0.012898
-0.016732
-0.021517
-0.028235
-0.037024
-0.047353
-0.057264
-0.064562
-0.069368
-0.072966
-0.076019
-0.07884
-0.081541
-0.08401
-0.086513
-0.089079
-0.09134
-0.093053
-0.09401
-0.093511
-0.09135
-0.087796
-0.082872
-0.076989
-0.070029
-0.061733
-0.05228
-0.042459
-0.032926
-0.023329
-0.013552
-0.0036559
0.0060574
0.015018
0.022567
0.028751
0.034456
0.039335
0.042858
0.044909
0.045328
0.044466
0.042119
0.038462
0.033519
0.027463
0.020956
0.015028
0.010276
0.006607
0.0035914
0.0015174
0.00042849
5.2578e-05
0.00031423
0.0009244
0.0015698
0.0018614
0.0020505
0.0028332
0.0040806
0.005404
0.0066373
0.0076274
0.0082537
0.0084035
0.0081026
0.0073283
0.0060462
0.0044651
0.0026489
0.00053738
-0.0017549
-0.0040582
-0.0064373
-0.0086951
-0.010672
-0.012577
-0.014324
-0.015658
-0.016571
-0.017209
-0.017603
-0.018114
-0.01901
-0.020231
-0.021735
-0.023414
-0.025191
-0.026699
-0.027893
-0.029012
-0.030394
-0.032103
-0.033823
-0.035341
-0.036385
-0.036732
-0.036078
-0.033934
-0.030034
-0.024416
-0.017452
-0.010055
-0.0025517
0.0053417
0.012891
0.019562
0.024904
0.02906
0.03209
0.03401
0.034628
0.03372
0.030797
0.02561
0.018154
0.0096671
0.001492
-0.0061996
-0.013277
-0.019195
-0.023937
-0.027237
-0.029094
-0.029264
-0.027946
-0.025635
-0.022328
-0.018114
-0.013701
-0.0094855
-0.0054322
-0.0017504
0.0009635
0.0027479
0.0040154
0.0050681
0.0057736
0.0059281
0.0050744
0.0033347
0.0007566
-0.0029004
-0.0073823
-0.01249
-0.018003
-0.023249
-0.027718
-0.031056
-0.033178
-0.034363
-0.035071
-0.035289
-0.034962
-0.034145
-0.032937
-0.031642
-0.030161
-0.028403
-0.026678
-0.025385
-0.024755
-0.02504
-0.026351
-0.028542
-0.031828
-0.036312
-0.041914
-0.048419
-0.055721
-0.063615
-0.07175
-0.078753
-0.084425
-0.088849
-0.092137
-0.093782
-0.093787
-0.092184
-0.088997
-0.084051
-0.07737
-0.069504
-0.061189
-0.052226
-0.043404
-0.03545
-0.027634
-0.018819
-0.0096316
-0.00050536
0.0079551
0.014997
0.021169
0.026296
0.030416
0.03376
0.036607
0.038946
0.040855
0.042174
0.043135
0.043722
0.0439
0.043878
0.043534
0.0426
0.041144
0.039228
0.036885
0.033998
0.030156
0.024589
0.016746
0.0063419
-0.0053692
-0.016385
-0.027275
-0.038341
-0.049222
-0.059252
-0.067705
-0.073699
-0.077908
-0.080812
-0.082213
-0.081531
-0.077991
-0.071153
-0.06109
-0.049385
-0.038003
-0.026935
-0.015649
-0.0039458
0.0080736
0.019758
0.029979
0.037642
0.043106
0.047634
0.051298
0.053554
0.054331
0.053427
0.050905
0.04682
0.041623
0.036047
0.031232
0.027202
0.02366
0.020551
0.017724
0.015279
0.013265
0.011815
0.010974
0.010759
0.011403
0.012733
0.014608
0.017076
0.02052
0.02528
0.031166
0.037815
0.045145
0.053042
0.061944
0.071248
0.080354
0.089269
0.09745
0.10408
0.1092
0.11312
0.11604
0.1177
0.11814
0.11765
0.11615
0.11357
0.10981
0.1051
0.099495
0.093672
0.088402
0.083804
0.080126
0.07713
0.074321
0.071669
0.069262
0.06715
0.065244
0.063609
0.062398
0.061481
0.060748
0.060092
0.059428
0.05866
0.057989
0.057325
0.056553
0.055659
0.054607
0.053497
0.05229
0.051018
0.049766
0.048381
0.046474
0.043644
0.039924
0.035949
0.032239
0.028515
0.024444
0.019833
0.014736
0.0096833
0.0047033
-0.00022781
-0.005331
-0.010705
-0.016151
-0.021962
-0.027944
-0.033524
-0.03877
-0.044048
-0.049187
-0.053542
-0.056808
-0.059052
-0.060356
-0.060874
-0.06084
-0.060299
-0.058944
-0.057028
-0.054853
-0.052483
-0.049933
-0.047151
-0.04435
-0.041669
-0.039272
-0.037359
-0.035453
-0.033444
-0.031561
-0.029889
-0.028264
-0.026573
-0.024637
-0.022245
-0.019497
-0.016954
-0.014984
-0.013831
-0.01346
-0.013753
-0.014678
-0.01618
-0.018019
-0.020217
-0.022578
-0.024985
-0.027428
-0.029686
-0.031521
-0.032969
-0.033864
-0.033978
-0.033332
-0.031962
-0.029969
-0.027363
-0.02421
-0.020823
-0.017672
-0.014896
-0.012664
-0.011185
-0.01014
-0.0089478
-0.007693
-0.0063268
-0.0048303
-0.0032964
-0.0018662
-0.00065477
0.00065237
0.0021419
0.0037557
0.0053887
0.0068086
0.0077959
0.0082403
0.0081598
0.0078113
0.0072924
0.0063311
0.0051136
0.0037317
0.0022163
0.00036712
-0.001725
-0.0037957
-0.0062419
-0.0092228
-0.012773
-0.016673
-0.020377
-0.023711
-0.026443
-0.028712
-0.030472
-0.031521
-0.031693
-0.030911
-0.02938
-0.027282
-0.024461
-0.020809
-0.016458
-0.011718
-0.0068015
-0.0020668
0.0024279
0.0065012
0.010195
0.013787
0.017463
0.020944
0.024227
0.027344
0.030165
0.032572
0.034465
0.036196
0.037444
0.038287
0.038878
0.039069
0.038462
0.037354
0.035925
0.034088
0.031943
0.029396
0.026479
0.023559
0.020575
0.017886
0.015802
0.014254
0.01319
0.012585
0.012309
0.01239
0.013098
0.014502
0.016629
0.019288
0.022187
0.02537
0.028689
0.032033
0.035468
0.038951
0.042249
0.045381
0.048208
0.050794
0.052868
0.054332
0.055321
0.055801
0.055594
0.054508
0.0523
0.048992
0.044346
0.038437
0.032019
0.026276
0.020731
0.015186
0.0096953
0.004757
0.00069368
-0.0024597
-0.0049591
-0.0067542
-0.007644
-0.0080635
-0.0082549
-0.0082713
-0.0078059
-0.0070808
-0.0062198
-0.0054412
-0.0048078
-0.0044396
-0.0041111
-0.0039258
-0.0034993
-0.0028566
-0.0026521
-0.0033761
-0.0050976
-0.0075812
-0.010659
-0.014466
-0.018984
-0.02399
-0.029377
-0.034958
-0.040296
-0.045271
-0.049514
-0.052649
-0.054884
-0.056375
-0.05711
-0.057227
-0.056697
-0.055781
-0.054864
-0.054275
-0.053962
-0.053746
-0.053417
-0.052579
-0.051389
-0.049858
-0.047656
-0.044745
-0.040875
-0.036011
-0.03046
-0.024304
-0.01782
-0.011335
-0.005334
-0.00026909
0.0035583
0.0059417
0.0068495
0.0064135
0.0044295
0.0010523
-0.0034256
-0.0080576
-0.011892
-0.015103
-0.018184
-0.021276
-0.024538
-0.027911
-0.031429
-0.034918
-0.03832
-0.041607
-0.044656
-0.04737
-0.049433
-0.05083
-0.051258
-0.050528
-0.04887
-0.04666
-0.043975
-0.041357
-0.039063
-0.037186
-0.036033
-0.035336
-0.035122
-0.035324
-0.03569
-0.036488
-0.037621
-0.038844
-0.039817
-0.040364
-0.040644
-0.041123
-0.042028
-0.043103
-0.044077
-0.044773
-0.045418
-0.046035
-0.046681
-0.047215
-0.04762
-0.047699
-0.047463
-0.046938
-0.046124
-0.045066
-0.043976
-0.042851
-0.041869
-0.040711
-0.039061
-0.03742
-0.035921
-0.034591
-0.033136
-0.031031
-0.027842
-0.023622
-0.018737
-0.013291
-0.0074464
-0.00111
0.0060398
0.013826
0.021488
0.028132
0.034048
0.038843
0.042275
0.044326
0.044927
0.043833
0.040693
0.035665
0.029111
0.021925
0.015298
0.010298
0.0067747
0.0043711
0.0029615
0.0027746
0.0041858
0.0072154
0.011967
0.018244
0.025643
0.033631
0.042043
0.050146
0.057947
0.064633
0.069605
0.073089
0.075369
0.076524
0.076397
0.0749
0.072287
0.068619
0.063911
0.058478
0.052357
0.045891
0.039947
0.034852
0.030556
0.026891
0.023825
0.021636
0.020157
0.019277
0.019222
0.02004
0.021357
0.022898
0.024368
0.025616
0.026422
0.026692
0.02626
0.025072
0.02301
0.020043
0.016369
0.012167
0.0076102
0.0028719
-0.0011962
-0.0045581
-0.0075769
-0.010387
-0.013155
-0.015484
-0.017346
-0.019032
-0.020273
-0.02103
-0.021445
-0.021328
-0.020531
-0.019175
-0.017361
-0.015317
-0.01305
-0.010919
-0.0092043
-0.0080544
-0.0075964
-0.0079807
-0.0091454
-0.01079
-0.013102
-0.016321
-0.020072
-0.023463
-0.025666
-0.026581
-0.026449
-0.025249
-0.022665
-0.018419
-0.012577
-0.0059838
0.0012795
0.0088886
0.017047
0.025124
0.031886
0.037033
0.041279
0.04422
0.045826
0.046256
0.045524
0.043892
0.041558
0.038766
0.03572
0.032779
0.030258
0.028427
0.026973
0.02592
0.025226
0.02498
0.025077
0.025242
0.025271
0.024763
0.023688
0.021899
0.019621
0.01693
0.013251
0.0081594
0.0023919
-0.003583
-0.0094733
-0.015481
-0.022034
-0.028959
-0.035785
-0.041429
-0.045489
-0.048304
-0.049957
-0.050667
-0.050484
-0.049511
-0.04798
-0.045947
-0.043179
-0.039742
-0.035646
-0.031134
-0.026282
-0.021167
-0.015741
-0.0098929
-0.0032689
0.0036305
0.010319
0.016404
0.021524
0.025303
0.02786
0.029628
0.031023
0.032145
0.032938
0.033349
0.033696
0.034404
0.03528
0.036568
0.037868
0.03881
0.039299
0.039402
0.038897
0.037844
0.03624
0.03425
0.032096
0.029619
0.026871
0.023889
0.020495
0.016866
0.01336
0.0099711
0.0063292
0.0020806
-0.0026966
-0.0074185
-0.011371
-0.014181
-0.015888
-0.016814
-0.017189
-0.016783
-0.015696
-0.014071
-0.012008
-0.0097922
-0.0077853
-0.0063289
-0.0053305
-0.0047422
-0.0045357
-0.0046083
-0.0051042
-0.006251
-0.0077219
-0.009211
-0.010521
-0.011325
-0.01171
-0.01158
-0.011063
-0.010352
-0.0094637
-0.0086582
-0.0079279
-0.0071912
-0.0063166
-0.0052785
-0.0041619
-0.0031503
-0.0023097
-0.0016018
-0.00098691
-0.00042289
0.00018274
0.00096082
0.0016804
0.0019905
0.0018886
0.001668
0.0011949
4.3735e-05
-0.0020401
-0.0047514
-0.0076572
-0.010026
-0.011841
-0.013096
-0.013603
-0.013493
-0.013004
-0.012122
-0.010533
-0.0084385
-0.00597
-0.0030689
2.2985e-05
0.0028863
0.0054263
0.007576
0.0090926
0.0099943
0.010498
0.010539
0.010134
0.0091278
0.0076819
0.0061124
0.0048273
0.0038877
0.0031471
0.0024328
0.0015566
0.00061723
-0.00040075
-0.0015625
-0.0028439
-0.0043116
-0.0061
-0.0081393
-0.010189
-0.012134
-0.013981
-0.015563
-0.01705
-0.018598
-0.020214
-0.021736
-0.022825
-0.023776
-0.02451
-0.024882
-0.024639
-0.023953
-0.023196
-0.022298
-0.020839
-0.018708
-0.016207
-0.013555
-0.010872
-0.0086556
-0.006691
-0.0049551
-0.0036725
-0.0027229
-0.0020706
-0.0016911
-0.0015273
-0.0012665
-0.00043824
0.00085213
0.0021403
0.0029624
0.003114
0.0030413
0.0029233
0.0024098
0.0012567
-0.00030282
-0.0022745
-0.0046922
-0.0072022
-0.0094749
-0.011543
-0.013719
-0.016253
-0.018636
-0.020769
-0.023045
-0.025929
-0.029556
-0.033615
-0.038063
-0.042474
-0.046816
-0.050813
-0.054144
-0.056521
-0.057689
-0.057872
-0.057391
-0.056336
-0.054867
-0.052766
-0.050068
-0.046782
-0.043136
-0.039145
-0.034779
-0.030073
-0.025465
-0.021412
-0.017746
-0.014345
-0.010952
-0.0077272
-0.0050315
-0.0030622
-0.0017634
-0.00091915
-0.00047094
-0.00015355
0.00049513
0.0013022
0.0022661
0.0035427
0.0052567
0.0075062
0.010261
0.013344
0.016019
0.018364
0.020517
0.022397
0.024118
0.025395
0.02625
0.026724
0.026625
0.026018
0.024922
0.023542
0.021758
0.01953
0.017021
0.014411
0.011528
0.0084266
0.0053621
0.0029182
0.0010534
-0.00028631
-0.0012047
-0.0019677
-0.0023919
-0.0022551
-0.0016866
-0.00070602
0.00029163
0.0012061
0.0019909
0.0024262
0.0026868
0.0024039
0.001616
0.00069115
-0.00035313
-0.001526
-0.0028211
-0.0040337
-0.0049947
-0.0058425
-0.0067624
-0.0076345
-0.0082235
-0.0085807
-0.0085467
-0.0079054
-0.0070804
-0.006186
-0.0052472
-0.0042587
-0.0029287
-0.0013655
0.00012389
0.0016604
0.0033794
0.0051325
0.0068734
0.0085747
0.010392
0.012494
0.014894
0.017533
0.020299
0.023166
0.026371
0.030137
0.034068
0.037813
0.041349
0.044368
0.046528
0.04795
0.048788
0.048917
0.04831
0.047191
0.045849
0.044189
0.042087
0.039705
0.03721
0.034692
0.03196
0.028795
0.025226
0.021376
0.017521
0.014023
0.011064
0.0083697
0.0062219
0.004619
0.0034109
0.0025635
0.002124
0.0022829
0.0028868
0.0037632
0.0047669
0.0059552
0.007136
0.0083922
0.009853
0.011444
0.013003
0.014533
0.015947
0.017131
0.018011
0.018392
0.018186
0.017392
0.015862
0.013904
0.011761
0.0095286
0.0073878
0.0056658
0.0045167
0.0039471
0.0035247
0.0032887
0.0031769
0.0032539
0.0036312
0.0045266
0.0058193
0.0074065
0.0093731
0.011686
0.014277
0.016881
0.019564
0.02239
0.025627
0.029501
0.03336
0.036742
0.039661
0.041705
0.042567
0.042062
0.040658
0.038443
0.035676
0.032664
0.029732
0.026868
0.024261
0.021569
0.0188
0.01589
0.012852
0.0096155
0.0062247
0.0026991
-0.00070974
-0.003927
-0.0067335
-0.0087966
-0.010147
-0.010914
-0.011517
-0.011803
-0.011551
-0.010389
-0.0086328
-0.0065916
-0.0044286
-0.0024456
-0.00065447
0.00096316
0.0022565
0.003454
0.0044942
0.005367
0.0061257
0.0066999
0.0070663
0.0069405
0.0064597
0.0055495
0.0043114
0.0025587
0.00029592
-0.0023085
-0.0048862
-0.0073068
-0.0095228
-0.011541
-0.01369
-0.016284
-0.019186
-0.022252
-0.025423
-0.028458
-0.030921
-0.033065
-0.035124
-0.037182
-0.039191
-0.041105
-0.042827
-0.044296
-0.045293
-0.045742
-0.04587
-0.045603
-0.045198
-0.044614
-0.043628
-0.04242
-0.041154
-0.039896
-0.038597
-0.037175
-0.035628
-0.033884
-0.031878
-0.029632
-0.027395
-0.0253
-0.023064
-0.020539
-0.017825
-0.014888
-0.011853
-0.0092156
-0.0071454
-0.0055024
-0.0045961
-0.0045015
-0.005137
-0.0063604
-0.0080603
-0.01008
-0.012465
-0.014729
-0.016626
-0.018392
-0.020226
-0.021826
-0.022994
-0.023708
-0.023558
-0.022662
-0.021501
-0.01984
-0.017824
-0.015546
-0.012992
-0.01043
-0.0079162
-0.0055469
-0.003485
-0.0018209
-0.00078154
-0.00024795
-0.00015452
-0.00060647
-0.0016237
-0.003214
-0.0054788
-0.0079451
-0.010115
-0.011859
-0.013405
-0.014747
-0.015952
-0.016936
-0.017496
-0.017658
-0.017595
-0.017059
-0.015689
-0.013685
-0.011357
-0.0087637
-0.0061893
-0.0037687
-0.001702
-0.0001977
0.00090474
0.0015697
0.0017844
0.0017153
0.0014528
0.00088157
0.0001278
-0.00091914
-0.0022492
-0.0038165
-0.0055046
-0.0073935
-0.0094561
-0.011382
-0.012837
-0.013828
-0.014966
-0.016094
-0.017082
-0.017832
-0.018334
-0.018601
-0.018527
-0.018476
-0.018597
-0.018985
-0.019686
-0.020502
-0.021392
-0.022295
-0.023187
-0.023913
-0.024197
-0.024096
-0.023613
-0.022418
-0.02061
-0.018339
-0.015643
-0.012797
-0.0096694
-0.0059361
-0.0019897
0.0019165
0.0056354
0.0088536
0.011374
0.013513
0.015056
0.015815
0.015918
0.015639
0.014748
0.013421
0.012031
0.010489
0.0088504
0.0070105
0.0047961
0.0027212
0.00095809
-4.4834e-05
-0.00019415
0.00041262
0.0017079
0.0034969
0.0057593
0.008472
0.0114
0.014326
0.016911
0.019429
0.021938
0.024176
0.025942
0.027225
0.02829
0.029146
0.029652
0.029639
0.029059
0.028344
0.027743
0.027414
0.027394
0.027678
0.027993
0.028298
0.028895
0.029594
0.030327
0.031135
0.032063
0.03281
0.033405
0.033986
0.034189
0.033933
0.033259
0.032416
0.031387
0.02985
0.027937
0.025739
0.023309
0.020927
0.018941
0.017329
0.015923
0.014633
0.013563
0.012667
0.011974
0.011765
0.012347
0.013252
0.013894
0.014357
0.014731
0.014808
0.014765
0.014794
0.014844
0.014859
0.014818
0.014765
0.01482
0.015154
0.015842
0.016619
0.017325
0.018032
0.0189
0.019894
0.020858
0.021608
0.022218
0.022544
0.022029
0.020627
0.018514
0.015881
0.012848
0.0096674
0.0062534
0.0021729
-0.002135
-0.0066947
-0.011417
-0.015961
-0.020465
-0.024829
-0.028706
-0.032078
-0.034813
-0.036565
-0.037495
-0.037839
-0.03794
-0.03798
-0.037647
-0.036702
-0.035356
-0.033802
-0.032173
-0.030446
-0.028444
-0.026106
-0.023731
-0.021571
-0.019352
-0.016833
-0.01431
-0.011826
-0.0092988
-0.0068324
-0.0045267
-0.0023958
-0.0005103
0.00084434
0.0016091
0.0019629
0.0019565
0.0018989
0.0017896
0.0014096
0.00060555
-0.00028989
-0.001148
-0.0019595
-0.0025013
-0.0024625
-0.002037
-0.001155
0.00016641
0.0018913
0.0040109
0.0064716
0.0088929
0.010984
0.012764
0.014165
0.015001
0.01541
0.015234
0.014509
0.013673
0.01279
0.011686
0.010287
0.0086916
0.0067421
0.0045434
0.0025608
0.00093244
-0.00080269
-0.0025755
-0.0044431
-0.0065103
-0.0086055
-0.010334
-0.011646
-0.012415
-0.012972
-0.013454
-0.013626
-0.013437
-0.013188
-0.01297
-0.012515
-0.01201
-0.011856
-0.011767
-0.01176
-0.011515
-0.010973
-0.010184
-0.0089212
-0.0075596
-0.0062661
-0.0046107
-0.0021581
0.00057851
0.0034411
0.0067511
0.010236
0.013499
0.016369
0.019227
0.021835
0.024034
0.025816
0.027204
0.028171
0.028733
0.028917
0.02902
0.028934
0.028251
0.026838
0.025224
0.02386
0.022864
0.022119
0.021603
0.021475
0.021481
0.021536
0.021795
0.02226
0.02261
0.022906
0.023395
0.023641
0.023591
0.023478
0.023185
0.022636
0.021955
0.020791
0.019171
0.017286
0.015325
0.013682
0.012436
0.011234
0.0096147
0.0077242
0.0057646
0.0037978
0.0018902
4.1829e-05
-0.0016659
-0.0032015
-0.0045274
-0.0056485
-0.0063392
-0.0067173
-0.0068242
-0.0067156
-0.0063541
-0.0057978
-0.0052255
-0.0050029
-0.0052775
-0.0058736
-0.0067913
-0.0081606
-0.0098523
-0.011714
-0.013832
-0.016249
-0.018807
-0.020852
-0.022028
-0.022505
-0.022464
-0.022053
-0.021452
-0.020504
-0.018933
-0.017129
-0.015166
-0.012992
-0.010854
-0.0088237
-0.006974
-0.0054827
-0.0039885
-0.0025617
-0.0013049
-0.00015374
0.00080479
0.0013262
0.0015171
0.001566
0.0014931
0.0010554
2.7946e-05
-0.0017702
-0.0037597
-0.0055202
-0.0067713
-0.0074508
-0.0075874
-0.0072227
-0.0061312
-0.0040345
-0.0011211
0.0023142
0.0060955
0.0096625
0.012909
0.015692
0.017997
0.019987
0.021531
0.022543
0.022552
0.021698
0.0203
0.018603
0.016857
0.015064
0.013067
0.011104
0.0090239
0.0070242
0.0052574
0.0038647
0.0027609
0.0019207
0.0014153
0.001251
0.0014613
0.0018501
0.0022443
0.0024877
0.0027856
0.0030873
0.0029227
0.0024002
0.0021923
0.0022776
0.0021474
0.0016484
0.00083599
-0.0003904
-0.0020441
-0.0038644
-0.0058647
-0.0082244
-0.01086
-0.013672
-0.016728
-0.019902
-0.023122
-0.026377
-0.029633
-0.032598
-0.035288
-0.037778
-0.039777
-0.041412
-0.04245
-0.042875
-0.042707
-0.042034
-0.04121
-0.040262
-0.039224
-0.03799
-0.036095
-0.033215
-0.029539
-0.025303
-0.02105
-0.016822
-0.012519
-0.0084685
-0.0045627
-0.0010875
0.0014164
0.0030338
0.0042322
0.0049301
0.0050945
0.0048799
0.0044393
0.0041319
0.0037953
0.0033904
0.0030473
0.0028688
0.0028954
0.0031935
0.003764
0.0042264
0.0042464
0.0035024
0.0026043
0.0017175
0.00071066
-0.00041426
-0.0016486
-0.0030339
-0.0045997
-0.0059753
-0.0071677
-0.0081883
-0.0088686
-0.0092952
-0.0095065
-0.0095518
-0.0095465
-0.0093822
-0.0090213
-0.008719
-0.009068
-0.010213
-0.011517
-0.012751
-0.013987
-0.015407
-0.017141
-0.019203
-0.021594
-0.024019
-0.026231
-0.028422
-0.030667
-0.032637
-0.034194
-0.035306
-0.03605
-0.036284
-0.035737
-0.034737
-0.033699
-0.032547
-0.031293
-0.02983
-0.027757
-0.025014
-0.022003
-0.018834
-0.015734
-0.01281
-0.010296
-0.0083153
-0.0065573
-0.0049813
-0.0037729
-0.0027454
-0.0018478
-0.0010543
-0.00035265
0.00044812
0.0013527
0.0023185
0.0033646
0.0044263
0.0055567
0.0066441
0.0075385
0.0081666
0.0082857
0.0077796
0.0066906
0.0049123
0.0026311
2.6427e-06
-0.0027965
-0.0052845
-0.0070674
-0.0080313
-0.0082895
-0.0078306
-0.0066749
-0.0048454
-0.0023204
0.00081637
0.0042305
0.0078124
0.011762
0.015976
0.020332
0.024514
0.028621
0.032354
0.035472
0.037646
0.039228
0.040361
0.041002
0.041234
0.041169
0.040721
0.039663
0.037896
0.035819
0.033821
0.031972
0.030617
0.029627
0.028626
0.027589
0.026869
0.026404
0.02623
0.026242
0.026277
0.026485
0.026975
0.027718
0.028681
0.029776
0.030656
0.031436
0.032057
0.032675
0.033401
0.034485
0.035795
0.037105
0.038223
0.039008
0.039315
0.039578
0.03986
0.039684
0.039403
0.038977
0.038231
0.037059
0.035712
0.034317
0.032803
0.031062
0.029014
0.026679
0.02396
0.02119
0.018748
0.017089
0.016081
0.015379
0.014755
0.014397
0.014331
0.014562
0.015225
0.016205
0.017225
0.018216
0.019301
0.020498
0.021493
0.022246
0.022769
0.022985
0.023114
0.023245
0.02315
0.023044
0.022869
0.022335
0.021376
0.020148
0.018684
0.017089
0.01522
0.013054
0.010981
0.0091733
0.0076526
0.0061848
0.004583
0.0027504
0.00088443
-0.0010938
-0.0031622
-0.005133
-0.0070991
-0.0092095
-0.011102
-0.01257
-0.013892
-0.015218
-0.016377
-0.017268
-0.017816
-0.018163
-0.018094
-0.017638
-0.016673
-0.015371
-0.013836
-0.01235
-0.011104
-0.010272
-0.0098968
-0.0097352
-0.009762
-0.010039
-0.010973
-0.012302
-0.014096
-0.016388
-0.018659
-0.020744
-0.02269
-0.024235
-0.025449
-0.026267
-0.026495
-0.026067
-0.025392
-0.024817
-0.023968
-0.022711
-0.020846
-0.018225
-0.015087
-0.011474
-0.0076171
-0.0036217
0.00033991
0.0041172
0.0076608
0.010845
0.013362
0.015386
0.016826
0.017803
0.018415
0.018584
0.018508
0.018171
0.017494
0.016634
0.015467
0.014557
0.014043
0.013708
0.013449
0.013212
0.012584
0.011619
0.010496
0.0090794
0.0074465
0.0056527
0.0036841
0.0015481
-0.00070548
-0.0029241
-0.004459
-0.0052107
-0.0053284
-0.004893
-0.0036929
-0.0018754
0.00024493
0.0025733
0.0049644
0.0071909
0.00918
0.010849
0.012027
0.012721
0.012972
0.01278
0.01238
0.012313
0.012472
0.012383
0.011811
0.010748
0.0095554
0.0081329
0.0064851
0.0048661
0.0034646
0.0023025
0.0013231
0.00055412
0.00016407
-4.8684e-05
-5.8771e-05
0.00012057
0.00013886
-9.9013e-05
-0.0005515
-0.0011512
-0.0017689
-0.0024288
-0.0030262
-0.0038152
-0.0048157
-0.0057261
-0.0060429
-0.0060613
-0.0059788
-0.0056882
-0.0053509
-0.0049275
-0.0048546
-0.0053862
-0.0062117
-0.0071568
-0.0084077
-0.0097462
-0.011171
-0.01252
-0.013394
-0.014003
-0.014699
-0.015596
-0.016392
-0.016872
-0.016776
-0.016174
-0.015248
-0.014182
-0.013112
-0.011997
-0.010937
-0.01019
-0.0097778
-0.0096818
-0.0099181
-0.010377
-0.010964
-0.011709
-0.012391
-0.0131
-0.013943
-0.015019
-0.016478
-0.018419
-0.020653
-0.02276
-0.024299
-0.025324
-0.026041
-0.026641
-0.027044
-0.027054
-0.026628
-0.02605
-0.025395
-0.024708
-0.023956
-0.023217
-0.022509
-0.021819
-0.021284
-0.020873
-0.020642
-0.020423
-0.020173
-0.019848
-0.01943
-0.018983
-0.018576
-0.01804
-0.017468
-0.017117
-0.017014
-0.017159
-0.017799
-0.018685
-0.019592
-0.020284
-0.0209
-0.021642
-0.02247
-0.023216
-0.023857
-0.024407
-0.024613
-0.024639
-0.024387
-0.023999
-0.02333
-0.022486
-0.021455
-0.0203
-0.018838
-0.017157
-0.015355
-0.013478
-0.011733
-0.0098134
-0.0075693
-0.0051126
-0.00271
-0.00082355
0.00031047
0.00090379
0.0013725
0.0017734
0.0021036
0.0022445
0.0015748
0.00012308
-0.0015102
-0.0031044
-0.0045431
-0.0059164
-0.007185
-0.0082653
-0.0092154
-0.010049
-0.010554
-0.010868
-0.011425
-0.012337
-0.013275
-0.014043
-0.014515
-0.01474
-0.014725
-0.014628
-0.014395
-0.01384
-0.013046
-0.01208
-0.011069
-0.010088
-0.008928
-0.00763
-0.0062665
-0.0051052
-0.0041495
-0.0033328
-0.0026932
-0.0024828
-0.0029662
-0.0040424
-0.0054465
-0.0071315
-0.008789
-0.010212
-0.011627
-0.013247
-0.014909
-0.016509
-0.017918
-0.018956
-0.019523
-0.019727
-0.01963
-0.019293
-0.018598
-0.017643
-0.016285
-0.014624
-0.012656
-0.010331
-0.0077814
-0.0048825
-0.0015891
0.002062
0.0057009
0.0091944
0.0124
0.015193
0.017771
0.020217
0.022231
0.023688
0.0251
0.026906
0.028974
0.030838
0.032456
0.03387
0.035072
0.036258
0.037317
0.038051
0.038583
0.038847
0.03888
0.038495
0.037815
0.036703
0.03523
0.033356
0.031231
0.028979
0.026709
0.024797
0.023109
0.021744
0.020787
0.020052
0.019037
0.017646
0.016259
0.014895
0.013456
0.011707
0.0094817
0.0070174
0.0043747
0.0017969
-0.00073246
-0.0031114
-0.0049612
-0.0062718
-0.0070208
-0.0069858
-0.0062149
-0.0048274
-0.0029845
-0.0014001
-9.5091e-05
0.0010349
0.002195
0.003355
0.0043958
0.0053428
0.0062205
0.0071768
0.0081216
0.0091011
0.010073
0.010989
0.011837
0.012281
0.012258
0.011661
0.010391
0.0084759
0.0060494
0.0032487
0.0001693
-0.0031014
-0.0059966
-0.0079797
-0.0090927
-0.0093134
-0.0087668
-0.0077107
-0.0063887
-0.004952
-0.0036355
-0.0023308
-0.0012175
-0.00064553
-0.00055745
-0.00090333
-0.0013612
-0.0018072
-0.0028422
-0.0045781
-0.0065712
-0.0085939
-0.01067
-0.012827
-0.014905
-0.016923
-0.018663
-0.019935
-0.020838
-0.021418
-0.021786
-0.021929
-0.02197
-0.021803
-0.021204
-0.020204
-0.019157
-0.018114
-0.017071
-0.01595
-0.014668
-0.013191
-0.012047
-0.010879
-0.009518
-0.008048
-0.0065231
-0.0050435
-0.0036254
-0.0024218
-0.0014819
-0.00083175
-0.00032896
0.00024553
0.00080198
0.001419
0.0023772
0.0038035
0.0053722
0.0065734
0.0075265
0.0085653
0.0097152
0.010718
0.011369
0.011925
0.012127
0.011981
0.011532
0.010586
0.0089861
0.0067356
0.0038944
0.00086863
-0.0023714
-0.0055568
-0.0083563
-0.010866
-0.013465
-0.016073
-0.018394
-0.020204
-0.021545
-0.022469
-0.023048
-0.023228
-0.022885
-0.022309
-0.021712
-0.020941
-0.020072
-0.019066
-0.018127
-0.017286
-0.016502
-0.015969
-0.015553
-0.01547
-0.015525
-0.015717
-0.016192
-0.016912
-0.017923
-0.018967
-0.019564
-0.01976
-0.019728
-0.019858
-0.020152
-0.020725
-0.021426
-0.021965
-0.022289
-0.022591
-0.02269
-0.022305
-0.021883
-0.021652
-0.021069
-0.020116
-0.018737
-0.016902
-0.014761
-0.012223
-0.0094593
-0.0067469
-0.0040991
-0.0011856
0.0019169
0.0047326
0.0073262
0.0093155
0.0107
0.011811
0.013034
0.01449
0.016037
0.017639
0.019066
0.020183
0.021289
0.022241
0.023004
0.023622
0.024047
0.024315
0.024503
0.024513
0.024504
0.024529
0.024568
0.02465
0.024755
0.024831
0.024838
0.025073
0.025214
0.025365
0.025546
0.025724
0.025667
0.025397
0.024931
0.024393
0.023709
0.022648
0.02131
0.019774
0.017927
0.015736
0.013527
0.01165
0.0099746
0.0088761
0.0081568
0.0076512
0.0077479
0.0084898
0.0093511
0.010066
0.01073
0.011492
0.012314
0.013231
0.014076
0.014782
0.015524
0.016222
0.016733
0.017114
0.017252
0.017452
0.017551
0.017308
0.016723
0.016052
0.015201
0.014006
0.012359
0.010335
0.008058
0.0055246
0.0029709
0.00068785
-0.001094
-0.0021274
-0.0024759
-0.0023622
-0.0019151
-0.0012152
-3.7036e-05
0.0014643
0.0032328
0.0052872
0.0074552
0.0095578
0.011493
0.013155
0.014432
0.015294
0.015667
0.015706
0.015605
0.015359
0.014801
0.014001
0.013085
0.012017
0.011035
0.01023
0.0095161
0.0086753
0.0076517
0.0068371
0.0066866
0.0074955
0.0089384
0.010643
0.012418
0.014184
0.01605
0.018328
0.020483
0.022284
0.023882
0.02506
0.025778
0.026114
0.026081
0.025758
0.025398
0.02502
0.024502
0.02382
0.023283
0.022928
0.022956
0.023312
0.023786
0.024058
0.024028
0.023985
0.023998
0.024048
0.024238
0.024271
0.023857
0.023186
0.022199
0.021001
0.019583
0.01812
0.016486
0.01485
0.013392
0.012275
0.011564
0.011086
0.010715
0.010058
0.0091287
0.0081506
0.0074275
0.0069809
0.0065676
0.0062007
0.0058319
0.0053848
0.0047472
0.0039557
0.0032308
0.0024612
0.0015436
0.00058273
-0.00041967
-0.0015358
-0.0029257
-0.0046021
-0.0063622
-0.0081192
-0.0099716
-0.011896
-0.013908
-0.015937
-0.017488
-0.018395
-0.018909
-0.019137
-0.019099
-0.018899
-0.018386
-0.017627
-0.016667
-0.015554
-0.01438
-0.013377
-0.012496
-0.01198
-0.01173
-0.011748
-0.011758
-0.011734
-0.011722
-0.011672
-0.011512
-0.011183
-0.010814
-0.010653
-0.010455
-0.010284
-0.010152
-0.010141
-0.010244
-0.010476
-0.010582
-0.0105
-0.010467
-0.010564
-0.010847
-0.011258
-0.011584
-0.011881
-0.012361
-0.012871
-0.013296
-0.013726
-0.013686
-0.013281
-0.012787
-0.012374
-0.011894
-0.011248
-0.010534
-0.0097535
-0.0091575
-0.0086438
-0.0081858
-0.0077424
-0.0073434
-0.0073327
-0.0076034
-0.0078648
-0.0078058
-0.0073369
-0.0066546
-0.0057649
-0.0046803
-0.0032907
-0.0017083
-7.5785e-05
0.0018066
0.0037861
0.0057087
0.0075166
0.0090661
0.01026
0.011059
0.011598
0.01152
0.010882
0.0097199
0.0083736
0.0070249
0.0059288
0.005144
0.0045568
0.004163
0.0041034
0.0040522
0.0039868
0.0040443
0.0040301
0.004022
0.0040518
0.004083
0.0040413
0.0038335
0.0034222
0.0029917
0.0028044
0.0024073
0.001694
0.00094563
3.8397e-05
-0.00073333
-0.0011576
-0.0014424
-0.001805
-0.0023602
-0.0027853
-0.0032495
-0.0037081
-0.0040031
-0.0040467
-0.003864
-0.0036935
-0.0036361
-0.0036387
-0.003754
-0.0038386
-0.0038658
-0.0041723
-0.0046863
-0.0054732
-0.0060946
-0.0065678
-0.0071498
-0.0078247
-0.0084258
-0.008855
-0.0091582
-0.0094953
-0.0099395
-0.010581
-0.011038
-0.011092
-0.010919
-0.010744
-0.010696
-0.010873
-0.011119
-0.011273
-0.011484
-0.011598
-0.01155
-0.01154
-0.011569
-0.011576
-0.011476
-0.011187
-0.010732
-0.010152
-0.0093047
-0.0081526
-0.0068255
-0.0052981
-0.0035445
-0.0019123
-0.00054301
0.00051818
0.00085617
0.00036987
-0.0007128
-0.0020221
-0.0035251
-0.0055653
-0.0081692
-0.011087
-0.013904
-0.016649
-0.019078
-0.021123
-0.022778
-0.023997
-0.024571
-0.024378
-0.023296
-0.021528
-0.019357
-0.016933
-0.014405
-0.01209
-0.0097521
-0.0075751
-0.005679
-0.0041651
-0.0031387
-0.002758
-0.0031956
-0.004107
-0.0053507
-0.0068247
-0.0084536
-0.010135
-0.011631
-0.012945
-0.013741
-0.013919
-0.013285
-0.011962
-0.010628
-0.0095883
-0.0087106
-0.0073763
-0.0048589
-0.001789
0.0010327
0.0032871
0.0049849
0.0061995
0.007106
0.0076029
0.0073748
0.0063396
0.0045348
0.0021595
-0.0010216
-0.0047388
-0.0084838
-0.011896
-0.014735
-0.016918
-0.018535
-0.019461
-0.019722
-0.019253
-0.017831
-0.015384
-0.011912
-0.0075378
-0.0032645
0.00076485
0.0044764
0.0075036
0.01005
0.012385
0.014399
0.015668
0.016191
0.016074
0.015577
0.014948
0.014206
0.013456
0.012632
0.01186
0.010952
0.0098636
0.0086823
0.0074519
0.0063556
0.0053229
0.0042066
0.0029379
0.0015393
-7.7598e-05
-0.001916
-0.0036702
-0.005269
-0.0069785
-0.0089817
-0.011125
-0.013014
-0.014467
-0.015341
-0.015801
-0.015951
-0.015851
-0.015527
-0.015194
-0.014693
-0.013988
-0.013499
-0.013294
-0.013364
-0.013391
-0.013346
-0.013284
-0.013245
-0.013282
-0.01342
-0.013598
-0.013591
-0.013114
-0.01232
-0.011189
-0.0099303
-0.0084636
-0.0068083
-0.0050934
-0.0034161
-0.001948
-0.00085151
-0.0001656
0.00019018
9.4538e-05
-0.00030475
-0.001072
-0.0020035
-0.003002
-0.0040773
-0.00524
-0.0062366
-0.0068468
-0.0069209
-0.006578
-0.0061152
-0.0054778
-0.0048634
-0.004107
-0.0032578
-0.0024177
-0.0016106
-0.00095316
-0.00045518
3.6162e-05
0.00050972
0.00098975
0.0013244
0.0014428
0.0016061
0.0016655
0.0017384
0.0016213
0.001046
0.00031029
-0.00046957
-0.0014474
-0.0026392
-0.0040173
-0.0057053
-0.0075544
-0.0095333
-0.011547
-0.013328
-0.014643
-0.015632
-0.016452
-0.017254
-0.017912
-0.018604
-0.01932
-0.019876
-0.020275
-0.020717
-0.020868
-0.020905
-0.021017
-0.02099
-0.020544
-0.019746
-0.018798
-0.017658
-0.0165
-0.015245
-0.0138
-0.01192
-0.0097675
-0.0075124
-0.005355
-0.0034309
-0.0015574
0.00050144
0.0029652
0.00548
0.0077862
0.0098232
0.011762
0.013118
0.014053
0.014913
0.015771
0.016235
0.016278
0.015951
0.015475
0.015117
0.014841
0.014466
0.013573
0.012336
0.010914
0.0094099
0.0079629
0.0067955
0.0057601
0.0048344
0.004051
0.0030935
0.0021298
0.00151
0.0011258
0.00081113
0.00047845
6.178e-05
-0.00030987
-0.00057879
-0.0006274
-0.00060799
-0.00074427
-0.0010017
-0.0016352
-0.002503
-0.0032468
-0.0037686
-0.0039196
-0.0038435
-0.0035352
-0.0032558
-0.0028808
-0.0022275
-0.0012318
0.00026747
0.00198
0.0039355
0.0061414
0.0085035
0.010781
0.012949
0.015353
0.017796
0.019732
0.021473
0.023027
0.024175
0.02481
0.025016
0.024914
0.024511
0.023707
0.022597
0.021249
0.019711
0.01814
0.016835
0.015998
0.015751
0.015882
0.015988
0.01601
0.015809
0.015542
0.015331
0.015097
0.014708
0.014086
0.013115
0.012117
0.011144
0.010027
0.0088938
0.0078635
0.0068918
0.0060449
0.0052308
0.0044377
0.0038298
0.0035678
0.003696
0.0037761
0.003563
0.0030569
0.002812
0.0028488
0.0029531
0.0031922
0.003578
0.0039353
0.0042536
0.0046643
0.0051687
0.0057212
0.0062439
0.0068422
0.0075597
0.0086661
0.010021
0.011404
0.01264
0.013497
0.013998
0.014267
0.014511
0.014841
0.015082
0.015273
0.015361
0.015617
0.016087
0.016492
0.016815
0.017266
0.017604
0.017935
0.018395
0.018488
0.018138
0.017452
0.016808
0.016081
0.015224
0.014196
0.013131
0.012299
0.011873
0.011962
0.012395
0.012903
0.013598
0.014597
0.015793
0.017061
0.018326
0.019632
0.020993
0.022325
0.023429
0.024311
0.02492
0.025204
0.025198
0.024841
0.024153
0.023292
0.022276
0.021016
0.019601
0.018059
0.016482
0.01504
0.013562
0.011908
0.010029
0.0080412
0.0062804
0.0051387
0.0044434
0.0038348
0.0030821
0.0024409
0.0019449
0.0017976
0.0018559
0.0018483
0.0017618
0.0015932
0.001205
0.00067285
0.00012819
-0.00042051
-0.0011226
-0.0019421
-0.0029568
-0.0039081
-0.0047538
-0.0054438
-0.0059577
-0.0061703
-0.006383
-0.0070572
-0.008087
-0.0092807
-0.010582
-0.011773
-0.012938
-0.014208
-0.015217
-0.016023
-0.016609
-0.016854
-0.016851
-0.016656
-0.016346
-0.016107
-0.015823
-0.015354
-0.014685
-0.013891
-0.013311
-0.013002
-0.012817
-0.012605
-0.012167
-0.011548
-0.010104
-0.009289
-0.0085103
-0.0074594
-0.0064071
-0.0055172
-0.0045906
-0.0036754
-0.0028331
-0.002056
-0.0015656
-0.0012426
-0.00078936
-0.00057161
-0.00057998
-0.00057427
-0.00064334
-0.00092525
-0.0014274
-0.001864
-0.0020481
-0.0022903
-0.0024728
-0.0026912
-0.0028563
-0.0029411
-0.0031785
-0.0034984
-0.0035933
-0.0035419
-0.0034994
-0.0032555
-0.0026982
-0.0019235
-0.00097079
7.9095e-05
0.0011492
0.00212
0.0030725
0.0040815
0.0048809
0.0053209
0.0054506
0.0055224
0.00546
0.0052971
0.0048888
0.0042319
0.003493
0.0026382
0.001756
0.00090075
4.9542e-05
-0.0010661
-0.0025906
-0.0046182
-0.0067787
-0.0091045
-0.011242
-0.01306
-0.014871
-0.016716
-0.018478
-0.01998
-0.021163
-0.021997
-0.022517
-0.022715
-0.022594
-0.022363
-0.022067
-0.021274
-0.020011
-0.018557
-0.016948
-0.015371
-0.014039
-0.012794
-0.011329
-0.0096386
-0.0079774
-0.0064401
-0.0050516
-0.003906
-0.003127
-0.002618
-0.0023408
-0.002235
-0.0025164
-0.0030619
-0.0038552
-0.004721
-0.0053418
-0.005726
-0.0061294
-0.0067685
-0.0075537
-0.0081451
-0.0083824
-0.0081746
-0.0076175
-0.0071098
-0.0063203
-0.0052849
-0.0042879
-0.0031627
-0.001963
-0.00065497
0.00053437
0.0015809
0.0024156
0.0029907
0.0031983
0.0030005
0.0025847
0.001967
0.00098656
-0.00016059
-0.0015832
-0.0029367
-0.0036005
-0.0037134
-0.0035336
-0.0031077
-0.0025408
-0.0017095
-0.00073387
0.00032034
0.0013295
0.0023441
0.0032888
0.0040159
0.0048329
0.0056981
0.0062605
0.0065564
0.0066377
0.0065714
0.0064936
0.0062481
0.0056475
0.0048385
0.0040486
0.0032801
0.0025506
0.0019374
0.0014788
0.00098515
0.00052856
0.00019119
0.00014618
0.00066035
0.0015827
0.0024585
0.0030955
0.0036299
0.0040759
0.004607
0.0051071
0.0054835
0.0057133
0.0057941
0.0058838
0.0060793
0.006417
0.0066506
0.0066622
0.0064883
0.0061711
0.005748
0.0054457
0.0053108
0.0051528
0.0050683
0.005029
0.0047614
0.0041569
0.0033611
0.0026118
0.0021124
0.0015844
0.0010304
0.00048551
0.00014515
-1.8232e-05
-0.00031702
-0.00060877
-0.00049005
-0.00022621
5.3851e-05
0.00057992
0.0014552
0.0025964
0.0038278
0.0047556
0.0052029
0.0054029
0.0053486
0.0051342
0.0046882
0.004005
0.0031916
0.0022
0.0011537
0.0001387
-0.00074741
-0.0015136
-0.002098
-0.0025094
-0.0028011
-0.0028643
-0.0027133
-0.0024013
-0.0018891
-0.0013712
-0.00068152
0.00026511
0.0012373
0.002085
0.0029858
0.0041005
0.0052121
0.0061309
0.0066052
0.0067579
0.0066147
0.0061239
0.0054989
0.0047869
0.0040166
0.0032938
0.0026586
0.0021025
0.0016406
0.0012717
0.00090706
0.00058431
0.0002096
-0.00012899
-0.00057442
-0.0009183
-0.0011403
-0.0012427
-0.0014128
-0.0015665
-0.0016043
-0.0015346
-0.0013852
-0.0012833
-0.0012184
-0.0010747
-0.00065907
-9.5391e-05
0.00035666
0.00060074
0.00061917
0.00056933
0.00054854
0.00046869
0.00024637
-8.8775e-05
-0.00035108
-0.00050592
-0.00056274
-0.00057627
-0.00049038
-0.00024534
6.7093e-06
0.0001901
0.00040852
0.00070825
0.0010251
0.0013007
0.0015354
0.0016873
0.0016071
0.0012844
0.00090359
0.00052787
0.00022563
-3.5036e-05
-0.00038301
-0.00082966
-0.0013351
-0.0017805
-0.0022327
-0.0027311
-0.0032363
-0.0036872
-0.0040036
-0.0041791
-0.0041843
-0.0041579
-0.0041286
-0.0040737
-0.0039746
-0.0037471
-0.003432
-0.0031096
-0.0027191
-0.0022142
-0.0017437
-0.0012885
-0.00089726
-0.00057052
-0.00030754
-0.00014216
-3.0308e-05
1.0377e-05
-2.34e-05
-8.1163e-05
-0.00015685
-0.00025647
-0.00027694
-0.00027031
-0.00022892
-0.00022867
-0.00037279
-0.00050613
-0.00044985
-0.00024486
-3.1679e-05
3.8551e-05
-8.851e-07
-0.00011797
-0.00031886
-0.00059846
-0.00090995
-0.0012753
-0.001674
-0.0020572
-0.0024625
-0.0027965
-0.0031208
-0.003379
-0.0035139
-0.0035402
-0.0034693
-0.0033256
-0.0031242
-0.0028509
-0.00256
-0.0022543
-0.0019218
-0.0016514
-0.001431
-0.0012811
-0.001193
-0.0011315
-0.0011215
-0.0012145
-0.0013048
-0.0013511
-0.0014076
-0.0014927
-0.0016112
-0.0017292
-0.0018166
-0.0018449
-0.0018039
-0.0017289
-0.0016322
-0.0015558
-0.0015147
-0.0015041
-0.001472
-0.0014467
-0.0014879
-0.0015479
-0.0016643
-0.0018135
-0.0019391
-0.0020436
-0.002114
-0.0021768
-0.0022593
-0.0023468
-0.0024384
-0.0024782
-0.0024449
-0.0023779
-0.0022462
-0.0020948
-0.001934
-0.0017642
-0.0015936
-0.0014503
-0.0013464
-0.0012731
-0.0012658
-0.0013044
-0.0013439
-0.0013799
-0.001418
-0.0014626
-0.0015469
-0.0016662
-0.0017673
-0.0018365
-0.0018482
-0.0018068
-0.0017551
-0.0017138
-0.0016696
-0.0016044
-0.0015126
-0.0014148
-0.0013623
-0.0013146
-0.0012393
-0.0011506
-0.0010848
-0.0010324
-0.00096352
-0.00088527
-0.00081064
-0.00072372
-0.00065243
-0.00059616
-0.00055255
-0.00047849
-0.00037996
-0.00029108
-0.00020385
-0.00011602
-4.0328e-05
1.4748e-05
6.1768e-05
9.8417e-05
0.00012432
0.0001365
0.00015239
0.00015993
0.0001531
0.00013554
9.0948e-05
3.9021e-05
-1.5264e-05
-7.5545e-05
-0.00013322
-0.00019602
-0.00025847
-0.00032245
-0.00038628
-0.00043909
-0.00048075
-0.00051193
-0.00053762
-0.00055995
-0.00057918
-0.00058637
-0.00056009
-0.00051599
-0.00047075
-0.00042524
-0.00038171
-0.00033642
-0.00028965
-0.00024324
-0.00019561
-0.00014868
-0.00010489
-6.9139e-05
-3.1337e-05
-1.1332e-07
1.9677e-05
3.347e-05
4.1843e-05
4.5284e-05
4.1866e-05
3.7207e-05
3.1608e-05
2.59e-05
2.4821e-05
3e-05
3.7389e-05
4.5803e-05
5.4998e-05
6.4133e-05
7.6598e-05
9.7233e-05
0.00012263
0.00014803
0.00017479
0.00020341
0.00023195
0.00025997
0.0002858
0.00030994
0.00033112
0.00034916
0.00036415
0.00037899
0.00039492
0.00040951
0.00042352
0.00043524
0.00044709
0.00045979
0.00047196
0.00048395
0.00049748
0.00051305
0.00052952
0.00054569
0.00056092
0.00057526
0.00058833
0.00059967
0.00060934
0.00061798
0.00062495
0.00063035
0.00063434
0.00063723
0.00063879
0.00063953
0.00064012
0.00064095
0.0006418
0.00064272
0.00064423
0.00064634
0.00064874
0.0006511
0.00065352
0.00065589
0.00065796
0.00065983
0.00066161
0.00066338
0.00066499
0.00066655
0.00066803
0.00066942
0.00067075
0.000672
0.0006732
0.00067436
0.00067545
0.00067646
0.0006774
0.00067828
0.00067911
0.00067986
0.00068057
0.00068122
0.00068181
0.00068233
0.00068279
0.00068319
0.00068353
0.00068379
0.000684
0.00068413
0.00068417
0.00068412
0.00068397
0.00068373
0.00068338
0.00068294
0.0006824
0.00068175
0.00068101
0.00068015
0.0006792
0.00067814
0.00067697
0.0006757
0.00067432
0.00067283
0.00067124
