0.00245
0.0024439
0.0024374
0.0024307
0.0024237
0.0024165
0.0024092
0.0024019
0.0023947
0.0023878
0.0023808
0.0023739
0.002367
0.00236
0.0023532
0.0023467
0.0023408
0.0023352
0.0023294
0.0023218
0.002311
0.0022964
0.0022789
0.0022609
0.0022446
0.0022314
0.0022211
0.0022126
0.0022042
0.0021944
0.0021818
0.0021665
0.0021506
0.0021368
0.0021263
0.0021178
0.0021084
0.0020952
0.0020778
0.0020568
0.0020314
0.002001
0.0019691
0.0019401
0.0019154
0.0018956
0.0018819
0.0018753
0.001876
0.0018834
0.0018955
0.0019107
0.0019294
0.0019523
0.0019728
0.0019819
0.0019765
0.0019606
0.0019412
0.0019204
0.0018944
0.0018594
0.0018126
0.0017527
0.0016809
0.0016021
0.0015245
0.0014561
0.0013987
0.0013514
0.0013146
0.00129
0.0012785
0.0012792
0.0012848
0.0012802
0.0012581
0.001229
0.0012018
0.0011749
0.0011451
0.0011092
0.0010645
0.0010087
0.00094153
0.00086606
0.0007893
0.00072252
0.00067954
0.00067174
0.00069838
0.00074695
0.00081031
0.00088849
0.00097531
0.0010563
0.0011107
0.0011165
0.0010642
0.00098036
0.00090605
0.00084575
0.00077936
0.00069376
0.00059401
0.00049693
0.00040682
0.00031625
0.00022229
0.00012875
4.4796e-05
-1.5685e-05
-3.6728e-05
-5.9888e-06
7.1933e-05
0.00016638
0.0002425
0.00028095
0.00026942
0.0002061
0.00011516
2.8349e-05
-4.3687e-05
-0.00010232
-0.00014891
-0.00018597
-0.00021806
-0.00025078
-0.00028918
-0.00033635
-0.00039192
-0.00045132
-0.00050565
-0.00054248
-0.00054784
-0.00050913
-0.00041904
-0.00027973
-0.00010654
7.0089e-05
0.00020678
0.00025888
0.00020502
5.8461e-05
-0.00014812
-0.0003703
-0.00055804
-0.00067698
-0.00072503
-0.00071853
-0.00068079
-0.00064211
-0.00063604
-0.00068693
-0.00078793
-0.00090188
-0.0010064
-0.0011058
-0.0012048
-0.0013041
-0.0014035
-0.0015009
-0.0015916
-0.001668
-0.0017214
-0.0017505
-0.0017803
-0.0018608
-0.0020149
-0.002216
-0.0024144
-0.002549
-0.0025609
-0.0024265
-0.0021769
-0.0018764
-0.0015934
-0.0013712
-0.0012365
-0.0012108
-0.0012837
-0.0014193
-0.0016134
-0.0018956
-0.0022896
-0.0028006
-0.0034101
-0.0040698
-0.0047149
-0.0052982
-0.0057998
-0.0062195
-0.0065522
-0.0067698
-0.0068288
-0.0066987
-0.006395
-0.0059479
-0.0053626
-0.0046558
-0.0038867
-0.0031516
-0.0025367
-0.0020566
-0.0016941
-0.0014542
-0.0013567
-0.0014067
-0.0015561
-0.0017196
-0.0018242
-0.0018468
-0.0018224
-0.0018094
-0.001848
-0.0019312
-0.0020465
-0.0022224
-0.0024902
-0.0028321
-0.0031514
-0.0033203
-0.0032696
-0.0030077
-0.0025893
-0.002053
-0.0014217
-0.00073659
-3.2581e-05
0.00067544
0.0013583
0.001978
0.002521
0.0029767
0.0033237
0.003568
0.003741
0.0038562
0.0039046
0.0038631
0.0036997
0.0033842
0.0029018
0.0022671
0.0015351
0.00080067
0.00015442
-0.00038328
-0.00079385
-0.00098698
-0.00089761
-0.00056044
-8.6969e-05
0.00041779
0.00092262
0.0013797
0.0016904
0.0018004
0.0017313
0.0015388
0.0012218
0.00073343
0.00014016
-0.00040832
-0.00084107
-0.0012111
-0.0016468
-0.002224
-0.0029288
-0.0036941
-0.0044061
-0.0049445
-0.0052713
-0.0054298
-0.0054639
-0.0054127
-0.0053213
-0.0052352
-0.0051937
-0.0052123
-0.0052524
-0.0052248
-0.0050719
-0.0047993
-0.0044389
-0.004041
-0.0036622
-0.0033241
-0.0030085
-0.0026989
-0.0023869
-0.0020549
-0.0016481
-0.0010859
-0.00033089
0.00055876
0.0014282
0.0021283
0.0025683
0.0026592
0.0023383
0.0016302
0.00063649
-0.00050378
-0.0016533
-0.0026936
-0.0035327
-0.0041125
-0.004401
-0.0043629
-0.0039604
-0.0031862
-0.0021133
-0.00090216
0.00027776
0.001313
0.0021761
0.0028744
0.0034046
0.0037878
0.0040696
0.0042693
0.0043783
0.0043857
0.0043173
0.0042092
0.0040314
0.0037222
0.0032607
0.0027111
0.0021893
0.0017673
0.0014555
0.001224
0.0010383
0.00087734
0.00073527
0.00062475
0.00057832
0.00064517
0.00088166
0.0013364
0.0020313
0.0029418
0.0039816
0.005001
0.0058224
0.0063287
0.0065259
0.0065175
0.0064621
0.006514
0.0067663
0.0072281
0.0078535
0.0085749
0.0093256
0.010016
0.010534
0.010796
0.010758
0.010396
0.0097561
0.0089428
0.0080291
0.0070115
0.0058391
0.00455
0.0033138
0.0023002
0.0015875
0.0011366
0.0008686
0.00072754
0.00067675
0.00069545
0.0007784
0.00093267
0.0011694
0.0014933
0.0018906
0.0023211
0.0027167
0.0030083
0.0031686
0.0031988
0.0030977
0.002867
0.0025217
0.0020952
0.0016392
0.0012065
0.00081383
0.00044495
9.9366e-05
-0.00019737
-0.00040005
-0.00045262
-0.00032378
-5.4836e-05
0.00026186
0.00053885
0.00073778
0.00086813
0.00094636
0.00099322
0.0010395
0.0011239
0.0012915
0.0015982
0.0021279
0.0029693
0.0041226
0.0054949
0.0069796
0.0084625
0.0098141
0.010902
0.01161
0.011865
0.011648
0.010995
0.0099788
0.0087075
0.0073066
0.0058544
0.0043412
0.002725
0.00097406
-0.00091047
-0.0028486
-0.0046792
-0.0062492
-0.0074909
-0.0084437
-0.009152
-0.0095977
-0.0098126
-0.0098809
-0.0098189
-0.0096194
-0.0093068
-0.0088784
-0.0083179
-0.0076821
-0.0070586
-0.0064881
-0.0059608
-0.0054439
-0.004919
-0.0043683
-0.003776
-0.0032028
-0.0027823
-0.0026169
-0.0027397
-0.0031186
-0.0036811
-0.0043501
-0.0050775
-0.0058251
-0.0065417
-0.0071981
-0.0077939
-0.0083219
-0.0087846
-0.0092209
-0.0096726
-0.010172
-0.010763
-0.011448
-0.012128
-0.012675
-0.012997
-0.013046
-0.0128
-0.01224
-0.011377
-0.010266
-0.0089963
-0.0076367
-0.0061719
-0.0045418
-0.0027123
-0.00072486
0.0013294
0.0033709
0.0053045
0.0070108
0.0083974
0.0094086
0.010004
0.010181
0.0099981
0.0095813
0.0090747
0.0085548
0.008025
0.0074644
0.0069039
0.0064073
0.0059799
0.0055606
0.0050544
0.0043833
0.0035191
0.0024963
0.001416
0.00040917
-0.00044451
-0.0011156
-0.0015562
-0.0017341
-0.0016693
-0.0014068
-0.0010031
-0.00053221
-8.4725e-05
0.00025489
0.00045203
0.00052273
0.00048989
0.00037808
0.00021834
4.6315e-05
-9.9928e-05
-0.00018421
-0.0001805
-9.6079e-05
-6.0359e-06
-1.5023e-05
-0.00016587
-0.00044955
-0.00083711
-0.0012804
-0.0017358
-0.0022
-0.002683
-0.0031753
-0.0036516
-0.0040996
-0.0045494
-0.0050405
-0.0055829
-0.0061581
-0.0067437
-0.0073409
-0.0079419
-0.0085
-0.0089456
-0.0092481
-0.009466
-0.0096528
-0.0097857
-0.0098093
-0.0096656
-0.0093176
-0.0087952
-0.0081931
-0.007598
-0.0070859
-0.0067456
-0.0066355
-0.0067591
-0.0070945
-0.0075957
-0.0081835
-0.0087476
-0.0091743
-0.0093964
-0.009391
-0.0091656
-0.0087923
-0.0083739
-0.0079422
-0.0075344
-0.0072849
-0.0072797
-0.0074804
-0.0078076
-0.0081653
-0.008452
-0.0086025
-0.0086018
-0.0084606
-0.0082093
-0.0078958
-0.0075775
-0.0072914
-0.0070119
-0.0066755
-0.0062289
-0.005646
-0.0049448
-0.0041962
-0.0034853
-0.0028783
-0.0024548
-0.0022976
-0.0024343
-0.002843
-0.0034738
-0.0042428
-0.0050481
-0.0058058
-0.0064296
-0.0068212
-0.0069185
-0.0067057
-0.0061827
-0.0053751
-0.0043534
-0.0032376
-0.0021723
-0.0012747
-0.0006164
-0.00021407
-2.1139e-05
5.0586e-05
8.5384e-05
0.00015147
0.00029522
0.00053035
0.00083011
0.0011247
0.0013059
0.0012425
0.00080873
-6.0345e-05
-0.0013185
-0.0028434
-0.0044718
-0.0059772
-0.0071482
-0.0079253
-0.0083701
-0.0085855
-0.0086707
-0.0086799
-0.0085997
-0.0084117
-0.0081424
-0.0078285
-0.0074828
-0.0070874
-0.006663
-0.0062973
-0.0060656
-0.0060079
-0.0061512
-0.0064722
-0.0068913
-0.0073447
-0.0077918
-0.0081714
-0.0084057
-0.0084356
-0.0082701
-0.0079843
-0.0076754
-0.007447
-0.0073807
-0.0074801
-0.0076684
-0.0078286
-0.0078164
-0.0074769
-0.0066828
-0.0053962
-0.0037227
-0.001865
-4.3543e-05
0.0015555
0.0027908
0.0035634
0.003871
0.0038236
0.0035673
0.0032269
0.002885
0.0026352
0.0025964
0.0028236
0.0032858
0.0039055
0.0045656
0.0051301
0.0054929
0.0055864
0.005366
0.0048509
0.0041321
0.0033003
0.0024368
0.0016444
0.001009
0.00055603
0.00024582
2.1663e-06
-0.00023959
-0.00051848
-0.00084275
-0.0011827
-0.0014734
-0.001635
-0.0016205
-0.0014425
-0.0011465
-0.00079726
-0.00046785
-0.00020204
3.6713e-06
0.00016589
0.00029712
0.00040751
0.00050296
0.00058461
0.0006531
0.00073209
0.00088522
0.0011503
0.0014827
0.0017889
0.0019765
0.0019983
0.0018449
0.0015136
0.0010121
0.00035167
-0.0004802
-0.0015038
-0.0026891
-0.0039398
-0.0051188
-0.0061199
-0.0069122
-0.0075109
-0.0079424
-0.0082154
-0.0083444
-0.0083649
-0.0082741
-0.0080245
-0.0076072
-0.0070509
-0.0063531
-0.0055141
-0.0045931
-0.003713
-0.0030327
-0.002688
-0.0027503
-0.0031989
-0.0039039
-0.0046605
-0.005298
-0.005717
-0.0058305
-0.0055838
-0.005009
-0.0042023
-0.0032603
-0.002208
-0.0010109
0.00032909
0.0017417
0.003111
0.0043366
0.0053789
0.006231
0.0069054
0.0074346
0.0078487
0.0081414
0.0082778
0.0082277
0.0080183
0.0077378
0.0074881
0.0073486
0.0073546
0.0075228
0.0078896
0.0085294
0.009501
0.010754
0.012162
0.013587
0.014889
0.015948
0.016709
0.017159
0.01725
0.016916
0.016112
0.014874
0.013321
0.011583
0.0097645
0.0079405
0.0062085
0.0047018
0.0034772
0.0025073
0.0017944
0.0013636
0.0011998
0.0012349
0.0013764
0.0015697
0.0017849
0.0019394
0.0019392
0.0017571
0.0014144
0.0009549
0.00044481
-4.8088e-05
-0.00049447
-0.00088321
-0.001185
-0.001357
-0.0013694
-0.001245
-0.0010364
-0.0007572
-0.00042482
-0.00012009
7.2556e-05
0.00011712
1.7106e-06
-0.00025724
-0.00058623
-0.00092365
-0.0013104
-0.0018092
-0.0024321
-0.0031974
-0.0041443
-0.0052777
-0.0065667
-0.0079738
-0.0094452
-0.010888
-0.012156
-0.013111
-0.013751
-0.014182
-0.014468
-0.014617
-0.014606
-0.014385
-0.013879
-0.013022
-0.011774
-0.010153
-0.0082314
-0.0061272
-0.0040058
-0.0020644
-0.00047178
0.00069137
0.0014695
0.0019456
0.002124
0.0019909
0.0015793
0.00094635
0.00016475
-0.00066984
-0.0014568
-0.0021208
-0.0026
-0.0028563
-0.0029437
-0.0029934
-0.0030968
-0.003293
-0.0036127
-0.0040811
-0.0047267
-0.0056132
-0.0068511
-0.0085699
-0.010856
-0.013676
-0.016865
-0.020165
-0.023291
-0.025988
-0.028056
-0.029361
-0.029824
-0.029425
-0.028202
-0.026248
-0.023701
-0.020728
-0.017482
-0.014045
-0.010457
-0.0067855
-0.0031293
0.00042011
0.0038734
0.0072996
0.010649
0.013739
0.016339
0.018262
0.019416
0.019746
0.019244
0.01801
0.016205
0.013916
0.011189
0.0080892
0.004687
0.0010403
-0.0028056
-0.0067511
-0.010574
-0.014018
-0.016887
-0.019044
-0.020401
-0.020919
-0.020645
-0.019689
-0.018125
-0.015994
-0.013446
-0.010717
-0.0080054
-0.0054223
-0.0029979
-0.00072105
0.0014153
0.0033777
0.0051179
0.0066022
0.0077943
0.0086716
0.0092774
0.0096956
0.0099952
0.010256
0.010563
0.010927
0.0113
0.011656
0.011974
0.012203
0.012277
0.012147
0.011828
0.011356
0.010739
0.0099869
0.0091578
0.0083506
0.0076756
0.0072026
0.006947
0.006881
0.0069653
0.0071651
0.0074491
0.0077926
0.0081929
0.0086998
0.0094077
0.010393
0.011677
0.013213
0.014899
0.016597
0.018139
0.019362
0.020164
0.020508
0.020387
0.019811
0.018804
0.017421
0.015736
0.013819
0.011752
0.0096405
0.00761
0.0057613
0.0041029
0.002626
0.0013747
0.00037152
-0.00041907
-0.0010444
-0.0015294
-0.0018602
-0.0020171
-0.0019766
-0.0016555
-0.00095608
0.0001229
0.0014824
0.0029775
0.0044813
0.0058962
0.007105
0.0079468
0.0082358
0.0078576
0.0068205
0.0052049
0.003138
0.0007785
-0.0016809
-0.0040455
-0.0061998
-0.0081064
-0.0097227
-0.011002
-0.011934
-0.0126
-0.01318
-0.013906
-0.014999
-0.016579
-0.018605
-0.02091
-0.023352
-0.025808
-0.028112
-0.030122
-0.031726
-0.032744
-0.032942
-0.032135
-0.030286
-0.027532
-0.024111
-0.020317
-0.016445
-0.012727
-0.0092733
-0.0060988
-0.0031726
-0.00047144
0.0019865
0.0041634
0.0061103
0.0079733
0.0098568
0.011784
0.013689
0.015392
0.016663
0.017368
0.017498
0.017106
0.016293
0.015215
0.014069
0.013042
0.012232
0.011687
0.011438
0.01145
0.011614
0.0118
0.011863
0.011652
0.011038
0.009938
0.0083448
0.0063534
0.0041461
0.0019259
-0.00011401
-0.0017803
-0.0029489
-0.0036284
-0.0038847
-0.0037982
-0.0035086
-0.0031996
-0.0030299
-0.0030767
-0.0033146
-0.0036434
-0.0039061
-0.0039091
-0.0034758
-0.0024722
-0.00077405
0.0017003
0.0049116
0.0087114
0.012876
0.017095
0.021009
0.024297
0.026671
0.027859
0.027706
0.02622
0.02354
0.019916
0.015649
0.011049
0.0064017
0.0019686
-0.0020463
-0.0055358
-0.008475
-0.010903
-0.012919
-0.014617
-0.016004
-0.017095
-0.018001
-0.018857
-0.019762
-0.02073
-0.021685
-0.022483
-0.022959
-0.022976
-0.022453
-0.021371
-0.019762
-0.017731
-0.015413
-0.012874
-0.010121
-0.0072012
-0.004204
-0.001231
0.0015959
0.0041347
0.0062431
0.0078292
0.0088927
0.0094855
0.009659
0.0094489
0.008907
0.0081441
0.0072839
0.0064021
0.0055315
0.0046958
0.0039483
0.0033558
0.0029652
0.0028219
0.0029631
0.0033626
0.0039262
0.0045391
0.0050994
0.0055345
0.0057783
0.0057844
0.0055771
0.0052352
0.0048398
0.0044392
0.0040617
0.0037765
0.0036338
0.003553
0.003383
0.0030096
0.0024172
0.0016987
0.0010104
0.00052911
0.00040038
0.00070641
0.0014576
0.0026101
0.0040814
0.005771
0.0075537
0.0092733
0.010748
0.011787
0.01223
0.012004
0.011153
0.0097656
0.0079812
0.0060642
0.0043157
0.0029201
0.001972
0.0015149
0.0015126
0.0018267
0.0022288
0.0024683
0.0023396
0.0016781
0.00037232
-0.0015946
-0.0041121
-0.0069583
-0.0098895
-0.012694
-0.015156
-0.017022
-0.018014
-0.017906
-0.016632
-0.014359
-0.011393
-0.0079443
-0.0041758
-0.00029653
0.0035257
0.0071961
0.010602
0.013589
0.015989
0.017698
0.018743
0.019319
0.019736
0.020293
0.02124
0.022756
0.024926
0.027726
0.031044
0.034723
0.038614
0.042539
0.046262
0.049538
0.052146
0.053913
0.054725
0.05452
0.053305
0.051171
0.048294
0.044935
0.041389
0.0379
0.034621
0.031686
0.029217
0.027279
0.025925
0.025218
0.025171
0.025738
0.026865
0.028461
0.030354
0.032283
0.033968
0.035246
0.036114
0.036677
0.037085
0.037483
0.037987
0.038683
0.039626
0.040885
0.042544
0.044588
0.046858
0.04918
0.051404
0.05339
0.054996
0.056088
0.056609
0.056602
0.05618
0.055504
0.054744
0.054043
0.05351
0.053245
0.053309
0.05368
0.054266
0.054936
0.055524
0.055868
0.055872
0.055531
0.054909
0.054077
0.053097
0.052057
0.051049
0.050105
0.049168
0.048138
0.047005
0.045845
0.044729
0.043706
0.042806
0.042028
0.041324
0.04059
0.039682
0.038457
0.036864
0.034966
0.032845
0.03062
0.028505
0.026703
0.0253
0.024283
0.023594
0.0232
0.023058
0.023095
0.023236
0.023429
0.023647
0.023888
0.024181
0.024619
0.02532
0.026349
0.027746
0.029598
0.031961
0.034775
0.037888
0.041116
0.044298
0.047264
0.049832
0.051947
0.053723
0.055345
0.05702
0.058931
0.061195
0.063819
0.066647
0.069439
0.071989
0.074136
0.075786
0.076973
0.077823
0.078445
0.078958
0.079517
0.080291
0.081384
0.08274
0.084184
0.085495
0.08643
0.086779
0.086433
0.085377
0.083638
0.081279
0.078406
0.07518
0.071779
0.068358
0.065095
0.062198
0.05976
0.057771
0.056208
0.054987
0.053888
0.052552
0.050509
0.047293
0.042532
0.036031
0.027764
0.017878
0.0067125
-0.0052522
-0.017552
-0.029908
-0.042255
-0.054521
-0.066533
-0.078016
-0.088707
-0.098464
-0.10729
-0.11527
-0.12249
-0.12903
-0.13496
-0.14034
-0.14521
-0.14974
-0.1542
-0.15877
-0.16348
-0.16815
-0.1725
-0.1762
-0.17901
-0.18079
-0.18155
-0.18145
-0.18068
-0.17947
-0.17801
-0.17645
-0.17488
-0.17336
-0.17192
-0.17057
-0.1693
-0.16801
-0.16659
-0.16501
-0.16332
-0.16159
-0.15979
-0.15778
-0.15543
-0.15272
-0.14967
-0.14635
-0.14287
-0.13936
-0.13592
-0.13259
-0.12933
-0.12613
-0.12306
-0.1202
-0.11768
-0.11559
-0.11398
-0.11286
-0.11221
-0.11209
-0.11261
-0.11388
-0.11593
-0.11867
-0.12193
-0.12547
-0.12908
-0.13264
-0.13617
-0.13974
-0.14333
-0.14677
-0.14978
-0.15209
-0.15344
-0.15363
-0.15255
-0.15013
-0.14632
-0.14116
-0.13481
-0.12746
-0.11923
-0.11029
-0.10093
-0.091543
-0.082536
-0.074197
-0.066671
-0.059972
-0.054037
-0.048847
-0.04448
-0.041011
-0.038483
-0.036959
-0.036505
-0.037168
-0.038942
-0.041769
-0.045566
-0.050212
-0.055539
-0.061339
-0.067394
-0.073542
-0.079682
-0.085732
-0.091556
-0.096939
-0.10167
-0.10561
-0.10865
-0.1108
-0.11214
-0.11287
-0.11315
-0.11308
-0.11263
-0.1117
-0.11015
-0.10794
-0.10503
-0.10141
-0.097102
-0.092256
-0.087097
-0.081805
-0.07645
-0.071044
-0.065549
-0.059893
-0.053986
-0.047745
-0.041121
-0.034134
-0.026882
-0.019493
-0.01202
-0.0043484
0.0037406
0.012358
0.021482
0.03099
0.040717
0.050449
0.059942
0.069034
0.077808
0.086491
0.095349
0.10469
0.11477
0.12565
0.13729
0.14965
0.16261
0.17598
0.18963
0.20342
0.21722
0.23081
0.24386
0.25605
0.26706
0.27668
0.28487
0.29172
0.29744
0.30223
0.30628
0.30968
0.31239
0.31431
0.31533
0.31519
0.31357
0.31021
0.30508
0.29837
0.2906
0.28243
0.27425
0.26613
0.25799
0.24971
0.24124
0.23254
0.2236
0.2143
0.20448
0.19388
0.18236
0.16989
0.15654
0.14244
0.12769
0.11245
0.097076
0.081984
0.067568
0.054078
0.041724
0.030751
0.021305
0.013417
0.0070945
0.0023434
-0.00080532
-0.0022583
-0.0018928
0.00037602
0.0045971
0.01084
0.019147
0.029446
0.041467
0.054842
0.069314
0.084555
0.10009
0.11559
0.13101
0.14633
0.16155
0.17662
0.19131
0.20521
0.21796
0.22939
0.23948
0.24833
0.25605
0.26273
0.26829
0.27251
0.27504
0.27552
0.27372
0.26961
0.26335
0.25521
0.24546
0.23431
0.22199
0.2087
0.19466
0.18025
0.1659
0.15197
0.13876
0.12655
0.11543
0.10531
0.09606
0.08756
0.079709
0.072352
0.065251
0.058208
0.051074
0.043709
0.035914
0.027494
0.018459
0.009113
-4.5691e-05
-0.0086066
-0.016466
-0.023649
-0.03014
-0.03581
-0.040557
-0.044443
-0.047628
-0.050273
-0.052582
-0.054802
-0.057194
-0.059982
-0.063335
-0.067372
-0.072186
-0.077834
-0.084288
-0.091399
-0.099
-0.10697
-0.1152
-0.12357
-0.13203
-0.14052
-0.1489
-0.15697
-0.16458
-0.17168
-0.17831
-0.18449
-0.1902
-0.1954
-0.20004
-0.20399
-0.20712
-0.20938
-0.21087
-0.21174
-0.21213
-0.21219
-0.21209
-0.21192
-0.21173
-0.21149
-0.2111
-0.21035
-0.20886
-0.20619
-0.20183
-0.19533
-0.18646
-0.17521
-0.16182
-0.14663
-0.12996
-0.11206
-0.09342
-0.074761
-0.056704
-0.039837
-0.024812
-0.01221
-0.0024126
0.0044256
0.0084286
0.0099982
0.0097276
0.008249
0.0061139
0.0037404
0.0014021
-0.00073256
-0.0025664
-0.0041032
-0.0054833
-0.0069858
-0.0089054
-0.011396
-0.014522
-0.018312
-0.02272
-0.027693
-0.033326
-0.039785
-0.047182
-0.055526
-0.064769
-0.074908
-0.085923
-0.097671
-0.10991
-0.12237
-0.13482
-0.14697
-0.15834
-0.16817
-0.17552
-0.17949
-0.1794
-0.17496
-0.16629
-0.15369
-0.13754
-0.11832
-0.096599
-0.073095
-0.048654
-0.024169
-0.00041093
0.022167
0.04339
0.063106
0.081253
0.097998
0.11369
0.12872
0.14347
0.15817
0.17301
0.1881
0.20349
0.21917
0.23501
0.25059
0.26533
0.27878
0.29072
0.30125
0.31061
0.31909
0.32692
0.33416
0.34065
0.34596
0.34936
0.34991
0.34642
0.33764
0.32243
0.30008
0.27038
0.23377
0.19126
0.14417
0.09401
0.042549
-0.0081916
-0.056099
-0.099392
-0.13703
-0.16883
-0.19533
-0.21727
-0.23547
-0.25071
-0.26371
-0.27507
-0.28527
-0.29466
-0.30354
-0.31218
-0.32076
-0.32937
-0.33796
-0.34626
-0.35378
-0.35981
-0.36353
-0.36418
-0.36129
-0.35472
-0.34455
-0.33103
-0.31448
-0.29527
-0.27385
-0.25077
-0.22666
-0.20233
-0.17876
-0.15685
-0.1371
-0.1198
-0.10526
-0.093629
-0.084882
-0.078965
-0.07579
-0.075199
-0.07687
-0.080288
-0.084875
-0.090118
-0.095674
-0.1013
-0.10679
-0.11191
-0.11635
-0.11976
-0.12178
-0.12211
-0.12057
-0.11709
-0.11176
-0.10486
-0.096862
-0.088237
-0.07939
-0.070693
-0.062459
-0.054901
-0.048142
-0.042181
-0.036901
-0.032189
-0.028008
-0.024238
-0.020695
-0.017321
-0.014101
-0.010958
-0.0078145
-0.0046344
-0.0014177
0.0018054
0.0049874
0.0081009
0.011135
0.01405
0.016762
0.019153
0.021078
0.02239
0.022955
0.022669
0.021443
0.019213
0.015944
0.01163
0.0062578
-0.00022814
-0.007804
-0.016263
-0.025262
-0.03447
-0.043766
-0.053068
-0.062172
-0.070883
-0.079079
-0.086635
-0.093451
-0.099494
-0.10476
-0.10925
-0.11292
-0.11574
-0.11769
-0.11863
-0.11839
-0.11679
-0.11372
-0.10909
-0.10277
-0.094675
-0.084795
-0.073292
-0.060425
-0.046472
-0.031681
-0.01635
-0.00082943
0.014537
0.0293
0.042922
0.055093
0.06578
0.074998
0.082806
0.089309
0.094611
0.098854
0.10232
0.10533
0.10805
0.11046
0.1124
0.11365
0.11395
0.11309
0.11087
0.10717
0.10202
0.095594
0.088171
0.08001
0.071303
0.062219
0.05299
0.04394
0.035325
0.027248
0.019762
0.012884
0.0065662
0.00078634
-0.0043815
-0.0087862
-0.012242
-0.014583
-0.015763
-0.015896
-0.015178
-0.013817
-0.011999
-0.0099182
-0.0077778
-0.005681
-0.0036453
-0.0017184
9.4174e-05
0.001905
0.0038642
0.0060942
0.0086812
0.01168
0.015109
0.018901
0.022911
0.027015
0.031164
0.03538
0.039672
0.043988
0.048274
0.052501
0.056661
0.0607
0.064516
0.068039
0.071222
0.073979
0.076241
0.077988
0.079229
0.079976
0.080221
0.07995
0.079123
0.077619
0.075269
0.071928
0.067477
0.061831
0.055005
0.04714
0.038451
0.029196
0.019615
0.0098893
0.00019531
-0.0091803
-0.017936
-0.025859
-0.032721
-0.038272
-0.042383
-0.04505
-0.046342
-0.046419
-0.045507
-0.043818
-0.041515
-0.038705
-0.035433
-0.031697
-0.027483
-0.022813
-0.017755
-0.012387
-0.0067575
-0.00089756
0.0051853
0.011511
0.018049
0.024668
0.0312
0.03748
0.043359
0.048724
0.053518
0.05773
0.061389
0.064577
0.067379
0.069815
0.071848
0.07338
0.074249
0.074287
0.073409
0.071633
0.069056
0.065793
0.0619
0.057304
0.0519
0.04567
0.038723
0.031236
0.023319
0.015047
0.006502
-0.0022793
-0.011281
-0.020407
-0.029513
-0.038477
-0.047195
-0.055572
-0.063512
-0.07087
-0.077425
-0.082939
-0.087222
-0.090142
-0.091627
-0.091656
-0.090281
-0.087623
-0.083797
-0.078915
-0.073106
-0.066523
-0.059305
-0.051505
-0.043123
-0.034237
-0.025074
-0.015976
-0.0072334
0.00096347
0.008409
0.014915
0.02035
0.024577
0.027434
0.028801
0.028638
0.027001
0.024046
0.019954
0.014774
0.0084651
0.0010302
-0.0073877
-0.016458
-0.025675
-0.034506
-0.042618
-0.049936
-0.056563
-0.062599
-0.068044
-0.072801
-0.076785
-0.079995
-0.082421
-0.084053
-0.085011
-0.085512
-0.085738
-0.085757
-0.085513
-0.084872
-0.083665
-0.081716
-0.078895
-0.075123
-0.070355
-0.064565
-0.057756
-0.04998
-0.041336
-0.031949
-0.022
-0.011787
-0.0016608
0.0080854
0.01724
0.025691
0.033432
0.040505
0.046921
0.0527
0.057894
0.062526
0.066587
0.070071
0.072974
0.075302
0.077099
0.078416
0.079251
0.079546
0.079208
0.078095
0.076043
0.072899
0.068534
0.06285
0.055853
0.047696
0.038641
0.029
0.01906
0.0090828
-0.00067115
-0.0099552
-0.018571
-0.026421
-0.033473
-0.039735
-0.045274
-0.050228
-0.054748
-0.058916
-0.062699
-0.066044
-0.068942
-0.071399
-0.073417
-0.074979
-0.076027
-0.076477
-0.076244
-0.075285
-0.073618
-0.071288
-0.068338
-0.064806
-0.060781
-0.056444
-0.052011
-0.047672
-0.043654
-0.040178
-0.037315
-0.035023
-0.033239
-0.031865
-0.030769
-0.029823
-0.028936
-0.028051
-0.027077
-0.025872
-0.024323
-0.022371
-0.019977
-0.017149
-0.013967
-0.010583
-0.007151
-0.0037196
-0.00028968
0.0031131
0.0064316
0.0095889
0.012518
0.015235
0.017853
0.020465
0.023122
0.025872
0.028764
0.031827
0.03506
0.038417
0.041799
0.045053
0.047997
0.050484
0.052431
0.053806
0.05455
0.05454
0.053659
0.05187
0.049226
0.045819
0.041764
0.03725
0.032515
0.02772
0.022942
0.018218
0.013585
0.00911
0.004883
0.0010077
-0.0024395
-0.0054734
-0.00821
-0.010812
-0.01342
-0.016107
-0.018904
-0.021798
-0.024715
-0.027521
-0.030051
-0.032148
-0.033691
-0.034602
-0.034845
-0.034441
-0.033484
-0.032124
-0.030501
-0.02875
-0.027044
-0.025609
-0.024654
-0.024246
-0.024366
-0.024985
-0.02603
-0.027351
-0.028704
-0.029751
-0.03012
-0.029523
-0.027814
-0.024982
-0.021125
-0.016401
-0.010985
-0.0050611
0.001174
0.007563
0.014028
0.020545
0.027064
0.033437
0.039468
0.045033
0.050129
0.054863
0.059366
0.063757
0.068102
0.072386
0.076579
0.080735
0.084917
0.089104
0.093238
0.09724
0.10101
0.10444
0.10742
0.10985
0.11163
0.11264
0.11273
0.11172
0.10942
0.10569
0.10058
0.094212
0.086684
0.078162
0.068908
0.059275
0.049655
0.040409
0.031818
0.02408
0.01736
0.011738
0.0071809
0.0036357
0.0010571
-0.00067288
-0.0017479
-0.0023789
-0.002769
-0.0030686
-0.0033093
-0.0034463
-0.0034436
-0.0032635
-0.0028473
-0.0021283
-0.0010273
0.00055313
0.0026726
0.0053119
0.0083944
0.011834
0.015587
0.019605
0.023782
0.027948
0.031941
0.035698
0.039151
0.042133
0.044472
0.046104
0.047102
0.047582
0.047588
0.047098
0.046063
0.044439
0.042222
0.039459
0.03622
0.032608
0.028802
0.025
0.021314
0.017805
0.014531
0.011588
0.0090845
0.0071197
0.0058282
0.0053831
0.0059198
0.0075147
0.010205
0.013937
0.018553
0.023863
0.029651
0.035659
0.041632
0.047356
0.052617
0.057198
0.060913
0.063636
0.065325
0.065999
0.065774
0.064911
0.063689
0.062274
0.06076
0.059235
0.057814
0.05659
0.055569
0.054707
0.053938
0.053183
0.052386
0.051553
0.050755
0.05007
0.049504
0.048993
0.04849
0.047974
0.047426
0.046808
0.046058
0.045143
0.044062
0.042829
0.041528
0.040322
0.039308
0.038438
0.03759
0.036629
0.03546
0.034044
0.032386
0.030482
0.028306
0.025861
0.023209
0.02045
0.017664
0.014861
0.012009
0.0090738
0.0060228
0.0028437
-0.00044217
-0.0037742
-0.0070747
-0.010312
-0.013484
-0.016505
-0.019219
-0.021502
-0.023257
-0.024412
-0.02494
-0.024855
-0.024166
-0.022886
-0.021075
-0.018864
-0.016451
-0.014032
-0.011737
-0.0095946
-0.0075733
-0.0056627
-0.0038803
-0.0022315
-0.00064552
0.0010002
0.0027505
0.0045587
0.0063459
0.0080424
0.0096109
0.011032
0.012315
0.013544
0.014835
0.016258
0.01785
0.019639
0.021644
0.023896
0.026493
0.029508
0.032856
0.03632
0.039626
0.042507
0.044743
0.046191
0.046798
0.046583
0.045606
0.043947
0.041726
0.039086
0.036131
0.032923
0.02952
0.025987
0.022403
0.018832
0.015321
0.011908
0.0086537
0.0056592
0.0030259
0.00081955
-0.00091943
-0.0021849
-0.0030263
-0.0035439
-0.0038518
-0.0040482
-0.0041939
-0.0043123
-0.0043962
-0.0044227
-0.0043862
-0.0043156
-0.0042129
-0.0040241
-0.0036846
-0.0031493
-0.0024022
-0.0014687
-0.00041109
0.0006999
0.001806
0.0028579
0.0037945
0.0045301
0.0050196
0.0053074
0.0054661
0.0055492
0.0055928
0.0056165
0.0056219
0.0055937
0.0055055
0.0053272
0.005037
0.0046313
0.0041357
0.0036088
0.003135
0.0027813
0.0025193
0.0022525
0.001946
0.001622
0.0013037
0.00097983
0.00060177
0.00012291
-0.00047875
-0.0012054
-0.0020597
-0.0030594
-0.004198
-0.0054292
-0.0067022
-0.0079776
-0.0092251
-0.010426
-0.011573
-0.012675
-0.013753
-0.01483
-0.015906
-0.016933
-0.017866
-0.018705
-0.019427
-0.019946
-0.020142
-0.019937
-0.019363
-0.018501
-0.017398
-0.016082
-0.014606
-0.01309
-0.011709
-0.010624
-0.0099233
-0.0096015
-0.0095903
-0.0098175
-0.010269
-0.010961
-0.01187
-0.012888
-0.01385
-0.014646
-0.015258
-0.015706
-0.016018
-0.016203
-0.016252
-0.016165
-0.015991
-0.015795
-0.015582
-0.015322
-0.014997
-0.014616
-0.01422
-0.013888
-0.013731
-0.013867
-0.014369
-0.015228
-0.016371
-0.017692
-0.01909
-0.020485
-0.021829
-0.023143
-0.0245
-0.025926
-0.027398
-0.028876
-0.030308
-0.031637
-0.032848
-0.033932
-0.034813
-0.035378
-0.035537
-0.035246
-0.034502
-0.033321
-0.031721
-0.029711
-0.027314
-0.024588
-0.021649
-0.018628
-0.015617
-0.01272
-0.010068
-0.0077053
-0.0055894
-0.0037123
-0.0021252
-0.00089642
-6.0234e-05
0.00041364
0.0005971
0.0005813
0.00044954
0.00028058
0.00015396
0.00014635
0.0003211
0.00070782
0.0012635
0.0018602
0.0023567
0.0026625
0.0027468
0.0026236
0.0023214
0.0018818
0.0013484
0.0007324
2.5809e-05
-0.0007419
-0.001489
-0.0020954
-0.0024387
-0.0024085
-0.0018917
-0.00081299
0.00081526
0.002932
0.0054803
0.0084244
0.011717
0.015256
0.018925
0.022657
0.026427
0.030237
0.034086
0.037911
0.041559
0.044919
0.047986
0.050762
0.05321
0.055285
0.056947
0.05817
0.05893
0.059236
0.059179
0.058872
0.058379
0.057775
0.057142
0.05646
0.055615
0.054508
0.053087
0.051341
0.049279
0.046912
0.044229
0.041237
0.037982
0.034506
0.030848
0.027113
0.02341
0.01973
0.016066
0.012512
0.0091867
0.0061823
0.0035619
0.0013702
-0.00035663
-0.0016177
-0.0024708
-0.0030327
-0.0034069
-0.0035992
-0.0035811
-0.0033519
-0.0029159
-0.0022796
-0.0014625
-0.00048705
0.00062351
0.0018005
0.0029238
0.003869
0.0045311
0.0048381
0.004771
0.0043626
0.0036725
0.0027789
0.0017635
0.0006535
-0.00060019
-0.0020406
-0.0036622
-0.0054372
-0.0073046
-0.0091536
-0.010824
-0.012138
-0.012961
-0.013219
-0.012876
-0.01194
-0.010482
-0.0086872
-0.0067869
-0.0048942
-0.003028
-0.0011864
0.00067411
0.0026114
0.0046073
0.0065828
0.0084798
0.010268
0.011926
0.013406
0.014633
0.015521
0.015994
0.016014
0.015605
0.014855
0.013881
0.012797
0.011679
0.010557
0.0094186
0.0082152
0.0068949
0.0054368
0.0038123
0.0019608
-0.00013159
-0.0024387
-0.0049899
-0.0078036
-0.010788
-0.013824
-0.01683
-0.019721
-0.022394
-0.024745
-0.026695
-0.028228
-0.02944
-0.030502
-0.031521
-0.032521
-0.033475
-0.034377
-0.035256
-0.036097
-0.03685
-0.037475
-0.037924
-0.03814
-0.038103
-0.037845
-0.037414
-0.036872
-0.036284
-0.035688
-0.03509
-0.034496
-0.033908
-0.033295
-0.032626
-0.031914
-0.031216
-0.030606
-0.030119
-0.029732
-0.029371
-0.028947
-0.028383
-0.027628
-0.026662
-0.02549
-0.024092
-0.022407
-0.020418
-0.018193
-0.015842
-0.013484
-0.011208
-0.0090624
-0.0070502
-0.0051252
-0.0032177
-0.0012739
0.00075396
0.0029
0.0051092
0.0072574
0.0092751
0.011137
0.012802
0.014251
0.015514
0.016631
0.017617
0.018442
0.019097
0.019637
0.020121
0.020565
0.020955
0.021283
0.021574
0.021858
0.022138
0.022383
0.022536
0.022519
0.022276
0.021774
0.020957
0.019724
0.017997
0.015725
0.012862
0.0093687
0.0052432
0.00058334
-0.0044566
-0.0097984
-0.015355
-0.020943
-0.026374
-0.031521
-0.03629
-0.040642
-0.044613
-0.048229
-0.051444
-0.054185
-0.056381
-0.057955
-0.058884
-0.059233
-0.059085
-0.058502
-0.057544
-0.0563
-0.054886
-0.053421
-0.051978
-0.050554
-0.04908
-0.047485
-0.045751
-0.043933
-0.042095
-0.040291
-0.038588
-0.037052
-0.035697
-0.034506
-0.033452
-0.032506
-0.031653
-0.030919
-0.03033
-0.029862
-0.029526
-0.029412
-0.029601
-0.030125
-0.030994
-0.032186
-0.033631
-0.035244
-0.036949
-0.038711
-0.040481
-0.042133
-0.043518
-0.044528
-0.045078
-0.045103
-0.044586
-0.04356
-0.042091
-0.040291
-0.038276
-0.036068
-0.033635
-0.03103
-0.028352
-0.025665
-0.022969
-0.020229
-0.017459
-0.014696
-0.011947
-0.0092371
-0.0066502
-0.0042467
-0.0020636
-0.00017751
0.0013481
0.0025171
0.0033179
0.0036819
0.0035482
0.0029082
0.0018094
0.00031802
-0.0015222
-0.0036745
-0.0061044
-0.0087939
-0.011699
-0.0147
-0.017621
-0.020278
-0.022525
-0.024245
-0.025307
-0.025649
-0.025353
-0.02456
-0.023403
-0.021971
-0.020318
-0.018473
-0.016459
-0.014305
-0.012066
-0.0098035
-0.007551
-0.0053057
-0.003035
-0.00068398
0.0017939
0.004387
0.0070229
0.0096083
0.012035
0.014186
0.015948
0.017215
0.017888
0.017921
0.017377
0.016393
0.01512
0.013694
0.012221
0.010781
0.0094182
0.0081261
0.0068211
0.0053688
0.0036818
0.0017406
-0.00044369
-0.0028494
-0.0054404
-0.0081265
-0.010768
-0.013238
-0.015476
-0.017501
-0.019365
-0.021116
-0.02284
-0.024637
-0.026552
-0.028536
-0.030469
-0.032272
-0.033943
-0.035488
-0.036931
-0.038341
-0.03976
-0.04116
-0.04249
-0.043714
-0.044837
-0.045853
-0.046698
-0.0473
-0.047618
-0.047647
-0.047406
-0.046916
-0.046197
-0.045274
-0.04414
-0.042787
-0.041248
-0.039582
-0.037832
-0.035986
-0.033997
-0.03183
-0.029493
-0.027025
-0.024473
-0.02187
-0.019232
-0.016566
-0.013868
-0.011123
-0.0083185
-0.0054479
-0.0025209
0.00043004
0.0033435
0.0061331
0.0086985
0.010962
0.012919
0.014625
0.016114
0.0174
0.018513
0.019535
0.020577
0.021706
0.02293
0.024233
0.025545
0.026753
0.027788
0.02865
0.029362
0.029939
0.030379
0.030694
0.030917
0.031055
0.031085
0.030955
0.0306
0.02996
0.028999
0.027734
0.026237
0.024622
0.022995
0.021412
0.019878
0.018384
0.016921
0.015488
0.01409
0.012747
0.011491
0.010365
0.0094094
0.0086556
0.008107
0.0077317
0.0074748
0.0072967
0.0071851
0.0071522
0.0072294
0.0074595
0.0078819
0.0085149
0.0093368
0.010273
0.011203
0.011997
0.012556
0.012831
0.012832
0.01262
0.012253
0.011741
0.01108
0.010283
0.0093781
0.0083782
0.0072556
0.0059512
0.004412
0.0026386
0.00066621
-0.0015017
-0.0038603
-0.0063681
-0.0089702
-0.011595
-0.014123
-0.016442
-0.018523
-0.020405
-0.022148
-0.023791
-0.025338
-0.026763
-0.028012
-0.029035
-0.029827
-0.030427
-0.030845
-0.031077
-0.031131
-0.030978
-0.030542
-0.029788
-0.028736
-0.027392
-0.025794
-0.024045
-0.022287
-0.020645
-0.019177
-0.01785
-0.016572
-0.015254
-0.013863
-0.012398
-0.010877
-0.0093475
-0.0078816
-0.006551
-0.005384
-0.0043712
-0.0035336
-0.0029044
-0.0024693
-0.0021521
-0.0018309
-0.0013775
-0.00068341
0.00033568
0.0017457
0.0035926
0.0058468
0.0083981
0.01112
0.01387
0.016484
0.018876
0.021087
0.02318
0.025174
0.027063
0.028841
0.030547
0.032257
0.034043
0.035891
0.037738
0.039552
0.041347
0.043136
0.044861
0.046411
0.047712
0.048733
0.04946
0.049914
0.050169
0.05036
0.050647
0.051154
0.051916
0.052866
0.053913
0.054973
0.055982
0.0569
0.057707
0.058386
0.05894
0.05946
0.060073
0.060805
0.061595
0.062368
0.06311
0.063867
0.064664
0.065513
0.066432
0.067411
0.068367
0.069154
0.069629
0.069734
0.069467
0.068847
0.067945
0.066851
0.065537
0.063864
0.061641
0.058665
0.054766
0.049866
0.043989
0.037225
0.029725
0.021674
0.013205
0.0044081
-0.0045606
-0.013469
-0.022079
-0.030214
-0.037796
-0.044784
-0.051166
-0.056978
-0.062261
-0.067019
-0.071239
-0.074932
-0.078162
-0.081041
-0.083702
-0.086268
-0.088802
-0.091267
-0.093536
-0.095444
-0.096822
-0.097501
-0.097329
-0.096189
-0.09405
-0.090952
-0.086951
-0.082088
-0.076404
-0.070017
-0.063094
-0.055719
-0.04796
-0.039966
-0.03192
-0.024008
-0.016422
-0.0093511
-0.0029638
0.0026224
0.0073427
0.011144
0.013973
0.015785
0.016594
0.016503
0.015677
0.014293
0.012488
0.010358
0.0079733
0.0053667
0.0025479
-0.00044333
-0.0035485
-0.0067533
-0.010049
-0.013381
-0.016639
-0.019682
-0.022389
-0.024643
-0.026324
-0.027327
-0.027579
-0.027033
-0.025669
-0.023503
-0.02063
-0.017217
-0.013451
-0.0094892
-0.0054301
-0.0012913
0.0029491
0.0072302
0.011438
0.015558
0.019599
0.023497
0.02715
0.030469
0.033399
0.035945
0.038179
0.040223
0.042206
0.044227
0.04636
0.048671
0.051166
0.053749
0.056227
0.058369
0.06
0.060982
0.061203
0.060651
0.059428
0.057667
0.055482
0.052941
0.050117
0.047117
0.044055
0.041063
0.038301
0.035957
0.03422
0.033255
0.033146
0.033862
0.035249
0.03708
0.039155
0.041317
0.043409
0.045303
0.046943
0.048341
0.049529
0.05048
0.051157
0.051562
0.051679
0.051436
0.050728
0.049455
0.047559
0.045066
0.042076
0.038711
0.035078
0.031272
0.027432
0.023739
0.020268
0.016999
0.013975
0.011236
0.0087453
0.006487
0.0045129
0.0028909
0.0016957
0.0010071
0.00084498
0.0011478
0.0018251
0.0027644
0.0038241
0.0048642
0.0057779
0.0065013
0.0070156
0.007342
0.0075092
0.0075231
0.0073661
0.0070068
0.0064118
0.0055654
0.0044874
0.0032455
0.0019211
0.00054564
-0.000851
-0.0021748
-0.0033084
-0.0041719
-0.0047665
-0.0051354
-0.0052953
-0.0052407
-0.0049816
-0.0045816
-0.0041238
-0.0036412
-0.003143
-0.0026357
-0.0020919
-0.00147
-0.00077404
-7.1162e-05
0.00051019
0.0007978
0.00064814
5.1657e-05
-0.0008951
-0.0020777
-0.003426
-0.0048942
-0.0063747
-0.0077093
-0.0087439
-0.0093515
-0.0094734
-0.0091649
-0.0085406
-0.0076802
-0.0066566
-0.0055544
-0.0044275
-0.0032882
-0.0021268
-0.00094777
0.00023381
0.0014574
0.0027902
0.0042362
0.0057531
0.0073039
0.0088865
0.010498
0.012057
0.01345
0.014585
0.015337
0.015572
0.015253
0.014431
0.013191
0.01166
0.009985
0.00826
0.0064729
0.0045081
0.0022709
-0.00022859
-0.0029135
-0.0056976
-0.0085275
-0.011326
-0.013972
-0.01639
-0.018573
-0.020534
-0.022284
-0.023827
-0.0252
-0.026454
-0.027586
-0.028601
-0.02958
-0.030643
-0.031896
-0.033375
-0.035025
-0.036752
-0.038511
-0.040318
-0.042132
-0.043867
-0.045476
-0.046924
-0.048154
-0.049106
-0.049728
-0.049995
-0.049928
-0.049596
-0.049079
-0.04844
-0.047689
-0.046815
-0.045816
-0.044679
-0.043387
-0.041969
-0.040487
-0.038979
-0.037424
-0.035736
-0.03382
-0.0316
-0.02904
-0.026169
-0.023079
-0.019892
-0.01672
-0.013626
-0.010647
-0.0077965
-0.0050417
-0.0023252
0.00034256
0.002899
0.0052903
0.0075139
0.009601
0.01154
0.013267
0.0147
0.015794
0.016577
0.017123
0.017559
0.018052
0.018772
0.019837
0.021287
0.02306
0.024999
0.02692
0.028681
0.030215
0.031512
0.032589
0.033496
0.034307
0.035122
0.036018
0.037
0.03798
0.038801
0.039322
0.039452
0.039097
0.038162
0.036587
0.034377
0.031606
0.028365
0.024774
0.021009
0.017233
0.013502
0.009798
0.0060967
0.0024143
-0.0011958
-0.0046603
-0.0078554
-0.010611
-0.012778
-0.014277
-0.015094
-0.015224
-0.014632
-0.013325
-0.011362
-0.008795
-0.005692
-0.0021647
0.0016482
0.0056051
0.0095941
0.013534
0.01737
0.021072
0.024635
0.028073
0.031386
0.034542
0.037506
0.04026
0.042771
0.04499
0.046869
0.048382
0.04952
0.050271
0.050619
0.050553
0.050053
0.049083
0.047605
0.045592
0.043011
0.039846
0.03611
0.031808
0.026956
0.021662
0.016129
0.0106
0.0052783
0.00030151
-0.004246
-0.0083346
-0.012001
-0.015322
-0.018384
-0.021245
-0.023958
-0.026593
-0.029185
-0.031716
-0.034192
-0.036633
-0.038996
-0.041196
-0.043142
-0.044719
-0.045835
-0.046517
-0.046845
-0.046857
-0.04656
-0.045949
-0.045025
-0.043815
-0.042377
-0.040783
-0.039107
-0.037426
-0.035802
-0.034268
-0.032887
-0.03176
-0.030934
-0.030381
-0.030048
-0.029879
-0.029839
-0.029898
-0.030003
-0.030052
-0.029956
-0.029698
-0.029304
-0.028822
-0.028311
-0.027814
-0.027331
-0.026845
-0.026326
-0.025699
-0.024881
-0.02385
-0.022689
-0.021527
-0.020381
-0.019189
-0.017928
-0.016594
-0.015171
-0.01365
-0.012064
-0.010511
-0.0090828
-0.0077974
-0.0065952
-0.0053957
-0.0041822
-0.0029924
-0.0019007
-0.0010486
-0.00060198
-0.00065086
-0.0012221
-0.0023238
-0.0039188
-0.0059147
-0.0081891
-0.010592
-0.01297
-0.015234
-0.017374
-0.019374
-0.021217
-0.022913
-0.024465
-0.025837
-0.026958
-0.027746
-0.028133
-0.028119
-0.027754
-0.027029
-0.025904
-0.024429
-0.022639
-0.020461
-0.017839
-0.014791
-0.011341
-0.0075372
-0.0034801
0.00066021
0.0046898
0.0084777
0.011961
0.015114
0.01795
0.020496
0.022724
0.024596
0.026135
0.027382
0.028348
0.029036
0.029458
0.029638
0.029594
0.029324
0.028815
0.028063
0.027076
0.02586
0.024425
0.022829
0.021184
0.019592
0.018075
0.016561
0.014993
0.013397
0.011851
0.010498
0.0095383
0.0090966
0.0091824
0.0097809
0.010864
0.012354
0.014119
0.016018
0.018012
0.020115
0.022279
0.024434
0.026549
0.028627
0.030659
0.032578
0.034257
0.035551
0.036354
0.03665
0.03651
0.036025
0.035225
0.03412
0.032717
0.030994
0.028907
0.026423
0.023553
0.020355
0.016921
0.013378
0.0098847
0.0065881
0.0035827
0.00089761
-0.0014918
-0.0036315
-0.0055885
-0.0074363
-0.0092137
-0.010908
-0.012471
-0.013863
-0.015082
-0.016151
-0.017097
-0.017954
-0.018736
-0.019418
-0.01996
-0.020327
-0.020466
-0.020324
-0.019905
-0.019253
-0.018407
-0.017373
-0.016111
-0.014565
-0.012706
-0.010556
-0.0081499
-0.005523
-0.0027709
-3.0887e-05
0.0025889
0.0050479
0.0073631
0.0095409
0.011577
0.01351
0.015426
0.01743
0.019601
0.021954
0.024439
0.026965
0.029435
0.031758
0.033857
0.035675
0.037168
0.038289
0.039037
0.039462
0.039603
0.039493
0.039195
0.038758
0.038172
0.037417
0.036506
0.035485
0.034417
0.033351
0.03232
0.03137
0.030578
0.030002
0.029614
0.029347
0.02916
0.029041
0.029004
0.029086
0.029345
0.02984
0.030616
0.031681
0.032997
0.03449
0.036081
0.037695
0.039273
0.040811
0.042322
0.043775
0.045146
0.046474
0.047815
0.049213
0.050685
0.052188
0.053611
0.054851
0.055854
0.056586
0.057032
0.057202
0.057108
0.056742
0.056091
0.055144
0.053899
0.052342
0.050439
0.048153
0.045472
0.042422
0.039058
0.035424
0.03154
0.027414
0.023089
0.01861
0.013996
0.0093086
0.0046764
0.00020582
-0.0040485
-0.008058
-0.011769
-0.015103
-0.018051
-0.020665
-0.022987
-0.025053
-0.026888
-0.028489
-0.029847
-0.031
-0.032024
-0.033001
-0.034022
-0.035154
-0.036396
-0.037691
-0.038946
-0.040008
-0.04071
-0.040981
-0.040869
-0.0405
-0.040056
-0.039714
-0.039594
-0.039728
-0.04007
-0.040561
-0.041155
-0.041787
-0.042365
-0.042812
-0.043141
-0.043456
-0.043824
-0.04423
-0.044643
-0.045047
-0.045453
-0.04587
-0.046298
-0.046767
-0.047275
-0.04775
-0.048124
-0.048386
-0.048572
-0.048706
-0.048765
-0.048735
-0.048652
-0.048545
-0.0484
-0.048143
-0.047709
-0.047071
-0.04617
-0.04493
-0.043303
-0.041276
-0.038846
-0.036048
-0.032939
-0.029561
-0.025921
-0.021999
-0.017809
-0.013439
-0.0090458
-0.0047966
-0.00078711
0.0029683
0.0065001
0.0098115
0.012896
0.015772
0.018458
0.020951
0.023238
0.025314
0.027193
0.028924
0.030574
0.032186
0.033765
0.035263
0.03656
0.037505
0.038053
0.038257
0.038154
0.037759
0.037097
0.036201
0.035104
0.033812
0.032344
0.030746
0.029033
0.027215
0.025382
0.023657
0.022138
0.020917
0.020065
0.019582
0.019438
0.019624
0.020142
0.020976
0.022073
0.023325
0.024579
0.025673
0.026489
0.026994
0.027198
0.027087
0.026632
0.025814
0.024635
0.023143
0.021425
0.019585
0.017696
0.015763
0.013721
0.011487
0.0090441
0.006465
0.003831
0.001216
-0.0013126
-0.0037024
-0.0059288
-0.0080065
-0.009995
-0.011982
-0.014039
-0.016186
-0.018388
-0.020579
-0.022689
-0.024626
-0.026288
-0.027629
-0.028692
-0.029597
-0.030475
-0.03143
-0.032559
-0.033924
-0.035502
-0.037204
-0.038902
-0.040447
-0.04171
-0.042632
-0.043219
-0.043503
-0.043521
-0.043337
-0.043066
-0.042807
-0.042604
-0.04248
-0.042453
-0.042539
-0.042746
-0.04307
-0.043493
-0.043976
-0.04446
-0.044868
-0.04515
-0.045353
-0.045555
-0.045725
-0.04582
-0.045875
-0.045892
-0.045799
-0.045524
-0.045042
-0.044378
-0.043539
-0.042487
-0.041157
-0.039509
-0.037563
-0.035385
-0.033047
-0.030596
-0.028049
-0.025412
-0.022717
-0.02002
-0.017335
-0.014621
-0.011849
-0.009041
-0.0062884
-0.0036838
-0.0013006
0.0007533
0.0023787
0.0035848
0.0044613
0.0051258
0.0057236
0.0064058
0.0072697
0.0083357
0.0095509
0.010818
0.012023
0.013052
0.013803
0.014212
0.014269
0.01402
0.013537
0.012882
0.012074
0.011121
0.010066
0.0089985
0.0080106
0.0071285
0.0063279
0.005616
0.005012
0.0045186
0.0041507
0.0039311
0.0038452
0.0038501
0.0039139
0.0040217
0.0041886
0.0044884
0.0050075
0.0057464
0.0066283
0.007564
0.0085167
0.0094993
0.010491
0.011434
0.01227
0.012909
0.01323
0.013136
0.0126
0.011663
0.010397
0.0088505
0.0070579
0.0050532
0.0028778
0.00056525
-0.0018716
-0.0043998
-0.0069405
-0.0094025
-0.011704
-0.013782
-0.015599
-0.017167
-0.018542
-0.019792
-0.020921
-0.02187
-0.022579
-0.023008
-0.023151
-0.023052
-0.022776
-0.02235
-0.021811
-0.02126
-0.020791
-0.020429
-0.020129
-0.019805
-0.019375
-0.018786
-0.018016
-0.017094
-0.01608
-0.015023
-0.013959
-0.012919
-0.011957
-0.011127
-0.010401
-0.0096962
-0.0089644
-0.0082102
-0.0074679
-0.0067643
-0.0060982
-0.0054464
-0.0047938
-0.0041693
-0.0036436
-0.0032966
-0.0031627
-0.0032041
-0.0033248
-0.0034305
-0.003479
-0.0034524
-0.0033384
-0.0031352
-0.0028535
-0.0025016
-0.0020583
-0.0014888
-0.00082293
-0.0001378
0.00053457
0.0012185
0.0019685
0.0028326
0.0038431
0.0050408
0.0064427
0.0079999
0.0096223
0.011227
0.012776
0.014272
0.015708
0.017061
0.018296
0.019358
0.02016
0.020569
0.020471
0.019868
0.018842
0.0175
0.015949
0.014291
0.012621
0.010994
0.0094331
0.0079888
0.0067457
0.0057348
0.0049307
0.0043018
0.0038373
0.0035443
0.0034015
0.0033554
0.0033605
0.00338
0.0033784
0.0033212
0.003177
0.0029218
0.0025447
0.002054
0.0014802
0.00086144
0.00021003
-0.0004796
-0.0011891
-0.0018933
-0.0025805
-0.0032151
-0.0037147
-0.0039715
-0.0039215
-0.0036103
-0.0031204
-0.0025011
-0.0018049
-0.0010902
-0.00038127
0.00031363
0.00097664
0.0016106
0.0022451
0.002898
0.0035831
0.0043416
0.0052124
0.0062093
0.0073512
0.0086745
0.010212
0.011955
0.013824
0.01573
0.017608
0.019386
0.020998
0.022428
0.023697
0.024831
0.025859
0.026817
0.02774
0.028635
0.029449
0.030109
0.030564
0.030798
0.03082
0.030627
0.030213
0.029577
0.028728
0.027672
0.026385
0.024804
0.02287
0.020567
0.017934
0.014983
0.0117
0.0081394
0.0044114
0.00062247
-0.0031012
-0.0066204
-0.0098662
-0.012843
-0.015555
-0.018029
-0.020332
-0.022505
-0.024536
-0.026397
-0.028046
-0.029414
-0.030445
-0.031147
-0.031568
-0.031771
-0.0318
-0.031681
-0.031431
-0.031069
-0.030618
-0.030123
-0.029648
-0.029269
-0.029035
-0.028924
-0.028848
-0.028697
-0.028428
-0.028081
-0.027735
-0.027502
-0.027501
-0.0278
-0.028396
-0.029237
-0.030223
-0.031228
-0.032164
-0.033009
-0.03373
-0.034287
-0.034674
-0.034898
-0.034965
-0.03491
-0.034779
-0.034551
-0.034157
-0.033546
-0.032738
-0.031802
-0.030763
-0.029599
-0.028344
-0.027078
-0.025897
-0.024934
-0.024308
-0.023995
-0.023875
-0.023878
-0.023949
-0.023996
-0.023968
-0.023891
-0.023826
-0.023847
-0.024011
-0.024319
-0.024682
-0.02496
-0.025039
-0.024912
-0.024645
-0.024265
-0.023781
-0.023232
-0.022679
-0.022174
-0.021713
-0.021221
-0.020585
-0.019729
-0.01866
-0.017413
-0.016023
-0.014529
-0.012983
-0.01145
-0.01
-0.0086904
-0.0075239
-0.0064713
-0.0055473
-0.0048019
-0.0042673
-0.0039443
-0.003812
-0.0038527
-0.0040613
-0.0044333
-0.004952
-0.0055802
-0.006256
-0.0069087
-0.0075009
-0.0080522
-0.0086331
-0.0093302
-0.010195
-0.011227
-0.012379
-0.013589
-0.014794
-0.015935
-0.016963
-0.017846
-0.018576
-0.01916
-0.019589
-0.01985
-0.01997
-0.020006
-0.020006
-0.020008
-0.020043
-0.020134
-0.020289
-0.020504
-0.020755
-0.021002
-0.021193
-0.021286
-0.021287
-0.021228
-0.021094
-0.020863
-0.020564
-0.020222
-0.019814
-0.019313
-0.018718
-0.018049
-0.017328
-0.016562
-0.015777
-0.015031
-0.014379
-0.013876
-0.013604
-0.013636
-0.013993
-0.014658
-0.015581
-0.016683
-0.017885
-0.01918
-0.020578
-0.022031
-0.023457
-0.024763
-0.025847
-0.026603
-0.026942
-0.026812
-0.0262
-0.025117
-0.02361
-0.021773
-0.019719
-0.01754
-0.015272
-0.012895
-0.010368
-0.0076897
-0.0049343
-0.0022488
0.00021213
0.0023589
0.0041569
0.0056176
0.0068009
0.0077693
0.0085374
0.0091136
0.0095373
0.0098783
0.010209
0.010574
0.010986
0.011453
0.012001
0.012622
0.013227
0.013722
0.014069
0.014286
0.014421
0.014517
0.014605
0.014701
0.014801
0.014877
0.014874
0.014721
0.014341
0.013672
0.012686
0.011414
0.00995
0.0084199
0.0068942
0.0053999
0.0039617
0.0026046
0.0013532
0.00024083
-0.00066842
-0.0012872
-0.0015938
-0.0016723
-0.0016528
-0.0016154
-0.0015337
-0.0013817
-0.0012142
-0.0011389
-0.0012199
-0.0014066
-0.0016269
-0.0018218
-0.0018857
-0.0017415
-0.0014257
-0.00099714
-0.00048364
8.0448e-05
0.00067054
0.0012987
0.0019763
0.002685
0.0033833
0.0040395
0.0046695
0.0053372
0.0061212
0.00706
0.00813
0.009258
0.010355
0.011344
0.012173
0.012825
0.013329
0.013757
0.014178
0.014578
0.014898
0.015096
0.015133
0.014952
0.014508
0.01382
0.012991
0.012148
0.011383
0.01074
0.010218
0.009769
0.0093412
0.0089101
0.0084867
0.0081184
0.0078726
0.0077946
0.0078838
0.0081202
0.0084693
0.0088741
0.0092558
0.0095396
0.0097005
0.0097635
0.0097625
0.0097362
0.0097303
0.0097921
0.0099631
0.010271
0.01072
0.011287
0.011919
0.01256
0.013188
0.013803
0.014401
0.015011
0.015692
0.016493
0.017453
0.018613
0.019971
0.021464
0.022999
0.024473
0.025773
0.026799
0.0275
0.027934
0.028227
0.028494
0.028825
0.029275
0.029859
0.030538
0.031237
0.031882
0.032446
0.032949
0.033441
0.033949
0.034468
0.034961
0.035365
0.035642
0.035849
0.036055
0.036246
0.036364
0.036337
0.036102
0.035649
0.035052
0.03443
0.03388
0.033389
0.032879
0.032285
0.031571
0.030734
0.029809
0.028843
0.027858
0.026846
0.025771
0.024585
0.023257
0.021819
0.020338
0.018889
0.017549
0.01636
0.015307
0.014372
0.013569
0.012897
0.01232
0.011782
0.011236
0.010682
0.010166
0.0097475
0.0094616
0.0093114
0.009294
0.0093693
0.0094465
0.0094519
0.0093709
0.0092171
0.0090166
0.0088042
0.0085962
0.0083763
0.0081513
0.0079747
0.0078736
0.0078256
0.0078034
0.0077899
0.0077866
0.0078381
0.0080127
0.0083008
0.0086194
0.0089608
0.009373
0.0098351
0.010298
0.010754
0.011207
0.011666
0.012178
0.012813
0.013613
0.014567
0.015614
0.016669
0.017653
0.018508
0.019214
0.019782
0.020242
0.020613
0.020923
0.0212
0.021414
0.021479
0.021348
0.021032
0.020582
0.020114
0.019808
0.019794
0.020084
0.020627
0.021325
0.022036
0.022605
0.022915
0.022917
0.022623
0.022082
0.021348
0.020443
0.019386
0.018222
0.017004
0.015766
0.014521
0.013274
0.012023
0.010768
0.0095236
0.0083452
0.0073314
0.0065464
0.0059674
0.0055091
0.0050614
0.0045257
0.0038163
0.002879
0.0018075
0.00083321
5.8187e-05
-0.0005987
-0.0011787
-0.0016709
-0.0021029
-0.0025168
-0.0029236
-0.0033018
-0.0036202
-0.0038793
-0.004105
-0.0043065
-0.004473
-0.0045813
-0.0046031
-0.0045253
-0.0043817
-0.004231
-0.0040928
-0.0039606
-0.0038331
-0.0037153
-0.0036155
-0.0035451
-0.0035165
-0.0035384
-0.0036075
-0.00369
-0.0036904
-0.0034756
-0.0029687
-0.0021762
-0.0011506
2.6252e-05
0.0012498
0.0023643
0.0031913
0.0036362
0.0036978
0.0034138
0.002916
0.002432
0.0021064
0.0019427
0.001951
0.0021466
0.0024596
0.0027894
0.0030766
0.0032744
0.0033248
0.003167
0.0027499
0.0020454
0.0010635
-0.00013538
-0.0014417
-0.0027578
-0.0041065
-0.0055511
-0.0070179
-0.0083469
-0.0094105
-0.010175
-0.0107
-0.011066
-0.011365
-0.011698
-0.012142
-0.012736
-0.013548
-0.014683
-0.016203
-0.018107
-0.020324
-0.022658
-0.024822
-0.026662
-0.028199
-0.029458
-0.030476
-0.031387
-0.032313
-0.03327
-0.034213
-0.035086
-0.035833
-0.030664
-0.030949
-0.030854
-0.030234
-0.02889
-0.026651
-0.023512
-0.019656
-0.01539
-0.011071
-0.0070369
-0.00354
-0.00070332
0.0015072
0.0032481
0.0046951
0.0059388
0.0069657
0.0078029
0.0085676
0.0093905
0.010374
0.011572
0.013003
0.014657
0.016449
0.01824
0.019923
0.021405
0.022595
0.023439
0.023985
0.024425
0.024938
0.025548
0.026161
0.026637
0.026836
0.026632
0.025929
0.024691
0.022949
0.020773
0.018293
0.015696
0.013198
0.010982
0.0091315
0.0076216
0.0063823
0.005426
0.0048133
0.0044822
0.0042995
0.0041659
0.0040179
0.003821
0.0035727
0.0033046
0.0030791
0.0029786
0.003069
0.0033527
0.0037873
0.0043381
0.0050206
0.0059278
0.0072137
0.0089566
0.011059
0.013346
0.015611
0.017613
0.0192
0.020393
0.021242
0.021766
0.022003
0.021999
0.021776
0.021342
0.020745
0.020147
0.019831
0.020112
0.02117
0.0229
0.024883
0.026675
0.028096
0.029124
0.029786
0.030105
0.030132
0.029973
0.029741
0.029533
0.029423
0.029453
0.029632
0.029929
0.030279
0.030592
0.030793
0.030848
0.030739
0.030479
0.030133
0.029772
0.029417
0.029071
0.028735
0.028413
0.028113
0.027846
0.027633
0.027499
0.027473
0.027573
0.027802
0.028135
0.028513
0.028854
0.029085
0.02918
0.02917
0.029119
0.029079
0.029082
0.029133
0.029198
0.029211
0.02908
0.028734
0.028145
0.027313
0.026264
0.025045
0.023706
0.022273
0.020754
0.01914
0.017421
0.015595
0.013681
0.011729
0.0098248
0.0080648
0.0064964
0.0051102
0.0039215
0.0029605
0.0022052
0.0016212
0.0011901
0.00087563
0.00062469
0.00040217
0.00019239
-5.7623e-06
-0.00018196
-0.00031849
-0.00039678
-0.00040396
-0.00034182
-0.00023265
-0.00012357
-8.4608e-05
-0.00019927
-0.00053384
-0.0010939
-0.0018256
-0.0026533
-0.0035072
-0.0043371
-0.0051034
-0.0057669
-0.0062977
-0.0067296
-0.0071595
-0.0076658
-0.0082534
-0.0088481
-0.0093641
-0.0097554
-0.010012
-0.01015
-0.010197
-0.01018
-0.010114
-0.0099772
-0.0097569
-0.0094915
-0.0092424
-0.0090381
-0.008828
-0.0085406
-0.0081455
-0.0076142
-0.0069129
-0.0060427
-0.0050323
-0.0039295
-0.0028333
-0.0018636
-0.0010789
-0.0005177
-0.00024323
-0.00029015
-0.00065183
-0.001322
-0.0022852
-0.003497
-0.0048756
-0.0063248
-0.0077768
-0.0091782
-0.010481
-0.011682
-0.012816
-0.013913
-0.014995
-0.016066
-0.017116
-0.018122
-0.019055
-0.019906
-0.020699
-0.021467
-0.022219
-0.022931
-0.023567
-0.024115
-0.02455
-0.024819
-0.02488
-0.024718
-0.02435
-0.023795
-0.023073
-0.02225
-0.021425
-0.020662
-0.019995
-0.01945
-0.018989
-0.018508
-0.01794
-0.017284
-0.016567
-0.015818
-0.015054
-0.014314
-0.013659
-0.013122
-0.012719
-0.012482
-0.012432
-0.01255
-0.012777
-0.013023
-0.01321
-0.013314
-0.013375
-0.013465
-0.013626
-0.013841
-0.014072
-0.01433
-0.014638
-0.014998
-0.015384
-0.015749
-0.016042
-0.016237
-0.016357
-0.016442
-0.016526
-0.016634
-0.016777
-0.01695
-0.017132
-0.017291
-0.017411
-0.017486
-0.017511
-0.017493
-0.017453
-0.017401
-0.017331
-0.017251
-0.017175
-0.017095
-0.017005
-0.016926
-0.016881
-0.016876
-0.016888
-0.01689
-0.016872
-0.016829
-0.016754
-0.01664
-0.016484
-0.016293
-0.0161
-0.015953
-0.015886
-0.015894
-0.015945
-0.015996
-0.016027
-0.016041
-0.016054
-0.016084
-0.01614
-0.01622
-0.016312
-0.016395
-0.016454
-0.016491
-0.016516
-0.016542
-0.01657
-0.016589
-0.016585
-0.016557
-0.016517
-0.016488
-0.016495
-0.016544
-0.016629
-0.016728
-0.016821
-0.01689
-0.016919
-0.0169
-0.01683
-0.016716
-0.016568
-0.01639
-0.016188
-0.015974
-0.01576
-0.015551
-0.015345
-0.015144
-0.014958
-0.014795
-0.014658
-0.014539
-0.014423
-0.014303
-0.014173
-0.014032
-0.013871
-0.013677
-0.01344
-0.01316
-0.012845
-0.012508
-0.01216
-0.01181
-0.011466
-0.011132
-0.010813
-0.01051
-0.010221
-0.0099414
-0.0096646
-0.0093813
-0.0090829
-0.0087671
-0.008442
-0.0081207
-0.0078127
-0.0075185
-0.007234
-0.0069594
-0.0066931
-0.006425
-0.0061475
-0.0058601
-0.0055642
-0.0052621
-0.004958
-0.004657
-0.0043633
-0.0040761
-0.0037928
-0.0035175
-0.003256
-0.003008
-0.0027704
-0.0025401
-0.0023141
-0.0020893
-0.0018625
-0.0016312
-0.0013938
-0.0011502
-0.00090226
-0.00065337
-0.00040675
-0.00016322
7.6204e-05
0.00030902
0.00053363
0.00074903
0.00095208
0.0011396
0.0013113
0.0014705
0.0016224
0.0017712
0.0019192
0.0020669
0.0022125
0.0023536
0.0024886
0.0026176
0.0027402
0.0028565
0.0029688
0.0030798
0.0031903
0.0032997
0.0034053
0.003504
0.0035944
0.0036786
0.0037598
0.0038396
0.0039182
0.0039941
0.0040649
0.0041286
0.0041841
0.0042325
0.0042755
0.0043148
0.0043518
0.0043874
0.0044221
0.004456
0.0044886
0.0045191
0.0045467
0.0045715
0.0045939
0.0046142
0.004632
0.0046477
0.0046621
0.0046748
0.0046853
0.0046931
0.0046981
0.0047009
0.0047024
0.0047037
0.0047053
0.0047076
0.0047106
0.0047138
0.0047172
0.0047207
0.0047246
0.0047288
0.0047328
0.0047364
0.0047393
0.0047418
0.0047439
0.0047458
0.0047469
0.004747
0.0047456
0.0047425
0.0047375
0.004731
0.0047232
0.0047143
0.0047041
0.0046928
0.0046802
0.0046666
0.0046521
0.0046366
0.0046203
0.0046029
0.0045846
0.0045652
0.0045447
0.0045231
0.0045002
0.0044761
0.0044507
0.0044242
0.0043966
0.0043681
0.0043388
0.0043088
0.0042781
0.0042469
0.0042151
0.0041828
0.00415
0.0041166
0.0040827
0.0040481
0.004013
0.0039773
0.0039411
0.0039045
0.0038673
0.0038297
0.0037918
0.0037534
0.0037147
0.0036756
0.0036361
0.0035963
0.0035562
0.0035158
0.003475
0.0034339
0.0033926
0.0033509
0.0033089
0.0032666
0.0032241
0.0031812
0.0031381
0.0030946
0.0030509
0.0030069
0.0029626
0.002918
0.0028732
0.0028281
0.0027827
0.0027371
