-5.9052e-06
-4.6233e-06
2.6639e-06
-1.9096e-06
-2.2137e-05
-8.4925e-06
3.9273e-05
-3.7116e-05
-2.9693e-05
6.2896e-05
3.304e-07
-8.659e-06
-1.476e-05
5.1816e-05
1.5246e-05
-0.00013232
-2.3776e-06
6.9811e-05
0.00022303
0.00041799
-0.00044682
-0.00050459
0.00045035
0.00065666
0.00016246
-0.00093563
-0.0001265
0.00038469
0.00083242
0.00024202
-0.001287
-0.0016752
-0.0013529
0.0018605
0.0017509
0.00019969
-0.001609
-0.0019465
-0.00040074
0.00020309
0.00040467
-0.00019372
0.001176
-0.00050986
0.0010232
0.00051696
-0.0022327
-0.00057468
-0.001962
0.00039417
0.0024284
0.0046419
0.0032379
-0.0026828
-0.0067396
2.788e-06
0.0038208
-0.00031277
-0.0049897
-0.0017403
0.0091246
0.0054952
-0.0044712
-0.007446
-0.0025373
-0.00034056
-0.0010007
-0.00049105
-0.00048289
0.0022514
0.0046567
0.0040375
0.0020027
0.0018351
-0.014938
-0.004292
0.029332
0.020787
-0.01036
-0.029359
-0.018887
0.0069109
0.016272
-0.007228
-0.015102
-0.0037868
0.018503
0.03422
0.0040438
-0.011717
-0.0033274
-0.0034711
0.0068332
0.0050039
-0.0020566
0.0062131
-0.0016439
-0.0064689
-0.0013621
-0.00072976
-0.0059301
0.0035858
-0.0040991
-0.02591
-0.0078841
0.0085874
0.013509
0.024963
0.0032873
-0.021823
-0.019725
-0.02089
-0.0040872
0.019321
-0.0075615
-0.020212
0.030735
0.051588
0.017499
-0.018979
-0.017164
0.0054925
0.016889
-0.0034219
-0.017183
-0.0066668
-0.0011391
-0.001388
0.00053922
-0.0013159
-0.0055651
-0.024208
-0.03565
0.010588
0.020614
0.0075852
-0.011041
-0.039984
0.0062722
0.019828
-0.0012781
-0.0051818
0.0062555
0.013094
-0.00021476
0.0062095
0.01253
0.01155
0.00098891
0.0017246
0.018865
0.015221
-0.02533
0.0010599
0.025289
-0.0026564
-0.019878
-0.0039327
0.0069671
0.00026127
-0.0026523
-0.021998
-0.024575
-0.036326
0.0037647
0.0023728
-0.011198
0.0021842
-0.0050586
0.010739
0.012374
0.01345
0.02308
-0.005822
-0.012971
0.010481
0.011039
-0.0044982
-0.0073908
0.015923
0.039841
0.025018
0.0051808
0.019358
0.0059424
-0.021328
-0.011055
-0.00079889
-0.020015
-0.0080774
0.046126
0.039884
-0.0034495
-0.0045178
0.023173
0.048364
0.044877
0.038378
0.025491
-0.014978
-0.03092
-0.038204
-0.077886
-0.15204
-0.17615
-0.1231
-0.039449
0.11165
0.17977
0.16701
0.11597
0.027707
-0.086444
-0.06485
0.057375
0.01191
-0.098484
-0.14879
-0.098013
0.0099356
0.049508
0.024104
0.026111
-0.013733
-0.093553
-0.1492
-0.10801
-0.04551
-0.070549
-0.05943
-0.00035068
0.10417
0.2123
0.24072
0.21641
0.071186
-0.11013
-0.19379
-0.14201
0.0094642
0.10494
0.11985
0.046354
5.877e-05
0.061233
0.10694
0.12064
0.020574
-0.0068162
0.039326
0.003746
-0.061662
-0.16132
-0.16216
-0.06101
0.04754
0.07623
0.067919
-0.065648
-0.21067
-0.2075
-0.14435
-0.083585
-0.057034
0.048078
0.18325
0.20847
0.17818
0.1323
-0.015987
-0.13758
-0.056285
0.1034
0.2383
0.25556
0.081155
-0.094005
-0.066396
0.052029
0.029408
-0.10972
-0.20262
-0.2074
-0.055732
0.15014
0.17721
0.088192
0.010366
-0.10223
-0.20931
-0.16239
0.019211
0.14627
0.17096
0.17411
0.13909
0.08168
0.029153
0.0010297
-0.050087
-0.13095
-0.19848
-0.19718
-0.13109
-0.13029
-0.18719
-0.21964
-0.1842
-0.13728
-0.075886
0.088186
0.19389
0.22502
0.26255
0.16693
0.073634
-0.0098961
-0.10452
-0.040323
-0.011739
0.052817
0.13639
0.10904
0.075292
0.039688
-0.028109
-0.078533
-0.10947
-0.11094
-0.10782
-0.063962
0.030923
0.049214
0.031392
0.065172
0.089428
0.021677
-0.0091596
-0.010623
-0.032194
-0.010383
-0.032929
-0.081249
-0.081417
-0.053677
-0.0078967
-0.011171
-0.0078846
0.051373
0.090523
0.11716
0.10892
0.017235
-0.0047552
0.039311
0.041293
0.055127
0.0605
0.0051038
-0.063572
-0.075619
-0.041297
-0.051602
-0.13361
-0.17285
-0.12845
-0.072578
-0.029821
0.037864
0.09028
0.10662
0.14816
0.19634
0.20845
0.16837
0.076235
-0.0073789
-0.043287
-0.15977
-0.22591
-0.08077
0.051664
-0.038957
-0.15828
-0.17516
-0.13159
-0.043369
-0.022486
-0.059393
0.0037042
0.12325
0.099601
0.03055
-0.048768
-0.0069926
0.12893
0.17478
0.16772
0.1522
0.13861
0.10804
0.10245
0.082395
-0.012065
-0.14226
-0.23721
-0.17466
-0.030038
-0.020238
-0.15042
-0.20926
-0.018333
0.15043
0.17118
0.13364
0.10673
0.026992
-0.11104
-0.13112
-0.083668
-0.076116
-0.091406
-0.096284
-0.046634
0.050973
0.13116
0.1708
0.10634
-0.026132
-0.085505
-0.13376
-0.19697
-0.2105
-0.19195
-0.086775
0.083729
0.16022
0.15185
0.14111
0.037896
-0.036984
0.030222
0.1011
0.10543
0.099114
0.11763
0.1497
0.056254
-0.11586
-0.11307
0.067674
0.18967
0.16394
0.058848
-0.043106
-0.071621
-0.023784
0.019162
0.033874
0.043362
0.049207
0.045431
0.014396
0.00021184
-0.0050284
-0.042761
-0.1334
-0.26451
-0.34981
-0.2854
-0.052811
0.14103
0.12524
0.022842
-0.10823
-0.2628
-0.35834
-0.30117
-0.16705
-0.075646
-0.013368
0.087723
0.15726
0.15893
0.13532
0.071631
0.05025
0.11015
0.18429
0.23042
0.18655
0.085952
0.028478
-0.010825
-0.028556
-0.046704
-0.066844
0.021171
0.1973
0.2838
0.27115
0.15763
-0.095373
-0.23055
-0.16434
-0.031077
0.07307
0.11275
0.094538
0.050312
0.0195
-0.01992
-0.064922
-0.083582
-0.024892
0.064887
0.11923
0.1249
0.0023411
-0.16542
-0.22555
-0.2195
-0.22672
-0.24013
-0.21286
-0.059232
0.11212
0.13874
0.022005
-0.11775
-0.13019
-0.07887
-0.050694
0.0045549
0.11679
0.15653
0.13105
0.058834
0.0069266
0.042173
0.10675
0.148
0.1388
0.11976
0.10687
0.088349
0.060303
0.024219
-0.020241
-0.050234
-0.072378
-0.10788
-0.13747
-0.15164
-0.14526
-0.15907
-0.17779
-0.1757
-0.16411
-0.11231
-0.045299
-0.0089127
-0.001256
0.0025082
0.035107
0.092857
0.13647
0.14069
0.10493
0.063622
0.043503
0.058748
0.091547
0.11803
0.1331
0.12989
0.10363
0.081583
0.091461
0.11406
0.11504
0.098911
0.036239
-0.060592
-0.10799
-0.11867
-0.11144
-0.089983
-0.076915
-0.066009
-0.045485
-0.049268
-0.08016
-0.11825
-0.15207
-0.14477
-0.10386
-0.024027
0.036726
0.014151
-0.039418
-0.084385
-0.10751
-0.087396
-0.022242
0.047808
0.10846
0.12924
0.13581
0.1456
0.13378
0.070297
-0.024648
-0.041672
-0.0026096
0.024816
0.010604
-0.029772
-0.043052
-0.016571
-0.0036838
-0.029316
-0.068037
-0.066939
0.006995
0.053831
0.012679
-0.051393
-0.073039
-0.026461
0.042313
0.041608
0.0054308
-0.017646
0.023043
0.077786
0.068273
0.045312
0.021029
0.019565
0.028461
0.016632
0.0073118
0.017998
0.050507
0.059585
0.031469
0.0079947
0.025291
0.070615
0.092427
0.063119
-0.0036137
-0.038836
-0.0085245
0.038859
0.028294
-0.017626
-0.038292
-0.03941
-0.03019
-0.00064855
0.0085487
-0.021119
-0.057946
-0.079961
-0.077145
-0.071422
-0.049013
-0.0087993
0.025558
0.038068
0.027771
-0.001942
-0.027871
-0.025777
-0.0040163
0.014494
0.014723
0.003645
-0.0075142
-0.014674
-0.036499
-0.053655
-0.042802
-0.0010343
0.041064
0.049447
0.026631
-0.0073481
-0.029696
-0.049835
-0.070781
-0.076606
-0.068183
-0.051797
-0.031363
-0.022153
-0.031859
-0.033465
-0.023043
-0.004206
0.028032
0.052974
0.047787
0.0077857
-0.024256
-0.0096643
0.033836
0.052975
0.041488
0.036843
0.055082
0.072396
0.06462
0.046188
0.035237
0.025353
0.013823
-0.00073534
-0.025658
-0.033811
-0.014703
0.0025023
-0.0033052
-0.015124
-0.0068925
0.02894
0.060739
0.045079
-0.024538
-0.060986
-0.024011
0.013644
-0.0011365
-0.02897
-0.031829
-0.010547
0.025536
0.03936
0.021952
-0.014954
-0.047609
-0.053714
-0.0059295
0.051116
0.046481
0.0054122
-0.0038488
0.013642
0.016612
0.006759
-0.010337
-0.020124
-0.0067321
0.025145
0.045287
0.039175
0.025626
0.015693
0.003078
-0.024625
-0.054057
-0.056377
-0.046656
-0.043615
-0.038545
-0.023144
-0.0098145
0.00084559
0.013909
0.024195
0.03238
0.025202
-0.00075655
-0.045214
-0.078455
-0.070842
-0.021381
0.03189
0.045979
0.031726
0.001226
-0.035163
-0.056427
-0.060615
-0.055334
-0.048396
-0.029501
-0.0099738
0.00033615
0.0164
0.034557
0.051684
0.067095
0.081065
0.081065
0.070507
0.052682
0.037419
0.031993
0.023147
0.013188
0.0066807
0.0011035
-0.01256
-0.031847
-0.041396
-0.028536
-0.0023604
0.0063694
0.0020442
-0.0050857
-0.013616
-0.025873
-0.038801
-0.037809
-0.0048244
0.026792
0.016778
-0.012258
-0.025951
-0.0069714
0.020373
0.038192
0.039219
0.030745
0.027855
0.026044
0.015751
0.0034925
0.0097214
0.02797
0.035511
0.02959
0.024996
0.022228
0.015677
-0.013957
-0.05129
-0.056839
-0.045805
-0.04548
-0.066092
-0.072719
-0.039331
-0.0051004
-0.00084149
-0.013034
-0.03077
-0.047849
-0.055348
-0.049588
-0.039531
0.022942
0.091459
0.094116
0.068309
0.045186
0.041716
0.045204
0.033947
0.008183
0.0010301
0.0083649
0.018693
0.023621
0.022503
0.018971
0.0089301
-0.0094959
-0.02126
-0.020674
-0.0093559
0.0083636
0.022221
0.035032
0.039775
0.027998
-0.005174
-0.036382
-0.047145
-0.05369
-0.053759
-0.045259
-0.043145
-0.038928
-0.030776
-0.023292
-0.020135
-0.023038
-0.028095
-0.02894
-0.018515
-0.0010742
0.019713
0.036212
0.0405
0.026163
0.0013394
-0.010392
-0.0042273
0.0039152
0.00068661
-0.0083565
-0.010045
-0.0075636
-0.0053266
-0.0055743
-0.0049099
-0.00098666
0.0059393
0.016998
0.029828
0.037398
0.036028
0.027382
0.013627
0.0045611
0.0016976
0.0041743
0.0083635
0.0077198
-0.0016223
-0.013927
-0.020112
-0.018754
-0.0037255
0.004974
0.0017252
-0.0086059
-0.027134
-0.037364
-0.033595
-0.021903
-0.019264
-0.02289
-0.024827
-0.02422
-0.023655
-0.022048
-0.023027
-0.021646
-0.0029782
0.028119
0.046003
0.042849
0.023054
-0.010135
-0.02415
-0.019534
-0.0091891
0.0030074
0.019804
0.033803
0.037799
0.040809
0.044995
0.046704
0.045131
0.023817
-0.017358
-0.039294
-0.040243
-0.01058
0.026465
0.030603
0.021989
0.017052
0.010796
-0.010125
-0.023152
-0.023916
-0.029631
-0.031824
-0.029501
-0.013874
0.011621
0.022136
0.020322
0.01563
0.011951
0.0051964
-0.0082116
-0.011678
-0.0046485
-0.0038765
-0.012514
-0.015638
-0.014241
-0.013006
-0.009321
-0.006763
-0.001969
0.012935
0.02242
0.020326
0.013587
0.0080711
0.018046
0.030648
0.033047
0.034332
0.031685
0.025715
0.0033322
-0.021937
-0.024159
-0.0096482
0.0034267
0.0093471
0.010626
0.0077111
0.0030915
-0.010744
-0.0253
-0.029722
-0.023641
-0.014426
-0.0089721
-0.0051505
0.0049952
0.014881
0.026399
0.036189
0.03507
0.031568
0.025295
0.0081545
-0.013385
-0.023879
-0.022944
-0.01584
-0.0078764
-0.0043749
-0.0074279
-0.010081
-0.011792
-0.013435
-0.011633
-0.0073555
-0.0027319
-0.0008592
-0.0015826
-0.0081721
-0.016782
-0.019745
-0.012352
-0.0030915
-0.0013934
-0.0018381
0.00071997
0.0041631
0.0040372
0.0073003
0.011158
0.017921
0.021745
0.0198
0.014961
0.010169
0.0075608
0.00093658
-0.0044398
0.00030734
0.0069646
0.0077928
0.0047789
-0.0033819
-0.016446
-0.02204
-0.018078
-0.013655
-0.011065
-0.0046955
0.0060284
0.010357
0.015134
0.018319
0.017355
0.012159
0.0067454
0.00067449
-0.0064552
-0.0012344
0.0071371
0.0074757
-0.00034588
-0.014946
-0.030386
-0.040836
-0.040725
-0.027852
-0.010894
-0.0098089
-0.01567
-0.014194
-0.011183
-0.013165
-0.017588
-0.017553
-0.014904
-0.014106
-0.017889
-0.0059516
0.018225
0.021974
0.0025996
-0.020643
-0.029029
-0.022284
-0.014941
-0.0016176
0.011628
0.013019
0.0099122
-0.0016371
-0.0054463
-0.00014372
0.0064999
0.017387
0.025554
0.026323
0.022856
0.023012
0.022713
0.02205
0.014581
0.0051556
0.0060166
0.0052702
8.2482e-05
-0.0017892
0.0022261
0.0038289
0.00037958
-0.0056058
-0.0087279
-0.0074869
-0.004751
-0.00062438
0.00409
0.011093
0.017437
0.014532
0.0074614
-0.0067988
-0.0247
-0.028787
-0.016018
0.0016387
0.003395
-0.0013628
-0.00276
0.0075078
0.022348
0.025555
0.022283
0.016021
0.011156
0.012696
0.015541
0.01305
0.0070979
0.0049051
0.011372
0.015328
0.012211
0.010688
0.0080049
0.0027414
0.00025717
0.0011607
-0.00026639
-0.0034366
-0.0081918
-0.0096855
-0.0029914
0.0055025
0.010214
0.0078364
-0.0015522
-0.010863
-0.016542
-0.020086
-0.024679
-0.025579
-0.021248
-0.010718
-0.00090914
0.00042323
-0.0076124
-0.019574
-0.023181
-0.019122
-0.0079973
-0.0015549
-0.00015968
0.0014392
0.00029363
-0.006962
-0.0093781
-0.0052242
-0.0038752
-0.0036237
-0.0090229
-0.010346
-0.0004806
0.0148
0.020456
0.01447
0.0060857
0.0035906
0.0051069
0.0021168
0.0017078
0.0039128
0.0061284
0.0082869
0.0089378
0.0061804
0.0022181
0.00067411
-0.00064792
-0.0043998
-0.012372
-0.019766
-0.018819
-0.012276
-0.0072293
-0.0075249
-0.005411
-0.0038219
0.00080621
0.0095115
0.01056
0.0061279
-0.0028188
-0.0038883
0.0035423
0.01379
0.022159
0.023132
0.018553
0.012529
0.0049004
0.00042113
-0.0046972
-0.011505
-0.016711
-0.022471
-0.019689
-0.0098553
0.0026223
0.0092715
0.0070639
-0.00094823
-0.0066055
-0.008026
-0.0025473
0.0046229
0.0037207
-0.00010319
0.00082331
0.0063637
0.0070633
0.0046446
0.0082443
0.017914
0.021817
0.019544
0.015714
0.015994
0.017875
0.016882
0.010423
0.0018916
-0.0022114
-0.0010614
0.0011974
0.0011656
1.9779e-05
-0.00028993
0.0052355
0.011032
0.011222
0.0063329
-0.0080199
-0.022158
-0.025854
-0.020326
-0.0072288
0.0016923
0.0018344
-0.0032215
-0.0084947
-0.01145
-0.016707
-0.021155
-0.021378
-0.01803
-0.010658
-0.0069172
-0.0093379
-0.011687
-0.0076607
-0.0026309
-0.0066308
-0.013717
-0.014346
-0.006647
0.0030667
0.0041934
0.0021816
0.0025916
0.0031154
0.0065898
0.0085113
0.0078697
0.0083009
0.0043681
-0.0048125
-0.0083026
-0.00055876
0.0062879
0.0062985
0.0071097
0.010509
0.011666
0.0081621
0.00062477
0.0040919
0.013878
0.016741
0.015764
0.0143
0.0077499
-0.004331
-0.0088934
-0.0039777
0.0073073
0.019567
0.023345
0.020727
0.011885
0.00095725
-0.0022691
-0.0017942
-0.0015117
-0.00034269
-0.0050443
-0.011131
-0.011686
-0.012637
-0.0083536
-0.0063935
-0.005897
-0.0073144
-0.011034
-0.011338
-0.011888
-0.01053
-0.0079519
-0.004339
-0.0053949
-0.0070556
-0.0052139
0.0020437
0.01032
0.010989
0.0049715
0.0018235
0.0084128
0.015021
0.013431
0.0035785
-0.0063341
-0.011564
-0.014817
-0.018268
-0.016592
-0.009933
-0.0052087
-0.0072037
-0.014358
-0.016331
-0.0058135
0.0053182
0.010133
0.012006
0.012969
0.01598
0.010576
-0.0011651
-0.0054151
3.8589e-05
0.0077077
0.011188
0.018219
0.023523
0.022173
0.016616
0.0019893
-0.0069365
-0.0064806
-0.0034098
-0.0025155
-0.001648
0.00090889
0.00046177
-0.0050279
-0.011327
-0.011446
-0.0028137
0.0061963
0.0085274
0.00056258
-0.011105
-0.011927
-0.0080214
-0.0063702
-0.0087018
-0.014017
-0.012865
-0.0064685
-0.0046239
-0.0042298
-0.0055799
-0.007956
-0.0065723
-0.00085771
0.0057674
0.0063479
0.0058711
0.0090634
0.01289
0.014346
0.014291
0.01313
0.011179
0.0092903
0.0010035
-0.0065776
-0.0029805
0.0041457
0.0066522
0.0080775
0.0036419
-0.0066962
-0.0098222
-0.0028229
0.0078972
0.010856
0.0081318
0.0086632
0.0099966
0.0079093
0.0038049
-0.0024279
-0.006085
-0.01079
-0.014408
-0.013275
-0.0071725
0.00042369
0.0025115
0.0011809
-6.4916e-05
-0.0010916
-0.0047038
-0.0090474
-0.010708
-0.010146
-0.0094907
-0.0085783
-0.008639
-0.0072557
-0.0064939
-0.0080187
-0.0075241
-0.0042869
-0.00022803
0.0038789
0.0051504
0.0078
0.010409
0.0093724
0.003776
-0.0015639
-0.001753
-0.00103
-0.00034222
-0.0013152
-0.00050981
0.0018493
0.0036776
0.0029485
-0.0026112
-0.0050258
-0.0023492
0.003536
0.0077516
0.0089496
0.0069387
0.004929
0.0032838
0.003192
0.0025934
0.0005569
0.00061114
-0.0018716
-0.0023761
-0.0010674
0.0015181
-0.0010098
-0.0078687
-0.013911
-0.012444
-0.0055846
-0.00058604
0.0040601
0.0082952
0.0084865
0.0045434
0.0030247
0.0071098
0.015029
0.016505
0.011283
0.0069323
0.0056807
0.0063524
0.0059215
0.0032337
0.00071345
-0.001232
-0.004436
-0.0061415
-0.0070539
-0.0088492
-0.0090471
-0.0091091
-0.0081508
-0.0076583
-0.0072126
-0.0048847
-0.0026634
-0.00024578
0.002597
0.0041428
0.00017032
-0.0048251
-0.0060239
-0.0073997
-0.010691
-0.011466
-0.0061448
-0.0026338
-0.0019514
-0.0017555
-0.0026705
-0.0014749
0.0043914
0.0088352
0.009081
0.0069024
0.005143
0.0066043
0.0091171
0.010463
0.0058914
0.0013029
-0.0024961
-0.0044113
-0.0044349
-0.0047927
-0.0045715
-0.0058471
-0.0077693
-0.0089462
-0.0083888
-0.0080543
-0.0070207
-0.0055904
-0.0060537
-0.0056225
-0.0042809
-0.0041127
-0.0018995
-0.00053811
-3.3313e-05
-0.0021458
-0.0022238
0.00069153
0.0071449
0.011778
0.012815
0.014648
0.014869
0.015185
0.012493
0.01113
0.011763
0.0083452
0.005828
0.0063818
0.0086673
0.011321
0.012995
0.017313
0.02118
0.017839
0.0090491
0.0014062
-0.0030104
-0.0040954
-0.0055122
-0.0059676
-0.0074383
-0.0093623
-0.010614
-0.011764
-0.0062481
0.0032267
0.0082225
0.0056282
0.0014548
0.0013387
0.0030238
0.0062312
0.0067032
0.0052723
0.0011071
-0.0046546
-0.0055417
-0.00015771
0.0035636
0.0023658
0.0018738
0.002272
-0.0011668
-0.0063092
-0.0092811
-0.010752
-0.011724
-0.013715
-0.015179
-0.013228
-0.0088639
-0.0034588
-0.0025734
-0.0049387
-0.006917
-0.009585
-0.010636
-0.011703
-0.0093291
-0.0081824
-0.0089071
-0.0099031
-0.011431
-0.011744
-0.011264
-0.010638
-0.011021
-0.011167
-0.010926
-0.0099134
-0.0058891
-0.0027879
-0.00044531
-0.00038999
0.00097919
0.0015912
0.00032626
0.0012316
0.0023047
0.0042844
0.0060906
0.009858
0.01084
0.0097241
0.0073844
0.0053588
0.0044187
0.0020227
0.001962
0.0029417
0.00073258
-0.0029032
-0.0038208
-0.00048823
0.0033259
0.0056975
0.0064145
0.0074739
0.0071058
0.0050223
0.0038973
0.0044212
0.0069007
0.0069431
0.0056317
0.0037603
0.0067519
0.011992
0.012891
0.011511
0.0080422
0.0080428
0.0095156
0.0090758
0.0047998
0.0019413
0.0022518
-0.00022879
-0.0043332
-0.0083428
-0.0089983
-0.0071461
-0.006019
-0.0057222
-0.00537
-0.004074
-0.0011659
0.00058366
0.0001578
-0.001917
-0.0048473
-0.0067249
-0.0065957
-0.0053327
-0.0046198
-0.003487
-0.0030889
-0.0024323
-0.0002888
0.0012991
0.0055641
0.0098794
0.012105
0.012826
0.012678
0.010687
0.0049927
0.001087
0.000946
0.0028605
0.0043509
0.0054311
0.0053167
0.0063141
0.0065325
0.0052869
0.0052903
0.0036599
0.0035167
0.0022525
0.00096129
0.00051402
-0.002206
-0.005392
-0.0093294
-0.0080056
-0.0071083
-0.0060323
-0.005925
-0.0060273
-0.003723
-0.0046394
-0.0054556
-0.005914
-0.0018971
0.0025579
0.0054766
0.0030543
-0.0019961
-0.0056282
-0.006473
-0.0050298
-0.0032054
0.00051355
0.0038237
0.004901
0.0034987
0.00044063
-0.00088258
-0.0007876
-0.0028128
-0.002696
-0.0033352
-0.0036734
-0.0033533
-0.0054835
-0.0083079
-0.010603
-0.008548
-0.0047606
-0.002295
-5.7882e-05
-0.00028078
-0.00063196
-0.0013931
-0.0030359
-0.0023708
-0.00044961
-0.0018513
-0.0027902
-0.0027819
0.00036359
0.0015848
-0.00031112
-0.0040631
-0.0054383
-0.0029734
-0.0011854
0.00044403
0.00011771
0.002488
0.0030837
0.00063883
-0.0024935
-0.0026358
0.00072114
0.0019722
0.00084576
0.0016154
0.0018386
0.0022889
0.0043057
0.0067793
0.0085151
0.0059286
0.0015786
0.0010502
0.0029569
0.0044028
0.0049553
0.0048361
0.0048167
0.003641
0.0022771
0.0024107
0.0034564
0.0034004
0.0028721
0.0014594
-0.00078254
-0.0025361
-0.003772
-0.0027138
-0.0021464
-0.00295
-0.0026459
-0.0023269
-0.0018377
-0.0005181
-6.5875e-05
0.00065895
0.0026104
0.003689
0.0032724
0.0023991
0.00068883
-0.00028585
-0.0012826
-0.0027757
-0.0030645
-0.0026233
-0.001259
-0.0005774
-0.00072209
-0.0021069
-0.0035651
-0.0039298
-0.0024151
-0.00033743
0.0011087
0.00073617
0.00070287
0.0011764
0.0014446
0.0010196
0.0005291
0.0013147
0.00087573
7.2802e-05
-0.0022859
-0.0029989
-0.0017624
-0.00022804
0.00075979
0.0010299
0.001531
0.0013684
0.00059692
-8.4113e-05
-0.00028893
-8.0117e-05
2.4107e-06
-0.00024862
0.00069338
0.0012174
0.00092066
0.00071411
0.00038899
0.00032241
0.00023124
0.00032654
0.0003045
-2.6164e-05
9.5781e-05
0.00016447
-9.3869e-05
-0.00045755
-0.00057826
-0.00034402
-3.4579e-05
0.00019531
0.00029071
0.00020238
0.00033451
0.00046026
0.00042137
0.00029345
6.0007e-05
-0.00011896
-0.00034613
-0.00049328
-0.00052741
-0.00059031
-0.00038016
-0.00016229
-0.00010316
1.843e-06
-7.1976e-05
-0.00016389
-0.00022155
-0.00022426
-0.00020846
-0.00011755
4.2151e-06
0.00011034
0.00013821
0.00010538
8.7892e-05
7.501e-05
5.6179e-05
4.3147e-05
3.2956e-05
1.3586e-05
-1.4569e-07
-4.0105e-06
-1.3286e-05
-1.4993e-05
-5.3689e-06
-8.5098e-07
1.983e-06
-8.6599e-07
3.4949e-06
8.4648e-06
1.0023e-05
1.212e-05
1.2843e-05
1.6363e-05
1.8504e-05
1.593e-05
1.0952e-05
5.476e-06
1.1223e-06
-1.4165e-06
-2.404e-06
-3.5311e-06
-4.8457e-06
-5.9322e-06
-7.4146e-06
-8.8256e-06
-1.0051e-05
-1.082e-05
-1.1265e-05
-1.1615e-05
-1.1726e-05
-1.1718e-05
-1.1528e-05
-1.1193e-05
-1.0781e-05
-1.0322e-05
-9.8257e-06
-9.2995e-06
-8.7637e-06
-8.2332e-06
-7.7221e-06
-7.2397e-06
-6.7924e-06
-6.384e-06
-6.0155e-06
-5.686e-06
-5.3928e-06
-5.1313e-06
-4.8956e-06
