0.00010379
0.00010372
0.00010334
0.00010264
0.00010198
0.00010172
0.00010234
0.00010449
0.00010866
0.00011455
0.00012119
0.00012727
0.00013159
0.00013461
0.00013815
0.00014244
0.00014605
0.00014765
0.00014669
0.00014349
0.00014009
0.00013854
0.00013792
0.00013652
0.00013526
0.00013746
0.00014753
0.00016933
0.00020351
0.00024308
0.00027021
0.00026679
0.00023245
0.0001782
0.00011364
4.8315e-05
-1.2393e-05
-6.2574e-05
-9.7284e-05
-0.00012009
-0.00013435
-0.00013464
-0.00011078
-5.6847e-05
2.0326e-05
0.00010059
0.00016728
0.0002138
0.00023286
0.00022359
0.00019414
0.00015705
0.00012544
9.6156e-05
5.3964e-05
-5.6739e-06
-6.669e-05
-0.00010168
-9.9782e-05
-6.839e-05
-1.7331e-05
3.6503e-05
6.7512e-05
7.1391e-05
6.888e-05
8.1701e-05
0.00012483
0.00020603
0.00031467
0.00041346
0.00046613
0.00044802
0.00032556
6.8101e-05
-0.00030412
-0.00068893
-0.00097506
-0.0011412
-0.0012052
-0.0011386
-0.00092903
-0.00065432
-0.00039304
-0.00015804
5.1966e-05
0.00025791
0.00049312
0.00073636
0.00092836
0.001058
0.0011547
0.001211
0.0011748
0.0010307
0.0008382
0.00065101
0.00048452
0.00033251
0.00021963
0.00018387
0.00020608
0.00023654
0.00024399
0.00025873
0.00035965
0.0005564
0.00081178
0.0011313
0.0014924
0.0017794
0.0018497
0.0015913
0.0010055
0.00020891
-0.00065902
-0.0014862
-0.0021755
-0.002574
-0.0025984
-0.0023198
-0.0018766
-0.0014215
-0.0010771
-0.00086603
-0.00068315
-0.00039893
2.3327e-05
0.00048673
0.00081458
0.00094878
0.00093627
0.00077748
0.00044271
-2.2945e-05
-0.00046873
-0.00075509
-0.00087669
-0.00090035
-0.00084805
-0.00070607
-0.00048531
-0.00025208
-0.00010692
-5.9433e-05
1.0927e-06
0.0001881
0.00055447
0.0010736
0.0016124
0.0020041
0.0021884
0.0021928
0.0020115
0.0016161
0.0010606
0.00054347
0.00029855
0.00038982
0.00070961
0.0010975
0.0013421
0.0012585
0.00090553
0.00062132
0.00066898
0.00083223
0.0006983
0.00021899
-0.000365
-0.0008425
-0.0011951
-0.0015267
-0.001854
-0.0020474
-0.0019932
-0.0017606
-0.0015198
-0.0013576
-0.0011965
-0.00094193
-0.00060325
-0.00029897
-0.00024365
-0.00055925
-0.00098848
-0.0012158
-0.0012103
-0.0010415
-0.00071471
-0.00026061
0.00024154
0.00079966
0.0014101
0.0019296
0.0022133
0.0022007
0.0020453
0.0021525
0.0026817
0.0033509
0.0037908
0.0039621
0.0040455
0.0041308
0.004207
0.0042539
0.0042437
0.004111
0.003775
0.0032075
0.0024747
0.0016447
0.00083537
0.00034306
0.00033135
0.00065551
0.0010853
0.0014037
0.0014907
0.0013388
0.00095332
0.00037161
-0.0002535
-0.00075902
-0.0010783
-0.0012434
-0.0013892
-0.0016379
-0.0020131
-0.0024233
-0.0026607
-0.0025569
-0.0021203
-0.001473
-0.00083353
-0.00043505
-0.00031934
-0.00033671
-0.00031876
-0.00015387
0.00011959
0.00028214
0.00017953
-0.00012603
-0.00042514
-0.00062068
-0.00079356
-0.0010607
-0.001426
-0.001922
-0.0025729
-0.0032089
-0.0035247
-0.0032691
-0.0023602
-0.0010384
0.00031725
0.0014439
0.0020801
0.0021685
0.0019867
0.0019128
0.0021904
0.0027624
0.0033119
0.0034385
0.0029473
0.0020268
0.0010814
0.00043484
0.00019887
0.00030449
0.00063608
0.0010578
0.0014213
0.001699
0.0018965
0.0018948
0.0014791
0.00053761
-0.00067327
-0.0016941
-0.0021811
-0.0019963
-0.0012396
-0.00023159
0.00059994
0.0010764
0.0013781
0.0017213
0.0021473
0.0025482
0.0027605
0.0027467
0.0025867
0.0023595
0.0021651
0.0021848
0.0025863
0.003226
0.0036409
0.0034296
0.0025488
0.0012541
-0.00015484
-0.001447
-0.0024039
-0.0028271
-0.0026426
-0.0018897
-0.00069386
0.00062472
0.0015871
0.0017982
0.0012715
0.0003842
-0.00056072
-0.0014949
-0.0023163
-0.0028289
-0.0029741
-0.0028045
-0.0023198
-0.0015155
-0.00055326
0.00019071
0.00044866
0.00037549
0.00036592
0.00061628
0.00098673
0.0012094
0.0011291
0.00077229
0.00024322
-0.00028591
-0.00063205
-0.00068836
-0.00048754
-0.00025131
-0.00014494
-0.00011935
-8.0335e-05
9.7766e-06
0.00016674
0.0003911
0.00062074
0.00070699
0.00055651
0.00030255
9.8687e-05
-0.0001149
-0.00045025
-0.00088402
-0.0012544
-0.0014089
-0.0013411
-0.0010904
-0.00067806
-0.00018396
0.00029466
0.00074689
0.0011225
0.0013243
0.0013707
0.0013284
0.0012107
0.0010111
0.00076687
0.00058092
0.00052905
0.00048404
0.00020393
-0.0003825
-0.00093919
-0.00098811
-0.00043986
0.0004652
0.0014416
0.0022175
0.002512
0.002273
0.0016524
0.00086763
0.00020672
-0.00010603
-0.00012821
-0.0002107
-0.00061433
-0.0013196
-0.0021676
-0.0030041
-0.0035971
-0.0036385
-0.0028483
-0.0011489
0.0013075
0.0040795
0.0065359
0.0081541
0.0087769
0.0085036
0.0075975
0.0064873
0.0054514
0.0045283
0.0035663
0.0023519
0.00091272
-0.00049445
-0.0016256
-0.0024398
-0.0029654
-0.0031511
-0.0029035
-0.0021062
-0.00071955
0.0010542
0.0028177
0.0042644
0.0052246
0.0055362
0.0050982
0.0039298
0.0021916
0.00019053
-0.0016784
-0.003078
-0.0039799
-0.0046706
-0.0054097
-0.0061685
-0.0067603
-0.0069924
-0.0067067
-0.0058702
-0.004584
-0.0030056
-0.0012692
0.00045142
0.0018772
0.0028122
0.0033126
0.003475
0.0033414
0.0030635
0.0027573
0.0023241
0.0016556
0.00083966
7.2461e-05
-0.00058289
-0.0011676
-0.0015636
-0.0015577
-0.0012214
-0.0008969
-0.00082814
-0.0010286
-0.0012838
-0.001391
-0.001379
-0.0013691
-0.0014398
-0.0016492
-0.0020396
-0.0025683
-0.0030246
-0.0030208
-0.0023101
-0.0011766
-9.9378e-05
0.0006785
0.001099
0.0012908
0.001411
0.0015044
0.0015334
0.0014163
0.0010423
0.00032265
-0.00070018
-0.0018284
-0.0028748
-0.0036836
-0.004064
-0.0040254
-0.0037364
-0.0033496
-0.0029564
-0.0025233
-0.0020157
-0.0015626
-0.0013885
-0.0015928
-0.0020745
-0.0025335
-0.0027578
-0.0028085
-0.0028083
-0.0027913
-0.0027498
-0.002604
-0.0021146
-0.0011782
1.5782e-05
0.0012349
0.0022994
0.0029313
0.0030148
0.0027752
0.0023833
0.0018407
0.0012345
0.00078002
0.00069571
0.0011165
0.0019982
0.0031181
0.0043783
0.0056797
0.0066073
0.0067647
0.0060811
0.0046869
0.0028457
0.00093755
-0.0007309
-0.0019887
-0.0028482
-0.0035228
-0.0041581
-0.004638
-0.0047868
-0.0044945
-0.0036748
-0.0024803
-0.0012858
-0.00027061
0.00053328
0.00097448
0.00079769
-0.00011069
-0.0015394
-0.0030081
-0.0040852
-0.0045832
-0.0044666
-0.003771
-0.0027492
-0.0018295
-0.0012963
-0.0011355
-0.0010412
-0.00060579
0.00029276
0.0013687
0.002221
0.0025875
0.0023893
0.0016412
0.00044133
-0.00094326
-0.0022602
-0.0033373
-0.0040773
-0.0044591
-0.0045233
-0.004432
-0.0045406
-0.0052095
-0.0065369
-0.0083402
-0.010302
-0.012194
-0.013853
-0.015028
-0.015584
-0.015677
-0.015535
-0.015279
-0.014994
-0.014792
-0.01463
-0.014269
-0.013483
-0.012192
-0.010392
-0.0082716
-0.0063423
-0.00516
-0.0049623
-0.0056088
-0.0066728
-0.0077848
-0.008792
-0.0097458
-0.010826
-0.012194
-0.013913
-0.01603
-0.018489
-0.021065
-0.023577
-0.025955
-0.028048
-0.029657
-0.030663
-0.031177
-0.031537
-0.032042
-0.032761
-0.033579
-0.034328
-0.034742
-0.034461
-0.03308
-0.030277
-0.026055
-0.020713
-0.014705
-0.0087493
-0.0038102
-0.00069245
0.00037492
-0.00049894
-0.0031028
-0.0071797
-0.012428
-0.018536
-0.02514
-0.031696
-0.037735
-0.042923
-0.047006
-0.04986
-0.051457
-0.051769
-0.050774
-0.048623
-0.045641
-0.042304
-0.03926
-0.037169
-0.036242
-0.036188
-0.036728
-0.037747
-0.039061
-0.040409
-0.041581
-0.04242
-0.042745
-0.042243
-0.040651
-0.037934
-0.034257
-0.029934
-0.025155
-0.020031
-0.014682
-0.0092133
-0.0036965
0.0018671
0.0075421
0.01337
0.019155
0.024472
0.029078
0.033172
0.037152
0.041215
0.045271
0.049042
0.052244
0.054695
0.056243
0.056899
0.056844
0.056168
0.054883
0.053112
0.051222
0.049877
0.049831
0.051763
0.056126
0.062878
0.071405
0.080739
0.089899
0.098181
0.10501
0.10978
0.11193
0.11087
0.10629
0.098465
0.088089
0.075966
0.063219
0.05141
0.042267
0.037426
0.037903
0.043535
0.05293
0.064073
0.074988
0.084352
0.091596
0.096553
0.099503
0.10108
0.10195
0.1028
0.10405
0.10572
0.10747
0.10911
0.11056
0.11132
0.11038
0.10681
0.10012
0.090259
0.077637
0.063007
0.04695
0.029492
0.010712
-0.0087801
-0.027639
-0.044847
-0.059901
-0.07125
-0.077058
-0.076393
-0.06949
-0.057891
-0.043909
-0.029617
-0.016902
-0.0073742
-0.0018044
-0.00035992
-0.0027644
-0.0082062
-0.015743
-0.02466
-0.034299
-0.043997
-0.052944
-0.059965
-0.06381
-0.063896
-0.060787
-0.056036
-0.051551
-0.048805
-0.048342
-0.049905
-0.052779
-0.056085
-0.05905
-0.061257
-0.062526
-0.062704
-0.061732
-0.059692
-0.056818
-0.053397
-0.049621
-0.045569
-0.041336
-0.036998
-0.032743
-0.028923
-0.02576
-0.023228
-0.021148
-0.019252
-0.01727
-0.015098
-0.012887
-0.010909
-0.0093522
-0.0083677
-0.0081538
-0.0088067
-0.01016
-0.011907
-0.013876
-0.015964
-0.017845
-0.019171
-0.019689
-0.019145
-0.017525
-0.015176
-0.012658
-0.010461
-0.0088672
-0.0079306
-0.0074594
-0.007204
-0.0070897
-0.0072331
-0.0078299
-0.0090359
-0.010812
-0.012852
-0.014781
-0.016315
-0.017253
-0.017579
-0.0175
-0.017262
-0.016891
-0.016306
-0.015424
-0.01414
-0.012556
-0.011054
-0.010023
-0.0098032
-0.010773
-0.01332
-0.017499
-0.022735
-0.028052
-0.03242
-0.035185
-0.036067
-0.034867
-0.031754
-0.027357
-0.022397
-0.017407
-0.012849
-0.0088804
-0.0052976
-0.0019709
0.0010621
0.0036424
0.0054873
0.0063275
0.0061702
0.0053873
0.0043112
0.0030583
0.0017965
0.00070583
-3.2933e-05
-0.00024821
0.00013007
0.0011149
0.0026339
0.0044508
0.0063785
0.0083124
0.010064
0.01148
0.012506
0.013119
0.013416
0.013742
0.014543
0.016128
0.018547
0.021617
0.024904
0.027897
0.030455
0.032728
0.03484
0.036811
0.038664
0.040427
0.042
0.043295
0.044357
0.045212
0.045684
0.045467
0.044275
0.041873
0.038165
0.033524
0.028771
0.024598
0.021254
0.018655
0.016492
0.014359
0.011856
0.0086845
0.0048843
0.00082859
-0.0031619
-0.007005
-0.010661
-0.013901
-0.016395
-0.017836
-0.018011
-0.016982
-0.015068
-0.012747
-0.010446
-0.0083745
-0.0065993
-0.0052747
-0.0046662
-0.0048742
-0.0058715
-0.007616
-0.009912
-0.012502
-0.015131
-0.017504
-0.019357
-0.020515
-0.020885
-0.020588
-0.019859
-0.01874
-0.017186
-0.015293
-0.013404
-0.011865
-0.010726
-0.0097311
-0.0087178
-0.0076626
-0.00649
-0.0051162
-0.0034927
-0.0017468
-0.00010049
0.0012979
0.0022925
0.0026908
0.0024362
0.0017717
0.0010442
0.00053608
0.00044232
0.00073686
0.0012313
0.0018621
0.0027137
0.0038822
0.0053645
0.006991
0.0084907
0.0094968
0.0095828
0.0085687
0.0065777
0.0037027
7.9076e-05
-0.0038711
-0.0075821
-0.010624
-0.0128
-0.014096
-0.01465
-0.014636
-0.014033
-0.01269
-0.010603
-0.00801
-0.0051866
-0.0023138
0.00042871
0.0027731
0.0044217
0.0051657
0.0047982
0.0031822
0.00041776
-0.0032007
-0.0069674
-0.0099485
-0.011617
-0.011879
-0.010793
-0.0086779
-0.0060424
-0.0032509
-0.00032515
0.0028786
0.0064486
0.010304
0.014096
0.017363
0.019809
0.021298
0.02181
0.021372
0.020124
0.018343
0.016319
0.014273
0.012325
0.010635
0.0094459
0.0088092
0.0085457
0.0083991
0.0081656
0.0077253
0.007043
0.0062212
0.0053854
0.0044032
0.0031044
0.0015743
-1.3512e-05
-0.0016434
-0.0034768
-0.0055911
-0.0080136
-0.010715
-0.013587
-0.016742
-0.02042
-0.024515
-0.028566
-0.032073
-0.034609
-0.0359
-0.035836
-0.034246
-0.030904
-0.025854
-0.019426
-0.012119
-0.0048095
0.0015856
0.0066411
0.010417
0.013012
0.014539
0.015216
0.015161
0.014555
0.013642
0.012623
0.011656
0.010883
0.010566
0.01102
0.012409
0.014493
0.016656
0.018187
0.018651
0.017921
0.01603
0.013109
0.0094184
0.0053735
0.0014171
-0.0020924
-0.0050174
-0.0073042
-0.0087938
-0.0093251
-0.008839
-0.007388
-0.0050282
-0.0019524
0.0014414
0.0048122
0.007944
0.010673
0.012864
0.014352
0.014904
0.014381
0.012833
0.010416
0.0072756
0.0036064
-0.00022997
-0.0040525
-0.0078535
-0.011407
-0.01446
-0.016922
-0.018673
-0.019534
-0.019382
-0.018244
-0.016348
-0.013977
-0.011312
-0.008569
-0.0061697
-0.0044377
-0.0032835
-0.0024977
-0.0018884
-0.0010994
0.00016509
0.0018875
0.0039426
0.0063262
0.008921
0.011338
0.013105
0.01391
0.013686
0.012609
0.01105
0.00937
0.0078574
0.0066753
0.0057142
0.0046485
0.0031612
0.001141
-0.0012302
-0.0034854
-0.0052914
-0.0067123
-0.0080112
-0.0094352
-0.010903
-0.01203
-0.012423
-0.011774
-0.010063
-0.0075167
-0.0044869
-0.0013756
0.0015262
0.0039159
0.0054295
0.0059305
0.0055142
0.0043921
0.0028209
0.00099671
-0.0010153
-0.0033187
-0.0059562
-0.0087197
-0.011297
-0.013413
-0.014866
-0.015548
-0.015429
-0.014585
-0.01321
-0.011523
-0.009619
-0.0076305
-0.0057268
-0.0040007
-0.0022985
-0.00027245
0.002176
0.0048334
0.0074936
0.010072
0.012479
0.014544
0.016066
0.016782
0.016429
0.015047
0.012901
0.010372
0.0078656
0.0056585
0.0038498
0.0023754
0.0011331
6.1191e-05
-0.00092245
-0.0019209
-0.0028957
-0.0037195
-0.0043384
-0.0046891
-0.0047073
-0.0043629
-0.0036412
-0.0026301
-0.0016037
-0.00086381
-0.00052068
-0.00046163
-0.00052085
-0.00057876
-0.00051139
-0.00016748
0.00056151
0.0016234
0.0027458
0.0035847
0.0039118
0.0036601
0.0028147
0.0014166
-0.00035641
-0.002333
-0.0042498
-0.0057914
-0.0067959
-0.0071019
-0.0066482
-0.0055828
-0.0041445
-0.0025268
-0.00088533
0.00057869
0.0017814
0.0028681
0.0040489
0.0053543
0.0066393
0.0077598
0.0086299
0.0091865
0.0093014
0.0088777
0.0079862
0.0068205
0.0055342
0.0041314
0.0025125
0.00055828
-0.0017988
-0.004498
-0.0074059
-0.010399
-0.013309
-0.015841
-0.017609
-0.018254
-0.017501
-0.015297
-0.011956
-0.0080222
-0.004137
-0.00092913
0.0013009
0.0026395
0.0033756
0.0038854
0.0044822
0.0052488
0.0059988
0.0064687
0.0065962
0.0064952
0.0062732
0.0060426
0.0059914
0.0062141
0.0065667
0.0069266
0.0073489
0.0078441
0.0082469
0.0084346
0.0086078
0.009056
0.0097587
0.01046
0.011101
0.01194
0.013119
0.01441
0.01552
0.016297
0.016709
0.016861
0.016795
0.016403
0.015556
0.014218
0.012399
0.010061
0.0072299
0.004057
0.00073456
-0.002487
-0.0053668
-0.0077645
-0.0095897
-0.010829
-0.011564
-0.01192
-0.011983
-0.011702
-0.010943
-0.0096694
-0.0080709
-0.0064067
-0.0049187
-0.0038804
-0.0032763
-0.0028083
-0.002326
-0.0019503
-0.0018143
-0.0019191
-0.0022821
-0.0029686
-0.0039597
-0.0051796
-0.0066658
-0.0084296
-0.010392
-0.012528
-0.01473
-0.016767
-0.01836
-0.019247
-0.019303
-0.018568
-0.017093
-0.014903
-0.01219
-0.009259
-0.0063919
-0.0037852
-0.0014072
0.0009435
0.0033983
0.0057671
0.0075796
0.0084306
0.0082831
0.0074566
0.0062693
0.0048282
0.0032468
0.0017826
0.00058026
-0.00036456
-0.0010998
-0.0016277
-0.0017668
-0.0013682
-0.00059371
0.00033039
0.0012734
0.0022466
0.0034378
0.0050508
0.007077
0.0092726
0.011244
0.012673
0.013439
0.013531
0.012986
0.011875
0.010302
0.0083353
0.0060187
0.0034491
0.00077415
-0.0018157
-0.0042069
-0.0062333
-0.0076849
-0.0084927
-0.0086967
-0.0083701
-0.0075733
-0.0064257
-0.0050896
-0.0035871
-0.0019845
-0.00043905
0.00098137
0.002179
0.0030384
0.0034864
0.0036822
0.0039
0.0042988
0.004898
0.0055835
0.0061437
0.0064807
0.0067025
0.006911
0.0070556
0.0069691
0.0064326
0.0052518
0.0034125
0.0011835
-0.0010792
-0.0030169
-0.004365
-0.0051619
-0.0055891
-0.0057121
-0.0056723
-0.0057753
-0.0059537
-0.0057083
-0.0046659
-0.0027974
-0.00028084
0.0027806
0.0063668
0.010207
0.013874
0.017126
0.019941
0.02229
0.024049
0.025119
0.025588
0.025634
0.025391
0.024857
0.02389
0.022411
0.020426
0.017949
0.015092
0.012074
0.0091342
0.0064853
0.0041861
0.0021987
0.00046266
-0.0011291
-0.0027595
-0.0045133
-0.0063576
-0.0080661
-0.009323
-0.0099815
-0.010203
-0.010267
-0.01034
-0.010513
-0.010864
-0.011412
-0.012073
-0.01278
-0.013519
-0.014304
-0.015099
-0.015706
-0.016055
-0.016308
-0.016552
-0.016669
-0.016476
-0.015941
-0.015094
-0.01394
-0.01261
-0.01124
-0.0098981
-0.0085975
-0.007352
-0.0061759
-0.0050888
-0.0042158
-0.0036463
-0.0032716
-0.0028808
-0.0023745
-0.0017999
-0.0011574
-0.00031652
0.00089226
0.0025749
0.0046795
0.0070216
0.0093597
0.011509
0.013444
0.015226
0.016806
0.018074
0.018982
0.019509
0.019753
0.01979
0.019538
0.018863
0.017735
0.016364
0.01508
0.013973
0.01302
0.012286
0.011665
0.010999
0.010263
0.0093348
0.0079127
0.0058734
0.003443
0.00092642
-0.0014384
-0.0035573
-0.0053401
-0.0066434
-0.0072654
-0.0069845
-0.0056947
-0.0034602
-0.00050154
0.0029912
0.0068619
0.01086
0.014724
0.018195
0.020904
0.022595
0.023294
0.023259
0.022763
0.021939
0.020787
0.019402
0.018134
0.017229
0.016623
0.016101
0.015462
0.014522
0.013213
0.011434
0.0090833
0.0062314
0.0029653
-0.00070109
-0.0047113
-0.0089295
-0.013157
-0.017163
-0.020854
-0.024163
-0.027039
-0.029658
-0.032336
-0.035167
-0.038031
-0.040802
-0.043384
-0.045692
-0.047721
-0.049573
-0.051295
-0.052807
-0.054061
-0.054971
-0.055493
-0.055628
-0.055432
-0.055084
-0.054819
-0.054732
-0.05476
-0.054826
-0.054871
-0.054802
-0.05449
-0.053831
-0.05284
-0.051708
-0.050561
-0.049328
-0.047964
-0.046415
-0.044402
-0.041721
-0.038582
-0.035158
-0.031369
-0.027179
-0.022692
-0.018051
-0.013265
-0.0084173
-0.0038661
0.00010482
0.0035801
0.0068812
0.010284
0.013685
0.016837
0.019757
0.022592
0.025388
0.0281
0.030609
0.032756
0.034462
0.035784
0.036699
0.037127
0.037075
0.036647
0.035894
0.034747
0.033242
0.031454
0.029395
0.02709
0.024407
0.021139
0.017264
0.012995
0.0086989
0.0047792
0.0015083
-0.000957
-0.0023365
-0.0023238
-0.00084699
0.0018834
0.0054526
0.0094582
0.01365
0.017789
0.021578
0.024768
0.027276
0.029209
0.030644
0.03154
0.032032
0.032482
0.033179
0.034169
0.035357
0.036714
0.038231
0.039745
0.041121
0.042319
0.043271
0.043851
0.043816
0.043023
0.041689
0.040159
0.038585
0.03689
0.035058
0.033135
0.031181
0.029394
0.02794
0.026707
0.025558
0.024523
0.023631
0.022879
0.022076
0.020851
0.018991
0.016496
0.013468
0.010037
0.0063367
0.0024519
-0.0015264
-0.0054499
-0.0092337
-0.012903
-0.016427
-0.019675
-0.022497
-0.024872
-0.026976
-0.02907
-0.031177
-0.033091
-0.034754
-0.036228
-0.037492
-0.038593
-0.039574
-0.040148
-0.039954
-0.03894
-0.037247
-0.035042
-0.03254
-0.029995
-0.027574
-0.025345
-0.023322
-0.021492
-0.019818
-0.018157
-0.016348
-0.014331
-0.012073
-0.0095039
-0.0066058
-0.0033907
0.00013291
0.0038541
0.0075569
0.011112
0.014346
0.016933
0.018842
0.020346
0.021425
0.021733
0.021131
0.019812
0.018065
0.016024
0.013687
0.011165
0.0086616
0.0062562
0.003847
0.0012854
-0.0012874
-0.003577
-0.0055056
-0.0070787
-0.0083038
-0.0092993
-0.010268
-0.011323
-0.012472
-0.013737
-0.01505
-0.016286
-0.017387
-0.018372
-0.019304
-0.020042
-0.020419
-0.020516
-0.02041
-0.020028
-0.01928
-0.018208
-0.016893
-0.015309
-0.013479
-0.011551
-0.0096123
-0.0076493
-0.0054928
-0.0029781
-0.00022346
0.002562
0.0052811
0.0078982
0.010391
0.012748
0.01498
0.017188
0.019451
0.021496
0.022899
0.023531
0.023598
0.023274
0.022597
0.021683
0.020764
0.019867
0.018909
0.017962
0.016991
0.01588
0.014703
0.013515
0.012326
0.01121
0.010211
0.009324
0.008648
0.0083033
0.0082098
0.0081878
0.00813
0.0079872
0.0077215
0.0073335
0.0069155
0.0066389
0.0065214
0.0062344
0.0054315
0.0040566
0.0021882
1.8237e-05
-0.0021924
-0.0043186
-0.0062934
-0.0080248
-0.0094374
-0.010554
-0.011365
-0.011733
-0.011613
-0.011105
-0.010366
-0.0096379
-0.009149
-0.008935
-0.0089391
-0.0091851
-0.0097315
-0.010526
-0.011322
-0.011805
-0.011848
-0.011494
-0.010798
-0.0098482
-0.0087864
-0.0077749
-0.0068899
-0.0060738
-0.0054151
-0.0050265
-0.0047382
-0.0043195
-0.00374
-0.0031666
-0.0028128
-0.0028055
-0.0031548
-0.0036653
-0.0040958
-0.004481
-0.005102
-0.0060673
-0.0072488
-0.0086378
-0.010244
-0.011939
-0.013496
-0.014743
-0.015613
-0.016071
-0.016237
-0.016247
-0.016102
-0.015734
-0.015108
-0.014193
-0.012871
-0.011167
-0.0093817
-0.0076875
-0.0059975
-0.0043176
-0.0027045
-0.0011608
0.00029153
0.0016802
0.0029973
0.0042324
0.0053022
0.0060052
0.0062133
0.0060115
0.0055875
0.0050723
0.0044316
0.0036074
0.0026998
0.0018078
0.00089922
2.4433e-05
-0.00064852
-0.001053
-0.0011611
-0.00083287
-4.9792e-05
0.00095354
0.0020914
0.0034543
0.004896
0.0061813
0.0072983
0.0083451
0.0092862
0.010089
0.010831
0.011453
0.0119
0.012219
0.012365
0.012275
0.011904
0.011205
0.010199
0.0089088
0.0072382
0.0051592
0.0028166
0.00038201
-0.0019807
-0.004173
-0.0060879
-0.007594
-0.0087664
-0.0097754
-0.010628
-0.011309
-0.011848
-0.012253
-0.012509
-0.012518
-0.012218
-0.011619
-0.010635
-0.0092348
-0.0075841
-0.0059074
-0.0042834
-0.0025849
-0.00066751
0.0014657
0.0036115
0.005458
0.0067973
0.0075683
0.0077861
0.007548
0.0069902
0.0062924
0.0056789
0.0052158
0.0047452
0.0041457
0.0035294
0.003149
0.0031032
0.0033117
0.0037675
0.0044392
0.00524
0.006041
0.0067671
0.0074934
0.0082381
0.0088133
0.0090817
0.0091859
0.0093725
0.0097871
0.010449
0.01123
0.011826
0.011959
0.01158
0.010792
0.0097615
0.0086412
0.0075183
0.0065347
0.005768
0.0052019
0.0049711
0.0052131
0.0057381
0.0062009
0.0063505
0.0060737
0.0053755
0.0043198
0.002967
0.0014302
-0.00018752
-0.0017687
-0.0031767
-0.0043635
-0.0052893
-0.0057782
-0.005739
-0.0053237
-0.0047272
-0.0040086
-0.00313
-0.002071
-0.00087886
0.0003191
0.001444
0.0025074
0.0034655
0.0043073
0.0052091
0.0063753
0.007871
0.0095375
0.011073
0.012222
0.012832
0.012817
0.012332
0.011582
0.010603
0.0095017
0.0084758
0.0075782
0.0068056
0.0061046
0.0053693
0.0046525
0.0041615
0.0039573
0.0038756
0.0037424
0.0034685
0.0030139
0.002403
0.0017046
0.00091939
2.7356e-05
-0.00096446
-0.0019676
-0.002904
-0.0037466
-0.0043878
-0.004767
-0.0050087
-0.0052485
-0.0054901
-0.005726
-0.0060469
-0.0064569
-0.006931
-0.0074559
-0.0079941
-0.0085958
-0.0092954
-0.010014
-0.010765
-0.011729
-0.012934
-0.014059
-0.01471
-0.014822
-0.014498
-0.01374
-0.012574
-0.011167
-0.0095815
-0.0078717
-0.0062294
-0.0047399
-0.0033223
-0.0019054
-0.00048622
0.00092117
0.0023019
0.0035898
0.0046621
0.0054191
0.0058925
0.0062543
0.0065357
0.0066051
0.0063833
0.00584
0.0049912
0.0039864
0.0030244
0.0022073
0.001661
0.0015428
0.0017963
0.0021811
0.0025957
0.0030902
0.0036331
0.0041626
0.004658
0.0049917
0.0050058
0.0046783
0.0040635
0.0032621
0.0023809
0.0015295
0.00085539
0.00040107
0.00012911
0.00010371
0.00034872
0.00065889
0.00084795
0.00092658
0.00091658
0.00074033
0.00029471
-0.00045506
-0.0014221
-0.0025091
-0.0037628
-0.0052332
-0.0069179
-0.0088061
-0.010808
-0.012693
-0.014228
-0.015448
-0.016471
-0.017231
-0.017666
-0.017949
-0.018221
-0.018399
-0.018272
-0.017724
-0.016814
-0.015628
-0.014393
-0.013442
-0.012837
-0.012296
-0.011418
-0.0099625
-0.0080209
-0.0059026
-0.0038855
-0.0021974
-0.00093843
-1.9947e-05
0.00067185
0.0011115
0.0012492
0.0011096
0.00078846
0.00025567
-0.00059156
-0.0016725
-0.0027802
-0.0038819
-0.0049824
-0.0060032
-0.006822
-0.0072118
-0.0070102
-0.006313
-0.0054038
-0.0045264
-0.0036428
-0.0026078
-0.0013688
-3.2142e-05
0.0012287
0.002281
0.0030367
0.0034606
0.0036186
0.0035968
0.0034037
0.003029
0.002542
0.002094
0.0017667
0.0016237
0.0018659
0.0027284
0.004174
0.0059729
0.0079042
0.0097473
0.011343
0.012567
0.013308
0.013681
0.013914
0.014065
0.01408
0.014037
0.014007
0.013893
0.013716
0.0136
0.013554
0.013544
0.013584
0.013702
0.013889
0.014071
0.014101
0.013814
0.013217
0.01243
0.011551
0.010661
0.0099211
0.0095002
0.0093747
0.0093912
0.0094413
0.0094591
0.0093581
0.0090434
0.0084734
0.0077338
0.0070661
0.0066873
0.0065599
0.0064858
0.0063103
0.0059473
0.0053634
0.0046018
0.0037039
0.0027164
0.0017459
0.00095274
0.00033243
-0.00029759
-0.0010066
-0.0017768
-0.0025982
-0.0034523
-0.0042355
-0.0047795
-0.005058
-0.0051607
-0.0050817
-0.004705
-0.0039354
-0.0027973
-0.0013947
7.925e-05
0.0014051
0.0025335
0.003515
0.0042662
0.0045504
0.0042563
0.0034883
0.0024176
0.0010348
-0.00081441
-0.0029503
-0.0048848
-0.0063482
-0.007483
-0.0085105
-0.0094712
-0.010423
-0.01147
-0.012639
-0.01395
-0.015368
-0.016825
-0.018288
-0.01972
-0.02106
-0.022236
-0.023218
-0.024048
-0.024858
-0.025608
-0.026114
-0.026365
-0.026507
-0.026605
-0.026591
-0.026358
-0.025822
-0.024976
-0.023968
-0.023027
-0.022243
-0.021491
-0.020621
-0.019672
-0.018634
-0.017288
-0.015574
-0.013585
-0.011278
-0.0086332
-0.0057524
-0.0027041
0.00050705
0.0038352
0.0071253
0.010306
0.013548
0.016899
0.020047
0.022615
0.024416
0.025589
0.026394
0.026907
0.027079
0.026912
0.026567
0.02617
0.025637
0.02487
0.023861
0.022611
0.021172
0.019613
0.017983
0.016349
0.014715
0.01301
0.011241
0.009398
0.007487
0.0056846
0.0042324
0.0032273
0.0026523
0.0023911
0.0022027
0.0018638
0.0012787
0.0005131
-0.0001615
-0.00037202
-7.1767e-05
0.00034331
0.00059499
0.00073031
0.00080131
0.00072469
0.00039306
-0.00022333
-0.0010224
-0.0017273
-0.0020965
-0.0022056
-0.0022322
-0.0022391
-0.0022344
-0.0022418
-0.0022836
-0.0023469
-0.0023803
-0.0023017
-0.0020178
-0.0014686
-0.00068919
0.00023585
0.0012388
0.0021829
0.0028351
0.0030217
0.0028687
0.0026556
0.0026369
0.0029523
0.0035009
0.0041044
0.0046879
0.0052373
0.0057658
0.0061962
0.0063845
0.0062853
0.0058926
0.0051928
0.0042684
0.0033018
0.0023863
0.0015474
0.00089674
0.00049579
0.00027053
0.00020346
0.0004018
0.00087173
0.0013958
0.0017706
0.0019171
0.0018748
0.001694
0.0014008
0.0010538
0.00066946
0.00011019
-0.00074119
-0.001773
-0.0027042
-0.0033326
-0.0036481
-0.0037334
-0.0035872
-0.0031227
-0.0022826
-0.0010354
0.00064193
0.0025822
0.0043834
0.0056854
0.0065714
0.0073756
0.0082795
0.0093247
0.010371
0.0111
0.011317
0.01097
0.010141
0.0090099
0.0076546
0.006074
0.0043688
0.002574
0.00062096
-0.001453
-0.0034888
-0.005463
-0.0074639
-0.0093765
-0.011013
-0.012323
-0.013447
-0.014473
-0.015256
-0.015645
-0.015726
-0.015662
-0.01547
-0.015128
-0.014532
-0.013575
-0.01233
-0.01094
-0.0094375
-0.0079076
-0.0064825
-0.0053463
-0.0045583
-0.0039433
-0.0033164
-0.0027961
-0.0025425
-0.0024542
-0.0023563
-0.0021828
-0.0019471
-0.0017039
-0.001579
-0.0016897
-0.0019411
-0.0021502
-0.0023371
-0.0026282
-0.0030433
-0.003459
-0.0037227
-0.0038158
-0.0037714
-0.0035576
-0.0031294
-0.0025305
-0.0019586
-0.0016617
-0.0015605
-0.0013437
-0.00091657
-0.00028381
0.00060128
0.0016811
0.0027788
0.0036571
0.0042373
0.004588
0.0048322
0.0050951
0.0054143
0.0057685
0.0061835
0.0065578
0.0066859
0.0064639
0.0059979
0.0054049
0.0047247
0.004091
0.0036026
0.0031169
0.0024034
0.0014146
0.0002987
-0.00092209
-0.0023618
-0.0040168
-0.0057692
-0.0074377
-0.008796
-0.0097488
-0.010401
-0.010823
-0.011021
-0.011027
-0.010844
-0.010428
-0.0097797
-0.00905
-0.0085239
-0.0082657
-0.0080355
-0.0076153
-0.0069549
-0.0061094
-0.0051148
-0.0040325
-0.0029898
-0.0020348
-0.0010766
-6.8968e-05
0.0009402
0.0019444
0.0028701
0.003505
0.0036979
0.0034395
0.0029001
0.0025041
0.0025321
0.0028467
0.003306
0.0038358
0.0042196
0.0043321
0.0041104
0.0034461
0.0024247
0.0012583
4.0476e-05
-0.001145
-0.0021842
-0.0030194
-0.0035706
-0.0038428
-0.0039516
-0.0039429
-0.0037552
-0.0033152
-0.0026308
-0.0018461
-0.0011511
-0.00058421
-6.2789e-05
0.00037913
0.00063415
0.00083978
0.0012927
0.0020084
0.0026829
0.0030893
0.0033661
0.0037282
0.0042013
0.0046645
0.0050151
0.005288
0.0056198
0.0061365
0.0067937
0.0074993
0.008156
0.0086753
0.0090615
0.0094086
0.0097514
0.0099755
0.0099416
0.0097125
0.0095122
0.0095038
0.0096199
0.009753
0.0099495
0.010129
0.010157
0.010169
0.010228
0.010326
0.010573
0.011096
0.011902
0.012843
0.013794
0.014726
0.015441
0.015494
0.014676
0.013177
0.011336
0.0093292
0.0072543
0.0053495
0.0038005
0.0025715
0.0016571
0.0010545
0.00076383
0.00091046
0.001463
0.002026
0.0022951
0.0022613
0.0020284
0.0015531
0.00067503
-0.0005948
-0.0020041
-0.0033191
-0.0043597
-0.0050214
-0.0052396
-0.0050047
-0.0045803
-0.0043019
-0.0041948
-0.0040611
-0.0038031
-0.0036139
-0.0037335
-0.0040786
-0.0044645
-0.0048941
-0.0055084
-0.0062868
-0.0070412
-0.0077287
-0.0084181
-0.009161
-0.0099312
-0.010569
-0.011075
-0.011674
-0.012474
-0.013317
-0.01403
-0.014635
-0.015161
-0.01543
-0.015305
-0.014974
-0.014715
-0.014607
-0.014491
-0.014098
-0.01335
-0.012327
-0.011105
-0.0097538
-0.0082874
-0.0066547
-0.0047691
-0.0024704
0.00026692
0.0031283
0.0057153
0.0078715
0.0096194
0.010955
0.011915
0.012601
0.013048
0.013209
0.013068
0.012604
0.011806
0.01079
0.0097559
0.0088164
0.0080645
0.0075065
0.0069262
0.0061698
0.005355
0.0046961
0.0042258
0.0038784
0.0037324
0.0038721
0.0041912
0.0046367
0.005352
0.0064003
0.0075396
0.0083652
0.0086842
0.008592
0.0081737
0.0074196
0.0062865
0.0047328
0.0028232
0.0006182
-0.0018197
-0.0041614
-0.006051
-0.0074582
-0.0085623
-0.0094972
-0.01024
-0.010686
-0.010907
-0.01115
-0.011606
-0.012312
-0.013162
-0.014026
-0.014911
-0.015823
-0.01651
-0.01673
-0.01654
-0.016061
-0.015364
-0.014596
-0.013814
-0.012791
-0.011348
-0.0095867
-0.0077227
-0.0058927
-0.0041131
-0.002478
-0.0012472
-0.00060318
-0.00038627
-0.00033619
-0.00036469
-0.00030065
0.00017964
0.001238
0.0027016
0.0043391
0.0060048
0.0075225
0.008736
0.0096005
0.010134
0.0105
0.010837
0.011091
0.011165
0.011042
0.010647
0.010035
0.0094466
0.0089758
0.0084694
0.0079098
0.0075819
0.0075922
0.0077966
0.0080524
0.0082287
0.0081955
0.0079008
0.0072977
0.0065327
0.0058869
0.0053471
0.0046666
0.0036636
0.002477
0.0013772
0.00050184
-0.00016806
-0.00072611
-0.0012468
-0.0018439
-0.0025854
-0.0034005
-0.0041766
-0.0047622
-0.0049974
-0.0047522
-0.004071
-0.0032109
-0.0024306
-0.0017007
-0.00093963
-0.00026033
0.00027947
0.00083053
0.0014915
0.0020969
0.002431
0.0026352
0.0029477
0.0032949
0.0035478
0.0036735
0.003675
0.0036185
0.0035387
0.003487
0.0034183
0.003163
0.0026644
0.0021366
0.0017337
0.0013124
0.00070046
-6.0307e-05
-0.00079165
-0.0014515
-0.0021691
-0.0029572
-0.0036199
-0.0040508
-0.0043783
-0.0047268
-0.0050468
-0.0052529
-0.0054464
-0.0058211
-0.0064665
-0.007309
-0.0081727
-0.0089825
-0.0098019
-0.010649
-0.011468
-0.01214
-0.012618
-0.012994
-0.013297
-0.013356
-0.012964
-0.012086
-0.010798
-0.0093517
-0.0079251
-0.0065191
-0.0051037
-0.0036648
-0.0021797
-0.00064356
0.000865
0.0022581
0.0035979
0.0048983
0.0060739
0.0072257
0.008446
0.0095377
0.010317
0.010782
0.011182
0.011833
0.012714
0.013574
0.014192
0.014606
0.014973
0.015271
0.01534
0.015114
0.014518
0.013506
0.012176
0.010729
0.0093166
0.0080523
0.0069897
0.005983
0.0049293
0.0039182
0.0031328
0.0025641
0.0020692
0.0016562
0.0013605
0.0011152
0.00084801
0.00044012
-0.00016946
-0.00092991
-0.0017771
-0.0026639
-0.0034891
-0.0041358
-0.0046326
-0.0050424
-0.0052878
-0.005317
-0.0052226
-0.0051214
-0.0050593
-0.004922
-0.0046233
-0.0042844
-0.0039775
-0.0036241
-0.0032182
-0.0028997
-0.0027404
-0.0026769
-0.0026718
-0.0027622
-0.0029886
-0.0033392
-0.0037148
-0.0039381
-0.003919
-0.0037104
-0.0033953
-0.0030397
-0.0025977
-0.0019434
-0.0010951
-0.00031582
7.6207e-05
-6.2857e-05
-0.0007377
-0.0019007
-0.0033619
-0.0048986
-0.0063461
-0.007545
-0.0084933
-0.0093589
-0.010217
-0.010841
-0.011014
-0.010808
-0.010362
-0.0097517
-0.0089917
-0.0080636
-0.0069728
-0.0058019
-0.0047427
-0.0039464
-0.0033848
-0.0028504
-0.0022334
-0.0016483
-0.0010905
-0.00039724
0.00042166
0.0010747
0.0013686
0.0014504
0.001502
0.0015646
0.0016263
0.0016712
0.0016497
0.0014653
0.0010145
0.00026413
-0.00067224
-0.0016225
-0.00254
-0.0034041
-0.0041001
-0.0045916
-0.0049172
-0.0049912
-0.004731
-0.0042519
-0.0036502
-0.0028828
-0.0020152
-0.0012389
-0.00064332
-0.00023065
-8.7052e-06
9.3817e-05
0.00017238
0.00024945
0.00028297
0.0001996
-8.1475e-05
-0.00060801
-0.0013132
-0.0019563
-0.0023258
-0.0024086
-0.0021725
-0.0016489
-0.0010536
-0.00063532
-0.00040758
-0.00025285
-0.0001849
-0.00017023
-5.6571e-05
0.0002956
0.00092968
0.0017391
0.0024193
0.0026861
0.0025844
0.0023125
0.0020306
0.0018306
0.0017932
0.002083
0.0027203
0.0034801
0.004066
0.0043594
0.0044189
0.0042694
0.003865
0.0032124
0.0024675
0.0018691
0.0015203
0.0013183
0.0011464
0.00089206
0.00037424
-0.00036012
-0.0010034
-0.0013601
-0.0014678
-0.00136
-0.00096073
-0.00021551
0.00077036
0.0017503
0.0026418
0.0036439
0.0047789
0.0058572
0.0067925
0.007683
0.0086773
0.0096951
0.010382
0.010602
0.010754
0.011049
0.011295
0.011414
0.011514
0.011644
0.011732
0.011658
0.011367
0.011019
0.01073
0.01033
0.0096937
0.008827
0.0078065
0.0068161
0.0059241
0.0051017
0.0043632
0.0038078
0.0034676
0.0032127
0.0030251
0.0029619
0.0029845
0.0030216
0.0030243
0.0029416
0.0027094
0.002287
0.0017176
0.0011428
0.00065532
0.00024596
-0.00019086
-0.00080932
-0.00164
-0.0025573
-0.0035391
-0.0045723
-0.0055834
-0.0065329
-0.0073764
-0.0080802
-0.0086487
-0.0091238
-0.0094813
-0.0095686
-0.0093254
-0.0089208
-0.0086074
-0.0084972
-0.0085631
-0.0087994
-0.0092188
-0.009796
-0.010526
-0.011251
-0.011633
-0.011519
-0.011123
-0.010739
-0.01051
-0.01046
-0.010647
-0.011147
-0.011801
-0.01234
-0.012576
-0.01242
-0.011914
-0.011208
-0.010551
-0.010046
-0.0094971
-0.0087447
-0.0078854
-0.0070913
-0.006351
-0.0055933
-0.004961
-0.0045936
-0.0043145
-0.0038681
-0.0031822
-0.0023813
-0.0016522
-0.0010313
-0.00042595
0.00012437
0.00047646
0.00069562
0.00099287
0.0014274
0.0019095
0.0023134
0.0026712
0.002965
0.003119
0.0030944
0.002945
0.0028953
0.0030936
0.0035196
0.0040814
0.0046912
0.005353
0.0060804
0.006888
0.0077132
0.0083724
0.0088881
0.0094542
0.010148
0.010937
0.011629
0.012077
0.012295
0.01239
0.012478
0.012469
0.012211
0.011709
0.010956
0.010026
0.0091804
0.0085952
0.0082095
0.0079115
0.0077053
0.0075538
0.0073977
0.0072427
0.0070071
0.0065651
0.0058945
0.0051275
0.0044137
0.0037168
0.0029335
0.0021733
0.0016605
0.0014208
0.0013201
0.0013077
0.0014426
0.0017866
0.0023313
0.0029626
0.0035285
0.0039371
0.0041583
0.0042635
0.0043375
0.0043921
0.004387
0.0042609
0.0039523
0.0034391
0.0028052
0.0022091
0.0017436
0.0014389
0.0012417
0.0010805
0.00095978
0.00086103
0.00064753
0.00033421
0.00011019
2.7421e-05
1.5259e-07
-2.1741e-05
-3.2109e-05
-2.708e-05
-1.4785e-05
-1.7575e-06
1.0627e-05
1.7703e-05
1.0424e-05
-2.0912e-05
-7.6678e-05
-0.00013856
-0.00016001
-6.807e-05
0.00021897
0.00074592
0.001449
0.0021147
0.002545
0.0027582
0.0028774
0.0029319
0.0028598
0.0025897
0.002087
0.0014047
0.00074251
0.00032641
0.00016514
8.2371e-05
-6.51e-05
-0.00033766
-0.00074976
-0.0012346
-0.0016258
-0.0019499
-0.0024527
-0.0031758
-0.0040154
-0.0049253
-0.0058538
-0.006675
-0.0073547
-0.0080709
-0.0088803
-0.0095121
-0.009666
-0.0093731
-0.0088255
-0.0081925
-0.0075032
-0.0066287
-0.0055835
-0.0044439
-0.0032575
-0.0021831
-0.0013223
-0.00054268
0.00022244
0.00079604
0.0010634
0.0011619
0.001267
0.0014212
0.0014741
0.0010644
4.8439e-05
-0.0012342
-0.0024163
-0.0034573
-0.0043613
-0.005169
-0.0059424
-0.0065807
-0.0069966
-0.0073281
-0.0077608
-0.008302
-0.0088249
-0.0092744
-0.0096131
-0.0096995
-0.0094816
-0.0090927
-0.0086871
-0.0082317
-0.0076131
-0.0068399
-0.0059526
-0.0049769
-0.003989
-0.0031415
-0.0024566
-0.0018129
-0.0012296
-0.00081625
-0.0006241
-0.00057567
-0.00051981
-0.00049264
-0.00063391
-0.00087402
-0.00099501
-0.00092609
-0.0008189
-0.00073607
-0.00062565
-0.00046664
-0.00017429
0.00021605
0.00048733
0.00049159
0.00029254
0.00019775
0.00050084
0.0012027
0.0020766
0.0028577
0.0034369
0.0039235
0.0044201
0.0047955
0.0048818
0.0046743
0.0043857
0.0042214
0.0041738
0.0041709
0.0042062
0.0042958
0.0044221
0.0045293
0.0045355
0.0044336
0.0043782
0.0044407
0.0045292
0.0045272
0.0044274
0.0043851
0.0044589
0.0045448
0.0045199
0.0043757
0.0042701
0.0042735
0.0043078
0.004288
0.0041553
0.0038542
0.0033618
0.0027652
0.0022612
0.0019305
0.0016348
0.001338
0.0010883
0.00086549
0.00068324
0.0006083
0.00061079
0.00066895
0.00077406
0.00092876
0.0010787
0.0012081
0.0014227
0.0018152
0.0023637
0.0029558
0.0035389
0.0040704
0.0043579
0.0042494
0.0039096
0.0035946
0.0033831
0.0031928
0.0030066
0.0028551
0.0026463
0.002259
0.0016842
0.0010274
0.00035124
-0.00035073
-0.0011053
-0.0018811
-0.0025102
-0.0029943
-0.0035859
-0.0044212
-0.0053439
-0.0061223
-0.0066719
-0.0069382
-0.0068476
-0.0064517
-0.0058964
-0.005281
-0.0047626
-0.0045306
-0.0045373
-0.0046376
-0.0047491
-0.0047962
-0.0046833
-0.0044707
-0.0043521
-0.0044071
-0.0046345
-0.0050323
-0.005529
-0.0059026
-0.0059056
-0.00557
-0.005168
-0.0048746
-0.0046798
-0.0044258
-0.0039445
-0.0031804
-0.0022449
-0.0013584
-0.00065224
-0.00016735
5.2669e-05
0.00014864
0.00042124
0.00096352
0.0016165
0.0022055
0.002763
0.0034779
0.0044289
0.0055096
0.0065691
0.0074609
0.0081696
0.0087224
0.0091129
0.0092427
0.0089781
0.0084036
0.0077429
0.0070971
0.0064876
0.0059214
0.0054014
0.0048707
0.0043162
0.0038352
0.0034803
0.0032135
0.0029627
0.0027946
0.0027549
0.0027738
0.0027776
0.0027219
0.0025657
0.002276
0.0018748
0.0014195
0.00092437
0.00054019
0.00038651
0.00017628
-0.0003116
-0.0009574
-0.0014635
-0.0017297
-0.0018643
-0.0018919
-0.0017876
-0.0017164
-0.0018551
-0.0021992
-0.0026426
-0.0030685
-0.0034717
-0.0038853
-0.0042736
-0.0046794
-0.0052127
-0.0058432
-0.0063738
-0.0067057
-0.006956
-0.0071334
-0.0071728
-0.0071182
-0.0070522
-0.0070285
-0.0070466
-0.006924
-0.006469
-0.0057492
-0.005025
-0.0044791
-0.0040544
-0.0036288
-0.0031968
-0.0027098
-0.002022
-0.0011262
-0.00023191
0.00057775
0.0013877
0.0021017
0.0025144
0.0026269
0.0025977
0.0025394
0.0025195
0.0026343
0.0029982
0.00367
0.0045578
0.005375
0.0059187
0.0062463
0.0063913
0.0063718
0.0063683
0.0064912
0.0066952
0.0068759
0.00689
0.0066856
0.0062868
0.0057432
0.0050457
0.0041299
0.0030946
0.0021772
0.0014932
0.0009448
0.00040179
-9.1487e-05
-0.00045074
-0.00069779
-0.00082867
-0.00085698
-0.0008318
-0.00078476
-0.00075556
-0.00080316
-0.0010055
-0.0014142
-0.0020066
-0.0026324
-0.0031219
-0.0033931
-0.0035933
-0.0038932
-0.0041807
-0.0043083
-0.0043313
-0.0043457
-0.0043682
-0.0043865
-0.0043995
-0.0044054
-0.0043857
-0.0043121
-0.004163
-0.0039484
-0.0037113
-0.0034101
-0.0030242
-0.0027921
-0.0028472
-0.0030348
-0.0032849
-0.0036348
-0.0040159
-0.0042412
-0.0043648
-0.0047017
-0.0052097
-0.0054965
-0.0054063
-0.0051081
-0.0048001
-0.0045089
-0.0041398
-0.0038036
-0.0037197
-0.0038148
-0.00394
-0.0041482
-0.0044801
-0.0047644
-0.0048479
-0.0046612
-0.0042355
-0.0037532
-0.0033702
-0.0031146
-0.0028701
-0.0025187
-0.0020616
-0.0016256
-0.0013484
-0.0012439
-0.0011944
-0.0010425
-0.00083189
-0.00078121
-0.0010099
-0.0013659
-0.0016573
-0.0018769
-0.002029
-0.0019895
-0.0016821
-0.0011871
-0.00054077
0.00021611
0.00096391
0.0016948
0.0025142
0.0033559
0.0039619
0.0041938
0.0041014
0.003738
0.0032439
0.0028598
0.0025959
0.002341
0.0021217
0.0020878
0.0023037
0.0026797
0.0030864
0.0033132
0.0032947
0.003146
0.0029555
0.0028187
0.0027593
0.0027383
0.0027376
0.0027573
0.0027907
0.0028181
0.0028156
0.0027579
0.0026265
0.0024254
0.0022087
0.0020932
0.00215
0.0023179
0.0025326
0.0026871
0.00274
0.0027388
0.0027208
0.0027056
0.0027257
0.0028294
0.0030533
0.0033896
0.0037522
0.0040417
0.0042982
0.004609
0.0049416
0.0051258
0.0049914
0.0045846
0.0041442
0.0039077
0.0038544
0.0037236
0.0034254
0.0031177
0.0029303
0.0027542
0.0023902
0.0017539
0.00092233
7.2949e-05
-0.00070626
-0.0014361
-0.0019918
-0.0021584
-0.0020651
-0.0020049
-0.001966
-0.00182
-0.0016624
-0.0015627
-0.0014297
-0.0011813
-0.00083651
-0.0005071
-0.00030179
-0.00016783
2.9032e-05
0.00034979
0.00076041
0.0012176
0.0017062
0.0021282
0.0024606
0.0025814
0.0023195
0.0018832
0.0016373
0.0017794
0.0022564
0.0028523
0.0033179
0.0034835
0.0032797
0.0028594
0.0025954
0.0027782
0.0032064
0.003478
0.0036138
0.003841
0.0041022
0.0042877
0.0044461
0.0046173
0.0047292
0.0046992
0.0046059
0.0045561
0.0046684
0.0049783
0.0053264
0.0054838
0.0054471
0.005466
0.0055463
0.0055
0.0052768
0.004929
0.0044684
0.0038103
0.0030244
0.0022788
0.0015878
0.00091611
0.00025834
-0.0003662
-0.00096605
-0.0014962
-0.0017674
-0.0017089
-0.0015489
-0.0014849
-0.0015233
-0.0015894
-0.0015097
-0.001304
-0.0011759
-0.0012148
-0.0012819
-0.0012523
-0.0012145
-0.0012803
-0.0013246
-0.0011787
-0.00090083
-0.00064294
-0.00041761
-0.00025635
-0.0002649
-0.0004449
-0.00071147
-0.00099197
-0.0013341
-0.0017392
-0.0021122
-0.0024382
-0.0028315
-0.0033142
-0.0037735
-0.0041392
-0.0044816
-0.0049429
-0.0055522
-0.0061891
-0.0067602
-0.0072507
-0.007696
-0.0081353
-0.0085208
-0.0088456
-0.0091915
-0.009556
-0.0097919
-0.0098234
-0.0097562
-0.0097322
-0.0098308
-0.0099583
-0.0099216
-0.0096722
-0.0092751
-0.0088198
-0.008323
-0.0077186
-0.0070373
-0.0063785
-0.005804
-0.0053445
-0.0049972
-0.0047063
-0.0044762
-0.0044316
-0.0046076
-0.0049429
-0.0053348
-0.0056075
-0.005637
-0.0054715
-0.005222
-0.0049865
-0.0047344
-0.0042804
-0.0036401
-0.0030928
-0.0027774
-0.0026326
-0.0026415
-0.0027791
-0.0028979
-0.0029378
-0.0029475
-0.0029594
-0.0029734
-0.0029877
-0.0030013
-0.0029982
-0.002947
-0.0028121
-0.0025745
-0.0022617
-0.0019674
-0.0017451
-0.0014778
-0.0010162
-0.00034517
0.00037643
0.00092669
0.0012644
0.0015517
0.0019106
0.0023203
0.0027592
0.003231
0.0036995
0.0042071
0.0047428
0.0052476
0.0056891
0.0061287
0.006613
0.0071194
0.0077144
0.0084508
0.0091579
0.0095792
0.0097599
0.0099181
0.010155
0.010447
0.010703
0.01085
0.010965
0.011107
0.011106
0.01083
0.010342
0.0098097
0.0094077
0.009113
0.0087286
0.0081926
0.0075117
0.0067208
0.0059664
0.0053341
0.0047467
0.0041972
0.0038284
0.0036295
0.003386
0.00309
0.0029376
0.0029636
0.0030534
0.0031163
0.0030885
0.0029676
0.0029302
0.0031174
0.0034767
0.0038526
0.0040724
0.0040891
0.0039603
0.0037406
0.0034999
0.0033241
0.0032042
0.0031651
0.0032016
0.0031582
0.0028955
0.0025096
0.0021448
0.0017996
0.0013625
0.00087015
0.00045128
0.00013841
-0.00019659
-0.00072603
-0.0014806
-0.002338
-0.0031652
-0.0038055
-0.0041468
-0.0042771
-0.0043664
-0.0045086
-0.0047205
-0.0049686
-0.0051398
-0.0050871
-0.0048467
-0.0046029
-0.004375
-0.0040382
-0.0035561
-0.0030594
-0.0027627
-0.0027032
-0.0026218
-0.0023351
-0.0019628
-0.0017327
-0.0017019
-0.0017525
-0.0017696
-0.0016697
-0.0014035
-0.0011281
-0.0010558
-0.0011073
-0.0010997
-0.00089708
-0.0004534
5.5838e-05
0.00033462
0.00033107
0.00018608
4.3379e-05
-1.3742e-05
-1.2979e-05
-1.1457e-05
-5.1461e-05
-0.00017943
-0.00043708
-0.0008112
-0.001226
-0.0016412
-0.0019194
-0.0018521
-0.0015409
-0.0013431
-0.0013127
-0.001255
-0.0011588
-0.0011698
-0.00138
-0.0016559
-0.0018257
-0.0020066
-0.0022155
-0.0022834
-0.0023132
-0.0024433
-0.0026318
-0.002761
-0.0027067
-0.0024909
-0.002246
-0.0021296
-0.0021829
-0.002266
-0.0023262
-0.0024165
-0.0025678
-0.0028851
-0.0033528
-0.0037537
-0.003904
-0.0037834
-0.003553
-0.0034306
-0.0034896
-0.0035812
-0.0035017
-0.0032452
-0.0030737
-0.0031677
-0.0033145
-0.0032891
-0.003145
-0.0028667
-0.0023445
-0.0017188
-0.0012547
-0.00096745
-0.00068387
-0.0002964
-2.1229e-05
-0.00017315
-0.00069803
-0.0012276
-0.0015739
-0.0018233
-0.0020122
-0.0020009
-0.0015982
-0.00079686
0.00012951
0.00082211
0.0010569
0.00091314
0.00058958
0.00025979
5.3335e-05
-3.1861e-05
-6.0142e-05
-6.2685e-05
-4.6231e-05
-2.3315e-05
-7.9873e-06
-7.7948e-06
-2.3595e-05
-5.3579e-05
-8.9484e-05
-0.00011298
-9.2974e-05
6.6789e-06
0.00021092
0.00050154
0.00078896
0.00098009
0.001054
0.00092204
0.00057572
0.00021172
9.9014e-05
0.00034587
0.00089082
0.0015894
0.0022131
0.0026079
0.0028494
0.0030872
0.0033632
0.0036752
0.0041176
0.0046853
0.0052528
0.0057175
0.0060916
0.0064073
0.0065995
0.0066864
0.0068104
0.0069402
0.0069425
0.0068323
0.0067116
0.0066808
0.0068111
0.0070124
0.0071418
0.0071765
0.0071127
0.0068929
0.0064691
0.005889
0.0053058
0.0048267
0.0044615
0.0041287
0.0036914
0.0031084
0.002505
0.0020244
0.0016853
0.0014509
0.0012746
0.0011046
0.00090232
0.00052731
-0.00015029
-0.00093145
-0.0014796
-0.0016918
-0.0016664
-0.0016044
-0.0017239
-0.0020741
-0.0025588
-0.0029975
-0.0032302
-0.003215
-0.0030714
-0.0029713
-0.0029283
-0.0028875
-0.0028457
-0.0028272
-0.0028478
-0.0029144
-0.0030285
-0.0031677
-0.0032667
-0.0032074
-0.0028555
-0.0022493
-0.0016776
-0.0013276
-0.0011594
-0.0011458
-0.0012529
-0.0013337
-0.0013329
-0.0013139
-0.0013333
-0.0013262
-0.0010707
-0.00057304
-0.00016041
5.5801e-05
0.00019762
0.00029781
0.00035619
0.00051046
0.00079186
0.0010871
0.0013268
0.0013672
0.0011841
0.0010435
0.0010632
0.0010106
0.00073743
0.00035924
3.1839e-05
-0.00027408
-0.00066588
-0.0011109
-0.0014607
-0.0016735
-0.0017935
-0.0017807
-0.0015737
-0.0012998
-0.001111
-0.00097807
-0.00070904
-0.00025819
0.00018634
0.00050824
0.00074392
0.00099451
0.0012194
0.0013288
0.0013471
0.0013217
0.0012526
0.0011337
0.00099785
0.00092832
0.0010087
0.0011669
0.0012993
0.0014507
0.0016926
0.0019973
0.0022803
0.0025504
0.0027711
0.0028246
0.0026782
0.0023078
0.0018528
0.0013847
0.00097643
0.0005815
0.00019137
-0.00021008
-0.00074942
-0.0014843
-0.0022494
-0.0028076
-0.0031238
-0.0033175
-0.003417
-0.0033494
-0.0031798
-0.0030872
-0.0031027
-0.0031579
-0.0032058
-0.0032004
-0.0030881
-0.0029521
-0.0028512
-0.0025814
-0.0020333
-0.0013681
-0.00079296
-0.00039886
-0.00020903
-0.00017311
-0.00020441
-0.00013319
0.00018944
0.00059576
0.00081921
0.00074475
0.00045954
0.00013313
-0.00014749
-0.00045127
-0.00084049
-0.0012471
-0.0015978
-0.001953
-0.0023519
-0.0026618
-0.0026952
-0.0024559
-0.002107
-0.0018572
-0.0018844
-0.0021764
-0.0025541
-0.0027644
-0.0026598
-0.0024544
-0.0024343
-0.0026567
-0.0029726
-0.0033052
-0.0036346
-0.0037997
-0.0035766
-0.002957
-0.002179
-0.0015654
-0.0013019
-0.0012864
-0.0012575
-0.0011783
-0.0010034
-0.0006059
-4.8288e-05
0.00045001
0.00075026
0.00083648
0.00082738
0.00095494
0.0013873
0.0019837
0.0023932
0.0025281
0.002549
0.0025563
0.0025599
0.0025803
0.0026539
0.0027871
0.0029282
0.0029648
0.0027757
0.0023948
0.0019304
0.0014456
0.0010572
0.00088208
0.00092953
0.0010623
0.0011519
0.0012121
0.0012852
0.0013614
0.0013986
0.001382
0.0014361
0.0016756
0.0020002
0.0021932
0.0021544
0.0019321
0.0015998
0.0012698
0.0011295
0.0011842
0.0012142
0.001221
0.001383
0.0016815
0.0019289
0.0020317
0.0020607
0.0020817
0.0020835
0.0020279
0.001881
0.0016187
0.0012528
0.00085882
0.00048068
8.5087e-05
-0.00029607
-0.00057977
-0.00076631
-0.00087535
-0.00094951
-0.0010882
-0.0013455
-0.001718
-0.0021057
-0.0024154
-0.0026335
-0.0028325
-0.0030643
-0.0032861
-0.0034584
-0.0035619
-0.0035066
-0.0033396
-0.0032062
-0.003065
-0.0028863
-0.0027223
-0.0024968
-0.0021101
-0.0016695
-0.0013492
-0.0012438
-0.001258
-0.0011316
-0.00078365
-0.00043446
-0.0002508
-0.00015913
-4.2907e-05
0.00011949
0.0002921
0.00040994
0.0004121
0.0003772
0.00046599
0.00065229
0.00075581
0.00072695
0.00066087
0.00064517
0.00068973
0.00067849
0.00053853
0.00034183
0.00017561
2.6435e-05
-7.53e-05
-7.7743e-05
-8.6638e-06
7.0003e-05
9.4522e-05
1.7806e-05
-9.3462e-05
-0.00014416
-0.00014097
-0.00012598
-0.00011979
-0.00014372
-0.0002352
-0.00042698
-0.00071171
-0.0010347
-0.001375
-0.0017333
-0.0020297
-0.0021632
-0.0020906
-0.001883
-0.0017176
-0.0016914
-0.0016697
-0.0014608
-0.0011259
-0.00088545
-0.00079689
-0.00075777
-0.00068987
-0.00057245
-0.00039428
-0.00016044
7.9874e-05
0.00029915
0.00053126
0.00078275
0.0010533
0.0013816
0.0017409
0.0019678
0.0019195
0.0016628
0.0013154
0.00088917
0.00042417
4.7465e-05
-0.00016815
-0.0002458
-0.00024439
-0.00022677
-0.00022932
-0.00028438
-0.00035197
-0.00038011
-0.00041744
-0.00049764
-0.00055898
-0.000573
-0.00056283
-0.00053502
-0.00047241
-0.0003603
-0.0002041
-3.6727e-05
0.00011333
0.00028619
0.00053706
0.00084909
0.0011516
0.0014282
0.0016958
0.0018903
0.0019823
0.0019956
0.0019477
0.0018703
0.0017485
0.0015548
0.0013483
0.0012011
0.0011287
0.001076
0.00098856
0.00090018
0.00084749
0.00081065
0.00076504
0.00070889
0.00064903
0.00059412
0.00055937
0.00054448
0.00048808
0.00034898
0.00016773
1.1635e-05
-0.00010014
-0.00018971
-0.00029336
-0.00040824
-0.00051783
-0.00061892
-0.00069993
-0.00077243
-0.00086612
-0.00098109
-0.0010858
-0.0011705
-0.0012419
-0.0012817
-0.001281
-0.0012632
-0.0012477
-0.0012342
-0.0012108
-0.0011703
-0.0011406
-0.0011454
-0.0011662
-0.0011917
-0.0012085
-0.0011877
-0.0011192
-0.0010345
-0.00096654
-0.00091534
-0.00087409
-0.00084466
-0.00082712
-0.00081104
-0.00077512
-0.00069772
-0.00058806
-0.00047555
-0.00037132
-0.00026672
-0.00016809
-0.0001056
-7.9373e-05
-7.0094e-05
-6.4736e-05
-3.296e-05
4.7039e-05
0.00015355
0.00024004
0.00029073
0.00033428
0.00037683
0.00039472
0.00039743
0.00041525
0.00044903
0.00047885
0.00049984
0.00052583
0.00054996
0.00054569
0.00051654
0.00049767
0.00049836
0.00049452
0.00047523
0.00044695
0.0004187
0.00040141
0.00039979
0.00040505
0.00040692
0.00040912
0.00042166
0.00044044
0.00045949
0.00047784
0.00048803
0.00049048
0.00049449
0.00049743
0.00049186
0.00048265
0.00047997
0.00048436
0.00048679
0.00048334
0.00047903
0.00047991
0.00048144
0.00047581
0.00046304
0.00044594
0.00042535
0.00040262
0.00038223
0.00036786
0.00035804
0.00034989
0.0003424
0.00033524
0.0003277
0.00031889
0.00030834
0.00029621
0.0002838
0.00027363
0.00026692
0.00026143
0.000256
0.00025231
0.00024978
0.00024688
0.0002435
0.00023895
0.00023324
0.0002272
0.00022116
0.00021494
0.00020826
0.00020086
0.00019268
0.00018406
0.00017599
0.00016945
0.00016416
0.00015931
0.00015457
0.00014991
0.00014526
0.00014056
0.0001358
0.00013106
0.00012637
0.00012175
0.00011716
0.00011258
0.000108
0.00010343
9.8858e-05
9.4284e-05
8.9713e-05
8.5146e-05
8.0585e-05
7.6032e-05
7.1486e-05
6.695e-05
6.2421e-05
5.7902e-05
5.3391e-05
4.889e-05
4.44e-05
3.9923e-05
3.546e-05
3.1014e-05
2.6586e-05
2.2175e-05
1.7775e-05
1.3383e-05
8.9918e-06
4.6016e-06
2.1976e-07
-4.1345e-06
-8.4382e-06
-1.2687e-05
-1.6899e-05
-2.109e-05
-2.5265e-05
-2.9424e-05
-3.3568e-05
-3.7696e-05
-4.1806e-05
-4.5897e-05
-4.9968e-05
-5.4018e-05
-5.8045e-05
-6.2049e-05
-6.6029e-05
-6.9984e-05
-7.3912e-05
-7.7814e-05
-8.1689e-05
-8.5536e-05
-8.9354e-05
-9.3142e-05
-9.6901e-05
-0.00010063
-0.00010433
-0.00010799
