-0.00043
-0.00045559
-0.00052681
-0.00050377
-0.00037711
-0.00018622
-0.00024421
-0.00045157
-0.00066172
-0.00046402
-0.00048287
-0.00098685
-0.0016892
-0.0015292
-0.0011288
-0.00083745
-0.0015376
-0.0033605
-0.0029834
-0.00017407
0.0024118
0.0036952
0.0026404
0.0015714
0.00065569
0.00059792
0.0010798
0.0032158
0.0042495
0.0051537
0.0049478
0.0054032
0.0057637
0.0039307
0.00025414
-0.0023517
-0.0020587
0.0012112
0.0041422
0.0036982
0.00069299
-0.0035353
-0.006005
-0.0053325
-0.0020133
0.0018018
0.0038276
0.0009697
-0.0037053
-0.0075582
-0.0075819
-0.0032581
0.0013757
0.0047973
0.0044687
-0.00056238
-0.0049314
-0.0044816
-9.1956e-05
0.0033703
0.0053833
0.0069115
0.0072272
0.0069045
0.0072526
0.0076331
0.0078367
0.0079582
0.0077241
0.0066635
0.0051119
0.0050049
0.004341
0.00096875
-0.0017518
-0.00061911
0.0031507
0.0066014
0.0082471
0.0067383
0.0019871
-0.0034508
-0.0050887
-0.0012277
0.0059825
0.010505
0.010543
0.0081297
0.0027075
-0.0035195
-0.0067462
-0.011724
-0.015387
-0.014873
-0.014874
-0.014847
-0.01237
-0.0076724
0.00012822
0.0084337
0.015864
0.01983
0.019844
0.016819
0.012864
0.0062792
-0.00042028
-0.0021523
-0.0012226
0.0024934
0.0043134
0.0043215
0.004923
0.0075117
0.0092182
0.011256
0.009011
0.004802
0.0021243
-0.00012875
-0.0010969
-0.00014282
-0.00024652
-0.0013559
-0.002368
-0.0012532
0.0051575
0.015026
0.021956
0.016588
0.0010979
-0.013731
-0.015278
-0.0060253
0.0013936
0.00382
0.0040223
0.0039011
0.0086951
0.013205
0.011945
0.0045014
-0.0022416
-0.0040004
-0.00070147
0.0040162
0.0047506
0.0019126
-0.00070139
0.0032476
0.01087
0.016969
0.016347
0.0086633
0.0017241
0.00014104
-0.0022168
-0.003461
-0.0052552
-0.0073518
-0.0048783
-0.00070638
0.0019337
0.0019849
-0.0015606
-0.0064298
-0.0092027
-0.0065555
0.0028947
0.0096267
0.011897
0.013901
0.016075
0.019556
0.024909
0.025888
0.018009
0.0061676
-0.0034384
-0.0080162
-0.0077575
-0.0049761
-0.004606
-0.0049417
-0.0043331
-0.0043195
-0.0043851
-0.0062862
-0.0098683
-0.011347
-0.0086592
-0.002645
0.0049182
0.010555
0.012746
0.011084
0.0087258
0.0067272
0.0026531
-0.0049249
-0.011451
-0.015314
-0.018057
-0.02126
-0.024466
-0.024658
-0.019882
-0.0092206
0.0048323
0.017082
0.02503
0.02423
0.012689
-0.007693
-0.021695
-0.021814
-0.011673
0.0017306
0.010972
0.012376
0.0096987
0.0086071
0.00948
0.013073
0.013903
0.0048233
-0.011777
-0.021629
-0.026909
-0.028166
-0.022115
-0.013068
-0.0061938
-0.0055182
-0.008088
-0.010994
-0.010129
-0.0057303
-0.0040953
-0.0057029
-0.012277
-0.016578
-0.016668
-0.0093491
0.0056389
0.02129
0.024604
0.013892
0.0036524
0.0011582
0.0031223
0.012081
0.02195
0.027479
0.029157
0.026063
0.015944
-0.0041669
-0.02348
-0.041724
-0.044399
-0.044703
-0.042538
-0.029897
-0.010088
0.0097305
0.013661
0.013163
0.0089714
-0.00014264
-0.007215
-0.0081306
-0.0058502
-0.0034021
-0.0066565
-0.013677
-0.0222
-0.02751
-0.033028
-0.036519
-0.034728
-0.033518
-0.030272
-0.023991
-0.016625
-0.013692
-0.012589
-0.011425
-0.010928
-0.008812
-0.0065622
-0.0054795
-0.0023513
0.0015495
0.0068251
0.012856
0.019017
0.031521
0.042331
0.043738
0.035959
0.020329
-0.00017101
-0.016289
-0.021326
-0.016486
-0.0091575
0.0032626
0.017698
0.025324
0.02495
0.024385
0.022538
0.019584
0.019787
0.02152
0.018304
0.0081324
-0.0065652
-0.020575
-0.026351
-0.023363
-0.020325
-0.019458
-0.017952
-0.013276
-0.0059867
0.0010791
0.0051009
0.001265
-0.0085957
-0.01425
-0.0098998
0.00011091
0.010004
0.014955
0.016086
0.013275
0.0073242
-0.0017251
-0.012749
-0.023051
-0.02807
-0.027262
-0.021981
-0.015299
-0.008483
-0.0033116
-0.0027816
-0.0090422
-0.020175
-0.02816
-0.029433
-0.024762
-0.016624
-0.0064241
0.0035403
0.011513
0.017993
0.020427
0.016978
0.0062429
-0.016378
-0.05043
-0.07153
-0.079076
-0.083532
-0.078754
-0.068346
-0.057988
-0.056184
-0.057091
-0.058012
-0.060326
-0.063073
-0.067692
-0.081103
-0.099654
-0.11215
-0.11804
-0.11944
-0.11687
-0.11008
-0.10316
-0.10007
-0.099829
-0.10054
-0.10053
-0.097883
-0.089338
-0.075202
-0.058175
-0.046918
-0.038597
-0.033195
-0.03431
-0.040375
-0.047945
-0.054655
-0.064963
-0.071716
-0.076942
-0.081944
-0.081703
-0.076001
-0.068921
-0.061539
-0.053917
-0.044318
-0.040882
-0.03723
-0.028552
-0.0085809
0.021604
0.046222
0.080191
0.11028
0.1297
0.15624
0.18691
0.20523
0.22104
0.22842
0.22554
0.20922
0.17246
0.10871
0.0034752
-0.068929
-0.12524
-0.15997
-0.16758
-0.17843
-0.1862
-0.18575
-0.17343
-0.14784
-0.10486
-0.058569
-0.016275
0.02891
0.059454
0.070498
0.072703
0.069937
0.063701
0.055239
0.047983
0.042704
0.045048
0.054551
0.063535
0.07024
0.070251
0.069418
0.068237
0.069677
0.077602
0.088558
0.10209
0.11428
0.11837
0.12402
0.12971
0.13241
0.13571
0.13775
0.13463
0.11894
0.081496
0.028708
-0.0092542
-0.02195
-0.027789
-0.026928
-0.01178
0.013923
0.037769
0.049896
0.054949
0.054972
0.056978
0.060204
0.060108
0.055929
0.051326
0.048506
0.044397
0.040327
0.036977
0.031826
0.027744
0.026027
0.023776
0.018311
0.0066655
-0.0087559
-0.025749
-0.038332
-0.039615
-0.031706
-0.017013
0.0069939
0.03608
0.059624
0.083506
0.11136
0.13266
0.14773
0.16311
0.17266
0.17669
0.18156
0.18392
0.18202
0.17622
0.16904
0.16226
0.15347
0.13954
0.11672
0.091518
0.059076
0.02602
0.0050157
-0.0078304
-0.012594
-0.01341
-0.010888
-0.0071727
-1.9977e-05
0.014534
0.033006
0.056368
0.075951
0.076062
0.08096
0.080105
0.074089
0.066902
0.064147
0.064861
0.066951
0.070119
0.071682
0.072231
0.070924
0.069191
0.062666
0.042293
0.012546
-0.015001
-0.03861
-0.047335
-0.050346
-0.052176
-0.051662
-0.047289
-0.041963
-0.03852
-0.032211
-0.028161
-0.029741
-0.035277
-0.041886
-0.049425
-0.06355
-0.080335
-0.094136
-0.1096
-0.11954
-0.13196
-0.1452
-0.14884
-0.15135
-0.1501
-0.14292
-0.13008
-0.11387
-0.097063
-0.076224
-0.05391
-0.037117
-0.028316
-0.034215
-0.055582
-0.085406
-0.11038
-0.12752
-0.13294
-0.13564
-0.14461
-0.15647
-0.16763
-0.17192
-0.16893
-0.16322
-0.15604
-0.14401
-0.12915
-0.11767
-0.10646
-0.092293
-0.079999
-0.072612
-0.070372
-0.073035
-0.080787
-0.090075
-0.099511
-0.11585
-0.13513
-0.16118
-0.18461
-0.18887
-0.18019
-0.15814
-0.11894
-0.074755
-0.052294
-0.033784
-0.021497
-0.016744
-0.0077479
-0.00013286
0.0042523
0.0097069
0.015743
0.027017
0.047008
0.067765
0.099192
0.13024
0.14245
0.15616
0.16256
0.16077
0.15295
0.13822
0.12111
0.10483
0.094798
0.088386
0.086898
0.089666
0.0953
0.10189
0.10702
0.11414
0.12276
0.13298
0.14239
0.14498
0.14346
0.1411
0.13917
0.13806
0.13722
0.1352
0.1327
0.13083
0.12531
0.11412
0.099763
0.086585
0.081979
0.080889
0.076627
0.069422
0.055759
0.037611
0.027553
0.02449
0.022488
0.019736
0.014023
-0.00097363
-0.027002
-0.055071
-0.070242
-0.081142
-0.089227
-0.09037
-0.088116
-0.085377
-0.080849
-0.076656
-0.073751
-0.070565
-0.069164
-0.069938
-0.068594
-0.064492
-0.059192
-0.051269
-0.044762
-0.043576
-0.041511
-0.038843
-0.02648
-0.010448
-5.743e-05
0.0092734
0.016922
0.021626
0.025649
0.027447
0.029089
0.030408
0.02651
0.015985
-0.0059989
-0.035547
-0.068223
-0.091488
-0.096589
-0.10228
-0.10203
-0.094012
-0.081673
-0.062499
-0.035483
-0.0083555
0.015478
0.03696
0.047194
0.041629
0.025232
0.0028563
-0.014566
-0.022625
-0.022083
-0.019042
-0.018232
-0.018262
-0.018926
-0.020736
-0.02578
-0.032949
-0.041111
-0.048546
-0.053278
-0.056456
-0.058529
-0.055762
-0.045985
-0.03027
-0.015093
-0.00043591
0.01556
0.02761
0.040409
0.049015
0.056751
0.066597
0.071372
0.074763
0.07295
0.066269
0.057194
0.044212
0.033753
0.024617
0.016881
0.018358
0.025319
0.033439
0.041992
0.050524
0.05166
0.048411
0.043708
0.03524
0.024139
0.011948
-0.00022816
-0.01421
-0.022943
-0.036478
-0.049885
-0.05719
-0.064889
-0.070248
-0.070262
-0.061641
-0.046053
-0.03012
-0.01647
-0.0070508
-0.00038106
0.0032726
0.00011402
-0.0060171
-0.014106
-0.023168
-0.03509
-0.044973
-0.042614
-0.030817
-0.011695
0.01211
0.033486
0.04948
0.07031
0.083815
0.092545
0.10159
0.10534
0.1005
0.091236
0.082191
0.073542
0.068427
0.068699
0.069887
0.070145
0.070515
0.071295
0.07312
0.074801
0.075832
0.074736
0.072934
0.071259
0.069773
0.069428
0.073321
0.082693
0.097818
0.11356
0.12956
0.14917
0.16638
0.17949
0.18566
0.18284
0.16832
0.13809
0.090751
0.040815
0.0098334
-0.012879
-0.034818
-0.049052
-0.060472
-0.074603
-0.094806
-0.11929
-0.13575
-0.15154
-0.16674
-0.17977
-0.19477
-0.20664
-0.21189
-0.20888
-0.20064
-0.18858
-0.17433
-0.16225
-0.15027
-0.13533
-0.1219
-0.10861
-0.095537
-0.088635
-0.085888
-0.082925
-0.074403
-0.059443
-0.047863
-0.040099
-0.037012
-0.036026
-0.027302
-0.010364
0.0038055
0.011687
0.0077737
-7.621e-06
-0.010918
-0.025138
-0.038497
-0.049409
-0.049372
-0.043354
-0.03279
-0.019663
0.0010475
0.019739
0.027366
0.033511
0.032475
0.027821
0.022363
0.017157
0.010563
0.0072822
0.013659
0.024322
0.036712
0.050518
0.065322
0.075811
0.084367
0.091366
0.090923
0.087411
0.08136
0.072447
0.059069
0.045095
0.031519
0.018695
0.012932
0.010596
0.012413
0.016991
0.025279
0.034727
0.040129
0.04365
0.044545
0.042696
0.041736
0.043052
0.047086
0.052542
0.055881
0.055134
0.049774
0.037987
0.022354
0.0096547
0.00040659
-0.0045038
-0.008301
-0.015812
-0.025421
-0.04146
-0.065506
-0.088181
-0.11086
-0.13439
-0.14955
-0.15675
-0.15661
-0.14765
-0.13812
-0.13338
-0.12558
-0.11267
-0.097717
-0.080355
-0.058538
-0.042874
-0.024243
-0.0039945
0.0076073
0.018469
0.029036
0.043051
0.056074
0.055683
0.052709
0.044784
0.037151
0.032239
0.028314
0.032069
0.035616
0.037418
0.038714
0.036097
0.025548
0.003668
-0.028185
-0.056694
-0.09346
-0.1126
-0.11315
-0.10877
-0.094882
-0.075196
-0.05544
-0.042456
-0.026909
-0.01404
-0.0061119
0.0034544
0.011666
0.01602
0.017791
0.018437
0.021483
0.027706
0.035339
0.045261
0.057269
0.069268
0.081571
0.091708
0.098625
0.10471
0.10964
0.11414
0.11552
0.11173
0.10676
0.10237
0.096808
0.08925
0.082359
0.075199
0.067774
0.063419
0.063332
0.06484
0.066375
0.065856
0.060636
0.048229
0.02827
0.0069873
-0.013599
-0.030626
-0.031984
-0.021157
-0.0072624
0.0083508
0.015858
0.012802
0.0066252
-0.0014414
-0.012559
-0.027921
-0.046716
-0.065571
-0.086329
-0.097053
-0.10073
-0.099874
-0.095517
-0.085473
-0.071615
-0.05898
-0.046099
-0.031438
-0.023783
-0.018082
-0.018913
-0.025889
-0.033669
-0.037823
-0.040709
-0.039631
-0.03506
-0.032977
-0.033436
-0.036396
-0.037258
-0.032955
-0.028512
-0.021326
-0.018048
-0.0096361
-0.00057253
0.0059179
0.013064
0.022402
0.030358
0.035229
0.0365
0.031387
0.024634
0.020137
0.017625
0.017743
0.020581
0.025303
0.030401
0.034451
0.039311
0.045346
0.048935
0.048364
0.044014
0.036826
0.03094
0.028605
0.027607
0.029087
0.034206
0.039848
0.041514
0.036275
0.026931
0.013122
-0.0015631
-0.0095049
-0.013039
-0.01716
-0.020527
-0.02325
-0.024161
-0.023963
-0.023941
-0.024037
-0.025059
-0.027985
-0.031421
-0.034272
-0.035519
-0.03298
-0.027003
-0.016779
-0.0046671
0.0080033
0.017101
0.025466
0.036928
0.046373
0.051462
0.052834
0.05029
0.043918
0.032766
0.019762
0.0033633
-0.013702
-0.024369
-0.033983
-0.041313
-0.043436
-0.041506
-0.034948
-0.025573
-0.015468
-0.01026
-0.0075366
-0.010355
-0.01975
-0.03053
-0.035356
-0.033631
-0.029023
-0.023358
-0.015101
-0.0043978
8.2612e-05
0.0038227
0.0073948
0.0036142
-0.0086819
-0.023909
-0.044615
-0.064697
-0.072599
-0.079101
-0.087262
-0.091823
-0.093946
-0.092467
-0.089222
-0.088589
-0.089707
-0.090038
-0.089748
-0.089222
-0.087699
-0.085167
-0.083955
-0.08078
-0.075481
-0.072152
-0.066007
-0.057958
-0.048485
-0.041694
-0.03866
-0.035353
-0.029899
-0.025322
-0.017232
-0.007657
0.00061543
0.010307
0.021514
0.030942
0.039894
0.045159
0.051473
0.055272
0.051894
0.046996
0.04406
0.045095
0.045042
0.049003
0.052825
0.056625
0.059892
0.06655
0.072537
0.071729
0.07093
0.072211
0.072374
0.068944
0.063224
0.05951
0.055889
0.053524
0.050391
0.04748
0.046718
0.046849
0.044764
0.042132
0.042654
0.045839
0.053438
0.062611
0.068866
0.074697
0.082076
0.08795
0.093623
0.097993
0.10031
0.10181
0.1012
0.099104
0.09604
0.095731
0.098898
0.10321
0.10735
0.11085
0.11254
0.11085
0.10428
0.093802
0.079671
0.067064
0.058648
0.049965
0.044886
0.045996
0.04804
0.048328
0.045395
0.037295
0.022955
0.0040398
-0.021212
-0.049189
-0.075055
-0.099722
-0.12089
-0.14199
-0.15634
-0.15861
-0.15312
-0.13999
-0.11807
-0.089573
-0.063788
-0.046767
-0.0366
-0.030093
-0.025288
-0.027352
-0.036788
-0.052519
-0.073119
-0.09375
-0.10772
-0.10559
-0.093005
-0.077401
-0.059049
-0.043832
-0.037827
-0.034356
-0.030539
-0.030027
-0.031942
-0.03179
-0.02681
-0.016602
-0.0078784
-0.00073467
0.0098231
0.017809
0.023059
0.026778
0.027482
0.026592
0.023702
0.020131
0.020029
0.02551
0.033399
0.041462
0.048125
0.054345
0.062007
0.066929
0.069549
0.072026
0.072382
0.06912
0.060975
0.053027
0.042868
0.03264
0.022044
0.011384
0.004769
0.0010073
-0.0031067
-0.0067108
-0.0090451
-0.010739
-0.012976
-0.012375
-0.010964
-0.0096957
-0.010695
-0.014021
-0.014631
-0.014961
-0.01191
-0.0095263
-0.0040104
-0.00025095
0.0025154
0.0011881
-8.4525e-05
-0.0030033
-0.0088011
-0.01865
-0.030402
-0.039636
-0.050798
-0.066712
-0.08174
-0.09269
-0.095364
-0.093168
-0.088149
-0.080243
-0.070986
-0.065721
-0.067613
-0.070084
-0.072933
-0.076257
-0.078152
-0.075706
-0.072242
-0.06796
-0.06267
-0.054593
-0.04387
-0.031215
-0.015106
0.0018468
0.014961
0.024808
0.029379
0.030429
0.029928
0.027151
0.02446
0.022741
0.024566
0.029667
0.03393
0.038425
0.042885
0.044797
0.044893
0.041593
0.03362
0.022418
0.011702
-0.00068032
-0.016036
-0.027894
-0.03611
-0.043076
-0.045438
-0.043044
-0.038861
-0.032155
-0.024688
-0.020094
-0.017273
-0.01718
-0.021511
-0.030207
-0.041279
-0.048317
-0.050058
-0.046428
-0.039475
-0.033085
-0.027265
-0.018499
-0.011132
-0.010263
-0.013829
-0.018691
-0.022571
-0.026721
-0.028969
-0.028912
-0.023291
-0.015395
-0.0069062
0.0011359
0.0096005
0.018625
0.030385
0.038708
0.044626
0.04835
0.052829
0.056265
0.060463
0.065433
0.069264
0.073189
0.077273
0.080123
0.08528
0.091912
0.095696
0.097189
0.098542
0.10004
0.10198
0.10249
0.10418
0.10553
0.10485
0.10394
0.10251
0.10203
0.10223
0.099984
0.095745
0.090748
0.084533
0.077202
0.068109
0.059159
0.050598
0.040302
0.030825
0.022941
0.014868
0.0055233
-0.0060037
-0.013463
-0.018256
-0.022959
-0.024099
-0.022594
-0.022311
-0.023884
-0.025441
-0.028167
-0.032771
-0.038278
-0.043391
-0.049612
-0.058693
-0.066146
-0.07521
-0.08703
-0.096152
-0.10486
-0.10949
-0.11279
-0.11707
-0.11875
-0.12208
-0.12539
-0.12719
-0.12924
-0.13441
-0.1391
-0.1485
-0.15883
-0.16245
-0.16598
-0.16889
-0.17115
-0.17099
-0.1695
-0.1659
-0.16168
-0.15418
-0.13521
-0.11499
-0.094937
-0.07647
-0.062986
-0.046088
-0.028846
-0.015776
0.0011895
0.017776
0.030214
0.042382
0.054644
0.064421
0.074418
0.082241
0.090817
0.10031
0.1062
0.11425
0.12287
0.12891
0.13246
0.13587
0.13645
0.13603
0.13668
0.13819
0.14031
0.14047
0.13734
0.13393
0.13097
0.12673
0.12199
0.11788
0.115
0.11425
0.11184
0.10687
0.10084
0.095578
0.091764
0.08729
0.081303
0.075666
0.071452
0.067984
0.067956
0.070714
0.07435
0.08153
0.091559
0.098284
0.10105
0.09993
0.097179
0.0907
0.076519
0.061235
0.044261
0.031297
0.018411
0.003917
-0.0038413
-0.011094
-0.021399
-0.029384
-0.040469
-0.053798
-0.063912
-0.076107
-0.089276
-0.10637
-0.12308
-0.1376
-0.15532
-0.17258
-0.18493
-0.19861
-0.21459
-0.22396
-0.23198
-0.23152
-0.22633
-0.21879
-0.21475
-0.20879
-0.20077
-0.19696
-0.1937
-0.18764
-0.17858
-0.16757
-0.15927
-0.14796
-0.13228
-0.11623
-0.097031
-0.077061
-0.06162
-0.042836
-0.022456
-0.01046
-0.00030423
0.0098712
0.02301
0.03482
0.042649
0.051168
0.059931
0.067525
0.074818
0.083005
0.089281
0.09514
0.10081
0.10373
0.10385
0.10374
0.10452
0.105
0.10496
0.10485
0.10563
0.10742
0.10839
0.10774
0.10739
0.10654
0.10477
0.10236
0.099348
0.095795
0.09144
0.087699
0.084667
0.079922
0.075618
0.073076
0.070971
0.070268
0.070003
0.068157
0.065509
0.060261
0.052638
0.04434
0.037574
0.033799
0.030485
0.0293
0.030385
0.032576
0.035244
0.037954
0.040857
0.042637
0.041798
0.039802
0.039074
0.037355
0.03412
0.030109
0.025372
0.022192
0.020073
0.017348
0.013996
0.0095893
0.0045502
0.0021004
0.0026551
0.0041211
0.0068
0.0092743
0.01064
0.010953
0.009851
0.0052046
-0.0031068
-0.01209
-0.018035
-0.028105
-0.041732
-0.053289
-0.066917
-0.078157
-0.090527
-0.10648
-0.1191
-0.13258
-0.14576
-0.15123
-0.15751
-0.16397
-0.16289
-0.15644
-0.1494
-0.13923
-0.12709
-0.11894
-0.11093
-0.10421
-0.10235
-0.10237
-0.1034
-0.10747
-0.11051
-0.10715
-0.10126
-0.09353
-0.088292
-0.078627
-0.065665
-0.057375
-0.048629
-0.038258
-0.029735
-0.021719
-0.012506
0.0002305
0.016877
0.030302
0.045355
0.060115
0.072066
0.088977
0.10597
0.11781
0.12788
0.13049
0.13318
0.13692
0.13722
0.13423
0.12728
0.12266
0.11951
0.11622
0.11939
0.12485
0.12892
0.12899
0.12791
0.12564
0.11799
0.10925
0.10386
0.094044
0.082061
0.070591
0.054914
0.033172
0.013218
-0.0067661
-0.01996
-0.030911
-0.038629
-0.040434
-0.044565
-0.04878
-0.050966
-0.05222
-0.055615
-0.055721
-0.052634
-0.053322
-0.052921
-0.050686
-0.049868
-0.0467
-0.043661
-0.039406
-0.032903
-0.027918
-0.024521
-0.022533
-0.027622
-0.032274
-0.03706
-0.040808
-0.044188
-0.050168
-0.053405
-0.054192
-0.054464
-0.051586
-0.046619
-0.041801
-0.040583
-0.038862
-0.036776
-0.035563
-0.032555
-0.031523
-0.030738
-0.031081
-0.028667
-0.023005
-0.017992
-0.014762
-0.011136
-0.0083685
-0.0034808
0.0026572
0.0067067
0.0095142
0.010388
0.0097914
0.0083359
0.0048135
0.00054167
-0.0035363
-0.0056975
-0.0080471
-0.009645
-0.0099649
-0.010249
-0.0089601
-0.0077139
-0.0063892
-0.0068445
-0.007292
-0.0088592
-0.012093
-0.015256
-0.019578
-0.024524
-0.027732
-0.030315
-0.031527
-0.034891
-0.036471
-0.035707
-0.035827
-0.035843
-0.034811
-0.032975
-0.030552
-0.024497
-0.019127
-0.015649
-0.01078
-0.0033341
0.005289
0.012835
0.015729
0.017642
0.020475
0.022312
0.024337
0.027802
0.032234
0.039
0.045985
0.05165
0.059009
0.06605
0.070725
0.074425
0.077501
0.079792
0.079363
0.077734
0.077999
0.078747
0.078627
0.078412
0.079092
0.080799
0.081755
0.081901
0.083689
0.085036
0.084422
0.08349
0.082039
0.08104
0.078755
0.0753
0.072399
0.070828
0.071142
0.071274
0.069818
0.067776
0.067517
0.067258
0.064571
0.061307
0.058038
0.053093
0.046062
0.035733
0.023224
0.013011
0.002728
-0.0073115
-0.01356
-0.018878
-0.024614
-0.028942
-0.032195
-0.033627
-0.034333
-0.036356
-0.038199
-0.04053
-0.042644
-0.043688
-0.046268
-0.048843
-0.048729
-0.047268
-0.045589
-0.043763
-0.038245
-0.031927
-0.024021
-0.013114
-0.004434
0.0034648
0.010785
0.01675
0.023946
0.031314
0.035484
0.040162
0.042138
0.040648
0.038106
0.035461
0.030519
0.023091
0.019009
0.014469
0.0047485
-0.003668
-0.0084035
-0.012303
-0.016436
-0.022992
-0.029489
-0.03503
-0.040782
-0.047612
-0.055234
-0.06137
-0.069179
-0.077993
-0.081712
-0.085086
-0.089367
-0.0884
-0.086843
-0.084195
-0.081415
-0.077547
-0.072593
-0.070088
-0.067257
-0.065776
-0.067893
-0.070145
-0.070211
-0.071572
-0.071134
-0.071326
-0.071689
-0.070014
-0.066533
-0.064961
-0.064709
-0.062637
-0.062989
-0.063307
-0.063363
-0.062903
-0.060172
-0.055166
-0.051406
-0.049185
-0.043046
-0.033757
-0.025504
-0.016905
-0.010253
-0.0015339
0.0056772
0.01074
0.017006
0.023554
0.029149
0.032797
0.035669
0.040594
0.045558
0.04782
0.05033
0.053454
0.057106
0.061685
0.065974
0.068589
0.073062
0.078076
0.080204
0.081089
0.080275
0.078515
0.075674
0.072534
0.069847
0.068158
0.066478
0.062546
0.057064
0.052252
0.047273
0.043402
0.038745
0.032124
0.02593
0.020303
0.015397
0.011198
0.0061668
0.00036801
-0.0037768
-0.0085685
-0.015146
-0.02098
-0.025863
-0.030737
-0.037041
-0.042704
-0.04506
-0.047083
-0.046922
-0.043347
-0.037572
-0.030906
-0.023929
-0.018833
-0.015329
-0.01173
-0.010762
-0.010521
-0.0084652
-0.006876
-0.006951
-0.0073135
-0.0070901
-0.0066749
-0.0067104
-0.0079813
-0.0099978
-0.0097832
-0.0075621
-0.0056822
-0.0042952
-0.0032104
-0.00037371
0.0030702
0.0058068
0.0084482
0.011328
0.01442
0.017701
0.02049
0.021822
0.021736
0.023335
0.025771
0.024503
0.021774
0.020917
0.019579
0.019601
0.020007
0.021091
0.023083
0.022864
0.021317
0.018165
0.013969
0.0086501
0.0042373
-0.00026414
-0.0082901
-0.015317
-0.022907
-0.030151
-0.035218
-0.042805
-0.051757
-0.056812
-0.059412
-0.059477
-0.060846
-0.059294
-0.058296
-0.053807
-0.048613
-0.046525
-0.042828
-0.039104
-0.038731
-0.035346
-0.032881
-0.032445
-0.030706
-0.030897
-0.028768
-0.024608
-0.022195
-0.021945
-0.022187
-0.020278
-0.018281
-0.01858
-0.017447
-0.015284
-0.013512
-0.010015
-0.0078735
-0.0066226
-0.0021721
0.0049323
0.010672
0.015806
0.021521
0.02756
0.033004
0.036551
0.038997
0.041478
0.043352
0.045151
0.04624
0.044684
0.042735
0.042734
0.043499
0.043462
0.043258
0.043256
0.043101
0.042055
0.040419
0.040293
0.039973
0.037022
0.033396
0.030295
0.027387
0.024317
0.022552
0.024202
0.027614
0.030116
0.03229
0.034824
0.037764
0.040895
0.044139
0.046953
0.048285
0.048335
0.050206
0.052589
0.050421
0.047814
0.047684
0.045138
0.041861
0.03608
0.027053
0.02083
0.014221
0.0088006
0.00044256
-0.010413
-0.018144
-0.029517
-0.0367
-0.039037
-0.042984
-0.045929
-0.046023
-0.043908
-0.042676
-0.039549
-0.037084
-0.036707
-0.037138
-0.03583
-0.033768
-0.032843
-0.031206
-0.027522
-0.02226
-0.015232
-0.0070763
0.0003542
0.0046436
0.0083111
0.012868
0.015304
0.016042
0.015977
0.016278
0.015799
0.014105
0.012821
0.010509
0.0072443
0.0044602
0.0018067
-0.001005
-0.0039908
-0.0071759
-0.010289
-0.012336
-0.012357
-0.011279
-0.0097708
-0.0084668
-0.0061521
-0.0041718
-0.0031397
-6.8083e-05
0.001838
0.0013204
0.0023006
0.0052986
0.0071839
0.0088695
0.010551
0.010367
0.010521
0.010893
0.0093282
0.0053967
0.0028092
0.0019398
0.0015553
-0.00086091
-0.0023674
-0.005508
-0.0071224
-0.0078058
-0.011683
-0.013526
-0.012114
-0.010342
-0.0088445
-0.010184
-0.010728
-0.0096995
-0.0079394
-0.0066054
-0.0070317
-0.0050915
-0.0018211
-0.00063588
0.00039344
0.0039545
0.0069876
0.0096872
0.012822
0.016283
0.018842
0.019093
0.018571
0.019029
0.019667
0.019847
0.018976
0.017127
0.016132
0.016759
0.017286
0.018788
0.021581
0.025664
0.029069
0.031422
0.034106
0.036443
0.037862
0.03952
0.039291
0.037183
0.035843
0.033816
0.03167
0.030884
0.029321
0.027475
0.024794
0.021905
0.017786
0.010519
0.0024507
-0.0039433
-0.011056
-0.017027
-0.02289
-0.027962
-0.030514
-0.032112
-0.033467
-0.03673
-0.040118
-0.04419
-0.050449
-0.056409
-0.06074
-0.063163
-0.065801
-0.069572
-0.07198
-0.07135
-0.071183
-0.069825
-0.066503
-0.065267
-0.065268
-0.063113
-0.061655
-0.057977
-0.055453
-0.054588
-0.052263
-0.044617
-0.038291
-0.033504
-0.029228
-0.025382
-0.020365
-0.019349
-0.018557
-0.014373
-0.011829
-0.011392
-0.010369
-0.0104
-0.0082144
-0.0041397
-0.001565
-0.0002828
0.0009654
0.0037188
0.0067806
0.0080995
0.0088483
0.010884
0.012184
0.014217
0.015343
0.016427
0.016242
0.018249
0.022383
0.025477
0.02849
0.032873
0.037516
0.041902
0.046923
0.051416
0.05615
0.060705
0.065724
0.071278
0.074857
0.078134
0.082471
0.084348
0.083349
0.082829
0.081846
0.080685
0.079328
0.076452
0.073001
0.069442
0.066516
0.061859
0.056124
0.050684
0.043176
0.034709
0.025607
0.018959
0.013991
0.0089477
0.005532
0.0025512
-0.0010555
-0.0044411
-0.0064532
-0.0064571
-0.0062156
-0.0066625
-0.0069502
-0.0068108
-0.0067738
-0.0079227
-0.010549
-0.012396
-0.013404
-0.017543
-0.023835
-0.028779
-0.033486
-0.040019
-0.042616
-0.044635
-0.048327
-0.053042
-0.057884
-0.060399
-0.064247
-0.070457
-0.075359
-0.079125
-0.085138
-0.090226
-0.092277
-0.093546
-0.094607
-0.093468
-0.09173
-0.09089
-0.086473
-0.082621
-0.081698
-0.076328
-0.072108
-0.066001
-0.059637
-0.052889
-0.045588
-0.040263
-0.031282
-0.019525
-0.012818
-0.0067544
0.0017088
0.0060753
0.0080009
0.0096163
0.011925
0.015681
0.017199
0.017717
0.019675
0.02137
0.024429
0.026136
0.027065
0.028202
0.026203
0.02425
0.023777
0.022192
0.021174
0.01981
0.019584
0.018026
0.016444
0.016818
0.015682
0.013856
0.013362
0.014432
0.016905
0.020129
0.022602
0.024927
0.027714
0.031473
0.036172
0.04006
0.043123
0.04753
0.050791
0.052297
0.056149
0.060434
0.061198
0.062384
0.063073
0.062209
0.060557
0.058566
0.054464
0.049752
0.044606
0.039496
0.035587
0.031151
0.027437
0.024443
0.021389
0.019253
0.017952
0.01527
0.012392
0.010975
0.0095291
0.0095914
0.0095211
0.0077656
0.0053193
0.0052808
0.0059688
0.0071501
0.0089246
0.0085885
0.0078314
0.0067628
0.0049166
0.004145
0.0021327
0.00020533
-0.0028506
-0.0071803
-0.0088039
-0.012005
-0.01651
-0.016457
-0.018347
-0.019865
-0.022137
-0.021961
-0.021194
-0.019894
-0.018096
-0.019416
-0.019357
-0.017225
-0.015083
-0.016918
-0.018445
-0.01713
-0.015478
-0.014221
-0.011113
-0.0095569
-0.0087799
-0.0050993
-0.0015713
0.00077533
0.0015993
0.0010714
0.0010773
0.0005511
-0.0007037
-0.0014577
-0.0026295
-0.0046451
-0.0056092
-0.0072024
-0.0078123
-0.009283
-0.01
-0.0095728
-0.0096361
-0.0098529
-0.0099726
-0.0099118
-0.0097944
-0.0097775
-0.0099696
-0.010044
-0.0093745
-0.0075516
-0.0058404
-0.0047579
-0.0040128
-0.0044588
-0.0044582
-0.0041749
-0.0039947
-0.0037515
-0.0037243
-0.0046754
-0.0071784
-0.0094441
-0.010272
-0.01401
-0.020835
-0.025454
-0.028405
-0.031864
-0.033704
-0.035362
-0.036389
-0.035539
-0.032844
-0.028696
-0.023464
-0.018831
-0.015298
-0.0098025
-0.0033969
0.0015185
0.0052997
0.010126
0.014431
0.017239
0.018854
0.018575
0.018449
0.019185
0.020842
0.022876
0.022451
0.021848
0.022002
0.022372
0.022724
0.02263
0.021209
0.018337
0.016538
0.014643
0.0096298
0.0066806
0.0045479
0.0012154
-0.0030951
-0.0067813
-0.0074417
-0.010261
-0.013679
-0.015507
-0.016806
-0.020089
-0.022017
-0.022618
-0.025013
-0.024742
-0.023148
-0.019416
-0.015097
-0.010766
-0.0089106
-0.0060756
-0.0026969
-0.0012407
-0.0018098
-0.0015183
-0.0012768
-0.0027363
-0.0047693
-0.0038897
-0.0034058
-0.0037725
-0.0041176
-0.0044367
-0.0040538
-0.0024295
-0.00032748
-0.001194
-0.001507
-0.0015697
-0.0028191
-0.0046831
-0.0061032
-0.0089765
-0.010423
-0.011182
-0.012903
-0.012791
-0.012412
-0.010679
-0.007303
-0.004643
-0.0020968
0.00083699
0.0038994
0.0062485
0.0074623
0.0089646
0.012722
0.015858
0.018598
0.021814
0.025131
0.027407
0.02799
0.026948
0.025647
0.024602
0.022898
0.019482
0.016493
0.014539
0.013491
0.012113
0.010039
0.0086683
0.0079199
0.0077944
0.0054241
0.0016573
-0.0015723
-0.004429
-0.0061551
-0.0068634
-0.0094196
-0.013463
-0.017666
-0.021099
-0.021229
-0.021247
-0.023719
-0.025732
-0.027298
-0.027764
-0.027519
-0.026848
-0.024094
-0.01975
-0.014796
-0.010826
-0.0053637
-0.00044822
0.0022511
0.0051353
0.0072611
0.0069771
0.0057312
0.004429
0.0048014
0.0040132
0.0017377
0.0018209
0.0022961
0.0023132
0.0019636
0.00074277
-0.001487
-0.0034669
-0.0089871
-0.0131
-0.018989
-0.023371
-0.025421
-0.028551
-0.030608
-0.029883
-0.02796
-0.024399
-0.020727
-0.017833
-0.015518
-0.011114
-0.010023
-0.008881
-0.0053245
-0.0037137
-0.0028559
-0.00077786
0.00043017
0.001682
0.0016376
0.0030402
0.0054599
0.0072162
0.010385
0.01328
0.016088
0.018984
0.021337
0.022607
0.023961
0.025191
0.025109
0.025129
0.024475
0.022601
0.021468
0.02008
0.018752
0.017401
0.016929
0.016283
0.014484
0.014065
0.013524
0.010689
0.008295
0.0076166
0.0062883
0.0046011
0.0026678
0.0015688
0.00017711
0.00027955
-0.0005338
-0.0031723
-0.0044008
-0.005227
-0.0031173
-0.00091782
0.00041922
0.0015225
0.0051422
0.0082723
0.0097045
0.010259
0.012345
0.012454
0.013842
0.016166
0.015756
0.01705
0.019356
0.018571
0.01883
0.020985
0.022689
0.021997
0.021845
0.022291
0.021917
0.020436
0.018968
0.019049
0.017548
0.016284
0.016644
0.016768
0.017433
0.019098
0.019855
0.019219
0.019382
0.019736
0.018732
0.015963
0.013766
0.012981
0.010766
0.0082465
0.0071847
0.0056754
0.0043507
0.0028424
0.00093137
-0.0022624
-0.0051977
-0.0065696
-0.0074652
-0.010428
-0.012679
-0.01373
-0.016864
-0.018876
-0.018358
-0.018084
-0.018337
-0.018487
-0.018979
-0.020541
-0.022514
-0.021521
-0.021183
-0.021781
-0.022
-0.020737
-0.01761
-0.014736
-0.010191
-0.008007
-0.0054785
-0.0021385
0.00045719
0.0018737
0.0028542
0.0051709
0.0064515
0.0076526
0.0077234
0.0092707
0.011428
0.013711
0.01636
0.015868
0.01324
0.012564
0.01382
0.014154
0.013715
0.01325
0.013286
0.014581
0.016744
0.01696
0.01529
0.013384
0.012502
0.011279
0.009617
0.0077825
0.0075456
0.008096
0.0092813
0.011153
0.010693
0.010055
0.01007
0.010573
0.012007
0.013903
0.013547
0.013283
0.013617
0.012596
0.0089386
0.0042923
-0.0019763
-0.0072219
-0.011053
-0.014789
-0.020544
-0.023434
-0.024085
-0.021933
-0.020179
-0.021972
-0.022693
-0.021751
-0.019636
-0.018016
-0.018898
-0.019277
-0.019118
-0.019026
-0.018362
-0.016687
-0.015244
-0.016106
-0.016364
-0.016046
-0.015848
-0.015796
-0.015831
-0.01586
-0.015899
-0.015927
-0.015861
-0.015662
-0.015627
-0.016471
-0.018378
-0.019398
-0.018535
-0.017391
-0.015967
-0.01574
-0.015316
-0.013448
-0.012896
-0.012547
-0.010741
-0.0092419
-0.006819
-0.0034541
-0.00040306
0.0024309
0.0056157
0.0072933
0.006661
0.0068321
0.0085997
0.010734
0.010663
0.011369
0.013363
0.013485
0.014462
0.016646
0.016508
0.016207
0.016525
0.016162
0.014233
0.011563
0.0086325
0.007883
0.0087322
0.0069045
0.0041756
0.0049631
0.0054874
0.00517
0.0049493
0.0048663
0.0049434
0.0049985
0.0049774
0.0048086
0.0047453
0.0053134
0.0069021
0.008232
0.0079505
0.0095226
0.011347
0.010473
0.010109
0.010891
0.012493
0.013417
0.012082
0.010366
0.01046
0.010375
0.0080097
0.0051746
0.0033461
-0.00014737
-0.0046366
-0.0071699
-0.0097818
-0.012182
-0.013802
-0.01622
-0.019137
-0.019567
-0.020064
-0.022278
-0.02298
-0.022679
-0.022995
-0.023178
-0.022234
-0.020454
-0.020228
-0.020795
-0.020915
-0.021742
-0.023708
-0.025206
-0.028064
-0.029897
-0.029545
-0.030072
-0.031028
-0.030146
-0.028948
-0.027104
-0.026089
-0.024796
-0.025019
-0.024627
-0.022587
-0.021431
-0.021575
-0.022181
-0.023702
-0.02564
-0.024676
-0.024267
-0.024618
-0.024869
-0.024926
-0.024874
-0.024856
-0.024906
-0.024912
-0.024768
-0.024553
-0.024863
-0.026447
-0.028487
-0.027696
-0.027552
-0.027571
-0.025639
-0.02205
-0.0193
-0.017162
-0.015025
-0.012
-0.0076687
-0.0048557
-0.0026105
-0.0010735
-3.7605e-05
0.0015554
0.0018371
0.00417
0.007817
0.010653
0.013392
0.01619
0.018519
0.019815
0.02103
0.022185
0.022739
0.024574
0.025722
0.025077
0.024943
0.025167
0.025397
0.025612
0.025586
0.024684
0.022814
0.021914
0.022653
0.022785
0.022638
0.02268
0.02256
0.021503
0.019545
0.019082
0.019731
0.020551
0.022116
0.023441
0.025738
0.027995
0.028736
0.030154
0.031994
0.034723
0.036954
0.036771
0.036847
0.038644
0.040128
0.04004
0.039695
0.039912
0.040277
0.040125
0.038846
0.03704
0.037218
0.036442
0.034104
0.033264
0.031886
0.030289
0.026039
0.022064
0.021637
0.019251
0.016766
0.015703
0.014025
0.013949
0.013065
0.010567
0.0092355
0.0076603
0.0080014
0.0084343
0.0077787
0.0063666
0.0054932
0.0075858
0.0081632
0.0093173
0.01156
0.0103
0.0083845
0.006967
0.0082178
0.0070798
0.0027947
-0.00044484
-0.00261
-0.003682
-0.0047097
-0.0083947
-0.010246
-0.010826
-0.013838
-0.015147
-0.015356
-0.015309
-0.017019
-0.019456
-0.018831
-0.018585
-0.018356
-0.016758
-0.015403
-0.018217
-0.020211
-0.018421
-0.016195
-0.014889
-0.015887
-0.016263
-0.016085
-0.016052
-0.015548
-0.013649
-0.011055
-0.01021
-0.0099882
-0.01016
-0.010561
-0.011926
-0.013214
-0.012603
-0.01355
-0.015504
-0.016006
-0.015507
-0.015466
-0.015831
-0.016115
-0.015713
-0.01399
-0.011844
-0.010957
-0.009887
-0.01062
-0.010797
-0.0098131
-0.0079306
-0.006336
-0.0071245
-0.0073816
-0.0077345
-0.0091818
-0.010432
-0.009566
-0.0099032
-0.011839
-0.013417
-0.013202
-0.014661
-0.016481
-0.015788
-0.015576
-0.015895
-0.016091
-0.016042
-0.015774
-0.01568
-0.016279
-0.018003
-0.019416
-0.018559
-0.018355
-0.018786
-0.01857
-0.016968
-0.014788
-0.013851
-0.012573
-0.013052
-0.013104
-0.012822
-0.012645
-0.012018
-0.010476
-0.0090225
-0.0091963
-0.0076897
-0.0058885
-0.006569
-0.006438
-0.0049338
-0.0031793
-0.0028167
-0.0029584
-0.00138
0.00094485
0.002429
0.0052611
0.0067098
0.0079218
0.011241
0.013099
0.014154
0.015895
0.015159
0.013493
0.011854
0.011321
0.010292
0.010253
0.0087631
0.0070388
0.0072553
0.0058931
0.0043625
0.0047576
0.0038636
0.0020314
0.0016183
0.0021627
0.0022171
0.0018988
0.0018172
0.0020044
0.0022505
0.0017893
0.00012767
-0.0019171
-0.0027179
-0.003939
-0.0034378
-0.0033128
-0.0036119
-0.0037847
-0.0041757
-0.0047066
-0.0045737
-0.0034326
-0.0037988
-0.0040901
-0.0040108
-0.0039089
-0.0038185
-0.0039027
-0.0041551
-0.0043
-0.0036058
-0.0018353
-0.00052463
-0.0015466
-0.0012548
0.00087499
0.0025778
0.0015874
0.0011068
0.0020128
0.0039709
0.0055568
0.0045912
0.0040788
0.0042918
0.0052417
0.0071278
0.007985
0.0053252
0.0036651
0.0049436
0.0048806
0.0030459
0.0014634
0.0016326
0.00019573
-0.0016067
-0.00089318
-0.00049619
-0.00064689
-0.001466
-0.0033431
-0.0048002
-0.0037145
-0.0032959
-0.0041882
-0.0061645
-0.0078203
-0.0070112
-0.0061625
-0.0048864
-0.0035024
-0.0033565
-0.0013654
0.00093607
0.00184
0.0014738
0.0035833
0.0070767
0.0083671
0.0089365
0.010895
0.012129
0.014006
0.015114
0.016893
0.018144
0.02021
0.021059
0.020686
0.018136
0.017255
0.016769
0.017092
0.015041
0.010799
0.0081123
0.0068917
0.0067688
0.005983
0.0048418
0.0050565
0.0052714
0.0045534
0.002783
0.0012321
0.0020731
0.0024036
0.0023208
0.0021461
0.0012052
-0.00077508
-0.0017293
-0.00053332
0.00098249
0.0020729
0.001995
0.001445
0.0014409
0.0017239
0.0026331
0.0042223
0.0050186
0.0050839
0.0068789
0.0082147
0.007614
0.0066171
0.0051322
0.0046047
0.0053972
0.0046086
0.0024515
0.0014001
0.0022192
0.0025462
0.0021907
0.0010535
-0.00071755
-0.0012593
-0.0014387
-0.0034175
-0.0051249
-0.006568
-0.0068476
-0.0065095
-0.0068823
-0.0071014
-0.0060743
-0.0039839
-0.0034671
-0.0042324
-0.0053931
-0.0071149
-0.0071765
-0.0063407
-0.006426
-0.0076361
-0.0097422
-0.011101
-0.012414
-0.012859
-0.012356
-0.011479
-0.010026
-0.0098625
-0.0095584
-0.0074842
-0.0057374
-0.0041132
-0.0032783
-0.0019063
-0.0011405
-0.00022889
0.0017627
0.0018924
0.0028483
0.0048769
0.0045551
0.0043249
0.0058932
0.008082
0.0078431
0.0072731
0.0074524
0.0076727
0.0078071
0.007768
0.0077496
0.0077105
0.0077429
0.0077574
0.0077963
0.0077175
0.0075959
0.0076155
0.0083829
0.009898
0.0108
0.011488
0.013641
0.01522
0.01701
0.016252
0.016027
0.016481
0.016686
0.016722
0.016608
0.016603
0.016755
0.016957
0.016598
0.01501
0.013102
0.013923
0.012858
0.009787
0.0084103
0.0061305
0.0029875
0.0021377
0.0031722
0.0011832
-0.0036185
-0.0064678
-0.0068812
-0.0079366
-0.011844
-0.015304
-0.017554
-0.018816
-0.019897
-0.021599
-0.021112
-0.021253
-0.022674
-0.024389
-0.024804
-0.024332
-0.024367
-0.024086
-0.02277
-0.021519
-0.021312
-0.018376
-0.014707
-0.013875
-0.010455
-0.0075931
-0.0065732
-0.0052422
-0.0040845
-0.0043941
-0.0042983
-0.0038083
-0.0036946
-0.0045681
-0.0065236
-0.0074405
-0.0065974
-0.0062769
-0.0066186
-0.0076709
-0.0094537
-0.010082
-0.009325
-0.010045
-0.012133
-0.013133
-0.012521
-0.012549
-0.012723
-0.011759
-0.0099065
-0.0096093
-0.010231
-0.01016
-0.0098876
-0.0098009
-0.009939
-0.0099118
-0.0090962
-0.0073487
-0.0059987
-0.0034935
-0.00031483
0.0015184
0.0022279
0.0038841
0.0056955
0.0073932
0.0077915
0.0072394
0.0072027
0.0077285
0.0091778
0.010937
0.010588
0.011403
0.014427
0.016076
0.016507
0.016204
0.016245
0.01656
0.016735
0.016745
0.016709
0.016684
0.01669
0.016697
0.016717
0.016717
0.016697
0.016636
0.016645
0.016814
0.017049
0.016708
0.015003
0.012864
0.013851
0.0143
0.013939
0.013709
0.013623
0.013687
0.013723
0.013738
0.013691
0.013649
0.01368
0.013867
0.013976
0.013387
0.011647
0.010194
0.011049
0.011329
0.010971
0.010738
0.010697
0.010883
0.010898
0.010035
0.0082666
0.0075946
0.008303
0.0075271
0.0054157
0.0045326
0.0052292
0.0045744
0.0026324
0.0017185
0.0017426
-0.00014339
-0.0026928
-0.0044473
-0.0063234
-0.006725
-0.0062552
-0.0064587
-0.0068247
-0.0069438
-0.0069003
-0.0067889
-0.0067615
-0.0067498
-0.0067521
-0.0068187
-0.0069367
-0.0067286
-0.0055369
-0.0037461
-0.003899
-0.0042501
-0.0026972
-0.00039846
-0.00058278
-0.0012935
-0.0017133
-0.0019171
-0.00082729
-0.00058225
0.00040569
0.0024968
0.0024145
0.0016254
0.00026277
-0.0014638
-0.00071841
-0.0018297
-0.0041293
-0.0037191
-0.0050585
-0.0074834
-0.0067054
-0.0063591
-0.006757
-0.0070129
-0.0072536
-0.0072315
-0.0070135
-0.0068469
-0.0073236
-0.0089732
-0.010988
-0.010028
-0.010269
-0.012462
-0.014261
-0.013541
-0.013147
-0.013433
-0.013969
-0.015313
-0.016945
-0.017298
-0.016841
-0.016998
-0.017322
-0.017496
-0.017578
-0.017779
-0.017937
-0.017299
-0.015522
-0.014046
-0.0132
-0.011752
-0.0097601
-0.0071996
-0.006001
-0.0042772
-0.0014579
-0.00026072
0.00084288
0.0026525
0.0041117
0.0050111
0.0045064
0.0044482
0.0047852
0.0049138
0.0049331
0.0048461
0.0047772
0.004734
0.0046561
0.0046955
0.0048564
0.0049018
0.0043282
0.0028345
0.001749
0.0019155
0.0022408
0.0021074
0.0019696
0.0019078
0.0018057
0.0016116
0.0018559
0.0032808
0.0053419
0.0049825
0.0044157
0.0045574
0.0048235
0.0051152
0.0053438
0.0050338
0.0036322
0.0018331
0.0023704
0.0025791
0.0008545
-0.0012863
-0.00074443
-0.0018536
-0.0041404
-0.0034191
-0.0033
-0.0037934
-0.0034699
-0.0016124
0.00019641
-0.0024043
-0.0049146
-0.0035891
-0.0028854
-0.003088
-0.0033671
-0.0036301
-0.0036949
-0.0030773
-0.0012904
0.00028147
-0.00049517
-0.0013059
-0.0026151
-0.0038119
-0.0029068
-0.0026726
-0.0029992
-0.0032067
-0.0031759
-0.002926
-0.0027594
-0.0033101
-0.0049788
-0.0063619
-0.0054807
-0.0051614
-0.0054326
-0.0055802
-0.0055766
-0.0054355
-0.0053188
-0.0053213
-0.0054912
-0.0055038
-0.0047039
-0.0028893
-0.0020488
-0.0044867
-0.0060334
-0.0046979
-0.0041201
-0.0049025
-0.0066413
-0.0078178
-0.0069815
-0.0066814
-0.0068195
-0.0067334
-0.0066658
-0.0072724
-0.0088175
-0.0095914
-0.0088073
-0.0079012
-0.00663
-0.0059034
-0.0057076
-0.004123
-0.0031384
-0.0035994
-0.0030691
-0.001307
0.00039852
0.0020882
0.004167
0.0044944
0.0044869
0.0062286
0.0079562
0.008814
0.0093699
0.0096505
0.011176
0.012124
0.011518
0.011348
0.011475
0.01154
0.011513
0.011429
0.011249
0.011003
0.010973
0.011722
0.013118
0.013352
0.012482
0.0124
0.013498
0.015204
0.015198
0.013531
0.011735
0.011685
0.013041
0.014408
0.014332
0.01351
0.012655
0.011273
0.010352
0.0092085
0.0080622
0.0069151
0.00643
0.0058297
0.0042926
0.0038538
0.0041415
0.0040424
0.0038873
0.0039069
0.0037906
0.0029251
0.0014402
0.0012421
0.0023127
0.0036346
0.0042699
0.0048122
0.0049601
0.0054165
0.0069507
0.0078163
0.0086614
0.008278
0.0077846
0.0079844
0.0088945
0.010064
0.0095919
0.0090788
0.0091172
0.0090765
0.0084233
0.0071747
0.0065414
0.0066374
0.0061658
0.0049877
0.0041684
0.0035405
0.002205
0.0013856
0.00037304
0.00036173
0.00046327
0.00019322
9.6507e-06
-1.5954e-05
7.296e-05
-0.00016495
-0.0011309
-0.0023417
-0.0018714
-0.001672
-0.0017907
-0.0018212
-0.0020866
-0.0030245
-0.004137
-0.0035203
-0.0031688
-0.0035291
-0.004493
-0.0055867
-0.0050269
-0.0046774
-0.0046926
-0.0049342
-0.0057502
-0.0066901
-0.0061271
-0.0057324
-0.0056959
-0.005901
-0.0066589
-0.0075009
-0.0069248
-0.0066088
-0.0066714
-0.0066174
-0.0064976
-0.0063825
-0.0063525
-0.0062676
-0.0058941
-0.0050217
-0.0043428
-0.0046902
-0.0047642
-0.0042892
-0.0034725
-0.0028726
-0.0032073
-0.003058
-0.0022632
-0.0016209
-0.0018971
-0.0019812
-0.001859
-0.0017926
-0.0017338
-0.0016873
-0.0017537
-0.0021037
-0.0026052
-0.0027262
-0.0025358
-0.0023195
-0.0018348
-0.0013933
-0.0016046
-0.0016441
-0.0017211
-0.0021624
-0.0025898
-0.0028234
-0.002922
-0.0027455
-0.0028886
-0.0033071
-0.0034573
-0.0033928
-0.0036908
-0.0038272
-0.0035146
-0.0033645
-0.0034942
-0.003816
-0.0038645
-0.0035359
-0.0033535
-0.0032891
-0.0032223
-0.0030738
-0.0027139
-0.0022349
-0.0020955
-0.0021381
-0.0020102
-0.0016956
-0.0012676
-0.0010042
-0.00071953
-0.00045599
-0.00021316
-0.00015818
-0.00016228
7.0362e-05
0.0003859
0.0003653
0.00028356
0.00029907
0.00033669
0.00036604
0.00035668
0.00026849
0.00010227
1.8094e-05
-3.9625e-05
-0.00022297
-0.00031346
-0.00043045
-0.00037552
-0.00029692
-0.0002668
-0.00022792
-0.00022438
-0.00030073
-0.00040286
-0.00027574
-0.00019903
-0.00018636
-0.00014139
-8.5216e-06
0.00017578
0.00024065
0.00035047
0.00035494
0.00043879
0.00056375
0.00053353
0.00060707
0.00077543
0.00082698
0.0008123
0.00088679
0.0009044
0.00094348
0.00095137
0.00095843
0.00090034
0.00085173
0.00081964
0.00079716
0.00080654
0.00081773
0.00079268
0.00077394
0.00071595
0.00066978
0.00063714
0.00059971
0.0005632
0.00052537
0.00048235
0.00042753
0.00037749
0.00034982
0.00033236
0.00030653
0.00027132
0.00022777
0.00019332
0.00016923
0.00014536
0.00012642
0.00010621
9.4943e-05
8.4904e-05
6.5149e-05
4.82e-05
3.9042e-05
3.5528e-05
3.4905e-05
2.7891e-05
1.8264e-05
1.6574e-05
1.5114e-05
9.5127e-06
9.4942e-06
1.1595e-05
9.4791e-06
5.8896e-06
6.2467e-06
7.0295e-06
5.3974e-06
5.9448e-06
6.5012e-06
5.0831e-06
4.7166e-06
4.8157e-06
5.6552e-06
5.8367e-06
5.1336e-06
5.9425e-06
6.2751e-06
5.4868e-06
4.3908e-06
4.1707e-06
3.6873e-06
2.6522e-06
1.3519e-06
-1.1562e-07
-1.7029e-06
-3.37e-06
-5.1891e-06
-7.3427e-06
-9.5996e-06
-1.2012e-05
-1.4444e-05
-1.6895e-05
-1.9458e-05
-2.2017e-05
-2.4597e-05
-2.714e-05
-2.9656e-05
-3.2154e-05
-3.4606e-05
-3.7008e-05
-3.9361e-05
-4.1661e-05
-4.3907e-05
-4.6094e-05
-4.8224e-05
-5.0294e-05
