0.00038315
0.0003802
0.00037663
0.00037373
0.00037009
0.00036696
0.00036292
0.00035939
0.00035494
0.00035083
0.00034561
0.00034068
0.00033488
0.00033001
0.00032499
0.00032082
0.00031559
0.00031062
0.00030479
0.00030039
0.00029746
0.00029841
0.00030055
0.00030301
0.00030471
0.00030823
0.0003123
0.00031834
0.00032468
0.00033238
0.00033954
0.00034766
0.00035604
0.00036649
0.00037783
0.00039162
0.00040532
0.00041771
0.00042355
0.00042223
0.00041069
0.00039263
0.00036677
0.00033277
0.00029345
0.00025142
0.00020369
0.00015187
9.7068e-05
4.7258e-05
7.9032e-06
-1.7833e-05
-3.0402e-05
-3.1405e-05
-2.3881e-05
-6.4283e-06
1.2032e-05
3.3013e-05
5.5914e-05
8.235e-05
0.00011049
0.00014176
0.00017439
0.00021014
0.00024748
0.0002882
0.00033038
0.00037532
0.00042115
0.00047018
0.00052235
0.00058112
0.00064355
0.00070354
0.00074436
0.00075203
0.0007143
0.00065808
0.00060594
0.00056537
0.00053774
0.00051623
0.00046554
0.00035035
0.00018608
6.6646e-05
-2.3428e-06
-7.6778e-05
-0.00016601
-0.00026426
-0.00036906
-0.00046869
-0.00054952
-0.00059475
-0.00060999
-0.00060022
-0.00055657
-0.00049617
-0.00040415
-0.0002604
-6.8211e-05
0.00016244
0.00042168
0.0007039
0.00095825
0.0011268
0.001179
0.0011532
0.0011058
0.0011141
0.001166
0.0011771
0.0010595
0.00079087
0.00035056
-0.00019626
-0.00066683
-0.00093385
-0.0010532
-0.0010407
-0.0010537
-0.0010988
-0.0011374
-0.0011431
-0.0010794
-0.000928
-0.00072518
-0.00051439
-0.00026462
5.8552e-05
0.0004299
0.00073365
0.00091336
0.0010869
0.0012988
0.0015264
0.0017207
0.0018133
0.0017569
0.0016156
0.0015431
0.0014905
0.0012819
0.0008246
0.00026012
-0.00019345
-0.00046588
-0.00060208
-0.00064326
-0.00069896
-0.00077766
-0.00086952
-0.00099483
-0.001149
-0.0012795
-0.0012593
-0.0010882
-0.00091356
-0.00087919
-0.00095241
-0.0010082
-0.00099876
-0.00089451
-0.00068773
-0.0004706
-0.00026064
-4.1489e-05
0.00019491
0.000421
0.0005839
0.00062097
0.0005011
0.00021798
-6.1132e-05
-0.00033943
-0.00064724
-0.00096966
-0.0012381
-0.0013456
-0.0012256
-0.00093587
-0.00051369
-9.4698e-05
0.00032237
0.00075743
0.0012058
0.0016563
0.0021093
0.0025846
0.0031229
0.0037357
0.0043426
0.0047051
0.0044882
0.0035694
0.002455
0.0013271
0.00025673
-0.00046137
-0.00053093
-0.00032134
-4.0274e-05
-0.00017962
-0.00074091
-0.0012035
-0.0015495
-0.0019009
-0.0024175
-0.0031888
-0.0037392
-0.0038947
-0.0037476
-0.003375
-0.0030434
-0.0027588
-0.0024667
-0.0021175
-0.0016387
-0.00098357
-0.00022203
0.00044562
0.0009605
0.0013279
0.0015703
0.0018037
0.0020439
0.0023318
0.002767
0.003395
0.0040384
0.0041828
0.0034774
0.0019933
0.00037331
-0.0010639
-0.0017586
-0.0014929
-0.00097436
-0.0004217
4.43e-05
1.2322e-05
-0.00019475
-0.0004106
-0.00075522
-0.00118
-0.0013368
-0.00088193
-7.0223e-05
0.00081029
0.0015101
0.0015359
0.00088155
3.617e-05
-0.00077241
-0.0010378
-0.00064118
0.00012029
0.00069016
0.00074332
0.00025753
-0.00067006
-0.0014045
-0.0016046
-0.0010258
0.00025611
0.0017471
0.0032773
0.0046254
0.0053732
0.0053657
0.0047065
0.0032731
0.0015531
0.00052287
0.00025686
6.6448e-05
-0.00022837
-0.00091316
-0.0023032
-0.0042252
-0.0062487
-0.0077532
-0.0081556
-0.0073252
-0.0059832
-0.004211
-0.002334
-0.00079545
0.0003209
0.00094854
0.001219
0.001242
0.001116
0.0010323
0.00098613
0.00091156
0.00070022
0.00023362
-0.00034952
-0.0005283
0.00017848
0.0014685
0.0027485
0.0035253
0.0033079
0.0020644
0.00080771
3.6388e-05
-0.00015713
0.00030618
0.0015032
0.0033324
0.0053034
0.0068136
0.0073281
0.0067409
0.0048646
0.0025729
-0.00012497
-0.0029743
-0.0056463
-0.0075995
-0.0082766
-0.0077282
-0.0066337
-0.0051773
-0.003828
-0.0027887
-0.0021481
-0.0019981
-0.0019843
-0.0017685
-0.00088795
0.00077733
0.0025413
0.0033648
0.0026747
0.0010674
-4.7324e-05
-0.00026868
0.00037632
0.001554
0.002383
0.0026369
0.0023724
0.0016836
0.00078847
-1.2271e-05
-0.0007328
-0.0014545
-0.0022856
-0.0034192
-0.0050072
-0.0069164
-0.0086839
-0.009553
-0.0094205
-0.008609
-0.0076373
-0.0067615
-0.0065423
-0.0070764
-0.0076138
-0.0074828
-0.0058561
-0.0026177
0.0012431
0.0049815
0.0084148
0.011187
0.013126
0.014143
0.014094
0.013534
0.012401
0.010802
0.0085473
0.0056134
0.0021493
-0.0018237
-0.0055516
-0.0084598
-0.010141
-0.010619
-0.010851
-0.01095
-0.010994
-0.011079
-0.011208
-0.01134
-0.011149
-0.01005
-0.0075325
-0.0039026
0.00054934
0.0055136
0.0093851
0.011177
0.011353
0.010083
0.0085998
0.0073145
0.0061923
0.0053637
0.0046542
0.0038428
0.0029928
0.0021868
0.0014228
0.00064532
-0.00025125
-0.0013207
-0.0023815
-0.0033897
-0.004367
-0.0053717
-0.0065423
-0.0080034
-0.0096976
-0.01144
-0.012691
-0.012505
-0.010251
-0.0067185
-0.0026052
0.00050455
0.0013514
0.000179
-0.0018874
-0.0036981
-0.0051151
-0.0058916
-0.0061005
-0.0065465
-0.0072578
-0.007982
-0.0083783
-0.0079363
-0.0063612
-0.0041457
-0.0020323
6.8735e-05
0.0022833
0.0044877
0.0062878
0.0072014
0.0071158
0.0063915
0.0059319
0.0062338
0.0067804
0.0072078
0.0075849
0.0079961
0.0083917
0.0085726
0.0082661
0.0073985
0.0061311
0.0048614
0.0037193
0.0026488
0.0014806
-8.9515e-05
-0.0023737
-0.0052385
-0.007701
-0.0090321
-0.0090685
-0.0080598
-0.0069646
-0.0065437
-0.0068144
-0.0072398
-0.0077054
-0.0080946
-0.0085253
-0.0091294
-0.0098334
-0.010267
-0.0097832
-0.0078439
-0.0043268
-0.000124
0.0029019
0.0043312
0.0046322
0.0040318
0.0034393
0.0030791
0.0033224
0.0044147
0.0056495
0.0063708
0.0062618
0.0050734
0.003165
0.0017434
0.0011339
0.0012112
0.0015384
0.00096979
-0.00046716
-0.0014119
-0.00070467
0.0014708
0.0048119
0.008654
0.011602
0.01262
0.0113
0.0091193
0.0071531
0.0053639
0.0039484
0.0031442
0.0027884
0.0028635
0.003097
0.0029949
0.0020633
-0.00018482
-0.003702
-0.007513
-0.011185
-0.013813
-0.015366
-0.01588
-0.014944
-0.012413
-0.0088542
-0.0052991
-0.0031729
-0.0036735
-0.0069879
-0.011713
-0.016746
-0.020344
-0.020065
-0.015165
-0.0073624
0.00037491
0.0070849
0.010883
0.0098272
0.0048264
-0.0024632
-0.0094156
-0.014696
-0.016493
-0.013945
-0.0092483
-0.0048005
-0.00065515
0.0028137
0.0051494
0.0068592
0.0087956
0.010877
0.012353
0.013108
0.013272
0.012432
0.010494
0.0073708
0.0039837
0.0013263
-0.00060778
-0.0015954
-0.0014137
-0.00025381
0.00096364
-8.981e-05
-0.0032581
-0.0052526
-0.0037227
0.00033379
0.004405
0.0074983
0.0096577
0.011186
0.010793
0.0075853
0.0013663
-0.0048041
-0.0090287
-0.009127
-0.003748
0.0042954
0.011233
0.013601
0.010329
0.0045862
-8.9544e-05
-0.0026865
-0.0040469
-0.0048494
-0.0051282
-0.0053005
-0.0048064
-0.0032845
-0.0010597
0.00050033
9.1608e-05
-0.0021506
-0.004784
-0.0064689
-0.0070818
-0.0069523
-0.0069857
-0.0072046
-0.0074434
-0.0077447
-0.0081795
-0.0087653
-0.009213
-0.0093588
-0.0091782
-0.0084773
-0.0074572
-0.006843
-0.0071658
-0.0083735
-0.0093538
-0.0086234
-0.0068931
-0.0067052
-0.0090606
-0.012748
-0.014845
-0.014496
-0.012339
-0.0092646
-0.0056937
-0.0028417
-0.0013029
-0.001289
-0.002788
-0.0040897
-0.0047057
-0.0054653
-0.0065539
-0.0074465
-0.0073727
-0.0063735
-0.0052521
-0.0038405
-0.0019108
0.000567
0.0030822
0.0046411
0.0048383
0.0039073
0.0026684
0.0028007
0.0044354
0.0066968
0.0094146
0.012068
0.014643
0.01699
0.018639
0.019196
0.018795
0.016722
0.012476
0.0061937
-3.9991e-05
-0.0043419
-0.0075334
-0.010518
-0.013891
-0.018901
-0.025111
-0.030653
-0.034275
-0.035004
-0.033076
-0.028643
-0.021602
-0.013283
-0.0044404
0.0030353
0.0075951
0.0088945
0.0083215
0.0056488
-2.3698e-05
-0.0094521
-0.020069
-0.02886
-0.031845
-0.025083
-0.0091564
0.011442
0.029146
0.040973
0.046542
0.045175
0.040096
0.033357
0.025956
0.018127
0.010215
0.0016356
-0.0087011
-0.019379
-0.02675
-0.030339
-0.031985
-0.032398
-0.031396
-0.028823
-0.024344
-0.019193
-0.013296
-0.0063905
0.0010635
0.009161
0.017205
0.023286
0.026368
0.027494
0.027553
0.027287
0.028293
0.031489
0.035975
0.039839
0.041484
0.039221
0.033387
0.026306
0.019517
0.012856
0.0064145
0.00084909
-0.0034235
-0.0073367
-0.013236
-0.021639
-0.030922
-0.040129
-0.049524
-0.058907
-0.067048
-0.071962
-0.072663
-0.071365
-0.06843
-0.06409
-0.057795
-0.049833
-0.041269
-0.032069
-0.023004
-0.015653
-0.010335
-0.0054003
-0.00057354
0.0036646
0.0072823
0.010463
0.012873
0.01447
0.015665
0.016318
0.016503
0.015871
0.01416
0.012171
0.010514
0.0098696
0.010948
0.013474
0.01601
0.018421
0.020459
0.021467
0.020112
0.015862
0.010534
0.0062612
0.0036264
0.0025263
0.0027554
0.0029879
0.0028962
0.001824
-0.0012873
-0.0057332
-0.010048
-0.013607
-0.016239
-0.018034
-0.018439
-0.016934
-0.014612
-0.011512
-0.0078328
-0.0047049
-0.0024011
-0.00034932
0.003089
0.0092963
0.018092
0.026941
0.034971
0.041224
0.045703
0.046966
0.044536
0.03953
0.033391
0.027747
0.022852
0.018719
0.014715
0.010432
0.0061742
0.00242
-0.00056856
-0.0033184
-0.0060909
-0.0087831
-0.01137
-0.013912
-0.016483
-0.018852
-0.020637
-0.021488
-0.021424
-0.020811
-0.020023
-0.018732
-0.016469
-0.013391
-0.010321
-0.0072538
-0.0040915
-0.00098475
0.0016644
0.0033513
0.0039382
0.0035016
0.0021029
0.00038536
-0.0014433
-0.0038347
-0.0071097
-0.01094
-0.014816
-0.018813
-0.022936
-0.026788
-0.029582
-0.030564
-0.030043
-0.029185
-0.0285
-0.027716
-0.026545
-0.024889
-0.02296
-0.020737
-0.017867
-0.014219
-0.01031
-0.0060342
-0.00040149
0.0072892
0.016164
0.024626
0.031921
0.037371
0.040896
0.042568
0.042202
0.039884
0.036737
0.033645
0.030322
0.026493
0.022292
0.018246
0.014765
0.012059
0.0097747
0.0074191
0.0051609
0.0032775
0.001781
0.00024167
-0.0015453
-0.0039205
-0.0071586
-0.01088
-0.014536
-0.018208
-0.021996
-0.02572
-0.028884
-0.030807
-0.031191
-0.030039
-0.027034
-0.022162
-0.016187
-0.0099525
-0.0037371
0.001448
0.003915
0.0034246
0.0013041
-0.0012591
-0.0036873
-0.0062379
-0.0090799
-0.011974
-0.014335
-0.015429
-0.015056
-0.013622
-0.011319
-0.0088549
-0.0063246
-0.0035519
-0.00075322
0.0014287
0.0020503
0.00080656
-0.00092231
-0.0024117
-0.0038344
-0.0053035
-0.0068825
-0.0085682
-0.010359
-0.012155
-0.013711
-0.014567
-0.014324
-0.012877
-0.0098529
-0.0051957
-6.3778e-05
0.0044853
0.0080786
0.010792
0.013513
0.016148
0.01833
0.019691
0.019806
0.018596
0.01676
0.014966
0.013246
0.011817
0.011058
0.011064
0.011032
0.010293
0.0083066
0.0051198
0.0020585
-0.00082659
-0.0037902
-0.0067841
-0.0095877
-0.011717
-0.012825
-0.012812
-0.011274
-0.0076414
-0.0024896
0.0028094
0.007857
0.011791
0.013285
0.013192
0.012009
0.0091328
0.0041119
-0.001421
-0.0069555
-0.012673
-0.018344
-0.023478
-0.028564
-0.03313
-0.036234
-0.037453
-0.03715
-0.034942
-0.030042
-0.022911
-0.015737
-0.0095261
-0.0045613
-0.00073726
0.0019005
0.0034701
0.0041201
0.0048249
0.0057852
0.0070364
0.0086104
0.010091
0.011562
0.013142
0.014795
0.016236
0.016978
0.01663
0.015549
0.014496
0.013278
0.01156
0.0094214
0.0072614
0.0051305
0.0029818
0.00082989
-0.0013341
-0.0035007
-0.0056941
-0.0079249
-0.010194
-0.012413
-0.014419
-0.016
-0.017151
-0.01827
-0.019329
-0.019774
-0.019018
-0.017011
-0.014149
-0.010437
-0.0067658
-0.0031779
0.00047897
0.0041859
0.0079254
0.011666
0.015451
0.019347
0.023364
0.027264
0.030458
0.03219
0.032196
0.030633
0.027979
0.025113
0.021648
0.016666
0.010058
0.0030174
-0.0039028
-0.010493
-0.016199
-0.020449
-0.022892
-0.023803
-0.023221
-0.021354
-0.019243
-0.017257
-0.015515
-0.014316
-0.013817
-0.013805
-0.013695
-0.013374
-0.012706
-0.011597
-0.010295
-0.0085769
-0.0060417
-0.002857
0.00026733
0.0033681
0.0066611
0.010148
0.013525
0.015998
0.016629
0.015188
0.012364
0.0088732
0.0055191
0.0026266
0.0007625
0.00045844
0.0018638
0.0052565
0.0098495
0.014365
0.018547
0.021883
0.023633
0.023385
0.021292
0.017876
0.013974
0.0096012
0.004133
-0.0024119
-0.0092212
-0.016147
-0.022771
-0.028013
-0.030842
-0.031986
-0.03242
-0.032521
-0.032507
-0.032323
-0.032079
-0.032211
-0.033213
-0.034757
-0.036146
-0.036906
-0.036485
-0.034727
-0.032319
-0.030111
-0.027935
-0.025432
-0.022423
-0.019088
-0.016045
-0.013728
-0.012272
-0.011101
-0.0098009
-0.0084585
-0.0071926
-0.0060554
-0.0049869
-0.0038091
-0.0022854
-0.00030253
0.0018666
0.0039944
0.0056664
0.0061832
0.0051076
0.0029197
0.00051021
-0.0018722
-0.0043708
-0.0068931
-0.0089816
-0.010004
-0.0098013
-0.0094273
-0.0091631
-0.0087859
-0.0082347
-0.0077145
-0.0077853
-0.009133
-0.01188
-0.014945
-0.017953
-0.021408
-0.02571
-0.030569
-0.035008
-0.037824
-0.037901
-0.035488
-0.031508
-0.0272
-0.023036
-0.018715
-0.014084
-0.0093209
-0.0049658
-0.0017582
-1.9865e-05
0.0011932
0.0025816
0.0040394
0.0054225
0.0066809
0.0078625
0.0091181
0.010653
0.012544
0.014494
0.016046
0.016584
0.01569
0.013666
0.011095
0.0087341
0.0067831
0.005389
0.0045224
0.0040025
0.0042973
0.0052394
0.0063817
0.0075746
0.0087751
0.01001
0.011286
0.012586
0.013889
0.015182
0.016467
0.017761
0.01909
0.020459
0.021808
0.022985
0.023786
0.024167
0.024483
0.024826
0.025128
0.025402
0.02577
0.02646
0.027623
0.029062
0.030451
0.031803
0.033171
0.034567
0.035987
0.037416
0.038837
0.040243
0.041642
0.043064
0.044538
0.04605
0.047481
0.048583
0.049102
0.049068
0.048685
0.048087
0.047469
0.046895
0.046349
0.045787
0.045066
0.043949
0.042275
0.040286
0.038359
0.03649
0.034625
0.032744
0.0308
0.028719
0.026428
0.023978
0.021551
0.019152
0.016746
0.014331
0.011903
0.009468
0.0070286
0.0045897
0.0021544
-0.0002699
-0.0026834
-0.0050955
-0.0075341
-0.010024
-0.012548
-0.014985
-0.017098
-0.018648
-0.019683
-0.020425
-0.021001
-0.021316
-0.021317
-0.020874
-0.019836
-0.01833
-0.016866
-0.015467
-0.014046
-0.012576
-0.011026
-0.0094133
-0.0078048
-0.0063386
-0.0049486
-0.0035413
-0.0020919
-0.00059786
0.00089427
0.002233
0.0031675
0.0035187
0.0034407
0.0027605
0.0012904
-0.00074169
-0.0027074
-0.0045928
-0.0065282
-0.0085894
-0.010852
-0.013262
-0.015541
-0.017281
-0.018556
-0.019509
-0.02022
-0.020738
-0.021059
-0.02105
-0.020611
-0.019827
-0.019002
-0.018233
-0.017491
-0.016732
-0.01587
-0.014797
-0.013482
-0.012135
-0.011063
-0.010385
-0.010114
-0.0098928
-0.0096053
-0.0093029
-0.0090022
-0.0087186
-0.0084709
-0.0083133
-0.0082998
-0.0084042
-0.0084363
-0.008426
-0.0084381
-0.0084874
-0.0085611
-0.0085949
-0.0084747
-0.0080958
-0.0075128
-0.0069509
-0.0064163
-0.0058755
-0.0053277
-0.0047775
-0.0042319
-0.0036777
-0.0030861
-0.0024357
-0.0017715
-0.0012583
-0.0011678
-0.0016826
-0.0025422
-0.0033371
-0.0040814
-0.0048429
-0.0056357
-0.0064589
-0.0072956
-0.0081349
-0.008969
-0.0097986
-0.010624
-0.01145
-0.012278
-0.013112
-0.01395
-0.014787
-0.015603
-0.016372
-0.017084
-0.017775
-0.018465
-0.019136
-0.019783
-0.020445
-0.021214
-0.022203
-0.023413
-0.024607
-0.025767
-0.026931
-0.028104
-0.029294
-0.03049
-0.031692
-0.032888
-0.034076
-0.035253
-0.036433
-0.037635
-0.03888
-0.04014
-0.041305
-0.042168
-0.042559
-0.042604
-0.042513
-0.042221
-0.041892
-0.042068
-0.043118
-0.044764
-0.045807
-0.04552
-0.043554
-0.039785
-0.034714
-0.027867
-0.019585
-0.011738
-0.0046452
0.001955
0.0082716
0.014073
0.019467
0.025057
0.030708
0.035938
0.040004
0.042761
0.045298
0.048094
0.051233
0.054855
0.058941
0.063225
0.066612
0.068273
0.067525
0.0652
0.062293
0.057694
0.050555
0.040336
0.026398
0.011374
-0.0034408
-0.017025
-0.027099
-0.031846
-0.032828
-0.032083
-0.029412
-0.024606
-0.018873
-0.013309
-0.0076062
-0.0010327
0.0070868
0.016563
0.025171
0.029731
0.029543
0.028128
0.026822
0.026774
0.028436
0.031008
0.033389
0.035045
0.035064
0.032382
0.02752
0.022325
0.017327
0.012104
0.0065984
0.0013435
-0.0025032
-0.0038915
-0.0031319
-0.0011881
0.00091011
0.0029489
0.0047519
0.0056068
0.0047706
0.0023332
-0.0014133
-0.0072861
-0.015657
-0.024432
-0.033547
-0.042749
-0.05034
-0.055076
-0.057117
-0.057275
-0.055299
-0.051438
-0.04531
-0.035827
-0.024153
-0.010833
0.0045007
0.020188
0.035232
0.048947
0.060541
0.069036
0.075858
0.084173
0.09519
0.1086
0.12162
0.13243
0.14032
0.14647
0.1504
0.15285
0.15466
0.15475
0.15283
0.14926
0.1423
0.13116
0.1178
0.10222
0.086768
0.073807
0.063479
0.053908
0.045529
0.039548
0.035318
0.032306
0.031483
0.032845
0.035717
0.040455
0.047558
0.055259
0.061795
0.06713
0.071397
0.073191
0.072222
0.071349
0.070919
0.071009
0.072283
0.075024
0.07894
0.085044
0.093203
0.10191
0.10949
0.11237
0.10654
0.091941
0.072078
0.053062
0.034656
0.015641
-0.0039168
-0.023487
-0.041901
-0.058513
-0.073881
-0.088271
-0.10125
-0.11344
-0.12363
-0.13014
-0.13394
-0.14071
-0.15274
-0.16865
-0.18422
-0.19892
-0.21242
-0.22307
-0.22956
-0.23208
-0.22814
-0.21312
-0.18678
-0.15714
-0.12839
-0.099947
-0.071948
-0.044996
-0.018934
0.0088741
0.043313
0.08445
0.12205
0.14223
0.14659
0.1486
0.15039
0.14867
0.14144
0.12975
0.11782
0.1061
0.09424
0.082311
0.070269
0.058099
0.045639
0.032849
0.020028
0.0082104
-0.0010746
-0.0070246
-0.01163
-0.016871
-0.023814
-0.033714
-0.046483
-0.058821
-0.070663
-0.082742
-0.095293
-0.10815
-0.12034
-0.13022
-0.13635
-0.13943
-0.14051
-0.13801
-0.13023
-0.11825
-0.10689
-0.096723
-0.087078
-0.07735
-0.067935
-0.060115
-0.054417
-0.049711
-0.045751
-0.04298
-0.041441
-0.0408
-0.040519
-0.040263
-0.039884
-0.039183
-0.037774
-0.035489
-0.032271
-0.028308
-0.021722
-0.010172
0.0056796
0.0208
0.032191
0.038675
0.042387
0.045173
0.046791
0.046694
0.044538
0.040769
0.036972
0.033281
0.029515
0.025678
0.021766
0.017827
0.013867
0.0098874
0.0058709
0.0018558
-0.0020375
-0.005617
-0.0088075
-0.011896
-0.015154
-0.018907
-0.023429
-0.02843
-0.033094
-0.036481
-0.037519
-0.035942
-0.031745
-0.024787
-0.016243
-0.0077274
0.00085869
0.0094049
0.017024
0.022566
0.025667
0.026885
0.026019
0.022869
0.018057
0.013036
0.0081435
0.0031795
-0.0019368
-0.0072816
-0.012832
-0.018401
-0.023412
-0.026938
-0.028253
-0.027868
-0.025416
-0.019631
-0.010521
-0.001397
0.0070984
0.01448
0.019822
0.024069
0.027325
0.028767
0.028067
0.026147
0.024134
0.021963
0.019034
0.015011
0.01034
0.0057562
0.0012795
-0.0032064
-0.0078063
-0.012602
-0.017529
-0.022222
-0.025977
-0.028084
-0.028732
-0.028956
-0.028879
-0.028745
-0.028735
-0.028948
-0.02951
-0.030332
-0.031597
-0.034014
-0.037887
-0.042156
-0.046061
-0.049401
-0.052142
-0.054711
-0.05739
-0.059881
-0.061699
-0.062554
-0.062762
-0.062211
-0.060439
-0.057365
-0.053609
-0.048964
-0.042497
-0.034328
-0.026069
-0.018189
-0.010699
-0.0035991
0.0034779
0.010439
0.016548
0.021059
0.024195
0.027278
0.030405
0.032927
0.034307
0.034603
0.034537
0.034566
0.034645
0.034682
0.034667
0.034602
0.034518
0.034431
0.034359
0.034298
0.034249
0.034192
0.034132
0.034094
0.034125
0.034439
0.035582
0.037917
0.040924
0.04379
0.04652
0.049226
0.051976
0.054789
0.057632
0.060474
0.063306
0.066126
0.068944
0.071759
0.07458
0.0774
0.080223
0.083043
0.085862
0.088679
0.091502
0.094328
0.097159
0.09998
0.10278
0.10557
0.10836
0.11126
0.11436
0.11768
0.1211
0.12448
0.12782
0.13112
0.13444
0.13786
0.14152
0.14544
0.14933
0.15256
0.15468
0.15609
0.15761
0.15924
0.16093
0.16267
0.16438
0.16582
0.16653
0.1662
0.16522
0.16411
0.16315
0.16232
0.16153
0.1605
0.15872
0.15565
0.15152
0.14743
0.14377
0.14084
0.13834
0.13569
0.13291
0.13013
0.12741
0.1248
0.1223
0.11984
0.11718
0.11418
0.11114
0.10819
0.10531
0.10242
0.099326
0.095784
0.091687
0.087394
0.083169
0.078974
0.074762
0.070518
0.06625
0.061971
0.057693
0.053418
0.049149
0.044879
0.04061
0.03634
0.032069
0.027797
0.023527
0.019255
0.014984
0.010713
0.0064453
0.0021773
-0.0020918
-0.0063659
-0.010646
-0.01493
-0.019202
-0.023448
-0.027668
-0.031898
-0.036213
-0.040662
-0.045156
-0.049342
-0.052614
-0.054523
-0.055536
-0.056456
-0.057278
-0.057808
-0.057757
-0.056491
-0.053615
-0.049715
-0.04615
-0.042773
-0.038821
-0.033413
-0.026039
-0.017799
-0.010428
-0.0031406
0.004425
0.012024
0.019199
0.025248
0.029988
0.034235
0.038622
0.043082
0.047584
0.052101
0.056541
0.060591
0.063825
0.066086
0.068078
0.07003
0.071908
0.073527
0.074803
0.075821
0.076593
0.077081
0.077318
0.077356
0.077221
0.076856
0.076348
0.075842
0.07534
0.074817
0.074289
0.073767
0.073283
0.072824
0.072335
0.07168
0.07087
0.070065
0.069282
0.068492
0.067713
0.066959
0.066264
0.065595
0.064864
0.064087
0.063329
0.062598
0.061907
0.061207
0.060405
0.05935
0.057991
0.056528
0.055111
0.053748
0.052465
0.051201
0.049764
0.047781
0.04496
0.041528
0.038071
0.034742
0.03149
0.028194
0.024633
0.020471
0.015561
0.010336
0.0051518
3.3148e-05
-0.0049122
-0.0096038
-0.014234
-0.019577
-0.026871
-0.036926
-0.04837
-0.058823
-0.067428
-0.074202
-0.080627
-0.087407
-0.094041
-0.10004
-0.10526
-0.1103
-0.11539
-0.12052
-0.12562
-0.13067
-0.13566
-0.14063
-0.14568
-0.15092
-0.15629
-0.16141
-0.16543
-0.16752
-0.1678
-0.16737
-0.16666
-0.16596
-0.16515
-0.16423
-0.16339
-0.16249
-0.16148
-0.16021
-0.15825
-0.15504
-0.14853
-0.13636
-0.1196
-0.10322
-0.087328
-0.071277
-0.055198
-0.039372
-0.023851
-0.0077609
0.010786
0.033622
0.059536
0.081584
0.095038
0.099115
0.10099
0.10317
0.10428
0.1033
0.10074
0.096661
0.091973
0.087482
0.083822
0.082058
0.082543
0.084273
0.08595
0.087665
0.089912
0.092911
0.096142
0.098921
0.10067
0.1013
0.10177
0.1024
0.10302
0.10358
0.10413
0.10477
0.10553
0.10617
0.10603
0.10427
0.10045
0.094929
0.088425
0.079192
0.064828
0.046273
0.028173
0.011257
-0.0045647
-0.019342
-0.033768
-0.046745
-0.057611
-0.067653
-0.077908
-0.08757
-0.095374
-0.10057
-0.10437
-0.10841
-0.11269
-0.11697
-0.12114
-0.125
-0.12832
-0.13095
-0.13316
-0.13544
-0.13781
-0.14019
-0.14259
-0.14494
-0.14711
-0.14881
-0.14995
-0.1508
-0.15151
-0.15208
-0.15246
-0.15252
-0.15213
-0.15113
-0.14965
-0.14824
-0.14697
-0.14576
-0.14448
-0.1428
-0.1403
-0.1369
-0.13339
-0.13
-0.12663
-0.12323
-0.11977
-0.11627
-0.11276
-0.10925
-0.10576
-0.10228
-0.098797
-0.095282
-0.091744
-0.088222
-0.084834
-0.081703
-0.078855
-0.076115
-0.073377
-0.070611
-0.067805
-0.064953
-0.062135
-0.059556
-0.057525
-0.056148
-0.055007
-0.054052
-0.053352
-0.052884
-0.052649
-0.052628
-0.052928
-0.053664
-0.054686
-0.055728
-0.056751
-0.057791
-0.05887
-0.059952
-0.060977
-0.061863
-0.062601
-0.063243
-0.063901
-0.064582
-0.065292
-0.06601
-0.066669
-0.06713
-0.067271
-0.067142
-0.066919
-0.066727
-0.066555
-0.066369
-0.066164
-0.065918
-0.065616
-0.065253
-0.064889
-0.06453
-0.064171
-0.0638
-0.063426
-0.063063
-0.06274
-0.062469
-0.062213
-0.061867
-0.061493
-0.061129
-0.060779
-0.060447
-0.060131
-0.059795
-0.059368
-0.058761
-0.05798
-0.057208
-0.056454
-0.055681
-0.054903
-0.054159
-0.053525
-0.053028
-0.052586
-0.052126
-0.051661
-0.0512
-0.050748
-0.0503
-0.049856
-0.04941
-0.048966
-0.048518
-0.048073
-0.047625
-0.047179
-0.046731
-0.046285
-0.045837
-0.045392
-0.044948
-0.044507
-0.04406
-0.043606
-0.043141
-0.042682
-0.042252
-0.041888
-0.041589
-0.041267
-0.040736
-0.040123
-0.039559
-0.039062
-0.038595
-0.038042
-0.037186
-0.035834
-0.034091
-0.032391
-0.030747
-0.029096
-0.027432
-0.025758
-0.024073
-0.022336
-0.020473
-0.018432
-0.016293
-0.014169
-0.012029
-0.0098384
-0.0076291
-0.0055337
-0.0037685
-0.0024708
-0.0014418
-0.00049994
0.00047644
0.0014752
0.0024675
0.0034267
0.0042944
0.0049958
0.0055235
0.006041
0.0065954
0.0071555
0.0077087
0.0082425
0.0087524
0.0092399
0.0097346
0.0103
0.011007
0.011767
0.012487
0.013148
0.013782
0.014502
0.015517
0.017019
0.018903
0.020746
0.022537
0.024343
0.026166
0.027993
0.029807
0.031626
0.033507
0.035497
0.037514
0.039202
0.039946
0.039206
0.036719
0.032772
0.028426
0.023976
0.019001
0.013425
0.0078367
0.0022404
-0.0033819
-0.0089089
-0.014222
-0.019276
-0.024266
-0.029098
-0.033686
-0.03814
-0.04247
-0.046281
-0.049081
-0.050952
-0.053029
-0.055043
-0.056343
-0.056536
-0.055895
-0.055231
-0.054395
-0.052896
-0.050527
-0.047795
-0.044952
-0.041714
-0.037924
-0.033932
-0.030206
-0.026593
-0.022415
-0.01659
-0.0083979
0.0011115
0.010574
0.020361
0.030803
0.041333
0.051094
0.059033
0.064621
0.068376
0.070784
0.071631
0.070998
0.0693
0.067144
0.064845
0.0621
0.058695
0.054913
0.05111
0.047089
0.042532
0.037437
0.032364
0.027361
0.022322
0.017222
0.012052
0.0069107
0.001977
-0.0025099
-0.0065207
-0.010523
-0.014386
-0.017356
-0.01871
-0.018545
-0.017652
-0.016266
-0.014668
-0.013019
-0.011214
-0.0092282
-0.007198
-0.0051493
-0.0029936
-0.00058935
0.0021077
0.0049094
0.0077402
0.010738
0.014022
0.017564
0.021284
0.025684
0.031235
0.037582
0.043493
0.048374
0.051982
0.054856
0.057598
0.059399
0.059046
0.056045
0.050506
0.04391
0.036699
0.027606
0.016213
0.0044748
-0.006349
-0.016135
-0.025527
-0.035514
-0.045211
-0.053405
-0.059268
-0.06332
-0.066408
-0.068084
-0.068228
-0.067061
-0.065042
-0.062878
-0.060527
-0.058128
-0.056191
-0.054222
-0.052365
-0.051062
-0.050497
-0.050252
-0.049886
-0.049341
-0.048585
-0.047694
-0.046818
-0.045759
-0.044209
-0.042098
-0.039768
-0.037241
-0.03422
-0.030676
-0.027127
-0.023569
-0.019544
-0.014562
-0.0086279
-0.0028335
0.0024631
0.0070865
0.011107
0.015143
0.019143
0.022679
0.025469
0.027803
0.030301
0.033207
0.036619
0.040304
0.043911
0.047467
0.05103
0.054606
0.05818
0.061756
0.065378
0.069115
0.072951
0.076643
0.079608
0.081149
0.081071
0.079475
0.076438
0.072812
0.067933
0.060643
0.051403
0.042301
0.033465
0.024556
0.015435
0.0059848
-0.003619
-0.012823
-0.0206
-0.026087
-0.029682
-0.032286
-0.034221
-0.03542
-0.035849
-0.035578
-0.034832
-0.033943
-0.032582
-0.030419
-0.027673
-0.024908
-0.022193
-0.019498
-0.016852
-0.014168
-0.011098
-0.0072067
-0.0024109
0.0025152
0.007322
0.012104
0.016888
0.021683
0.026513
0.031489
0.036763
0.042373
0.047994
0.0533
0.05795
0.061789
0.065305
0.068888
0.071929
0.073502
0.073129
0.071034
0.067755
0.064111
0.059492
0.052792
0.044197
0.0355
0.027458
0.020305
0.013996
0.0076743
0.0015375
-0.0035137
-0.0068374
-0.0089296
-0.010202
-0.010984
-0.011975
-0.013598
-0.016261
-0.019845
-0.023375
-0.027214
-0.031996
-0.037705
-0.043529
-0.048971
-0.053687
-0.057499
-0.061001
-0.064478
-0.067554
-0.069907
-0.071773
-0.073609
-0.075347
-0.076638
-0.077252
-0.077338
-0.076954
-0.076366
-0.075574
-0.074164
-0.071947
-0.069348
-0.066566
-0.06297
-0.057961
-0.051845
-0.045731
-0.039157
-0.031304
-0.022134
-0.012975
-0.0039777
0.0050211
0.014027
0.023117
0.032391
0.042038
0.052118
0.062363
0.072653
0.08316
0.093847
0.10418
0.11305
0.11933
0.12319
0.12577
0.12793
0.12952
0.13068
0.13124
0.13128
0.13086
0.13015
0.12895
0.12696
0.12438
0.12183
0.11938
0.11697
0.11462
0.1122
0.10942
0.10585
0.10144
0.09696
0.092705
0.088539
0.084216
0.079292
0.073355
0.066577
0.060213
0.05401
0.047708
0.041247
0.034604
0.027978
0.021804
0.016572
0.011789
0.0068918
0.0018419
-0.0033324
-0.0085085
-0.013326
-0.017193
-0.01969
-0.021349
-0.023045
-0.024811
-0.026554
-0.02815
-0.029505
-0.030719
-0.0322
-0.03469
-0.038867
-0.044369
-0.049721
-0.054869
-0.060037
-0.065264
-0.070584
-0.075992
-0.081509
-0.087073
-0.092469
-0.09726
-0.10102
-0.10384
-0.10615
-0.10817
-0.10985
-0.11117
-0.11207
-0.11269
-0.1131
-0.11329
-0.11331
-0.11308
-0.11237
-0.11095
-0.10893
-0.10699
-0.10523
-0.10353
-0.10173
-0.099424
-0.096179
-0.092002
-0.087905
-0.08395
-0.079986
-0.075977
-0.07191
-0.067808
-0.063696
-0.059593
-0.055513
-0.05145
-0.047387
-0.043284
-0.039115
-0.034908
-0.030821
-0.027133
-0.02411
-0.021593
-0.019007
-0.016376
-0.013858
-0.011463
-0.0090313
-0.00615
-0.0023396
0.0024182
0.0071127
0.011675
0.016244
0.020835
0.025458
0.030113
0.034838
0.039668
0.044544
0.049187
0.053066
0.055715
0.057335
0.058317
0.058953
0.059085
0.058787
0.058241
0.057682
0.057134
0.056547
0.055903
0.055176
0.054414
0.053767
0.053483
0.053526
0.053719
0.053871
0.054002
0.054145
0.05431
0.054489
0.054674
0.054855
0.055035
0.055222
0.055427
0.055636
0.055804
0.055839
0.055664
0.055298
0.054801
0.054064
0.052838
0.051098
0.049133
0.047243
0.045458
0.04371
0.041833
0.039494
0.036351
0.032474
0.0285
0.024604
0.020664
0.016629
0.01259
0.0087951
0.0055587
0.0029102
0.00026883
-0.0024258
-0.0050837
-0.0076946
-0.010287
-0.012979
-0.015871
-0.018951
-0.021851
-0.023968
-0.025874
-0.027905
-0.030005
-0.032156
-0.034256
-0.036172
-0.037697
-0.038813
-0.039872
-0.041112
-0.042391
-0.043594
-0.044502
-0.044871
-0.044571
-0.043362
-0.04092
-0.037783
-0.033561
-0.027929
-0.021837
-0.014925
-0.0071276
0.00013877
0.0055605
0.0085837
0.010324
0.010536
0.009785
0.008884
0.0080748
0.0070654
0.0053126
0.0021579
-0.0028872
-0.0090134
-0.015678
-0.021718
-0.025058
-0.026068
-0.024388
-0.019953
-0.01335
-0.006604
9.7983e-05
0.0063319
0.010579
0.011533
0.0094322
0.004928
9.8599e-05
-0.0045918
-0.0094538
-0.014189
-0.018124
-0.020568
-0.021708
-0.021339
-0.019474
-0.016318
-0.011273
-0.0050375
0.0010336
0.0070377
0.013261
0.019834
0.026584
0.032839
0.037415
0.039366
0.039298
0.038261
0.036724
0.034337
0.031507
0.029082
0.027508
0.026833
0.026377
0.026311
0.026593
0.026737
0.026586
0.026082
0.025015
0.023038
0.020391
0.01762
0.014608
0.011292
0.0073143
0.0025097
-0.0025706
-0.0078436
-0.013377
-0.01881
-0.023565
-0.027446
-0.030942
-0.03406
-0.036446
-0.038099
-0.038405
-0.036826
-0.03433
-0.031837
-0.029444
-0.027015
-0.024488
-0.021858
-0.01917
-0.016532
-0.014165
-0.012347
-0.01127
-0.011602
-0.013913
-0.017219
-0.020378
-0.023108
-0.025473
-0.027597
-0.028876
-0.028509
-0.026374
-0.022991
-0.018828
-0.013458
-0.0072527
-0.00042922
0.0071733
0.01484
0.021366
0.026357
0.030628
0.034607
0.038276
0.042099
0.04551
0.048333
0.050997
0.053408
0.055343
0.056711
0.056838
0.055292
0.052965
0.050058
0.046507
0.042717
0.038474
0.033768
0.029274
0.025494
0.02247
0.019592
0.016795
0.014293
0.012263
0.011261
0.011508
0.012251
0.013397
0.014793
0.015626
0.015077
0.012736
0.009028
0.0051384
0.001586
-0.0014489
-0.0037632
-0.0048128
-0.0044344
-0.00359
-0.0021624
-0.00015117
0.0016116
0.0024509
0.0017404
-0.00073195
-0.0045664
-0.0089824
-0.014141
-0.019523
-0.024555
-0.029035
-0.032891
-0.035818
-0.037045
-0.036717
-0.035393
-0.032845
-0.028854
-0.024697
-0.020628
-0.015906
-0.0099212
-0.0023154
0.006783
0.015505
0.022782
0.028678
0.034047
0.038406
0.041632
0.04512
0.048445
0.050401
0.049838
0.046882
0.043609
0.040067
0.035824
0.031311
0.026707
0.021984
0.017175
0.01243
0.0077206
0.0031981
-0.00073538
-0.003757
-0.0061727
-0.0086056
-0.010857
-0.012592
-0.013851
-0.015024
-0.016111
-0.016872
-0.017221
-0.017387
-0.017535
-0.017527
-0.01727
-0.016851
-0.016447
-0.016056
-0.015665
-0.015256
-0.014826
-0.014358
-0.013879
-0.01347
-0.013262
-0.01312
-0.013288
-0.01411
-0.015574
-0.017126
-0.018606
-0.020067
-0.021495
-0.022833
-0.024125
-0.025075
-0.025283
-0.024688
-0.023817
-0.022529
-0.020119
-0.016396
-0.012444
-0.0086502
-0.0049044
-0.001141
0.0027308
0.0067932
0.011063
0.015297
0.018854
0.020807
0.02079
0.020058
0.01912
0.018286
0.017631
0.017194
0.016989
0.016806
0.016671
0.016546
0.016175
0.015143
0.013362
0.011179
0.0090522
0.0068179
0.0042198
0.0012379
-0.0017622
-0.0047338
-0.0077097
-0.01068
-0.013643
-0.016604
-0.019604
-0.022692
-0.025864
-0.02895
-0.031552
-0.033179
-0.033739
-0.03374
-0.033358
-0.032752
-0.031424
-0.028952
-0.025824
-0.022768
-0.019738
-0.01654
-0.013134
-0.0096605
-0.0063754
-0.0034967
-0.001082
0.0012567
0.0036832
0.0059104
0.0074669
0.008058
0.0080802
0.0082115
0.0084721
0.008804
0.009179
0.0095504
0.010068
0.011066
0.012751
0.014836
0.016974
0.019559
0.023054
0.027366
0.031759
0.036074
0.040353
0.044535
0.048622
0.052564
0.056036
0.058817
0.061209
0.063564
0.065548
0.066727
0.067087
0.067059
0.066315
0.064309
0.061097
0.057583
0.053714
0.048684
0.042167
0.035121
0.028136
0.02114
0.014214
0.0076675
0.0018935
-0.0031044
-0.007679
-0.011499
-0.014526
-0.01697
-0.018869
-0.02023
-0.021183
-0.021935
-0.0226
-0.022967
-0.022815
-0.022264
-0.02167
-0.020832
-0.019424
-0.017468
-0.015399
-0.013215
-0.010634
-0.0075935
-0.0044566
-0.0013605
0.0017423
0.0048597
0.0079975
0.011133
0.014263
0.017388
0.020549
0.023773
0.027044
0.030209
0.032983
0.035074
0.036578
0.038033
0.039517
0.040683
0.041057
0.040398
0.03905
0.037464
0.035764
0.033599
0.030781
0.027692
0.024638
0.0216
0.018546
0.015467
0.012373
0.0092755
0.0061798
0.0030697
-7.5971e-05
-0.0032689
-0.0064629
-0.0095063
-0.012225
-0.014992
-0.017681
-0.019879
-0.021231
-0.021778
-0.022129
-0.022412
-0.022345
-0.021828
-0.021211
-0.020649
-0.020207
-0.019967
-0.019882
-0.019789
-0.019665
-0.019542
-0.019405
-0.0192
-0.018789
-0.017865
-0.016277
-0.014454
-0.01271
-0.011
-0.0092608
-0.0074665
-0.005614
-0.0037406
-0.0019315
-0.00034108
0.00093466
0.002246
0.0033719
0.0037789
0.0030903
0.0014621
-0.00048461
-0.0026032
-0.0054466
-0.0093844
-0.013866
-0.018186
-0.022005
-0.024996
-0.027221
-0.029519
-0.031682
-0.033224
-0.034042
-0.034682
-0.035254
-0.035501
-0.03531
-0.034906
-0.034478
-0.033847
-0.032826
-0.03145
-0.03004
-0.028559
-0.026794
-0.024646
-0.022339
-0.020089
-0.01797
-0.016062
-0.014343
-0.012613
-0.010887
-0.0093348
-0.0081151
-0.0072055
-0.0063295
-0.0054623
-0.0047291
-0.0042076
-0.0038196
-0.0034161
-0.002988
-0.0025497
-0.0021116
-0.0016879
-0.0012135
-0.00050122
0.00067155
0.0023517
0.00455
0.0076573
0.011548
0.015412
0.019219
0.023009
0.026615
0.029814
0.032525
0.034896
0.036522
0.037156
0.03713
0.036289
0.034914
0.033587
0.032285
0.030946
0.029581
0.028203
0.026772
0.025168
0.023216
0.020864
0.018156
0.01489
0.011142
0.0068688
0.0019023
-0.0033174
-0.0086234
-0.013863
-0.018549
-0.022204
-0.025027
-0.027921
-0.030924
-0.033952
-0.037065
-0.040249
-0.043278
-0.04554
-0.046265
-0.045252
-0.043209
-0.040426
-0.036743
-0.032213
-0.027557
-0.022759
-0.017823
-0.013139
-0.0090799
-0.0057013
-0.0025407
0.00027897
0.0025781
0.0045798
0.0061148
0.0070399
0.0076213
0.0076725
0.0070137
0.0058267
0.0038941
0.0013837
-0.0013579
-0.0044884
-0.0078499
-0.010619
-0.012472
-0.013753
-0.014776
-0.015244
-0.015089
-0.014383
-0.01287
-0.010792
-0.0082595
-0.0051686
-0.0019871
0.00096046
0.0036156
0.0060873
0.0084691
0.01062
0.012475
0.013831
0.01468
0.015566
0.016384
0.01675
0.01636
0.014933
0.012498
0.010153
0.0079515
0.0056428
0.0031576
0.000555
-0.0017578
-0.0030918
-0.0028376
-0.0012156
0.0019195
0.0063157
0.011619
0.017573
0.023566
0.029228
0.033962
0.037435
0.040247
0.042129
0.043327
0.044009
0.044306
0.044595
0.044973
0.045506
0.046084
0.046168
0.044714
0.040841
0.034761
0.026207
0.016981
0.0074792
-0.0012688
-0.0080519
-0.013209
-0.017002
-0.019197
-0.019653
-0.017951
-0.014551
-0.01011
-0.004586
0.0012147
0.0067737
0.010941
0.012163
0.010161
0.0069746
0.0029886
-0.0014215
-0.0057181
-0.0096686
-0.01299
-0.015804
-0.018088
-0.019548
-0.020276
-0.019957
-0.018698
-0.016688
-0.014427
-0.01241
-0.010899
-0.0099614
-0.0097864
-0.010063
-0.010971
-0.012444
-0.014891
-0.018323
-0.02293
-0.028714
-0.035814
-0.043637
-0.051566
-0.059298
-0.066053
-0.071269
-0.075745
-0.078995
-0.080645
-0.079691
-0.075659
-0.069016
-0.059883
-0.050097
-0.04136
-0.033402
-0.026932
-0.022221
-0.018392
-0.015895
-0.01447
-0.013763
-0.013737
-0.014425
-0.015814
-0.017722
-0.019966
-0.021688
-0.022297
-0.021633
-0.019565
-0.016574
-0.013029
-0.0095226
-0.0061527
-0.0030179
-0.00027932
0.0020859
0.0039057
0.0054628
0.0071617
0.0091109
0.011371
0.014133
0.017471
0.020872
0.024228
0.027698
0.031342
0.034981
0.038065
0.039795
0.039776
0.038717
0.036676
0.033389
0.030004
0.027691
0.026528
0.02558
0.025001
0.024899
0.024533
0.023662
0.022352
0.021151
0.020179
0.019528
0.019404
0.020216
0.022076
0.024336
0.027102
0.030368
0.033615
0.036857
0.040192
0.043646
0.047152
0.050479
0.053242
0.055146
0.056437
0.057527
0.058143
0.058122
0.057658
0.05645
0.054517
0.052166
0.049208
0.045863
0.042563
0.039264
0.035854
0.032311
0.028748
0.025502
0.023059
0.02166
0.02071
0.019829
0.019155
0.018612
0.017891
0.016771
0.015158
0.012806
0.0096885
0.0066409
0.0036924
0.00066327
-0.0025066
-0.0057876
-0.0089288
-0.011495
-0.013074
-0.013873
-0.014748
-0.015736
-0.016716
-0.017688
-0.018634
-0.019512
-0.020162
-0.020391
-0.020166
-0.019666
-0.018748
-0.017531
-0.016258
-0.014893
-0.013466
-0.012024
-0.010569
-0.0091078
-0.007644
-0.0061775
-0.0047012
-0.0032094
-0.001712
-0.00024773
0.0011198
0.0023429
0.0034975
0.0048208
0.0061663
0.0074856
0.0087972
0.010099
0.011401
0.012704
0.014017
0.015346
0.016688
0.01801
0.019239
0.020281
0.021122
0.021907
0.022453
0.022523
0.02218
0.021754
0.021329
0.020839
0.020315
0.019904
0.019651
0.019769
0.02037
0.021133
0.02186
0.02267
0.023698
0.024927
0.026159
0.02721
0.027841
0.027919
0.027748
0.027594
0.02727
0.026539
0.025412
0.024203
0.022867
0.02115
0.018968
0.016627
0.014178
0.011395
0.008214
0.0049512
0.0017241
-0.001505
-0.0047428
-0.0079964
-0.011258
-0.014535
-0.017832
-0.021152
-0.024448
-0.027627
-0.030557
-0.033214
-0.035808
-0.038338
-0.040514
-0.042074
-0.043136
-0.044185
-0.045096
-0.045646
-0.045896
-0.046145
-0.046419
-0.046679
-0.046925
-0.047151
-0.047373
-0.047598
-0.047839
-0.048092
-0.04833
-0.048493
-0.048518
-0.048402
-0.04828
-0.048106
-0.047626
-0.046533
-0.044791
-0.042717
-0.039809
-0.035663
-0.030493
-0.023869
-0.016397
-0.0094824
-0.0031575
0.0030863
0.0087323
0.013011
0.01591
0.018379
0.020158
0.021237
0.022081
0.022392
0.021986
0.020949
0.019023
0.016503
0.01394
0.011262
0.0084847
0.005875
0.0036424
0.0018123
0.00024979
-0.00099369
-0.0021106
-0.0030339
-0.0036149
-0.0039713
-0.0042021
-0.0041898
-0.0038864
-0.0033048
-0.0024226
-0.001501
-0.0004961
0.00077174
0.0023837
0.0044074
0.0068325
0.0092216
0.011548
0.013907
0.016337
0.018853
0.021347
0.023566
0.025137
0.025891
0.026121
0.025464
0.023625
0.021114
0.017801
0.013884
0.0098312
0.0055705
0.0012181
-0.0027568
-0.0060109
-0.0085797
-0.010783
-0.012344
-0.013157
-0.012962
-0.012152
-0.010227
-0.0069928
-0.0030348
0.0018402
0.0071304
0.012387
0.017642
0.022852
0.027848
0.032411
0.036572
0.040574
0.044124
0.047029
0.049781
0.052361
0.054744
0.056865
0.058393
0.059154
0.059091
0.057644
0.054921
0.051338
0.046745
0.041939
0.03721
0.032456
0.027669
0.022824
0.017881
0.012737
0.0073579
0.0019315
-0.0031031
-0.0074454
-0.011113
-0.014851
-0.019105
-0.022747
-0.024001
-0.024395
-0.02393
-0.022722
-0.021364
-0.019691
-0.017871
-0.01612
-0.014647
-0.013583
-0.013011
-0.013257
-0.014246
-0.015661
-0.017604
-0.019693
-0.021827
-0.02404
-0.026214
-0.028131
-0.029679
-0.03102
-0.032259
-0.033222
-0.033763
-0.033455
-0.031953
-0.029708
-0.026571
-0.022431
-0.01833
-0.014318
-0.010237
-0.0060739
-0.0018478
0.0023428
0.0063703
0.010126
0.013666
0.016993
0.019729
0.022011
0.024263
0.026025
0.026949
0.027275
0.027019
0.026078
0.024735
0.022801
0.020329
0.017874
0.015451
0.012988
0.010478
0.0079442
0.0054438
0.0030449
0.00076823
-0.0014811
-0.0037385
-0.0059937
-0.0082504
-0.010522
-0.012817
-0.015099
-0.017256
-0.019116
-0.020568
-0.021601
-0.022079
-0.022228
-0.021964
-0.021075
-0.019859
-0.018495
-0.01692
-0.015244
-0.013456
-0.011481
-0.0093622
-0.007134
-0.0046927
-0.0019781
0.001162
0.0047323
0.0082542
0.01174
0.015338
0.019092
0.022875
0.026241
0.028519
0.029344
0.029425
0.02904
0.028367
0.027703
0.026988
0.026208
0.025446
0.024726
0.024236
0.024171
0.024439
0.02468
0.024874
0.025079
0.025298
0.025533
0.025772
0.026022
0.026293
0.026596
0.026893
0.027084
0.027012
0.026611
0.026088
0.025609
0.025173
0.024791
0.024463
0.024146
0.023857
0.02366
0.023559
0.023471
0.023418
0.023565
0.024073
0.024908
0.025762
0.026698
0.02782
0.029058
0.030262
0.031526
0.032949
0.034534
0.036146
0.037782
0.039538
0.041454
0.043418
0.045298
0.046928
0.048058
0.048671
0.04928
0.049895
0.050218
0.049995
0.049259
0.048409
0.047366
0.045875
0.043953
0.041938
0.039736
0.037019
0.033717
0.030309
0.026964
0.023621
0.02026
0.016872
0.013471
0.01006
0.0066397
0.0032018
-0.00024063
-0.003643
-0.0069173
-0.0099941
-0.012933
-0.015894
-0.018877
-0.021853
-0.024808
-0.027741
-0.03067
-0.033628
-0.036641
-0.039686
-0.04263
-0.045223
-0.047224
-0.048727
-0.050141
-0.051208
-0.051621
-0.051559
-0.051432
-0.050908
-0.049329
-0.046473
-0.043194
-0.039815
-0.035889
-0.031209
-0.026268
-0.021503
-0.016998
-0.012689
-0.0082332
-0.0035221
0.0011452
0.0054564
0.0091054
0.012085
0.01503
0.017859
0.020404
0.022819
0.025349
0.027777
0.029825
0.03131
0.032383
0.033464
0.034408
0.034977
0.035171
0.035262
0.035171
0.034573
0.033347
0.031908
0.030517
0.028981
0.027057
0.024688
0.022238
0.019836
0.017467
0.015139
0.012869
0.010768
0.0090428
0.0077148
0.0063981
0.0051226
0.0041306
0.0035657
0.0032863
0.0030413
0.0028801
0.0029216
0.0031601
0.003439
0.0037996
0.0043643
0.0051526
0.005965
0.0067536
0.0075923
0.0085616
0.0096833
0.010828
0.011873
0.012693
0.01321
0.013565
0.013903
0.01404
0.013752
0.013065
0.012273
0.011374
0.010246
0.0089599
0.0076855
0.006277
0.0045253
0.0024025
0.00021679
-0.001922
-0.0040599
-0.0062091
-0.0083781
-0.010549
-0.012718
-0.014884
-0.017074
-0.019312
-0.0216
-0.023853
-0.025878
-0.027499
-0.029146
-0.030882
-0.032619
-0.034259
-0.035658
-0.036766
-0.037751
-0.038719
-0.039707
-0.040719
-0.041743
-0.042751
-0.043651
-0.044311
-0.044678
-0.04494
-0.04519
-0.045454
-0.04573
-0.046005
-0.046262
-0.046443
-0.046473
-0.046323
-0.046078
-0.045851
-0.04564
-0.045432
-0.045227
-0.045009
-0.044739
-0.04436
-0.043843
-0.043243
-0.042659
-0.042094
-0.041533
-0.040963
-0.040356
-0.039671
-0.038893
-0.038085
-0.037289
-0.036497
-0.035703
-0.034904
-0.034101
-0.033295
-0.032489
-0.031684
-0.03088
-0.030075
-0.029271
-0.028467
-0.027663
-0.026859
-0.026055
-0.02525
-0.024444
-0.023639
-0.022835
-0.022033
-0.021235
-0.020435
-0.019622
-0.018789
-0.017938
-0.017109
-0.016364
-0.015639
-0.014905
-0.014163
-0.013411
-0.01265
-0.011897
-0.011191
-0.010587
-0.010088
-0.0095808
-0.0090487
-0.0085048
-0.0079619
-0.0074573
-0.007046
-0.0067671
-0.006563
-0.0063461
-0.0061144
-0.0058763
-0.0056311
-0.0053946
-0.005206
-0.0051276
-0.0051848
-0.0052899
-0.0053775
-0.0054586
-0.0055443
-0.0056383
-0.0057376
-0.00584
-0.0059418
-0.0060431
-0.0061429
-0.0062428
-0.0063423
-0.0064425
-0.0065426
-0.0066434
-0.0067441
-0.0068448
-0.0069441
-0.0070424
-0.0071403
-0.0072411
-0.007347
-0.0074569
-0.0075584
-0.0076282
-0.0076421
-0.0076066
-0.0075509
-0.0075024
-0.0074616
-0.0074258
-0.0073858
-0.0073191
-0.007192
-0.0069912
-0.0067645
-0.0065471
-0.0063333
-0.0061175
-0.005898
-0.0056762
-0.0054519
-0.0052236
-0.0049871
-0.0047421
-0.0044958
-0.0042477
-0.0039915
-0.0037291
-0.003476
-0.0032666
-0.0031363
-0.0030779
-0.0030283
-0.0029702
-0.0029079
-0.0028403
-0.0027692
-0.0027114
-0.0027052
-0.0027939
-0.0029764
-0.0032
-0.0034102
-0.0036042
-0.0037878
-0.0039786
-0.0042234
-0.0045902
-0.0051074
-0.0056803
-0.0062572
-0.0068215
-0.0073704
-0.0079116
-0.0084732
-0.0091223
-0.0099398
-0.010925
-0.011896
-0.012842
-0.01379
-0.014746
-0.015713
-0.016685
-0.01766
-0.018632
-0.019603
-0.020572
-0.021543
-0.022513
-0.023485
-0.024457
-0.025428
-0.026394
-0.02736
-0.028327
-0.029306
-0.030298
-0.031292
-0.032256
-0.033155
-0.033985
-0.03484
-0.03593
-0.037377
-0.038757
-0.039675
-0.039673
-0.038545
-0.036597
-0.033449
-0.028978
-0.024559
-0.020282
-0.015951
-0.011557
-0.0070721
-0.0024998
0.0021958
0.0069807
0.011709
0.016315
0.020811
0.025009
0.028813
0.032028
0.034653
0.037049
0.03907
0.040722
0.042382
0.044059
0.045712
0.047334
0.048932
0.050514
0.052102
0.053724
0.055405
0.057084
0.058723
0.060275
0.061693
0.062897
0.063915
0.064758
0.065291
0.065527
0.065532
0.065085
0.064143
0.062796
0.060795
0.05823
0.055319
0.052002
0.048599
0.045221
0.041817
0.038369
0.034877
0.031378
0.027947
0.024672
0.021578
0.018514
0.015425
0.012326
0.009222
0.0061219
0.0030522
6.263e-05
-0.0027965
-0.0055412
-0.0082375
-0.010781
-0.01306
-0.015023
-0.016543
-0.017757
-0.018657
-0.019107
-0.019313
-0.019235
-0.018659
-0.017676
-0.016367
-0.014715
-0.013065
-0.011469
-0.0099333
-0.0085252
-0.0073111
-0.0062736
-0.0053238
-0.0046816
-0.0044363
-0.0043809
-0.0045493
-0.0049341
-0.0053241
-0.0057042
-0.0060449
-0.0062445
-0.0061828
-0.005868
-0.0053004
-0.0043046
-0.003027
-0.0022115
-0.0019893
-0.0018922
-0.0015396
-0.00083587
0.00014481
0.0013456
0.002841
0.0044557
0.0060372
0.0076104
0.0091929
0.010801
0.012454
0.014168
0.015894
0.017469
0.018609
0.019085
0.018757
0.018118
0.017208
0.015759
0.013901
0.011763
0.0093329
0.0068426
0.0040693
0.00096327
-0.0022784
-0.0057632
-0.0094467
-0.012897
-0.015751
-0.017971
-0.019756
-0.020907
-0.021634
-0.022499
-0.023278
-0.023513
-0.023156
-0.021973
-0.020194
-0.01846
-0.016679
-0.014669
-0.012363
-0.0097128
-0.0069381
-0.0042052
-0.0014709
0.001326
0.0042085
0.0070875
0.0097271
0.011791
0.013163
0.01433
0.015587
0.01687
0.018129
0.019343
0.020527
0.021704
0.022911
0.024172
0.025486
0.026835
0.028218
0.02959
0.030958
0.032337
0.033748
0.03518
0.036578
0.037806
0.038706
0.039239
0.039518
0.039266
0.038299
0.036939
0.034983
0.032191
0.028773
0.024541
0.019804
0.015123
0.010449
0.0056561
0.00074527
-0.0041351
-0.0086396
-0.01237
-0.015312
-0.018278
-0.021188
-0.023717
-0.025805
-0.027792
-0.029798
-0.031679
-0.033271
-0.034514
-0.035643
-0.036766
-0.03778
-0.038598
-0.039277
-0.03994
-0.040552
-0.04106
-0.041485
-0.041885
-0.042188
-0.042281
-0.042159
-0.042049
-0.041969
-0.041885
-0.04179
-0.041677
-0.041552
-0.041427
-0.041322
-0.041249
-0.041186
-0.041054
-0.040712
-0.040057
-0.039198
-0.038322
-0.037391
-0.036394
-0.035429
-0.034473
-0.033352
-0.031878
-0.030018
-0.028102
-0.026244
-0.024412
-0.022604
-0.020819
-0.019039
-0.017323
-0.015772
-0.01442
-0.013137
-0.011953
-0.011057
-0.010532
-0.010138
-0.0097048
-0.0092893
-0.0089653
-0.0087576
-0.0085791
-0.0083006
-0.0078059
-0.0070758
-0.0063148
-0.0055881
-0.0048656
-0.0041342
-0.0033892
-0.0026384
-0.0018871
-0.0011376
-0.00038179
0.0003904
0.0011792
0.0019557
0.0026502
0.003195
0.0036988
0.0042217
0.0047509
0.0052794
0.0058034
0.0063242
0.0068382
0.0073418
0.0078331
0.0083291
0.0088695
0.0095093
0.010259
0.011017
0.011682
0.012229
0.012735
0.013394
0.014063
0.014648
0.015098
0.015406
0.015686
0.015966
0.016196
0.016336
0.016405
0.016428
0.016294
0.015879
0.015223
0.014483
0.013549
0.012237
0.010618
0.0090217
0.0074608
0.0058737
0.0042359
0.0025428
0.00084385
-0.00077963
-0.0022033
-0.0033634
-0.004448
-0.0054234
-0.0060849
-0.006379
-0.0065946
-0.0067907
-0.006843
-0.0067
-0.0064717
-0.0062542
-0.0060399
-0.0058222
-0.0055965
-0.0053655
-0.0051288
-0.0048895
-0.0046497
-0.004418
-0.0042034
-0.0040107
-0.0038133
-0.0035541
-0.0032501
-0.0028711
-0.0023246
-0.0016065
-0.00089817
-0.00021377
0.00047595
0.0011731
0.0018818
0.0025948
0.0033102
0.0040219
0.0047307
0.0054365
0.0061474
0.006874
0.0076329
0.0084251
0.0092233
0.010078
0.011071
0.012213
0.013379
0.014526
0.015673
0.016823
0.017977
0.019131
0.020291
0.021465
0.022664
0.023868
0.025008
0.025968
0.026669
0.027215
0.027761
0.028262
0.028677
0.029048
0.029377
0.029592
0.029642
0.029599
0.029571
0.02955
0.02951
0.029434
0.029321
0.029172
0.028931
0.028563
0.028143
0.027753
0.027424
0.027202
0.027104
0.02706
0.027065
0.027204
0.027502
0.027821
0.028127
0.028463
0.028875
0.029369
0.02986
0.030256
0.030468
0.030483
0.030461
0.030375
0.030007
0.029197
0.028083
0.026941
0.025651
0.024084
0.022342
0.020606
0.018882
0.017149
0.015406
0.013655
0.011901
0.010141
0.0083713
0.0065954
0.0048345
0.0031339
0.0015455
6.5275e-05
-0.0013916
-0.0028051
-0.0041085
-0.0053036
-0.0065086
-0.0076874
-0.0087332
-0.0095701
-0.010248
-0.010913
-0.011511
-0.01198
-0.012367
-0.012759
-0.013156
-0.013547
-0.013926
-0.014293
-0.014661
-0.015046
-0.015464
-0.015898
-0.016269
-0.016435
-0.016276
-0.015883
-0.015501
-0.015151
-0.014797
-0.014428
-0.014047
-0.01366
-0.013265
-0.012856
-0.012429
-0.012007
-0.011661
-0.01149
-0.011537
-0.011662
-0.011782
-0.011966
-0.012275
-0.01269
-0.01315
-0.013737
-0.014524
-0.015429
-0.016318
-0.017193
-0.018073
-0.018961
-0.01986
-0.020767
-0.021682
-0.0226
-0.023501
-0.024361
-0.025158
-0.025916
-0.026716
-0.027493
-0.028026
-0.028081
-0.027533
-0.025869
-0.022769
-0.019117
-0.015142
-0.010809
-0.0064738
-0.0021207
0.0023136
0.0068444
0.011444
0.015987
0.020221
0.023846
0.02682
0.029535
0.031772
0.03327
0.034246
0.034401
0.033632
0.032648
0.031522
0.030161
0.028738
0.027133
0.025201
0.022944
0.020328
0.017633
0.015181
0.013101
0.011317
0.0094768
0.0075766
0.0056857
0.0038262
0.001994
0.00014209
-0.0018007
-0.0038862
-0.0060719
-0.0083297
-0.010643
-0.012945
-0.015245
-0.01757
-0.019937
-0.022324
-0.024639
-0.026707
-0.028367
-0.029675
-0.030757
-0.031435
-0.031707
-0.031613
-0.031009
-0.030105
-0.029024
-0.027444
-0.025098
-0.021677
-0.016966
-0.011865
-0.0066596
-0.001443
0.0032116
0.0070536
0.0099734
0.012689
0.01539
0.017942
0.020428
0.022797
0.024946
0.026793
0.028145
0.028968
0.029551
0.029772
0.029535
0.029052
0.028214
0.027058
0.025916
0.024795
0.023642
0.022443
0.021215
0.020034
0.019026
0.018307
0.017831
0.017482
0.017372
0.017531
0.018017
0.01888
0.019775
0.020453
0.020875
0.021143
0.021148
0.020688
0.019858
0.018729
0.017281
0.015841
0.014423
0.012966
0.011468
0.0099474
0.008471
0.0071111
0.005887
0.0046481
0.0031378
0.0012191
-0.0010055
-0.0031906
-0.0053243
-0.0074658
-0.0096205
-0.011792
-0.013971
-0.016166
-0.018392
-0.020656
-0.022841
-0.024884
-0.026762
-0.028329
-0.029329
-0.029736
-0.02942
-0.028025
-0.025903
-0.023296
-0.020147
-0.017011
-0.01391
-0.01074
-0.0074731
-0.0041101
-0.00076603
0.0023187
0.0048133
0.0066228
0.0082246
0.0095707
0.010504
0.011262
0.011753
0.011767
0.01134
0.010405
0.0090535
0.007747
0.0064881
0.0051901
0.0038193
0.0023809
0.00097185
-0.00020815
-0.00091796
-0.0011234
-0.001107
-0.00077815
-0.00022702
0.00030523
0.00083231
0.0013804
0.0019519
0.0025397
0.0031326
0.0037051
0.0042203
0.0046241
0.0047244
0.0044706
0.0041609
0.0038927
0.0036382
0.0033935
0.003154
0.0028899
0.0025183
0.0019338
0.0011302
0.00035039
-0.00024325
-0.00062418
-0.0009063
-0.0011229
-0.0012361
-0.0013038
-0.0012466
-0.0010023
-0.00066756
-0.00034626
-3.6258e-05
0.00027979
0.00060737
0.00094875
0.0012954
0.0016334
0.001945
0.0022321
0.0025378
0.0029644
0.0036345
0.004551
0.0054522
0.0063148
0.0071605
0.0079695
0.0087494
0.0094754
0.010048
0.010409
0.010681
0.010955
0.011133
0.011085
0.010797
0.010463
0.010106
0.0096425
0.0090394
0.0083727
0.007621
0.0066371
0.0053553
0.0039618
0.0025996
0.0012498
-0.0001092
-0.001485
-0.0028741
-0.0042709
-0.0056669
-0.0070558
-0.0084319
-0.0098004
-0.01118
-0.012606
-0.014095
-0.015586
-0.016966
-0.018104
-0.01895
-0.019704
-0.020455
-0.021099
-0.021551
-0.021862
-0.022145
-0.022299
-0.022191
-0.021834
-0.021428
-0.020938
-0.02019
-0.019146
-0.018045
-0.016973
-0.015902
-0.014823
-0.013728
-0.012627
-0.011521
-0.010415
-0.0093049
-0.0081916
-0.0070818
-0.0060014
-0.0049887
-0.0040695
-0.0031913
-0.002442
-0.0019935
-0.0018674
-0.0017472
-0.0015735
-0.0013122
-0.00087433
-0.00027686
0.00025171
0.0005754
0.00060749
0.00041409
0.00025972
0.00014822
4.0303e-05
-7.7487e-05
-0.00021956
-0.00039989
-0.00062094
-0.00083371
-0.00090012
-0.0006075
0.00015806
0.0012137
0.0026266
0.0043584
0.0060661
0.0077485
0.0094592
0.011209
0.012995
0.014785
0.016523
0.018122
0.019543
0.020954
0.022229
0.023142
0.023628
0.023512
0.023037
0.02262
0.02225
0.021857
0.021421
0.020935
0.020429
0.019974
0.019688
0.019666
0.019932
0.020509
0.021133
0.021714
0.022295
0.022895
0.02353
0.024195
0.02487
0.025495
0.025992
0.026319
0.026651
0.027016
0.02741
0.027831
0.028228
0.028482
0.028432
0.028028
0.027526
0.026925
0.026106
0.025062
0.023632
0.021751
0.019638
0.017255
0.014695
0.012155
0.0096029
0.0069882
0.0043104
0.0016499
-0.0008076
-0.0028299
-0.0043794
-0.0058685
-0.0072928
-0.0084978
-0.0094933
-0.010321
-0.010938
-0.011434
-0.011841
-0.012071
-0.01211
-0.011804
-0.011138
-0.010489
-0.0098842
-0.0092713
-0.0086446
-0.0079971
-0.0073349
-0.0066513
-0.0059429
-0.0052136
-0.0044822
-0.0037335
-0.0029735
-0.002258
-0.0016883
-0.001361
-0.0013827
-0.0019037
-0.0027147
-0.0034592
-0.0041492
-0.0048649
-0.0056804
-0.0066643
-0.0077999
-0.0088728
-0.0095389
-0.0098851
-0.010295
-0.010801
-0.011316
-0.011705
-0.011755
-0.011324
-0.010561
-0.0095935
-0.0081684
-0.0063057
-0.0040472
-0.0016963
0.00055055
0.0023418
0.0034811
0.0041607
0.0041972
0.0034259
0.0019997
0.00024313
-0.0012974
-0.0024583
-0.0035032
-0.0043317
-0.0048685
-0.0050686
-0.0049437
-0.0045385
-0.0038933
-0.002954
-0.0018231
-0.00069222
0.00045916
0.0016432
0.0027836
0.0037075
0.0042321
0.0043289
0.0039115
0.0030026
0.0015721
-0.00013624
-0.001752
-0.0034247
-0.0054565
-0.0078675
-0.010296
-0.012713
-0.015136
-0.01748
-0.019583
-0.021291
-0.022653
-0.02357
-0.023916
-0.023801
-0.02316
-0.022208
-0.020988
-0.019752
-0.018524
-0.017278
-0.016065
-0.014931
-0.013886
-0.012839
-0.011929
-0.011269
-0.010906
-0.010837
-0.010756
-0.010664
-0.010624
-0.010587
-0.010395
-0.0097981
-0.0086561
-0.006929
-0.0047414
-0.0025969
-0.00052069
0.0015531
0.0036194
0.0056946
0.007814
0.010024
0.012066
0.01346
0.01376
0.013229
0.012801
0.012304
0.011272
0.0096202
0.0074801
0.0047322
0.0018228
-0.00081021
-0.0031811
-0.0053364
-0.0071414
-0.0089108
-0.010503
-0.011647
-0.012403
-0.013102
-0.013874
-0.014659
-0.015382
-0.015898
-0.016106
-0.01607
-0.016071
-0.016103
-0.016118
-0.016088
-0.016022
-0.015962
-0.015991
-0.0161
-0.016073
-0.01565
-0.015035
-0.014659
-0.014541
-0.014411
-0.014246
-0.014054
-0.013821
-0.013498
-0.013056
-0.012514
-0.011858
-0.010806
-0.008908
-0.0061475
-0.0034563
-0.0009139
0.0016134
0.0042012
0.0069626
0.0099859
0.013183
0.015967
0.018186
0.02007
0.021482
0.02234
0.022571
0.022338
0.021478
0.020216
0.018437
0.016254
0.013623
0.010869
0.0081354
0.0053847
0.0026747
9.1486e-05
-0.0022862
-0.0045309
-0.0066163
-0.0084927
-0.010021
-0.011059
-0.011942
-0.012642
-0.013187
-0.013479
-0.013402
-0.012841
-0.011989
-0.011195
-0.010439
-0.0096563
-0.0087867
-0.0078081
-0.006776
-0.0059059
-0.0054096
-0.0051468
-0.0050763
-0.0053014
-0.0055123
-0.0056965
-0.0059134
-0.0061706
-0.0064403
-0.0066403
-0.0066645
-0.0064725
-0.006214
-0.0060468
-0.0060612
-0.0063105
-0.0067795
-0.0075163
-0.0083323
-0.009071
-0.0097644
-0.010512
-0.011424
-0.012506
-0.013609
-0.014683
-0.015753
-0.016838
-0.017951
-0.019071
-0.020136
-0.021045
-0.021728
-0.022249
-0.022577
-0.022665
-0.022532
-0.022007
-0.02115
-0.020318
-0.01952
-0.018698
-0.017839
-0.016951
-0.016079
-0.015278
-0.01458
-0.013898
-0.012931
-0.011546
-0.0099398
-0.0083888
-0.0068789
-0.0053404
-0.0037413
-0.0020914
-0.00048995
0.00088046
0.0018343
0.0024324
0.0030671
0.003751
0.004409
0.0050284
0.0056246
0.0062707
0.007045
0.0079675
0.0088656
0.009422
0.0095962
0.0097285
0.0098969
0.010007
0.0099727
0.0097115
0.0092002
0.0086429
0.0081129
0.0075947
0.007089
0.0065905
0.0060676
0.0054402
0.0046078
0.0035675
0.0025364
0.0015355
0.00053743
-0.00045431
-0.0014449
-0.0024535
-0.0035368
-0.0047593
-0.0061164
-0.007438
-0.0086557
-0.009816
-0.010984
-0.012175
-0.013402
-0.014674
-0.015943
-0.01707
-0.017836
-0.018113
-0.018139
-0.018104
-0.017948
-0.017698
-0.017279
-0.016656
-0.015993
-0.015346
-0.014701
-0.014052
-0.013394
-0.012728
-0.012057
-0.011384
-0.010714
-0.010056
-0.00942
-0.0088031
-0.0081742
-0.0074822
-0.0067905
-0.0061763
-0.0057336
-0.0055081
-0.0053703
-0.0052587
-0.0052541
-0.0053898
-0.0055573
-0.0057172
-0.00588
-0.0060472
-0.0062185
-0.0063896
-0.0065617
-0.006739
-0.0069296
-0.0071311
-0.0073185
-0.0074349
-0.0074146
-0.0072605
-0.0071157
-0.0069589
-0.0067224
-0.0063843
-0.0060054
-0.0056256
-0.0052139
-0.0047319
-0.0041722
-0.0035622
-0.0028298
-0.0019309
-0.00096946
-2.2613e-05
0.00091872
0.001865
0.002816
0.0037688
0.0047243
0.0056915
0.0066798
0.0076803
0.0086419
0.0094666
0.01006
0.01046
0.01084
0.011179
0.011384
0.011455
0.011534
0.011571
0.011469
0.011198
0.010852
0.01049
0.010025
0.0093751
0.0085806
0.007791
0.006946
0.0059405
0.0047559
0.0035443
0.0023506
0.0011413
-0.00010952
-0.0013963
-0.002652
-0.0037682
-0.0046503
-0.0053485
-0.0060689
-0.0068174
-0.0075611
-0.0082918
-0.0090065
-0.0097126
-0.01042
-0.011141
-0.011878
-0.012615
-0.013306
-0.013883
-0.014317
-0.014699
-0.015123
-0.015554
-0.015881
-0.01599
-0.016004
-0.015788
-0.015199
-0.014393
-0.013618
-0.01287
-0.012108
-0.011326
-0.010524
-0.009714
-0.0089049
-0.0081076
-0.0073215
-0.0065341
-0.0057082
-0.0047984
-0.0037884
-0.0027485
-0.0017205
-0.00069737
0.00032963
0.0013618
0.0023988
0.0034375
0.0044771
0.005516
0.0065531
0.0075833
0.0085988
0.0095909
0.010559
0.011478
0.012271
0.012902
0.013473
0.014063
0.01466
0.015251
0.015831
0.016403
0.016974
0.017551
0.018138
0.018726
0.019288
0.019779
0.020163
0.020475
0.020756
0.020917
0.020861
0.02064
0.020442
0.020253
0.019991
0.019594
0.019071
0.018554
0.018052
0.017549
0.017041
0.016525
0.016006
0.015488
0.014975
0.014465
0.013947
0.013402
0.01281
0.012179
0.011543
0.010891
0.010204
0.0094966
0.0087898
0.0080852
0.0073791
0.0066708
0.0059589
0.0052455
0.0045335
0.0038291
0.0031337
0.0024386
0.0017147
0.00092007
3.6427e-05
-0.00086251
-0.0017498
-0.0026346
-0.0035224
-0.0044145
-0.00531
-0.0062076
-0.007107
-0.0080069
-0.0089035
-0.0097866
-0.010641
-0.011457
-0.012244
-0.012961
-0.013517
-0.013887
-0.014229
-0.014594
-0.014962
-0.015321
-0.015667
-0.016005
-0.016342
-0.016687
-0.017045
-0.017407
-0.017741
-0.017993
-0.018126
-0.01819
-0.018266
-0.018352
-0.018435
-0.018512
-0.018583
-0.018652
-0.01872
-0.018789
-0.018858
-0.018926
-0.018991
-0.019049
-0.0191
-0.019139
-0.019129
-0.019018
-0.0188
-0.018581
-0.018376
-0.018136
-0.017799
-0.01734
-0.016866
-0.016344
-0.015715
-0.014999
-0.014285
-0.013581
-0.012873
-0.012162
-0.011447
-0.01073
-0.010009
-0.0092816
-0.0085491
-0.0078263
-0.007141
-0.0065243
-0.0059638
-0.0053736
-0.0047721
-0.0041752
-0.0035818
-0.002995
-0.0024124
-0.0018315
-0.0012433
-0.00064014
-2.2409e-05
0.00058106
0.0011083
0.0014806
0.0016951
0.0019048
0.0020791
0.0021488
0.0021326
0.0021149
0.0021053
0.0020903
0.0020715
0.0020459
0.002019
0.0019935
0.0019764
0.0019645
0.0019473
0.0018963
0.0017842
0.0016146
0.0014611
0.0013229
0.001169
0.00094276
0.00058863
9.7548e-05
-0.00061901
-0.0015024
-0.0021808
-0.0025172
-0.0025483
-0.0026141
-0.0027397
-0.0028648
-0.0029791
-0.0030721
-0.0031507
-0.0032108
-0.0032521
-0.0032804
-0.0033122
-0.003344
-0.0033822
-0.0034368
-0.003508
-0.0035627
-0.0035267
-0.0033092
-0.0029122
-0.0025331
-0.0021861
-0.0018359
-0.0014724
-0.0010926
-0.00071067
-0.00034295
-3.0507e-06
0.00032594
0.00070419
0.0012417
0.0019975
0.0027493
0.0034677
0.0041812
0.0048864
0.005595
0.0063301
0.0071511
0.0081147
0.0092075
0.01033
0.011506
0.012737
0.014027
0.015372
0.016682
0.017773
0.018551
0.019142
0.019716
0.020151
0.020302
0.020105
0.019522
0.018871
0.018266
0.017676
0.017093
0.016495
0.015836
0.015034
0.014033
0.012951
0.012142
0.011391
0.010696
0.010154
0.0097942
0.0096315
0.0094629
0.0092739
0.0090855
0.0088932
0.0087027
0.0085379
0.0084516
0.00849
0.0086142
0.0086582
0.0085367
0.0082687
0.0079928
0.0077033
0.0073059
0.0066722
0.0056772
0.0044687
0.0032887
0.0021336
0.00097146
-0.0001946
-0.0013571
-0.0025187
-0.0037207
-0.0050459
-0.0065458
-0.0080333
-0.0094957
-0.010977
-0.012492
-0.014023
-0.015488
-0.016752
-0.017714
-0.01847
-0.019146
-0.019639
-0.019897
-0.01989
-0.019548
-0.019053
-0.01836
-0.017414
-0.016419
-0.015358
-0.014062
-0.012461
-0.010855
-0.0092813
-0.0076978
-0.0061115
-0.0045271
-0.0029633
-0.0014091
0.00017308
0.0018472
0.0035845
0.0051622
0.0062004
0.0066743
0.0067336
0.0068379
0.0070053
0.0071692
0.0073389
0.0075017
0.0076016
0.0074917
0.0070176
0.0062206
0.0054342
0.004693
0.0039403
0.0031585
0.0023508
0.0015537
0.00081474
0.00017076
-0.00041995
-0.0011026
-0.0018307
-0.0024052
-0.0027498
-0.0028267
-0.0028106
-0.0028305
-0.0028605
-0.0028686
-0.0028472
-0.0028188
-0.0028416
-0.0029895
-0.0032855
-0.0036153
-0.0039271
-0.0042406
-0.0045732
-0.0049233
-0.0052647
-0.0055486
-0.0057364
-0.0058621
-0.0060932
-0.0065764
-0.0072411
-0.0077138
-0.0078563
-0.007694
-0.0074961
-0.0071054
-0.0065005
-0.0059023
-0.0053111
-0.0047168
-0.004128
-0.0035483
-0.0029387
-0.0022095
-0.0012489
-5.6812e-05
0.0012057
0.0025577
0.0040039
0.0054468
0.0068896
0.0083397
0.0097958
0.011257
0.012729
0.014215
0.015706
0.017166
0.018534
0.019757
0.020877
0.022022
0.023156
0.024169
0.024994
0.025762
0.026515
0.027186
0.027749
0.028263
0.028758
0.029189
0.029529
0.029817
0.030093
0.030291
0.030333
0.03023
0.030107
0.029965
0.029747
0.029437
0.029098
0.028722
0.028225
0.027547
0.026763
0.025996
0.025242
0.024482
0.023711
0.02293
0.022146
0.021371
0.020608
0.019848
0.019052
0.018167
0.017168
0.016128
0.015109
0.014124
0.013228
0.012457
0.011742
0.010927
0.0098842
0.0085632
0.0071425
0.0058031
0.0045758
0.0034456
0.0023169
0.0011394
1.3924e-05
-0.00095079
-0.0017162
-0.0024068
-0.0031103
-0.0037839
-0.0043733
-0.0048718
-0.0053465
-0.0057557
-0.0060427
-0.0062373
-0.0064374
-0.0066149
-0.0067113
-0.0067136
-0.0066834
-0.0066285
-0.0064775
-0.0061825
-0.0058014
-0.0054325
-0.0050735
-0.0047111
-0.0043411
-0.0039636
-0.0035812
-0.0031986
-0.0028207
-0.0024516
-0.0020882
-0.0017175
-0.0013162
-0.00087119
-0.00042085
-6.2921e-05
9.8252e-05
4.3357e-05
-3.9972e-05
-9.2321e-05
-0.00014038
-0.00019767
-0.00026973
-0.00035139
-0.00043517
-0.00051187
-0.00057814
-0.00064173
-0.0007295
-0.00088196
-0.0011232
-0.0014088
-0.0016848
-0.0019542
-0.0022262
-0.0025025
-0.0027824
-0.003064
-0.0033469
-0.0036314
-0.0039176
-0.004201
-0.0044712
-0.0047148
-0.0049303
-0.0051423
-0.0053382
-0.0054989
-0.0056313
-0.0057649
-0.0059017
-0.006037
-0.0061702
-0.0063012
-0.0064324
-0.006566
-0.0067034
-0.0068402
-0.0069657
-0.0070624
-0.0071177
-0.0071451
-0.0071697
-0.00713
-0.0069353
-0.0065667
-0.0061709
-0.0057967
-0.0054246
-0.0050469
-0.0046605
-0.0042699
-0.0038765
-0.00348
-0.0030771
-0.0026713
-0.0022782
-0.0019291
-0.0016519
-0.00143
-0.0012011
-0.00096389
-0.00072833
-0.00049689
-0.00027013
-4.5645e-05
0.00017938
0.00040778
0.00063977
0.00087031
0.0010867
0.0012718
0.0014204
0.0015581
0.0016812
0.001772
0.0018359
0.0019015
0.0019709
0.0020393
0.0021039
0.0021616
0.0022137
0.0022697
0.0023495
0.0024739
0.0026397
0.0027825
0.0028342
0.002882
0.002944
0.0030105
0.0030828
0.003156
0.0032249
0.0032762
0.0033041
0.0033271
0.0034133
0.0036722
0.0041801
0.0048358
0.0054972
0.0062165
0.0070435
0.0079193
0.0087968
0.0096746
0.010556
0.011438
0.012322
0.013209
0.014104
0.015006
0.015906
0.016777
0.017581
0.018301
0.018995
0.019734
0.020429
0.020995
0.021406
0.021763
0.022144
0.022499
0.02274
0.022816
0.022849
0.022873
0.022827
0.022673
0.02245
0.022195
0.021853
0.021391
0.020873
0.020333
0.019679
0.018821
0.017798
0.016787
0.015797
0.014802
0.0138
0.012787
0.011769
0.01075
0.0097296
0.0087073
0.007687
0.0066748
0.005679
0.0046954
0.0037013
0.0026624
0.0015517
0.00040414
-0.00064488
-0.0015638
-0.0022001
-0.0024674
-0.0026053
-0.0027864
-0.0029844
-0.0031669
-0.0033255
-0.0034656
-0.0036015
-0.0037483
-0.0039133
-0.0040824
-0.0042099
-0.004226
-0.0040904
-0.003882
-0.0037004
-0.0035302
-0.0033541
-0.0031705
-0.0029804
-0.0027877
-0.0025935
-0.0023976
-0.0021999
-0.0020066
-0.0018334
-0.0017055
-0.0016372
-0.0016099
-0.0016711
-0.0019426
-0.0024546
-0.0030043
-0.0035235
-0.0040385
-0.0045614
-0.0051015
-0.0056579
-0.0062268
-0.0067875
-0.0073043
-0.0077321
-0.0080696
-0.0083971
-0.0087372
-0.0090789
-0.0094218
-0.0097638
-0.010102
-0.010417
-0.010683
-0.010886
-0.011059
-0.011177
-0.011235
-0.011258
-0.011182
-0.010943
-0.010501
-0.009804
-0.0090117
-0.0082471
-0.0074922
-0.0067233
-0.0059327
-0.005123
-0.0043133
-0.0035371
-0.0028363
-0.002216
-0.0015922
-0.00095855
-0.0003308
0.00029323
0.00091956
0.0015627
0.00222
0.0028587
0.0033991
0.0037465
0.0038981
0.0040647
0.0042635
0.0044678
0.0046701
0.0048531
0.0049949
0.0050784
0.0051364
0.005288
0.0056424
0.0062605
0.0070845
0.0078887
0.0086627
0.0094332
0.010192
0.010948
0.011746
0.012689
0.013882
0.01529
0.016675
0.018028
0.019384
0.020751
0.02213
0.023521
0.024924
0.026338
0.02774
0.029084
0.030293
0.031337
0.032348
0.033203
0.033739
0.034083
0.03418
0.03411
0.033895
0.033397
0.032613
0.031545
0.03015
0.02869
0.02726
0.025842
0.02444
0.023044
0.021595
0.019966
0.018027
0.015845
0.013828
0.011891
0.0099723
0.0080486
0.0059931
0.0036518
0.00095431
-0.0017891
-0.0039398
-0.0053747
-0.0065346
-0.0073373
-0.0078336
-0.0079696
-0.0079619
-0.0076853
-0.0068948
-0.0056068
-0.0041388
-0.0027119
-0.0012763
0.00020078
0.0016722
0.0029915
0.0039872
0.0045769
0.0046081
0.0043256
0.0038052
0.0031785
0.0025688
0.0019439
0.0012893
0.00059589
-0.00012963
-0.00087111
-0.0015857
-0.0023053
-0.0030345
-0.0037495
-0.0044021
-0.0049454
-0.0053984
-0.0058582
-0.0063353
-0.0068604
-0.0075482
-0.008517
-0.0097968
-0.011135
-0.01246
-0.013801
-0.015112
-0.016278
-0.017166
-0.017804
-0.018444
-0.018947
-0.019044
-0.018636
-0.017993
-0.017068
-0.01597
-0.014906
-0.013864
-0.012817
-0.011713
-0.010479
-0.0090621
-0.0075427
-0.0061025
-0.0050698
-0.0045045
-0.0040827
-0.0035754
-0.0030164
-0.002482
-0.0020701
-0.0018833
-0.0019293
-0.0019956
-0.0020026
-0.0019879
-0.0020279
-0.0022363
-0.0027035
-0.0033512
-0.003936
-0.0044588
-0.0049918
-0.0055433
-0.0061084
-0.0066705
-0.0072165
-0.0077424
-0.0082692
-0.0088123
-0.0093773
-0.0099392
-0.01043
-0.010748
-0.010852
-0.010873
-0.010863
-0.01086
-0.010881
-0.010906
-0.010887
-0.010729
-0.010346
-0.009781
-0.0092387
-0.0087269
-0.0082167
-0.007697
-0.0071495
-0.006551
-0.005881
-0.0051356
-0.004351
-0.003577
-0.0028039
-0.0020127
-0.001199
-0.00037917
0.00039536
0.0010705
0.0017242
0.002396
0.0031326
0.0039955
0.0049658
0.0058354
0.006183
0.0060018
0.0058669
0.0058377
0.0058341
0.0058006
0.0056129
0.0051354
0.0042985
0.0031168
0.0016581
0.00021384
-0.0012279
-0.0026968
-0.0041196
-0.0053615
-0.0063212
-0.007114
-0.0079464
-0.0088155
-0.0096706
-0.010446
-0.01105
-0.011437
-0.011697
-0.011754
-0.011508
-0.010947
-0.010337
-0.0097783
-0.0092367
-0.0086734
-0.0080101
-0.0071514
-0.0060696
-0.0049563
-0.00387
-0.0027604
-0.0015966
-0.00040996
0.00066656
0.0014225
0.0017208
0.0017646
0.0018768
0.0020634
0.0022476
0.0023151
0.0020823
0.0014222
0.00046039
-0.00072433
-0.0021574
-0.0035765
-0.0049806
-0.0064248
-0.007914
-0.0094239
-0.010878
-0.012176
-0.0133
-0.014414
-0.015591
-0.016813
-0.017998
-0.018971
-0.019512
-0.019599
-0.019616
-0.019547
-0.019376
-0.019121
-0.018852
-0.01859
-0.018321
-0.018033
-0.017677
-0.017218
-0.016675
-0.016152
-0.015654
-0.015161
-0.01463
-0.013997
-0.013214
-0.012328
-0.01142
-0.010501
-0.0095724
-0.0086282
-0.007675
-0.0067565
-0.0059349
-0.0052461
-0.0046174
-0.003991
-0.0033725
-0.0027448
-0.0020425
-0.0011861
-0.00017298
0.00081785
0.0017417
0.0026751
0.0036393
0.0046225
0.0055828
0.0064464
0.007152
0.0077402
0.0083487
0.0089925
0.0096512
0.010285
0.010809
0.011125
0.011216
0.011148
0.01104
0.010968
0.010916
0.010836
0.010652
0.010275
0.0097067
0.0091454
0.0086137
0.0080755
0.0075193
0.0069459
0.0063861
0.0058859
0.0054857
0.005159
0.0048152
0.0044479
0.0040865
0.0037736
0.0035709
0.003497
0.0034647
0.0034245
0.0033989
0.0033896
0.0033536
0.0031913
0.0028085
0.0022197
0.0014799
0.00071742
-3.0672e-05
-0.00077783
-0.0015088
-0.0022076
-0.0028825
-0.0036062
-0.0043878
-0.0051804
-0.0059693
-0.0067259
-0.0073837
-0.007895
-0.0083068
-0.0087189
-0.0091565
-0.0096399
-0.010145
-0.010577
-0.010762
-0.010554
-0.010095
-0.010018
-0.010424
-0.010966
-0.011435
-0.01187
-0.012333
-0.012838
-0.013329
-0.013679
-0.013743
-0.013458
-0.013049
-0.012716
-0.012443
-0.012141
-0.011647
-0.010756
-0.0094211
-0.0080067
-0.0065853
-0.0052927
-0.0042323
-0.0035413
-0.0032656
-0.0031138
-0.0028703
-0.0025627
-0.0022983
-0.0022651
-0.0027027
-0.003662
-0.0047166
-0.0056933
-0.0066628
-0.0076849
-0.0087894
-0.0099415
-0.011023
-0.0119
-0.012659
-0.01346
-0.014318
-0.015185
-0.015944
-0.016401
-0.016422
-0.016136
-0.015557
-0.014867
-0.014223
-0.013604
-0.01297
-0.012239
-0.011289
-0.010025
-0.0085505
-0.0069695
-0.005233
-0.0033452
-0.0014075
0.00050569
0.0024187
0.0043919
0.0065044
0.0087877
0.011086
0.013025
0.014722
0.016146
0.017329
0.018174
0.018696
0.018745
0.018419
0.01775
0.017075
0.016437
0.015782
0.015147
0.014545
0.013971
0.013328
0.012668
0.011995
0.011326
0.010718
0.010276
0.010062
0.0099778
0.009929
0.0098766
0.009807
0.0097295
0.0096591
0.0096541
0.0098003
0.010146
0.010536
0.010908
0.011287
0.011684
0.012072
0.012396
0.012599
0.01272
0.012957
0.013404
0.013959
0.014486
0.014995
0.015525
0.016083
0.016641
0.017112
0.017394
0.017465
0.017517
0.017596
0.017678
0.017758
0.017837
0.017909
0.017947
0.017911
0.017772
0.017569
0.017342
0.017024
0.01654
0.015769
0.014707
0.013663
0.012664
0.011666
0.010657
0.0096079
0.0084995
0.0073173
0.0061238
0.0050497
0.0039929
0.0029207
0.0018456
0.00075335
-0.0003547
-0.0014668
-0.0025127
-0.0033804
-0.0039668
-0.0042315
-0.0041202
-0.0038954
-0.0035366
-0.0028873
-0.0020071
-0.0011286
-0.00027041
0.00058963
0.0014513
0.0023314
0.0032625
0.0042938
0.005432
0.0065825
0.0077204
0.0088675
0.010026
0.011166
0.012222
0.013127
0.013839
0.014461
0.015105
0.015646
0.015903
0.015965
0.015777
0.015426
0.015096
0.014785
0.014482
0.014182
0.013864
0.013459
0.012873
0.012079
0.011241
0.010432
0.0096321
0.0088313
0.0080236
0.0071988
0.0063376
0.0054232
0.0044799
0.003607
0.0028902
0.0022922
0.0016782
0.0010436
0.00041271
-0.00020966
-0.00082354
-0.0014401
-0.0020672
-0.0027032
-0.0033207
-0.0038714
-0.0043074
-0.0046642
-0.0051009
-0.0055557
-0.0059969
-0.006433
-0.0068608
-0.0072879
-0.0077146
-0.0081482
-0.0085888
-0.009035
-0.0094662
-0.0098511
-0.010156
-0.010396
-0.01063
-0.010837
-0.010988
-0.011106
-0.011223
-0.011344
-0.011462
-0.011577
-0.011689
-0.011801
-0.011915
-0.012035
-0.012156
-0.012269
-0.012347
-0.012371
-0.012346
-0.012312
-0.012228
-0.012021
-0.011671
-0.011299
-0.010942
-0.010587
-0.010228
-0.0098632
-0.0094938
-0.0091207
-0.008742
-0.0083586
-0.0079791
-0.0076273
-0.0073327
-0.0071007
-0.0068736
-0.0066386
-0.0064035
-0.0061711
-0.0059404
-0.0057095
-0.0054776
-0.0052495
-0.005031
-0.0048242
-0.0046114
-0.0043499
-0.0039814
-0.003495
-0.0029918
-0.0025054
-0.0020205
-0.0015314
-0.0010342
-0.00053247
-2.8339e-05
0.00047328
0.00097167
0.0014663
0.0019638
0.0024709
0.0029928
0.0035148
0.0039958
0.00437
0.0046043
0.0047748
0.0049626
0.0051577
0.0053457
0.0055217
0.0056929
0.0058709
0.0060674
0.006273
0.006447
0.0065155
0.0064237
0.0062338
0.0061341
0.0061539
0.0062195
0.0062788
0.0063093
0.0062561
0.0060359
0.0056064
0.0051046
0.0046279
0.0041566
0.003669
0.0031667
0.0026693
0.0022118
0.0018184
0.0014571
0.0010213
0.00057786
0.0001456
-0.00028712
-0.00072321
-0.0011622
-0.0015869
-0.0019675
-0.0022803
-0.002543
-0.0027646
-0.0029495
-0.0031349
-0.0033228
-0.0035132
-0.0037099
-0.0039086
-0.0040855
-0.0041976
-0.0042091
-0.0041517
-0.0040982
-0.0040535
-0.0040055
-0.0039541
-0.0039016
-0.003853
-0.0038027
-0.0037352
-0.0036293
-0.0034861
-0.0033433
-0.003304
-0.0034448
-0.0038052
-0.0042449
-0.0046587
-0.005061
-0.0054662
-0.0058755
-0.0062926
-0.0067345
-0.0072361
-0.0078204
-0.0084517
-0.0090728
-0.0096845
-0.010293
-0.010903
-0.011523
-0.012169
-0.012845
-0.013524
-0.014122
-0.014534
-0.014751
-0.014954
-0.015122
-0.015197
-0.015176
-0.014848
-0.014192
-0.013549
-0.012946
-0.012342
-0.01174
-0.011139
-0.01053
-0.0098598
-0.0090475
-0.0080533
-0.0070169
-0.0059993
-0.0049926
-0.0040037
-0.003036
-0.0020596
-0.00098104
0.0003312
0.0019161
0.0035436
0.0050437
0.006245
0.0069246
0.0074271
0.0080448
0.0087395
0.0093981
0.0098317
0.0098251
0.0093506
0.0088315
0.0083971
0.007974
0.0074811
0.006836
0.0060193
0.0051711
0.0045455
0.004101
0.0036254
0.0031062
0.0025858
0.0021198
0.0017706
0.0015494
0.0013495
0.0011264
0.00090411
0.00071535
0.00057853
0.00046848
0.00028346
-0.00013101
-0.0007708
-0.0013272
-0.0016265
-0.0015646
-0.0011175
-0.0006813
-0.00090287
-0.0013156
-0.0011725
-0.00056725
2.7862e-05
0.00057196
0.0011033
0.001577
0.0019074
0.0020222
0.0020236
0.0020632
0.0021468
0.0022341
0.002253
0.0020723
0.0015876
0.00085774
-2.4474e-05
-0.00091758
-0.0017911
-0.0026817
-0.0036059
-0.0045698
-0.0055485
-0.0064935
-0.0074056
-0.0083361
-0.0092969
-0.010265
-0.011161
-0.011856
-0.01225
-0.012375
-0.012382
-0.012402
-0.012226
-0.011579
-0.01061
-0.010103
-0.010268
-0.010257
-0.0097442
-0.009043
-0.0083762
-0.0077403
-0.007123
-0.0065732
-0.0061766
-0.0059691
-0.0058071
-0.0056207
-0.0054222
-0.0052174
-0.0050148
-0.0048459
-0.0047719
-0.0048506
-0.0050453
-0.0052187
-0.0053634
-0.0055086
-0.0056856
-0.0059428
-0.006311
-0.0067503
-0.0071773
-0.0076054
-0.008059
-0.0085291
-0.0089548
-0.0092261
-0.0092428
-0.0090034
-0.0087368
-0.0085155
-0.0082952
-0.0080285
-0.0076585
-0.0071677
-0.0066267
-0.0060972
-0.0055727
-0.0050511
-0.0045401
-0.0040515
-0.0035741
-0.0030575
-0.0024499
-0.0017872
-0.0011264
-0.00046959
0.00017776
0.0007852
0.0013215
0.0018003
0.0023207
0.0028523
0.0033776
0.0038972
0.0044082
0.004912
0.0054158
0.0059363
0.006479
0.0070311
0.0076002
0.0081799
0.0087249
0.0091506
0.0093832
0.009474
0.0095976
0.0097623
0.0099215
0.010009
0.0099306
0.0096505
0.0092911
0.0089473
0.0086184
0.0082872
0.0079328
0.0075363
0.0070913
0.0066362
0.0062652
0.0059681
0.0056674
0.0053477
0.0049993
0.0046153
0.0042228
0.003911
0.0037792
0.0037535
0.003708
0.0036432
0.0035743
0.0035048
0.0034401
0.0033967
0.0033974
0.0033917
0.0033804
0.0033907
0.0034405
0.0035202
0.0035545
0.0034087
0.0030838
0.002785
0.0025379
0.0023048
0.0020274
0.0016044
0.00096223
0.00016796
-0.00061096
-0.0012289
-0.0015173
-0.0016738
-0.0022131
-0.0031742
-0.00413
-0.0050446
-0.0059441
-0.0067592
-0.0073715
-0.0077111
-0.0079431
-0.008217
-0.0085206
-0.008818
-0.0090632
-0.0091885
-0.0091471
-0.0089973
-0.0088375
-0.0086785
-0.0085082
-0.0083177
-0.0081183
-0.0079519
-0.0078665
-0.0078606
-0.0078174
-0.0075897
-0.0069902
-0.006051
-0.0050371
-0.0044234
-0.0040631
-0.0036416
-0.003152
-0.0026334
-0.002139
-0.0017341
-0.0014819
-0.0013613
-0.0012133
-0.0010249
-0.00084899
-0.00075485
-0.00083028
-0.0010786
-0.0013346
-0.0015474
-0.001766
-0.0020109
-0.002284
-0.0025464
-0.0027234
-0.0027265
-0.0025656
-0.0024371
-0.0023714
-0.0023163
-0.002174
-0.0017731
-0.0009927
4.7336e-05
0.001117
0.00218
0.0032483
0.0043533
0.0055001
0.0066427
0.0076677
0.0084438
0.0089195
0.0090971
0.0091846
0.0093425
0.0095334
0.0096633
0.0095842
0.0091582
0.0084586
0.0079233
0.007447
0.0069464
0.0064094
0.0058066
0.0051477
0.004492
0.0039422
0.0034769
0.0030014
0.0025047
0.0019975
0.0014915
0.0010132
0.00059974
0.00026691
-7.2825e-05
-0.00041741
-0.00073673
-0.0010287
-0.0013353
-0.0017658
-0.0024565
-0.0034413
-0.0044768
-0.0054959
-0.0065306
-0.0075553
-0.0084839
-0.0092038
-0.0097188
-0.010259
-0.010842
-0.011418
-0.011946
-0.012367
-0.012664
-0.012918
-0.013233
-0.013574
-0.013901
-0.014206
-0.014499
-0.014808
-0.015175
-0.015619
-0.01608
-0.016401
-0.016405
-0.016028
-0.015523
-0.015081
-0.01468
-0.014263
-0.013758
-0.013073
-0.012177
-0.011207
-0.010255
-0.0093094
-0.0083706
-0.0074701
-0.0066457
-0.005879
-0.0050489
-0.0041465
-0.003245
-0.0023539
-0.0014821
-0.00065241
0.00011181
0.00082945
0.0015806
0.0022852
0.0028119
0.003064
0.0030494
0.0030493
0.0030818
0.0031109
0.0031509
0.0032249
0.0033483
0.0034777
0.0036002
0.0037273
0.0038715
0.0040322
0.0041854
0.0042735
0.004226
0.0040184
0.0037578
0.0035223
0.0033
0.0030648
0.0027881
0.002442
0.0020372
0.0016502
0.0012649
0.0008789
0.00052164
0.00022054
-2.7094e-05
-0.00032222
-0.00085799
-0.0015965
-0.0023213
-0.0030281
-0.0037328
-0.0044043
-0.0049879
-0.0054573
-0.0058935
-0.0076111
-0.0081187
-0.0085979
-0.0089194
-0.0089302
-0.0086278
-0.00835
-0.0082022
-0.0080772
-0.0079304
-0.0077514
-0.0075303
-0.0072568
-0.0069565
-0.0067052
-0.0064604
-0.0062006
-0.0059325
-0.005671
-0.0054529
-0.0053094
-0.0052338
-0.0051901
-0.0051537
-0.0050918
-0.0050086
-0.0049474
-0.0049995
-0.0052743
-0.0057714
-0.006253
-0.0067042
-0.0071635
-0.00763
-0.0080897
-0.0085097
-0.0088804
-0.0092382
-0.0095912
-0.0099509
-0.010324
-0.010697
-0.011034
-0.011275
-0.011379
-0.011404
-0.011457
-0.011531
-0.011589
-0.011579
-0.011452
-0.011225
-0.011052
-0.01101
-0.010982
-0.010919
-0.010834
-0.010771
-0.010803
-0.010997
-0.011322
-0.011626
-0.011895
-0.01218
-0.012541
-0.013026
-0.013591
-0.014015
-0.014023
-0.013792
-0.01363
-0.013544
-0.013461
-0.013265
-0.012796
-0.01197
-0.010971
-0.010025
-0.0091169
-0.0081868
-0.0071848
-0.0060728
-0.0048812
-0.0037496
-0.0027042
-0.0016389
-0.00051229
0.00066275
0.001787
0.0026508
0.0030156
0.0029073
0.0028566
0.0029009
0.0029283
0.0028517
0.0025629
0.0020562
0.0015277
0.0011909
0.00091485
0.00057729
0.0001882
-0.00015937
-0.00030994
-0.00011463
0.00034345
0.00056674
0.00037504
0.00011198
-4.8197e-05
-3.8276e-05
0.00019206
0.00050487
0.00027238
-0.00039758
-0.00077741
-0.00075408
-0.0007284
-0.0007626
-0.00082394
-0.00090303
-0.00098449
-0.0010556
-0.0010918
-0.0011322
-0.001184
-0.0012288
-0.0012334
-0.0011599
-0.001007
-0.00085556
-0.00072928
-0.00041278
0.00023831
0.0010786
0.0018877
0.0026775
0.0034891
0.0043179
0.0051193
0.0058064
0.0063329
0.0068746
0.0074484
0.0080005
0.0084753
0.008814
0.0090489
0.0093598
0.0098029
0.010266
0.010716
0.011164
0.011602
0.011995
0.012294
0.012496
0.012704
0.012931
0.01317
0.013411
0.013617
0.013719
0.013651
0.013408
0.013067
0.012741
0.012427
0.012114
0.011819
0.011557
0.011316
0.011035
0.010759
0.010497
0.010225
0.0099147
0.0095378
0.009122
0.0087786
0.0085293
0.0082727
0.0079956
0.0077117
0.0074388
0.0072051
0.0070348
0.006915
0.0067807
0.0066264
0.0064757
0.0063687
0.0063595
0.0064631
0.0065864
0.0066223
0.0066211
0.0066298
0.006645
0.0066616
0.0066859
0.0067374
0.0068369
0.0069748
0.0071415
0.0073294
0.0074724
0.0074336
0.0070754
0.0064676
0.0060488
0.0058072
0.0055422
0.0052399
0.0049211
0.0046168
0.0043551
0.0041476
0.0039605
0.0037606
0.0035466
0.0033396
0.0031797
0.003118
0.0031605
0.0032051
0.0031869
0.0031515
0.0031102
0.003055
0.0030031
0.0030177
0.0031983
0.0035898
0.0040264
0.0044415
0.0048577
0.0052693
0.0056358
0.0058968
0.006038
0.0061124
0.0061396
0.0061729
0.0062185
0.0062646
0.0062952
0.0062717
0.0061542
0.005948
0.0057465
0.005554
0.0053655
0.0051994
0.0050819
0.0050171
0.0049511
0.0048702
0.0047935
0.0047281
0.0046679
0.0045904
0.0044638
0.00427
0.004046
0.0038409
0.0036542
0.0034624
0.0032251
0.0028953
0.002472
0.0020668
0.0018046
0.0016315
0.0014511
0.0012552
0.00104
0.0007917
0.00051841
0.00028274
0.00022188
0.00042383
0.00071112
0.00094248
0.0011398
0.0013614
0.0016941
0.0022215
0.0029168
0.0035497
0.0041388
0.0047149
0.0052861
0.0058913
0.0065837
0.0074001
0.0082812
0.0091338
0.0097932
0.010219
0.010569
0.010944
0.01134
0.011762
0.012209
0.012637
0.012919
0.012886
0.012608
0.012367
0.01218
0.012003
0.011802
0.011518
0.011092
0.010531
0.0099862
0.0094677
0.0089586
0.0084584
0.0079655
0.0074691
0.0069398
0.0063734
0.0058222
0.0052986
0.0047738
0.0041954
0.0035193
0.002775
0.0021531
0.0019676
0.0022219
0.0024479
0.0026217
0.0028073
0.0029791
0.0030684
0.0029864
0.0027595
0.0025506
0.0023711
0.002192
0.0019957
0.0017449
0.0014103
0.0009938
0.00051687
3.4233e-05
-0.00044149
-0.00091966
-0.0013849
-0.0018047
-0.0021428
-0.0024143
-0.0026872
-0.0029725
-0.0032639
-0.0035531
-0.0038047
-0.0039635
-0.0039816
-0.0038697
-0.0036888
-0.0035255
-0.0033748
-0.0032196
-0.0030494
-0.0028533
-0.0026267
-0.002386
-0.0021495
-0.0019146
-0.00168
-0.0014581
-0.0012709
-0.0011362
-0.0010398
-0.00097313
-0.00090589
-0.00083779
-0.00077167
-0.00070121
-0.00061805
-0.00052069
-0.00042533
-0.00033383
-0.00024428
-0.00015581
-6.4935e-05
3.3695e-05
0.00014468
0.0002641
0.00038724
0.00050756
0.00061987
0.00072572
0.00083677
0.00097556
0.0011672
0.0014057
0.0016275
0.001829
0.0020292
0.0022521
0.0025273
0.0028566
0.0031684
0.003306
0.0033017
0.0033128
0.0033482
0.0033879
0.0034239
0.0034448
0.0034392
0.0034002
0.0033633
0.0033356
0.0033152
0.0032954
0.0032568
0.0031701
0.0030116
0.002781
0.0025468
0.0023279
0.0021065
0.0018647
0.0015893
0.0012947
0.0010293
0.00077227
0.00051287
0.00025409
1.2606e-06
-0.0002298
-0.00042395
-0.00057917
-0.00070615
-0.00081806
-0.00093377
-0.0010519
-0.0011641
-0.0012557
-0.0013086
-0.0013198
-0.0013238
-0.0013271
-0.0013267
-0.001333
-0.0013677
-0.0014524
-0.0015718
-0.0016485
-0.0016794
-0.0017128
-0.0017539
-0.0017991
-0.0018464
-0.0018919
-0.0019266
-0.0019409
-0.001955
-0.0019722
-0.0019879
-0.0019985
-0.0020001
-0.0019955
-0.0019961
-0.0020092
-0.0020261
-0.0020417
-0.0020575
-0.0020742
-0.0020876
-0.0020888
-0.00207
-0.0020442
-0.0020214
-0.0020017
-0.0019833
-0.0019618
-0.0019278
-0.0018711
-0.0017895
-0.0016972
-0.0016144
-0.0015426
-0.0014715
-0.0013786
-0.0012305
-0.0010112
-0.00076227
-0.00053207
-0.00031464
-9.2731e-05
0.0001506
0.00042434
0.00070787
0.00093751
0.0011008
0.0012579
0.0014341
0.00162
0.0017814
0.0018554
0.0017795
0.0015749
0.0013868
0.0012218
0.0010573
0.00089202
0.00072866
0.00057684
0.00043789
0.00030915
0.00018508
6.1342e-05
-6.3985e-05
-0.00018531
-0.00028792
-0.00034868
-0.00035728
-0.00034321
-0.00033243
-0.00032484
-0.00032456
-0.00033927
-0.00036946
-0.00038862
-0.000343
-0.00024557
-0.00015545
-7.1551e-05
1.3423e-05
9.2621e-05
0.00014696
0.00015433
0.00011903
8.8315e-05
6.4667e-05
4.1232e-05
1.6909e-05
-1.0215e-05
-4.1807e-05
-8.0759e-05
-0.0001279
-0.00017765
-0.00022846
-0.00027678
-0.00030965
-0.00030874
-0.00026717
-0.00021522
-0.0001832
-0.00015378
-0.00012031
-8.5362e-05
-5.3847e-05
-3.4299e-05
-3.1822e-05
-4.4177e-05
-6.3379e-05
-7.9859e-05
-9.4535e-05
-0.00011094
-0.00013137
-0.00015689
-0.00018255
-0.00019844
-0.00021387
-0.00023088
-0.00024541
-0.0002527
-0.00024762
-0.0002341
-0.00022953
-0.00023796
-0.00024607
-0.00025443
-0.00026468
-0.00027286
-0.00026798
-0.00023564
-0.00017468
-0.00011886
-7.0575e-05
-2.3284e-05
2.7366e-05
8.6353e-05
0.00015338
0.00021848
0.00027153
0.00031889
0.00036626
0.0004131
0.00045639
0.00049145
0.00051424
0.00052809
0.00054709
0.00056694
0.0005853
0.00060169
0.00061309
0.00061616
0.0006099
0.00060088
0.00059109
0.00058121
0.00057106
0.00056
0.00054766
0.0005342
0.0005208
0.00051028
0.00050522
0.00049946
0.0004922
0.00048487
0.00047831
0.0004732
0.0004683
0.00045993
0.00044354
0.00042124
0.00039995
0.00037968
0.00035916
0.0003385
0.00031878
0.00030227
0.00029045
0.0002817
0.00027243
0.00026284
0.00025323
0.00024299
0.00023084
0.0002159
0.00019938
0.0001845
0.00017116
0.00015759
0.00014369
0.00012983
0.00011626
0.00010305
8.9796e-05
7.5611e-05
5.9676e-05
4.437e-05
3.0282e-05
1.6673e-05
1.4473e-06
-1.8958e-05
-4.7176e-05
-8.0584e-05
-0.00011459
-0.00014807
-0.00018
-0.00021062
-0.00024014
-0.00026817
-0.00029442
-0.00031899
-0.0003427
-0.00036528
-0.00038693
-0.00040772
-0.00042705
-0.00044347
-0.00045525
-0.00046247
-0.00046916
-0.00047646
-0.0004835
-0.00049023
-0.00049688
-0.00050317
-0.00050767
-0.00050798
-0.00050254
-0.0004939
-0.00048638
-0.00047974
-0.00047347
-0.00046808
-0.00046462
-0.00046386
-0.00046469
-0.00046444
-0.00046342
-0.00046299
-0.00046327
-0.00046398
-0.00046455
-0.00046419
-0.00046232
-0.00045979
-0.00045927
-0.00045941
-0.00045963
-0.00046011
-0.00046091
-0.0004623
-0.00046449
-0.00046743
-0.00047059
-0.00047394
-0.00047752
-0.00048131
-0.00048525
-0.0004893
-0.00049341
-0.00049773
-0.00050252
-0.00050817
-0.00051468
-0.00052128
-0.00052768
-0.00053402
-0.00054041
-0.00054684
-0.00055312
-0.00055894
-0.00056398
-0.00056842
-0.00057321
-0.00057868
-0.00058444
-0.00059008
-0.00059562
-0.00060113
-0.00060662
-0.00061208
-0.0006175
-0.00062291
-0.0006284
-0.00063407
-0.00063966
-0.00064515
-0.00065057
-0.00065592
-0.00066123
-0.00066655
-0.00067193
-0.00067732
-0.00068257
-0.00068757
-0.00069241
-0.00069723
-0.00070202
-0.00070677
-0.00071147
-0.00071614
-0.00072083
-0.00072558
-0.00073036
-0.000735
-0.00073957
-0.00074409
-0.00074856
-0.00075297
-0.00075733
-0.00076163
-0.00076586
-0.00077003
-0.00077415
-0.00077823
-0.00078227
-0.00078628
-0.00079024
-0.00079417
-0.00079807
-0.00080193
-0.00080575
-0.00080953
-0.00081328
-0.00081699
-0.00082067
-0.00082433
-0.00082796
-0.00083156
-0.00083512
-0.00083865
-0.00084214
-0.00084559
-0.00084901
-0.00085242
-0.00085583
-0.0008592
-0.00086254
-0.00086585
-0.00086913
-0.00087238
-0.0008756
-0.00087879
-0.00088194
-0.00088507
-0.00088816
-0.00089122
-0.00089425
-0.00089725
-0.00090022
-0.00090315
-0.00090605
-0.00090892
-0.00091176
-0.00091456
-0.00091734
-0.00092008
-0.00092279
-0.00092546
-0.0009281
-0.00093071
-0.00093328
-0.00093582
-0.00093832
-0.00094079
-0.00094323
-0.00094563
-0.00094799
-0.00095032
-0.00095261
-0.00095487
-0.00095709
-0.00095927
-0.00096142
-0.00096353
-0.0009656
