7.662335E-03
7.661427E-03
7.660707E-03
7.659535E-03
7.658534E-03
7.657107E-03
7.655881E-03
7.654513E-03
7.652626E-03
7.649437E-03
7.645016E-03
7.639130E-03
7.630017E-03
7.618158E-03
7.608570E-03
7.604249E-03
7.601515E-03
7.603247E-03
7.600706E-03
7.592641E-03
7.581818E-03
7.572088E-03
7.558078E-03
7.540936E-03
7.517865E-03
7.495051E-03
7.464695E-03
7.433913E-03
7.394946E-03
7.357937E-03
7.311610E-03
7.265477E-03
7.208501E-03
7.152128E-03
7.083104E-03
7.013785E-03
6.930176E-03
6.862998E-03
6.791896E-03
6.718903E-03
6.547840E-03
6.322631E-03
6.018698E-03
5.691031E-03
5.811349E-03
6.445919E-03
7.227437E-03
7.686825E-03
7.135734E-03
6.405754E-03
5.692599E-03
5.191067E-03
4.720159E-03
4.492974E-03
4.390561E-03
4.226643E-03
4.114504E-03
4.204676E-03
4.369515E-03
4.437376E-03
4.597204E-03
5.629999E-03
6.870914E-03
6.500942E-03
5.517279E-03
4.516118E-03
3.598189E-03
3.245879E-03
2.919053E-03
2.570475E-03
2.257391E-03
1.933686E-03
1.592721E-03
1.241558E-03
8.924086E-04
5.891240E-04
2.702028E-04
-4.399919E-05
-3.507709E-04
-6.999903E-04
-1.056851E-03
-9.534985E-04
-4.657962E-04
7.146637E-05
4.594961E-04
6.206251E-04
7.734282E-04
9.452086E-04
1.119973E-03
1.324573E-03
1.313380E-03
1.075780E-03
8.200240E-04
5.684703E-04
3.141028E-04
4.788734E-05
-4.733730E-04
-1.060335E-03
-1.695772E-03
-2.307292E-03
-2.256140E-03
-2.103249E-03
-2.004215E-03
-1.823637E-03
-1.671298E-03
-1.467373E-03
-1.273950E-03
-1.110237E-03
-9.361321E-04
-2.663372E-05
1.273248E-03
2.553988E-03
3.825429E-03
5.209748E-03
6.731378E-03
7.058041E-03
4.937425E-03
2.583773E-03
2.216605E-04
-2.255717E-03
-2.735836E-03
-2.844973E-03
-2.850126E-03
-1.535958E-03
-7.963380E-05
1.498356E-03
3.070801E-03
1.924234E-03
-2.677451E-04
-2.197625E-03
-4.316465E-03
-6.835468E-03
-9.085083E-03
-7.543161E-03
-5.326826E-03
-4.073979E-03
-2.223086E-03
3.227355E-03
9.923889E-03
6.229263E-03
-2.867795E-04
-5.590081E-03
-5.002091E-03
-4.538303E-04
3.590369E-03
8.197617E-03
1.310864E-02
1.827177E-02
1.988406E-02
1.679687E-02
1.320015E-02
9.862577E-03
5.807907E-03
2.136089E-03
-1.602357E-05
-1.878944E-03
-4.105500E-03
-4.301286E-03
-3.423285E-03
-2.354261E-03
-1.564824E-03
-4.207275E-04
2.144600E-03
6.342289E-03
1.092238E-02
1.442081E-02
1.016484E-02
5.029093E-03
6.072542E-04
-4.838112E-03
-1.020113E-02
-1.233456E-02
-1.090783E-02
-9.474622E-03
-7.979636E-03
-5.862586E-03
-3.661462E-03
-1.451648E-03
5.902987E-04
2.567007E-03
4.680722E-03
6.379704E-03
5.530876E-03
4.423397E-03
3.464519E-03
2.234785E-03
1.689755E-03
2.085259E-03
2.665288E-03
3.226235E-03
2.619340E-03
6.719634E-04
-1.332338E-03
-3.350241E-03
-5.227032E-03
-6.864201E-03
-8.468044E-03
-8.973560E-03
-8.672857E-03
-8.461739E-03
-7.949706E-03
-7.209599E-03
-9.154654E-03
-1.495742E-02
-2.083985E-02
-2.687616E-02
-3.373472E-02
-3.564043E-02
-2.962035E-02
-2.314389E-02
-2.158923E-02
-2.282577E-02
-2.409127E-02
-2.570874E-02
-2.718927E-02
-2.548833E-02
-2.336331E-02
-2.156303E-02
-1.939530E-02
-1.733608E-02
-1.536300E-02
-1.337944E-02
-1.142968E-02
-9.285169E-03
-7.523814E-03
-8.086051E-03
-8.948607E-03
-9.538809E-03
-1.040877E-02
-1.133590E-02
-1.225564E-02
-1.191835E-02
-1.097707E-02
-1.074260E-02
-1.178961E-02
-1.285044E-02
-1.389442E-02
-1.509104E-02
-1.621219E-02
-1.778968E-02
-1.970898E-02
-2.141521E-02
-2.322992E-02
-2.516903E-02
-2.715284E-02
-2.925860E-02
-3.141701E-02
-3.219665E-02
-3.117049E-02
-2.996733E-02
-2.862134E-02
-2.729126E-02
-2.697083E-02
-2.765409E-02
-2.844340E-02
-2.929312E-02
-2.973854E-02
-3.007301E-02
-3.055028E-02
-3.016016E-02
-2.801078E-02
-2.574150E-02
-2.389315E-02
-2.028652E-02
-1.185179E-02
-2.915296E-03
4.651632E-03
1.242349E-02
1.959911E-02
2.467564E-02
2.929038E-02
3.435923E-02
3.902570E-02
4.185794E-02
4.405253E-02
4.679006E-02
4.686193E-02
4.212631E-02
3.675691E-02
3.140469E-02
2.563151E-02
2.484189E-02
2.588783E-02
2.664897E-02
2.530279E-02
2.256187E-02
2.026208E-02
1.756292E-02
1.255861E-02
6.628050E-03
-1.045741E-03
-1.132133E-02
-2.289025E-02
-3.365768E-02
-3.019090E-02
-2.108077E-02
-1.286211E-02
-3.363121E-03
3.506051E-03
9.204937E-03
1.504475E-02
2.064789E-02
2.333954E-02
2.559520E-02
2.775025E-02
3.341210E-02
4.549629E-02
5.772518E-02
6.330342E-02
6.457274E-02
6.521095E-02
6.585604E-02
7.166981E-02
8.038711E-02
8.865848E-02
9.824779E-02
1.071851E-01
1.064975E-01
9.946035E-02
9.272514E-02
8.581433E-02
7.891332E-02
6.633355E-02
4.849090E-02
2.996241E-02
1.173843E-02
-5.338885E-03
-2.117307E-02
-3.731095E-02
-4.840651E-02
-5.481169E-02
-6.052547E-02
-6.672094E-02
-7.324174E-02
-7.764204E-02
-6.835020E-02
-5.721908E-02
-4.704256E-02
-4.080598E-02
-4.081176E-02
-4.110640E-02
-4.148469E-02
-3.850673E-02
-3.393052E-02
-2.965910E-02
-2.504997E-02
-2.048179E-02
-1.605359E-02
-1.134553E-02
-6.344032E-03
-4.947001E-03
-8.730434E-03
-1.287095E-02
-1.669626E-02
-2.146430E-02
-2.593297E-02
-2.639999E-02
-2.198877E-02
-1.758110E-02
-1.303292E-02
-8.272418E-03
-3.388794E-03
1.267632E-03
6.019821E-03
1.065922E-02
1.543305E-02
1.981270E-02
2.411243E-02
2.796384E-02
3.229323E-02
3.721991E-02
3.875507E-02
3.030858E-02
2.193059E-02
1.025187E-02
-1.189072E-02
-2.054704E-02
-1.290709E-02
-6.304255E-03
1.177135E-03
1.075247E-02
1.301272E-02
-1.306715E-03
-1.695605E-02
-2.625425E-02
-3.114663E-02
-3.550959E-02
-4.025192E-02
-4.456422E-02
-4.474427E-02
-3.903449E-02
-3.367491E-02
-3.754547E-02
-4.277260E-02
-2.798589E-02
-2.911896E-03
1.850855E-02
3.194419E-02
4.489133E-02
5.522191E-02
6.371449E-02
7.435108E-02
8.338980E-02
7.881760E-02
7.012193E-02
6.374213E-02
5.566599E-02
4.079603E-02
1.383636E-02
-1.438039E-02
-4.402123E-02
-5.660440E-02
-4.352057E-02
-2.715607E-02
-1.189092E-02
-5.338041E-03
-1.894608E-02
-3.629726E-02
-5.188027E-02
-3.009074E-02
3.041598E-03
2.901197E-02
3.736793E-02
4.368606E-02
5.218371E-02
4.361235E-02
2.848914E-02
1.322819E-02
-2.230543E-03
-1.752507E-02
-3.105751E-02
-4.536677E-02
-6.068714E-02
-7.017521E-02
-5.895199E-02
-4.476621E-02
-3.180903E-02
-2.789435E-02
-3.748745E-02
-4.693927E-02
-5.133619E-02
-5.310114E-02
-5.522034E-02
-5.697101E-02
-5.868599E-02
-5.735309E-02
-5.581234E-02
-5.405587E-02
-5.206007E-02
-5.117240E-02
-5.619174E-02
-6.156137E-02
-6.472834E-02
-6.503392E-02
-6.534023E-02
-6.416542E-02
-6.006489E-02
-4.823701E-02
-3.581757E-02
-2.423617E-02
-1.021494E-02
3.133375E-03
-1.731680E-03
-1.710097E-02
-3.130240E-02
-4.670304E-02
-6.335018E-02
-7.953762E-02
-8.689381E-02
-9.314054E-02
-1.023617E-01
-1.063734E-01
-8.859852E-02
-6.747319E-02
-4.665434E-02
-2.430940E-02
-3.315213E-02
-5.065766E-02
-6.591916E-02
-6.683845E-02
-5.474739E-02
-4.302330E-02
-3.016482E-02
-1.580932E-02
-8.148091E-03
-1.087062E-02
-1.298657E-02
-8.648268E-03
-8.686419E-03
-1.031697E-02
-1.136663E-02
-1.318972E-02
-1.291631E-02
-2.205562E-03
1.097784E-02
1.737440E-02
4.455716E-03
-1.120442E-02
-2.594269E-02
-3.724696E-02
-3.452695E-02
-3.078655E-02
-3.152124E-02
-3.495876E-02
-3.860925E-02
-4.352765E-02
-4.813029E-02
-3.802672E-02
-2.411249E-02
-1.157198E-02
2.397329E-03
1.616188E-02
2.944208E-02
4.245092E-02
5.566886E-02
6.884884E-02
8.182969E-02
9.498867E-02
1.080432E-01
1.203592E-01
1.312327E-01
1.440985E-01
1.561519E-01
1.546854E-01
1.297005E-01
1.024228E-01
7.626652E-02
4.898201E-02
2.089887E-02
-9.853737E-03
-2.856298E-02
-5.901042E-03
2.152923E-02
4.524797E-02
7.381297E-02
1.014841E-01
1.291068E-01
1.559514E-01
1.850680E-01
2.037191E-01
2.157085E-01
2.282601E-01
2.427533E-01
2.443403E-01
2.161698E-01
1.841420E-01
1.548385E-01
1.360658E-01
1.229594E-01
1.089435E-01
9.604580E-02
8.271059E-02
7.105262E-02
5.952578E-02
4.992053E-02
3.003059E-02
-5.279530E-03
-3.557076E-02
-4.234844E-02
-4.866758E-02
-5.600636E-02
-5.859308E-02
-6.093944E-02
-6.394700E-02
-6.041195E-02
-5.013971E-02
-3.931749E-02
-2.932128E-02
-1.800975E-02
-5.412951E-03
9.632347E-04
-1.543906E-02
-3.426056E-02
-5.124541E-02
-7.076342E-02
-9.024889E-02
-1.103128E-01
-1.285680E-01
-1.424924E-01
-1.566882E-01
-1.715378E-01
-1.845397E-01
-1.984973E-01
-2.136223E-01
-2.286547E-01
-2.301593E-01
-2.209012E-01
-2.120262E-01
-2.023669E-01
-1.886129E-01
-1.749829E-01
-1.607602E-01
-1.473913E-01
-1.349281E-01
-1.054446E-01
-6.362577E-02
-2.216901E-02
1.987088E-02
6.218230E-02
1.059456E-01
1.496441E-01
1.744893E-01
1.829814E-01
1.925699E-01
1.993353E-01
2.045236E-01
2.028364E-01
1.978863E-01
1.937299E-01
1.746276E-01
1.326571E-01
8.896907E-02
5.235337E-02
2.870400E-02
5.774499E-03
-1.612932E-02
-2.636891E-02
-3.638240E-02
-4.379297E-02
-3.809717E-02
-3.129233E-02
-1.919810E-02
-4.217017E-03
-9.708859E-03
-3.771071E-02
-6.722536E-02
-9.655684E-02
-1.184802E-01
-1.346939E-01
-1.518347E-01
-1.564103E-01
-1.340824E-01
-1.088535E-01
-8.534374E-02
-5.927819E-02
-3.273846E-02
-6.318645E-03
4.076613E-03
5.471857E-03
2.224268E-04
-1.393264E-02
-2.892944E-02
-4.383248E-02
-5.935561E-02
-7.504891E-02
-8.978500E-02
-1.047470E-01
-1.227876E-01
-1.310529E-01
-1.018503E-01
-6.772495E-02
-3.811875E-02
-4.881175E-03
3.333047E-02
6.858456E-02
4.437719E-02
8.710168E-03
1.813722E-02
2.757600E-02
3.327534E-02
4.336338E-02
5.182325E-02
6.087043E-02
8.449250E-02
1.150206E-01
1.391444E-01
1.539692E-01
1.711177E-01
1.889159E-01
1.722428E-01
1.280079E-01
9.361246E-02
7.408356E-02
5.268809E-02
3.463935E-02
2.540086E-02
1.690642E-02
9.719072E-03
6.145313E-03
2.379832E-03
-1.402217E-03
-5.178486E-03
-6.110192E-03
-5.598270E-03
-4.994955E-03
-4.773218E-03
-4.015658E-03
4.646280E-04
5.750315E-03
1.044128E-02
1.579937E-02
2.082264E-02
2.594806E-02
3.036283E-02
3.476993E-02
3.878869E-02
4.400653E-02
4.895194E-02
4.231706E-02
2.532739E-02
9.047419E-03
-7.594933E-03
-2.676825E-02
-4.532243E-02
-4.042960E-02
-2.176898E-02
-3.939026E-03
1.547107E-02
3.523396E-02
5.469982E-02
7.543977E-02
9.672882E-02
9.993753E-02
8.308158E-02
6.523219E-02
4.719056E-02
2.748598E-02
1.346520E-02
2.367244E-03
-8.588087E-03
-1.979454E-02
-2.990240E-02
-4.071504E-02
-5.446256E-02
-6.262990E-02
-3.173771E-02
4.129824E-03
3.794002E-02
7.447247E-02
9.203733E-02
1.080278E-01
1.206011E-01
1.014710E-01
7.923124E-02
6.024224E-02
3.142973E-02
3.311140E-03
-2.517719E-02
-5.446379E-02
-8.346149E-02
-9.860692E-02
-1.129307E-01
-1.281644E-01
-1.347272E-01
-1.383762E-01
-1.423018E-01
-1.218698E-01
-8.579908E-02
-5.447408E-02
-3.716803E-02
-2.222269E-02
-6.282788E-03
1.808364E-02
5.075157E-02
5.354329E-02
4.359940E-02
3.655353E-02
2.722278E-02
1.393988E-02
-4.762623E-03
-2.315691E-02
-3.399734E-02
-3.817512E-02
-4.277114E-02
-4.567154E-02
-4.652099E-02
-4.757115E-02
-4.801208E-02
-4.230058E-02
-3.599720E-02
-2.977718E-02
-2.286412E-02
-2.206700E-02
-2.676182E-02
-3.173672E-02
-3.458415E-02
-3.941025E-02
-6.023561E-02
-7.517997E-02
-4.732290E-02
-1.654957E-02
1.052607E-02
4.435932E-02
7.574918E-02
8.517784E-02
9.028089E-02
1.095979E-01
1.344793E-01
1.631546E-01
1.900077E-01
2.084021E-01
2.220586E-01
2.379943E-01
2.338707E-01
2.198789E-01
2.088631E-01
1.976373E-01
1.705886E-01
1.345714E-01
9.877882E-02
6.192866E-02
2.716645E-02
-2.177524E-03
-3.373614E-02
-6.422628E-02
-6.315994E-02
-4.826448E-02
-3.560665E-02
-2.086310E-02
-5.202747E-03
1.283946E-02
1.826617E-02
-4.244615E-03
-3.052491E-02
-5.193976E-02
-7.245785E-02
-9.159582E-02
-1.099405E-01
-1.174979E-01
-1.261165E-01
-1.336693E-01
-1.420390E-01
-1.489790E-01
-1.564241E-01
-1.622650E-01
-1.704121E-01
-1.780776E-01
-1.853791E-01
-1.792242E-01
-1.628299E-01
-1.449934E-01
-1.259350E-01
-1.075752E-01
-1.059791E-01
-1.049270E-01
-9.389890E-02
-6.882420E-02
-4.505486E-02
-2.446277E-02
2.172040E-03
7.580455E-02
1.248028E-01
1.624009E-01
1.948014E-01
2.185641E-01
2.189334E-01
2.091778E-01
2.064629E-01
2.059668E-01
2.102560E-01
2.001001E-01
1.573920E-01
1.101768E-01
7.448214E-02
3.437596E-02
-3.480884E-03
-2.764343E-02
-4.320178E-02
-6.161981E-02
-7.697224E-02
-9.362710E-02
-1.103854E-01
-1.275948E-01
-1.240751E-01
-1.191651E-01
-1.159319E-01
-1.106166E-01
-9.435199E-02
-7.163612E-02
-4.808578E-02
-2.551990E-02
-1.586386E-03
2.433836E-02
4.681857E-02
3.427366E-02
1.716728E-02
3.503854E-03
-6.171937E-03
-1.158990E-02
-1.379716E-02
-1.329921E-02
-1.307484E-02
-5.481929E-03
8.499770E-03
2.244708E-02
3.663578E-02
5.114939E-02
6.595646E-02
8.026065E-02
9.417073E-02
1.093067E-01
1.255550E-01
1.261881E-01
1.131796E-01
1.009228E-01
8.845916E-02
7.453714E-02
6.137280E-02
4.693723E-02
3.248003E-02
3.039280E-02
4.490461E-02
5.974083E-02
7.503472E-02
9.054183E-02
1.058142E-01
1.237454E-01
1.412377E-01
1.298676E-01
1.056370E-01
8.784427E-02
7.711115E-02
6.634968E-02
5.663010E-02
4.687750E-02
2.250170E-02
-9.738680E-03
-4.457371E-02
-7.552425E-02
-6.161997E-02
-4.229155E-02
-2.790888E-02
-6.997083E-03
1.354071E-02
1.572164E-02
-8.447168E-03
-3.490161E-02
-5.206714E-02
-4.591013E-02
-3.854865E-02
-4.524764E-02
-5.081950E-02
-5.593146E-02
-6.189760E-02
-6.618256E-02
-6.955352E-02
-7.291659E-02
-7.577513E-02
-8.754347E-02
-1.039277E-01
-1.207467E-01
-1.377922E-01
-1.562833E-01
-1.728254E-01
-1.940898E-01
-2.193486E-01
-2.359864E-01
-2.204031E-01
-1.983377E-01
-1.791113E-01
-1.813877E-01
-2.032368E-01
-2.255922E-01
-2.240413E-01
-1.903691E-01
-1.638583E-01
-1.650577E-01
-1.677280E-01
-1.691010E-01
-1.497500E-01
-1.339209E-01
-1.371511E-01
-1.182894E-01
-3.971119E-02
-2.823215E-02
-3.837576E-02
-3.176235E-02
-3.543860E-02
-3.895736E-02
-3.054934E-02
2.429536E-02
7.308155E-02
8.950554E-02
1.039860E-01
1.229632E-01
1.380743E-01
1.552909E-01
1.675163E-01
1.802696E-01
1.932441E-01
2.052044E-01
2.162450E-01
2.574218E-01
3.006181E-01
3.275304E-01
3.495757E-01
3.739391E-01
3.886232E-01
3.839441E-01
3.693518E-01
3.549900E-01
3.376035E-01
3.163986E-01
2.979767E-01
2.767601E-01
2.013457E-01
1.394869E-01
1.243713E-01
1.168600E-01
1.103678E-01
1.077339E-01
1.053494E-01
8.863661E-02
6.565088E-02
4.094751E-02
8.796391E-03
-2.876974E-02
-6.701024E-02
-1.001300E-01
-1.279627E-01
-1.549510E-01
-1.732490E-01
-1.735713E-01
-1.711068E-01
-1.737732E-01
-1.801422E-01
-1.870207E-01
-1.956234E-01
-1.991785E-01
-1.913651E-01
-1.843855E-01
-1.769773E-01
-1.681737E-01
-1.656387E-01
-1.664018E-01
-1.662957E-01
-1.649532E-01
-1.635098E-01
-1.671489E-01
-1.788659E-01
-1.920905E-01
-2.045729E-01
-2.013516E-01
-1.783356E-01
-1.539778E-01
-1.315176E-01
-1.254165E-01
-1.276159E-01
-1.198570E-01
-5.044880E-02
-1.938179E-02
-6.930211E-03
1.473226E-02
3.193666E-02
9.181001E-02
1.390518E-01
1.313310E-01
1.197097E-01
1.130000E-01
9.981468E-02
9.118491E-02
7.199193E-02
3.505715E-02
4.640671E-03
3.863844E-03
1.113382E-03
-5.521431E-04
-1.331920E-03
-2.970150E-03
-1.430923E-02
-2.469730E-02
-3.635242E-02
-4.637346E-02
-5.841927E-02
-7.147132E-02
-7.896554E-02
-4.981594E-02
-1.760036E-02
1.257065E-02
4.454989E-02
7.836630E-02
1.135415E-01
1.316908E-01
1.139551E-01
9.537771E-02
1.005729E-01
1.195085E-01
1.371154E-01
1.579320E-01
1.784591E-01
1.842733E-01
1.704700E-01
1.564800E-01
1.515641E-01
1.554139E-01
1.587415E-01
1.642073E-01
1.677700E-01
1.723044E-01
1.752474E-01
1.876412E-01
2.018099E-01
2.158859E-01
1.971188E-01
1.745841E-01
1.543695E-01
1.323253E-01
1.110516E-01
8.596431E-02
6.250616E-02
7.743417E-02
1.044590E-01
1.283888E-01
1.588191E-01
1.879747E-01
1.818318E-01
1.575580E-01
1.351189E-01
1.103248E-01
8.265107E-02
5.543695E-02
2.917493E-02
7.318280E-04
-3.323652E-02
-6.460274E-02
-6.975059E-02
-7.100368E-02
-7.501616E-02
-7.516610E-02
-8.660634E-02
-1.073239E-01
-1.323871E-01
-1.531468E-01
-1.450606E-01
-1.321987E-01
-1.241996E-01
-1.093783E-01
-9.915529E-02
-8.528010E-02
-6.801452E-02
-4.504183E-02
-2.432479E-02
1.077176E-03
-6.031912E-04
-2.164343E-02
-4.817633E-02
-6.971188E-02
-9.754353E-02
-1.207046E-01
-1.577880E-01
-1.740364E-01
-1.780456E-01
-2.131687E-01
-4.044015E-01
-3.892141E-01
-3.239776E-01
-3.033350E-01
-2.524134E-01
-2.083902E-01
-1.549088E-01
-1.248530E-01
-1.317899E-01
-1.471264E-01
-1.564345E-01
-1.754116E-01
-1.821168E-01
-1.858888E-01
-1.856220E-01
-1.889264E-01
-1.869345E-01
-1.892945E-01
-1.944584E-01
-2.029138E-01
-2.084528E-01
-2.167661E-01
-2.222932E-01
-2.333329E-01
-2.487933E-01
-2.668576E-01
-2.848199E-01
-3.089903E-01
-3.320170E-01
-3.407838E-01
-3.231785E-01
-3.065885E-01
-2.884069E-01
-2.702269E-01
-2.510744E-01
-2.334804E-01
-2.149830E-01
-1.963742E-01
-1.788203E-01
-1.865152E-01
-2.033178E-01
-2.184448E-01
-2.328659E-01
-2.548728E-01
-2.813128E-01
-2.948986E-01
-3.006575E-01
-3.053145E-01
-3.011399E-01
-2.968391E-01
-2.919894E-01
-2.799202E-01
-2.666724E-01
-2.534447E-01
-2.389980E-01
-2.395473E-01
-2.518825E-01
-2.639530E-01
-2.739692E-01
-2.885182E-01
-3.029743E-01
-2.952740E-01
-2.639166E-01
-2.368262E-01
-2.004784E-01
-1.200183E-01
-3.493326E-02
4.759593E-02
1.353281E-01
2.029020E-01
2.492205E-01
2.808246E-01
3.077799E-01
3.297026E-01
3.128213E-01
2.889915E-01
2.722833E-01
2.488424E-01
2.243714E-01
2.045851E-01
2.229164E-01
2.458609E-01
2.659825E-01
2.714502E-01
2.554402E-01
2.374496E-01
2.204154E-01
2.007014E-01
1.821323E-01
1.643783E-01
1.454755E-01
1.239384E-01
1.180834E-01
1.425325E-01
1.717770E-01
2.001403E-01
2.137491E-01
2.170198E-01
2.340581E-01
2.571288E-01
2.754899E-01
2.739580E-01
2.712444E-01
2.689377E-01
2.661821E-01
2.611974E-01
2.570743E-01
2.752912E-01
3.006980E-01
3.223345E-01
3.451061E-01
3.711449E-01
4.091656E-01
4.185133E-01
4.222612E-01
4.289630E-01
4.318170E-01
4.261193E-01
4.175017E-01
4.123038E-01
4.081786E-01
3.811141E-01
3.079086E-01
2.641080E-01
2.628704E-01
2.586636E-01
2.555576E-01
2.519049E-01
2.445629E-01
2.372510E-01
2.072841E-01
1.491009E-01
1.166027E-01
9.614461E-02
8.858964E-02
8.588237E-02
8.107773E-02
7.950899E-02
7.758348E-02
6.651265E-02
3.995136E-02
1.363442E-02
-1.409739E-02
-4.392426E-02
-5.632854E-02
-4.097769E-02
-2.404238E-02
-8.689713E-03
1.028526E-02
3.267167E-02
4.493106E-02
3.982520E-02
3.451818E-02
2.780191E-02
1.914494E-02
3.336334E-02
6.699401E-02
8.690654E-02
7.733654E-02
6.569166E-02
5.556932E-02
4.456355E-02
4.446793E-02
4.484399E-02
4.507084E-02
4.578356E-02
4.670660E-02
4.706053E-02
4.952105E-02
5.615163E-02
6.375333E-02
7.103627E-02
7.538246E-02
7.345145E-02
7.159724E-02
6.952375E-02
6.736036E-02
6.471869E-02
6.255839E-02
6.172935E-02
6.169931E-02
6.088330E-02
6.081718E-02
6.311347E-02
6.804905E-02
7.446962E-02
8.061069E-02
6.636058E-02
4.031353E-02
1.438040E-02
-1.255854E-02
-3.567142E-02
-5.579679E-02
-7.599369E-02
-9.581624E-02
-1.157965E-01
-1.367330E-01
-1.568785E-01
-1.662560E-01
-1.672188E-01
-1.683280E-01
-1.709347E-01
-1.798763E-01
-1.894360E-01
-1.985967E-01
-2.082961E-01
-2.177209E-01
-2.263728E-01
-2.270202E-01
-2.272333E-01
-2.277246E-01
-2.277943E-01
-2.276567E-01
-2.277332E-01
-2.277296E-01
-2.280238E-01
-2.273368E-01
-2.273370E-01
-2.345957E-01
-2.448029E-01
-2.523794E-01
-2.616224E-01
-2.706411E-01
-2.784708E-01
-2.832122E-01
-2.750048E-01
-2.647571E-01
-2.552661E-01
-2.255147E-01
-1.930216E-01
-1.599170E-01
-1.262275E-01
-9.190732E-02
-5.798700E-02
-2.386097E-02
9.945841E-03
4.418392E-02
7.793453E-02
1.125214E-01
1.452360E-01
1.801039E-01
2.126107E-01
2.479578E-01
2.859202E-01
3.003836E-01
2.521379E-01
1.974824E-01
1.559850E-01
1.414406E-01
1.314437E-01
1.186299E-01
1.108502E-01
1.007657E-01
9.186728E-02
8.249057E-02
7.182494E-02
5.020200E-02
2.759609E-02
5.000923E-03
-9.994385E-03
-1.591162E-02
-1.917985E-02
-1.835916E-02
-1.592694E-02
-1.423598E-02
-1.200073E-02
-1.048893E-02
-7.944569E-03
-5.719093E-03
-9.678458E-03
-2.207228E-02
-3.454206E-02
-4.730437E-02
-5.670565E-02
-6.450999E-02
-7.185020E-02
-7.997872E-02
-8.856820E-02
-8.791090E-02
-7.125341E-02
-5.358917E-02
-3.651013E-02
-1.795088E-02
4.561944E-04
1.834063E-02
3.695158E-02
5.991322E-02
8.317033E-02
1.054407E-01
1.307706E-01
1.546160E-01
1.660950E-01
1.725050E-01
1.817472E-01
1.887421E-01
1.951128E-01
2.029108E-01
2.096147E-01
2.153829E-01
2.240737E-01
2.263820E-01
1.916284E-01
8.184603E-02
-7.602960E-03
-2.957027E-02
-5.176120E-02
-7.738706E-02
-1.000570E-01
-1.127750E-01
-8.318094E-02
-4.968789E-02
-1.976713E-02
1.762098E-02
5.260539E-02
5.407692E-02
3.920318E-02
2.746088E-02
1.229991E-02
-2.670163E-03
-1.827907E-02
-3.239066E-02
-4.940420E-02
-6.488338E-02
-6.180416E-02
-4.482686E-02
-3.030678E-02
-1.355698E-02
5.591413E-03
2.169166E-02
5.713801E-03
-1.400276E-02
-3.081630E-02
-4.468171E-02
-5.637364E-02
-6.795913E-02
-7.984279E-02
-9.290638E-02
-9.343207E-02
-7.164814E-02
-4.819716E-02
-2.592698E-02
-1.666578E-03
2.301451E-02
4.735775E-02
6.486393E-02
7.893590E-02
9.299627E-02
1.077992E-01
1.230767E-01
1.155260E-01
9.172277E-02
6.882097E-02
4.502019E-02
1.984004E-02
-4.686174E-03
-2.890806E-02
-5.526561E-02
-8.110425E-02
-8.097972E-02
-6.412483E-02
-4.810814E-02
-2.976371E-02
-1.306029E-02
-8.336583E-03
-5.772398E-03
3.803408E-03
2.130643E-02
3.980361E-02
6.017873E-02
8.022174E-02
7.128679E-02
5.336313E-02
3.790162E-02
1.957563E-02
1.625544E-03
-1.685127E-02
-3.461423E-02
-5.348696E-02
-7.065250E-02
-8.851445E-02
-1.098923E-01
-1.264565E-01
-9.702975E-02
-6.202150E-02
-3.184700E-02
4.052981E-03
3.797329E-02
7.224129E-02
1.087474E-01
1.453587E-01
1.451020E-01
1.109907E-01
7.591016E-02
4.093288E-02
2.896856E-03
-3.560615E-02
-7.385433E-02
-9.604426E-02
-1.117011E-01
-1.279643E-01
-1.427097E-01
-1.474207E-01
-1.468167E-01
-1.411780E-01
-1.323605E-01
-1.254947E-01
-1.171745E-01
-1.090160E-01
-1.012703E-01
-9.238680E-02
-8.397131E-02
-8.776247E-02
-9.773836E-02
-1.067775E-01
-1.165097E-01
-1.268266E-01
-1.382182E-01
-1.449555E-01
-1.462693E-01
-1.342160E-01
-1.208713E-01
-1.084244E-01
-9.393213E-02
-8.042769E-02
-6.669831E-02
-5.202080E-02
-3.747590E-02
-3.902905E-02
-4.754899E-02
-5.531027E-02
-6.498928E-02
-7.515907E-02
-7.334612E-02
-6.065273E-02
-4.732348E-02
-3.385875E-02
-2.154081E-02
-7.039138E-03
2.621650E-02
4.909779E-02
5.104144E-02
5.401974E-02
5.718675E-02
5.930478E-02
5.958588E-02
5.566351E-02
5.122645E-02
4.713285E-02
4.244960E-02
3.801353E-02
3.370203E-02
2.883961E-02
2.356396E-02
2.613777E-02
3.913591E-02
5.256539E-02
6.575382E-02
7.999183E-02
9.401164E-02
1.076662E-01
1.211170E-01
1.378516E-01
1.479451E-01
1.341065E-01
1.171872E-01
1.019123E-01
8.365093E-02
6.781522E-02
5.978813E-02
5.320168E-02
4.535013E-02
3.872984E-02
3.284241E-02
2.874218E-02
2.441782E-02
2.015051E-02
1.564703E-02
1.277313E-02
8.578058E-03
-8.853947E-03
-2.968010E-02
-4.854708E-02
-6.939650E-02
-8.959437E-02
-1.106211E-01
-1.297136E-01
-1.507333E-01
-1.726208E-01
-1.941397E-01
-1.918918E-01
-1.738466E-01
-1.553198E-01
-1.368908E-01
-1.173971E-01
-9.669331E-02
-7.717325E-02
-6.868278E-02
-6.178989E-02
-5.370381E-02
-4.596623E-02
-3.860832E-02
-4.150513E-02
-4.787223E-02
-5.365846E-02
-5.997158E-02
-6.611011E-02
-7.416849E-02
-8.067333E-02
-6.714591E-02
-4.840725E-02
-3.230466E-02
-1.339231E-02
4.538220E-03
2.375451E-02
4.094238E-02
5.917422E-02
8.019470E-02
9.792481E-02
7.359960E-02
4.291757E-02
2.131978E-02
1.077715E-02
2.649474E-03
-6.877686E-03
-1.468360E-02
-2.337321E-02
-2.618231E-02
-2.441491E-02
-2.226271E-02
-1.951444E-02
-1.634253E-02
-2.249396E-02
-3.525509E-02
-4.792460E-02
-6.094785E-02
-7.387066E-02
-8.734809E-02
-1.018178E-01
-1.110284E-01
-1.041437E-01
-9.581304E-02
-8.859944E-02
-7.991969E-02
-7.140244E-02
-6.181631E-02
-5.494199E-02
-6.115830E-02
-6.893184E-02
-7.543832E-02
-8.334629E-02
-9.072754E-02
-9.963958E-02
-1.073113E-01
-1.029359E-01
-9.522211E-02
-8.922539E-02
-8.173242E-02
-7.400738E-02
-6.625410E-02
-6.423071E-02
-6.472665E-02
-6.528148E-02
-6.585277E-02
-6.505620E-02
-6.252254E-02
-6.005567E-02
-5.767774E-02
-5.537138E-02
-5.001753E-02
-4.254580E-02
-3.506556E-02
-2.760473E-02
-1.986196E-02
-1.223638E-02
-4.505220E-03
3.090613E-03
1.072744E-02
1.843037E-02
2.620932E-02
3.294079E-02
3.914263E-02
4.544728E-02
4.836497E-02
4.877370E-02
4.907081E-02
4.920583E-02
4.999740E-02
5.046450E-02
4.283164E-02
2.953931E-02
1.642224E-02
1.426247E-03
-1.293887E-02
-1.085343E-02
-2.448973E-03
4.492774E-03
1.312482E-02
2.158829E-02
3.042453E-02
3.851765E-02
4.737651E-02
5.652407E-02
6.082566E-02
5.408445E-02
4.688677E-02
4.000847E-02
3.228135E-02
2.430881E-02
1.642399E-02
1.293006E-02
1.285503E-02
1.253057E-02
1.261148E-02
1.276687E-02
1.278657E-02
1.272840E-02
1.616943E-02
2.094852E-02
2.582521E-02
3.122964E-02
3.647671E-02
3.418429E-02
3.002910E-02
2.648470E-02
2.219990E-02
1.806266E-02
1.402797E-02
9.359782E-03
4.904148E-03
8.813198E-03
1.754779E-02
2.568611E-02
3.447326E-02
4.342429E-02
5.254614E-02
6.102813E-02
7.061427E-02
8.038348E-02
8.112131E-02
6.779016E-02
5.397137E-02
4.004222E-02
2.572862E-02
1.132370E-02
-5.038194E-03
-1.972304E-02
-1.001699E-02
3.022122E-03
1.340428E-02
2.661393E-02
3.920962E-02
5.263538E-02
6.365202E-02
7.060516E-02
7.726702E-02
8.162143E-02
7.580762E-02
6.950319E-02
6.372099E-02
5.701185E-02
5.042673E-02
4.393774E-02
3.696772E-02
3.032548E-02
2.872190E-02
2.853087E-02
2.768738E-02
2.794854E-02
2.777741E-02
2.395848E-02
1.775967E-02
1.212144E-02
5.880561E-03
-2.600962E-05
-6.524921E-03
-1.305930E-02
-1.519710E-02
-1.010613E-02
-4.821802E-03
5.429558E-04
6.154258E-03
1.204051E-02
1.773408E-02
2.295232E-02
2.622010E-02
2.953436E-02
3.313060E-02
3.657399E-02
3.494842E-02
3.060828E-02
2.655031E-02
2.205562E-02
1.716553E-02
1.526836E-02
1.609319E-02
1.708033E-02
1.833419E-02
1.965103E-02
1.561228E-02
1.103778E-02
6.633884E-03
1.270905E-03
-1.566406E-03
3.853202E-03
9.974455E-03
1.547511E-02
2.252804E-02
2.788288E-02
2.339210E-02
1.751244E-02
1.279475E-02
6.850139E-03
8.978000E-04
-5.349595E-03
-6.554716E-03
-4.554674E-03
-2.365300E-03
-2.546580E-04
2.311369E-03
4.805313E-03
7.172246E-03
7.627478E-03
7.915067E-03
8.516929E-03
8.230973E-03
4.719431E-03
1.022638E-03
-2.325317E-03
-6.217360E-03
-9.967999E-03
-1.225447E-02
-1.437247E-02
-1.659153E-02
-1.866883E-02
-2.087254E-02
-2.299172E-02
-2.384947E-02
-2.437947E-02
-2.499684E-02
-2.539567E-02
-2.612248E-02
-2.688728E-02
-2.409934E-02
-1.720681E-02
-1.020006E-02
-3.192767E-03
4.003576E-03
1.217987E-02
2.154619E-02
3.087228E-02
4.021526E-02
5.002087E-02
5.781399E-02
6.130282E-02
6.526282E-02
6.891480E-02
6.192195E-02
5.230020E-02
4.367075E-02
3.402556E-02
2.432536E-02
1.451668E-02
7.879256E-03
4.663054E-03
7.711687E-03
1.174742E-02
1.515321E-02
1.917754E-02
2.373973E-02
2.790402E-02
2.466072E-02
2.040333E-02
1.678387E-02
1.236618E-02
8.296924E-03
3.946866E-03
-2.844014E-04
-4.531697E-03
-8.778610E-03
-1.308857E-02
-1.729528E-02
-2.159434E-02
-2.567767E-02
-2.980125E-02
-3.389057E-02
-3.803669E-02
-4.194048E-02
-4.615678E-02
-5.077141E-02
-5.189839E-02
-4.431235E-02
-3.581286E-02
-2.801461E-02
-1.926068E-02
-1.079213E-02
-2.125502E-03
6.678316E-03
1.432347E-02
1.743170E-02
2.010131E-02
2.293242E-02
2.527372E-02
2.808589E-02
3.068360E-02
2.923346E-02
2.666243E-02
2.459211E-02
2.205023E-02
1.939437E-02
1.668990E-02
1.580307E-02
1.652079E-02
1.723593E-02
1.802000E-02
1.884320E-02
1.958062E-02
2.057764E-02
2.115169E-02
2.176162E-02
2.617678E-02
3.364993E-02
4.122021E-02
4.892479E-02
5.568937E-02
6.106250E-02
6.630920E-02
7.167074E-02
7.677480E-02
8.169876E-02
8.710664E-02
9.237461E-02
9.284804E-02
9.102592E-02
9.025003E-02
8.843816E-02
8.703431E-02
8.610457E-02
8.678355E-02
8.786583E-02
8.868006E-02
8.977003E-02
9.063668E-02
9.186911E-02
9.360988E-02
9.456385E-02
9.617527E-02
9.836153E-02
9.036473E-02
7.943177E-02
6.946964E-02
5.802343E-02
4.961637E-02
4.712920E-02
4.483334E-02
3.219938E-02
1.558987E-02
-5.168165E-05
-1.645200E-02
-3.489416E-02
-5.182263E-02
-5.475450E-02
-5.692491E-02
-5.891548E-02
-4.720824E-02
-3.415787E-02
-2.185103E-02
-1.012229E-02
-9.396563E-04
8.457818E-03
3.281967E-02
3.550669E-02
3.286916E-02
3.015771E-02
2.762253E-02
2.451579E-02
2.108576E-02
1.775338E-02
1.995817E-02
2.494155E-02
2.966543E-02
3.566156E-02
4.117583E-02
3.637603E-02
2.864882E-02
2.167821E-02
1.370659E-02
6.090146E-03
-1.500948E-03
-9.775580E-03
-1.782921E-02
-1.542682E-02
-6.528182E-03
1.593120E-03
1.057092E-02
2.061097E-02
2.560605E-02
1.832548E-02
1.022073E-02
2.933034E-03
-6.038939E-03
-1.393088E-02
-1.463184E-02
-1.439349E-02
-1.508715E-02
-1.474598E-02
-1.477173E-02
-1.445347E-02
-1.448863E-02
-1.442280E-02
-1.440918E-02
-1.409944E-02
-1.424490E-02
-1.704810E-02
-2.031636E-02
-2.312051E-02
-2.638323E-02
-2.925161E-02
-3.226683E-02
-3.508166E-02
-3.797080E-02
-4.064460E-02
-4.333857E-02
-4.600181E-02
-4.866690E-02
-4.941804E-02
-4.909993E-02
-4.876444E-02
-4.839458E-02
-4.787758E-02
-4.742550E-02
-4.692271E-02
-4.647014E-02
-4.594408E-02
-4.546234E-02
-4.494075E-02
-4.449054E-02
-4.368382E-02
-4.238903E-02
-4.103449E-02
-3.979086E-02
-3.842609E-02
-3.712928E-02
-3.603126E-02
-3.482330E-02
-3.140558E-02
-2.739778E-02
-2.330069E-02
-2.028452E-02
-2.196867E-02
-2.423515E-02
-2.600197E-02
-2.815894E-02
-3.007960E-02
-3.204131E-02
-3.387962E-02
-3.567419E-02
-3.735790E-02
-3.838919E-02
-3.847327E-02
-3.856045E-02
-3.857853E-02
-3.855374E-02
-3.847766E-02
-3.841192E-02
-3.829062E-02
-3.816063E-02
-3.804368E-02
-3.788857E-02
-3.747722E-02
-3.771381E-02
-4.049599E-02
-4.345644E-02
-4.591202E-02
-4.853965E-02
-5.096315E-02
-5.284896E-02
-5.316846E-02
-5.321868E-02
-5.326882E-02
-5.346495E-02
-5.310032E-02
-4.986833E-02
-4.628774E-02
-4.324465E-02
-3.977695E-02
-3.654348E-02
-3.366791E-02
-3.094588E-02
-2.446036E-02
-1.637849E-02
-9.222685E-03
-6.680225E-03
-6.239982E-03
-5.611696E-03
-5.328799E-03
-5.091673E-03
-5.541379E-03
-6.174049E-03
-6.722084E-03
-7.243498E-03
-7.737170E-03
-8.112738E-03
-8.457736E-03
-8.698238E-03
-8.930632E-03
-9.095498E-03
-9.089355E-03
-9.106778E-03
-1.006838E-02
-1.114304E-02
-1.192547E-02
-1.263236E-02
-1.286018E-02
-1.193112E-02
-1.033915E-02
-8.906501E-03
-7.486560E-03
-6.168644E-03
-4.950437E-03
-3.770326E-03
-2.731137E-03
-2.549890E-03
-2.465676E-03
-2.218609E-03
-2.002053E-03
-1.732134E-03
-1.228943E-03
-2.207062E-04
7.486676E-04
1.602228E-03
2.427158E-03
3.170664E-03
3.855994E-03
4.473210E-03
4.964291E-03
5.351423E-03
5.727389E-03
6.087020E-03
6.433789E-03
6.767515E-03
7.093257E-03
7.414133E-03
7.723151E-03
7.996690E-03
8.267989E-03
8.541874E-03
8.812900E-03
9.083567E-03
9.352045E-03
9.615845E-03
9.877291E-03
1.013328E-02
1.038510E-02
1.063095E-02
1.087086E-02
1.110360E-02
1.132964E-02
1.154787E-02
1.175843E-02
1.196059E-02
1.215480E-02
1.233995E-02
1.251611E-02
1.268288E-02
1.284033E-02
1.298813E-02
1.312636E-02
1.325474E-02
1.337333E-02
1.348194E-02
1.358068E-02
1.366929E-02
1.374778E-02
1.381609E-02
1.387422E-02
1.392213E-02
1.395980E-02
1.398721E-02
1.400435E-02
1.401118E-02
1.400771E-02
1.399392E-02
1.396980E-02
1.393534E-02
1.389054E-02
1.383542E-02
1.376996E-02
1.369417E-02
1.360808E-02
1.351170E-02
1.340504E-02
1.328814E-02
