2.289778E-02
2.315040E-02
2.387806E-02
2.293263E-02
2.065375E-02
1.918646E-02
1.640710E-02
1.477081E-02
1.489159E-02
1.612787E-02
1.807365E-02
1.773216E-02
1.516050E-02
1.500170E-02
1.325224E-02
1.388500E-02
1.665823E-02
1.638929E-02
1.501107E-02
1.386790E-02
1.365949E-02
1.997236E-02
2.913961E-02
3.182515E-02
3.428157E-02
3.709840E-02
3.889865E-02
3.262999E-02
2.704607E-02
1.846059E-02
1.862291E-02
2.575312E-02
3.205227E-02
3.383001E-02
3.155448E-02
4.292064E-02
3.658386E-02
-3.792177E-03
-4.842656E-02
-6.832783E-02
-6.020754E-02
-4.533881E-02
-5.075983E-02
-5.808102E-02
-4.124956E-02
-1.262277E-02
1.502384E-02
2.722462E-02
1.947830E-02
4.775429E-02
8.746446E-02
1.171867E-01
1.162019E-01
8.544321E-02
7.175516E-02
6.401056E-02
4.525291E-02
1.607381E-02
-1.994963E-02
-4.879341E-02
-2.785627E-02
-5.042432E-02
-7.724291E-02
-9.246226E-02
-7.742860E-02
-6.701476E-02
-6.684910E-02
-7.457542E-02
-5.799438E-02
1.757704E-02
1.110348E-02
-1.931044E-03
1.051066E-02
8.399699E-03
2.983598E-03
2.770916E-02
3.032279E-02
3.837367E-02
4.582745E-02
8.352791E-02
9.165000E-02
3.203549E-02
2.045438E-02
-1.275167E-03
-5.979862E-02
-9.400982E-02
-3.879099E-02
-8.731967E-03
-4.522438E-02
-6.885410E-02
-8.603184E-02
-1.311520E-01
-1.417631E-01
-6.710478E-02
6.129062E-02
1.280102E-01
9.772801E-02
8.167735E-02
4.426829E-02
-7.260263E-03
-1.215201E-02
3.663308E-02
7.406897E-02
9.028614E-02
7.388810E-02
3.495246E-02
7.840956E-03
-1.255458E-02
-1.016712E-02
-8.195547E-03
2.735958E-03
3.432373E-02
6.512122E-02
6.272408E-02
3.116738E-02
6.823315E-03
-1.004499E-02
-1.439624E-03
1.881430E-02
1.703335E-02
1.699775E-02
3.494221E-03
-4.313498E-03
-8.025796E-03
-3.150660E-02
-1.057843E-01
-1.935575E-01
-2.593294E-01
-3.019705E-01
-3.380714E-01
-3.799056E-01
-4.502651E-01
-4.978408E-01
-4.513511E-01
-2.740300E-01
-2.795587E-03
-3.546194E-02
-1.647284E-01
-2.917214E-01
-3.314146E-01
-4.659821E-01
-4.450884E-01
-4.756517E-01
-4.169315E-01
-4.915947E-01
-4.035730E-01
-4.974052E-01
-5.361496E-02
1.440470E+00
1.409501E+00
1.493572E+00
1.283807E+00
5.440129E-01
-1.990226E-01
-4.328846E-01
-2.515363E-01
-2.960795E-01
-3.281993E-01
-3.533792E-01
-3.389639E-01
1.078292E-01
4.194424E-01
2.058198E-01
3.230052E-01
1.637435E-02
-1.292672E-01
-1.746969E-01
-1.821187E-01
-5.689491E-02
3.264595E-02
7.493605E-02
-5.165862E-02
-9.786333E-02
-1.310133E-01
-2.142900E-02
2.152225E-01
1.260164E-01
-5.300009E-02
-2.641248E-02
5.561280E-02
1.122264E-01
1.038464E-01
7.591244E-02
5.278030E-02
2.228145E-03
-7.549927E-02
-1.774460E-01
-2.162694E-01
-1.523577E-01
-9.037598E-03
1.192382E-01
1.888951E-01
2.511832E-01
1.921743E-01
1.436771E-01
1.560868E-01
7.811475E-02
-1.387155E-02
-2.563842E-02
3.649935E-02
7.647404E-02
5.341018E-02
-2.257480E-03
1.494313E-02
8.249653E-02
1.320862E-01
1.048693E-01
-4.198705E-02
-1.718466E-01
-1.857756E-01
3.349739E-02
1.540808E-01
1.070959E-01
6.989635E-02
1.280702E-01
1.773441E-01
2.468685E-01
2.197196E-01
1.821949E-03
-1.329646E-01
-2.311328E-01
-4.589574E-02
2.273821E-01
3.917905E-01
2.738225E-01
6.968534E-02
-3.522591E-02
-1.653563E-01
-2.097360E-01
-1.906498E-01
-1.152900E-01
3.682878E-04
1.033300E-01
1.436670E-01
1.194874E-01
3.239955E-02
-2.097881E-04
-5.493242E-02
-1.373426E-01
-1.826491E-01
-5.166457E-02
5.193427E-02
1.244886E-01
6.504613E-02
-2.032555E-02
6.679014E-02
2.127305E-01
2.972222E-01
1.869952E-01
8.998761E-02
3.104767E-02
-7.336261E-02
-2.057665E-01
-3.185282E-01
-1.987418E-01
2.806285E-01
3.946849E-01
2.926985E-01
1.429109E-01
4.243135E-02
4.925498E-02
3.832775E-02
2.708449E-02
-4.237611E-02
-1.067446E-01
-1.166940E-01
3.183620E-02
1.006424E-01
9.756221E-02
5.308664E-03
-5.396097E-02
-6.697754E-02
-1.031959E-01
-1.502078E-01
-1.645458E-01
-1.245770E-01
-1.096540E-01
3.112989E-02
1.949231E-01
2.510411E-01
1.300771E-01
1.082776E-02
-2.332284E-02
-3.427447E-02
3.228584E-02
3.113254E-02
-7.236849E-02
-8.531996E-02
5.774173E-02
3.300331E-02
-6.586045E-02
-1.418884E-01
-2.113291E-01
-2.379909E-01
-2.775669E-02
1.601457E-01
1.328129E-01
8.613690E-02
-7.980154E-02
-2.550872E-01
-3.396011E-01
-2.769185E-01
-5.954595E-02
3.706075E-02
-3.242001E-03
-5.828881E-02
-9.955541E-02
-4.378939E-02
-2.673028E-02
3.144198E-02
2.897423E-02
-4.129085E-02
-1.125769E-01
-1.108289E-01
-8.051082E-02
-1.162244E-01
-1.580896E-01
-9.655840E-02
1.200689E-01
2.685051E-01
3.072290E-01
6.905466E-02
-1.267428E-01
-1.742915E-01
-1.520682E-01
-1.725808E-01
-1.604727E-01
1.528305E-03
2.441552E-01
3.092970E-01
5.077408E-03
-1.845279E-01
-2.708287E-01
-2.269642E-01
-1.200689E-01
6.282656E-02
2.956143E-01
4.139314E-01
2.212658E-01
3.349080E-04
-4.105155E-02
-8.767474E-02
-1.142529E-01
-1.506202E-01
-7.644902E-02
1.072915E-01
3.014788E-01
3.199954E-01
1.118885E-01
-5.499220E-02
-1.136041E-01
-1.931082E-02
8.896856E-02
3.505461E-02
-5.132601E-02
-1.196547E-01
-1.148935E-01
-1.072629E-01
-1.623932E-01
-2.248226E-01
-2.090997E-01
1.647420E-01
3.328752E-01
4.426112E-01
2.528721E-01
-1.209027E-01
-3.032327E-01
-4.051094E-01
-3.861376E-01
-2.036456E-01
1.898201E-01
2.878344E-01
1.955738E-01
-2.634414E-02
-1.281368E-01
-6.650223E-02
1.043681E-01
2.212631E-01
1.144596E-01
-1.342826E-02
-3.538016E-02
-5.122033E-02
-2.086992E-02
-6.179692E-03
-1.759648E-02
-1.576667E-02
-1.400633E-02
3.945258E-02
1.320059E-01
1.782665E-01
8.184821E-02
-5.152067E-02
-1.364744E-01
-1.599793E-01
-6.695246E-02
2.549287E-02
7.135976E-02
9.156433E-02
8.093213E-02
7.196545E-02
3.777709E-02
3.191816E-03
-1.698713E-02
-4.769770E-02
-2.551020E-02
3.028820E-02
4.262527E-02
2.345338E-02
-4.685474E-03
1.354268E-02
1.939606E-02
-3.073545E-02
-7.983793E-02
-1.186141E-01
-1.589500E-01
-1.893287E-01
-2.065486E-01
-1.759103E-01
-8.351115E-02
-1.830226E-02
1.657576E-02
5.849365E-02
7.492160E-02
6.657258E-02
1.997647E-02
-2.418914E-02
-1.365537E-02
4.939307E-03
8.668348E-03
3.785373E-03
5.696461E-03
2.945991E-03
2.404399E-02
7.302249E-02
8.914259E-02
3.585251E-02
-1.825269E-02
-2.632647E-02
-2.908417E-02
-5.088747E-02
-7.705959E-02
-9.713737E-02
-7.685800E-02
-4.898079E-02
-5.792371E-02
-6.449836E-02
-4.002436E-02
3.103797E-02
1.062964E-01
1.129842E-01
4.405204E-02
4.381514E-03
-1.070922E-02
-4.607365E-02
-4.956527E-02
7.458528E-03
2.804980E-02
1.585709E-02
3.475076E-02
4.122270E-02
2.022588E-02
1.704422E-02
2.241918E-02
3.124973E-02
8.624340E-03
-3.398097E-02
1.155379E-02
6.866233E-02
7.105587E-02
6.416419E-02
2.712931E-02
1.030701E-03
-7.193588E-03
3.674321E-03
2.202275E-02
1.105723E-02
7.774196E-03
2.517966E-02
4.782062E-02
3.768575E-02
2.191422E-02
1.741045E-02
1.341449E-02
1.682256E-02
2.804569E-02
3.226739E-02
8.489928E-03
-9.962271E-03
-2.088703E-02
-4.126091E-03
3.577441E-02
5.694756E-02
6.284400E-02
3.367269E-02
1.120671E-02
1.327258E-02
1.633892E-02
8.885845E-03
2.533192E-03
2.232910E-02
4.916082E-02
6.412672E-02
4.948085E-02
2.281209E-02
9.299123E-03
-3.685896E-04
-1.104830E-02
-3.689453E-03
1.012380E-02
5.117895E-03
-1.653776E-03
-7.916622E-03
2.220968E-03
2.394968E-02
3.670429E-02
2.364765E-02
-8.759553E-03
-2.759581E-02
-3.557023E-02
-3.950968E-02
-2.244339E-02
-5.296677E-03
-5.063744E-03
-1.713011E-02
-3.514629E-02
-4.397036E-02
-4.556279E-02
-3.988784E-02
-2.813997E-02
-1.669824E-02
-1.594319E-02
-1.975584E-02
-2.405822E-02
-3.413190E-02
-3.714222E-02
-2.691614E-02
-1.906680E-02
-1.506504E-02
-1.292185E-02
-1.252298E-02
-1.811065E-02
-2.026716E-02
-1.566733E-02
-1.774862E-02
-2.589089E-02
-2.373537E-02
-1.043343E-02
-5.111067E-03
-1.056819E-02
-1.632023E-02
-1.098602E-02
-7.537916E-03
-1.841788E-02
-3.096974E-02
-2.777191E-02
-4.243567E-03
9.675234E-03
9.108892E-03
4.228849E-03
2.840145E-03
6.811419E-03
9.730954E-03
9.099749E-03
2.467766E-03
-6.618455E-03
-1.707873E-02
-2.647220E-02
-2.639203E-02
-7.125779E-03
1.310733E-02
1.973759E-02
1.754781E-02
9.969254E-03
3.796147E-03
2.803512E-03
1.356867E-03
9.651113E-03
2.243733E-02
2.430740E-02
2.465553E-02
2.229340E-02
1.881224E-02
1.562882E-02
1.418133E-02
2.043167E-02
2.288445E-02
1.695274E-02
1.475617E-02
1.895183E-02
2.042197E-02
1.458879E-02
5.487451E-03
5.572131E-03
1.434915E-02
1.709381E-02
1.726286E-02
1.737267E-02
1.451418E-02
2.458874E-04
-1.482116E-02
-1.856324E-02
-8.000917E-03
2.510122E-04
-3.244484E-03
-1.013259E-02
-5.001093E-03
1.927674E-02
2.824326E-02
2.322958E-02
2.007325E-02
1.561021E-02
4.738435E-03
-6.993280E-03
-1.396882E-02
-1.571896E-02
-7.356911E-03
1.796971E-02
3.044731E-02
1.855296E-02
6.102639E-03
5.967724E-03
1.491890E-02
1.947789E-02
7.263918E-03
-1.227066E-02
-1.846471E-02
-1.199758E-02
-2.370555E-03
2.178847E-03
-5.117748E-04
-1.081472E-02
-1.804650E-02
-1.805573E-02
-1.851077E-02
-2.378943E-02
-9.777920E-03
7.383291E-03
6.001868E-03
5.368049E-03
1.308593E-02
7.317325E-03
-1.234272E-02
-1.614182E-02
-1.020302E-02
-9.265341E-03
-1.319515E-02
-1.504318E-02
-2.226056E-02
-2.998797E-02
-4.151901E-02
-2.192684E-02
5.996652E-03
9.263637E-03
1.316705E-02
6.105434E-03
-1.762405E-02
-3.953390E-02
-4.231776E-02
-3.558404E-02
-1.009358E-02
2.460176E-03
8.093804E-04
2.040049E-03
-3.260378E-03
-7.516357E-03
-1.650212E-02
-2.724332E-02
-2.236223E-02
-8.545982E-03
-3.642394E-04
2.161574E-03
6.675390E-04
-1.827143E-03
1.073948E-03
6.158834E-03
7.389115E-03
1.419061E-02
2.559841E-02
2.789554E-02
9.155864E-04
-2.856134E-02
-1.228110E-02
2.188789E-02
2.817211E-02
1.930420E-02
1.211213E-02
9.707940E-03
6.748845E-03
-1.420422E-03
-1.078209E-02
-1.691648E-02
-3.501564E-03
1.940852E-02
2.082821E-02
8.158634E-03
-1.007251E-03
-3.913443E-04
3.228454E-03
1.433067E-03
-3.793605E-03
4.851716E-03
2.236390E-02
2.132533E-02
-1.468820E-03
-1.416701E-02
-8.388921E-03
2.329028E-03
2.387428E-02
2.902303E-02
2.401768E-02
2.493853E-02
1.838075E-02
9.567754E-03
2.328620E-03
7.892532E-03
1.785265E-02
4.835236E-03
-1.139211E-02
-2.823246E-02
-1.922296E-02
1.108927E-02
1.034556E-02
-1.818091E-02
-3.890434E-02
-4.350872E-02
-3.677782E-02
1.471093E-03
4.627352E-02
4.722923E-02
-6.516328E-04
-4.421073E-02
-3.269186E-02
1.877227E-02
5.624712E-02
4.717429E-02
-7.150815E-03
-5.012228E-02
-2.868889E-02
-3.401915E-03
-2.685970E-02
-4.918627E-02
-1.992633E-02
3.647992E-02
3.746040E-02
-3.789110E-03
-1.623482E-02
1.035693E-02
2.456387E-02
5.239361E-03
-6.531001E-03
1.386538E-02
1.291830E-02
-1.488331E-02
-2.553869E-02
-1.194354E-02
2.073249E-04
-3.917784E-04
9.572271E-03
1.971587E-02
2.696067E-02
3.714107E-02
2.147674E-02
-7.524059E-03
-3.061188E-02
-4.100882E-02
-3.577014E-02
-2.360766E-02
5.789791E-03
2.190382E-02
5.845059E-03
-6.802787E-03
-8.672112E-04
5.023808E-02
7.285381E-02
8.384005E-03
-5.749233E-02
-6.168412E-02
-2.103667E-02
-4.384674E-03
-8.205053E-03
-1.459782E-02
-5.883334E-03
2.273242E-02
4.814644E-02
3.435580E-02
-1.456599E-03
-3.718837E-02
-5.553827E-02
-3.982421E-02
-9.940256E-03
2.125751E-02
2.899839E-02
1.640969E-02
7.873505E-03
2.395405E-02
3.233671E-02
1.030812E-02
-2.144611E-02
-3.627238E-02
-3.898609E-02
-1.449023E-02
9.658890E-03
7.850087E-03
4.559274E-03
3.057595E-03
1.641840E-02
2.118269E-02
3.122043E-02
4.945190E-02
6.383191E-02
7.641677E-02
7.419332E-02
4.588752E-02
2.361303E-02
1.041559E-02
-2.604698E-02
-6.458213E-02
-5.970296E-02
-1.674817E-02
-1.596417E-02
-5.493973E-02
-5.858956E-02
-1.218895E-02
2.555906E-02
6.511355E-02
8.712614E-02
4.659341E-02
-1.826660E-04
-3.044794E-02
-5.563357E-02
-4.972952E-02
-4.102539E-03
2.612659E-02
2.147688E-02
5.858155E-03
-1.150674E-02
-3.495486E-02
-4.631591E-02
-1.020917E-02
7.468425E-02
7.100705E-02
-2.995973E-02
-5.536586E-02
9.097211E-03
3.009000E-02
-9.181822E-03
-6.068133E-02
-1.036363E-01
-1.105595E-01
-6.613197E-02
-6.890838E-03
2.662290E-02
4.959908E-02
3.746489E-02
1.501449E-02
-3.004961E-03
-1.442801E-02
-1.189740E-02
-5.481530E-03
2.118621E-03
-1.785742E-03
-2.133582E-02
-2.918540E-02
-4.676878E-02
-2.282790E-02
3.999035E-02
6.302051E-02
4.811795E-02
-1.968479E-02
-8.536996E-02
-5.620932E-02
2.523352E-02
2.253254E-02
-8.253047E-03
-1.506551E-02
-1.833646E-02
-1.568319E-02
2.164709E-02
6.273919E-02
8.772964E-02
6.002391E-02
-1.249546E-02
-4.440244E-02
-2.282464E-02
2.203065E-02
1.811981E-02
-1.145213E-02
-1.960808E-02
8.990586E-04
5.432042E-03
1.506000E-02
4.848359E-02
6.724272E-02
5.716650E-02
1.884350E-02
-3.265783E-02
-7.040441E-02
-6.346268E-02
-4.287123E-02
-3.782860E-02
-3.412211E-02
-3.140759E-03
4.510723E-02
7.960058E-02
8.453745E-02
7.131022E-02
6.376548E-02
3.848810E-02
7.497779E-03
-2.047532E-02
-4.742123E-02
-5.296033E-02
-3.349202E-02
4.146630E-03
3.680774E-02
2.344244E-02
-1.844562E-03
-1.074520E-02
-9.173436E-03
1.346037E-02
2.206822E-02
2.253653E-02
2.422380E-02
3.757993E-02
5.692352E-02
4.532343E-02
8.972088E-03
-2.575433E-02
-4.387408E-02
-4.612154E-02
-2.584735E-02
-6.766494E-03
-1.321618E-02
-3.235053E-02
-4.457840E-02
-4.320961E-02
-2.029939E-02
-4.840204E-03
-1.504620E-02
-3.148638E-02
-3.491437E-02
-1.855736E-02
-1.736667E-02
-4.281935E-02
-7.531712E-02
-3.109451E-02
6.968715E-02
1.049604E-01
4.682209E-02
1.831586E-02
7.416980E-02
1.298025E-01
9.445117E-02
-8.743334E-03
-8.047792E-02
-9.816471E-02
-6.089995E-02
3.412196E-03
6.233777E-02
5.679327E-02
-8.710850E-03
-5.392815E-02
-7.899121E-02
-9.104618E-02
-2.983142E-02
1.037095E-01
1.271425E-01
3.729281E-03
-7.465604E-02
-2.057290E-02
5.826773E-02
8.042293E-02
6.594791E-02
1.880032E-02
-3.181014E-02
-8.668007E-02
-1.415918E-01
-1.538960E-01
-5.070049E-02
1.300640E-01
2.532853E-01
1.956636E-01
2.967010E-02
-5.468056E-02
-3.294303E-02
-2.045889E-02
-5.140223E-02
-1.142318E-01
-4.905840E-02
1.147286E-01
7.345995E-02
-6.564911E-02
-1.331062E-01
-7.745333E-02
4.624886E-02
7.113044E-02
-2.476819E-02
-9.909074E-02
-7.625109E-02
5.357910E-03
5.328349E-02
2.970914E-02
-1.159177E-02
-4.345255E-02
-4.150335E-02
4.849568E-04
2.844829E-02
1.899907E-02
-1.097150E-02
-2.489643E-02
-2.425573E-02
-2.095077E-02
-5.703616E-03
3.197117E-03
-5.670525E-03
-1.213400E-02
-1.554766E-02
-8.188057E-03
1.135445E-02
1.590298E-02
1.091656E-02
2.130735E-04
-1.287720E-02
-2.493317E-02
-2.873835E-02
-1.510763E-02
4.932789E-03
1.880528E-02
3.268289E-02
3.869224E-02
3.020842E-02
8.235114E-03
-1.664620E-02
-3.360720E-02
-2.750599E-02
4.599603E-04
1.122260E-02
1.011652E-02
9.365419E-03
7.595345E-03
3.942360E-03
-3.709018E-03
-1.735668E-03
1.452687E-02
1.442351E-02
-8.576798E-03
-2.175960E-02
-2.365712E-02
-1.861456E-02
-3.248573E-03
4.787697E-03
5.880491E-04
-1.313329E-02
-1.000832E-02
3.657331E-03
5.091147E-03
2.385800E-03
-3.155147E-03
-1.246500E-02
-2.371795E-02
-2.880602E-02
-2.854319E-02
-2.035801E-02
-7.634854E-03
5.254551E-03
1.169041E-02
1.055990E-02
7.737208E-03
6.772946E-03
7.800735E-03
5.517593E-03
5.304232E-04
-6.610998E-03
-1.449091E-02
-1.781143E-02
-1.925721E-02
-1.458096E-02
-1.157808E-04
9.049463E-03
1.228645E-02
1.699426E-02
2.251194E-02
2.491759E-02
1.503731E-02
1.913415E-03
-3.445236E-03
-6.029507E-03
-4.057458E-03
1.883261E-05
4.294002E-03
9.154631E-03
1.237405E-02
1.639518E-02
2.012864E-02
1.368452E-02
-1.018568E-03
-1.186812E-02
-1.774037E-03
2.040702E-02
2.149241E-02
2.706136E-03
-8.271047E-03
-6.800180E-03
-8.535200E-03
-1.283861E-02
-4.328809E-03
1.016530E-02
1.605160E-02
1.283131E-02
7.425122E-03
5.648064E-03
6.935053E-03
8.210790E-03
4.700651E-03
1.120098E-03
-7.050490E-03
-1.420724E-02
-8.091777E-03
4.096725E-03
1.104137E-02
1.078886E-02
8.704383E-03
1.744273E-03
-7.974977E-03
-1.604595E-02
-1.818056E-02
-1.183085E-02
-6.413466E-03
-2.309883E-03
5.224938E-03
9.063237E-03
9.480410E-03
1.121233E-02
1.255658E-02
1.006969E-02
-3.838197E-03
-2.024206E-02
-3.107679E-02
-3.469505E-02
-1.813980E-02
-2.059919E-03
3.799513E-03
3.073776E-03
1.111311E-04
5.313536E-03
8.777811E-03
8.170196E-03
5.709190E-03
3.251192E-03
1.432344E-02
2.222548E-02
8.822727E-03
-2.745099E-03
-5.953060E-03
1.991607E-03
9.686319E-03
1.709232E-02
1.843844E-02
8.236066E-03
-1.645061E-03
-9.772864E-03
-1.232336E-02
-7.412622E-03
4.360624E-03
1.010969E-02
8.655465E-03
8.404778E-03
5.054253E-03
8.485650E-03
1.759023E-02
1.535439E-02
5.656165E-03
2.115625E-03
3.936841E-04
-4.837564E-04
3.012502E-03
9.517699E-03
1.881764E-02
2.169865E-02
1.510176E-02
5.289777E-03
-1.198094E-03
-6.439459E-04
5.537591E-04
-3.516898E-03
-2.877258E-03
1.704618E-03
6.661791E-03
4.446261E-03
2.282688E-03
1.691890E-03
2.793209E-03
7.496083E-03
6.525654E-03
1.839301E-03
-6.928773E-04
1.423020E-03
-2.468947E-03
-7.719619E-03
7.292641E-04
6.765782E-03
2.486976E-03
2.369704E-03
8.111075E-04
4.835856E-04
2.346959E-03
-3.501536E-04
-2.057930E-03
-7.547333E-04
-9.948616E-04
-2.769134E-03
-1.845573E-03
3.274243E-04
1.111116E-03
9.991823E-04
-8.386563E-04
-9.354193E-04
-5.311147E-03
-5.737501E-03
-3.214079E-03
-2.328841E-03
-4.909887E-04
-6.615801E-04
-3.928955E-03
-2.864454E-03
5.285921E-03
3.776834E-03
-4.597967E-04
-3.413331E-03
-3.477268E-03
-1.832769E-03
6.317483E-04
4.763902E-03
6.017554E-03
4.011224E-03
2.922832E-03
5.525760E-03
3.544745E-03
-4.283905E-04
3.811938E-04
2.347398E-03
-9.618982E-04
-3.453214E-03
-3.918869E-03
-2.178323E-03
2.551784E-03
-1.144387E-03
-4.799815E-03
-6.241900E-03
-1.232606E-02
-1.566546E-02
-9.650497E-03
-1.296726E-03
2.198728E-03
-2.271051E-03
-8.988969E-03
-7.100172E-03
-3.176532E-03
5.827675E-03
3.199750E-03
-7.230204E-03
-4.048312E-03
9.368919E-04
1.750246E-03
5.624571E-03
6.406208E-03
1.868497E-03
-4.378780E-03
-1.706434E-02
-1.349319E-02
7.799235E-05
-1.446865E-03
-6.007287E-03
-3.742931E-03
-1.406197E-03
-1.750064E-03
-1.874670E-03
-9.191376E-04
4.044958E-03
4.398615E-03
8.323749E-04
9.544190E-04
4.929881E-04
-9.629767E-04
2.698435E-05
-1.882946E-03
-4.157049E-03
-9.701007E-04
2.111757E-03
3.832906E-03
3.717008E-03
3.284884E-03
3.353553E-03
4.872640E-03
7.465762E-03
8.321803E-03
2.888503E-03
-5.772375E-04
2.509484E-03
2.306687E-03
3.504937E-04
1.652166E-03
5.853683E-03
8.501728E-03
9.003682E-03
9.625986E-03
9.464922E-03
8.132887E-03
5.444249E-03
5.024244E-04
-4.925943E-03
-5.237993E-03
-3.823184E-03
-7.753539E-04
-9.333819E-04
-2.676487E-03
-2.566246E-03
-2.473339E-03
-5.115044E-03
-1.023228E-02
-1.140517E-02
-9.360956E-03
-3.954815E-03
-1.620896E-03
6.464819E-03
1.866829E-02
1.457933E-02
3.850187E-03
-4.100451E-03
-1.550274E-02
-2.341253E-02
-1.938319E-02
-1.977653E-02
-1.191192E-02
-8.669156E-04
2.938165E-03
8.643544E-03
2.791342E-03
6.106943E-03
-1.440411E-03
-1.750574E-02
-2.531616E-02
-3.043475E-02
-1.303271E-02
1.957090E-03
-1.963859E-03
-1.366735E-02
-1.645903E-02
-9.166941E-03
-2.491883E-03
-8.284057E-03
-4.833926E-03
5.377022E-03
7.943253E-03
5.603354E-03
1.905847E-03
-1.136821E-03
-7.996546E-03
-1.661464E-02
-1.362473E-02
-4.696190E-03
-7.510771E-03
-7.034577E-03
3.242207E-03
6.939004E-03
-7.616111E-03
-2.069376E-02
-9.474109E-03
8.378039E-03
2.137605E-02
1.644107E-02
-5.743704E-03
-1.621042E-02
-9.163409E-03
-2.098484E-03
-3.009964E-03
8.667985E-03
2.390091E-02
1.623007E-02
2.492512E-03
-1.074508E-02
-2.320762E-02
-2.102095E-02
-1.027008E-03
2.099465E-02
2.360030E-02
1.243866E-02
4.132936E-04
-4.784884E-04
5.774840E-03
6.007793E-03
4.332628E-03
-1.471621E-03
-3.091414E-03
3.328328E-03
9.766232E-03
9.464067E-03
5.399655E-03
6.777177E-03
9.202106E-03
4.642828E-03
-1.663393E-04
1.555577E-03
4.422470E-03
7.168376E-03
9.482124E-03
1.021769E-02
5.126362E-03
1.148916E-03
3.307575E-03
5.569986E-03
5.451807E-03
5.495534E-04
-1.319883E-03
1.798729E-03
4.461000E-03
6.643714E-03
6.898979E-03
5.481452E-03
2.878512E-03
8.795361E-04
-4.894605E-05
5.316261E-04
1.844190E-03
3.404124E-03
4.165881E-03
3.373875E-03
1.915061E-03
1.741617E-04
-9.223955E-04
-1.001857E-04
1.806842E-03
3.017052E-03
2.603147E-03
1.417854E-03
3.625941E-04
-6.008334E-04
-8.279740E-04
-8.734260E-04
-5.390050E-04
-4.528629E-04
-2.192759E-04
1.784729E-04
9.264914E-04
5.930053E-04
-4.640760E-04
-4.563739E-04
-1.153269E-03
-2.343037E-03
-2.376026E-03
-1.607286E-03
-1.403920E-03
-1.525951E-03
-1.254887E-03
-1.063388E-03
-1.088892E-03
-1.137079E-03
-1.290617E-03
-1.572582E-03
-1.692076E-03
-1.554706E-03
-1.453521E-03
-1.506460E-03
-1.514668E-03
-1.419818E-03
-1.425124E-03
-1.371254E-03
-1.311874E-03
-1.297847E-03
-1.276260E-03
-1.233809E-03
-1.229561E-03
-1.187316E-03
-1.058656E-03
-9.458956E-04
-8.586479E-04
-7.847350E-04
-6.982178E-04
-6.221841E-04
-5.599299E-04
-4.890218E-04
-4.229413E-04
-3.554485E-04
-2.827942E-04
-2.129019E-04
-1.522550E-04
-9.628518E-05
-4.484209E-05
5.665650E-08
4.008905E-05
7.525802E-05
1.047625E-04
1.279528E-04
1.443204E-04
1.535094E-04
1.553784E-04
1.497550E-04
1.364551E-04
1.153355E-04
8.627810E-05
