-2.3024e-05
-2.3027e-05
-2.3021e-05
-2.301e-05
-2.3014e-05
-2.2984e-05
-2.2938e-05
-2.2937e-05
-2.2943e-05
-2.2951e-05
-2.2996e-05
-2.2857e-05
-2.2744e-05
-2.273e-05
-2.2605e-05
-2.2921e-05
-2.3175e-05
-2.3192e-05
-2.3369e-05
-2.3172e-05
-2.2717e-05
-2.2603e-05
-2.3002e-05
-2.2869e-05
-2.2673e-05
-2.2675e-05
-2.167e-05
-2.1748e-05
-2.2238e-05
-2.1852e-05
-2.2925e-05
-2.2017e-05
-1.9944e-05
-2.1872e-05
-2.2691e-05
-2.1452e-05
-2.128e-05
-2.1006e-05
-2.0947e-05
-2.1174e-05
-2.2656e-05
-2.3242e-05
-2.4195e-05
-2.4643e-05
-2.053e-05
-2.0464e-05
-2.2024e-05
-2.208e-05
-2.5183e-05
-2.5199e-05
-2.3075e-05
-1.9777e-05
-2.0091e-05
-2.4805e-05
-2.3273e-05
-2.105e-05
-1.8043e-05
-1.695e-05
-2.0213e-05
-1.493e-05
-1.4675e-05
-2.1987e-05
-2.0351e-05
-1.9353e-05
-2.1785e-05
-1.7423e-05
-1.4372e-05
-1.8747e-05
-1.6554e-05
-1.3087e-05
-2.0014e-05
-2.4526e-05
-2.2023e-05
-2.3693e-05
-2.7659e-05
-2.737e-05
-2.7221e-05
-1.9845e-05
-1.4827e-05
-1.7114e-05
-1.3592e-05
-2.0698e-05
-2.1945e-05
-1.7788e-05
-2.5873e-05
-2.044e-05
-2.0429e-05
-2.5972e-05
-1.2767e-05
-3.9743e-06
-1.049e-05
-1.6376e-05
-1.9391e-05
-3.551e-05
-2.3547e-05
9.6205e-06
-2.1992e-06
-7.1322e-06
-7.2599e-07
-2.7236e-05
-2.6887e-05
-8.2781e-06
-2.7215e-05
-5.0641e-05
-4.2834e-05
-2.9782e-05
-1.9571e-05
2.508e-05
5.2816e-05
1.2014e-05
-3.5381e-05
-6.5763e-05
-6.0002e-05
-1.672e-05
-3.0729e-06
1.9941e-06
4.4512e-06
3.6043e-06
2.8114e-05
-6.4597e-06
-5.1949e-05
-4.2466e-05
-7.3547e-05
-6.5234e-05
-1.8218e-07
1.9407e-05
3.9156e-05
9.9094e-06
-6.365e-05
-5.8286e-05
-1.5874e-05
2.8544e-05
5.9913e-05
3.1769e-05
-8.689e-06
-4.699e-05
-6.8089e-05
-5.2412e-05
-5.3387e-05
-2.8342e-05
2.2587e-05
6.237e-05
0.0001027
3.4501e-05
-4.0639e-05
-2.5388e-05
-9.0177e-05
-0.00013608
-8.8261e-05
-4.9194e-05
5.0502e-05
0.00017595
0.00016701
1.1479e-05
-0.00016361
-0.0002482
-0.00017459
2.2252e-05
0.00015219
0.00018211
0.00013819
-5.9881e-05
-0.0002235
-0.00017622
-6.1748e-05
5.2618e-05
0.00010744
9.5586e-05
0.00012921
9.0738e-05
-5.7987e-05
-0.00015169
-0.0001334
-7.1618e-05
2.3478e-06
0.00011324
0.00012482
4.1358e-05
-7.5448e-06
-9.8394e-05
-0.00016033
-0.0001176
-2.5571e-05
0.00010059
0.00012224
4.0078e-05
-4.5876e-05
-0.0001036
-4.1657e-05
7.2762e-05
0.0001062
-1.5266e-05
-0.0001581
-0.00013294
-2.5242e-05
9.9173e-05
0.00012762
6.2092e-05
5.0239e-06
-6.6814e-05
-7.5559e-06
4.7074e-05
-4.5313e-05
-7.047e-05
-5.7808e-05
8.0666e-06
0.00010177
4.8332e-05
-8.5544e-06
-2.0101e-05
-2.9329e-05
2.6063e-05
-8.245e-06
-0.00012201
-0.00012799
-6.6433e-05
7.5142e-05
0.00019684
0.00012971
1.7502e-05
-9.7521e-05
-0.0001522
-9.4568e-05
-6.6307e-05
6.2173e-05
0.00019418
0.00014332
7.1234e-05
-7.5843e-05
-0.00017858
-0.00013285
-9.0136e-05
3.6375e-05
0.00012317
7.9666e-05
2.1034e-05
-6.0702e-05
-9.5487e-05
-7.1733e-05
3.2738e-05
0.00010729
4.8649e-05
5.4454e-06
-5.4887e-05
-3.5217e-05
4.0151e-05
1.3302e-05
7.6286e-05
6.1392e-05
-4.356e-05
-4.6722e-05
-0.00015025
-0.00010597
9.5397e-05
8.3883e-05
6.8509e-05
5.1474e-05
-6.2528e-05
-9.7009e-05
-8.8167e-05
-7.8469e-05
1.0236e-05
0.00013776
0.00012474
7.4189e-05
7.1654e-05
-6.1989e-05
-0.00013814
-8.8874e-05
-7.229e-05
-3.7931e-05
-1.2026e-05
8.1606e-05
0.00022915
0.00018032
-1.6162e-05
-0.00019977
-0.00027611
-0.00013005
6.6249e-05
0.00013577
0.00017815
0.00012829
5.9821e-06
-3.725e-05
-0.00011069
-0.00010405
5.9772e-06
-4.5248e-05
-5.3272e-05
5.7698e-05
2.8026e-05
-1.1348e-05
3.0743e-05
1.0039e-05
-1.8973e-05
-1.3488e-05
-2.3506e-05
1.9701e-05
5.6462e-05
-1.0261e-05
-4.2605e-05
2.6335e-05
6.4636e-05
4.9647e-05
8.5382e-05
5.8348e-05
-5.1799e-05
-0.00010091
-0.00013819
-5.7267e-05
0.00011927
0.00016273
0.00011063
-7.8506e-06
-0.00011554
-0.0001244
-9.365e-05
-3.6029e-05
4.349e-05
9.4586e-05
5.5283e-05
1.8496e-05
6.7367e-06
-8.8419e-05
-7.4412e-05
2.4808e-05
1.5227e-05
6.406e-05
8.8578e-05
2.5594e-06
-3.1957e-05
-4.3392e-05
3.339e-06
4.2041e-05
2.6636e-05
6.2585e-05
-9.3441e-07
-9.1155e-05
-3.2127e-05
6.0764e-05
9.0033e-05
2.6731e-05
-4.2445e-05
-8.4461e-05
-0.00011616
-5.4571e-05
3.1699e-05
6.0027e-05
6.1709e-05
4.4812e-05
-6.779e-07
-3.4083e-05
1.1962e-05
1.2971e-05
-3.8857e-05
1.7911e-05
3.8029e-05
-1.7325e-05
2.0369e-05
1.725e-05
-3.6131e-05
3.418e-06
-1.7164e-05
-6.8464e-05
7.6895e-06
5.5804e-05
9.3746e-06
-1.2993e-05
-2.5909e-05
-5.1034e-06
7.2359e-05
5.0782e-05
6.2906e-06
1.5911e-05
-5.2188e-05
-5.3651e-05
2.0524e-05
1.492e-05
5.104e-05
6.4588e-05
-6.3796e-06
2.0818e-05
2.645e-05
-5.1021e-05
-3.9795e-05
-3.8181e-05
-3.9197e-05
2.3496e-05
2.5993e-05
-1.9532e-05
-2.821e-05
1.8977e-05
2.2764e-05
-1.9613e-05
-2.9042e-05
-3.9143e-05
-8.9793e-07
3.6718e-05
2.1914e-05
3.0564e-05
5.5194e-05
2.036e-05
-2.374e-05
3.085e-05
-1.1523e-05
-5.6686e-05
1.5284e-05
-4.6706e-05
-5.9297e-07
0.00011696
4.7963e-05
2.8457e-05
-6.6704e-06
-7.4015e-05
-6.3232e-05
-1.4139e-05
1.0722e-05
-5.7228e-05
6.8618e-07
3.0936e-05
-4.1013e-05
3.5857e-05
-3.7407e-06
-1.2913e-05
7.0579e-05
-1.395e-06
2.5549e-05
1.2301e-05
-4.3257e-05
1.764e-05
-1.7512e-06
2.0251e-05
3.654e-05
4.0426e-06
2.5311e-05
-3.8083e-05
-3.1319e-05
1.4392e-05
-3.2392e-05
4.8091e-05
3.0858e-05
-7.1813e-05
1.1301e-05
6.3606e-06
-2.0377e-06
4.6684e-05
-2.0221e-05
-3.5189e-05
-4.5636e-05
-3.4671e-05
3.808e-05
4.3976e-05
5.0489e-05
2.4157e-05
-1.9052e-05
9.6789e-06
2.8096e-05
2.1343e-05
1.6185e-05
-6.27e-06
-2.1184e-05
-2.2822e-05
-4.3689e-05
-1.8152e-05
1.8781e-05
2.0625e-05
5.8663e-05
5.0542e-05
2.5924e-05
3.5694e-05
1.0771e-05
-1.0928e-05
-2.227e-05
-1.9025e-07
2.9909e-05
-3.7453e-06
-3.6038e-05
-3.1549e-05
-3.0862e-05
-3.6985e-05
-4.3388e-05
-8.0737e-06
7.9957e-05
9.8156e-05
4.8969e-05
-5.2985e-06
-4.7742e-05
-2.4336e-05
-1.2211e-05
-1.8016e-05
1.3131e-05
-8.8389e-06
-1.5573e-05
4.0715e-05
1.9798e-05
-2.2239e-05
-4.6372e-06
8.375e-08
1.9904e-05
3.8827e-05
8.8637e-06
1.159e-05
3.8636e-05
2.1476e-05
-2.0021e-05
-2.2851e-05
3.2715e-05
5.7793e-05
2.8053e-05
9.9429e-06
-4.5011e-05
-6.645e-05
-1.5818e-05
1.0221e-05
8.2556e-05
5.2222e-05
-2.5727e-05
4.5159e-05
-4.0974e-06
-6.2233e-05
-1.4774e-05
-5.7077e-05
-3.9183e-05
4.7472e-05
4.0099e-05
-3.1235e-06
-1.0046e-05
-3.398e-05
-3.6524e-05
1.3771e-05
1.0037e-05
8.1299e-08
4.6704e-05
2.7519e-05
-1.4764e-05
5.165e-05
4.4342e-05
-3.7963e-05
1.7353e-06
5.5472e-05
4.4701e-05
-1.9679e-05
-3.4438e-05
1.4843e-05
-2.8559e-06
1.0129e-05
6.696e-06
-5.8898e-05
-5.5602e-05
-1.5365e-05
2.9109e-05
3.1918e-05
2.2604e-05
5.1734e-05
2.6624e-06
-5.0928e-05
6.4339e-06
5.0355e-05
2.7165e-05
-3.7985e-06
-5.3221e-06
-3.5724e-06
1.0867e-05
5.3471e-05
3.3524e-05
-1.4799e-05
-3.1013e-05
-4.684e-05
-4.4218e-05
-3.8255e-06
2.4983e-05
-1.1675e-05
5.8978e-06
6.347e-05
3.9871e-05
1.3444e-05
-3.4372e-05
-6.9337e-05
-2.0365e-05
1.5035e-05
4.6561e-05
7.7304e-05
4.9719e-05
5.7504e-06
-4.2517e-05
-6.6269e-05
-4.6403e-06
4.0286e-05
3.7782e-05
4.7689e-05
3.4178e-05
5.0815e-06
-2.5784e-05
-2.0888e-05
-1.413e-05
-4.0376e-05
-9.3806e-06
3.1967e-05
6.8538e-05
5.1489e-05
-4.115e-05
-4.136e-05
-2.2785e-05
-2.2452e-05
1.498e-05
2.1757e-05
5.647e-05
8.4253e-05
4.315e-05
3.239e-06
-2.5038e-05
-1.4475e-05
2.0868e-06
-3.6103e-05
9.3206e-06
6.9279e-05
-1.4445e-05
-9.9221e-06
1.6241e-05
-4.6394e-05
1.0436e-05
2.6132e-05
-2.6199e-05
-2.181e-05
1.2545e-05
8.4904e-05
5.9181e-05
1.2965e-05
-3.1583e-05
-8.0879e-05
1.3698e-05
1.3873e-05
-4.5688e-05
3.208e-05
5.7261e-05
3.0502e-05
3.9021e-05
3.7834e-06
-6.0106e-05
-4.5916e-05
-1.9421e-05
-2.1488e-05
4.3046e-05
7.2682e-05
1.9118e-05
1.3096e-06
1.7434e-05
1.3576e-05
4.4138e-06
3.9048e-06
-3.3797e-05
-1.4985e-05
6.0396e-05
2.5446e-05
2.5708e-05
3.9603e-05
-5.1157e-05
-2.4079e-05
-1.6572e-05
-6.2407e-05
2.2271e-05
1.4805e-05
2.156e-05
7.7646e-05
-6.4985e-06
-1.0858e-05
-6.9018e-06
-4.7977e-05
2.9591e-07
-2.1524e-06
-1.6943e-05
-1.7331e-05
-4.1481e-05
-1.1153e-05
5.3785e-05
8.2622e-05
5.0415e-05
-8.5589e-07
-7.3205e-05
-3.0045e-05
8.9327e-05
5.2518e-05
5.5102e-05
6.6958e-05
-1.55e-05
-3.4133e-05
-4.3697e-05
-3.4695e-06
5.0667e-05
3.8509e-05
1.0195e-05
-2.9864e-05
-2.4084e-05
-1.0004e-05
1.0671e-05
5.7487e-05
7.1056e-05
3.6499e-05
-1.6193e-05
6.9862e-06
2.3749e-05
-1.4261e-05
-4.6706e-06
-3.3864e-05
-7.2154e-05
-1.9796e-05
1.6807e-05
1.2598e-05
5.2237e-05
7.4124e-05
-3.7467e-05
-9.3453e-05
-8.5841e-06
-1.7605e-05
-1.287e-06
7.1842e-05
5.8408e-06
7.8792e-07
6.3094e-05
2.9779e-05
4.9032e-05
9.8186e-05
5.404e-05
-1.4375e-06
-4.3315e-05
-7.2427e-05
-4.5399e-05
-3.4401e-08
1.8435e-05
-3.685e-06
-1.5939e-05
-8.5953e-06
2.8135e-06
1.964e-05
2.697e-05
5.6108e-05
3.483e-05
3.4929e-05
7.7751e-05
1.9708e-05
-3.8667e-06
-1.1263e-05
-1.6366e-05
3.4667e-05
-5.1215e-06
-3.6547e-05
-2.394e-05
-4.2983e-05
1.4529e-05
6.7856e-05
-1.6059e-05
-4.065e-05
1.4949e-06
-3.6537e-05
-8.5841e-06
3.1009e-05
5.5169e-05
5.9858e-05
-1.7079e-05
-2.0267e-05
-4.5641e-05
4.5143e-07
7.6223e-05
-1.3176e-05
1.8418e-05
3.5451e-05
-2.6953e-05
2.4131e-05
4.3777e-05
5.7063e-05
5.249e-05
-3.0549e-05
-8.8033e-06
7.9243e-05
2.5133e-05
7.2494e-06
5.5369e-05
-3.6494e-06
3.8351e-06
3.9946e-05
5.6536e-07
-1.1034e-05
-8.9172e-06
-2.1443e-05
-3.3936e-05
-3.774e-05
-4.5072e-05
-5.0582e-05
-2.4e-05
3.6302e-05
2.5201e-05
1.0413e-05
6.9003e-05
3.3968e-05
4.5028e-06
4.6567e-06
-2.7333e-05
1.057e-06
2.2792e-05
1.7009e-05
-2.5482e-05
-1.3067e-05
7.7496e-05
6.098e-05
4.7102e-05
7.7721e-05
4.9572e-05
3.6432e-05
-1.2148e-05
-5.0214e-05
1.6697e-05
1.0305e-05
-4.2429e-05
-3.2553e-05
-2.809e-05
-2.5664e-05
-1.4958e-05
-5.1231e-06
-7.0442e-06
3.1143e-05
7.5578e-05
3.4274e-05
1.3828e-05
3.3859e-05
1.048e-05
-4.7447e-05
-3.0263e-05
4.7586e-05
1.887e-05
-1.1134e-05
4.0027e-05
7.2314e-05
6.6688e-05
-4.8578e-07
-4.118e-05
-2.4695e-05
1.145e-05
6.1887e-05
2.2025e-05
1.8339e-05
6.173e-05
-2.8319e-06
-3.5935e-05
-2.4586e-05
-3.4897e-05
-3.0214e-05
-2.5769e-05
-3.1816e-05
-1.0088e-05
2.1449e-05
-1.3919e-05
3.6263e-06
4.5113e-05
3.6509e-06
1.5583e-05
1.7187e-05
1.9993e-05
8.0346e-05
3.9909e-05
2.0896e-05
8.3294e-05
9.2167e-05
6.2492e-05
1.8534e-05
8.3503e-06
3.6387e-06
5.6561e-06
-2.0788e-07
-4.6105e-05
8.9405e-06
-8.7136e-06
-0.00010561
-5.1181e-05
-6.0128e-05
-6.3456e-05
4.8927e-05
3.9725e-05
-7.5152e-06
7.2297e-06
1.0083e-05
2.6425e-05
3.711e-05
3.4231e-05
1.9309e-05
-1.3173e-05
4.988e-05
6.6794e-05
-1.8336e-06
5.4227e-05
3.2575e-05
7.7817e-06
7.2253e-05
-3.5997e-06
1.1422e-05
6.105e-05
-2.81e-05
-6.3831e-05
-4.9194e-05
1.0013e-05
5.4509e-05
3.4073e-05
1.1999e-05
-1.2988e-05
2.9484e-06
-1.3311e-05
-6.2189e-05
-8.5306e-06
3.4448e-05
8.5047e-06
6.7844e-06
7.2934e-06
5.4942e-06
2.3055e-05
3.6766e-05
-2.8827e-06
-2.0151e-05
3.4622e-05
1.2897e-05
5.2723e-06
6.0432e-05
3.2337e-05
1.4361e-05
6.845e-06
-2.0669e-05
1.2576e-05
1.1827e-05
-2.3443e-05
-4.1251e-06
6.801e-06
1.1221e-05
4.1286e-05
3.2433e-05
1.9854e-05
3.6771e-05
2.4902e-05
6.0395e-06
-4.3985e-06
-2.509e-05
-8.6186e-06
1.8912e-05
-8.0563e-06
-2.0511e-05
-1.1441e-05
-2.9046e-05
-2.4682e-05
4.4685e-05
8.1976e-05
1.8176e-05
2.6772e-05
7.5252e-05
4.8606e-05
7.9065e-05
6.5792e-05
-5.8583e-05
-6.0853e-05
-2.2718e-05
-7.5527e-05
-1.6745e-05
3.949e-05
7.6614e-06
3.9818e-05
-7.7679e-08
-8.7794e-06
3.925e-05
-2.6229e-05
-3.3947e-05
2.2733e-05
6.3317e-05
5.7769e-05
2.1472e-05
3.942e-05
2.6138e-05
-4.6895e-06
-2.2976e-05
-2.0982e-05
2.0768e-05
1.8961e-05
2.8544e-05
6.1444e-05
1.4098e-05
-4.4268e-05
4.1652e-06
3.2492e-05
-2.1817e-05
2.7969e-06
2.8318e-05
-3.7398e-06
3.6585e-05
0.00010661
9.2134e-05
4.5266e-05
4.3058e-05
2.1019e-05
-9.8456e-06
-3.6701e-05
-5.5907e-05
2.945e-06
5.8939e-06
-5.6394e-05
-3.5419e-05
-1.8265e-05
-2.2506e-05
2.1903e-05
3.2257e-05
-3.8224e-06
1.0015e-05
4.5325e-05
3.6526e-05
5.9165e-05
8.1244e-05
2.816e-05
3.0035e-05
3.113e-05
-4.0271e-05
-9.0776e-06
4.368e-05
4.2496e-05
4.9998e-05
-9.5834e-06
-1.291e-05
3.5022e-05
4.4454e-06
1.8225e-05
1.4479e-05
-4.8629e-06
-1.7456e-06
-5.1047e-05
-3.011e-05
-8.4409e-06
2.335e-06
3.5604e-05
-3.2652e-06
1.7019e-05
6.3632e-05
4.0714e-05
-1.7429e-05
-3.7358e-05
2.087e-05
6.652e-06
1.2138e-05
8.269e-05
3.0285e-05
3.9591e-06
2.7959e-05
-1.3286e-05
-2.3757e-06
4.4708e-05
7.3419e-05
1.7729e-05
-6.6018e-05
-1.5203e-05
-4.5416e-06
-1.2584e-05
5.5786e-05
2.3992e-05
-4.4415e-05
-6.3563e-05
6.0513e-06
7.0158e-05
9.8312e-06
1.286e-05
3.8708e-05
5.9936e-06
2.2903e-05
4.3879e-05
2.5748e-05
1.0668e-05
2.7961e-05
2.6665e-05
1.8317e-07
8.4761e-06
-4.9222e-06
-2.8856e-05
1.8326e-05
1.9166e-05
-2.1684e-05
5.4798e-05
5.8789e-05
1.5663e-06
4.6029e-05
-3.6558e-05
-5.2742e-05
5.1074e-05
-2.3606e-05
1.0731e-06
7.1411e-05
-1.7088e-05
-3.226e-05
-4.8084e-06
-1.4211e-05
-6.0264e-06
3.1355e-05
3.8447e-05
2.7329e-05
5.0482e-05
3.057e-05
2.6325e-05
3.6849e-05
1.9782e-05
3.0675e-05
1.4263e-05
7.5759e-06
-8.0897e-06
-3.4649e-05
3.3479e-05
4.2915e-05
-2.2645e-05
-2.0077e-05
-3.0798e-06
1.2612e-05
1.8001e-05
-2.0542e-05
-3.0659e-05
1.3548e-05
2.0576e-05
-2.854e-06
6.2461e-06
-4.3033e-06
8.4071e-06
7.4973e-05
6.8847e-05
1.6737e-05
1.8782e-05
3.7569e-05
7.969e-06
-9.992e-06
1.8504e-05
8.5987e-06
-2.8114e-06
1.7867e-05
8.8283e-06
2.6109e-05
4.8903e-05
2.8055e-05
3.3754e-05
1.7804e-05
-1.2352e-05
-3.0338e-05
-2.9263e-05
5.1571e-05
4.7181e-05
-2.0625e-05
-1.2014e-05
-1.2689e-05
1.2169e-05
3.861e-05
1.7659e-05
1.7595e-05
5.3606e-05
5.4364e-05
6.9283e-06
4.5356e-05
3.6044e-05
-3.1651e-05
-4.3338e-06
-1.1887e-05
3.4002e-05
6.021e-05
-1.9848e-05
-2.1921e-05
-3.5021e-05
-2.821e-05
-4.2097e-06
-2.3049e-06
3.844e-05
3.7338e-06
-1.7051e-05
1.4962e-05
3.3979e-05
6.7488e-05
5.1943e-05
2.3644e-05
3.0237e-05
3.0442e-05
-3.637e-06
-1.5164e-05
4.5407e-05
5.4108e-05
1.6064e-05
2.5301e-05
1.9308e-05
1.8912e-05
1.3001e-05
-3.2281e-05
-2.1359e-05
-7.9701e-06
-1.4608e-05
1.3673e-05
3.4391e-05
3.0023e-05
5.236e-06
1.1024e-05
6.0434e-06
-2.366e-06
1.0513e-05
-2.8396e-05
-6.431e-06
4.2446e-06
-3.8385e-06
4.1122e-05
-1.1608e-06
3.1984e-05
7.0169e-05
3.2654e-05
5.8332e-05
2.853e-05
4.4156e-05
2.7851e-05
-6.9044e-06
7.5683e-05
5.1322e-06
-4.1811e-05
2.3124e-05
-7.6962e-06
5.5273e-06
3.1569e-05
-2.6581e-05
-7.6641e-05
-2.7852e-05
4.0707e-05
3.5591e-05
3.6984e-05
2.3195e-05
-5.2783e-06
1.4979e-05
1.5177e-05
4.4453e-06
5.5605e-06
-3.0327e-05
-1.8624e-05
-5.4634e-06
-3.1014e-05
9.327e-06
-4.4855e-07
1.9173e-05
7.5045e-05
3.5021e-05
6.7572e-05
8.3032e-05
5.738e-05
4.3213e-05
-1.4067e-05
-1.7719e-05
-3.0134e-05
-1.4136e-05
2.0891e-05
2.3193e-05
5.0213e-05
5.7414e-05
2.9837e-05
-3.2221e-05
6.0174e-06
4.0136e-05
-2.0948e-05
1.7828e-05
3.5524e-05
2.9487e-05
2.8762e-05
-1.7837e-05
-2.2754e-05
-2.4921e-05
5.5671e-06
1.8504e-05
-2.3386e-06
1.5553e-05
2.0579e-05
2.5576e-05
-7.0135e-06
-2.9321e-05
-2.5212e-06
3.3428e-05
5.4173e-05
2.5295e-05
4.724e-05
2.5378e-05
-1.1326e-05
2.6071e-05
-3.6287e-05
-3.6575e-05
1.4942e-05
4.8345e-06
3.878e-05
3.2711e-05
3.2738e-05
3.3701e-05
-4.3253e-06
-1.6521e-06
1.4774e-05
6.2203e-05
7.1004e-05
4.0467e-05
6.3793e-05
4.2887e-05
2.5252e-06
-9.8142e-06
-4.335e-05
-1.1093e-05
1.1052e-05
-1.7348e-05
2.6895e-05
2.504e-05
1.3368e-05
5.5245e-05
4.2131e-05
1.8348e-05
-1.8637e-05
-2.5217e-05
-1.4949e-05
-1.8344e-05
-5.0392e-06
-6.0617e-05
-5.5332e-05
-5.9216e-06
-8.0533e-06
1.6435e-05
-5.744e-06
1.4056e-05
7.6328e-05
6.4351e-05
6.649e-05
7.242e-05
5.8661e-05
7.3932e-05
8.7697e-05
3.1361e-05
-2.4642e-05
1.7694e-05
4.4126e-05
2.3315e-05
5.1859e-05
5.1766e-05
8.563e-07
-8.7906e-06
-3.8094e-05
-6.9711e-05
-3.0626e-05
-4.2857e-05
-5.4973e-05
-3.0491e-05
-7.4322e-05
-6.4338e-05
-2.2044e-05
3.5702e-06
4.5713e-05
2.9677e-05
9.9714e-05
0.00013687
3.5552e-05
6.0281e-05
8.5555e-05
4.5962e-05
2.6543e-05
-9.9507e-06
-1.1083e-06
-5.7111e-06
9.2804e-07
2.9735e-05
-1.0853e-06
1.3633e-05
2.6968e-05
-1.4921e-05
6.4465e-06
5.4678e-06
-3.8684e-05
1.0728e-05
2.5571e-05
-3.0707e-06
4.8756e-05
6.2804e-05
1.5043e-05
-8.7216e-06
-2.7547e-06
-1.5765e-05
6.7482e-06
4.1076e-05
-2.9094e-05
-2.1876e-05
8.8118e-06
-1.9642e-05
5.3878e-05
4.1446e-05
6.006e-06
5.4388e-05
6.8484e-06
2.6278e-05
6.6217e-05
9.0595e-06
-4.8187e-06
-2.0687e-05
-4.233e-06
4.5434e-06
-1.2931e-05
2.9233e-05
9.3138e-06
9.2799e-06
1.5252e-05
-8.4316e-06
6.8844e-05
4.3179e-05
-3.004e-06
9.7903e-06
-3.9165e-05
5.4971e-06
1.21e-05
-1.668e-05
3.0907e-05
2.9818e-05
3.6193e-05
-1.0645e-06
-1.1777e-05
4.2124e-05
2.8175e-05
5.7767e-05
4.3417e-05
-6.5149e-06
1.7197e-05
-1.3562e-05
6.1426e-06
5.8592e-05
3.7413e-05
1.7237e-05
-1.6423e-05
-4.9212e-05
-7.4491e-05
-6.4417e-05
-4.7742e-05
-3.745e-05
5.0989e-05
6.3295e-05
3.6019e-05
9.3389e-05
5.5624e-05
7.5498e-06
4.4007e-05
2.3318e-05
6.8761e-06
3.7919e-05
7.0762e-05
4.8839e-05
2.4031e-06
5.8042e-05
1.1698e-05
-4.7804e-05
4.8519e-05
-3.032e-05
-7.7156e-05
8.0582e-06
-3.7376e-05
-8.4762e-06
8.3743e-06
-4.7643e-05
-1.7601e-05
-2.4736e-05
-3.938e-05
2.0845e-05
8.3136e-05
3.5826e-05
2.5019e-05
8.3966e-05
1.4505e-05
6.993e-05
9.0462e-05
-7.6209e-05
-2.1813e-06
9.2923e-05
3.5877e-05
1.4414e-05
6.8621e-05
0.00010609
5.2603e-06
-2.192e-05
-6.022e-05
-6.554e-05
8.1552e-05
-4.3904e-05
-4.4998e-05
0.00010407
-1.8424e-05
0.00012987
8.0405e-05
-0.000106
0.00012334
1.264e-05
2.0521e-05
-0.00011773
-0.00036057
0.00027316
0.00021594
-6.4171e-05
1.0991e-05
-0.00036414
0.00014642
0.00039206
-9.9244e-05
-0.00017995
-0.00024323
0.00041969
0.00022218
-0.00057567
0.00023576
0.00019302
-0.00016804
0.00016155
-4.0083e-05
0.00021338
-0.00021048
-0.00024689
0.00062269
-0.00020567
-0.00044692
0.0004209
0.00025212
-0.00047185
-0.00040404
0.00078018
0.00072287
-0.00043957
-0.0004441
0.00013696
0.00054567
0.00017282
-0.00040219
-1.6376e-05
-5.4975e-05
-0.00049426
8.73e-05
0.0004231
-0.00047155
-0.00042353
0.00040482
0.00044658
0.00018614
-0.000528
0.00046457
0.00074831
-0.0015329
2.4671e-05
0.001632
-0.00078395
-0.0011529
0.00027357
0.00027811
-0.00036276
0.00012402
0.0010346
-6.5935e-05
-0.00065444
0.00063134
0.00091479
-0.00025873
-0.00097761
0.00098337
0.0010307
-0.0013885
-0.00072527
0.00031213
0.00073742
-5.4267e-05
-0.00046284
0.0013921
0.00020431
-0.0014536
-0.00021829
0.00087725
-7.0249e-05
-0.0006263
-0.00012964
-5.9789e-05
0.00030705
-0.0004244
0.00060738
0.00064779
-0.00073911
-0.00032456
-0.0013177
0.0012283
0.0020096
-0.00084232
-0.00093578
-0.00014563
0.00092776
-0.00031547
0.00021535
-0.00010325
4.2304e-05
0.0021523
-0.0022917
-0.0013744
0.0015717
-0.00088761
-3.3833e-05
-0.00067536
-0.00019524
0.0012587
-0.0015211
0.00082237
0.0023028
-0.0020931
0.00046782
0.00098012
-0.0024881
0.0025068
0.0012001
-0.002907
0.0010166
-0.00030902
-0.00099912
-0.00085068
0.00066807
0.0038923
-0.0025593
0.00063814
0.0029376
-0.0021864
0.0015414
-0.0019032
8.6068e-05
0.0026816
-0.0015595
0.00037039
-0.0028329
-1.7896e-05
0.0027037
-0.0002223
0.0025389
-0.0010319
-0.0026839
0.0019358
0.00034601
-0.0020566
-0.00042462
0.0012062
-0.00024075
-0.0029793
0.00048523
0.0032821
0.00038818
-0.0014548
-0.00060127
0.00083871
-0.004158
-0.0023996
0.0020505
-0.0019481
-0.0011214
-0.0004195
0.0033532
0.0048922
-0.00060434
-0.0018276
0.001435
0.0030487
-0.0020753
0.00083982
0.0030839
-0.0022289
-0.002095
-0.00047807
0.0019902
0.0017465
0.00085225
0.0018383
-0.0015532
-0.005084
0.003356
0.0032206
-0.0063346
6.8656e-05
-0.0030486
-0.0012687
0.0054688
-0.0054184
0.00073322
0.0016191
-0.0029236
0.0055672
-0.0014564
-0.00060669
0.0049993
0.0020654
0.0069888
-0.00047639
-0.0041333
-0.0012823
-0.0084393
0.0040832
0.0096906
-0.0014598
0.0025289
-0.00078492
-0.008025
-0.00010308
0.0030484
-0.0029723
0.0011616
0.0042384
-0.0023055
0.00043387
-0.00098006
-0.0030619
0.0036223
-0.0011759
-0.0027296
-0.00022451
-0.003803
0.0010878
-0.0014963
-0.0076658
0.0042966
0.0037359
-0.0049908
0.0056814
0.010049
0.0075887
0.0044626
-0.0032605
0.00094385
-0.001764
-0.011107
-0.0018015
0.0055082
0.0037631
-0.0017577
-0.0084756
0.00064511
0.005598
-0.00052452
0.0014169
0.0043637
0.0017885
-0.0025248
0.0018393
-0.0036263
-0.0087663
0.0054151
-2.4801e-05
-0.0013184
0.0025682
-0.010971
-0.0023797
0.0030541
-0.00053159
0.00052567
-0.0046508
0.0045029
-0.0068832
-0.013478
0.01214
0.005013
0.0015732
0.009437
0.0053626
0.005304
-0.0099752
0.0015609
0.01635
-0.0010454
0.0024236
0.0043382
-0.0016873
-0.0013198
0.00098338
0.011494
-0.0039366
-0.021118
-0.0079225
-0.0025739
0.0016097
0.0085514
0.0028859
0.0028161
-0.0015288
-0.011496
-0.012246
-0.0083433
0.0058353
0.006005
-0.0053587
0.0005683
-0.0012539
-0.0046659
-0.0028054
0.0043309
0.025629
0.015845
0.0013367
0.017696
0.0069404
-0.0054614
0.016492
0.020931
0.014154
0.0027823
-0.014817
-0.0034866
-0.0060826
-0.016009
-0.0039689
-0.018517
-0.018015
0.0028837
-0.0072789
-0.0073032
0.0017707
-0.00011928
0.0031855
-0.00255
0.0015878
0.014497
0.0089275
0.0082435
0.0041147
0.0014205
0.00055719
-0.013339
-0.0029234
0.0072806
0.0077215
0.021519
0.025467
0.015525
-0.00052225
0.0030976
0.010334
-0.002004
-0.0065527
-0.0063232
-0.011555
-0.021727
-0.019061
-0.0036987
0.002245
0.00075167
-0.00051463
0.011482
0.010083
-0.00060871
0.012467
0.010499
-0.0023916
-0.0072133
-0.016479
-0.012933
-0.0045007
-0.0033954
0.0086444
0.023935
0.0089505
-0.0092687
-0.0021297
0.0037623
0.015536
0.021239
0.0097942
0.0044744
-0.0016731
-0.0032587
-0.0058573
-0.0038896
0.017569
0.023484
0.013542
-0.0017318
-0.014364
-0.012352
-0.023263
-0.016791
0.0021871
-0.019164
-0.022092
-0.0020456
-0.0053885
-0.0063392
-0.0055301
-0.0094741
-0.0012089
0.013083
0.019211
0.016084
0.0071056
0.0064951
0.0075677
0.0038435
0.010921
0.005033
0.0019762
0.0072064
-0.0060333
0.00080613
0.0018786
-0.015543
-0.0051497
0.0081673
0.0092642
0.0035148
0.0036032
0.013021
0.0083548
0.0049353
0.0027644
-0.007061
-0.012807
-0.0161
-0.017696
-0.022819
-0.016674
-0.0096088
-0.014588
-0.007334
-0.0063278
-0.00054666
0.019247
0.024362
0.024946
0.016456
0.00089036
0.0018013
0.01444
0.016404
0.01259
0.0085432
0.0025008
0.0021763
-0.017087
-0.027488
-0.016638
-0.015652
-0.012848
-0.01653
0.0058949
0.020899
-0.0095165
-0.0018261
0.018092
0.013776
0.0079165
0.0011749
0.0068165
0.0054618
-0.0037317
0.0064125
0.012162
-0.0075142
-4.9813e-05
0.013897
-0.0026611
0.022108
0.034459
0.010479
0.012048
-0.013796
-0.02684
-0.01499
-0.028753
-0.010806
0.0088525
-0.0011502
-0.0041249
-0.014091
-0.010801
0.003926
0.00084697
0.014564
0.017632
-0.0024037
-0.0036953
-0.019602
-0.019463
0.0051785
0.0032577
0.0047215
0.0048786
0.0068504
0.011521
0.0014397
0.0097917
0.018529
0.0091402
0.010154
0.019295
0.011902
-0.0062592
-0.0069444
0.00087733
-0.0139
-0.020757
-0.012245
-0.025647
-0.014223
0.0026863
-0.010924
-0.012826
-0.017744
-0.011052
-0.012258
-0.03778
-0.024445
-0.0080826
-0.017299
-0.012163
0.0058674
0.018256
0.012649
0.0073484
0.022074
0.023295
0.017334
0.034446
0.031048
0.0011272
-0.0075601
-0.0014544
-0.0034962
-5.6069e-05
0.0032253
-0.0043914
-0.0069518
-0.01414
-0.0054918
0.0099924
0.0022002
0.0087291
0.012804
0.010309
-0.0063685
-0.030056
-0.021947
-0.038578
-0.037993
-0.015507
-0.022159
-0.0040961
0.002523
0.0014297
0.018706
0.022964
0.01488
-0.0017179
0.00084272
-0.0042049
-0.020321
-0.013749
0.00058085
0.0048577
-0.017664
-0.0042641
0.033785
0.019419
0.014603
0.019076
-0.0041603
7.092e-05
0.011184
-0.013953
-0.026367
-0.019003
-0.01236
0.005771
-0.0010591
-0.0043157
0.030674
0.02876
0.0072518
0.018069
0.020725
-0.0080445
-0.03391
-0.016916
0.0064527
-0.0015625
-0.0060805
-0.0066035
-0.0093056
-0.0011312
0.00028662
-0.010911
-0.027159
-0.026181
-0.00051499
0.0060006
-0.009199
-0.0082456
-0.0019831
-0.012387
-0.027576
-0.018221
0.015575
0.028764
0.020393
0.0084313
-0.0010719
0.017719
0.020661
-0.0001555
0.019622
0.034762
0.017992
0.0036712
-0.017358
-0.0070432
0.021462
-0.005005
-0.017671
0.011672
0.0034046
-0.0227
-0.040801
-0.041711
-0.00028842
0.026727
0.014325
0.0060579
-0.0070543
-0.034077
-0.033615
0.0026109
0.033321
0.038012
0.021709
-0.012355
-0.022433
0.0086381
0.019446
0.0077938
-0.00037124
-0.010906
-0.019065
-0.024057
-0.011778
-0.0035556
-0.0055585
0.013508
0.035693
0.032713
0.0018401
-0.016464
-0.014007
-0.0062513
-0.016546
-0.047657
-0.027261
-0.016107
-0.018001
0.023383
0.018397
0.018155
0.024757
0.0047232
0.0208
0.022687
0.011801
-0.0083054
-0.018762
-0.0059241
-0.0090568
0.012274
0.0049294
-0.014659
0.011541
0.016536
0.0064806
-0.0046241
-0.0083847
-0.0078314
-0.022216
-0.01981
0.012724
0.024564
0.0019997
0.010182
0.021111
0.025039
0.026033
-0.010645
-0.0054467
0.017935
0.018686
0.026974
0.018936
0.024603
0.016364
-0.020023
-0.029241
-0.020352
-0.014113
-0.022802
-0.017051
0.0051674
0.018248
0.02043
-0.0043223
-0.012335
0.0014915
-0.0072543
-0.01412
-0.01967
-0.020108
0.011967
0.029802
0.01612
0.0095103
0.0038244
0.0021213
0.0055642
0.0086076
0.02877
0.040221
0.030015
0.024644
0.032189
0.025894
0.00090902
-0.0077964
-0.014037
-0.013967
-0.0030314
-0.025494
-0.053862
-0.044647
-0.027108
-0.02748
-0.013127
0.0089515
0.0024452
-0.0018398
-0.015424
-0.041666
-0.038377
-0.040911
-0.041631
-0.032175
-0.055983
-0.061208
-0.05508
-0.070068
-0.052622
-0.049
-0.07723
-0.066943
-0.044207
-0.048277
-0.060426
-0.071344
-0.074369
-0.075177
-0.094374
-0.10439
-0.10377
-0.10662
-0.09639
-0.10298
-0.096613
-0.07591
-0.094639
-0.084543
-0.043267
-0.0355
-0.031122
-0.00732
-0.0053406
-0.013815
0.0085934
0.020871
0.031983
0.060134
0.083513
0.10073
0.084434
0.085191
0.117
0.11992
0.11865
0.12596
0.13172
0.12845
0.12029
0.13136
0.14573
0.14412
0.13356
0.12653
0.12485
0.11881
0.097723
0.072765
0.058493
0.04454
0.043805
0.035343
-0.011064
-0.039442
-0.044036
-0.053246
-0.047368
-0.040285
-0.043812
-0.050194
-0.062511
-0.080167
-0.082263
-0.050924
-0.044801
-0.074207
-0.080795
-0.092275
-0.086806
-0.043642
-0.035509
-0.023833
0.022935
0.053314
0.05616
0.030596
0.0087431
0.012303
0.020647
0.015893
0.0010547
0.0027363
0.0054523
0.0074132
0.010931
-0.017176
-0.023454
0.013574
0.034729
0.047586
0.070003
0.092154
0.086288
0.053737
0.027511
-0.011446
-0.039297
-0.0066109
0.033878
0.038953
0.041946
0.039378
0.021048
0.012592
0.0069759
-0.011673
-0.035059
-0.041574
-0.035807
-0.021494
-0.014434
-0.03066
-0.02324
-0.026431
-0.063467
-0.086988
-0.11598
-0.12346
-0.10853
-0.11689
-0.087529
-0.049213
-0.068598
-0.059168
-0.054387
-0.086543
-0.083001
-0.092808
-0.090577
-0.062102
-0.04767
-0.018217
-0.01075
-0.0035118
0.010285
-0.0074058
-0.0089912
-0.01259
-0.037035
-0.048373
-0.043418
-0.028416
-0.019227
-0.010565
-0.0049182
-0.015115
-0.014675
-0.0081826
-0.0045189
0.015065
0.03778
0.056614
0.072264
0.076741
0.076955
0.068984
0.030515
-0.010586
0.0046197
0.038707
0.036589
0.021877
0.0067627
0.012735
0.025711
-0.0027087
-0.012851
-0.012384
-0.010162
0.039977
0.031958
0.0013334
0.01396
-0.0083578
-0.018825
-0.0021315
0.006518
-0.0058497
-0.032089
-0.034004
-0.037593
-0.037602
-0.031558
-0.038197
-0.023575
0.0024933
0.0072456
-0.0016541
0.0034122
0.028459
0.043709
0.0489
0.057792
0.059295
0.05636
0.050502
0.045018
0.046368
0.048584
0.051002
0.05219
0.042185
0.0094291
0.0030501
0.04243
0.052407
0.046217
0.071549
0.10009
0.12772
0.146
0.13737
0.12884
0.096336
0.02464
-0.029346
-0.03994
-0.03144
-0.030626
-0.015162
-0.018483
-0.033417
-0.011536
-0.027652
-0.0187
0.020793
-0.0059524
-0.009889
-0.010802
-0.056518
-0.07284
-0.048432
-0.024158
-0.012009
0.0007804
-0.002509
-0.0083581
-0.0084058
-0.02271
-0.031271
-0.028073
-0.017531
0.0030953
0.016272
0.020276
0.035203
0.0384
0.018877
0.0061292
-0.012237
-0.020067
0.006267
0.029432
0.052329
0.073179
0.076215
0.084387
0.089526
0.082453
0.052705
-0.0021223
-0.026851
-0.01709
-0.028353
-0.034811
-0.013817
-0.010696
-0.00023905
-0.022812
-0.087331
-0.058202
-0.024079
-0.071904
-0.084732
-0.069443
-0.064441
-0.048687
-0.048354
-0.060286
-0.054522
-0.041992
-0.037815
-0.030633
-0.014244
0.0028509
0.029157
0.024969
0.008329
0.037901
0.015291
-0.04208
-0.061707
-0.080962
-0.058705
-0.0039213
0.033137
0.040632
0.042513
0.065375
0.067207
0.055914
0.054611
0.056794
0.06935
0.080115
0.061403
0.040552
0.04964
0.031395
0.026818
0.061813
0.049736
0.05075
0.089253
0.10631
0.10586
0.10531
0.11783
0.112
0.11802
0.11991
0.06817
0.040635
0.014788
-0.024323
-0.013205
0.012256
0.019027
0.019881
0.017917
-0.0013201
-0.012539
0.0002595
-0.018366
-0.06295
-0.065175
-0.031665
-0.012027
-0.0066449
-0.00081925
0.025329
0.038348
0.0059737
0.0069224
0.028183
0.036436
0.064212
0.055051
0.025231
0.041133
0.073715
0.087138
0.081228
0.076626
0.082751
0.089971
0.084832
0.076919
0.068914
0.045594
0.029802
0.039713
0.048996
0.047846
0.036271
-0.011886
-0.045678
-0.034513
-0.034721
-0.017837
0.012401
-0.0016024
-0.037388
-0.069587
-0.11838
-0.16416
-0.15617
-0.14417
-0.14439
-0.11764
-0.092887
-0.071516
-0.058715
-0.044589
-0.013889
-0.014788
-0.038431
-0.044067
-0.035945
-0.041627
-0.054571
-0.028413
0.01362
0.021164
-0.0032849
-0.018907
0.0090669
0.0355
0.052665
0.094648
0.11449
0.11209
0.1207
0.09784
0.050731
0.047484
0.043451
0.013249
0.021907
0.028254
0.019295
0.022731
0.014844
-0.0042178
-0.019404
0.0031369
0.013241
0.014324
0.064773
0.058051
-0.00050053
-0.014691
-0.011926
0.0021297
0.010335
-0.028795
-0.049406
-0.02625
-0.025456
-0.018453
0.0068137
0.0080656
-0.0034045
-0.025161
-0.049904
-0.059671
-0.059363
-0.072511
-0.07719
-0.040678
-0.0045959
0.023302
0.051077
0.062556
0.064182
0.065942
0.083941
0.096723
0.08219
0.053658
0.026238
0.021401
0.0065843
-0.022157
-0.011313
-0.0094829
-0.037961
-0.037806
-0.037611
-0.056009
-0.054955
-0.048178
-0.047728
-0.022504
0.012972
0.012918
-0.0072551
-0.013565
-0.0059895
-0.0073672
-0.024162
-0.027149
-0.035496
-0.079153
-0.11243
-0.11579
-0.10302
-0.066471
-0.029015
-0.01071
0.00033657
0.0078505
0.0088054
0.015089
0.019838
0.011513
0.030815
0.054793
0.042872
0.05113
0.065632
0.041944
0.039895
0.056093
0.030297
0.020286
0.036541
0.021302
0.00051558
-0.026444
-0.051206
-0.03563
-0.0071803
-0.013871
-0.055854
-0.074037
-0.057838
-0.03401
-0.02422
-0.050197
-0.067164
-0.065478
-0.076936
-0.089563
-0.093447
-0.076937
-0.066117
-0.085495
-0.10093
-0.094329
-0.059101
-0.019882
-0.0045799
0.0079548
0.009573
-0.0076625
-0.025569
-0.042906
-0.048032
-0.045869
-0.046629
-0.035578
-0.03079
-0.046547
-0.064482
-0.07447
-0.074789
-0.080917
-0.087669
-0.073745
-0.066918
-0.069181
-0.033765
0.0023745
-0.017757
-0.045112
-0.045081
-0.026532
0.0085784
0.024767
0.027654
0.046137
0.062265
0.05655
0.028609
0.024833
0.051715
0.065926
0.08195
0.10258
0.1133
0.12045
0.11776
0.10444
0.096872
0.093082
0.078702
0.073316
0.07939
0.067641
0.022862
-0.024139
-0.024844
-0.013644
-0.019262
-0.020091
-0.018546
-0.0080273
0.012107
0.029806
0.036936
0.041917
0.054882
0.053113
0.026407
-0.014356
-0.0507
-0.070417
-0.076713
-0.086727
-0.10279
-0.095716
-0.085397
-0.082797
-0.074944
-0.084948
-0.088614
-0.066439
-0.040697
-0.030117
-0.041639
-0.055779
-0.072307
-0.078886
-0.07438
-0.094232
-0.096358
-0.060113
-0.041571
-0.023268
0.012624
0.022778
0.013293
0.0089048
0.0044363
0.011309
0.025438
0.018331
0.0071548
0.00021756
-0.013938
-0.028212
-0.059983
-0.10143
-0.11706
-0.089479
-0.054082
-0.037032
-0.017635
-0.013498
0.012147
0.034046
-1.5904e-05
0.0058916
0.039155
0.039265
0.015314
-0.0076416
-0.0017488
-0.011582
-0.023048
-0.017157
-0.033552
-0.036079
-0.020918
-0.016558
-0.011166
-0.024784
-0.051689
-0.058375
-0.050931
-0.06841
-0.086139
-0.034884
-0.0067707
-0.035558
-0.029101
-0.011276
0.0070593
0.018753
0.021965
0.043002
0.05681
0.059629
0.058249
0.072743
0.10102
0.11877
0.11487
0.099801
0.10383
0.088367
0.063277
0.080535
0.098472
0.087825
0.076456
0.062377
0.02833
0.0020973
-0.010338
-0.019732
-0.025893
-0.023416
-0.008177
-0.017318
-0.047541
-0.067234
-0.081442
-0.095207
-0.1013
-0.10295
-0.099764
-0.075472
-0.054703
-0.046033
-0.020385
0.0052881
0.010302
0.00681
-0.0056216
-0.01468
-0.024343
-0.066199
-0.066182
-0.026548
-0.048529
-0.048269
0.011181
0.0326
0.033161
0.040086
0.034716
0.031431
0.018011
0.0048429
0.018912
0.017426
0.002834
-0.0082696
-0.035158
-0.044243
-0.037279
-0.029453
0.0087263
0.047782
0.052932
0.062061
0.072683
0.04818
0.04068
0.060958
0.053626
0.045091
0.041476
0.022624
0.023431
0.020424
-0.015653
-0.030451
-0.025494
-0.017777
-0.0050604
-0.020333
-0.03103
-0.024703
0.0032274
0.046697
0.038823
0.041482
0.066601
0.050245
0.03307
0.02502
0.0063502
-0.016764
-0.0315
-0.051698
-0.060669
-0.052525
-0.057703
-0.036865
-0.025649
-0.03671
-0.022874
-0.03367
-0.044986
-0.037091
-0.045781
-0.051959
-0.059819
-0.04056
0.0011034
-0.0051349
-0.02108
-0.017054
-0.014019
-0.00013172
0.01611
0.031783
0.034753
0.03206
0.045051
0.05496
0.063009
0.056468
0.046048
0.063511
0.083359
0.083374
0.06915
0.072838
0.090188
0.089358
0.074302
0.065595
0.091755
0.1119
0.10016
0.099208
0.096028
0.093082
0.10565
0.10337
0.076056
0.051627
0.04989
0.036092
0.0068205
-0.0043877
0.0015379
0.013536
0.010271
0.0018622
0.012114
0.015356
0.0068058
0.019149
0.034582
0.046787
0.063416
0.057953
0.047683
0.0058409
-0.027997
0.010036
0.022352
0.019149
0.026919
0.025474
0.048869
0.049064
0.012439
-0.022792
-0.036309
-0.027035
-0.02234
-0.027788
-0.025141
-0.013654
-0.029109
-0.065146
-0.092415
-0.1072
-0.11493
-0.10653
-0.075805
-0.082178
-0.11446
-0.11196
-0.10967
-0.12157
-0.10999
-0.069493
-0.028419
0.0035686
0.039635
0.062
0.057888
0.049134
0.052045
0.062953
0.065581
0.082557
0.11585
0.11831
0.1058
0.089126
0.080932
0.085526
0.07376
0.09887
0.12219
0.091067
0.087495
0.098253
0.086139
0.083674
0.095199
0.10044
0.10002
0.099522
0.079168
0.054761
0.033637
-0.010378
-0.045701
-0.034033
0.00058592
0.0077191
-0.013681
-0.020733
-0.031293
-0.069537
-0.088232
-0.073242
-0.055385
-0.037738
-0.018324
-0.020698
-0.037678
-0.041635
-0.056141
-0.068715
-0.056821
-0.053548
-0.053242
-0.047355
-0.042341
-0.041276
-0.051466
-0.053729
-0.050613
-0.058977
-0.067093
-0.067011
-0.069904
-0.067395
-0.05341
-0.048781
-0.04086
-0.02472
-0.015254
-0.015528
-0.02208
-0.0042334
0.026729
0.043821
0.049832
0.042165
0.046357
0.065361
0.075814
0.079759
0.075718
0.070437
0.071055
0.07113
0.075343
0.079144
0.075042
0.075656
0.063553
0.034046
0.0224
0.012894
-0.0038307
-0.0073365
-0.0041721
0.0078309
0.020429
0.011279
-0.004173
0.00142
0.0099208
0.004297
0.0029592
-0.0014903
-0.012309
-0.014802
-0.014849
-0.0090889
0.0036875
0.012141
0.015658
0.012871
-0.0059337
-0.021105
-0.012389
-0.015422
-0.013078
0.013554
0.0043441
-0.01187
-0.014348
-0.035691
-0.031776
-0.017357
-0.028201
-0.032639
-0.037815
-0.053271
-0.055936
-0.05481
-0.062766
-0.062451
-0.064695
-0.075557
-0.084213
-0.10024
-0.10896
-0.10623
-0.088589
-0.058289
-0.045766
-0.036333
-0.023393
-0.014354
-0.0062255
-0.0055146
0.0018245
0.013605
0.017863
0.018698
0.024761
0.030474
0.026895
0.031205
0.03259
0.035474
0.058059
0.059804
0.045108
0.03551
0.014543
0.0016381
-0.0022401
-0.0094654
-0.0078
-0.0044943
0.00021777
0.010357
0.019784
0.025081
0.027968
0.035688
0.032146
0.015844
-0.0060704
-0.037827
-0.039048
-0.017822
-0.023583
-0.029353
-0.019255
-0.013943
-0.016118
-0.023664
-0.025022
-0.013213
-0.00081592
0.0027824
0.0060802
-0.0013035
-0.025956
-0.033092
-0.02837
-0.027311
-0.015321
-0.015984
-0.022444
-0.01524
-0.017474
-0.0028532
0.019161
0.0078599
0.004125
0.0025076
-0.0075238
-0.0032361
-0.027033
-0.056169
-0.054833
-0.058354
-0.049578
-0.039
-0.046367
-0.036389
-0.02462
-0.01889
-0.01627
-0.016944
0.0087643
0.029706
0.024189
0.024373
0.025957
0.0099715
-0.0060001
-0.004037
-0.0086945
-0.014668
-0.0025485
0.0063378
0.007433
-0.00067738
-0.014501
-0.011988
-0.0039064
-0.0022365
0.00030053
0.0029717
0.0065893
0.006298
0.0058577
0.0059428
0.006744
0.030264
0.049312
0.040735
0.039405
0.040958
0.037167
0.043461
0.034448
0.015474
0.0070011
-0.011663
-0.01235
0.00029314
-0.0078681
-0.0038805
-0.002046
-0.01974
-0.03114
-0.028262
-0.011635
-0.0026292
-0.0063073
-0.018178
-0.032761
-0.025376
-0.005051
0.0065461
0.010104
0.013166
0.015482
0.0091545
0.0050072
0.0087755
0.012267
0.017774
0.011004
-0.014334
-0.034395
-0.046059
-0.055676
-0.052768
-0.037719
-0.023926
-0.012171
-0.0023103
-0.0046092
-0.013306
-0.017141
-0.022593
-0.023274
-0.0041241
0.014662
0.016126
0.012818
0.0069901
-0.00021912
-0.0091942
-0.017886
-0.0057683
0.010467
0.0085915
0.017966
0.032071
0.026929
0.028674
0.035823
0.03469
0.031606
0.021923
0.01616
0.011253
0.0026252
-0.00037399
-0.0094531
-0.015844
-0.017035
-0.026845
-0.034723
-0.043092
-0.057464
-0.067076
-0.064197
-0.051272
-0.042912
-0.044122
-0.039486
-0.027099
-0.027342
-0.031827
-0.022812
-0.015705
-0.016105
-0.017291
-0.019125
-0.025014
-0.034589
-0.030152
-0.013113
-0.0038336
0.0072262
0.031976
0.044589
0.042116
0.047377
0.04542
0.040712
0.041075
0.028666
0.026807
0.027548
0.0095448
0.0094412
0.019317
0.013282
0.0038774
-0.0093555
-0.017476
-0.017224
-0.02499
-0.026315
-0.012656
-0.00058605
0.0085661
0.0072463
-0.0072971
-0.010962
-0.0095432
-0.011867
-0.0081942
-0.014296
-0.021035
-0.0246
-0.044786
-0.046074
-0.020621
-0.015966
-0.028604
-0.02868
-0.030063
-0.042272
-0.043577
-0.038888
-0.034296
-0.026088
-0.031389
-0.047727
-0.04919
-0.039693
-0.043967
-0.041536
-0.01957
0.00028877
0.013178
0.0033026
-0.01678
-0.020153
-0.018389
-0.011565
0.00070945
0.0030436
0.00036494
0.010425
0.021558
0.016952
0.0065369
0.0021583
0.00025858
-0.0062399
-0.01516
-0.028944
-0.032622
-0.024351
-0.024426
-0.020908
-0.017725
-0.014281
-0.0037123
-0.0059322
-0.011763
-0.015165
-0.020473
-0.026238
-0.036954
-0.039219
-0.034708
-0.02986
-0.014322
-0.00025751
0.0068408
0.017495
0.021035
0.0088989
-0.0033366
-0.0055927
-0.0080559
-0.011812
-0.0071061
0.0050556
0.011824
0.015426
0.030766
0.045301
0.058066
0.073757
0.077488
0.080877
0.076
0.042345
0.011678
0.0056604
0.0050314
0.011577
0.020155
0.013656
0.019642
0.026268
0.010764
0.0069429
0.014539
0.020523
0.024319
0.022463
0.022247
0.028004
0.039508
0.044833
0.043685
0.047738
0.05475
0.059216
0.06309
0.074351
0.081803
0.077187
0.07464
0.070653
0.055978
0.041269
0.033498
0.024003
0.015113
0.012996
0.0075134
0.0055962
0.012612
0.0096015
0.001732
0.0013527
-0.0024447
-0.014221
-0.019218
-0.015925
-0.018961
-0.017611
-0.014071
-0.018197
-0.017332
-0.020102
-0.018369
-0.0011376
0.010051
0.0080187
0.0039263
0.0086134
0.014909
0.021454
0.027692
0.025975
0.026329
0.023279
0.020154
0.027116
0.03106
0.03831
0.050724
0.056378
0.057896
0.06164
0.065484
0.060615
0.052659
0.0427
0.030344
0.02056
0.0083445
-0.00057111
-0.012458
-0.028941
-0.038653
-0.044528
-0.043176
-0.041241
-0.042883
-0.04223
-0.036974
-0.030718
-0.031831
-0.021332
-0.0057942
-0.0069644
-0.0018386
0.0042561
0.00098436
0.0039473
-0.0020914
-0.012446
-0.0091198
-0.0046834
-0.00085705
0.0054437
0.010719
0.0099361
0.011254
0.020965
0.018509
0.010761
0.014466
0.020149
0.025032
0.033196
0.041154
0.042916
0.045865
0.0516
0.054746
0.058225
0.059045
0.058095
0.057414
0.059094
0.066062
0.07127
0.073015
0.072496
0.067069
0.058027
0.051923
0.048062
0.042608
0.045136
0.049009
0.042481
0.036348
0.033021
0.027573
0.020368
0.013773
0.0044609
-0.0075263
-0.010422
-0.011012
-0.012742
-0.005065
0.0039857
0.0059161
0.0022275
-0.0020626
-0.0018501
-0.0016076
-0.0048751
-0.0025065
0.0045926
0.0043845
0.0029359
0.0063419
0.011871
0.017323
0.016069
0.015551
0.025828
0.029983
0.025087
0.032653
0.035085
0.021078
0.011446
-0.0016519
-0.014728
-0.020849
-0.027045
-0.024842
-0.021895
-0.017612
-0.010577
-0.013487
-0.012964
-0.011586
-0.017059
-0.016793
-0.014237
-0.0059751
0.0027695
6.9358e-05
-0.000821
-0.0012618
-0.0009626
0.007692
0.012389
0.0060343
-0.0027461
-0.011924
-0.025474
-0.02775
-0.022726
-0.026734
-0.036078
-0.048841
-0.051631
-0.050475
-0.058694
-0.061918
-0.057327
-0.059145
-0.062111
-0.053651
-0.050426
-0.04634
-0.037995
-0.037173
-0.029334
-0.027445
-0.029722
-0.027933
-0.029009
-0.019573
-0.012596
-0.012867
-0.014703
-0.014772
-0.0059976
-0.0032733
0.002575
0.0081536
0.00069772
-0.0037609
-0.012474
-0.018245
-0.018385
-0.02791
-0.028236
-0.018787
-0.017852
-0.027545
-0.029399
-0.01922
-0.022698
-0.026894
-0.018757
-0.014995
-0.012287
-0.015829
-0.025525
-0.020885
-0.014053
-0.01703
-0.010586
0.001805
0.0027209
-0.0030183
-0.0082652
-0.013218
-0.017909
-0.024667
-0.030735
-0.025355
-0.023273
-0.033854
-0.028649
-0.017133
-0.015942
-0.0047491
0.0056815
0.0033958
0.00044562
-0.0051283
-0.01444
-0.022425
-0.029513
-0.032993
-0.028244
-0.026373
-0.030613
-0.027013
-0.023803
-0.027272
-0.026913
-0.025313
-0.023274
-0.021775
-0.026483
-0.029156
-0.031126
-0.042668
-0.054254
-0.058298
-0.059892
-0.055998
-0.044688
-0.038538
-0.041226
-0.038605
-0.029972
-0.030206
-0.034724
-0.027977
-0.01655
-0.0068087
0.0014114
0.0023348
0.0072302
0.013816
0.0063746
0.0046183
0.016183
0.019323
0.018642
0.022768
0.017123
0.0048675
-0.0017609
-0.0075493
-0.01311
-0.011603
-0.0012155
0.0058204
0.0042953
-0.00032723
-0.0097842
-0.019008
-0.027004
-0.025954
-0.013484
-0.012713
-0.017848
-0.01634
-0.018489
-0.027129
-0.038598
-0.04763
-0.048495
-0.04315
-0.040017
-0.038822
-0.042721
-0.04783
-0.042717
-0.040539
-0.039338
-0.0313
-0.024467
-0.017137
-0.010448
-0.0071811
-0.0080132
-0.0027411
0.010795
0.022749
0.029921
0.024814
0.023556
0.025666
0.010973
-0.00066319
-0.0017996
-0.0015789
0.0010581
0.0072694
0.018299
0.025206
0.026566
0.029561
0.033161
0.033583
0.032855
0.035355
0.032772
0.021533
0.010965
0.0036487
-0.00025995
-0.00034829
0.0054542
0.016368
0.020881
0.019243
0.018109
0.012742
0.0068093
0.0033481
-0.0030794
-0.010506
-0.021395
-0.03392
-0.036978
-0.033458
-0.031432
-0.030791
-0.027304
-0.017729
-0.0075222
-0.005061
-0.0038176
0.0021749
0.00683
0.0084468
0.0074888
0.010303
0.013437
0.0076944
0.0060459
0.011409
0.018876
0.029698
0.037066
0.041913
0.045585
0.043088
0.038333
0.033865
0.028342
0.024022
0.016791
0.01159
0.014605
0.012161
0.0094483
0.013979
0.013512
0.01384
0.017548
0.01245
0.0058706
0.007623
0.0097151
0.0078804
0.0023831
-0.0025365
-0.00015124
-0.00066931
-0.0068414
-0.0036946
0.0066469
0.011448
0.01307
0.012963
0.0071563
0.0039235
0.0079364
0.013885
0.01641
0.01239
0.0059225
0.0018809
-0.0012331
-0.0030584
0.001702
0.011598
0.022331
0.028079
0.029309
0.031131
0.025838
0.021997
0.022358
0.01674
0.018141
0.019082
0.012031
0.0068196
0.0004647
0.00064672
0.0033463
-0.00014414
0.0050014
0.01793
0.023487
0.024824
0.026427
0.023571
0.023588
0.024627
0.020855
0.018845
0.013206
0.0055973
0.00014203
-0.0050739
-0.0043567
0.0012212
0.0080645
0.014669
0.018852
0.018942
0.016547
0.011522
0.0058806
0.0053776
0.0047193
0.0032704
0.0023663
-0.00037403
-0.0014073
-0.0016891
-0.0012698
0.0039436
0.010094
0.012213
0.014558
0.016258
0.018917
0.025816
0.028164
0.028598
0.030327
0.026982
0.019792
0.011662
0.0037616
0.0016329
0.0045032
0.0028603
0.0018188
0.003134
0.00091986
-0.00042965
-0.0020177
-0.0010297
0.0019249
0.0026827
0.010147
0.019387
0.022341
0.025861
0.030175
0.030778
0.029019
0.02736
0.026702
0.027216
0.023371
0.01348
0.0094771
0.0095216
0.0054007
0.0065662
0.012009
0.01716
0.025643
0.030158
0.028497
0.022756
0.012082
0.0044564
0.0013625
-0.0036157
-0.0084846
-0.010592
-0.013864
-0.02036
-0.024531
-0.024215
-0.023104
-0.016167
-0.0045758
-0.00025649
-0.0027071
-0.0072209
-0.010389
-0.010938
-0.0099106
-0.0023805
0.00698
0.012427
0.01537
0.012776
0.0086415
0.0035668
-0.0023956
-0.0012126
-0.0029566
-0.010073
-0.010633
-0.012256
-0.012661
-0.0070081
-0.0075487
-0.008155
-0.0032754
-0.0026527
-0.0062612
-0.0068047
-0.00083493
0.0051556
0.0053335
0.0053596
0.011121
0.017454
0.020667
0.024355
0.025464
0.023121
0.019817
0.017637
0.020364
0.022416
0.024611
0.032572
0.038662
0.039169
0.037284
0.038311
0.041638
0.040269
0.041069
0.041745
0.032527
0.021272
0.0074632
-0.0067419
-0.010797
-0.011544
-0.013715
-0.013035
-0.0079358
-0.0014169
0.00044165
0.00077499
0.0020833
-0.00029447
-0.0025518
-0.0014102
0.0040817
0.0095786
0.0056434
0.003841
0.0058455
0.0035907
0.0072431
0.0068323
-0.0012154
-0.00099392
0.0027481
0.0061086
0.0086676
0.008324
0.0099525
0.011156
0.0062066
0.00049943
0.0014066
0.0027976
0.0014527
0.00053412
0.00014489
0.0066414
0.012973
0.01023
0.011494
0.017232
0.018326
0.016569
0.014122
0.013091
0.010783
0.0031271
-0.0046251
-0.0080541
-0.010971
-0.012318
-0.0067352
5.4439e-05
0.0047939
0.0086527
0.0066027
0.0032736
0.005121
0.008473
0.010535
0.013072
0.017838
0.019241
0.016145
0.014931
0.016296
0.016733
0.010819
0.0042834
0.0033101
0.00082935
-0.0030825
-0.0081368
-0.013171
-0.015589
-0.018836
-0.019112
-0.021293
-0.027257
-0.028812
-0.03253
-0.036764
-0.037996
-0.042388
-0.046225
-0.050125
-0.055933
-0.058083
-0.059808
-0.06277
-0.061068
-0.059088
-0.059874
-0.058494
-0.057552
-0.057971
-0.055254
-0.047656
-0.039317
-0.035103
-0.034393
-0.038334
-0.041421
-0.040031
-0.040039
-0.037726
-0.033649
-0.029828
-0.022061
-0.016055
-0.014938
-0.014844
-0.013168
-0.01456
-0.022831
-0.026064
-0.026339
-0.032703
-0.030636
-0.022317
-0.019722
-0.015633
-0.013006
-0.01179
-0.0078025
-0.010595
-0.015043
-0.015576
-0.022166
-0.028793
-0.027523
-0.029971
-0.037841
-0.041192
-0.039636
-0.038903
-0.039334
-0.034178
-0.025901
-0.019539
-0.014399
-0.011607
-0.0087429
-0.0065566
-0.0072937
-0.0086776
-0.0089593
-0.0095275
-0.012225
-0.013829
-0.014273
-0.014745
-0.015574
-0.018764
-0.022216
-0.025206
-0.028483
-0.031209
-0.032699
-0.034753
-0.037468
-0.037185
-0.036421
-0.034539
-0.029744
-0.026293
-0.020159
-0.011486
-0.0056812
-0.0010031
0.0012665
0.002855
0.0067525
0.0075096
0.0058246
0.0087247
0.012746
0.012932
0.013591
0.013519
0.010269
0.0084598
0.0095952
0.012515
0.013492
0.012991
0.015632
0.017134
0.015363
0.014063
0.012672
0.0069939
-0.0022174
-0.0066599
-0.0069362
-0.0071443
-0.0064535
-0.0064264
-0.004192
-0.0037849
-0.0070847
-0.0057937
-0.0060217
-0.0062461
-0.0025804
-0.0027317
-0.0034241
-0.0073924
-0.013175
-0.013323
-0.011745
-0.0068147
-0.001238
0.0022511
0.0051682
0.0046703
0.0037308
0.0048643
0.0048119
0.00058364
-0.0019984
-0.0025584
-0.0069956
-0.0081136
-0.005925
-0.0051846
-0.00094728
0.0055676
0.0095039
0.010639
0.007847
0.0023156
-4.7996e-05
-0.0004567
0.001227
0.0063138
0.0064119
0.0040518
0.0030913
-0.0010103
-0.0029417
0.00045068
0.0059448
0.0073674
0.00011734
-0.0079708
-0.013146
-0.018546
-0.023698
-0.025656
-0.022136
-0.018506
-0.016607
-0.012353
-0.0063856
-0.0013866
-0.0015985
-0.0027618
0.0033595
0.011057
0.016065
0.020277
0.020076
0.018605
0.019122
0.016861
0.016014
0.018252
0.020534
0.025839
0.029607
0.029892
0.031185
0.031262
0.028865
0.024228
0.021697
0.025162
0.027925
0.027606
0.028392
0.031871
0.033342
0.031372
0.030504
0.025664
0.018193
0.01349
0.010138
0.011057
0.012493
0.012068
0.01165
0.0096542
0.0084961
0.0087473
0.0059699
0.00042077
0.00079154
0.004737
0.0078025
0.013155
0.016234
0.018414
0.020104
0.020663
0.021939
0.017066
0.012059
0.012346
0.012426
0.014146
0.017174
0.018871
0.017984
0.016511
0.01719
0.017796
0.01926
0.022095
0.026
0.028722
0.026394
0.02513
0.027542
0.026769
0.023067
0.023937
0.029795
0.035691
0.040002
0.041732
0.040647
0.037921
0.037908
0.038513
0.036856
0.038767
0.041539
0.042741
0.041324
0.037339
0.037067
0.037172
0.035858
0.036326
0.038003
0.03785
0.037492
0.042975
0.046118
0.041826
0.03985
0.041228
0.041338
0.042302
0.044458
0.043925
0.04194
0.041143
0.041008
0.038722
0.034292
0.03133
0.02721
0.020667
0.014454
0.010001
0.0073949
0.0035984
-0.00013984
-0.0025318
-0.0039926
-0.0050553
-0.007204
-0.003505
0.0056154
0.011785
0.01573
0.015446
0.012023
0.012593
0.013442
0.013007
0.01529
0.016171
0.016639
0.01953
0.020718
0.023718
0.028429
0.028851
0.026514
0.022694
0.022005
0.023968
0.020455
0.016497
0.015386
0.012675
0.0087366
0.0046854
0.0024551
-0.00016035
-0.0048389
-0.0080965
-0.010354
-0.011605
-0.012107
-0.013501
-0.015775
-0.018883
-0.018564
-0.01612
-0.017166
-0.016945
-0.014344
-0.012546
-0.011396
-0.010331
-0.0048767
-0.00058497
-0.0021081
-0.00018754
0.0051196
0.0099648
0.01219
0.0095156
0.0082377
0.0081153
0.0036432
-0.00072608
-0.002966
-0.00785
-0.01363
-0.016756
-0.020356
-0.024457
-0.02665
-0.027284
-0.026064
-0.025857
-0.027193
-0.028072
-0.030407
-0.032
-0.03269
-0.03527
-0.035776
-0.035467
-0.037725
-0.035608
-0.029292
-0.026163
-0.025257
-0.025787
-0.025462
-0.022603
-0.021484
-0.019994
-0.018675
-0.021686
-0.025525
-0.028599
-0.03215
-0.034409
-0.034057
-0.031577
-0.027721
-0.026114
-0.026068
-0.02276
-0.02153
-0.024328
-0.027604
-0.033351
-0.037088
-0.037886
-0.040759
-0.042254
-0.041508
-0.040772
-0.039777
-0.03871
-0.036327
-0.034369
-0.033643
-0.031197
-0.028569
-0.027429
-0.028022
-0.028508
-0.02637
-0.026315
-0.029343
-0.03095
-0.030229
-0.027648
-0.025486
-0.023375
-0.019584
-0.016398
-0.013803
-0.012511
-0.0137
-0.013706
-0.013149
-0.014127
-0.016297
-0.021788
-0.028022
-0.030516
-0.030657
-0.030544
-0.02857
-0.025257
-0.02461
-0.024575
-0.024063
-0.025139
-0.025691
-0.026238
-0.027164
-0.027207
-0.025768
-0.022921
-0.023085
-0.025708
-0.025494
-0.023096
-0.022134
-0.022324
-0.019946
-0.015771
-0.012624
-0.011674
-0.014767
-0.018394
-0.020568
-0.024174
-0.026313
-0.027358
-0.029816
-0.030395
-0.031093
-0.033749
-0.035593
-0.036399
-0.035198
-0.032864
-0.031621
-0.030535
-0.028592
-0.026968
-0.026304
-0.024535
-0.023342
-0.021995
-0.017119
-0.012019
-0.0071225
-0.0044888
-0.0045838
-0.0015512
-0.00032485
-0.0029791
-0.0027481
-0.001446
-0.002286
-0.0033018
-0.0031837
-0.0022755
-0.0018548
-0.0012918
0.0012473
0.0042509
0.0058538
0.0073595
0.011362
0.015265
0.016261
0.01715
0.017341
0.018014
0.019679
0.018916
0.019702
0.02083
0.017927
0.015543
0.013492
0.010663
0.0097492
0.0073606
0.0038826
0.0036883
0.0050095
0.0075622
0.010351
0.010495
0.0097546
0.0090918
0.0084387
0.0092351
0.012855
0.017244
0.018084
0.016964
0.016175
0.014819
0.015573
0.018283
0.019436
0.021613
0.023296
0.020267
0.018118
0.019094
0.020522
0.022478
0.023869
0.024333
0.023211
0.020185
0.017769
0.01932
0.024268
0.02786
0.029978
0.031165
0.030097
0.027793
0.024356
0.023155
0.025492
0.025459
0.023799
0.023411
0.021612
0.019725
0.020765
0.023207
0.025648
0.029413
0.033585
0.035351
0.034314
0.032878
0.032755
0.030197
0.025357
0.021713
0.019278
0.020826
0.023478
0.022795
0.023679
0.026972
0.027644
0.026572
0.026897
0.027622
0.028015
0.02605
0.021842
0.018844
0.015328
0.010731
0.0083112
0.0082841
0.0089156
0.013768
0.022413
0.026771
0.030106
0.034764
0.034464
0.031845
0.030869
0.030199
0.030074
0.031001
0.032126
0.035439
0.040404
0.041919
0.04147
0.041644
0.04082
0.039826
0.038568
0.034578
0.028267
0.02283
0.018814
0.014542
0.01121
0.0097014
0.008511
0.0068032
0.0054817
0.0055485
0.0059851
0.0056691
0.003231
-0.00011824
-0.0018792
-0.0041414
-0.0054102
-0.0055973
-0.0088783
-0.011029
-0.011905
-0.015933
-0.018632
-0.018535
-0.018073
-0.0175
-0.017434
-0.015463
-0.01208
-0.010684
-0.0090154
-0.0049711
-4.7528e-05
0.003353
0.0042163
0.0040668
0.004666
0.0054172
0.005203
0.0058776
0.006107
0.003841
0.0015365
-0.00038613
-0.0017966
-0.0023781
-0.0021669
-0.0021092
-0.0050551
-0.0080263
-0.0089037
-0.011311
-0.013635
-0.013133
-0.012869
-0.014254
-0.015194
-0.014963
-0.013987
-0.013875
-0.014876
-0.015633
-0.016811
-0.016326
-0.014396
-0.015174
-0.015973
-0.015172
-0.013478
-0.010581
-0.010167
-0.0101
-0.0075774
-0.0069356
-0.0083613
-0.0098804
-0.010818
-0.011402
-0.012937
-0.014262
-0.014602
-0.013875
-0.013025
-0.012603
-0.01108
-0.0093048
-0.006661
-0.0047806
-0.0063621
-0.0082474
-0.010507
-0.011981
-0.012907
-0.017942
-0.021937
-0.022682
-0.02423
-0.023417
-0.020161
-0.017795
-0.015846
-0.015407
-0.015696
-0.014796
-0.014545
-0.015704
-0.018275
-0.019546
-0.018562
-0.020227
-0.022951
-0.022979
-0.021931
-0.021355
-0.021771
-0.021887
-0.020718
-0.019875
-0.020696
-0.022065
-0.022621
-0.023838
-0.025216
-0.02491
-0.025769
-0.027366
-0.026413
-0.026223
-0.027575
-0.026815
-0.026105
-0.027251
-0.02789
-0.027431
-0.02487
-0.021626
-0.020706
-0.018476
-0.016037
-0.0169
-0.015592
-0.012757
-0.012354
-0.012823
-0.012968
-0.010851
-0.0090519
-0.0097425
-0.010188
-0.0099749
-0.0077897
-0.0042685
-0.0011584
0.002303
0.0044175
0.0036897
0.0031068
0.0045295
0.0040552
0.0023
0.0018891
0.0012825
0.0022685
0.0032842
0.002567
0.002656
0.0026855
0.0037464
0.0065199
0.0085206
0.0096525
0.0112
0.013179
0.013598
0.013569
0.01458
0.014924
0.014125
0.012226
0.011824
0.011864
0.0086365
0.006777
0.0069215
0.0055443
0.0036024
0.0015436
0.0006002
-0.00054452
-0.0036267
-0.0052127
-0.0041412
-0.0021828
0.0010502
0.0046235
0.0053183
0.0046034
0.004765
0.0044162
0.0043482
0.0054721
0.0074373
0.0096811
0.011099
0.013466
0.017024
0.020143
0.022982
0.025153
0.027501
0.028413
0.026344
0.025094
0.024868
0.024508
0.025129
0.025673
0.02505
0.023154
0.020976
0.020396
0.02127
0.021648
0.021288
0.020906
0.02028
0.019059
0.016875
0.01524
0.014608
0.013425
0.012348
0.010993
0.0093187
0.0096107
0.012489
0.016768
0.020326
0.024158
0.028741
0.030254
0.029913
0.030631
0.031849
0.032545
0.031322
0.030493
0.030615
0.028564
0.026196
0.025633
0.026167
0.026125
0.02515
0.026027
0.02748
0.026235
0.023856
0.022005
0.019128
0.015608
0.013571
0.011429
0.0090629
0.0078797
0.007341
0.0067125
0.003878
0.0010059
-0.00057295
-0.004053
-0.0077961
-0.010032
-0.010134
-0.0084733
-0.0076404
-0.0061298
-0.0024347
0.0022158
0.0067441
0.0091201
0.0089964
0.0080809
0.0059219
0.0024418
-0.00078416
-0.0042461
-0.0069209
-0.0072448
-0.0084205
-0.010322
-0.009921
-0.010865
-0.014476
-0.016944
-0.019294
-0.022497
-0.024514
-0.025727
-0.027176
-0.029783
-0.033567
-0.035803
-0.035403
-0.033067
-0.029426
-0.025978
-0.022621
-0.019024
-0.016761
-0.016077
-0.015082
-0.012698
-0.0096351
-0.0076386
-0.0078201
-0.0090018
-0.010424
-0.010143
-0.005951
-0.0011112
0.002067
0.0042062
0.0043785
0.0022537
-0.00049333
-0.0020881
-0.0033575
-0.0044661
-0.0048285
-0.0059635
-0.0071227
-0.0070151
-0.0062989
-0.0051243
-0.004876
-0.0068757
-0.0099116
-0.013573
-0.018412
-0.023919
-0.029019
-0.032155
-0.034122
-0.036155
-0.037495
-0.039334
-0.040557
-0.039522
-0.037693
-0.033712
-0.029516
-0.02807
-0.02573
-0.021831
-0.019465
-0.018854
-0.017943
-0.016866
-0.017043
-0.017338
-0.017751
-0.018164
-0.018383
-0.018582
-0.016694
-0.014345
-0.013139
-0.012877
-0.01392
-0.013294
-0.011904
-0.011351
-0.010531
-0.01115
-0.011626
-0.011696
-0.013646
-0.014259
-0.010966
-0.0057082
-0.00090626
0.0021267
0.002587
0.0028451
0.004425
0.0043244
0.0045435
0.0063089
0.0064538
0.0074626
0.0093288
0.0091312
0.0092945
0.012154
0.016452
0.01932
0.020913
0.021931
0.021804
0.02187
0.020982
0.019301
0.019202
0.018362
0.015963
0.014791
0.014796
0.015046
0.01643
0.017555
0.017244
0.016771
0.014996
0.011541
0.0078053
0.0048946
0.0039419
0.0033967
0.0020188
0.0017366
0.0032753
0.0044382
0.0058871
0.0094998
0.013024
0.01465
0.014842
0.015822
0.017348
0.017073
0.016946
0.017694
0.017545
0.016147
0.014988
0.014332
0.01227
0.011363
0.013658
0.016174
0.016818
0.016431
0.016823
0.016784
0.015898
0.016087
0.015819
0.013579
0.011648
0.012043
0.014049
0.01698
0.020507
0.023118
0.024017
0.024001
0.025148
0.027484
0.028842
0.029325
0.027945
0.024696
0.022371
0.019853
0.018347
0.018926
0.017481
0.015601
0.014487
0.011934
0.0089992
0.005716
0.0016273
-0.0028112
-0.0064452
-0.008872
-0.01056
-0.011941
-0.013328
-0.012402
-0.010995
-0.010525
-0.0079097
-0.0069643
-0.0081924
-0.0068547
-0.0039453
-0.00040446
0.0020599
0.0021681
0.0015348
0.0001802
-0.0003781
0.00060307
0.0023968
0.0051857
0.0070722
0.0076435
0.0065791
0.0029258
-0.00082459
-0.0030457
-0.0035896
-0.0030159
-0.0021975
-0.0020303
-0.0039539
-0.0054734
-0.005392
-0.0050573
-0.0038276
-0.0035307
-0.0038076
-0.004011
-0.0066893
-0.0094475
-0.010871
-0.011715
-0.011127
-0.011408
-0.011655
-0.010179
-0.011079
-0.013319
-0.013933
-0.014131
-0.013743
-0.014715
-0.016829
-0.017292
-0.01798
-0.018471
-0.017094
-0.015015
-0.01255
-0.010053
-0.0084273
-0.0082359
-0.0087622
-0.0084517
-0.007742
-0.008406
-0.010391
-0.012793
-0.015276
-0.017945
-0.020359
-0.020425
-0.018515
-0.016034
-0.013072
-0.011785
-0.011994
-0.011399
-0.010422
-0.0096198
-0.0098401
-0.010137
-0.01034
-0.011582
-0.013281
-0.013748
-0.013404
-0.013372
-0.01148
-0.0077183
-0.0055314
-0.0060061
-0.008182
-0.0099059
-0.010283
-0.010039
-0.0092097
-0.0087614
-0.010106
-0.012596
-0.013723
-0.012831
-0.011616
-0.010859
-0.011229
-0.012345
-0.012801
-0.013111
-0.013005
-0.012464
-0.012315
-0.010953
-0.0092948
-0.0093078
-0.0097034
-0.010268
-0.010478
-0.0093043
-0.0077724
-0.0068871
-0.0062488
-0.0046368
-0.002816
-0.00095975
0.0024896
0.0057444
0.006565
0.0052763
0.0035023
0.0026348
0.0027045
0.0038237
0.0053911
0.0074096
0.010113
0.012097
0.012365
0.010449
0.0084193
0.008135
0.0089557
0.010524
0.011981
0.013191
0.013798
0.014158
0.014719
0.014978
0.016681
0.019006
0.020078
0.02001
0.018398
0.015133
0.010868
0.0078544
0.0068702
0.0073581
0.0084242
0.0086113
0.0084296
0.0076915
0.007284
0.0088137
0.010586
0.011581
0.012413
0.013971
0.015548
0.015074
0.014201
0.014151
0.014059
0.015612
0.017107
0.016151
0.015015
0.01404
0.013592
0.013824
0.013815
0.015785
0.018022
0.017248
0.015665
0.013942
0.011241
0.0089269
0.0077242
0.0075794
0.0081828
0.0081373
0.006719
0.0049846
0.0034333
0.0021383
0.0016528
0.0013555
0.0010144
0.0011023
0.0010115
0.0010803
0.0014352
0.00083088
-0.00067893
-0.0026292
-0.003884
-0.0042719
-0.005852
-0.007176
-0.0068221
-0.0072922
-0.0087801
-0.010273
-0.011708
-0.011914
-0.011732
-0.012506
-0.012381
-0.011733
-0.011962
-0.011901
-0.012698
-0.014276
-0.014665
-0.015151
-0.015272
-0.014104
-0.013518
-0.013097
-0.012401
-0.012247
-0.011789
-0.011669
-0.011982
-0.010923
-0.0093748
-0.0080211
-0.0063962
-0.0049316
-0.0039068
-0.0037381
-0.0036306
-0.0025596
-0.0012827
-0.00067915
-0.00088021
-0.0018746
-0.0034258
-0.0049485
-0.0061609
-0.0063779
-0.0061451
-0.0067629
-0.0075825
-0.0094082
-0.012286
-0.013598
-0.01307
-0.011576
-0.0098663
-0.0083978
-0.0073769
-0.0074144
-0.0070854
-0.0057281
-0.0045296
-0.0032166
-0.0017203
-0.00053374
0.00036841
0.0007347
0.00063848
0.00049612
0.0004671
0.0013257
0.0025557
0.0031589
0.0036926
0.0030592
0.0021498
0.0031729
0.0042725
0.005212
0.006814
0.0079775
0.0088575
0.0098679
0.01093
0.011795
0.011993
0.011823
0.011701
0.010849
0.0088058
0.0065438
0.0048346
0.0039927
0.0034999
0.0026465
0.0016773
0.00073166
0.00050527
0.00099082
0.0016587
0.0034232
0.0049317
0.0050971
0.0061644
0.0076006
0.0077945
0.0079402
0.0082902
0.0082258
0.0086012
0.010072
0.011962
0.013571
0.014973
0.01686
0.019271
0.02113
0.021606
0.020955
0.020055
0.018587
0.016337
0.014509
0.013616
0.013759
0.01403
0.013273
0.012721
0.012891
0.012748
0.012508
0.011988
0.010889
0.009876
0.0084315
0.0070776
0.0061678
0.004332
0.0026011
0.0011229
-0.00037167
-0.00046486
-0.00037998
-0.00030042
0.00022422
0.00045518
0.0018782
0.0034929
0.0034311
0.0034011
0.0034311
0.0019193
-0.00013637
-0.0013114
-0.0024251
-0.0039945
-0.0055093
-0.0062182
-0.0056717
-0.0051726
-0.0051384
-0.0050935
-0.0059657
-0.0077546
-0.0091735
-0.010354
-0.012085
-0.013636
-0.014749
-0.01562
-0.015379
-0.01419
-0.012761
-0.01158
-0.011109
-0.01076
-0.010467
-0.010432
-0.010214
-0.009951
-0.0094246
-0.0087544
-0.0083055
-0.0077315
-0.0071276
-0.0061233
-0.0047376
-0.003543
-0.0026693
-0.0024549
-0.0029309
-0.0042458
-0.0057503
-0.0065454
-0.0069149
-0.0068563
-0.0066047
-0.0064153
-0.0059304
-0.0056107
-0.0059973
-0.0066519
-0.0075368
-0.0084741
-0.0086378
-0.0084591
-0.0085074
-0.0085761
-0.0086984
-0.0088076
-0.0088237
-0.0087215
-0.0083113
-0.0077655
-0.007184
-0.0062123
-0.0054343
-0.0051546
-0.0047194
-0.0044147
-0.0041906
-0.003835
-0.0035779
-0.0032445
-0.0028802
-0.0021877
-0.0014856
-0.0011996
-0.00056424
3.3635e-05
0.00033634
0.00096167
0.0014834
0.0020103
0.0027156
0.002826
0.0024845
0.0021008
0.0016405
0.0013741
0.001263
0.0012725
0.001589
0.0017301
0.001592
0.0016866
0.0019138
0.0020594
0.0020243
0.0018284
0.0016963
0.0017096
0.0019647
0.0023527
0.002733
0.0029444
0.0029689
0.0030351
0.0029125
0.0030131
0.0036834
0.0040644
0.0042332
0.0046046
0.0047405
0.0046523
0.0044935
0.0042837
0.0042641
0.0044029
0.0046642
0.0049031
0.0047505
0.0044936
0.0042984
0.0038496
0.0033078
0.0028372
0.002595
0.0025642
0.0022882
0.0019183
0.0016046
0.0012294
0.00095349
0.00066877
0.00051197
0.0006614
0.00073544
0.00067188
0.00069609
0.00085164
0.0011126
0.0013321
0.0014815
0.0017596
0.0020619
0.0021211
0.0021072
0.0021708
0.0021005
0.0019667
0.0018872
0.0017084
0.0015029
0.0012721
0.0010589
0.001082
0.001221
0.00144
0.0016776
0.001665
0.0014466
0.0012256
0.0011198
0.001075
0.0010219
0.00097972
0.00091003
0.0007571
0.00052207
0.00032532
0.00017374
4.9561e-05
-9.3719e-06
-0.00015355
-0.00035911
-0.00053704
-0.00072939
-0.00088051
-0.0010296
-0.001161
-0.0012057
-0.0012756
-0.001359
-0.0013738
-0.0014055
-0.0014627
-0.0014225
-0.001284
-0.0011262
-0.0009995
-0.00093392
-0.00092469
-0.00095935
-0.00099373
-0.0009994
-0.00098879
-0.00097965
-0.00097257
-0.00092511
-0.00086291
-0.00080858
-0.00074823
-0.00072209
-0.00071556
-0.00070934
-0.00071567
-0.00071467
-0.00070486
-0.0007039
-0.00070394
-0.00069438
-0.00069846
-0.00069436
-0.00065658
-0.00061846
-0.00058661
-0.00055409
-0.00051526
-0.00047771
-0.00045152
-0.00043212
-0.00042301
-0.0003952
-0.00034361
-0.00029206
-0.00024378
-0.00021573
-0.00019386
-0.00016015
-0.00013724
-0.00012522
-0.00011121
-9.744e-05
-8.6841e-05
-8.4358e-05
-8.3427e-05
-7.3804e-05
-6.7093e-05
-6.1743e-05
-5.3555e-05
-5.4384e-05
-5.1725e-05
-4.122e-05
-3.3191e-05
-2.6283e-05
-2.0839e-05
-8.4958e-06
6.6627e-06
1.1499e-05
1.3298e-05
1.8469e-05
2.6457e-05
3.6552e-05
4.8094e-05
6.0808e-05
7.2564e-05
8.1147e-05
8.8693e-05
9.6054e-05
9.9975e-05
0.00010306
0.00010552
0.00010601
0.00010606
0.00010439
0.00010389
0.000106
0.00010878
0.00011095
0.00011143
0.00011163
0.00011169
0.00011215
0.00011291
0.00011287
0.00011317
0.00011301
0.00011211
0.00011105
0.00010952
0.0001086
0.00010812
0.00010724
0.00010636
0.00010532
0.00010398
0.00010239
0.00010069
9.9354e-05
9.8159e-05
9.6909e-05
9.5937e-05
9.4996e-05
9.3903e-05
9.2901e-05
9.1946e-05
9.0975e-05
9.0003e-05
8.905e-05
8.8161e-05
8.7241e-05
8.6247e-05
8.5207e-05
8.4125e-05
8.3036e-05
8.196e-05
8.0885e-05
7.9818e-05
7.8758e-05
7.7708e-05
7.6665e-05
7.5626e-05
7.4592e-05
7.3563e-05
7.2538e-05
7.1516e-05
7.0494e-05
6.9473e-05
6.8451e-05
6.7427e-05
6.6401e-05
