0.0015992
0.0016174
0.0016262
0.0016231
0.0016075
0.0015812
0.0015491
0.0015192
0.0015019
0.0015091
0.001551
0.0016325
0.0017502
0.0019083
0.0021115
0.002362
0.0026594
0.0029992
0.0033717
0.0037615
0.0041474
0.0045036
0.0048025
0.00502
0.0051433
0.0051795
0.0051372
0.0050069
0.0047789
0.004451
0.0040305
0.0035402
0.0030145
0.0024848
0.0019846
0.0015478
0.0011985
0.00094676
0.00081387
0.00081824
0.00095739
0.0011936
0.0014519
0.0016833
0.0018362
0.0018521
0.0016754
0.0012647
0.00060703
-0.00025894
-0.00124
-0.0022876
-0.0033798
-0.0044985
-0.0056365
-0.006801
-0.0080209
-0.0093421
-0.01079
-0.012379
-0.014111
-0.01596
-0.017872
-0.019755
-0.021474
-0.022863
-0.023805
-0.024244
-0.024228
-0.023927
-0.023457
-0.02284
-0.022092
-0.021227
-0.020253
-0.019174
-0.017993
-0.016721
-0.015366
-0.01394
-0.012459
-0.010947
-0.00944
-0.0079738
-0.0065853
-0.0052999
-0.0041209
-0.0030158
-0.0019224
-0.00078247
0.00048146
0.0019674
0.0037822
0.0060258
0.0087675
0.012015
0.015683
0.019543
0.02323
0.02641
0.028718
0.02979
0.029332
0.027226
0.023658
0.019221
0.014552
0.0099735
0.0057819
0.0022544
-0.00040653
-0.0019583
-0.002149
-0.00085815
0.0018022
0.0053823
0.0092378
0.013005
0.016319
0.018773
0.01999
0.019689
0.01778
0.014483
0.010423
0.0062868
0.0024861
-0.00057889
-0.0025162
-0.0030378
-0.0020421
0.00024257
0.0032454
0.0066613
0.010294
0.013894
0.017175
0.019831
0.021564
0.022123
0.021367
0.019333
0.016362
0.013093
0.0098641
0.0068393
0.0041391
0.0017915
-0.00029217
-0.0022274
-0.0040608
-0.005853
-0.0076865
-0.009654
-0.011849
-0.014352
-0.017208
-0.020416
-0.023985
-0.027924
-0.032192
-0.036668
-0.041125
-0.045217
-0.048481
-0.050458
-0.050771
-0.049187
-0.045736
-0.04087
-0.035257
-0.029106
-0.02262
-0.016106
-0.0099393
-0.0045702
-0.00048599
0.0018628
0.002184
0.00043386
-0.0030046
-0.0072603
-0.011658
-0.015838
-0.019446
-0.02216
-0.023731
-0.023915
-0.022569
-0.019809
-0.016017
-0.011243
-0.0053941
0.001556
0.0095205
0.018222
0.027101
0.035314
0.042202
0.047237
0.050022
0.050402
0.048386
0.044396
0.039437
0.034465
0.029774
0.025441
0.021418
0.017835
0.014807
0.012358
0.010421
0.0088113
0.0073488
0.0059637
0.0046061
0.003228
0.0017927
0.00027181
-0.00135
-0.0030757
-0.0048887
-0.0067501
-0.0085912
-0.010313
-0.011788
-0.012865
-0.013381
-0.013197
-0.012233
-0.010526
-0.0082785
-0.0057125
-0.0029324
-7.2554e-05
0.0026744
0.0050674
0.0068283
0.0076684
0.0073318
0.0056628
0.0026864
-0.0012669
-0.0055436
-0.00968
-0.013276
-0.015886
-0.017078
-0.016514
-0.014057
-0.0099251
-0.0047549
0.00097834
0.0070383
0.013144
0.018947
0.024052
0.028048
0.030545
0.031253
0.030073
0.027256
0.023454
0.01914
0.014529
0.0098587
0.0054154
0.0015125
-0.0015299
-0.0034184
-0.0039429
-0.0030495
-0.00095466
0.0018104
0.0048218
0.0078247
0.010535
0.012638
0.013824
0.013835
0.012529
0.0099667
0.0065062
0.002659
-0.0013669
-0.0053772
-0.0091276
-0.012364
-0.014841
-0.01636
-0.016776
-0.015963
-0.013932
-0.010949
-0.0075644
-0.0042188
-0.0011751
0.0013222
0.0030629
0.0038626
0.0035695
0.0021637
-0.00014575
-0.0028946
-0.0057279
-0.0084626
-0.010931
-0.012985
-0.014536
-0.015575
-0.016089
-0.015987
-0.015206
-0.013756
-0.011773
-0.009519
-0.0070747
-0.004512
-0.0019446
0.00048417
0.0025939
0.0041854
0.0050833
0.005173
0.0044393
0.0030501
0.0013529
-0.00049117
-0.0023072
-0.0038525
-0.004847
-0.0049906
-0.0040074
-0.0017143
0.0018799
0.006463
0.011406
0.016307
0.020856
0.024715
0.027559
0.029042
0.028903
0.02706
0.023776
0.019637
0.0148
0.0094177
0.0037805
-0.0016978
-0.0065552
-0.010533
-0.013482
-0.015234
-0.015533
-0.01422
-0.011344
-0.007302
-0.0028261
0.0017693
0.0061971
0.010097
0.013103
0.014895
0.015261
0.014176
0.01191
0.009101
0.0063623
0.0039047
0.0018202
8.3296e-05
-0.0014857
-0.0030227
-0.0045811
-0.0062048
-0.0079162
-0.0096944
-0.011458
-0.013058
-0.014269
-0.014817
-0.014524
-0.013334
-0.011376
-0.0089931
-0.0064104
-0.0036838
-0.00085209
0.0020516
0.0050093
0.007991
0.010893
0.013559
0.01579
0.017343
0.017966
0.017453
0.015722
0.012901
0.0093785
0.005432
0.0011898
-0.0031804
-0.0074501
-0.011399
-0.014877
-0.0178
-0.02014
-0.021781
-0.022632
-0.022687
-0.022089
-0.021139
-0.020035
-0.018824
-0.017528
-0.016149
-0.01467
-0.013055
-0.011261
-0.0092516
-0.0070202
-0.0045944
-0.0019632
0.00086695
0.0038468
0.0068748
0.0097857
0.012346
0.014287
0.015388
0.015492
0.014553
0.012743
0.010455
0.0078575
0.0050162
0.0020193
-0.0010263
-0.0039887
-0.0067148
-0.0090298
-0.010752
-0.011712
-0.011793
-0.010982
-0.0094494
-0.0075558
-0.0054743
-0.0032899
-0.0011041
0.00097528
0.0028359
0.0043734
0.0055031
0.0061816
0.0064334
0.0063181
0.0058169
0.0049314
0.003726
0.0023422
0.00092968
-0.0004204
-0.0016147
-0.0025528
-0.0031424
-0.0033166
-0.0030575
-0.0024318
-0.0016022
-0.00067722
0.00031264
0.0013464
0.0024074
0.0034856
0.0045768
0.005679
0.0067889
0.0078972
0.0089854
0.010023
0.010968
0.011771
0.012377
0.012696
0.012621
0.012061
0.010964
0.0093545
0.0073854
0.0053297
0.003294
0.0013598
-0.000385
-0.0018749
-0.0030796
-0.0040282
-0.0047732
-0.0052915
-0.0055531
-0.0055479
-0.0052916
-0.0048526
-0.0043451
-0.0037975
-0.0032206
-0.0026281
-0.002029
-0.0014309
-0.00083766
-0.00025233
0.00032504
0.00089539
0.0014624
0.0020352
0.0026286
0.0032606
0.0039518
0.0047214
0.005583
0.0065379
0.0075682
0.0086282
0.0096408
0.010515
0.011154
0.011455
0.011323
0.010702
0.0095951
0.0081214
0.0065017
0.0047887
0.0030031
0.0011706
-0.00069484
-0.0025851
-0.0045
-0.0064412
-0.0084212
-0.010458
-0.012566
-0.014749
-0.016991
-0.019252
-0.021462
-0.023509
-0.025252
-0.026528
-0.027169
-0.027038
-0.026074
-0.02435
-0.022122
-0.019641
-0.016975
-0.014179
-0.011316
-0.0084556
-0.0056427
-0.0028965
-0.0002191
0.0024048
0.0050091
0.0076228
0.010215
0.012717
0.015033
0.017033
0.018576
0.01952
0.019749
0.019224
0.018036
0.016455
0.014743
0.012981
0.011221
0.0095039
0.007839
0.0062071
0.0046245
0.0031329
0.0017852
0.0006471
-0.00020942
-0.00071698
-0.00083254
-0.00055115
6.5716e-05
0.00087152
0.0017662
0.002717
0.0036942
0.0046673
0.005607
0.0064872
0.007286
0.0079884
0.0085929
0.009107
0.0094813
0.0096459
0.0095262
0.0090529
0.0081834
0.0069257
0.0053773
0.0037287
0.0020895
0.00053055
-0.00087648
-0.0020719
-0.0030214
-0.0037357
-0.0042824
-0.0047231
-0.005055
-0.0052641
-0.0053364
-0.0052598
-0.0050327
-0.0046783
-0.0042472
-0.003754
-0.003198
-0.0025838
-0.001925
-0.0012477
-0.00059328
-1.2032e-05
0.00043918
0.00069878
0.00070899
0.00042974
-0.00014982
-0.0010012
-0.0020329
-0.0031535
-0.0043342
-0.0055495
-0.0067674
-0.0079524
-0.0090653
-0.010065
-0.010912
-0.011563
-0.011962
-0.012056
-0.01182
-0.011278
-0.010505
-0.0095026
-0.0082362
-0.0066859
-0.0048605
-0.0028134
-0.00057966
0.0018772
0.0045995
0.0076096
0.010896
0.014389
0.017942
0.021312
0.024189
0.026181
0.026884
0.026184
0.024273
0.021662
0.018679
0.015394
0.011856
0.0081203
0.0042416
0.00028427
-0.0036605
-0.007465
-0.010958
-0.013926
-0.01613
-0.01733
-0.017292
-0.015879
-0.01315
-0.0094706
-0.0053545
-0.00096958
0.0035401
0.0079779
0.012127
0.015764
0.018696
0.020781
0.021974
0.022245
0.021545
0.019939
0.017687
0.015127
0.012322
0.0092852
0.0060386
0.002603
-0.00098194
-0.0046466
-0.0082659
-0.011667
-0.014746
-0.017429
-0.019689
-0.021551
-0.022911
-0.023652
-0.023704
-0.02307
-0.021896
-0.020465
-0.018902
-0.017249
-0.015542
-0.013809
-0.012068
-0.010328
-0.008588
-0.0068475
-0.0051044
-0.0033679
-0.0016773
-9.5639e-05
0.0012941
0.0023944
0.0031082
0.0033584
0.0031266
0.0024594
0.0013217
-0.00029224
-0.0023048
-0.0045296
-0.0067222
-0.0087492
-0.010494
-0.011851
-0.012759
-0.013228
-0.0133
-0.012922
-0.012045
-0.010675
-0.0088987
-0.0069016
-0.0048028
-0.0026347
-0.00041778
0.001831
0.0040995
0.0063766
0.0086499
0.010901
0.013103
0.01522
0.017192
0.018927
0.020317
0.021259
0.021676
0.021545
0.020854
0.019691
0.01826
0.016693
0.015022
0.013263
0.011425
0.0095073
0.0075022
0.0054024
0.0032093
0.00094407
-0.0013425
-0.003583
-0.0057405
-0.0077844
-0.0096906
-0.011456
-0.013098
-0.014577
-0.01582
-0.016747
-0.017285
-0.017384
-0.017058
-0.016382
-0.015314
-0.013811
-0.011877
-0.009586
-0.0071102
-0.0046248
-0.0022267
-6.1023e-06
0.0019491
0.0035734
0.004846
0.0058027
0.0064547
0.0067863
0.0068155
0.0066052
0.0061825
0.0055319
0.0046464
0.0035434
0.0022867
0.00098346
-0.00033094
-0.0016323
-0.0028916
-0.0040828
-0.0051838
-0.0061817
-0.0070803
-0.007898
-0.0086069
-0.0091498
-0.0094579
-0.009461
-0.0091009
-0.0083599
-0.0072655
-0.0057815
-0.003893
-0.0016508
0.00080537
0.0032925
0.005734
0.0080691
0.01024
0.012209
0.01397
0.01556
0.01698
0.018117
0.018818
0.01891
0.018226
0.01673
0.014602
0.012212
0.0096864
0.0071364
0.0047212
0.0026161
0.0010016
4.0727e-05
-9.1921e-05
0.00073153
0.0025247
0.0051117
0.0080751
0.010963
0.013491
0.015384
0.016381
0.016297
0.015089
0.012959
0.010357
0.0074685
0.0043451
0.0010383
-0.0024079
-0.0059486
-0.0095356
-0.013101
-0.016537
-0.019696
-0.02239
-0.024406
-0.025535
-0.025618
-0.024608
-0.022659
-0.02019
-0.017612
-0.01508
-0.012702
-0.010564
-0.0086874
-0.0070103
-0.0054336
-0.0039711
-0.0026651
-0.0015671
-0.00074248
-0.00025688
-0.00016035
-0.0004591
-0.0010872
-0.0018622
-0.0024946
-0.002816
-0.0026841
-0.0019822
-0.00066726
0.0011757
0.0033199
0.0056239
0.0079642
0.010171
0.012035
0.013314
0.013784
0.013504
0.012802
0.011886
0.010804
0.0095923
0.0082886
0.006926
0.0055339
0.0041413
0.0027827
0.0015002
0.00033159
-0.00068888
-0.0015317
-0.0021816
-0.0026516
-0.0029888
-0.0032077
-0.0032826
-0.0031813
-0.0028752
-0.0023469
-0.0016101
-0.00070727
0.00040997
0.0018448
0.003712
0.0061196
0.0091377
0.012759
0.016842
0.021087
0.025259
0.029219
0.032788
0.035752
0.037915
0.039094
0.039061
0.037669
0.034954
0.031203
0.026731
0.021689
0.016301
0.010937
0.005973
0.0014605
-0.0027169
-0.0065985
-0.010138
-0.013302
-0.016096
-0.018581
-0.020871
-0.022986
-0.024944
-0.026778
-0.028549
-0.030316
-0.03205
-0.033686
-0.035128
-0.036255
-0.03693
-0.037019
-0.03641
-0.035062
-0.033061
-0.030661
-0.028114
-0.025508
-0.022908
-0.020377
-0.017959
-0.015666
-0.013498
-0.011489
-0.0096744
-0.0080771
-0.0067005
-0.005513
-0.0044359
-0.003389
-0.0023318
-0.0012254
-2.71e-05
0.001302
0.0027905
0.0044466
0.0062452
0.0081176
0.0099896
0.011816
0.013551
0.015147
0.016568
0.017789
0.018743
0.019364
0.019608
0.01948
0.019047
0.01836
0.017453
0.016404
0.015316
0.01426
0.013306
0.012535
0.012026
0.011841
0.01201
0.012498
0.013207
0.014134
0.015277
0.016603
0.018038
0.019458
0.02071
0.021637
0.02207
0.021841
0.020821
0.018971
0.016532
0.013952
0.011343
0.0087446
0.0061832
0.0036337
0.0010472
-0.001591
-0.0042854
-0.0070309
-0.0097958
-0.012514
-0.015078
-0.017367
-0.019272
-0.020707
-0.021639
-0.022105
-0.022102
-0.021586
-0.020556
-0.019104
-0.017415
-0.015561
-0.013559
-0.011429
-0.0092009
-0.0069182
-0.0046478
-0.0024892
-0.00057027
0.0010153
0.0022374
0.0031323
0.003759
0.0040681
0.0039996
0.003522
0.0026457
0.0014651
0.0001504
-0.0012581
-0.0027405
-0.0042633
-0.0057885
-0.007267
-0.0086406
-0.0098398
-0.01078
-0.011357
-0.011477
-0.011075
-0.010156
-0.0088215
-0.0071682
-0.0051866
-0.0028532
-0.00017438
0.0027965
0.0059326
0.0090175
0.011815
0.014145
0.015849
0.016815
0.016965
0.016267
0.014823
0.012948
0.011035
0.0092044
0.0074973
0.0059073
0.0043912
0.0029702
0.0016664
0.00049185
-0.00054859
-0.0014617
-0.0022695
-0.0029827
-0.0035789
-0.00403
-0.004315
-0.0044289
-0.0043984
-0.0042877
-0.0041372
-0.0039539
-0.0037399
-0.0034945
-0.0032129
-0.002887
-0.0025079
-0.0020683
-0.0015676
-0.0010166
-0.00043132
0.00018838
0.00084311
0.0015297
0.0022396
0.0029589
0.0036826
0.004411
0.0051452
0.0058868
0.006637
0.007395
0.0081577
0.0089166
0.0096477
0.010308
0.010842
0.011183
0.011264
0.011028
0.010462
0.0096278
0.0086649
0.0076323
0.0065492
0.0054344
0.0043028
0.003165
0.0020269
0.00089113
-0.00024172
-0.0013722
-0.0025009
-0.0036275
-0.0047505
-0.0058673
-0.0069744
-0.0080688
-0.0091483
-0.010213
-0.011266
-0.012309
-0.013344
-0.014374
-0.0154
-0.016425
-0.017446
-0.01845
-0.019391
-0.020202
-0.020796
-0.02108
-0.020963
-0.020388
-0.019346
-0.017817
-0.015777
-0.013272
-0.010465
-0.007637
-0.0049757
-0.0026188
-0.00069065
0.00072703
0.0016359
0.0021392
0.0022813
0.0020329
0.0013839
0.00037133
-0.00089752
-0.0022785
-0.0036999
-0.0050859
-0.0063384
-0.0073455
-0.0079889
-0.0081596
-0.007784
-0.0068553
-0.005489
-0.0039154
-0.0021999
-0.00039195
0.0014312
0.0031794
0.0047459
0.0060171
0.006881
0.0072483
0.0070783
0.0064194
0.0054372
0.0043094
0.0031246
0.0019793
0.00099079
0.00028405
-2.1307e-05
0.00016966
0.0008978
0.0021188
0.0036506
0.0051834
0.0065464
0.0075846
0.0081412
0.0081016
0.0074255
0.0062053
0.0046835
0.0030646
0.0014826
8.9496e-05
-0.00095005
-0.0014791
-0.0013779
-0.00059811
0.00078188
0.0025379
0.0045053
0.0066083
0.008757
0.010839
0.012723
0.014265
0.01532
0.015758
0.015502
0.014558
0.013089
0.011399
0.0095559
0.0075813
0.0055095
0.0033668
0.0011833
-0.0010081
-0.0031601
-0.0052116
-0.007105
-0.0087869
-0.010212
-0.011355
-0.012241
-0.01294
-0.013437
-0.013675
-0.013596
-0.013154
-0.012339
-0.01121
-0.0098998
-0.0084723
-0.006969
-0.0054512
-0.0040004
-0.0027176
-0.0017168
-0.001114
-0.0010036
-0.001443
-0.0024958
-0.0041577
-0.0063008
-0.0086291
-0.010774
-0.01258
-0.013968
-0.014928
-0.015484
-0.015513
-0.014878
-0.013486
-0.011314
-0.0084653
-0.0052229
-0.0019576
0.0011665
0.0040225
0.0064962
0.0085287
0.010145
0.01148
0.012664
0.013718
0.014641
0.015432
0.016077
0.016566
0.016895
0.017078
0.017067
0.016807
0.016261
0.015422
0.014334
0.013036
0.011515
0.0097639
0.0078071
0.005708
0.0035846
0.0016328
9.3498e-05
-0.00099422
-0.0017246
-0.0022304
-0.0024983
-0.0024971
-0.0022204
-0.0016849
-0.00095763
-0.00014867
0.0007069
0.0015856
0.0024542
0.0032759
0.0040074
0.0046032
0.005018
0.0052176
0.0051845
0.0048989
0.0043456
0.0035478
0.0025805
0.0015058
0.00031175
-0.0010281
-0.0025404
-0.0042458
-0.0061468
-0.0082092
-0.010355
-0.012512
-0.014599
-0.016503
-0.018099
-0.019268
-0.019913
-0.01999
-0.019467
-0.018312
-0.016574
-0.014437
-0.012142
-0.0097522
-0.0073022
-0.0048231
-0.0023318
0.00016611
0.0026757
0.0052084
0.0077763
0.01038
0.012999
0.015585
0.018063
0.020331
0.022264
0.023757
0.024735
0.025136
0.024826
0.023703
0.021754
0.019127
0.016138
0.012963
0.0097247
0.006581
0.0037132
0.0012535
-0.00075002
-0.0023472
-0.0036967
-0.0049051
-0.0060028
-0.007018
-0.0079824
-0.0089244
-0.0098646
-0.010821
-0.011813
-0.012857
-0.013972
-0.015172
-0.016464
-0.017839
-0.019269
-0.020695
-0.022025
-0.023128
-0.023845
-0.024053
-0.023677
-0.022724
-0.021334
-0.019778
-0.01812
-0.016393
-0.014631
-0.012857
-0.011083
-0.0093068
-0.0075161
-0.0056898
-0.003806
-0.0018453
0.00020209
0.0023299
0.0045066
0.0066709
0.0087269
0.010544
0.011969
0.012865
0.013132
0.012738
0.011777
0.010504
0.0091662
0.0078465
0.0065927
0.0054279
0.0043362
0.0033299
0.0024584
0.0017792
0.0013506
0.0012252
0.0014333
0.0019647
0.0027356
0.0035857
0.0044105
0.005129
0.0056523
0.0058975
0.0058029
0.0053502
0.0045934
0.0036711
0.0026961
0.0017388
0.00087645
0.00019314
-0.00023203
-0.00033811
-0.00010019
0.00044408
0.0011847
0.0020491
0.0030164
0.0040642
0.0051587
0.0062574
0.0073252
0.0083244
0.0092122
0.009945
0.010483
0.010805
0.010906
0.010745
0.010288
0.0095314
0.0085289
0.0073961
0.0062062
0.0049747
0.0037063
0.0023999
0.0010468
-0.00036565
-0.0018505
-0.003413
-0.0050444
-0.0067138
-0.0083626
-0.0098989
-0.011199
-0.012109
-0.012471
-0.012219
-0.011451
-0.010406
-0.0091674
-0.0077507
-0.0061775
-0.0044767
-0.0026915
-0.0008864
0.00085339
0.0024817
0.0039656
0.0052857
0.0064497
0.0074718
0.0083146
0.0089343
0.0092988
0.0093994
0.0092674
0.0089996
0.0087562
0.008637
0.0087022
0.0089909
0.0095008
0.010167
0.010851
0.011419
0.011762
0.011767
0.011329
0.010357
0.0088144
0.00677
0.0044233
0.0019693
-0.00052995
-0.003033
-0.0055018
-0.0079162
-0.010268
-0.012504
-0.014537
-0.016261
-0.01756
-0.018305
-0.018323
-0.017468
-0.015673
-0.013026
-0.0098058
-0.0062347
-0.0024598
0.0013044
0.0047783
0.0078023
0.010413
0.01277
0.014868
0.016614
0.017903
0.018626
0.018698
0.018087
0.016878
0.01529
0.013473
0.011483
0.0093933
0.0073088
0.0053609
0.0036268
0.0021323
0.00085838
-0.00019334
-0.00094156
-0.0012902
-0.0011522
-0.00047151
0.00074558
0.0023784
0.0041893
0.0060716
0.0079867
0.0099012
0.011794
0.013661
0.015514
0.017341
0.019111
0.02078
0.022293
0.023587
0.024601
0.02529
0.025623
0.025546
0.025039
0.024154
0.023035
0.021822
0.020555
0.019266
0.017978
0.016708
0.015464
0.014237
0.013012
0.011765
0.010493
0.0092036
0.0079176
0.0066709
0.0055164
0.0045186
0.0037239
0.0031587
0.002813
0.0026261
0.0025356
0.0025227
0.0025655
0.0026293
0.0026669
0.002619
0.0024241
0.0020222
0.0013611
0.00041112
-0.0008189
-0.002252
-0.0037511
-0.0052803
-0.0068253
-0.0083722
-0.0099181
-0.011469
-0.013042
-0.014661
-0.016342
-0.018084
-0.019867
-0.021641
-0.023326
-0.024807
-0.025945
-0.02661
-0.026718
-0.026251
-0.025249
-0.023724
-0.021777
-0.019617
-0.017364
-0.015103
-0.012935
-0.010968
-0.0093081
-0.0080459
-0.007239
-0.0069168
-0.0070801
-0.0076386
-0.0084047
-0.0092856
-0.010232
-0.011184
-0.012096
-0.012946
-0.013733
-0.014479
-0.015212
-0.015947
-0.016699
-0.017482
-0.018306
-0.019172
-0.020069
-0.020973
-0.021844
-0.022635
-0.023303
-0.023811
-0.024135
-0.024272
-0.024188
-0.023843
-0.023219
-0.022336
-0.02127
-0.020125
-0.018931
-0.017705
-0.016472
-0.015252
-0.014064
-0.012928
-0.011856
-0.010857
-0.0099314
-0.0090631
-0.0082228
-0.00739
-0.0065577
-0.0057228
-0.0048862
-0.0040543
-0.0032442
-0.0024964
-0.0018661
-0.001417
-0.0012134
-0.0013073
-0.0017192
-0.0024163
-0.0032866
-0.0041717
-0.0049734
-0.0055911
-0.0059164
-0.0058534
-0.005341
-0.00438
-0.0030774
-0.0016381
-0.00012063
0.001439
0.0029971
0.0045174
0.0059703
0.0073392
0.0086218
0.009836
0.011019
0.012203
0.013404
0.014637
0.015907
0.017207
0.018517
0.019796
0.020989
0.02202
0.022799
0.023233
0.023241
0.02276
0.021727
0.020138
0.018091
0.015823
0.013559
0.011385
0.009348
0.0074641
0.0057287
0.00413
0.0026186
0.0010973
-0.00053325
-0.0022641
-0.0040165
-0.0056566
-0.0070927
-0.0082641
-0.0091337
-0.0097165
-0.010099
-0.010361
-0.010508
-0.010534
-0.01044
-0.010232
-0.0099305
-0.0095716
-0.009181
-0.0087717
-0.0083591
-0.0079642
-0.0076125
-0.0073328
-0.0071537
-0.0070987
-0.007178
-0.0073797
-0.0076559
-0.0079233
-0.0081201
-0.0081784
-0.0080229
-0.0075836
-0.006811
-0.0056966
-0.0043043
-0.002773
-0.0011661
0.00048838
0.0021588
0.0038126
0.0054174
0.0069427
0.0083629
0.0096583
0.0108
0.011752
0.012488
0.013007
0.013338
0.013463
0.013352
0.012989
0.012392
0.011629
0.010791
0.009902
0.0089764
0.0080349
0.0070998
0.0061968
0.0053543
0.0046021
0.0039707
0.0035004
0.0032279
0.0031748
0.0033304
0.0036461
0.004103
0.0047186
0.0055072
0.0064678
0.0075724
0.0087566
0.0099572
0.011149
0.01231
0.013422
0.014468
0.015406
0.016165
0.016664
0.01682
0.016566
0.015876
0.014793
0.01346
0.012009
0.010476
0.008879
0.0072377
0.0055683
0.0038847
0.0022002
0.00052461
-0.0011338
-0.0027646
-0.0043534
-0.0058824
-0.0073334
-0.008687
-0.0098926
-0.010881
-0.011584
-0.011942
-0.011895
-0.011399
-0.010466
-0.0092075
-0.0078267
-0.0063841
-0.0049161
-0.0034669
-0.0020723
-0.00076152
0.00045119
0.0015675
0.0026152
0.0036403
0.0046394
0.0055897
0.0064568
0.0071927
0.0077414
0.0080474
0.00807
0.0078017
0.0072677
0.0065016
0.005585
0.0045992
0.003571
0.0025201
0.0014677
0.00043236
-0.00056878
-0.0015218
-0.0024164
-0.0032369
-0.0039403
-0.0044725
-0.0047786
-0.0048126
-0.0045567
-0.0040333
-0.0032748
-0.0023636
-0.001391
-0.00040971
0.00052234
0.0013375
0.0019659
0.0023448
0.0024316
0.0022232
0.0017726
0.0011437
0.00037151
-0.00048313
-0.0013276
-0.0020975
-0.0027316
-0.0031705
-0.0033699
-0.0033133
-0.0030327
-0.0026164
-0.0021312
-0.0016121
-0.0010988
-0.00063811
-0.00028008
-7.3498e-05
-5.919e-05
-0.00025992
-0.00066812
-0.0012278
-0.0018289
-0.002378
-0.0028133
-0.0030783
-0.0031308
-0.0029567
-0.0025918
-0.002123
-0.0015918
-0.0010193
-0.00043275
0.00013728
0.00065688
0.0010912
0.0014064
0.0015749
0.0015818
0.0014347
0.0011754
0.00085938
0.00049438
7.9671e-05
-0.00038388
-0.00089517
-0.0014487
-0.0020314
-0.0026262
-0.0032275
-0.0038296
-0.004424
-0.0049995
-0.0055426
-0.0060381
-0.0064711
-0.0068258
-0.0070909
-0.0072669
-0.0073679
-0.0073877
-0.0072968
-0.0070613
-0.0066518
-0.006052
-0.0052719
-0.0043631
-0.0034001
-0.0024191
-0.0014581
-0.00056628
0.00020348
0.00079879
0.0011774
0.0013097
0.0011884
0.00085023
0.00039753
-3.8054e-05
-0.00039968
-0.00064939
-0.00076148
-0.0007432
-0.00063302
-0.00042906
-0.00010784
0.00035248
0.00096922
0.0017459
0.0026632
0.0036628
0.0046438
0.0055214
0.0062424
0.0067664
0.0070813
0.0072074
0.0071282
0.0068175
0.0062721
0.0055257
0.0046619
0.0037654
0.0028788
0.0020423
0.0012994
0.00068943
0.00024137
-3.624e-05
-0.00016718
-0.00018587
-7.2602e-05
0.00020052
0.00065379
0.0012933
0.002098
0.0030034
0.0038959
0.0046727
0.0052572
0.00558
0.0055929
0.0052888
0.0047329
0.0040632
0.0033395
0.0025809
0.0018024
0.0010105
0.00020261
-0.00062641
-0.0014752
-0.0023375
-0.0031987
-0.0040326
-0.0047995
-0.0054459
-0.0059108
-0.0061516
-0.006154
-0.0059492
-0.0056209
-0.0052181
-0.0047415
-0.0041856
-0.0035436
-0.0028094
-0.0019832
-0.0010786
-0.00011914
0.00087876
0.0018886
0.0028671
0.0037539
0.0044727
0.0049372
0.0050852
0.0049125
0.0044946
0.0039766
0.0033881
0.002738
0.0020413
0.0013086
0.00055076
-0.00022227
-0.00099689
-0.0017546
-0.0024692
-0.0031066
-0.0036274
-0.0040027
-0.0042175
-0.0042806
-0.0042381
-0.0041525
-0.0040386
-0.0039031
-0.0037539
-0.0035956
-0.0034307
-0.0032594
-0.0030799
-0.00289
-0.0026878
-0.0024729
-0.0022485
-0.0020202
-0.0017872
-0.0015461
-0.0012926
-0.0010207
-0.00072331
-0.00039349
-2.6024e-05
0.00038042
0.00081962
0.0012769
0.0017422
0.0022124
0.0026848
0.003157
0.0036271
0.0040939
0.0045567
0.0050151
0.0054692
0.0059195
0.0063667
0.0068113
0.0072444
0.0076518
0.008015
0.0083122
0.0085212
0.0086237
0.0086112
0.0084941
0.0083076
0.0080827
0.0078203
0.0075154
0.007162
0.0067536
0.006286
0.0057615
0.0051943
0.0046129
0.0040428
0.0035025
0.0030116
0.0025891
0.0022485
0.0019934
0.0018088
0.0016623
0.0015537
0.0014881
0.0014685
0.0014957
0.001565
0.0016624
0.0017665
0.0018578
0.0019113
0.0018955
0.0017759
0.0015191
0.0011005
0.00051375
-0.00021412
-0.0010179
-0.0018512
-0.0026961
-0.0035357
-0.0043538
-0.0051375
-0.0058781
-0.006554
-0.0071296
-0.0075643
-0.0078192
-0.0078646
-0.0076926
-0.0073351
-0.0068713
-0.0063584
-0.0058117
-0.0052416
-0.0046572
-0.0040639
-0.0034643
-0.0028586
-0.0022462
-0.0016267
-0.001002
-0.00037704
0.00023892
0.0008325
0.0013866
0.0018818
0.0022994
0.0026253
0.0028558
0.0030059
0.0031115
0.0031955
0.0032618
0.0033106
0.0033398
0.0033444
0.003317
0.0032498
0.0031365
0.002976
0.0027764
0.0025569
0.0023299
0.0020984
0.0018632
0.0016234
0.0013755
0.0011135
0.00082919
0.00051357
0.00015843
-0.00024098
-0.00068303
-0.0011553
-0.0016332
-0.0020958
-0.0025291
-0.0029205
-0.0032612
-0.0035498
-0.003788
-0.0039648
-0.0040695
-0.0040974
-0.0040523
-0.0039548
-0.0038394
-0.0037092
-0.0035582
-0.0033779
-0.0031549
-0.0028742
-0.002521
-0.002086
-0.0015705
-0.00099494
-0.0004002
0.00018499
0.00073584
0.0012241
0.0016218
0.0019055
0.0020637
0.0021058
0.0020661
0.0019579
0.0017672
0.0014759
0.0010669
0.00052882
-0.00013601
-0.00090102
-0.0017079
-0.0025023
-0.0032673
-0.0039979
-0.0046984
-0.0053905
-0.0061094
-0.0068622
-0.0076321
-0.0083841
-0.0090578
-0.0095749
-0.0098861
-0.009966
-0.0098172
-0.009446
-0.0088686
-0.0081459
-0.0073584
-0.0065266
-0.0056598
-0.0047673
-0.0038548
-0.0029267
-0.0019876
-0.0010448
-0.00011105
0.00079384
0.0016422
0.0023991
0.0030265
0.0034912
0.0037753
0.0038825
0.0038051
0.0035262
0.0030494
0.0024178
0.0017141
0.00098157
0.00024471
-0.00047033
-0.0011386
-0.0017384
-0.0022553
-0.0026863
-0.0030468
-0.0033705
-0.0036697
-0.0039453
-0.0041969
-0.0044228
-0.004621
-0.0047911
-0.0049363
-0.005067
-0.0052007
-0.0053437
-0.0054998
-0.0056715
-0.0058573
-0.0060518
-0.0062501
-0.0064495
-0.0066463
-0.0068355
-0.0070115
-0.0071684
-0.0073004
-0.0074031
-0.0074746
-0.0075175
-0.0075416
-0.0075618
-0.0075716
-0.007555
-0.0074895
-0.0073457
-0.0070905
-0.0066917
-0.0061256
-0.0053874
-0.0045052
-0.0035457
-0.0025506
-0.001527
-0.00047515
0.00061001
0.0017393
0.0029275
0.0041904
0.005539
0.0069734
0.0084728
0.0099937
0.011501
0.012961
0.014329
0.015561
0.016614
0.017463
0.018102
0.018494
0.018592
0.018375
0.017861
0.017129
0.016295
0.015412
0.0145
0.013575
0.012647
0.011719
0.010785
0.0098348
0.0088603
0.0078565
0.0068238
0.0057713
0.0047195
0.0037027
0.0027684
0.0019781
0.0013949
0.001038
0.00087813
0.00083638
0.00086612
0.00096656
0.0011423
0.0013985
0.0017398
0.0021651
0.0026611
0.0031958
0.0037319
0.0042396
0.0046833
0.0050209
0.0052094
0.0052121
0.005012
0.0046168
0.0040128
0.0031892
0.0021658
0.0010072
-0.00020195
-0.0014331
-0.0026668
-0.0038822
-0.0050632
-0.0061987
-0.0072845
-0.0083151
-0.0092906
-0.01022
-0.011125
-0.012026
-0.012916
-0.013772
-0.014564
-0.01525
-0.015783
-0.01612
-0.016235
-0.016129
-0.015855
-0.015514
-0.015129
-0.014711
-0.014276
-0.013832
-0.013387
-0.012945
-0.012505
-0.012066
-0.011624
-0.011172
-0.010708
-0.010226
-0.0097243
-0.0092038
-0.0086696
-0.0081288
-0.0075841
-0.0070369
-0.0064893
-0.0059427
-0.0053985
-0.0048579
-0.0043218
-0.0037907
-0.0032651
-0.0027444
-0.002229
-0.0017225
-0.0012307
-0.00075946
-0.00031523
9.7405e-05
0.00047681
0.00082753
0.0011615
0.0014906
0.0018185
0.0021473
0.0024781
0.0028104
0.003141
0.0034644
0.0037727
0.0040564
0.0043048
0.0045082
0.0046597
0.0047585
0.004814
0.0048476
0.004878
0.0049063
0.0049271
0.0049295
0.0048957
0.0048027
0.004624
0.004334
0.0039148
0.0033643
0.002709
0.0020056
0.0012847
0.00056587
-0.00012791
-0.00077294
-0.0013472
-0.001828
-0.0021817
-0.0023772
-0.0023948
-0.002237
-0.0019419
-0.0015606
-0.0010911
-0.00052294
0.00014785
0.00091759
0.0017661
0.0026498
0.0035096
0.0043037
0.0049891
0.0055216
0.0058659
0.0060075
0.0059638
0.0057498
0.0053507
0.0047621
0.0040096
0.0031522
0.0022323
0.0012695
0.00028806
-0.00067861
-0.0015879
-0.0023886
-0.0030272
-0.0034546
-0.0036363
-0.0035658
-0.0032901
-0.0029048
-0.0024188
-0.0018262
-0.0011298
-0.00033799
0.00052683
0.0014218
0.00228
0.0030427
0.0036671
0.0041202
0.0043877
0.0044891
0.0044875
0.0044444
0.0043762
0.0042921
0.0041993
0.0040995
0.0039889
0.0038585
0.0036951
0.0034841
0.0032123
0.0028726
0.002468
0.0020192
0.0015644
0.0011292
0.00073245
0.00039232
0.00012159
-7.6133e-05
-0.00021461
-0.00032188
-0.00039342
-0.00041529
-0.00037135
-0.00024254
-1.1156e-05
0.00033392
0.00078975
0.0013277
0.0018952
0.0024814
0.0030831
0.0036966
0.0043206
0.0049549
0.0055997
0.0062548
0.0069173
0.007578
0.0082141
0.0087916
0.0092671
0.0095907
0.0097134
0.0095971
0.0092293
0.0086447
0.0079325
0.0071541
0.0063311
0.0054841
0.0046364
0.0038115
0.0030322
0.0023195
0.0016902
0.0011533
0.00070538
0.00032222
-3.8777e-05
-0.00038871
-0.00073179
-0.0010718
-0.0014088
-0.00174
-0.0020587
-0.002356
-0.0026205
-0.00284
-0.0030028
-0.0031017
-0.003138
-0.0031259
-0.0030826
-0.0029995
-0.0028602
-0.0026456
-0.0023353
-0.0019124
-0.0013701
-0.00072069
-2.8331e-06
0.00074743
0.0015231
0.0023216
0.0031404
0.0039779
0.0048322
0.0057001
0.0065748
0.0074442
0.0082894
0.0090868
0.0098145
0.010453
0.010987
0.011418
0.011762
0.012015
0.012147
0.012126
0.011925
0.011531
0.010957
0.010257
0.0095039
0.0087133
0.00789
0.0070397
0.0061647
0.0052665
0.0043458
0.0034059
0.0024545
0.0015031
0.00056155
-0.00035819
-0.0012415
-0.0020732
-0.0028398
-0.0035333
-0.004156
-0.0047272
-0.0052829
-0.0058381
-0.0063942
-0.0069476
-0.0074871
-0.0079931
-0.0084379
-0.0087993
-0.0090664
-0.009244
-0.0093568
-0.0094245
-0.0094383
-0.0093833
-0.0092448
-0.0090099
-0.0086735
-0.0082452
-0.0077578
-0.0072565
-0.0067642
-0.0063035
-0.0059006
-0.0055805
-0.0053632
-0.0052573
-0.00525
-0.0053087
-0.0054424
-0.0056673
-0.0059952
-0.0064311
-0.0069658
-0.0075664
-0.0081724
-0.0087276
-0.0091871
-0.009506
-0.0096458
-0.0095862
-0.0093353
-0.0089107
-0.0083219
-0.0076084
-0.006839
-0.0060232
-0.005156
-0.0042303
-0.0032353
-0.0021614
-0.0010052
0.00022301
0.0014915
0.0027415
0.0039053
0.0049255
0.005747
0.0063261
0.0066462
0.0067376
0.0066551
0.0064048
0.0060019
0.0054925
0.0049319
0.0043364
0.0037144
0.0030755
0.0024292
0.0017874
0.0011655
0.00058407
6.7971e-05
-0.00035354
-0.00064807
-0.00078806
-0.00075992
-0.00057889
-0.00029129
9.2812e-05
0.00057776
0.0011593
0.0018196
0.0025217
0.0032231
0.0038867
0.00447
0.0049253
0.0052058
0.0052739
0.0051141
0.0047493
0.0042538
0.0037005
0.0031117
0.0025039
0.0018955
0.0013024
0.00073798
0.00021184
-0.00027116
-0.00071394
-0.0011255
-0.0015002
-0.0018294
-0.0021053
-0.0023235
-0.0024864
-0.0026089
-0.0027177
-0.0028184
-0.0029117
-0.0029985
-0.0030776
-0.0031463
-0.0032004
-0.003235
-0.0032455
-0.0032289
-0.0031856
-0.003122
-0.0030503
-0.0029745
-0.0028935
-0.0028043
-0.0027015
-0.0025778
-0.0024243
-0.0022325
-0.0019958
-0.0017131
-0.0013925
-0.0010525
-0.00070207
-0.00034642
8.0015e-06
0.00035356
0.00068179
0.00098394
0.0012516
0.0014785
0.001662
0.0018075
0.0019264
0.0020079
0.0020335
0.0019832
0.0018368
0.0015802
0.0012111
0.00075071
0.00024472
-0.00028185
-0.00081212
-0.0013247
-0.0017954
-0.0021988
-0.0025118
-0.0027179
-0.0028149
-0.0028169
-0.0027214
-0.0025228
-0.002227
-0.0018592
-0.0014629
-0.0010499
-0.00062586
-0.00019766
0.00022951
0.00065103
0.0010635
0.0014641
0.0018513
0.0022247
0.0025861
0.0029398
0.0032928
0.0036456
0.0039934
0.0043282
0.0046382
0.0049081
0.0051205
0.0052589
0.0053113
0.0052761
0.0051542
0.0049243
0.0045642
0.0040618
0.0034212
0.0026778
0.001895
0.0010924
0.00028262
-0.0005171
-0.00129
-0.002019
-0.0026897
-0.0032919
-0.0038247
-0.0042857
-0.0046449
-0.0048643
-0.0049084
-0.0047509
-0.0043874
-0.0038533
-0.0032303
-0.002578
-0.0019238
-0.0012935
-0.00071208
-0.00019925
0.0002346
0.00059391
0.00090127
0.0011752
0.0014098
0.0015921
0.0017058
0.0017324
0.0016556
0.0014672
0.0011778
0.00081966
0.000408
-6.4186e-05
-0.00060462
-0.001217
-0.0018975
-0.0026301
-0.0033804
-0.0040931
-0.0047028
-0.0051496
-0.0053757
-0.0053368
-0.0050179
-0.0044575
-0.0037562
-0.0029847
-0.0021705
-0.001341
-0.00052621
0.00024382
0.00094131
0.001543
0.0020343
0.0024145
0.0027047
0.0029502
0.0031782
0.0033908
0.0035822
0.0037401
0.0038456
0.0038747
0.0038025
0.0036091
0.0032875
0.0028547
0.0023561
0.0018234
0.0012677
0.0007005
0.00013459
-0.00041682
-0.00094084
-0.0014257
-0.0018622
-0.002246
-0.0025812
-0.0028804
-0.0031413
-0.0033536
-0.0035064
-0.0035907
-0.003603
-0.0035503
-0.0034559
-0.003349
-0.0032355
-0.0031155
-0.0029866
-0.0028421
-0.002671
-0.0024594
-0.0021913
-0.0018522
-0.0014332
-0.0009356
-0.00037945
0.00019826
0.00078824
0.0013865
0.0019888
0.0025936
0.0032009
0.0038135
0.0044353
0.0050712
0.0057248
0.0063969
0.0070837
0.0077747
0.0084509
0.0090845
0.0096394
0.010073
0.010343
0.010413
0.010266
0.0099222
0.0094427
0.0088484
0.0081464
0.0073583
0.006521
0.0056627
0.0047985
0.0039437
0.0031142
0.0023263
0.0015948
0.00093188
0.00035395
-0.00012435
-0.00049826
-0.00077999
-0.0010047
-0.0012057
-0.0013923
-0.0015698
-0.0017433
-0.0019158
-0.0020886
-0.0022609
-0.0024307
-0.0025952
-0.0027513
-0.0028972
-0.0030331
-0.0031615
-0.0032891
-0.0034263
-0.0035875
-0.0037906
-0.0040548
-0.0043976
-0.0048303
-0.0053523
-0.0059426
-0.0065585
-0.0071726
-0.0077637
-0.0083082
-0.0087833
-0.0091713
-0.0094627
-0.0096461
-0.0097108
-0.0096591
-0.0095177
-0.0093361
-0.0091324
-0.0089066
-0.0086543
-0.0083656
-0.0080271
-0.0076231
-0.0071404
-0.0065729
-0.005928
-0.0052358
-0.0045471
-0.003885
-0.0032672
-0.0027085
-0.0022151
-0.0017778
-0.001371
-0.00098408
-0.00061323
-0.00025334
0.00010111
0.00045601
0.00081721
0.0011905
0.0015812
0.0019933
0.0024284
0.0028846
0.0033543
0.0038231
0.0042679
0.0046579
0.0049631
0.0051566
0.0052186
0.0051442
0.0049553
0.004704
0.004424
0.0041227
0.0038027
0.0034632
0.0030989
0.0027009
0.0022584
0.0017617
0.0012071
0.00060043
-5.0551e-05
-0.00074248
-0.0014654
-0.0021991
-0.0029104
-0.0035549
-0.0040965
-0.0045084
-0.0047766
-0.0049107
-0.0049519
-0.0049359
-0.0048588
-0.0047089
-0.0044734
-0.0041392
-0.003699
-0.003158
-0.0025431
-0.0018898
-0.0012024
-0.0004806
0.00027251
0.0010515
0.0018457
0.0026379
0.0034024
0.0041038
0.0046996
0.0051562
0.005459
0.0056205
0.0056842
0.00567
0.0055669
0.0053618
0.0050455
0.0046181
0.0040955
0.0035198
0.0029638
0.0024991
0.0021612
0.0019672
0.0019083
0.0019585
0.0021135
0.0023551
0.0026456
0.0029642
0.0032977
0.0036309
0.0039468
0.0042272
0.0044527
0.0046051
0.0046696
0.00464
0.0045241
0.0043511
0.0041582
0.0039528
0.0037353
0.003504
0.003253
0.0029737
0.0026553
0.0022879
0.0018657
0.0013911
0.00087988
0.00035619
-0.00016378
-0.00066108
-0.001112
-0.0014914
-0.0017753
-0.0019472
-0.0020033
-0.0019642
-0.0018751
-0.0017538
-0.0016046
-0.0014325
-0.0012429
-0.0010427
-0.00084114
-0.00065117
-0.00049025
-0.0003805
-0.00034714
-0.00041582
-0.00060707
-0.00092935
-0.0013676
-0.0018792
-0.0024358
-0.0030288
-0.003648
-0.0042784
-0.0049001
-0.0054879
-0.006011
-0.0064353
-0.0067265
-0.0068563
-0.0068111
-0.0065956
-0.0062516
-0.005856
-0.0054237
-0.0049567
-0.0044574
-0.0039235
-0.003351
-0.0027348
-0.002073
-0.0013704
-0.00064219
9.6932e-05
0.00084241
0.0015908
0.0023378
0.0030798
0.0038136
0.0045371
0.0052491
0.0059505
0.0066433
0.0073326
0.008024
0.0087097
0.00937
0.0099767
0.010493
0.010878
0.011091
0.011101
0.010899
0.010518
0.010034
0.0095005
0.0089306
0.0083352
0.0077231
0.0070999
0.0064686
0.0058296
0.005183
0.0045295
0.0038717
0.0032098
0.0025448
0.0018792
0.0012173
0.00056444
-7.2858e-05
-0.00068805
-0.0012756
-0.0018327
-0.0023613
-0.0028698
-0.0033652
-0.0038466
-0.0043106
-0.0047528
-0.0051676
-0.0055493
-0.0058939
-0.0062016
-0.0064694
-0.0066734
-0.0067812
-0.0067592
-0.0065767
-0.0062164
-0.0056839
-0.0050271
-0.0043323
-0.0036316
-0.0029495
-0.0023139
-0.0017486
-0.00127
-0.00088114
-0.00056462
-0.00028293
-2.3266e-05
0.00021272
0.00041919
0.0005855
0.00069708
0.00073753
0.00069285
0.00055684
0.00033958
7.0508e-05
-0.00023453
-0.00057765
-0.00096222
-0.00139
-0.0018595
-0.0023634
-0.0028853
-0.0033969
-0.0038547
-0.0042034
-0.0044021
-0.0044217
-0.0042543
-0.0039229
-0.0034652
-0.0029422
-0.0023811
-0.0017914
-0.0011818
-0.00055828
7.4299e-05
0.00071208
0.0013502
0.0019816
0.0025952
0.0031755
0.0037036
0.0041573
0.0045083
0.0047251
0.004783
0.0046733
0.0044195
0.0040747
0.0036401
0.0031107
0.0024915
0.0017996
0.0010676
0.00032049
-0.00042688
-0.0011579
-0.001853
-0.0024914
-0.0030537
-0.0035231
-0.0038759
-0.00409
-0.0041558
-0.0040889
-0.0039302
-0.003687
-0.0033705
-0.0030066
-0.0026146
-0.0022072
-0.0017989
-0.0014086
-0.0010588
-0.00077543
-0.00058536
-0.00051235
-0.00057045
-0.00075702
-0.0010592
-0.0014568
-0.0019087
-0.0023857
-0.0028767
-0.0033724
-0.0038643
-0.0043455
-0.004811
-0.005258
-0.005686
-0.0060979
-0.0064999
-0.0068943
-0.0072722
-0.0076197
-0.0079182
-0.008147
-0.0082859
-0.0083212
-0.0082492
-0.0080634
-0.0077654
-0.0073797
-0.0069532
-0.0065071
-0.006048
-0.0055809
-0.0051073
-0.0046257
-0.0041308
-0.0036153
-0.0030707
-0.0024898
-0.0018692
-0.0012121
-0.00053281
0.00014329
0.00079767
0.0014152
0.0019821
0.0024893
0.0029367
0.0033281
0.0036533
0.0039027
0.004074
0.0041751
0.0042305
0.0042699
0.0042974
0.0043101
0.0043021
0.0042634
0.0041818
0.004044
0.0038401
0.0035672
0.0032369
0.0028756
0.0025007
0.0021269
0.0017738
0.0014644
0.0012235
0.0010742
0.0010331
0.0011042
0.0012699
0.001487
0.0017249
0.0019714
0.0022155
0.002447
0.0026582
0.0028448
0.0030073
0.0031527
0.0032936
0.0034342
0.0035726
0.0037036
0.0038177
0.0039017
0.0039398
0.0039158
0.0038171
0.0036392
0.0033934
0.0031081
0.0027991
0.0024793
0.0021665
0.0018833
0.0016561
0.0015123
0.0014773
0.0015677
0.0017848
0.0021024
0.002466
0.0028456
0.0032219
0.003573
0.0038767
0.0041124
0.004266
0.0043326
0.0043254
0.0042731
0.0041744
0.0040221
0.0038112
0.0035393
0.003211
0.0028422
0.0024534
0.002047
0.0016223
0.0011799
0.00072162
0.00025155
-0.00022268
-0.00068903
-0.0011301
-0.0015242
-0.0018524
-0.0021036
-0.0022763
-0.0023866
-0.0024683
-0.0025341
-0.0025884
-0.0026357
-0.0026791
-0.0027208
-0.002761
-0.002799
-0.0028328
-0.0028604
-0.0028797
-0.0028897
-0.0028908
-0.0028858
-0.0028787
-0.0028709
-0.0028632
-0.0028562
-0.0028498
-0.0028429
-0.0028336
-0.0028189
-0.0027948
-0.0027572
-0.002702
-0.0026263
-0.0025298
-0.0024166
-0.0022951
-0.0021691
-0.0020393
-0.0019068
-0.0017721
-0.0016356
-0.0014974
-0.0013578
-0.0012174
-0.0010772
-0.00093895
-0.00080524
-0.00067925
-0.00056464
-0.00046492
-0.00038264
-0.00031823
-0.00026827
-0.00022557
-0.00018816
-0.00015436
-0.00012144
-8.5938e-05
-4.3726e-05
9.968e-06
8.0004e-05
0.00017078
0.00028501
0.00042258
0.00057822
0.00074164
0.00090816
0.0010763
0.0012449
0.0014141
0.0015844
0.0017582
0.0019381
0.0021277
0.0023303
0.0025486
0.0027829
0.0030302
0.0032834
0.0035364
0.0037825
0.004013
0.0042181
0.0043875
0.0045128
0.0045894
0.0046209
0.0046193
0.0045866
0.0045209
0.0044227
0.0042967
0.0041533
0.0040019
0.0038453
0.0036851
0.0035229
0.0033605
0.0031992
0.0030408
0.0028868
0.0027387
0.0025976
0.0024638
0.0023363
0.0022119
0.0020855
0.0019486
0.0017935
0.0016156
0.0014135
0.0011905
0.00095574
0.00071514
0.00047034
0.00022251
-2.7293e-05
-0.00027841
-0.0005305
-0.00078354
-0.0010376
-0.0012927
-0.0015484
-0.0018041
-0.0020583
-0.0023093
-0.0025552
-0.0027942
-0.0030247
-0.0032456
-0.0034568
-0.0036603
-0.0038595
-0.0040526
-0.0042342
-0.0043965
-0.0045301
-0.0046249
-0.0046725
-0.0046673
-0.0045998
-0.0044647
-0.0042665
-0.0040243
-0.0037637
-0.0034911
-0.0032102
-0.0029249
-0.0026384
-0.0023531
-0.0020711
-0.0017938
-0.0015224
-0.0012588
-0.0010079
-0.00077624
-0.00057079
-0.00039804
-0.00026194
-0.00016179
-8.8303e-05
-2.4453e-05
3.3555e-05
8.6834e-05
0.00013649
0.00018238
0.00022334
0.00025712
0.00028086
0.00029158
0.0002871
0.00026701
0.00023422
0.00019501
0.00015175
0.00010466
5.3721e-05
-1.4461e-06
-6.1496e-05
-0.00012723
-0.00019915
-0.00027708
-0.00035949
-0.00044429
-0.00053114
-0.00061981
-0.00070979
-0.00080029
-0.00089015
-0.00097787
-0.0010615
-0.001139
-0.0012081
-0.0012671
-0.0013152
-0.0013533
-0.0013846
-0.0014108
-0.0014314
-0.0014458
-0.0014538
-0.0014552
-0.0014508
-0.0014429
-0.0014347
-0.001426
-0.0014156
-0.0014012
-0.0013794
-0.0013463
-0.0012974
-0.0012286
-0.0011374
-0.0010241
-0.00089425
-0.00075806
-0.000618
-0.00047507
-0.00033056
-0.0001852
-3.9409e-05
0.00010681
0.00025365
0.0004014
0.00054947
0.00069639
0.00083971
0.0009761
0.0011014
0.001211
0.0013008
0.0013681
0.0014128
0.0014403
0.0014601
0.001473
0.0014774
0.0014714
0.0014525
0.0014183
0.0013668
0.0012984
0.0012169
0.0011299
0.0010398
0.00094852
0.00085854
0.00077269
0.00069387
0.00062474
0.00056725
0.00052209
0.00048788
0.00046028
0.00043393
0.00040791
0.0003827
0.00035978
0.00034204
0.00033373
0.00034034
0.00036798
0.00042254
0.00050816
0.00062551
0.0007687
0.00092551
0.0010945
0.0012809
0.0014916
0.001735
0.0020194
0.0023507
0.0027295
0.0031472
0.0035822
0.0040051
0.0043963
0.0047368
0.0050085
0.0051994
0.0053079
0.0053511
0.0053645
0.0053641
0.0053546
0.0053399
0.0053205
0.0052943
0.0052555
0.0051954
0.0051037
0.0049702
0.0047874
0.0045539
0.0042787
0.0039821
0.0036729
0.0033542
0.0030291
0.0027005
0.002371
0.0020428
0.0017177
0.0013974
0.0010832
0.00077636
0.00047746
0.00018804
-9.0344e-05
-0.00035691
-0.00061258
-0.00086057
-0.0011078
-0.001364
-0.0016326
-0.0019141
-0.002206
-0.002501
-0.002787
-0.003052
-0.0032868
-0.0034833
-0.003637
-0.0037494
-0.003832
-0.0039057
-0.0039761
-0.0040382
-0.0040817
-0.0040905
-0.0040429
-0.0039142
-0.0036803
-0.0033237
-0.0028416
-0.0022578
-0.001624
-0.00096707
-0.00030324
0.0003478
0.00096492
0.0015268
0.0020162
0.00242
0.0027153
0.0028825
0.0029142
0.0028243
0.0026546
0.0024442
0.0022001
0.0019247
0.0016211
0.0012919
0.00094166
0.00057889
0.00021632
-0.00014149
-0.00049156
-0.00083101
-0.0011582
-0.0014735
-0.0017798
-0.002074
-0.00235
-0.0026002
-0.0028169
-0.0029938
-0.0031276
-0.0032223
-0.0032897
-0.0033333
-0.0033464
-0.0033199
-0.0032445
-0.0031124
-0.0029207
-0.0026761
-0.0023981
-0.0021048
-0.0018001
-0.0014859
-0.0011643
-0.00083727
-0.00050724
-0.00017748
0.00014726
0.00046079
0.00075466
0.0010129
0.001214
0.0013349
0.0013541
0.0012579
0.0010469
0.00074703
0.00041246
8.5601e-05
-0.00021061
-0.00045634
-0.0006372
-0.00074925
-0.00080591
-0.00083768
-0.00085778
-0.0008697
-0.00087511
-0.00087232
-0.00085604
-0.00081728
-0.00074463
-0.00062605
-0.00045199
-0.00021906
6.4619e-05
0.00037716
0.00070062
0.0010235
0.0013326
0.0016126
0.0018482
0.0020259
0.0021378
0.0021843
0.0021813
0.0021581
0.0021182
0.0020587
0.0019757
0.0018623
0.0017107
0.0015135
0.0012675
0.000977
0.0006576
0.00032491
-1.5867e-05
-0.00035976
-0.00070031
-0.0010306
-0.0013434
-0.00163
-0.0018755
-0.0020632
-0.0021774
-0.0022076
-0.0021528
-0.0020296
-0.0018726
-0.0016974
-0.0015098
-0.0013161
-0.0011218
-0.0009322
-0.00075126
-0.00058215
-0.00042664
-0.00028499
-0.00015519
-3.2038e-05
9.2177e-05
0.00021814
0.00034367
0.00046449
0.00057366
0.0006619
0.00071831
0.00073181
0.00069339
0.00059925
0.00045503
0.0002788
8.8101e-05
-0.00011223
-0.00031918
-0.00052977
-0.00074194
-0.00095451
-0.0011672
-0.0013802
-0.0015944
-0.0018104
-0.0020287
-0.0022493
-0.0024715
-0.0026943
-0.0029157
-0.0031331
-0.003343
-0.0035415
-0.0037246
-0.0038891
-0.0040333
-0.0041583
-0.0042698
-0.004374
-0.0044677
-0.0045443
-0.004595
-0.0046095
-0.0045778
-0.0044918
-0.0043495
-0.0041592
-0.0039416
-0.0037105
-0.0034688
-0.0032186
-0.0029615
-0.0026979
-0.0024277
-0.0021506
-0.0018662
-0.0015756
-0.0012813
-0.00098561
-0.00068817
-0.00038832
-8.4901e-05
0.00022356
0.00053886
0.00086259
0.001196
0.0015389
0.0018893
0.0022426
0.0025945
0.0029414
0.0032793
0.0036038
0.003911
0.0041984
0.0044663
0.0047186
0.0049577
0.0051803
0.0053814
0.0055563
0.0057011
0.0058141
0.0058986
0.0059648
0.0060247
0.0060771
0.0061167
0.0061354
0.0061224
0.0060655
0.0059523
0.0057746
0.0055314
0.0052354
0.0049139
0.0045792
0.0042363
0.0038905
0.0035461
0.0032068
0.0028745
0.0025494
0.0022292
0.00191
0.0015889
0.0012627
0.00092843
0.00058354
0.00022649
-0.00014226
-0.00051977
-0.00089916
-0.0012704
-0.0016264
-0.0019606
-0.0022678
-0.0025456
-0.0027964
-0.00303
-0.0032589
-0.003486
-0.0037117
-0.003935
-0.0041526
-0.0043586
-0.004545
-0.0047019
-0.0048182
-0.004884
-0.0048941
-0.0048514
-0.0047715
-0.0046757
-0.0045697
-0.0044569
-0.0043412
-0.0042255
-0.0041119
-0.0040012
-0.0038932
-0.0037864
-0.003678
-0.0035644
-0.0034408
-0.0033023
-0.0031438
-0.0029618
-0.0027552
-0.0025274
-0.0022875
-0.0020417
-0.0017931
-0.0015444
-0.001299
-0.0010601
-0.00083036
-0.00061194
-0.0004056
-0.00021011
-2.1528e-05
0.00016534
0.0003521
0.00053955
0.00072799
0.00091692
0.0011049
0.0012893
0.0014667
0.0016328
0.0017834
0.0019144
0.0020235
0.0021113
0.0021834
0.0022498
0.0023115
0.0023671
0.0024144
0.0024499
0.0024692
0.0024675
0.0024414
0.0023897
0.0023162
0.0022303
0.0021383
0.0020418
0.0019424
0.0018413
0.0017393
0.0016367
0.0015337
0.0014297
0.001324
0.0012156
0.0011036
0.00098699
0.0008651
0.0007381
0.00060699
0.00047068
0.00032566
0.00016753
-8.3539e-06
-0.00020603
-0.00042769
-0.00067202
-0.00093241
-0.0011946
-0.0014373
-0.0016471
-0.0018126
-0.0019262
-0.0019873
-0.0020082
-0.0020127
-0.0020066
-0.0019924
-0.0019735
-0.0019523
-0.0019305
-0.001909
-0.0018881
-0.0018675
-0.0018468
-0.0018257
-0.001804
-0.0017818
-0.0017596
-0.0017378
-0.0017167
-0.0016966
-0.0016776
-0.0016592
-0.0016403
-0.0016192
-0.0015935
-0.0015603
-0.0015165
-0.0014592
-0.0013866
-0.0012987
-0.0011991
-0.0010948
-0.00098869
-0.0008818
-0.00077446
-0.00066627
-0.00055585
-0.0004408
-0.00031786
-0.0001833
-3.3428e-05
0.00013438
0.00032068
0.0005219
0.00073078
0.00094555
0.001165
0.0013868
0.0016082
0.0018255
0.0020344
0.0022298
0.0024067
0.0025609
0.0026897
0.002794
0.0028806
0.0029612
0.0030379
0.0031102
0.0031772
0.0032363
0.0032843
0.0033169
0.0033304
0.0033221
0.0032924
0.0032467
0.0031949
0.0031398
0.0030827
0.0030251
0.0029679
0.0029113
0.0028544
0.0027956
0.0027322
0.0026609
0.0025779
0.0024798
0.0023641
0.0022307
0.0020833
0.0019294
0.0017705
0.0016071
0.0014403
0.0012714
0.001102
0.00093425
0.0007708
0.00061486
0.00046984
0.00033891
0.00022418
0.00012557
3.9486e-05
-4.0062e-05
-0.00011701
-0.00019657
-0.00028603
-0.00039426
-0.00053107
-0.00070584
-0.00092548
-0.0011917
-0.0014968
-0.0018233
-0.0021669
-0.0025237
-0.0028864
-0.003245
-0.0035859
-0.0038926
-0.0041472
-0.0043344
-0.0044441
-0.0044754
-0.0044439
-0.0043819
-0.0043002
-0.0041976
-0.0040709
-0.0039142
-0.0037201
-0.0034812
-0.003193
-0.0028579
-0.002489
-0.0021044
-0.0017091
-0.0013062
-0.00090078
-0.00049809
-0.00010417
0.00027472
0.00063233
0.00096337
0.0012646
0.0015371
0.0017866
0.0020132
0.002209
0.0023653
0.0024736
0.0025285
0.0025305
0.0024918
0.0024349
0.0023629
0.0022751
0.002171
0.0020497
0.0019106
0.0017544
0.0015853
0.0014103
0.0012326
0.0010528
0.00087167
0.00068942
0.00050621
0.0003218
0.00013594
-5.1707e-05
-0.00024116
-0.00043201
-0.0006231
-0.00081246
-0.00099703
-0.0011715
-0.0013289
-0.0014612
-0.0015607
-0.0016216
-0.0016425
-0.0016294
-0.001597
-0.0015557
-0.0015089
-0.0014593
-0.0014095
-0.0013611
-0.0013149
-0.0012704
-0.0012257
-0.001178
-0.0011231
-0.0010561
-0.00097172
-0.00086524
-0.00073376
-0.00057782
-0.00040335
-0.00021876
-2.6015e-05
0.00017349
0.00037725
0.00058189
0.00078285
0.00097439
0.0011496
0.0013009
0.001421
0.0015046
0.0015502
0.0015635
0.0015586
0.0015449
0.001525
0.0015013
0.0014757
0.0014496
0.0014241
0.0013998
0.0013766
0.0013544
0.0013327
0.0013109
0.0012879
0.0012627
0.0012341
0.0012008
0.0011616
0.0011161
0.0010642
0.0010075
0.00094886
0.00088972
0.00083081
0.00077272
0.0007158
0.00065999
0.00060476
0.00054898
0.00049102
0.00042873
0.00035974
0.00028177
0.00019318
9.369e-05
-1.4676e-05
-0.00012725
-0.00023995
-0.00034831
-0.0004466
-0.00052828
-0.0005867
-0.00061625
-0.00061402
-0.00058185
-0.00052883
-0.00046727
-0.00040068
-0.00033112
-0.00026083
-0.00019132
-0.00012342
-5.7028e-05
8.8514e-06
7.6169e-05
0.00014765
0.00022666
0.00031676
0.00042125
0.00054227
0.00067993
0.00083066
0.00098721
0.0011453
0.0013018
0.0014535
0.0015971
0.0017299
0.0018503
0.0019587
0.0020585
0.0021557
0.0022527
0.0023513
0.0024532
0.0025591
0.0026688
0.0027807
0.0028912
0.0029946
0.0030835
0.003149
0.0031817
0.0031733
0.003119
0.0030206
0.0028901
0.0027439
0.0025861
0.0024191
0.0022465
0.0020722
0.0019013
0.0017392
0.0015927
0.0014687
0.0013739
0.0013133
0.0012883
0.0012938
0.0013167
0.0013489
0.0013885
0.0014342
0.0014845
0.001538
0.0015931
0.0016474
0.0016979
0.0017404
0.0017699
0.0017809
0.0017682
0.001728
0.0016601
0.0015699
0.001469
0.0013624
0.001252
0.0011394
0.0010261
0.00091301
0.00080059
0.00068872
0.00057672
0.00046358
0.00034786
0.00022798
0.00010234
-3.0272e-05
-0.00017043
-0.00031741
-0.0004689
-0.00062249
-0.0007774
-0.00093293
-0.0010883
-0.0012428
-0.0013958
-0.0015466
-0.001695
-0.0018407
-0.001984
-0.0021255
-0.0022668
-0.0024091
-0.0025526
-0.0026966
-0.0028397
-0.0029798
-0.0031137
-0.0032376
-0.0033476
-0.0034401
-0.0035126
-0.0035654
-0.003603
-0.0036345
-0.0036633
-0.00369
-0.0037145
-0.0037354
-0.0037501
-0.0037552
-0.0037465
-0.0037199
-0.0036726
-0.0036039
-0.0035178
-0.0034228
-0.0033249
-0.0032261
-0.0031274
-0.003029
-0.0029299
-0.0028274
-0.0027174
-0.0025949
-0.0024541
-0.0022903
-0.0021006
-0.0018865
-0.0016553
-0.0014138
-0.0011682
-0.0009276
-0.00070456
-0.00051442
-0.00037414
-0.00030026
-0.00030536
-0.00039358
-0.00055364
-0.00075635
-0.00098242
-0.0012265
-0.0014839
-0.0017492
-0.0020166
-0.0022797
-0.0025308
-0.0027613
-0.0029617
-0.0031227
-0.0032365
-0.0032998
-0.0033169
-0.0033037
-0.0032802
-0.0032484
-0.0032058
-0.0031477
-0.0030663
-0.0029515
-0.0027926
-0.0025803
-0.0023103
-0.0019881
-0.0016316
-0.001259
-0.00087527
-0.00048487
-9.2826e-05
0.00029568
0.00067539
0.0010411
0.0013882
0.001713
0.0020141
0.0022933
0.0025497
0.0027744
0.0029564
0.0030854
0.0031542
0.0031621
0.003121
0.0030553
0.0029744
0.0028797
0.0027721
0.002652
0.0025192
0.002374
0.0022177
0.0020543
0.0018909
0.001734
0.0015857
0.0014456
0.001311
0.0011818
0.0010583
0.00093991
0.00082489
0.00070984
0.00058963
0.00045734
0.00030458
0.00012232
-9.7783e-05
-0.00036116
-0.00066766
-0.0010076
-0.0013603
-0.0017093
-0.0020451
-0.0023592
-0.0026442
-0.0028969
-0.0031195
-0.0033112
-0.0034603
-0.0035529
-0.0035758
-0.0035195
-0.0033824
-0.0031787
-0.0029382
-0.0026693
-0.0023683
-0.0020306
-0.0016504
-0.0012234
-0.00074825
-0.00023179
0.00031011
0.00086948
0.0014488
0.0020523
0.0026842
0.0033478
0.0040438
0.004767
0.005505
0.0062425
0.0069666
0.0076619
0.0083105
0.0088938
0.009396
0.0098081
0.010136
0.0104
0.010606
0.010739
0.010781
0.010715
0.010532
0.010236
0.0098559
0.0094435
0.0090111
0.0085627
0.0081034
0.0076359
0.007161
0.006678
0.0061849
0.00568
0.0051625
0.0046343
0.0041006
0.0035679
0.0030407
0.0025243
0.002024
0.0015444
0.0010878
0.00065261
0.00023298
-0.00016933
-0.00055163
-0.0009125
-0.0012526
-0.0015765
-0.0018926
-0.0022042
-0.0025125
-0.0028182
-0.0031219
-0.003424
-0.003725
-0.0040253
-0.0043252
-0.0046253
-0.0049266
-0.0052299
-0.0055362
-0.0058449
-0.0061518
-0.0064502
-0.0067308
-0.0069812
-0.0071889
-0.0073558
-0.0074963
-0.0076283
-0.0077533
-0.0078681
-0.0079675
-0.0080429
-0.0080831
-0.008075
-0.0080066
-0.0078699
-0.0076659
-0.0074087
-0.0071093
-0.0067605
-0.0063534
-0.0058815
-0.0053437
-0.0047497
-0.0041218
-0.0034764
-0.0028215
-0.0021666
-0.0015242
-0.00090935
-0.00033864
0.00017082
0.0006048
0.00095578
0.0012288
0.0014328
0.0015552
0.0015818
0.0015067
0.0013362
0.0010976
0.00082781
0.00053988
0.00024514
-4.1002e-05
-0.00030145
-0.00051741
-0.00067083
-0.00074643
-0.00073643
-0.00064558
-0.00049804
-0.00032603
-0.00013699
6.6002e-05
0.00027906
0.00049941
0.00072429
0.00095088
0.0011752
0.001392
0.0015939
0.001772
0.0019161
0.0020169
0.0020679
0.0020684
0.0020288
0.0019704
0.0019024
0.001828
0.0017498
0.0016693
0.0015873
0.0015027
0.0014137
0.0013174
0.0012105
0.0010899
0.00095403
0.00080326
0.00064161
0.0004747
0.00030399
0.00013042
-4.4811e-05
-0.00022053
-0.0003955
-0.00056852
-0.00073835
-0.00090376
-0.0010636
-0.0012172
-0.0013643
-0.0015059
-0.0016444
-0.0017815
-0.0019168
-0.0020489
-0.0021758
-0.0022949
-0.0024034
-0.0024986
-0.0025788
-0.0026438
-0.0026967
-0.002744
-0.0027892
-0.0028314
-0.0028682
-0.0028957
-0.0029088
-0.0029011
-0.0028665
-0.0028003
-0.0027012
-0.0025743
-0.0024319
-0.0022826
-0.0021292
-0.0019738
-0.0018183
-0.0016636
-0.0015097
-0.0013555
-0.0011988
-0.0010365
-0.00086514
-0.00068112
-0.00048171
-0.0002659
-3.5931e-05
0.00020219
0.00044234
0.0006789
0.00090467
0.0011113
0.0012901
0.0014331
0.0015355
0.0015977
0.0016293
0.0016487
0.0016603
0.0016658
0.0016679
0.0016679
0.0016673
0.0016665
0.001666
0.0016658
0.0016663
0.0016679
0.0016714
0.0016776
0.0016878
0.0017028
0.0017232
0.0017487
0.0017777
0.0018078
0.0018381
0.0018678
0.0018962
0.0019228
0.0019474
0.0019706
0.0019937
0.002019
0.0020497
0.00209
0.0021444
0.0022175
0.0023124
0.0024301
0.0025666
0.0027136
0.0028672
0.0030259
0.0031878
0.0033503
0.0035104
0.0036648
0.0038096
0.0039409
0.004055
0.0041494
0.0042236
0.0042805
0.0043279
0.0043751
0.0044224
0.0044672
0.004504
0.0045245
0.0045172
0.0044692
0.0043674
0.0042017
0.003969
0.0036787
0.0033549
0.0030137
0.0026602
0.0022987
0.0019338
0.0015697
0.0012105
0.00086003
0.00052174
0.00019879
-0.00010655
-0.0003937
-0.00066508
-0.00092641
-0.0011787
-0.0014169
-0.0016341
-0.0018221
-0.0019725
-0.0020791
-0.0021401
-0.0021624
-0.0021627
-0.0021523
-0.002135
-0.0021136
-0.0020907
-0.0020682
-0.002047
-0.0020271
-0.0020075
-0.0019861
-0.0019601
-0.0019263
-0.0018814
-0.0018227
-0.0017489
-0.0016618
-0.0015659
-0.0014636
-0.001358
-0.0012547
-0.0011612
-0.0010868
-0.0010422
-0.0010383
-0.0010839
-0.0011831
-0.0013312
-0.0015116
-0.001708
-0.001915
-0.0021279
-0.0023407
-0.0025473
-0.0027409
-0.002915
-0.0030638
-0.0031835
-0.0032738
-0.0033404
-0.0033953
-0.0034436
-0.0034873
-0.0035285
-0.003569
-0.0036106
-0.0036546
-0.0037021
-0.0037537
-0.0038095
-0.0038686
-0.0039288
-0.0039866
-0.0040368
-0.0040726
-0.0040862
-0.0040693
-0.004015
-0.0039195
-0.0037853
-0.0036241
-0.0034515
-0.0032717
-0.0030867
-0.0028991
-0.0027104
-0.0025219
-0.0023339
-0.0021464
-0.0019589
-0.0017706
-0.0015807
-0.0013882
-0.0011923
-0.00099271
-0.00078938
-0.00058313
-0.00037561
-0.00016739
4.149e-05
0.00025124
0.00046209
0.00067453
0.00088896
0.0011056
0.0013243
0.0015442
0.0017636
0.00198
0.0021897
0.0023883
0.002571
0.0027335
0.0028729
0.0029891
0.0030873
0.0031775
0.0032647
0.003351
0.003438
0.003527
0.0036176
0.0037085
0.0037965
0.003877
0.0039441
0.0039911
0.0040118
0.0040012
0.003958
0.0038872
0.0038007
0.0037067
0.0036075
0.0035052
0.0034011
0.0032965
0.0031917
0.0030867
0.0029812
0.0028746
0.0027665
0.0026568
0.0025459
0.0024349
0.0023256
0.0022205
0.0021231
0.0020369
0.0019651
0.0019103
0.0018727
0.0018489
0.0018319
0.0018185
0.0018076
0.0017979
0.0017885
0.0017789
0.0017687
0.0017579
0.001747
0.0017365
0.0017271
0.0017197
0.0017146
0.0017123
0.0017122
0.0017131
0.001713
0.0017083
0.0016949
0.0016673
0.0016202
0.0015488
0.0014503
0.0013259
0.0011828
0.0010308
0.0008717
0.00070602
0.00053486
0.00035933
0.0001811
2.5827e-06
-0.00017264
-0.00033969
-0.00049236
-0.00062361
-0.00072627
-0.00079465
-0.00082638
-0.00082533
-0.00080356
-0.00077264
-0.00073546
-0.00069366
-0.00064876
-0.00060175
-0.00055314
-0.00050312
-0.00045181
-0.00039957
-0.00034727
-0.00029652
-0.00024979
-0.00021037
-0.00018215
-0.00016909
-0.00017444
-0.00019965
-0.0002428
-0.0002975
-0.00035769
-0.00042219
-0.0004905
-0.00056212
-0.00063667
-0.00071375
-0.00079268
-0.00087223
-0.00095037
-0.0010241
-0.0010893
-0.0011412
-0.0011748
-0.0011856
-0.0011712
-0.0011328
-0.0010774
-0.0010146
-0.00094662
-0.00087486
-0.00080097
-0.00072633
-0.0006522
-0.00057951
-0.00050899
-0.000441
-0.00037549
-0.00031183
-0.00024868
-0.00018374
-0.0001138
-3.4718e-05
5.8215e-05
0.00016975
0.00030359
0.00046115
0.00063931
0.00083014
0.0010299
0.0012362
0.0014452
0.0016515
0.001848
0.0020263
0.002177
0.0022907
0.0023604
0.0023831
0.0023641
0.0023191
0.0022632
0.0022006
0.0021338
0.0020648
0.0019946
0.0019231
0.0018488
0.0017693
0.0016817
0.0015831
0.0014709
0.0013444
0.0012056
0.0010596
0.00090819
0.00075173
0.00059088
0.00042664
0.00026062
9.5154e-05
-6.6432e-05
-0.00021983
-0.0003598
-0.00048071
-0.00057727
-0.0006459
-0.00068628
-0.00070412
-0.0007112
-0.00071255
-0.00070964
-0.00070385
-0.00069608
-0.00068687
-0.00067634
-0.00066447
-0.00065124
-0.00063703
-0.0006227
-0.00060995
-0.00060126
-0.00059996
-0.00060983
-0.00063472
-0.00067765
-0.00073974
-0.00081856
-0.00090753
-0.0010024
-0.0011019
-0.0012052
-0.0013109
-0.0014175
-0.0015229
-0.0016249
-0.0017206
-0.001807
-0.0018811
-0.0019405
-0.0019842
-0.002014
-0.002035
-0.0020524
-0.0020679
-0.0020828
-0.0020983
-0.0021155
-0.0021349
-0.0021562
-0.0021784
-0.0021997
-0.0022171
-0.0022269
-0.0022247
-0.002206
-0.0021669
-0.0021054
-0.0020228
-0.0019253
-0.0018217
-0.001714
-0.0016035
-0.0014912
-0.0013779
-0.001264
-0.0011495
-0.001034
-0.00091691
-0.00079769
-0.00067588
-0.0005516
-0.00042533
-0.00029627
-0.00016326
-2.5393e-05
0.00011786
0.00026619
0.00041799
0.00056995
0.00071669
0.00085066
0.00096239
0.0010413
0.0010771
0.0010621
0.00099432
0.00088158
0.00074348
0.00059334
0.00043547
0.00027335
0.00011005
-5.2303e-05
-0.00021276
-0.00037157
-0.00053028
-0.00069154
-0.00085896
-0.0010367
-0.001229
-0.0014393
-0.0016691
-0.0019164
-0.0021752
-0.0024417
-0.0027123
-0.0029817
-0.0032421
-0.0034844
-0.003698
-0.0038722
-0.0039979
-0.0040708
-0.0040943
-0.0040837
-0.0040596
-0.0040278
-0.0039909
-0.003952
-0.0039124
-0.0038723
-0.0038303
-0.0037836
-0.0037285
-0.0036605
-0.0035756
-0.0034707
-0.0033452
-0.0032026
-0.0030506
-0.0028916
-0.0027248
-0.0025489
-0.002362
-0.0021624
-0.0019486
-0.0017209
-0.0014824
-0.0012391
-0.00099213
-0.0007415
-0.00048772
-0.00023144
2.6399e-05
0.00028437
0.00054048
0.0007919
0.0010353
0.0012667
0.0014822
0.0016785
0.0018544
0.0020112
0.0021554
0.0022947
0.0024285
0.0025541
0.002667
0.0027616
0.0028314
0.0028702
0.0028743
0.0028441
0.0027883
0.0027228
0.0026517
0.002577
0.0025009
0.0024249
0.0023493
0.0022735
0.0021956
0.0021127
0.0020211
0.0019169
0.0017965
0.0016573
0.0014995
0.0013275
0.0011493
0.00096722
0.00078219
0.00059562
0.00040857
0.00022199
3.6529e-05
-0.0001473
-0.00032921
-0.00050901
-0.00068664
-0.00086214
-0.0010357
-0.0012076
-0.0013784
-0.0015491
-0.0017194
-0.0018854
-0.0020406
-0.0021765
-0.0022832
-0.0023502
-0.002369
-0.0023352
-0.002253
-0.002138
-0.0020085
-0.0018694
-0.0017232
-0.0015728
-0.0014204
-0.0012677
-0.0011157
-0.00096512
-0.00081636
-0.00066984
-0.0005259
-0.00038481
-0.00024661
-0.00011091
2.3367e-05
0.00015698
0.00029037
0.00042408
0.00055883
0.00069538
0.00083444
0.00097642
0.0011213
0.0012682
0.0014152
0.0015592
0.0016958
0.0018192
0.0019233
0.0020017
0.0020498
0.0020662
0.0020555
0.0020292
0.001995
0.0019555
0.0019128
0.001869
0.0018256
0.001784
0.0017448
0.0017083
0.0016738
0.0016401
0.0016051
0.0015655
0.0015176
0.0014568
0.0013787
0.0012795
0.0011573
0.0010142
0.00085698
0.00069235
0.00052198
0.00034716
0.00016971
-8.2468e-06
-0.00018408
-0.00035467
-0.00051639
-0.0006654
-0.0007981
-0.00091201
-0.0010068
-0.0010862
-0.0011578
-0.0012253
-0.0012904
-0.001355
-0.0014211
-0.0014902
-0.0015633
-0.0016409
-0.0017222
-0.0018051
-0.0018856
-0.0019582
-0.0020155
-0.0020489
-0.0020496
-0.00201
-0.0019262
-0.0018008
-0.0016464
-0.0014799
-0.0013057
-0.0011259
-0.00094291
-0.00075826
-0.00057284
-0.00038687
-0.00020018
-1.244e-05
0.00017657
0.00036663
0.00055694
0.00074585
0.00093092
0.001109
0.0012764
0.0014298
0.0015664
0.0016858
0.0017907
0.001888
0.0019804
0.0020691
0.0021554
0.0022406
0.0023263
0.002414
0.0025051
0.0026007
0.0027015
0.002807
0.0029157
0.0030243
0.0031273
0.0032175
0.0032854
0.0033208
0.0033137
0.0032566
0.0031476
0.0029945
0.0028167
0.0026269
0.0024281
0.0022223
0.002011
0.0017951
0.0015747
0.0013503
0.0011227
0.00089402
0.00066813
0.00045097
0.00025053
7.6377e-05
-6.1442e-05
-0.00015415
-0.00019701
-0.00019265
-0.00015507
-0.00010327
-4.2019e-05
2.6235e-05
9.86e-05
0.00017296
0.0002477
0.00032191
0.00039509
0.0004671
0.00053797
0.00060787
0.00067704
0.00074587
0.00081494
0.0008851
0.00095754
0.0010338
0.0011156
0.001205
0.0013036
0.0014123
0.0015309
0.0016566
0.0017845
0.0019137
0.0020444
0.0021768
0.0023117
0.0024498
0.002592
0.0027389
0.0028901
0.0030442
0.0031979
0.0033458
0.0034808
0.0035937
0.0036745
0.0037139
0.0037052
0.0036474
0.0035502
0.0034332
0.0033054
0.0031702
0.0030308
0.0028902
0.0027508
0.0026141
0.0024807
0.0023503
0.0022215
0.0020918
0.0019575
0.0018137
0.001655
0.0014754
0.00127
0.0010359
0.00077462
0.00049377
0.00020064
-0.00010321
-0.00041608
-0.00073468
-0.0010541
-0.0013672
-0.0016647
-0.0019351
-0.0021661
-0.0023453
-0.0024638
-0.0025191
-0.0025207
-0.002492
-0.0024485
-0.0023949
-0.0023344
-0.0022704
-0.0022049
-0.0021393
-0.0020744
-0.0020102
-0.0019466
-0.0018833
-0.00182
-0.0017568
-0.0016935
-0.0016304
-0.0015675
-0.0015048
-0.0014422
-0.0013791
-0.0013146
-0.0012472
-0.0011753
-0.0010971
-0.001011
-0.00091595
-0.00081216
-0.00070193
-0.00058946
-0.00047589
-0.00036174
-0.00024754
-0.00013353
-1.9638e-05
9.4577e-05
0.00020979
0.00032691
0.0004468
0.00057011
0.00069692
0.00082647
0.0009568
0.0010845
0.0012047
0.001311
0.0013962
0.001453
0.0014755
0.0014611
0.0014138
0.0013454
0.0012676
0.0011834
0.001095
0.0010045
0.0009132
0.00082217
0.00073178
0.00064202
0.00055255
0.00046288
0.00037244
0.00028075
0.00018752
9.2752e-05
-3.1633e-06
-9.9357e-05
-0.0001944
-0.00028634
-0.00037282
-0.0004512
-0.00051901
-0.00057449
-0.00061731
-0.00064977
-0.00067681
-0.00070057
-0.00072179
-0.00074132
-0.00076
-0.00077866
-0.00079811
-0.00081913
-0.00084237
-0.00086829
-0.00089701
-0.00092804
-0.00096013
-0.000991
-0.0010173
-0.0010344
-0.0010371
-0.0010196
-0.00097687
-0.0009058
-0.00080703
-0.00068773
-0.00056098
-0.00042976
-0.0002949
-0.0001573
-1.6962e-05
0.0001266
0.00027435
0.00042719
0.00058548
0.00074836
0.0009132
0.001075
0.0012263
0.0013568
0.0014547
0.0015075
0.0015043
0.0014393
0.0013156
0.0011505
0.00096738
0.00077154
0.00056546
0.00035216
0.00013389
-8.7335e-05
-0.0003096
-0.00053061
-0.00074734
-0.00095578
-0.0011509
-0.0013272
-0.0014792
-0.0016031
-0.0016983
-0.0017702
-0.0018306
-0.0018844
-0.0019332
-0.0019788
-0.0020228
-0.0020666
-0.0021114
-0.0021581
-0.0022075
-0.0022596
-0.0023144
-0.0023708
-0.0024272
-0.0024806
-0.0025272
-0.002562
-0.0025798
-0.0025753
-0.0025444
-0.0024863
-0.0024049
-0.0023103
-0.0022094
-0.0021042
-0.0019962
-0.0018868
-0.0017771
-0.0016675
-0.0015583
-0.0014495
-0.0013409
-0.001232
-0.0011225
-0.0010123
-0.00090124
-0.00078943
-0.00067727
-0.00056541
-0.00045485
-0.00034678
-0.00024257
-0.00014355
-5.0779e-05
3.5367e-05
0.00011571
0.00019252
0.00026723
0.00034025
0.00041194
0.00048274
0.00055315
0.00062375
0.00069519
0.00076818
0.00084334
0.00092116
0.0010018
0.0010846
0.0011684
0.0012506
0.0013278
0.0013951
0.0014469
0.0014774
0.0014817
0.0014569
0.0014047
0.0013333
0.0012535
0.0011682
0.0010787
0.00098688
0.00089389
0.00080077
0.00070816
0.00061651
0.00052603
0.00043684
0.00034889
0.00026195
0.0001755
8.8661e-05
1.3005e-07
-9.1885e-05
-0.00018959
-0.00029543
-0.00041173
-0.00054016
-0.00068107
-0.00083237
-0.00098922
-0.0011484
-0.0013088
-0.0014699
-0.0016313
-0.001793
-0.0019552
-0.0021187
-0.0022843
-0.0024527
-0.0026245
-0.0027994
-0.0029764
-0.003153
-0.0033256
-0.0034888
-0.0036361
-0.0037605
-0.0038554
-0.0039159
-0.0039417
-0.0039395
-0.0039235
-0.0038999
-0.0038707
-0.0038376
-0.0038022
-0.0037654
-0.003728
-0.0036902
-0.0036525
-0.0036151
-0.0035787
-0.0035441
-0.003512
-0.0034834
-0.0034586
-0.0034375
-0.0034185
-0.0033987
-0.0033735
-0.0033363
-0.003279
-0.0031928
-0.0030694
-0.0029032
-0.0026936
-0.0024493
-0.0021883
-0.0019185
-0.0016429
-0.0013638
-0.0010833
-0.00080264
-0.000522
-0.00024099
4.1276e-05
0.00032596
0.00061406
0.00090611
0.0012017
0.0014991
0.0017951
0.0020849
0.0023621
0.0026189
0.0028475
0.0030413
0.0031965
0.0033155
0.0034091
0.0034924
0.0035698
0.0036443
0.0037192
0.0037968
0.0038785
0.003964
0.0040517
0.0041376
0.0042162
0.00428
0.0043203
0.0043282
0.0042962
0.00422
0.0041024
0.0039557
0.0037965
0.0036294
0.0034563
0.00328
0.003102
0.0029236
0.0027454
0.0025676
0.0023902
0.002213
0.0020362
0.0018599
0.0016848
0.0015113
0.0013404
0.0011726
0.0010082
0.00084719
0.00068829
0.00052953
0.00037037
0.00021066
5.0488e-05
-0.00010961
-0.00026857
-0.00042482
-0.00057633
-0.00072082
-0.00085606
-0.00098045
-0.0010936
-0.0011972
-0.0012957
-0.0013936
-0.0014932
-0.0015962
-0.001704
-0.0018167
-0.001933
-0.0020493
-0.0021599
-0.0022564
-0.0023285
-0.0023646
-0.0023537
-0.0022875
-0.002164
-0.0019921
-0.0017933
-0.001582
-0.0013623
-0.0011368
-0.0009076
-0.00067562
-0.00044067
-0.00020186
4.1835e-05
0.00029098
0.00054491
0.00080108
0.0010545
0.0012973
0.0015192
0.0017079
0.0018506
0.0019361
0.0019587
0.0019218
0.0018434
0.0017477
0.0016413
0.0015279
0.0014118
0.0012957
0.0011814
0.0010689
0.00095711
0.0008434
0.0007242
0.00059527
0.00045234
0.00029191
0.0001124
-8.4512e-05
-0.00029262
-0.00050417
-0.00071246
-0.00090924
-0.0010845
-0.0012277
-0.001329
-0.0013818
-0.0013851
-0.0013485
-0.0012924
-0.0012254
-0.0011506
-0.001071
-0.00098898
-0.00090628
-0.00082405
-0.00074288
-0.00066302
-0.0005845
-0.00050721
-0.00043099
-0.00035549
-0.0002802
-0.00020425
-0.00012634
-4.4661e-05
4.3055e-05
0.00013937
0.00024684
0.00036739
0.0005016
0.00064748
0.00080011
0.00095657
0.0011166
0.0012804
0.0014481
0.0016195
0.0017945
0.0019717
0.0021489
0.0023225
0.0024874
0.0026368
0.0027635
0.0028603
0.0029216
0.0029459
0.0029385
0.0029128
0.0028781
0.002837
0.0027919
0.0027451
0.0026983
0.0026528
0.0026096
0.0025688
0.0025302
0.0024929
0.0024552
0.0024148
0.0023684
0.0023123
0.0022424
0.0021551
0.0020476
0.0019198
0.0017759
0.001624
0.0014678
0.001308
0.0011455
0.00098072
0.00081391
0.00064533
0.00047534
0.0003047
0.00013479
-3.2169e-05
-0.00019317
-0.00034449
-0.00048209
-0.0006022
-0.00070246
-0.00078298
-0.0008485
-0.00090791
-0.00096328
-0.0010155
-0.0010656
-0.0011144
-0.0011627
-0.0012108
-0.0012591
-0.0013078
-0.0013573
-0.0014078
-0.0014598
-0.0015133
-0.0015684
-0.0016246
-0.0016811
-0.0017361
-0.0017872
-0.0018311
-0.0018642
-0.0018827
-0.0018836
-0.0018656
-0.0018306
-0.0017846
-0.0017335
-0.0016789
-0.0016218
-0.0015635
-0.0015049
-0.0014467
-0.0013896
-0.0013337
-0.0012792
-0.0012259
-0.0011732
-0.0011203
-0.0010657
-0.0010074
-0.00094319
-0.0008705
-0.0007869
-0.00069069
-0.00058158
-0.00046193
-0.0003368
-0.000208
-7.5696e-05
5.9924e-05
0.00019868
0.00034015
0.00048348
0.00062711
0.00076856
0.00090429
0.0010298
0.0011397
0.001229
0.0012931
0.0013305
0.0013438
0.0013417
0.0013326
0.001319
0.001302
0.0012833
0.0012638
0.0012443
0.0012251
0.0012063
0.0011878
0.0011695
0.0011512
0.0011328
0.0011143
0.0010954
0.0010764
0.0010572
0.0010377
0.0010182
0.00099852
0.00097866
0.00095859
0.00093824
0.00091755
0.00089652
0.00087522
0.00085378
0.00083239
0.0008111
0.00078996
0.00076898
0.00074813
0.00072733
0.00070645
0.00068528
0.00066361
0.00064121
0.00061794
0.00059376
0.00056888
0.00054378
0.00051931
0.00049672
0.00047764
0.00046395
0.00045756
0.00046009
0.00047235
0.00049365
0.00052109
0.00055084
0.00058205
0.00061444
0.00064784
0.00068235
0.00071827
0.00075602
0.00079592
0.00083804
0.00088188
0.00092616
0.00096865
0.0010061
0.0010342
0.001048
0.0010428
0.0010143
0.00096114
0.00088566
0.00079596
0.00069987
0.00059947
0.00049607
0.00039101
0.00028518
0.00017923
7.3402e-05
-3.2248e-05
-0.00013781
-0.00024338
-0.000349
-0.00045461
-0.00056
-0.0006648
-0.00076858
-0.00087086
-0.00097124
-0.0010696
-0.001166
-0.0012614
-0.0013562
-0.0014509
-0.0015459
-0.0016416
-0.0017384
-0.0018366
-0.0019361
-0.0020364
-0.0021366
-0.0022352
-0.0023298
-0.002418
-0.0024968
-0.0025633
-0.0026156
-0.0026534
-0.0026794
-0.0026995
-0.0027161
-0.0027299
-0.0027418
-0.0027525
-0.0027626
-0.0027728
-0.0027835
-0.0027953
-0.0028088
-0.0028244
-0.0028424
-0.0028626
-0.0028843
-0.0029059
-0.0029248
-0.0029376
-0.0029397
-0.0029261
-0.0028919
-0.0028336
-0.0027501
-0.0026452
-0.0025282
-0.0024055
-0.002279
-0.0021501
-0.0020202
-0.0018901
-0.0017604
-0.001631
-0.0015016
-0.0013718
-0.0012408
-0.0011081
-0.00097333
-0.0008366
-0.00069849
-0.00056035
-0.00042431
-0.00029339
-0.00017123
-6.1806e-05
3.1138e-05
0.000105
0.00015947
0.00019831
0.00022948
0.00025638
0.00028017
0.00030196
0.00032264
0.00034284
0.00036298
0.00038326
0.00040382
0.00042467
0.00044594
0.00046774
0.00049023
0.0005135
0.00053757
0.00056223
0.00058696
0.00061082
0.00063246
0.0006501
0.00066167
0.00066506
0.00065856
0.00064142
0.0006147
0.0005818
0.00054603
0.00050828
0.00046914
0.00042924
0.00038907
0.00034905
0.00030946
0.00027048
0.00023218
0.00019455
0.00015746
0.00012062
8.3636e-05
4.5952e-05
6.9373e-06
-3.4072e-05
-7.7596e-05
-0.00012386
-0.00017253
-0.00022253
-0.00027177
-0.00031704
-0.00035402
-0.00037747
-0.00038181
-0.00036194
-0.00031465
-0.00024026
-0.00014533
-4.2205e-05
6.6078e-05
0.00017809
0.0002921
0.00040687
0.0005215
0.00063559
0.00074913
0.00086241
0.0009759
0.0010902
0.0012058
0.0013231
0.0014422
0.0015628
0.0016841
0.0018044
0.0019217
0.002033
0.0021352
0.002225
0.0022998
0.0023584
0.0024022
0.0024364
0.0024659
0.002492
0.0025154
0.0025372
0.0025582
0.0025792
0.002601
0.0026244
0.00265
0.0026784
0.0027099
0.002744
0.0027798
0.0028149
0.0028461
0.0028686
0.0028766
0.0028639
0.0028245
0.0027544
0.0026531
0.0025268
0.0023883
0.0022433
0.0020936
0.0019409
0.0017864
0.0016313
0.0014758
0.00132
0.001164
0.0010076
0.00085085
0.00069422
0.0005384
0.00038454
0.0002341
8.8734e-05
-5.0058e-05
-0.00018125
-0.00030482
-0.00042252
-0.00053778
-0.0006515
-0.00076424
-0.00087667
-0.00098938
-0.0011028
-0.0012172
-0.0013325
-0.0014481
-0.0015633
-0.0016764
-0.0017856
-0.0018883
-0.0019817
-0.0020632
-0.0021308
-0.0021841
-0.0022251
-0.0022543
-0.0022678
-0.0022609
-0.0022289
-0.0021688
-0.0020807
-0.0019704
-0.0018494
-0.0017228
-0.001592
-0.0014582
-0.0013224
-0.0011851
-0.0010466
-0.00090671
-0.00076562
-0.00062362
-0.00048154
-0.00034084
-0.00020372
-7.3047e-05
4.7885e-05
0.00015581
0.0002482
0.00032419
0.00038601
0.00043949
0.00048855
0.00053436
0.00057793
0.00062035
0.00066263
0.0007057
0.00075031
0.00079708
0.00084633
0.000898
0.00095141
0.0010052
0.001057
0.0011035
0.0011406
0.0011634
0.0011672
0.0011482
0.0011048
0.0010396
0.00096057
0.00087547
0.00078653
0.00069514
0.00060271
0.00051022
0.00041826
0.00032696
0.00023611
0.00014518
5.3498e-05
-3.9289e-05
-0.00013323
-0.00022802
-0.0003228
-0.00041623
-0.00050642
-0.00059104
-0.00066764
-0.00073397
-0.00078861
-0.0008317
-0.00086603
-0.00089689
-0.00092596
-0.00095431
-0.00098321
-0.0010136
-0.0010463
-0.0010811
-0.0011174
-0.0011536
-0.0011871
-0.0012144
-0.0012309
-0.0012321
-0.0012135
-0.001172
-0.0011073
-0.001024
-0.00093171
-0.00083448
-0.00073379
-0.00063096
-0.00052703
-0.00042268
-0.00031825
-0.00021378
-0.00010913
-4.1521e-06
0.00010125
0.00020698
0.00031269
0.00041776
0.00052125
0.00062205
0.00071899
0.00081106
0.00089773
0.00097936
0.0010575
0.001134
0.0012096
0.0012854
0.0013624
0.0014418
0.0015244
0.0016106
0.0017002
0.0017916
0.0018822
0.0019675
0.002042
0.0020986
0.0021297
0.0021286
0.0020911
0.0020173
0.0019161
0.0018038
0.0016845
0.0015601
0.0014331
0.0013054
0.0011785
0.001053
0.00092927
0.0008068
0.00068469
0.00056144
0.00043511
0.00030334
0.00016358
1.333e-05
-0.00014923
-0.00032477
-0.0005117
-0.00070562
-0.00090251
-0.0011018
-0.0013036
-0.0015083
-0.0017166
-0.001929
-0.0021459
-0.0023667
-0.0025898
-0.0028116
-0.0030268
-0.003228
-0.0034061
-0.0035515
-0.0036553
-0.0037117
-0.0037212
-0.0036948
-0.0036538
-0.0036033
-0.0035458
-0.0034845
-0.0034219
-0.0033601
-0.0033003
-0.0032433
-0.0031891
-0.003137
-0.0030856
-0.0030328
-0.0029757
-0.0029104
-0.002833
-0.002739
-0.002625
-0.0024892
-0.0023332
-0.0021633
-0.0019881
-0.0018096
-0.0016288
-0.0014466
-0.0012632
-0.0010787
-0.00089255
-0.00070415
-0.00051302
-0.00031917
-0.00012337
7.2557e-05
0.0002655
0.00045108
0.00062373
0.00077734
0.00090599
0.0010054
0.0010746
0.0011186
0.001149
0.001174
0.0011966
0.001219
0.0012425
0.0012677
0.0012931
0.001316
0.0013318
0.0013344
0.001317
0.0012728
0.0011963
0.0010857
0.0009453
0.00078679
0.00061766
0.00043963
0.00025419
6.3251e-05
-0.00013079
-0.00032479
-0.00051451
-0.00069446
-0.00085799
-0.0009977
-0.0011064
-0.0011788
-0.0012133
-0.0012158
-0.0012003
-0.001176
-0.0011456
-0.0011112
-0.0010744
-0.0010366
-0.00099857
-0.00096066
-0.00092298
-0.00088551
-0.00084825
-0.00081123
-0.00077465
-0.00073875
-0.00070379
-0.00066994
-0.0006371
-0.00060475
-0.00057184
-0.00053664
-0.00049687
-0.00044964
-0.0003919
-0.00032079
-0.00023459
-0.00013342
-2.0959e-05
9.5968e-05
0.00021581
0.00033807
0.00046204
0.00058739
0.00071385
0.00084133
0.00096968
0.0010986
0.0012274
0.0013551
0.0014799
0.0016
0.0017129
0.0018164
0.0019088
0.0019898
0.0020611
0.0021271
0.0021909
0.0022538
0.0023169
0.002381
0.0024468
0.0025142
0.0025824
0.0026497
0.0027137
0.002771
0.0028178
0.0028499
0.002864
0.0028581
0.0028334
0.0027955
0.0027519
0.0027046
0.0026546
0.002603
0.0025507
0.0024983
0.0024462
0.0023944
0.0023432
0.0022923
0.0022418
0.0021916
0.0021414
0.0020912
0.0020407
0.0019895
0.0019369
0.0018825
0.0018254
0.001765
0.0017009
0.0016331
0.0015625
0.0014907
0.0014183
0.0013454
0.0012723
0.0011989
0.0011249
0.0010502
0.00097448
0.00089761
0.00081955
0.00074058
0.00066143
0.00058329
0.0005079
0.00043747
0.00037456
0.00032166
0.00028077
0.00025266
0.00023589
0.00022613
0.00021923
0.00021405
0.00020999
0.00020652
0.00020347
0.00020098
0.00019946
0.00019944
0.00020143
0.00020566
0.00021191
0.00021919
0.00022558
0.00022808
0.0002227
0.00020463
0.00016881
0.00011073
2.7849e-05
-7.8876e-05
-0.00020292
-0.00033529
-0.00047383
-0.00061731
-0.00076384
-0.00091146
-0.0010577
-0.0011999
-0.001335
-0.0014595
-0.0015703
-0.001665
-0.001743
-0.0018067
-0.001862
-0.0019133
-0.0019619
-0.0020093
-0.0020568
-0.0021059
-0.0021576
-0.0022125
-0.0022707
-0.0023313
-0.0023925
-0.0024513
-0.0025031
-0.0025424
-0.0025628
-0.0025579
-0.0025226
-0.0024548
-0.0023581
-0.0022429
-0.0021197
-0.0019912
-0.0018592
-0.0017255
-0.0015913
-0.0014571
-0.001323
-0.0011888
-0.0010538
-0.00091756
-0.00077958
-0.00063978
-0.00049863
-0.00035727
-0.00021763
-8.2411e-05
4.5013e-05
0.00016098
0.000262
0.00034569
0.00041164
0.00046326
0.00050772
0.00054826
0.00058615
0.00062269
0.00065903
0.00069608
0.00073439
0.00077415
0.00081508
0.00085645
0.000897
0.00093498
0.00096816
0.00099407
0.0010102
0.0010147
0.0010066
0.00098728
0.00096075
0.00093092
0.00089883
0.00086519
0.00083069
0.00079589
0.0007612
0.00072686
0.00069304
0.0006598
0.00062713
0.00059492
0.00056296
0.00053088
0.00049814
0.000464
0.00042756
0.00038779
0.00034371
0.00029459
0.00024023
0.00018142
0.00012009
5.7526e-05
-5.901e-06
-6.9909e-05
-0.00013423
-0.00019869
-0.00026313
-0.00032748
-0.00039171
-0.00045582
-0.00051981
-0.00058369
-0.00064751
-0.00071133
-0.00077522
-0.00083932
-0.00090379
-0.00096884
-0.0010347
-0.0011015
-0.0011694
-0.0012383
-0.001308
-0.001378
-0.0014481
-0.0015181
-0.0015879
-0.0016572
-0.0017261
-0.0017946
-0.0018627
-0.0019309
-0.0019994
-0.0020689
-0.0021397
-0.0022125
-0.0022875
-0.0023645
-0.0024428
-0.0025208
-0.0025961
-0.0026654
-0.0027245
-0.002769
-0.0027946
-0.0027984
-0.0027801
-0.0027439
-0.0026991
-0.0026494
-0.0025964
-0.0025413
-0.002485
-0.0024285
-0.002372
-0.0023157
-0.0022596
-0.0022036
-0.0021475
-0.0020912
-0.0020348
-0.0019784
-0.0019221
-0.001866
-0.0018106
-0.0017557
-0.0017015
-0.0016477
-0.0015937
-0.0015387
-0.0014813
-0.0014202
-0.0013536
-0.0012802
-0.0011989
-0.0011098
-0.0010148
-0.00091752
-0.00081875
-0.00071894
-0.00061864
-0.00051821
-0.00041798
-0.00031802
-0.00021835
-0.00011877
-1.9102e-05
8.0983e-05
0.00018179
0.0002836
0.00038653
0.00049054
0.00059523
0.00069986
0.0008032
0.00090361
0.00099902
0.0010872
0.0011661
0.0012343
0.0012915
0.0013399
0.0013839
0.0014255
0.0014653
0.0015038
0.0015416
0.0015791
0.0016164
0.0016538
0.0016914
0.0017295
0.0017681
0.0018075
0.0018477
0.0018888
0.0019307
0.0019728
0.0020143
0.0020538
0.0020897
0.00212
0.0021425
0.0021554
0.0021577
0.0021501
0.0021355
0.0021179
0.0020983
0.0020773
0.0020553
0.0020328
0.0020101
0.0019873
0.0019646
0.001942
0.0019197
0.0018977
0.0018762
0.0018554
0.0018354
0.001816
0.001797
0.0017779
0.0017577
0.0017351
0.0017084
0.001676
0.0016361
0.0015876
0.0015303
0.0014658
0.0013979
0.001328
0.0012567
0.0011846
0.0011119
0.0010392
0.00096653
0.00089412
0.00082199
0.00075014
0.00067855
0.00060714
0.0005358
0.00046438
0.00039273
0.0003206
0.00024779
0.0001741
9.9438e-05
2.3886e-05
-5.2224e-05
-0.00012823
-0.00020303
-0.00027517
-0.00034281
-0.00040394
-0.00045663
-0.00049954
-0.00053247
-0.00055729
-0.00057798
-0.00059627
-0.00061268
-0.00062782
-0.00064219
-0.00065631
-0.00067058
-0.00068542
-0.00070118
-0.00071819
-0.00073665
-0.00075656
-0.00077759
-0.00079899
-0.00081941
-0.00083692
-0.00084896
-0.00085255
-0.00084459
-0.00082246
-0.00078479
-0.00073252
-0.00067011
-0.00060355
-0.00053431
-0.00046307
-0.00039054
-0.0003171
-0.00024296
-0.00016806
-9.2314e-05
-1.5657e-05
6.1718e-05
0.00013929
0.00021605
0.00029049
0.00036059
0.00042405
0.00047848
0.00052197
0.00055369
0.00057481
0.00058915
0.00060038
0.00060942
0.00061677
0.00062295
0.00062834
0.00063317
0.00063762
0.00064187
0.00064615
0.00065082
0.00065636
0.00066331
0.00067221
0.00068345
0.00069703
0.00071235
0.00072801
0.00074158
0.00074958
0.0007475
0.00073021
0.00069259
0.00063052
0.00054235
0.00043088
0.00030476
0.0001723
3.5677e-05
-0.00010386
-0.00024515
-0.00038758
-0.00053097
-0.00067552
-0.00082156
-0.00096939
-0.0011189
-0.0012696
-0.0014198
-0.0015672
-0.0017083
-0.001839
-0.0019547
-0.0020512
-0.0021258
-0.0021785
-0.0022145
-0.0022434
-0.0022676
-0.0022878
-0.0023056
-0.0023217
-0.0023373
-0.0024156
-0.0024317
-0.0024492
-0.0024688
-0.0024909
-0.0025158
-0.0025431
-0.0025717
-0.0025995
-0.0026232
-0.0026382
-0.002639
-0.0026195
-0.0025741
-0.0024989
-0.0023936
-0.0022641
-0.0021232
-0.0019761
-0.0018248
-0.001671
-0.0015158
-0.0013599
-0.0012035
-0.0010464
-0.00088805
-0.00072803
-0.00056618
-0.00040287
-0.00023927
-7.7417e-05
7.9656e-05
0.00022809
0.00036345
0.00048142
0.00057867
0.00065413
0.00071077
0.00075631
0.00079593
0.00083125
0.00086363
0.00089454
0.0009253
0.00095713
0.00099103
0.0010277
0.0010677
0.0011106
0.0011557
0.0012008
0.001243
0.0012777
0.0012995
0.001302
0.001279
0.0012256
0.0011401
0.0010262
0.00089469
0.00075601
0.00061268
0.00046588
0.00031653
0.00016479
1.0274e-05
-0.00014773
-0.00030978
-0.00047585
-0.00064465
-0.00081326
-0.00097662
-0.0011276
-0.0012569
-0.0013544
-0.0014101
-0.0014164
-0.0013713
-0.0012825
-0.001169
-0.0010433
-0.00090944
-0.00077029
-0.00062862
-0.00048644
-0.00034505
-0.00020504
-6.65e-05
7.09e-05
0.00020767
0.00034447
0.00048193
0.00062063
0.00076092
0.00090291
0.0010463
0.0011904
0.0013336
0.0014741
0.0016091
0.0017355
0.0018499
0.0019492
0.0020318
0.0020978
0.0021512
0.0021994
0.0022442
0.0022863
0.0023267
0.0023661
0.0024049
0.0024434
0.0024817
0.0025199
0.0025579
0.002596
0.0026343
0.0026731
0.0027124
0.0027525
0.0027932
0.0028341
0.0028743
0.0029123
0.0029464
0.0029743
0.0029934
0.0030015
0.0029973
0.0029809
0.0029552
0.0029256
0.0028935
0.0028593
0.0028237
0.002787
0.0027498
0.0027124
0.002675
0.0026381
0.002602
0.0025673
0.0025343
0.0025033
0.0024744
0.002447
0.0024198
0.0023907
0.0023567
0.0023139
0.0022578
0.002184
0.0020889
0.0019712
0.0018333
0.0016829
0.0015272
0.001368
0.0012062
0.0010427
0.00087819
0.00071312
0.00054783
0.0003828
0.00021887
5.7305e-05
-9.9997e-05
-0.00025067
-0.00039196
-0.00052122
-0.00063643
-0.00073706
-0.00082522
-0.0009061
-0.00098314
-0.0010573
-0.0011294
-0.0011999
-0.0012695
-0.0013384
-0.0014069
-0.0014751
-0.001543
-0.0016107
-0.0016783
-0.0017458
-0.0018134
-0.0018811
-0.0019486
-0.0020157
-0.0020816
-0.0021456
-0.0022063
-0.0022624
-0.0023124
-0.0023554
-0.0023907
-0.0024192
-0.0024432
-0.002465
-0.0024852
-0.0025044
-0.002523
-0.0025416
-0.0025605
-0.0025799
-0.0025998
-0.00262
-0.00264
-0.0026592
-0.0026765
-0.0026905
-0.0027
-0.0027034
-0.0026998
-0.0026886
-0.0026707
-0.0026484
-0.002625
-0.0026012
-0.0025772
-0.0025531
-0.0025281
-0.0025013
-0.0024711
-0.0024355
-0.0023925
-0.0023403
-0.002278
-0.0022062
-0.002128
-0.0020473
-0.0019651
-0.001882
-0.0017988
-0.0017159
-0.0016336
-0.0015522
-0.0014714
-0.0013914
-0.0013117
-0.0012322
-0.0011526
-0.0010727
-0.00099232
-0.00091166
-0.00083106
-0.0007512
-0.00067315
-0.00059826
-0.00052817
-0.0004646
-0.0004091
-0.00036256
-0.00032479
-0.00029364
-0.00026524
-0.00023859
-0.00021331
-0.00018887
-0.00016497
-0.00014139
-0.00011807
-9.5017e-05
-7.2326e-05
-5.0034e-05
-2.814e-05
-6.5158e-06
1.5082e-05
3.7072e-05
5.9989e-05
8.4481e-05
0.00011117
0.00014058
0.00017293
0.00020788
0.0002444
0.00028148
0.00031884
0.00035627
0.00039355
0.00043049
0.00046694
0.0005028
0.00053797
0.00057247
0.00060632
0.00063964
0.00067257
0.00070538
0.00073835
0.00077176
0.00080587
0.00084079
0.00087642
0.00091234
0.00094769
0.00098115
0.0010109
0.0010347
0.0010502
0.0010552
0.0010483
0.0010293
0.0010008
0.00096771
0.00093233
0.0008954
0.0008577
0.00081988
0.00078243
0.00074564
0.00070967
0.0006745
0.00064001
0.00060598
0.00057212
0.00053808
0.00050352
0.00046811
0.00043169
0.00039427
0.00035621
0.00031827
0.00028172
0.00024836
0.00022046
0.00020056
0.00019118
0.00019426
0.00021048
0.00023829
0.00027325
0.00031112
0.00035066
0.00039107
0.00043154
0.0004715
0.00051059
0.00054869
0.00058589
0.00062244
0.00065872
0.00069518
0.00073224
0.00077026
0.00080934
0.00084931
0.00088951
0.00092875
0.00096524
0.00099659
0.00102
0.0010325
0.0010314
0.0010153
0.00098462
0.00094308
0.00089755
0.00084972
0.00080034
0.00075033
0.00070031
0.00065072
0.00060174
0.00055344
0.00050571
0.00045848
0.00041166
0.00036526
0.00031936
0.00027419
0.00023006
0.00018738
0.00014658
0.00010806
7.2085e-05
3.8664e-05
7.4281e-06
-2.2512e-05
-5.2204e-05
-8.1919e-05
-0.00011162
-0.000141
-0.00016936
-0.00019563
-0.00021832
-0.00023569
-0.00024596
-0.00024761
-0.00023994
-0.00022358
-0.00020126
-0.00017656
-0.00015039
-0.00012322
-9.5607e-05
-6.7975e-05
-4.0688e-05
-1.4017e-05
1.1789e-05
3.651e-05
5.9922e-05
8.1825e-05
0.00010208
0.00012067
0.00013786
0.00015414
0.00016973
0.00018471
0.00019919
0.00021335
0.00022737
0.00024149
0.00025593
0.00027088
0.00028641
0.00030244
0.00031864
0.00033434
0.00034854
0.00035988
0.00036671
0.00036728
0.00035998
0.00034378
0.00031876
0.00028688
0.00025198
0.00021572
0.00017863
0.00014125
0.00010398
6.7151e-05
3.0975e-05
-4.3681e-06
-3.8711e-05
-7.1856e-05
-0.00010356
-0.00013352
-0.00016145
-0.00018709
-0.00021035
-0.00023144
-0.00025094
-0.00026939
-0.00028688
-0.00030347
-0.0003192
-0.00033415
-0.00034844
-0.0003622
-0.00037562
-0.00038893
-0.00040238
-0.0004162
-0.00043053
-0.00044535
-0.00046039
-0.00047507
-0.0004884
-0.00049898
-0.0005051
-0.00050481
-0.00049624
-0.00047798
-0.00044966
-0.00041264
-0.00037052
-0.00032668
-0.00028211
-0.00023746
-0.00019334
-0.00015017
-0.00010818
-6.736e-05
-2.7549e-05
1.1602e-05
5.0542e-05
8.9795e-05
0.00012983
0.00017102
0.00021339
0.00025661
0.00030023
0.00034406
0.00038769
0.00043035
0.00047087
0.0005077
0.00053892
0.0005624
0.00057613
0.0005786
0.00056941
0.0005501
0.00052461
0.00049661
0.00046705
0.00043648
0.00040552
0.00037464
0.00034428
0.00031486
0.00028689
0.00026094
0.00023771
0.00021793
0.0002023
0.00019127
0.00018482
0.00018211
0.0001814
0.00018156
0.00018234
0.00018358
0.00018518
0.00018709
0.00018932
0.00019186
0.00019468
0.00019762
0.00020037
0.00020243
0.00020311
0.00020157
0.00019689
0.00018821
0.00017496
0.00015713
0.00013563
0.00011244
8.8775e-05
6.4884e-05
4.0913e-05
1.698e-05
-6.8127e-06
-3.0333e-05
-5.3349e-05
-7.5461e-05
-9.6044e-05
-0.00011423
-0.00012895
-0.00013899
-0.00014321
-0.00014078
-0.00013154
-0.00011649
-9.8059e-05
-7.8453e-05
-5.8248e-05
-3.7776e-05
-1.7366e-05
2.7505e-06
2.2396e-05
4.1428e-05
5.9688e-05
7.6974e-05
9.3008e-05
0.00010744
0.00011987
0.00012991
0.00013728
0.00014194
0.00014424
0.00014505
0.00014517
0.00014481
0.00014412
0.00014324
0.00014228
0.00014132
0.0001404
0.00013957
0.00013881
0.00013814
0.0001375
0.00013684
0.0001361
0.00013515
0.00013388
0.00013215
0.00012982
0.00012681
0.00012308
0.00011875
0.00011406
0.00010937
0.00010475
0.00010025
9.59e-05
9.1718e-05
8.7705e-05
8.3841e-05
8.0101e-05
7.6456e-05
7.2885e-05
6.9384e-05
6.5976e-05
6.272e-05
5.9712e-05
5.7089e-05
5.5017e-05
5.3678e-05
5.3237e-05
5.3806e-05
5.5388e-05
5.7812e-05
6.0687e-05
6.3664e-05
6.6644e-05
6.9566e-05
7.237e-05
7.5019e-05
7.7487e-05
7.9768e-05
8.1862e-05
8.3777e-05
8.5522e-05
8.7111e-05
8.855e-05
8.9848e-05
9.1009e-05
9.2037e-05
9.2931e-05
9.3692e-05
9.4318e-05
9.4808e-05
9.516e-05
9.5371e-05
9.5439e-05
9.5364e-05
9.5146e-05
9.479e-05
9.4305e-05
9.3709e-05
9.3009e-05
9.2209e-05
9.1313e-05
9.0323e-05
8.924e-05
8.8071e-05
8.6821e-05
8.5498e-05
8.4113e-05
8.268e-05
8.121e-05
7.9716e-05
7.8204e-05
7.6672e-05
7.5109e-05
7.3488e-05
7.1768e-05
6.9892e-05
6.7793e-05
6.54e-05
6.2652e-05
5.951e-05
5.5987e-05
5.2166e-05
4.8221e-05
4.4301e-05
4.0449e-05
3.6688e-05
3.3041e-05
2.952e-05
2.6134e-05
2.2881e-05
1.9758e-05
1.6758e-05
1.3875e-05
1.1102e-05
8.4316e-06
5.8593e-06
3.3808e-06
9.9296e-07
-1.307e-06
-3.5211e-06
-5.6515e-06
-7.7005e-06
-9.6703e-06
-1.1564e-05
-1.3384e-05
-1.5135e-05
-1.6823e-05
-1.8451e-05
-2.0025e-05
-2.1547e-05
-2.3022e-05
-2.445e-05
-2.5836e-05
-2.7182e-05
-2.849e-05
-2.9764e-05
-3.1007e-05
-3.2224e-05
-3.3417e-05
-3.4591e-05
-3.5751e-05
-3.6897e-05
-3.8033e-05
-3.9157e-05
-4.0268e-05
-4.1359e-05
-4.2424e-05
-4.3454e-05
-4.444e-05
-4.5374e-05
-4.6255e-05
-4.7086e-05
-4.7882e-05
-4.8671e-05
-4.9486e-05
-5.0333e-05
-5.1216e-05
-5.2138e-05
-5.3101e-05
-5.4106e-05
-5.5152e-05
-5.6237e-05
-5.7361e-05
-5.8521e-05
-5.9716e-05
-6.0945e-05
-6.2205e-05
-6.3496e-05
-6.4815e-05
-6.616e-05
-6.7528e-05
-6.8916e-05
-7.0321e-05
-7.1742e-05
-7.3174e-05
-7.4619e-05
-7.6076e-05
-7.7548e-05
-7.9042e-05
-8.0558e-05
-8.2097e-05
-8.3657e-05
-8.5238e-05
-8.6838e-05
-8.8456e-05
-9.009e-05
-9.1738e-05
-9.3399e-05
-9.5072e-05
-9.6754e-05
-9.8445e-05
-0.00010014
-0.00010185
-0.00010356
-0.00010527
-0.00010699
-0.00010871
-0.00011043
-0.00011216
-0.00011388
-0.0001156
-0.00011732
-0.00011903
-0.00012074
-0.00012245
-0.00012416
-0.00012585
-0.00012755
-0.00012924
-0.00013092
-0.0001326
-0.00013427
-0.00013594
-0.0001376
-0.00013925
-0.0001409
-0.00014254
-0.00014418
-0.0001458
-0.00014743
-0.00014904
-0.00015065
-0.00015226
-0.00015385
-0.00015545
-0.00015703
-0.00015861
-0.00016018
-0.00016175
-0.00016331
-0.00016487
-0.00016642
-0.00016797
-0.00016951
-0.00017104
-0.00017257
-0.0001741
-0.00017562
-0.00017714
-0.00017865
-0.00018015
