5.089304E-04
5.096372E-04
5.099763E-04
5.079418E-04
5.054931E-04
5.047895E-04
5.029797E-04
5.031883E-04
5.055445E-04
5.050584E-04
5.059917E-04
5.077503E-04
5.048624E-04
4.975348E-04
5.135851E-04
5.067464E-04
4.539753E-04
4.393798E-04
4.500744E-04
4.050458E-04
3.405458E-04
3.563917E-04
4.246744E-04
4.733377E-04
5.525213E-04
5.648698E-04
6.204804E-04
8.721809E-04
9.500556E-04
6.270808E-04
1.360441E-04
-2.101418E-04
-1.389859E-04
-6.245634E-05
-1.347744E-04
3.120668E-04
6.321002E-04
3.998871E-04
7.624649E-04
1.158591E-03
9.012581E-04
9.075097E-04
7.990375E-04
3.429676E-04
1.169476E-03
1.423212E-03
-6.051899E-04
-1.312052E-03
3.923567E-04
8.348014E-04
-9.484041E-04
-1.304997E-03
6.034489E-04
1.990073E-03
1.465155E-03
1.014875E-03
2.245929E-03
2.997204E-03
1.772791E-03
2.191308E-05
-7.720403E-04
-1.277977E-03
-1.152872E-03
-1.040262E-03
-1.496190E-03
-3.820515E-04
1.573234E-03
1.052207E-03
2.978405E-03
6.412634E-03
2.838605E-03
-4.048142E-03
-2.295291E-03
2.673586E-03
4.297498E-04
-3.779829E-03
-2.724034E-03
1.431209E-03
4.551141E-03
3.989768E-03
-1.468039E-03
-8.542572E-03
-7.916282E-03
-2.113630E-03
-2.089868E-03
-3.656514E-03
-8.993656E-04
3.679801E-03
7.316656E-03
5.935373E-03
-1.727217E-04
-2.995991E-03
-1.354600E-03
4.960288E-04
1.692732E-03
-3.876254E-03
-1.173388E-02
-8.946481E-03
3.609288E-03
1.428064E-02
1.921156E-02
1.465983E-02
5.034907E-03
-4.800129E-04
-1.422168E-03
-6.254485E-03
-1.196417E-02
-2.747648E-03
1.384522E-02
1.517094E-02
4.319628E-03
4.495148E-03
8.039766E-03
5.932417E-03
4.532959E-03
-1.375574E-03
-1.054376E-02
-7.285702E-03
1.457151E-03
-2.493501E-03
-8.726816E-04
1.736660E-02
2.628114E-02
1.754887E-02
1.287901E-02
8.916618E-03
-2.340210E-03
-7.747651E-03
-1.233777E-03
-3.868031E-04
-1.074698E-02
-1.430888E-02
-4.618583E-03
1.085383E-04
-3.431739E-03
3.562298E-03
1.366895E-02
1.314796E-02
1.582383E-02
2.650746E-02
3.049051E-02
2.776492E-02
2.479944E-02
1.527270E-02
2.607325E-03
-8.113734E-03
-2.453005E-02
-4.266924E-02
-3.217986E-02
6.425870E-03
4.569430E-02
6.698440E-02
5.818050E-02
3.230749E-02
1.620768E-02
9.148578E-03
-1.196980E-04
-1.682624E-02
-3.918643E-02
-4.942238E-02
-3.085044E-02
-1.412170E-04
1.504265E-02
1.987175E-02
2.142963E-02
1.417802E-02
1.000193E-02
8.603818E-03
-8.586708E-03
-3.383961E-02
-3.155806E-02
3.369414E-03
4.549281E-02
6.816139E-02
5.647104E-02
2.002853E-02
-1.222179E-02
-2.144857E-02
-3.312457E-02
-5.699857E-02
-5.285637E-02
-2.140225E-02
1.606604E-02
4.901358E-02
6.724062E-02
6.031119E-02
3.423596E-02
6.489574E-05
-2.949226E-02
-4.605066E-02
-3.760062E-02
-2.300598E-02
-1.555151E-02
-7.475116E-03
-6.368065E-03
-1.939471E-02
-2.811577E-02
-1.644279E-02
-2.393176E-03
-2.859836E-03
-1.199535E-02
-1.810777E-02
-1.648963E-02
-1.005988E-02
-1.146855E-02
-2.115370E-02
-1.562826E-02
1.976888E-03
1.248488E-02
5.367205E-03
-4.278517E-03
-1.495437E-03
-1.039938E-03
-1.488979E-02
-2.977097E-02
-2.336869E-02
1.117921E-02
4.742708E-02
4.945474E-02
2.073779E-02
-2.569498E-03
-1.003762E-03
3.972986E-03
-8.208258E-03
-2.229779E-02
-1.398749E-02
-1.272702E-04
-2.067474E-03
-1.575264E-02
-3.216228E-02
-3.919741E-02
-3.522971E-02
-4.142885E-02
-4.868833E-02
-3.351890E-02
1.337452E-04
3.403082E-02
4.797176E-02
4.549381E-02
3.741437E-02
1.900989E-02
-1.858889E-02
-6.676990E-02
-7.768187E-02
-4.405615E-02
-1.655447E-02
-2.185277E-02
-2.463099E-02
-4.278568E-04
2.297963E-02
3.157787E-02
3.628794E-02
4.724666E-02
4.451043E-02
3.055909E-02
3.313840E-02
3.486891E-02
1.690150E-02
-2.519361E-03
-3.331906E-03
5.153894E-03
-6.440012E-03
-4.494852E-02
-6.375596E-02
-4.761693E-02
-2.559193E-02
-1.007423E-02
-1.062606E-05
-5.418277E-03
-1.692115E-02
-3.058885E-03
2.590161E-02
3.580070E-02
1.734046E-02
-1.473267E-02
-4.608258E-02
-6.804812E-02
-6.916011E-02
-5.269706E-02
-1.664083E-02
2.217583E-02
3.338534E-02
1.742965E-02
7.152357E-04
-6.361956E-03
-1.117370E-02
-1.306422E-02
-1.263303E-02
-1.765791E-02
-3.265846E-02
-3.750826E-02
-1.685940E-02
5.729753E-03
6.247140E-03
3.157590E-03
1.530223E-02
2.713187E-02
2.819114E-02
1.647772E-02
-1.581509E-02
-4.152557E-02
-2.142196E-02
1.967703E-02
3.360698E-02
4.795729E-03
-3.183802E-02
-4.016533E-02
-3.147421E-02
-2.498798E-02
-2.709926E-02
-3.597115E-02
-3.659666E-02
-1.660644E-02
1.353418E-02
2.766481E-02
1.688937E-02
1.175839E-02
3.664159E-02
6.335642E-02
5.889652E-02
3.684584E-02
1.933125E-02
6.811221E-03
1.674480E-03
2.995470E-03
-5.816457E-03
-2.250690E-02
-2.688016E-02
-2.708324E-02
-4.172834E-02
-5.731252E-02
-6.778212E-02
-8.631654E-02
-1.139277E-01
-1.324198E-01
-1.277941E-01
-1.116596E-01
-1.009339E-01
-1.022852E-01
-1.100923E-01
-1.117473E-01
-9.881112E-02
-7.725055E-02
-4.966405E-02
-1.676938E-02
1.501245E-02
3.742755E-02
4.113499E-02
4.279978E-02
6.566190E-02
9.506063E-02
9.919352E-02
8.530088E-02
8.518097E-02
1.020569E-01
1.083782E-01
8.039474E-02
1.058896E-02
-7.832781E-02
-1.314874E-01
-1.458000E-01
-1.586773E-01
-1.835629E-01
-2.033569E-01
-2.115038E-01
-2.115145E-01
-2.010818E-01
-1.782640E-01
-1.558295E-01
-1.436825E-01
-1.364156E-01
-1.241754E-01
-9.623944E-02
-4.478839E-02
1.302513E-02
6.143687E-02
1.095234E-01
1.574893E-01
1.919569E-01
2.065340E-01
2.044511E-01
2.034867E-01
2.120812E-01
2.223345E-01
2.252283E-01
2.232307E-01
2.233472E-01
2.200085E-01
2.042324E-01
1.808634E-01
1.646384E-01
1.594496E-01
1.591262E-01
1.481021E-01
1.286792E-01
1.210350E-01
1.244750E-01
1.150707E-01
8.468599E-02
5.164454E-02
3.895574E-02
3.811996E-02
3.613636E-02
2.887666E-02
7.296045E-03
-2.084094E-02
-4.613917E-02
-6.960905E-02
-9.419342E-02
-1.298890E-01
-1.861436E-01
-2.276346E-01
-2.248592E-01
-1.967021E-01
-1.694959E-01
-1.385332E-01
-1.104941E-01
-1.033418E-01
-1.070345E-01
-8.657273E-02
-5.554271E-02
-4.020551E-02
-2.690231E-02
7.527257E-03
6.377483E-02
1.081597E-01
1.096334E-01
9.746296E-02
9.975374E-02
1.077451E-01
1.078515E-01
1.060254E-01
1.077220E-01
1.069354E-01
1.052059E-01
1.115282E-01
1.352039E-01
1.626904E-01
1.502002E-01
7.900672E-02
-1.276707E-02
-7.676387E-02
-1.103040E-01
-1.340837E-01
-1.539163E-01
-1.511024E-01
-1.023569E-01
-2.617623E-02
2.394204E-02
6.538954E-02
1.311498E-01
1.879264E-01
2.097351E-01
2.157490E-01
2.230477E-01
2.297491E-01
2.280980E-01
2.102285E-01
1.174682E-01
-3.133842E-02
-1.623670E-01
-2.628887E-01
-3.350079E-01
-3.414804E-01
-2.717469E-01
-1.868426E-01
-1.273012E-01
-6.731974E-02
-2.290949E-02
-5.015289E-03
5.719412E-03
1.229146E-02
9.833941E-03
1.442038E-02
3.686251E-02
6.924616E-02
9.690858E-02
1.017809E-01
8.475259E-02
6.621571E-02
5.442052E-02
4.478492E-02
3.234589E-02
2.770068E-02
4.668447E-02
8.991864E-02
1.300954E-01
1.391576E-01
1.233547E-01
1.085283E-01
1.244150E-01
1.668382E-01
1.906334E-01
1.881443E-01
1.866495E-01
1.877018E-01
1.675621E-01
7.691566E-02
-5.044013E-02
-1.496560E-01
-2.145396E-01
-2.452939E-01
-2.462151E-01
-2.183844E-01
-1.745750E-01
-1.425077E-01
-1.324938E-01
-1.368559E-01
-1.320635E-01
-1.171111E-01
-1.008561E-01
-7.961128E-02
-5.153369E-02
-1.990686E-02
6.388933E-04
2.380416E-02
7.902457E-02
1.589373E-01
2.036791E-01
2.046495E-01
1.824382E-01
1.485372E-01
1.355356E-01
1.610403E-01
1.968705E-01
2.087318E-01
1.855596E-01
1.221087E-01
2.606757E-02
-9.082949E-02
-2.198326E-01
-2.814800E-01
-2.575944E-01
-2.510060E-01
-2.569165E-01
-2.237377E-01
-1.782674E-01
-1.623270E-01
-1.711728E-01
-1.876438E-01
-2.055768E-01
-2.095649E-01
-1.903593E-01
-1.566181E-01
-1.126575E-01
-6.932980E-02
-3.492621E-02
-4.126091E-03
2.886723E-02
6.741724E-02
1.052215E-01
1.363304E-01
1.617840E-01
1.842423E-01
1.965326E-01
1.930102E-01
1.746706E-01
1.555157E-01
1.466465E-01
1.383124E-01
1.181658E-01
8.566998E-02
5.046328E-02
2.465123E-02
1.539256E-02
2.328439E-02
2.537734E-02
3.820458E-03
-4.196719E-02
-9.850255E-02
-1.502775E-01
-1.789259E-01
-1.874669E-01
-1.791031E-01
-1.553180E-01
-1.134817E-01
-6.045745E-02
-2.221435E-02
-1.018049E-03
4.467411E-03
-5.987736E-03
-3.746772E-02
-6.628923E-02
-5.435793E-02
-4.136358E-03
5.145660E-02
9.458129E-02
1.232922E-01
1.428193E-01
1.357869E-01
7.126432E-02
-4.043467E-02
-1.024495E-01
-8.903175E-02
-5.754898E-02
-3.837630E-02
-1.778330E-02
7.608163E-03
1.502118E-02
-1.493400E-03
-2.166601E-02
-3.055879E-02
-3.384049E-02
-3.049442E-02
-1.475733E-02
6.241054E-04
1.028824E-02
1.473395E-02
2.346751E-02
4.187557E-02
6.386791E-02
7.331131E-02
6.310050E-02
5.324142E-02
5.305005E-02
3.987323E-02
-1.053634E-02
-6.602194E-02
-8.222957E-02
-7.295307E-02
-7.586044E-02
-9.238901E-02
-9.752577E-02
-7.770332E-02
-5.570168E-02
-5.836314E-02
-8.392714E-02
-1.070646E-01
-1.203366E-01
-1.332067E-01
-1.355893E-01
-1.192362E-01
-1.005942E-01
-1.049338E-01
-1.347518E-01
-1.565761E-01
-1.490732E-01
-1.390442E-01
-1.396477E-01
-1.326468E-01
-1.092435E-01
-6.286642E-02
6.690305E-03
7.858890E-02
1.265081E-01
1.390679E-01
1.405054E-01
1.491765E-01
1.616827E-01
1.732782E-01
1.831103E-01
2.013810E-01
2.198129E-01
2.164068E-01
1.840677E-01
1.271972E-01
5.114686E-02
-1.541522E-02
-5.639019E-02
-8.917364E-02
-1.204510E-01
-1.443775E-01
-1.522930E-01
-1.362292E-01
-7.886811E-02
-2.994220E-03
5.130370E-02
8.327796E-02
1.039205E-01
1.063956E-01
8.800266E-02
6.689770E-02
7.229364E-02
8.747677E-02
7.948693E-02
6.233312E-02
5.449887E-02
4.169823E-02
1.512286E-02
-9.064710E-03
-2.354973E-02
-3.203288E-02
-3.802205E-02
-4.225508E-02
-3.881106E-02
-2.439344E-02
-2.534541E-03
1.425954E-02
2.200009E-02
2.761404E-02
2.651709E-02
1.717525E-02
2.164063E-02
5.168547E-02
7.432861E-02
6.203231E-02
2.176631E-02
-1.417751E-02
-3.046581E-02
-2.398326E-02
-7.579514E-03
8.576334E-03
2.939416E-02
5.890642E-02
9.039249E-02
1.206202E-01
1.480509E-01
1.714001E-01
1.883513E-01
1.775197E-01
1.370719E-01
9.990403E-02
7.917471E-02
6.416455E-02
4.557187E-02
2.063983E-02
-2.599465E-02
-8.911264E-02
-1.164930E-01
-1.205033E-01
-1.345550E-01
-1.398020E-01
-1.120414E-01
-5.854536E-02
-7.103312E-03
2.830414E-02
3.929112E-02
3.411818E-02
2.281940E-02
5.686637E-03
-1.519151E-02
-4.642479E-02
-8.977186E-02
-1.218129E-01
-1.334938E-01
-1.289038E-01
-1.189428E-01
-1.170955E-01
-1.282092E-01
-1.636190E-01
-2.137803E-01
-2.230133E-01
-1.969644E-01
-1.724186E-01
-1.551274E-01
-1.292046E-01
-9.248163E-02
-5.714280E-02
-3.380367E-02
-1.648987E-02
4.647542E-05
1.266337E-02
1.779233E-02
1.497292E-02
1.524532E-02
2.061016E-02
1.654285E-02
-3.046410E-03
-2.322670E-02
-2.995834E-02
-2.178162E-02
1.555512E-03
3.435475E-02
6.440314E-02
9.523907E-02
1.236497E-01
1.329200E-01
1.196796E-01
1.116007E-01
1.109288E-01
9.740229E-02
7.451219E-02
5.757837E-02
5.336711E-02
6.121367E-02
6.985987E-02
6.940364E-02
7.135674E-02
9.474114E-02
1.130769E-01
8.741018E-02
2.131980E-02
-4.807120E-02
-1.043988E-01
-1.587250E-01
-2.065114E-01
-2.163161E-01
-1.618316E-01
-8.482474E-02
-5.035506E-02
-5.112402E-02
-5.705482E-02
-5.323081E-02
-3.943651E-02
-2.286822E-02
-1.031701E-02
-6.972253E-03
-1.246770E-02
-1.122351E-02
-1.154767E-03
8.703765E-03
1.671692E-02
2.439678E-02
3.100132E-02
2.207120E-02
-5.828063E-03
-2.836117E-02
-7.585326E-03
4.416824E-02
8.290540E-02
9.796654E-02
1.175376E-01
1.546136E-01
2.041536E-01
2.434358E-01
2.542660E-01
2.423653E-01
2.119276E-01
1.619387E-01
9.909130E-02
4.050131E-02
4.299691E-03
-6.713871E-03
7.703021E-03
1.558781E-02
6.351808E-03
4.126983E-03
1.986017E-02
3.940433E-02
5.403830E-02
7.052051E-02
9.448927E-02
1.196071E-01
1.326827E-01
1.320114E-01
1.337051E-01
1.477160E-01
1.585969E-01
1.531725E-01
1.265827E-01
9.309294E-02
7.095132E-02
5.838784E-02
4.478226E-02
2.979217E-02
1.756295E-02
6.075524E-03
-2.095786E-02
-6.250777E-02
-9.145714E-02
-1.059768E-01
-1.156058E-01
-1.164341E-01
-1.054146E-01
-8.603765E-02
-6.273092E-02
-4.810782E-02
-5.071680E-02
-6.574535E-02
-7.950681E-02
-9.370319E-02
-1.152074E-01
-1.358954E-01
-1.525259E-01
-1.659834E-01
-1.776056E-01
-1.841124E-01
-1.908745E-01
-2.017695E-01
-2.128008E-01
-2.186026E-01
-2.118699E-01
-1.912184E-01
-1.666171E-01
-1.528025E-01
-1.537179E-01
-1.647188E-01
-1.821613E-01
-1.979593E-01
-2.021121E-01
-1.909163E-01
-1.688681E-01
-1.459860E-01
-1.287305E-01
-1.154271E-01
-9.831274E-02
-6.934238E-02
-3.212826E-02
2.603085E-03
2.404312E-02
3.364454E-02
4.169006E-02
5.071624E-02
5.494040E-02
5.514429E-02
6.265831E-02
7.543751E-02
8.392193E-02
8.285963E-02
7.444768E-02
5.853751E-02
3.357795E-02
1.194790E-03
-3.639115E-02
-7.875780E-02
-1.217726E-01
-1.622961E-01
-1.851734E-01
-1.698745E-01
-1.244408E-01
-6.288608E-02
-4.763742E-03
3.580762E-02
7.064540E-02
1.096831E-01
1.453139E-01
1.688735E-01
1.799512E-01
1.842118E-01
1.826184E-01
1.626182E-01
1.167792E-01
6.783488E-02
2.052434E-02
-1.662350E-02
-4.386512E-02
-6.825551E-02
-9.537230E-02
-1.209549E-01
-1.359197E-01
-1.397799E-01
-1.284639E-01
-8.837797E-02
-2.557484E-02
4.028468E-02
9.459559E-02
1.248858E-01
1.360069E-01
1.434102E-01
1.521713E-01
1.563632E-01
1.527793E-01
1.416912E-01
1.294037E-01
1.344479E-01
1.472239E-01
1.510974E-01
1.461409E-01
1.381841E-01
1.307641E-01
1.181860E-01
8.589741E-02
4.290198E-02
1.787667E-02
1.747588E-02
2.968431E-02
4.685606E-02
6.756422E-02
8.944677E-02
1.056381E-01
1.199960E-01
1.337382E-01
1.392455E-01
1.350892E-01
1.166638E-01
7.891311E-02
5.283852E-02
4.631745E-02
4.736314E-02
5.042437E-02
5.786933E-02
7.070272E-02
8.581597E-02
9.613843E-02
9.813528E-02
9.126536E-02
6.601615E-02
5.006170E-03
-4.783853E-02
-6.187716E-02
-6.677146E-02
-6.538936E-02
-5.487467E-02
-4.090867E-02
-3.017076E-02
-2.933403E-02
-3.986723E-02
-5.541790E-02
-7.169482E-02
-8.858299E-02
-1.017209E-01
-1.040263E-01
-9.414728E-02
-8.047401E-02
-6.927009E-02
-5.306446E-02
-2.321115E-02
6.850536E-03
1.909842E-02
1.677207E-02
1.792707E-02
3.173165E-02
4.202719E-02
3.953410E-02
3.016294E-02
2.237313E-02
1.833843E-02
1.549282E-02
1.404105E-02
1.562897E-02
1.772079E-02
1.722322E-02
1.330971E-02
6.432937E-03
-4.313111E-03
-2.051664E-02
-4.183645E-02
-6.238867E-02
-8.240972E-02
-1.015133E-01
-1.188097E-01
-1.278685E-01
-1.237204E-01
-1.185942E-01
-1.213252E-01
-1.188750E-01
-1.081969E-01
-9.967824E-02
-9.901258E-02
-9.443546E-02
-8.158721E-02
-6.533012E-02
-4.490103E-02
-2.136073E-02
-3.344288E-03
-6.656926E-04
-7.499115E-03
-1.050524E-02
-4.958565E-03
-2.100133E-03
-1.124598E-02
-3.366648E-02
-5.655909E-02
-6.859862E-02
-7.528974E-02
-7.921720E-02
-7.069542E-02
-3.315436E-02
2.525041E-02
7.087070E-02
9.642875E-02
1.118195E-01
1.209335E-01
1.224400E-01
1.114575E-01
8.665811E-02
5.678755E-02
3.810042E-02
3.467445E-02
4.303253E-02
5.433248E-02
5.659608E-02
4.348180E-02
1.518870E-02
-1.662624E-02
-4.753162E-02
-7.584329E-02
-9.384150E-02
-9.442107E-02
-7.684219E-02
-3.994031E-02
-2.057666E-03
2.131121E-02
3.785281E-02
5.701117E-02
7.800770E-02
9.504801E-02
1.016015E-01
9.823441E-02
8.618065E-02
6.563080E-02
4.288843E-02
2.427563E-02
1.070146E-02
-1.047413E-03
-1.309142E-02
-2.074357E-02
-1.947581E-02
-1.412218E-02
-8.827949E-03
-7.173384E-03
-8.631853E-03
-1.329251E-02
-2.182253E-02
-3.316970E-02
-4.441294E-02
-5.386106E-02
-6.564139E-02
-8.368742E-02
-9.741960E-02
-9.018346E-02
-6.305237E-02
-3.792860E-02
-2.555266E-02
-2.036381E-02
-1.605637E-02
-1.157109E-02
-1.024844E-02
-1.025313E-02
-6.606525E-03
3.643858E-03
1.501689E-02
2.801461E-02
4.309500E-02
6.017354E-02
7.967792E-02
9.987256E-02
1.166745E-01
1.273085E-01
1.331720E-01
1.363524E-01
1.378351E-01
1.374147E-01
1.336476E-01
1.246394E-01
1.077768E-01
8.455025E-02
6.124201E-02
3.695477E-02
1.556421E-02
3.495186E-03
-2.413319E-03
-4.598554E-03
-4.304565E-03
-9.102198E-03
-1.984402E-02
-3.305145E-02
-4.538389E-02
-5.552310E-02
-5.981862E-02
-5.611587E-02
-5.293764E-02
-5.987196E-02
-7.221907E-02
-7.319742E-02
-5.117741E-02
-1.125803E-02
3.290999E-02
6.687017E-02
8.695967E-02
1.019297E-01
1.115529E-01
1.117355E-01
1.058652E-01
1.035031E-01
1.076841E-01
1.110633E-01
1.078127E-01
9.671955E-02
7.250441E-02
4.287944E-02
1.396570E-02
-1.372215E-02
-4.174704E-02
-6.338098E-02
-7.446489E-02
-7.843260E-02
-8.096686E-02
-8.435932E-02
-8.664535E-02
-8.854875E-02
-9.061221E-02
-9.383257E-02
-1.000106E-01
-1.098054E-01
-1.250238E-01
-1.416263E-01
-1.500464E-01
-1.457786E-01
-1.346442E-01
-1.209343E-01
-1.050127E-01
-8.743028E-02
-7.322498E-02
-6.481656E-02
-5.911965E-02
-5.316777E-02
-4.545012E-02
-3.673205E-02
-2.755104E-02
-1.709007E-02
-6.860538E-03
6.013692E-03
2.675143E-02
5.040720E-02
7.343646E-02
9.451787E-02
1.071585E-01
1.111045E-01
1.097518E-01
1.011946E-01
7.751983E-02
4.383581E-02
1.002019E-02
-2.065116E-02
-4.442344E-02
-5.186837E-02
-4.768129E-02
-4.177542E-02
-3.837222E-02
-3.926574E-02
-4.292191E-02
-4.611416E-02
-4.447181E-02
-3.286655E-02
-1.002882E-02
1.531669E-02
3.964954E-02
6.021849E-02
6.910698E-02
6.601291E-02
5.416322E-02
3.716279E-02
2.280807E-02
1.805475E-02
2.117898E-02
2.511367E-02
2.651362E-02
2.740143E-02
2.894549E-02
2.897457E-02
2.720277E-02
2.305786E-02
1.435431E-02
-3.118965E-04
-1.836439E-02
-3.490665E-02
-4.544120E-02
-4.782962E-02
-3.918688E-02
-2.011248E-02
4.188705E-04
1.894341E-02
3.586730E-02
4.821530E-02
5.638626E-02
6.275883E-02
6.689453E-02
6.334416E-02
4.893683E-02
2.525660E-02
8.103135E-04
-9.808457E-03
-7.589009E-03
1.429647E-04
1.340102E-02
2.654356E-02
3.214429E-02
2.907526E-02
2.181128E-02
1.453629E-02
6.817546E-03
-1.970902E-03
-1.055204E-02
-2.133094E-02
-3.289146E-02
-3.975025E-02
-4.177065E-02
-4.115752E-02
-3.845581E-02
-3.435975E-02
-2.896228E-02
-2.263722E-02
-1.488818E-02
-8.419803E-03
-6.822754E-03
-9.347456E-03
-1.395015E-02
-1.862496E-02
-2.006481E-02
-1.809103E-02
-1.718437E-02
-1.990438E-02
-2.373329E-02
-2.727043E-02
-3.389305E-02
-4.274671E-02
-5.186692E-02
-5.861551E-02
-6.238699E-02
-6.516758E-02
-6.290032E-02
-5.708437E-02
-5.127828E-02
-4.746944E-02
-4.494697E-02
-3.921805E-02
-3.239415E-02
-2.577279E-02
-2.019926E-02
-1.659853E-02
-1.482363E-02
-1.526338E-02
-1.705710E-02
-2.186243E-02
-2.846391E-02
-3.482063E-02
-4.186025E-02
-4.698808E-02
-4.896298E-02
-4.886593E-02
-5.007149E-02
-5.279697E-02
-5.494505E-02
-5.451919E-02
-5.392364E-02
-5.580507E-02
-5.814898E-02
-5.864904E-02
-5.916316E-02
-6.200962E-02
-6.519178E-02
-6.588329E-02
-6.196894E-02
-5.642941E-02
-5.160992E-02
-5.031043E-02
-5.245090E-02
-5.690279E-02
-6.064840E-02
-6.181851E-02
-6.147671E-02
-6.011200E-02
-5.708615E-02
-5.240077E-02
-4.709073E-02
-4.159932E-02
-3.390090E-02
-2.176383E-02
-3.995017E-03
1.695292E-02
3.820006E-02
5.782071E-02
7.441786E-02
9.231167E-02
1.053182E-01
1.117944E-01
1.145718E-01
1.159963E-01
1.175289E-01
1.196659E-01
1.221153E-01
1.233397E-01
1.226056E-01
1.203064E-01
1.167936E-01
1.107926E-01
1.048581E-01
9.890164E-02
9.360845E-02
8.930024E-02
8.258804E-02
6.789272E-02
4.614574E-02
2.204880E-02
-9.659741E-04
-2.413663E-02
-4.733319E-02
-6.351726E-02
-7.145647E-02
-7.361043E-02
-7.255831E-02
-6.832528E-02
-6.134605E-02
-5.268868E-02
-4.459298E-02
-3.748888E-02
-3.044133E-02
-2.046766E-02
-6.658324E-03
7.398871E-03
2.164628E-02
3.357154E-02
4.044511E-02
4.435927E-02
4.292060E-02
3.575323E-02
2.837443E-02
2.363814E-02
2.375098E-02
2.778059E-02
2.875300E-02
2.542625E-02
2.165722E-02
1.826653E-02
1.507478E-02
1.264003E-02
1.168823E-02
1.324372E-02
1.814796E-02
2.462669E-02
3.065317E-02
3.190701E-02
2.975279E-02
3.167203E-02
3.696878E-02
3.828960E-02
3.176500E-02
2.151262E-02
8.375982E-03
-6.753336E-03
-2.203261E-02
-3.568077E-02
-4.498306E-02
-4.982232E-02
-5.026668E-02
-4.656970E-02
-3.961593E-02
-3.185869E-02
-2.427632E-02
-1.819756E-02
-1.095123E-02
6.974918E-04
1.444199E-02
2.703735E-02
3.742024E-02
4.613704E-02
5.221383E-02
5.586685E-02
5.835802E-02
5.718705E-02
5.481723E-02
5.466303E-02
5.501533E-02
5.451230E-02
5.418184E-02
5.500744E-02
5.607718E-02
5.599766E-02
5.572225E-02
5.619437E-02
5.688123E-02
5.973125E-02
6.262020E-02
6.234029E-02
6.007041E-02
5.470630E-02
4.566984E-02
3.582150E-02
2.802436E-02
2.369231E-02
2.078150E-02
1.752808E-02
1.431994E-02
9.805546E-03
3.777120E-03
-1.454883E-03
-8.527539E-03
-1.417393E-02
-1.667256E-02
-1.788044E-02
-1.613083E-02
-1.023439E-02
-3.782578E-03
-9.756190E-04
-2.239202E-03
-3.564254E-03
-2.692351E-03
-2.464371E-03
-3.222871E-03
-2.853403E-03
-7.225922E-04
3.735383E-04
3.415635E-04
1.803578E-03
4.371267E-03
7.580770E-03
1.470904E-02
2.652324E-02
4.075567E-02
5.138741E-02
5.533299E-02
5.517900E-02
5.084203E-02
4.040519E-02
2.513807E-02
9.477186E-03
-4.666163E-03
-1.949465E-02
-3.513556E-02
-5.031699E-02
-6.427312E-02
-7.610469E-02
-8.530209E-02
-9.178774E-02
-9.491197E-02
-9.521726E-02
-9.395031E-02
-9.053942E-02
-8.686415E-02
-8.292942E-02
-7.739639E-02
-7.058042E-02
-6.551254E-02
-6.387897E-02
-6.418885E-02
-6.598401E-02
-7.021725E-02
-7.564008E-02
-8.151210E-02
-8.628069E-02
-8.911951E-02
-8.938912E-02
-8.705501E-02
-8.266465E-02
-7.665726E-02
-6.887821E-02
-6.167291E-02
-5.467151E-02
-4.963549E-02
-4.496155E-02
-4.065147E-02
-3.937587E-02
-3.666813E-02
-2.923833E-02
-2.081075E-02
-1.363560E-02
-8.499979E-03
-5.494953E-03
-5.276732E-03
-8.008324E-03
-1.452327E-02
-2.324060E-02
-3.067388E-02
-3.316175E-02
-3.270224E-02
-3.224383E-02
-3.255313E-02
-3.298661E-02
-3.264530E-02
-3.079536E-02
-2.675918E-02
-2.082384E-02
-1.461877E-02
-9.253066E-03
-5.944550E-03
-3.153293E-03
7.630139E-04
6.378688E-03
1.484359E-02
2.612030E-02
3.821175E-02
4.872861E-02
5.602645E-02
5.867086E-02
5.804880E-02
5.574042E-02
5.045964E-02
4.199057E-02
3.141434E-02
2.058498E-02
1.101964E-02
6.767098E-03
7.094926E-03
8.501637E-03
1.152170E-02
1.566012E-02
2.075580E-02
2.780446E-02
3.309758E-02
3.738158E-02
4.237155E-02
4.816068E-02
5.499814E-02
6.157778E-02
6.680256E-02
7.104986E-02
7.477504E-02
7.852021E-02
8.432045E-02
9.176533E-02
1.016976E-01
1.132989E-01
1.238831E-01
1.320263E-01
1.380984E-01
1.427525E-01
1.447730E-01
1.438196E-01
1.405784E-01
1.352103E-01
1.267503E-01
1.144050E-01
9.975383E-02
8.583071E-02
7.383585E-02
6.311376E-02
5.354013E-02
4.398698E-02
3.322509E-02
1.863445E-02
2.281574E-03
-1.535364E-02
-3.049201E-02
-3.906316E-02
-4.223271E-02
-4.293085E-02
-4.097753E-02
-3.803170E-02
-3.759281E-02
-3.770401E-02
-3.582722E-02
-3.575631E-02
-3.769253E-02
-4.216626E-02
-4.761463E-02
-5.325236E-02
-6.038347E-02
-6.753136E-02
-7.402259E-02
-8.010253E-02
-8.292787E-02
-8.604158E-02
-8.491992E-02
-7.529678E-02
-6.388258E-02
-5.373404E-02
-4.379757E-02
-3.453321E-02
-2.953604E-02
-2.887021E-02
-2.860364E-02
-2.698738E-02
-2.309180E-02
-1.856488E-02
-1.045528E-02
-4.793586E-04
6.581054E-03
8.587247E-03
6.946887E-03
2.533355E-03
-5.836390E-03
-1.771562E-02
-2.960617E-02
-3.805434E-02
-4.075251E-02
-4.180530E-02
-4.304166E-02
-4.402060E-02
-4.359635E-02
-4.268424E-02
-4.266754E-02
-4.337238E-02
-4.466058E-02
-4.434500E-02
-4.465124E-02
-4.328205E-02
-4.036659E-02
-3.734654E-02
-3.396746E-02
-3.018930E-02
-2.379030E-02
-1.852884E-02
-1.821663E-02
-2.049282E-02
-2.156276E-02
-2.322109E-02
-2.958566E-02
-3.786447E-02
-4.199056E-02
-4.459880E-02
-4.795105E-02
-4.924643E-02
-4.783649E-02
-4.138729E-02
-2.990642E-02
-1.537351E-02
-1.011524E-03
1.294276E-02
2.860187E-02
4.359806E-02
5.610424E-02
6.688472E-02
7.548297E-02
8.213151E-02
8.698545E-02
8.907665E-02
8.875807E-02
8.657046E-02
8.331907E-02
7.934327E-02
7.571044E-02
7.294838E-02
6.783189E-02
6.059329E-02
5.421673E-02
4.632143E-02
4.056418E-02
3.853427E-02
3.776754E-02
3.762456E-02
3.930399E-02
4.116524E-02
4.246733E-02
4.404639E-02
4.536569E-02
4.509447E-02
4.416867E-02
4.204787E-02
3.978149E-02
3.881450E-02
3.907139E-02
3.888307E-02
3.983661E-02
4.063705E-02
4.073285E-02
4.128806E-02
4.311819E-02
4.517364E-02
4.428513E-02
4.059567E-02
3.527866E-02
2.693058E-02
1.429118E-02
-1.954653E-03
-1.950322E-02
-3.746338E-02
-5.303129E-02
-6.434968E-02
-7.244451E-02
-7.498551E-02
-7.362725E-02
-7.084509E-02
-6.756145E-02
-6.459779E-02
-6.080770E-02
-5.615982E-02
-4.967829E-02
-4.149578E-02
-3.321430E-02
-2.559707E-02
-1.970389E-02
-1.503041E-02
-1.320917E-02
-1.299454E-02
-1.329710E-02
-1.492671E-02
-1.560341E-02
-1.526512E-02
-1.438704E-02
-1.156009E-02
-8.024897E-03
-3.870725E-03
2.051661E-03
7.476101E-03
1.068713E-02
1.246919E-02
1.189558E-02
9.509845E-03
6.579289E-03
3.692891E-03
-1.289506E-03
-9.126760E-03
-1.852355E-02
-2.940799E-02
-3.762366E-02
-4.412697E-02
-5.308588E-02
-6.316085E-02
-7.104301E-02
-7.578660E-02
-7.932444E-02
-8.089837E-02
-7.982567E-02
-7.605718E-02
-7.047810E-02
-6.372626E-02
-5.673425E-02
-4.962793E-02
-4.274260E-02
-3.476244E-02
-2.448934E-02
-1.345292E-02
-2.302281E-03
8.363103E-03
1.740310E-02
2.451141E-02
3.208023E-02
3.930435E-02
4.414278E-02
4.690133E-02
4.789234E-02
4.722598E-02
4.587466E-02
4.262401E-02
3.745304E-02
3.009307E-02
2.101268E-02
1.082625E-02
2.444076E-03
-3.641320E-03
-9.468708E-03
-1.562007E-02
-2.288076E-02
-3.035269E-02
-3.639248E-02
-4.070938E-02
-4.308618E-02
-4.319303E-02
-4.146423E-02
-3.753618E-02
-3.183778E-02
-2.590290E-02
-2.078639E-02
-1.538093E-02
-8.870129E-03
-1.035100E-03
7.476982E-03
1.517897E-02
2.156635E-02
2.723638E-02
3.247100E-02
3.801714E-02
4.336801E-02
4.725862E-02
4.883193E-02
4.691385E-02
4.098733E-02
3.197870E-02
2.179008E-02
1.131713E-02
2.364706E-03
-4.081031E-03
-7.503306E-03
-8.975472E-03
-9.299231E-03
-9.196642E-03
-8.668694E-03
-7.531157E-03
-5.146653E-03
-3.820688E-03
-4.419168E-03
-5.740285E-03
-9.784560E-03
-1.361288E-02
-1.455986E-02
-1.278707E-02
-9.845362E-03
-3.827450E-03
3.586873E-03
8.346977E-03
1.135240E-02
1.443249E-02
1.574231E-02
1.565655E-02
1.538686E-02
1.419455E-02
9.680916E-03
3.069033E-03
-4.418739E-03
-1.157590E-02
-1.902719E-02
-2.654125E-02
-3.192445E-02
-3.595416E-02
-3.952559E-02
-4.122498E-02
-4.107887E-02
-3.921338E-02
-3.411752E-02
-2.876916E-02
-2.200226E-02
-1.548001E-02
-8.098927E-03
-2.096962E-03
4.789266E-04
1.068613E-03
-2.391799E-03
-7.639683E-03
-1.402015E-02
-2.214651E-02
-2.982143E-02
-3.452177E-02
-3.859053E-02
-4.507487E-02
-5.139433E-02
-5.644168E-02
-6.251200E-02
-6.764515E-02
-6.876524E-02
-6.812506E-02
-6.658222E-02
-6.404286E-02
-6.133042E-02
-5.797181E-02
-5.449277E-02
-5.080844E-02
-4.739915E-02
-4.121360E-02
-3.315715E-02
-2.677236E-02
-2.193410E-02
-1.923717E-02
-1.781410E-02
-1.608400E-02
-1.609185E-02
-1.842362E-02
-2.185500E-02
-2.378934E-02
-2.350943E-02
-2.271917E-02
-2.180616E-02
-2.027654E-02
-2.138241E-02
-2.334765E-02
-2.354600E-02
-2.156602E-02
-1.614549E-02
-6.332504E-03
2.834725E-03
9.019392E-03
1.304458E-02
1.579176E-02
1.826468E-02
1.796629E-02
1.547136E-02
1.484062E-02
1.633117E-02
1.955457E-02
2.399775E-02
2.896000E-02
3.653020E-02
4.648420E-02
5.610507E-02
6.156923E-02
6.446869E-02
6.633480E-02
6.666093E-02
6.510920E-02
6.514532E-02
6.574470E-02
6.765243E-02
6.960337E-02
6.983817E-02
6.998466E-02
6.911443E-02
6.895158E-02
6.928400E-02
6.978667E-02
6.984738E-02
6.927596E-02
6.922532E-02
6.969369E-02
7.051565E-02
7.098474E-02
7.167585E-02
7.326525E-02
7.455199E-02
7.499397E-02
7.503580E-02
7.498770E-02
7.526607E-02
7.611911E-02
7.737606E-02
7.882921E-02
7.969508E-02
8.004499E-02
8.031440E-02
8.038326E-02
8.058664E-02
8.061415E-02
7.990599E-02
7.964019E-02
7.913954E-02
7.698056E-02
7.576064E-02
7.575702E-02
7.523992E-02
7.343125E-02
7.026990E-02
6.683738E-02
6.268190E-02
5.692760E-02
5.058678E-02
4.323004E-02
3.413007E-02
2.470415E-02
1.552008E-02
6.253361E-03
-2.777189E-03
-9.029642E-03
-1.392276E-02
-1.971966E-02
-2.439989E-02
-2.619237E-02
-2.718679E-02
-2.874035E-02
-2.967700E-02
-3.026407E-02
-3.040699E-02
-3.091040E-02
-3.165427E-02
-3.290358E-02
-3.441864E-02
-3.482403E-02
-3.433560E-02
-3.376858E-02
-3.266686E-02
-3.073156E-02
-2.960560E-02
-2.952821E-02
-2.967265E-02
-3.074328E-02
-3.287069E-02
-3.360562E-02
-3.443778E-02
-3.595268E-02
-3.821992E-02
-4.113504E-02
-4.307649E-02
-4.202030E-02
-3.878751E-02
-3.386765E-02
-2.789560E-02
-1.937162E-02
-1.241006E-02
-9.393136E-03
-7.570665E-03
-7.312851E-03
-6.538129E-03
-5.841164E-03
-6.784581E-03
-8.454295E-03
-1.015245E-02
-1.316717E-02
-1.711856E-02
-2.209717E-02
-2.936459E-02
-3.703194E-02
-4.204557E-02
-4.510019E-02
-4.685919E-02
-4.805150E-02
-4.842700E-02
-4.789578E-02
-4.619469E-02
-4.336155E-02
-3.997094E-02
-3.564510E-02
-3.108607E-02
-2.608723E-02
-2.115556E-02
-1.561017E-02
-9.345422E-03
-3.303882E-03
-1.568361E-03
-2.018353E-03
-8.521155E-04
-1.511439E-03
-4.663376E-03
-8.360357E-03
-1.036424E-02
-1.139546E-02
-1.439264E-02
-1.616574E-02
-1.771903E-02
-2.096440E-02
-2.535795E-02
-2.887856E-02
-3.163422E-02
-3.488223E-02
-3.671687E-02
-3.736285E-02
-3.727580E-02
-3.601353E-02
-3.329593E-02
-3.058428E-02
-2.972673E-02
-2.811539E-02
-2.694031E-02
-2.598924E-02
-2.463819E-02
-2.244249E-02
-1.680546E-02
-1.077058E-02
-6.473614E-03
-3.132540E-03
-1.609705E-03
-1.168300E-03
-1.161534E-03
-1.728893E-03
-2.107113E-03
-2.425774E-03
-1.845611E-03
-1.789152E-03
-9.988470E-04
1.235206E-03
1.698057E-03
-7.602685E-05
-4.103546E-03
-8.527169E-03
-1.281047E-02
-1.620396E-02
-1.843761E-02
-1.977740E-02
-2.031331E-02
-1.955212E-02
-1.751019E-02
-1.651415E-02
-1.512908E-02
-1.210874E-02
-1.040940E-02
-9.941386E-03
-9.669411E-03
-1.049411E-02
-1.202991E-02
-1.317955E-02
-1.309402E-02
-1.259106E-02
-1.126142E-02
-8.328915E-03
-5.265151E-03
-3.609046E-03
-2.167403E-03
-1.523265E-03
-1.607843E-03
-4.275991E-04
2.542935E-03
5.352978E-03
8.636395E-03
1.344562E-02
1.852830E-02
2.163214E-02
2.278774E-02
2.290297E-02
2.267207E-02
2.200690E-02
2.053640E-02
1.981068E-02
2.118817E-02
2.246538E-02
2.223107E-02
2.197459E-02
1.985196E-02
1.619095E-02
1.203056E-02
1.069359E-02
9.907634E-03
1.092557E-02
1.282366E-02
1.547654E-02
1.969982E-02
2.241758E-02
2.393168E-02
2.483210E-02
2.475152E-02
2.544529E-02
2.739798E-02
2.784046E-02
2.747030E-02
2.765335E-02
2.713784E-02
2.690193E-02
2.653153E-02
2.463868E-02
2.257598E-02
2.192439E-02
2.244271E-02
2.225645E-02
2.233278E-02
2.196438E-02
2.061374E-02
1.950757E-02
1.824919E-02
1.674115E-02
1.401735E-02
9.978354E-03
5.543641E-03
3.159927E-03
2.299873E-03
1.675176E-03
2.680315E-03
4.229092E-03
7.457354E-03
1.280333E-02
1.624026E-02
1.759652E-02
1.886420E-02
2.013339E-02
2.003034E-02
1.779377E-02
1.672864E-02
1.571221E-02
1.271148E-02
1.002641E-02
7.264724E-03
4.725356E-03
2.011923E-03
-7.617967E-04
-3.135406E-03
-4.917161E-03
-6.161259E-03
-6.813748E-03
-7.003734E-03
-5.517616E-03
-1.967841E-03
2.281508E-03
5.464991E-03
7.597490E-03
9.348164E-03
1.163153E-02
1.395632E-02
1.671314E-02
1.911590E-02
2.223257E-02
2.552620E-02
2.716037E-02
2.622808E-02
2.596698E-02
2.483649E-02
2.266954E-02
2.103101E-02
1.922804E-02
1.756287E-02
1.659427E-02
1.598600E-02
1.598922E-02
1.624449E-02
1.535290E-02
1.235608E-02
9.119030E-03
6.577679E-03
4.663662E-03
3.140240E-03
1.796094E-03
1.009044E-03
1.761471E-03
2.723484E-03
2.910231E-03
2.437406E-03
1.699928E-03
1.650685E-03
2.048618E-03
2.770535E-03
4.168669E-03
4.337038E-03
3.483044E-03
2.277389E-03
1.862263E-03
1.650621E-03
-5.057327E-04
-3.498486E-03
-5.807732E-03
-7.786322E-03
-8.430360E-03
-8.882754E-03
-9.741300E-03
-1.004606E-02
-1.131263E-02
-1.300208E-02
-1.333533E-02
-1.365261E-02
-1.379227E-02
-1.315072E-02
-1.107346E-02
-9.288519E-03
-8.198710E-03
-6.989493E-03
-7.159686E-03
-8.047527E-03
-8.044289E-03
-6.606301E-03
-6.501688E-03
-5.769602E-03
-3.519549E-03
-4.543828E-04
2.350716E-03
5.210041E-03
6.473605E-03
5.152807E-03
3.359310E-03
2.047423E-03
8.770514E-04
-2.082165E-03
-6.766634E-03
-1.045964E-02
-1.440829E-02
-1.999796E-02
-2.540604E-02
-2.949640E-02
-3.199176E-02
-3.330571E-02
-3.368037E-02
-3.334380E-02
-3.356657E-02
-3.408068E-02
-3.443758E-02
-3.538044E-02
-3.650399E-02
-3.798756E-02
-3.904890E-02
-4.031167E-02
-4.273769E-02
-4.389537E-02
-4.404057E-02
-4.466800E-02
-4.427393E-02
-4.366819E-02
-4.335054E-02
-4.173118E-02
-4.086203E-02
-4.112438E-02
-4.096245E-02
-4.018626E-02
-3.926378E-02
-3.900446E-02
-3.814747E-02
-3.654397E-02
-3.566871E-02
-3.549085E-02
-3.461242E-02
-3.541868E-02
-3.792572E-02
-3.893234E-02
-3.852013E-02
-3.827211E-02
-3.790943E-02
-3.804151E-02
-3.906294E-02
-4.122439E-02
-4.382725E-02
-4.561881E-02
-4.672492E-02
-4.559484E-02
-4.387835E-02
-4.224961E-02
-4.144563E-02
-4.179865E-02
-4.186745E-02
-4.037997E-02
-3.871446E-02
-3.697598E-02
-3.520831E-02
-3.318592E-02
-2.952350E-02
-2.694042E-02
-2.499278E-02
-2.231064E-02
-1.879639E-02
-1.714477E-02
-1.585402E-02
-1.349472E-02
-9.969842E-03
-6.781050E-03
-3.911256E-03
-2.715440E-03
-2.538098E-03
-2.555108E-03
-2.540874E-03
-2.922348E-03
-3.611199E-03
-3.309558E-03
-1.048896E-03
2.250025E-03
4.674883E-03
7.467796E-03
1.211485E-02
1.672980E-02
2.106193E-02
2.499912E-02
2.817818E-02
3.118240E-02
3.283406E-02
3.279888E-02
3.258617E-02
3.199075E-02
2.995195E-02
2.707953E-02
2.470236E-02
2.433308E-02
2.539693E-02
2.652559E-02
2.733308E-02
2.804392E-02
2.855347E-02
2.801554E-02
2.558319E-02
2.143996E-02
1.931710E-02
1.848729E-02
1.513821E-02
1.145152E-02
8.112243E-03
5.263380E-03
4.532932E-03
4.988742E-03
6.463445E-03
9.618644E-03
1.328140E-02
1.723088E-02
1.986968E-02
2.162674E-02
2.352678E-02
2.486362E-02
2.581537E-02
2.667072E-02
2.796356E-02
2.893130E-02
2.880974E-02
2.742627E-02
2.396109E-02
2.003068E-02
1.843705E-02
1.898850E-02
2.013804E-02
1.948062E-02
1.715336E-02
1.595895E-02
1.644420E-02
1.768409E-02
1.805615E-02
1.790991E-02
1.844197E-02
1.889074E-02
2.053896E-02
2.218377E-02
2.298128E-02
2.397393E-02
2.547283E-02
2.844521E-02
3.069543E-02
3.153940E-02
3.156544E-02
3.181011E-02
3.167873E-02
3.126113E-02
3.142484E-02
3.131744E-02
3.244369E-02
3.431513E-02
3.604804E-02
3.745096E-02
3.887261E-02
4.039130E-02
4.193307E-02
4.337567E-02
4.336375E-02
4.200348E-02
4.024881E-02
3.765675E-02
3.393805E-02
3.130634E-02
2.931139E-02
2.556799E-02
2.288085E-02
2.171949E-02
2.056036E-02
1.960102E-02
1.894767E-02
1.780771E-02
1.771353E-02
1.816154E-02
1.701447E-02
1.472437E-02
1.239258E-02
1.004720E-02
9.254494E-03
9.710983E-03
1.113304E-02
1.100335E-02
7.243889E-03
-9.492999E-04
-1.228890E-02
-2.234285E-02
-2.816249E-02
-3.150712E-02
-3.441157E-02
-3.537905E-02
-3.303940E-02
-2.965614E-02
-2.854954E-02
-2.724835E-02
-2.486947E-02
-2.249952E-02
-2.064234E-02
-1.945665E-02
-1.966024E-02
-2.055979E-02
-2.195504E-02
-2.366256E-02
-2.617142E-02
-2.660438E-02
-2.553769E-02
-2.472261E-02
-2.163793E-02
-1.520226E-02
-9.385906E-03
-4.521144E-03
-1.254999E-03
-4.655528E-04
-9.313938E-04
3.070198E-04
1.983348E-03
4.884656E-03
8.384687E-03
1.301697E-02
1.691204E-02
1.909062E-02
1.975699E-02
1.948262E-02
1.899564E-02
1.774923E-02
1.627229E-02
1.487846E-02
1.402325E-02
1.419557E-02
1.575683E-02
1.878453E-02
1.989620E-02
1.847956E-02
1.434359E-02
8.781058E-03
3.569945E-03
1.504186E-03
8.158527E-04
2.771135E-03
6.907210E-03
1.216640E-02
1.713459E-02
2.083260E-02
2.207493E-02
2.080165E-02
1.928713E-02
1.658515E-02
1.149724E-02
5.356428E-03
8.651794E-04
-2.576814E-03
-4.942726E-03
-5.028519E-03
-3.487277E-03
-1.436408E-03
7.880072E-04
1.612108E-03
1.178133E-03
7.489413E-05
-5.335250E-04
-1.569837E-04
-3.964343E-04
-1.573873E-04
6.119695E-07
5.802769E-04
8.813977E-04
3.233972E-04
-2.968105E-04
-1.767288E-03
-3.210211E-03
-4.090931E-03
-2.818531E-03
-1.019400E-03
-1.233689E-04
-3.206599E-04
-4.428413E-04
-1.665432E-04
-5.089997E-05
-1.128756E-03
-2.904858E-03
-3.488991E-03
-4.338050E-03
-5.496795E-03
-5.086572E-03
-3.062017E-03
-1.424803E-03
-4.659057E-04
1.528058E-04
-2.294601E-04
-1.030135E-03
-2.720747E-03
-4.225123E-03
-6.481726E-03
-7.871579E-03
-6.856490E-03
-5.518127E-03
-5.617735E-03
-5.639255E-03
-5.634825E-03
-5.412357E-03
-4.273634E-03
-3.923932E-03
-3.216816E-03
-2.511102E-04
8.503562E-04
9.081028E-04
2.648202E-03
3.613166E-03
4.199146E-03
4.536256E-03
2.889723E-03
-4.445471E-04
-4.470706E-03
-9.306563E-03
-1.240992E-02
-1.282488E-02
-1.384753E-02
-1.512296E-02
-1.544876E-02
-1.491889E-02
-1.490480E-02
-1.548975E-02
-1.699482E-02
-1.751191E-02
-1.631880E-02
-1.502195E-02
-1.459115E-02
-1.406803E-02
-1.445555E-02
-1.461779E-02
-1.564984E-02
-1.861644E-02
-2.009789E-02
-1.989571E-02
-2.013862E-02
-2.148889E-02
-2.241705E-02
-2.283554E-02
-2.345856E-02
-2.265940E-02
-2.023029E-02
-1.836905E-02
-1.683507E-02
-1.575551E-02
-1.443585E-02
-1.275149E-02
-1.196267E-02
-1.074220E-02
-8.674183E-03
-6.791509E-03
-3.814573E-03
-6.483026E-04
2.282928E-03
4.611510E-03
5.781181E-03
5.331306E-03
5.090463E-03
6.194466E-03
7.921758E-03
9.966643E-03
1.263833E-02
1.376964E-02
1.597449E-02
1.787151E-02
1.878023E-02
1.849164E-02
1.384886E-02
8.880331E-03
7.097672E-03
6.543091E-03
5.613884E-03
6.081816E-03
6.637282E-03
6.905008E-03
6.738097E-03
8.140015E-03
9.279260E-03
8.128989E-03
8.844359E-03
1.099305E-02
1.323877E-02
1.530652E-02
1.581379E-02
1.632579E-02
1.578272E-02
1.395176E-02
1.189765E-02
1.166228E-02
1.261644E-02
1.417224E-02
1.619888E-02
1.617296E-02
1.464809E-02
1.293291E-02
1.216162E-02
1.199074E-02
1.141029E-02
1.042508E-02
7.653697E-03
6.055820E-03
5.870783E-03
5.072030E-03
4.663784E-03
4.594607E-03
3.760612E-03
3.148100E-03
4.217170E-03
5.412201E-03
5.792326E-03
6.620525E-03
6.368128E-03
4.677453E-03
4.611237E-03
2.125219E-03
-4.926855E-04
-4.447256E-03
-9.937199E-03
-1.661814E-02
-2.281234E-02
-2.847905E-02
-3.349337E-02
-3.824365E-02
-4.189878E-02
-4.443004E-02
-4.505553E-02
-4.494039E-02
-4.441842E-02
-4.417669E-02
-4.522942E-02
-4.841293E-02
-5.070214E-02
-5.236045E-02
-5.374423E-02
-5.331508E-02
-5.131303E-02
-4.978022E-02
-4.597570E-02
-4.150216E-02
-3.939331E-02
-3.813783E-02
-3.630959E-02
-3.424874E-02
-3.243389E-02
-3.121401E-02
-2.944966E-02
-2.587954E-02
-2.307895E-02
-2.089432E-02
-1.803294E-02
-1.597338E-02
-1.593865E-02
-1.566656E-02
-1.565292E-02
-1.818291E-02
-2.043493E-02
-2.057687E-02
-1.793097E-02
-1.449568E-02
-1.161071E-02
-8.196670E-03
-4.111582E-03
-4.185957E-05
3.380255E-03
6.758874E-03
1.136107E-02
1.480099E-02
1.746088E-02
1.896774E-02
1.884766E-02
1.766821E-02
1.769181E-02
1.888335E-02
1.938484E-02
1.892453E-02
1.892449E-02
1.895893E-02
1.821424E-02
1.640722E-02
1.464211E-02
1.336888E-02
1.238309E-02
1.136225E-02
9.969385E-03
9.035332E-03
8.060027E-03
5.918713E-03
5.271554E-03
6.205177E-03
6.860849E-03
6.766206E-03
6.283539E-03
6.319480E-03
6.161495E-03
6.523054E-03
8.219434E-03
9.977571E-03
1.208738E-02
1.563879E-02
1.887623E-02
2.085615E-02
2.252329E-02
2.445513E-02
2.563585E-02
2.512435E-02
2.411576E-02
2.274203E-02
2.026260E-02
1.718839E-02
1.409125E-02
1.051214E-02
6.242410E-03
3.115613E-03
6.177338E-04
-8.617816E-04
-1.240024E-03
-1.165197E-03
-1.393734E-03
-9.880723E-05
1.930967E-03
4.307430E-03
6.664055E-03
1.052750E-02
1.515091E-02
1.807524E-02
1.960770E-02
2.038326E-02
2.038315E-02
1.988777E-02
1.929243E-02
1.839388E-02
1.682576E-02
1.489745E-02
1.322443E-02
1.147594E-02
1.044589E-02
9.981038E-03
9.776698E-03
1.006841E-02
1.072293E-02
1.157366E-02
1.203763E-02
1.240545E-02
1.373274E-02
1.376810E-02
1.311638E-02
1.296416E-02
1.262064E-02
1.174540E-02
1.016894E-02
8.476796E-03
7.059418E-03
5.346544E-03
3.324327E-03
1.169719E-03
-1.079451E-03
-2.755873E-03
-3.679891E-03
-4.983990E-03
-6.396004E-03
-7.913507E-03
-1.012197E-02
-1.205675E-02
-1.274086E-02
-1.388905E-02
-1.458598E-02
-1.385631E-02
-1.221834E-02
-1.112499E-02
-1.020830E-02
-8.615208E-03
-7.340973E-03
-6.574412E-03
-5.827782E-03
-5.684470E-03
-5.551320E-03
-5.005527E-03
-4.363397E-03
-3.998881E-03
-3.452744E-03
-3.128215E-03
-3.403650E-03
-3.615841E-03
-3.430434E-03
-3.203147E-03
-3.050026E-03
-2.750173E-03
-1.937530E-03
-1.119571E-03
-7.901316E-04
-6.322598E-04
-5.801437E-04
-5.753665E-04
-1.924979E-04
1.733213E-04
3.982767E-04
6.720834E-04
1.150627E-03
1.974045E-03
2.404337E-03
2.670880E-03
2.852907E-03
2.847955E-03
2.683070E-03
2.551174E-03
2.217520E-03
1.789335E-03
1.492339E-03
1.115260E-03
6.234771E-04
2.070102E-04
3.701885E-04
6.102555E-04
5.757825E-04
5.905230E-04
7.600354E-04
9.737163E-04
1.043726E-03
1.037311E-03
1.132952E-03
1.493276E-03
1.820968E-03
1.714685E-03
1.473757E-03
1.414236E-03
1.467140E-03
1.309521E-03
1.197519E-03
1.263824E-03
1.329874E-03
1.288917E-03
1.232495E-03
1.282618E-03
1.240315E-03
1.121192E-03
9.998853E-04
8.307896E-04
6.273303E-04
4.266418E-04
2.342095E-04
2.455376E-05
-1.607227E-04
-3.222745E-04
-4.532859E-04
-4.938606E-04
-5.323746E-04
-5.838694E-04
-6.561840E-04
-7.230408E-04
-8.030820E-04
-8.567783E-04
-8.757399E-04
-8.893920E-04
-8.991777E-04
-9.057470E-04
-9.290826E-04
-9.572690E-04
-9.627132E-04
-9.823503E-04
-1.002678E-03
-1.025267E-03
-1.044818E-03
-1.035198E-03
-1.012997E-03
-9.983789E-04
-9.739023E-04
-9.454303E-04
-9.039858E-04
-8.712067E-04
-8.569028E-04
-8.369186E-04
-8.102350E-04
-7.881999E-04
-7.666666E-04
-7.421278E-04
-7.175771E-04
-6.954736E-04
-6.755884E-04
-6.589057E-04
-6.436821E-04
-6.270533E-04
-6.111450E-04
-5.962693E-04
-5.809739E-04
-5.637339E-04
-5.454113E-04
-5.281886E-04
-5.116613E-04
-4.963528E-04
-4.825374E-04
-4.705141E-04
-4.595912E-04
-4.495734E-04
-4.404899E-04
-4.319541E-04
-4.235262E-04
-4.151187E-04
-4.070402E-04
-3.992788E-04
-3.917187E-04
-3.843060E-04
-3.770183E-04
-3.698241E-04
-3.626672E-04
-3.555367E-04
-3.484163E-04
-3.412989E-04
-3.341683E-04
-3.270227E-04
-3.198609E-04
-3.126793E-04
-3.054745E-04
-2.982455E-04
