-0.0023051
-0.0023002
-0.0022952
-0.0022904
-0.0022856
-0.0022809
-0.0022763
-0.0022718
-0.0022674
-0.0022631
-0.0022589
-0.0022549
-0.0022507
-0.0022465
-0.0022422
-0.002238
-0.0022337
-0.0022291
-0.0022242
-0.0022194
-0.0022156
-0.0022128
-0.0022104
-0.002208
-0.0022059
-0.0022045
-0.0022036
-0.0022022
-0.0021966
-0.0021872
-0.0021759
-0.002162
-0.0021505
-0.0021511
-0.0021592
-0.0021678
-0.0021796
-0.0021864
-0.0021761
-0.002158
-0.0021456
-0.0021439
-0.0021456
-0.002143
-0.0021364
-0.0021301
-0.002126
-0.0021229
-0.0021198
-0.0021228
-0.0021346
-0.0021494
-0.0021634
-0.0021754
-0.0021681
-0.0021363
-0.0020989
-0.0020672
-0.0020408
-0.002046
-0.0020907
-0.0021433
-0.0021555
-0.0020933
-0.0020034
-0.001932
-0.0018756
-0.0018335
-0.0018543
-0.0019201
-0.0019806
-0.002024
-0.0020452
-0.0020005
-0.0019132
-0.0018272
-0.001697
-0.0015569
-0.0016115
-0.0018212
-0.0020247
-0.0022413
-0.0024996
-0.0026634
-0.0026064
-0.0023252
-0.0019195
-0.0015161
-0.0012893
-0.0012953
-0.001546
-0.0018494
-0.0020317
-0.0020192
-0.0019451
-0.0019414
-0.0019981
-0.0020458
-0.0020574
-0.002054
-0.0020561
-0.0020013
-0.0018351
-0.0016319
-0.0015137
-0.0016117
-0.001822
-0.002
-0.0022037
-0.0023477
-0.0022045
-0.0018039
-0.0012937
-0.00095279
-0.00094582
-0.001374
-0.0020448
-0.0026588
-0.0026787
-0.0022539
-0.0019085
-0.0016943
-0.0014055
-0.0013884
-0.0018204
-0.0023488
-0.0026837
-0.0027895
-0.0025606
-0.0020456
-0.0015303
-0.0011886
-0.001021
-0.00096296
-0.00099624
-0.0010352
-0.001043
-0.0010556
-0.0012544
-0.0017386
-0.0022981
-0.0027147
-0.0029276
-0.0028855
-0.0025584
-0.0021854
-0.0019062
-0.0016655
-0.0013766
-0.0010309
-0.00067057
-0.00046208
-0.0007334
-0.0012899
-0.0017664
-0.0020993
-0.0023404
-0.0023674
-0.0022662
-0.0022065
-0.0022137
-0.0022191
-0.0021833
-0.0021237
-0.0020493
-0.0018045
-0.001354
-0.00087235
-0.00047999
-0.00018164
-0.00015697
-0.00054306
-0.0010283
-0.0013847
-0.0016492
-0.0016915
-0.0013716
-0.00095908
-0.00059612
-0.00011775
-3.1206e-05
-0.00082739
-0.0019097
-0.0027676
-0.003495
-0.0036477
-0.0027915
-0.0016633
-0.00086153
-0.00030583
-8.6871e-06
-0.0003003
-0.00084391
-0.0012414
-0.0014936
-0.0017826
-0.0021812
-0.0026289
-0.0028837
-0.002528
-0.0018158
-0.0012114
-0.00079295
-0.00042654
-0.00026546
-0.00029042
-0.0003012
-0.00022984
-0.00014146
-9.309e-05
-7.6584e-05
-7.0058e-05
-0.00026545
-0.00080509
-0.0014403
-0.0020141
-0.0026273
-0.002839
-0.002254
-0.0014346
-0.00086165
-0.00048422
-0.000274
-0.000297
-0.00036515
-0.00045941
-0.00088024
-0.0015597
-0.0022567
-0.0031356
-0.0038263
-0.002958
-0.0010161
0.00068804
0.0017016
0.002235
0.0014505
-0.00062358
-0.0031137
-0.0046722
-0.0047886
-0.0035768
-0.0020811
-0.0011037
-0.00095353
-0.0012686
-0.0013892
-0.0011971
-0.00097348
-0.00090536
-0.00094146
-0.00096025
-0.00076546
-5.1831e-05
0.00044011
-1.6923e-05
-0.00085092
-0.0014174
-0.0017116
-0.0020286
-0.0025025
-0.0030507
-0.0032654
-0.0027439
-0.0019335
-0.0013187
-0.00089613
-0.00044279
0.00013567
0.00077272
0.0014095
0.0022085
0.0027508
0.0017388
-0.00030437
-0.0021672
-0.0038629
-0.0047364
-0.0034567
-0.0012582
0.00037447
0.0014125
0.0021979
0.0022499
0.0018138
0.0014965
0.0014141
0.0013347
0.0011138
0.00080709
0.00045711
-0.0003935
-0.0018452
-0.0033364
-0.0039199
-0.0032947
-0.0024778
-0.0021249
-0.0020324
-0.0018057
-0.0013667
-0.00087171
-0.00016574
0.001406
0.0032204
0.0040262
0.0028141
-0.00015902
-0.0038933
-0.0066443
-0.0072774
-0.0049512
-0.00094329
0.0032591
0.0063273
0.0072724
0.0061597
0.0040512
0.0023321
0.0011401
-0.0001103
-0.0015795
-0.0025458
-0.0016898
0.00025678
0.0018928
0.0029746
0.0037561
0.0029756
0.00087712
-0.0010998
-0.0024821
-0.0035461
-0.0042185
-0.0040838
-0.0030068
-0.0017708
-0.00084674
-7.8529e-05
0.00028648
-0.00038237
-0.0014992
-0.0023565
-0.0029169
-0.0031059
-0.0028119
-0.0024383
-0.0022447
-0.0021407
-0.0019685
-0.0017064
-0.0014231
-0.00090683
0.00012413
0.00034854
-0.0012497
-0.0034117
-0.0053144
-0.007332
-0.008554
-0.0079574
-0.0051272
-0.0010182
0.0036197
0.0073861
0.0092178
0.0078473
0.0047424
0.0022981
0.00081899
-0.00068343
-0.002754
-0.004697
-0.0053498
-0.003719
-0.00041871
0.0027141
0.0050903
0.0073104
0.0098799
0.011955
0.0088796
0.0014635
-0.0063063
-0.011759
-0.013702
-0.01189
-0.0078489
-0.0043479
-0.0018283
0.0010022
0.0034729
0.0042559
0.0043402
0.0047268
0.0050971
0.005127
0.0049618
0.0048227
0.00476
0.0047102
0.0046268
0.0044674
0.0038406
0.002701
0.0015215
0.00054555
-0.0003435
-0.0013063
-0.0023559
-0.0034175
-0.0044362
-0.0053485
-0.0057946
-0.0054167
-0.0040287
-0.0023888
-0.0010041
0.00060203
0.0021036
0.0019067
0.00050916
-0.00043617
0.00062602
0.0029116
0.0047853
0.0059211
0.0067603
0.0072862
0.0073215
0.0066734
0.0058014
0.0048818
0.003356
0.0013348
-0.00083212
-0.0039344
-0.0064369
-0.0054653
-0.00035563
0.0080339
0.016245
0.017631
0.0103
0.00055192
-0.0083219
-0.012838
-0.010777
-0.0063419
-0.0039399
-0.003172
-0.0021785
-0.002491
-0.0053295
-0.010198
-0.013671
-0.010083
-0.0015683
0.0066895
0.010394
0.0076535
0.0017236
-0.003456
-0.0059043
-0.0056792
-0.0024631
0.0022705
0.0070727
0.0089607
0.0065994
0.0035128
0.0022795
0.0027273
0.0054138
0.010204
0.01601
0.021055
0.02315
0.021601
0.016082
0.0097141
0.0046632
0.00041804
-0.0037242
-0.0076023
-0.010514
-0.012089
-0.012254
-0.010171
-0.0052819
0.0040817
0.015644
0.025565
0.030593
0.026009
0.01113
-0.0040731
-0.010491
-0.0069154
0.0043648
0.016678
0.025256
0.024059
0.013878
0.0036774
-0.0026044
-0.0072042
-0.010447
-0.011621
-0.010323
-0.0083587
-0.0070472
-0.00612
-0.0049576
-0.0034949
-0.00070192
0.0041307
0.0094226
0.013947
0.01762
0.022379
0.030282
0.03946
0.046106
0.044461
0.024385
-0.0083265
-0.037917
-0.051638
-0.045529
-0.026829
-0.0028467
0.020932
0.038841
0.046202
0.044111
0.037624
0.032556
0.029886
0.028979
0.029807
0.03194
0.033682
0.030225
0.016523
-0.0026804
-0.019188
-0.028
-0.029233
-0.020182
0.0055157
0.042099
0.071734
0.080571
0.068384
0.043971
0.012468
-0.013823
-0.026482
-0.030854
-0.027003
-0.0018706
0.035168
0.056295
0.046826
0.019164
-0.0037697
-0.0081705
0.0054427
0.025789
0.040463
0.04285
0.03319
0.010543
-0.023582
-0.053797
-0.059671
-0.045229
-0.019864
0.010879
0.039525
0.059222
0.068092
0.068879
0.06489
0.050403
0.018228
-0.023905
-0.053017
-0.061795
-0.055372
-0.039739
-0.013036
0.020333
0.044132
0.042705
0.021083
-0.0015353
-0.007942
0.0015072
0.011163
0.011307
0.0041813
-0.0023487
-0.0047546
-0.0049518
-0.0053933
-0.0064142
-0.007694
-0.0077774
0.0002483
0.018974
0.038953
0.050362
0.049467
0.030752
-0.0079855
-0.051764
-0.076993
-0.078407
-0.064494
-0.038365
0.0044143
0.058516
0.10093
0.11325
0.10136
0.075059
0.03422
-0.01032
-0.03904
-0.048155
-0.045888
-0.03635
-0.020149
-0.0027417
0.0043815
-0.0059272
-0.025886
-0.039682
-0.035059
-0.012159
0.014743
0.034751
0.044924
0.044254
0.031754
0.013132
0.0016869
0.0039509
0.017857
0.047834
0.087193
0.10729
0.10093
0.069557
0.016265
-0.037971
-0.072306
-0.08414
-0.079907
-0.063845
-0.028052
0.018671
0.045556
0.044486
0.038661
0.0433
0.054259
0.061941
0.063834
0.061327
0.048816
0.022639
-0.0082832
-0.028139
-0.034701
-0.036653
-0.033479
-0.012722
0.02457
0.05791
0.06998
0.059037
0.027758
-0.019341
-0.07153
-0.095261
-0.083467
-0.059178
-0.034457
0.0012513
0.044642
0.081429
0.098133
0.09384
0.07609
0.05427
0.022073
-0.019494
-0.067189
-0.097055
-0.095178
-0.078986
-0.068394
-0.065566
-0.062088
-0.05195
-0.032023
-0.0056818
0.019673
0.041788
0.061333
0.074312
0.077838
0.071421
0.051684
0.010984
-0.049059
-0.10133
-0.11903
-0.10325
-0.07437
-0.048138
-0.016984
0.026671
0.069998
0.087346
0.073763
0.043587
0.018288
0.0041487
-0.00089122
0.0021404
0.0070851
0.0096256
0.010784
0.013098
0.01806
0.029825
0.051017
0.073179
0.083336
0.074211
0.039669
-0.0083521
-0.051386
-0.079769
-0.085597
-0.074567
-0.047496
-0.004079
0.041515
0.078048
0.10259
0.11459
0.11541
0.10731
0.088805
0.060665
0.03127
-0.0065681
-0.034842
-0.035846
-0.0265
-0.022156
-0.027482
-0.042355
-0.058446
-0.063207
-0.049633
-0.012744
0.038364
0.084459
0.10953
0.10619
0.085512
0.061712
0.031873
-0.0014967
-0.030869
-0.056521
-0.07225
-0.074264
-0.066497
-0.054095
-0.042286
-0.036249
-0.041677
-0.058219
-0.075737
-0.082156
-0.066828
-0.02433
0.040756
0.10108
0.1226
0.10983
0.086415
0.070985
0.073052
0.083505
0.088195
0.080906
0.058121
0.021519
-0.018618
-0.052194
-0.066713
-0.061974
-0.053713
-0.052654
-0.055799
-0.053345
-0.031103
0.018973
0.079423
0.1183
0.12137
0.10084
0.073396
0.050363
0.028414
0.012505
0.017721
0.040886
0.063374
0.070815
0.06122
0.039238
0.0076109
-0.036182
-0.078448
-0.097583
-0.09629
-0.085677
-0.057161
0.0029642
0.075115
0.13198
0.15901
0.16003
0.1438
0.099802
0.047908
0.015902
0.014539
0.022647
0.020565
0.010007
0.0011967
-0.001754
-0.0012191
0.00063461
0.003764
0.0063802
0.0025343
-0.013326
-0.034048
-0.049502
-0.053284
-0.042626
-0.01726
0.013571
0.036917
0.046441
0.046879
0.0495
0.063381
0.095214
0.13588
0.16909
0.17954
0.16497
0.12646
0.06876
0.017692
-0.011403
-0.01437
-0.0033592
0.012194
0.025942
0.032172
0.036826
0.048161
0.065758
0.083279
0.097631
0.10485
0.098545
0.07445
0.042157
0.022266
0.023573
0.034383
0.040046
0.039021
0.034219
0.028394
0.024267
0.024115
0.032871
0.054114
0.07976
0.1017
0.11627
0.12086
0.11337
0.093396
0.068231
0.043365
0.021926
0.011763
0.016949
0.029109
0.037899
0.041839
0.045171
0.049914
0.054901
0.058277
0.059491
0.058052
0.053094
0.043807
0.031816
0.023561
0.022435
0.024716
0.026811
0.028091
0.029789
0.033448
0.038505
0.043412
0.047685
0.051793
0.056156
0.060583
0.063937
0.065204
0.06029
0.044515
0.024518
0.011084
0.011708
0.023775
0.035364
0.041259
0.044666
0.045972
0.04067
0.029658
0.021416
0.022091
0.026037
0.027125
0.025469
0.024055
0.025932
0.032499
0.040317
0.046936
0.051185
0.052087
0.052178
0.055461
0.064818
0.075942
0.080929
0.074486
0.060101
0.041122
0.020554
0.00010846
-0.016639
-0.027612
-0.033911
-0.033323
-0.020975
0.0026588
0.028153
0.049959
0.068431
0.081123
0.082677
0.070525
0.048692
0.028745
0.014548
0.0074596
0.010288
0.027137
0.052622
0.074604
0.084692
0.081222
0.06781
0.052602
0.039906
0.02837
0.017522
0.013781
0.018193
0.024253
0.028502
0.034531
0.047197
0.063126
0.074669
0.071029
0.04738
0.016795
-0.0081901
-0.024757
-0.028679
-0.026925
-0.028695
-0.034826
-0.042236
-0.04824
-0.05284
-0.057425
-0.058739
-0.050986
-0.038986
-0.030886
-0.029948
-0.033317
-0.038382
-0.045382
-0.056349
-0.071685
-0.087015
-0.09423
-0.094027
-0.093982
-0.097919
-0.10497
-0.11187
-0.11709
-0.1216
-0.12672
-0.13405
-0.14617
-0.16031
-0.17179
-0.17935
-0.18464
-0.19033
-0.19806
-0.20754
-0.21317
-0.21141
-0.20424
-0.19506
-0.1838
-0.16851
-0.1484
-0.13301
-0.12858
-0.13249
-0.13771
-0.1412
-0.14451
-0.14959
-0.15838
-0.17306
-0.19045
-0.20574
-0.2134
-0.21078
-0.19632
-0.17544
-0.15672
-0.14143
-0.12515
-0.10213
-0.070353
-0.034951
0.0011017
0.031153
0.052166
0.06934
0.086421
0.10467
0.1224
0.1354
0.14465
0.15417
0.16524
0.18029
0.20378
0.23515
0.26511
0.28905
0.30954
0.32338
0.32797
0.32679
0.325
0.32427
0.32335
0.32086
0.31626
0.30361
0.26683
0.16833
0.012572
-0.16156
-0.32142
-0.41444
-0.45225
-0.47826
-0.5086
-0.52867
-0.52764
-0.50723
-0.4743
-0.44099
-0.41209
-0.38442
-0.35479
-0.32304
-0.28683
-0.23811
-0.17417
-0.10961
-0.052312
-0.0059856
0.019177
0.025325
0.022516
0.014794
-0.011418
-0.065673
-0.13468
-0.19875
-0.25348
-0.29065
-0.30374
-0.29931
-0.28645
-0.26658
-0.2386
-0.20602
-0.17436
-0.14882
-0.12784
-0.10711
-0.085729
-0.064261
-0.043265
-0.02274
-0.002575
0.013242
0.020725
0.024939
0.031794
0.044509
0.061517
0.076268
0.079529
0.068417
0.050341
0.032436
0.009738
-0.026264
-0.07481
-0.12965
-0.17892
-0.20216
-0.19954
-0.18357
-0.15882
-0.12857
-0.10159
-0.085417
-0.081517
-0.091131
-0.10714
-0.12153
-0.12622
-0.12378
-0.1237
-0.12924
-0.13626
-0.14111
-0.14414
-0.14728
-0.15191
-0.15997
-0.17281
-0.18676
-0.1962
-0.19296
-0.17135
-0.13876
-0.10843
-0.0845
-0.065981
-0.051614
-0.042089
-0.037962
-0.040529
-0.056229
-0.084548
-0.1164
-0.146
-0.16639
-0.16722
-0.14821
-0.12183
-0.10078
-0.088954
-0.086391
-0.08886
-0.091436
-0.092422
-0.093468
-0.096398
-0.10217
-0.11056
-0.11955
-0.12571
-0.12781
-0.12416
-0.11211
-0.093334
-0.072947
-0.054322
-0.036704
-0.018536
-0.0014459
0.0080089
0.0052293
-0.002284
-0.0089529
-0.010268
-0.00038995
0.023643
0.053798
0.078279
0.095657
0.10591
0.10918
0.10889
0.10867
0.11038
0.11303
0.11485
0.11566
0.11634
0.11732
0.11813
0.11712
0.11209
0.10036
0.085177
0.072269
0.065117
0.064898
0.071873
0.083582
0.094863
0.10384
0.11095
0.11813
0.12745
0.13894
0.15248
0.16737
0.18348
0.20258
0.22596
0.25096
0.27026
0.28037
0.28618
0.29198
0.29724
0.29982
0.29961
0.29765
0.29491
0.29103
0.28398
0.27021
0.24553
0.20701
0.16431
0.12911
0.10125
0.075939
0.060483
0.059285
0.064324
0.066151
0.058853
0.04089
0.020525
0.0044803
-0.0017285
-0.00034938
-5.803e-05
-0.0039073
-0.0099522
-0.016761
-0.025385
-0.034909
-0.044085
-0.052872
-0.060418
-0.06227
-0.05789
-0.052442
-0.050163
-0.056344
-0.073959
-0.094795
-0.11047
-0.11963
-0.12642
-0.1339
-0.14269
-0.15163
-0.15966
-0.16604
-0.17101
-0.17509
-0.17877
-0.18185
-0.18324
-0.18184
-0.17742
-0.17092
-0.16429
-0.15937
-0.15833
-0.16342
-0.17042
-0.17597
-0.1784
-0.17487
-0.16715
-0.15766
-0.14705
-0.13411
-0.11847
-0.10021
-0.077385
-0.050357
-0.023107
0.0026877
0.025809
0.04653
0.066186
0.085015
0.10347
0.1206
0.13653
0.15021
0.15604
0.15683
0.1584
0.16201
0.16721
0.1733
0.18101
0.18993
0.19652
0.19376
0.17329
0.13785
0.092671
0.045815
0.0046204
-0.022228
-0.032912
-0.033547
-0.02898
-0.022753
-0.016977
-0.012148
-0.015077
-0.027317
-0.041157
-0.047897
-0.044348
-0.032711
-0.017143
-0.0030597
0.0043681
0.0019313
-0.0082254
-0.019521
-0.028189
-0.035576
-0.042881
-0.049469
-0.0547
-0.058325
-0.060128
-0.060671
-0.060997
-0.062959
-0.06746
-0.074598
-0.08269
-0.088779
-0.091542
-0.091522
-0.089274
-0.084386
-0.077023
-0.067034
-0.054378
-0.036809
-0.01182
0.018453
0.048398
0.075273
0.09429
0.099442
0.098901
0.10182
0.10847
0.11878
0.13506
0.15394
0.17176
0.1881
0.20116
0.20975
0.21387
0.21566
0.21576
0.21422
0.21128
0.20782
0.20404
0.1988
0.18915
0.17259
0.14979
0.11567
0.071311
0.032494
0.0042125
-0.013519
-0.025789
-0.035399
-0.042769
-0.049048
-0.05691
-0.067722
-0.079063
-0.08888
-0.095143
-0.094937
-0.083513
-0.059841
-0.028421
0.0074414
0.045793
0.079603
0.10201
0.11157
0.11175
0.1057
0.098399
0.094388
0.099121
0.11243
0.1262
0.13457
0.13585
0.13531
0.13763
0.14269
0.14873
0.15504
0.16106
0.16681
0.17251
0.17827
0.1839
0.18899
0.19308
0.19551
0.19264
0.18081
0.16421
0.14871
0.13612
0.1266
0.11932
0.11328
0.10734
0.10103
0.094716
0.088731
0.08299
0.077252
0.072149
0.068878
0.06808
0.069554
0.073121
0.077648
0.082002
0.084876
0.086067
0.084932
0.081437
0.075641
0.066825
0.053166
0.031588
0.0019899
-0.031234
-0.068789
-0.11086
-0.15161
-0.1843
-0.20467
-0.21288
-0.211
-0.19922
-0.18383
-0.17097
-0.16447
-0.16675
-0.17895
-0.19831
-0.21797
-0.23507
-0.25129
-0.2684
-0.28636
-0.30085
-0.30629
-0.30259
-0.29472
-0.28724
-0.28146
-0.28019
-0.28423
-0.289
-0.29104
-0.2884
-0.2785
-0.25456
-0.21938
-0.18138
-0.14618
-0.11503
-0.08547
-0.054521
-0.022672
0.0063846
0.028073
0.042695
0.056598
0.074261
0.097654
0.12633
0.1563
0.18415
0.21069
0.23462
0.25152
0.26187
0.26708
0.26882
0.26788
0.26444
0.25978
0.25468
0.24879
0.24115
0.22621
0.19701
0.1535
0.10547
0.054937
0.0085704
-0.030875
-0.065144
-0.090925
-0.1059
-0.11417
-0.12183
-0.13033
-0.13742
-0.14153
-0.14284
-0.14237
-0.14111
-0.13954
-0.13786
-0.13626
-0.13443
-0.13195
-0.12814
-0.1226
-0.11419
-0.1045
-0.095714
-0.08851
-0.08549
-0.090161
-0.098943
-0.10634
-0.11182
-0.11706
-0.12169
-0.12415
-0.12402
-0.12344
-0.12366
-0.12425
-0.12571
-0.12897
-0.13407
-0.13979
-0.14503
-0.14988
-0.15489
-0.16038
-0.16751
-0.17703
-0.18819
-0.19837
-0.20588
-0.21027
-0.21085
-0.20802
-0.2033
-0.19849
-0.19428
-0.1911
-0.18873
-0.18353
-0.17457
-0.1651
-0.15651
-0.1494
-0.14586
-0.14544
-0.14679
-0.14888
-0.15132
-0.15313
-0.15316
-0.15016
-0.14423
-0.13538
-0.12456
-0.11238
-0.099541
-0.086053
-0.07099
-0.053789
-0.036082
-0.019037
-0.0028583
0.010652
0.018518
0.019313
0.017418
0.016113
0.015574
0.014761
0.01319
0.011222
0.0093508
0.0076931
0.0061251
0.0046983
0.004453
0.0066299
0.0097306
0.012172
0.013987
0.01591
0.018235
0.020732
0.023088
0.024915
0.026272
0.02764
0.029219
0.030876
0.032594
0.034716
0.038647
0.044828
0.053775
0.065059
0.078469
0.092915
0.10802
0.12257
0.13572
0.14704
0.15646
0.16574
0.17585
0.18528
0.19238
0.19527
0.19111
0.18061
0.1652
0.14133
0.11045
0.076652
0.042867
0.010048
-0.018059
-0.036523
-0.046209
-0.048355
-0.046484
-0.045381
-0.045761
-0.045691
-0.046106
-0.050059
-0.055938
-0.06157
-0.066821
-0.068931
-0.063982
-0.050431
-0.032588
-0.016218
-0.0020604
0.011578
0.022053
0.026953
0.025348
0.021576
0.019536
0.019231
0.019582
0.02021
0.021787
0.023904
0.025903
0.027708
0.029555
0.031554
0.033622
0.035673
0.037773
0.039442
0.039441
0.03842
0.037697
0.037523
0.037572
0.03795
0.039089
0.041235
0.044598
0.048857
0.053076
0.057378
0.062568
0.06757
0.070889
0.070687
0.066308
0.05659
0.037373
0.012658
-0.010193
-0.02907
-0.045165
-0.058375
-0.067265
-0.072591
-0.076142
-0.079111
-0.08199
-0.08482
-0.08746
-0.089912
-0.092223
-0.093809
-0.094144
-0.091465
-0.085344
-0.076042
-0.062552
-0.043515
-0.021727
-0.0008035
0.019097
0.038982
0.055752
0.065903
0.068608
0.068978
0.070965
0.073595
0.077156
0.082874
0.089198
0.094831
0.1001
0.10422
0.10524
0.10168
0.090494
0.071708
0.048029
0.021493
-0.0055591
-0.030744
-0.051894
-0.069499
-0.080679
-0.083373
-0.08129
-0.076637
-0.070862
-0.065294
-0.060344
-0.055845
-0.052036
-0.049597
-0.049107
-0.049611
-0.049776
-0.049778
-0.050213
-0.050109
-0.04869
-0.045439
-0.04054
-0.034403
-0.026821
-0.017562
-0.0055157
0.0082735
0.021706
0.034342
0.046669
0.058775
0.069508
0.075711
0.075443
0.071052
0.065819
0.061764
0.059522
0.06153
0.068217
0.078518
0.090105
0.10178
0.11065
0.11395
0.11231
0.10635
0.098589
0.091546
0.084289
0.077782
0.073893
0.070946
0.0672
0.062728
0.058108
0.053003
0.04601
0.037822
0.03013
0.023736
0.01822
0.012734
0.0054837
-0.0049929
-0.018293
-0.031674
-0.04433
-0.055913
-0.062787
-0.063793
-0.060039
-0.053091
-0.043224
-0.031362
-0.018191
-0.0052515
0.0064485
0.015026
0.018785
0.019238
0.020069
0.022605
0.026174
0.030227
0.034777
0.038735
0.041289
0.040675
0.03698
0.031413
0.025949
0.021926
0.020334
0.019679
0.01826
0.016092
0.012465
0.0061273
-0.00012085
-0.0029368
-0.0017302
0.0035107
0.012004
0.021913
0.030638
0.034902
0.033453
0.028337
0.020451
0.011313
0.0027456
-0.004781
-0.010485
-0.013827
-0.015567
-0.01632
-0.016029
-0.014616
-0.012205
-0.0087282
-0.0038466
0.0030092
0.012312
0.024828
0.039462
0.055086
0.07038
0.084843
0.097982
0.10772
0.11535
0.12268
0.1298
0.13382
0.13425
0.13206
0.12954
0.12829
0.12902
0.13062
0.13173
0.13197
0.13179
0.1318
0.13234
0.13343
0.13438
0.13472
0.13455
0.1338
0.1315
0.12679
0.11905
0.10827
0.095522
0.080022
0.060192
0.039679
0.022367
0.012514
0.010927
0.016735
0.028316
0.041028
0.052415
0.06294
0.071354
0.074921
0.07417
0.071019
0.067468
0.066062
0.067432
0.071564
0.077733
0.08452
0.088775
0.089992
0.088652
0.086235
0.084138
0.084703
0.087849
0.092794
0.097953
0.10229
0.1048
0.10512
0.10474
0.10521
0.10746
0.11122
0.11577
0.11967
0.12241
0.12329
0.12266
0.12137
0.12083
0.12119
0.12079
0.11779
0.11085
0.099722
0.086333
0.072438
0.055579
0.033315
0.0084796
-0.01617
-0.038539
-0.054983
-0.065252
-0.071811
-0.076419
-0.079179
-0.080413
-0.080163
-0.077909
-0.073156
-0.065852
-0.055382
-0.041974
-0.025859
-0.0085196
0.0083918
0.02401
0.033473
0.033013
0.025647
0.017288
0.010392
0.0055536
0.002088
-0.00068815
-0.0034215
-0.0069849
-0.012349
-0.020008
-0.02993
-0.041456
-0.053225
-0.063377
-0.070959
-0.07561
-0.077681
-0.077327
-0.075333
-0.072363
-0.070511
-0.070707
-0.07342
-0.077856
-0.083006
-0.087948
-0.092151
-0.095394
-0.096781
-0.095956
-0.093007
-0.088677
-0.08326
-0.076715
-0.069125
-0.060528
-0.05191
-0.044973
-0.039147
-0.033024
-0.026436
-0.018944
-0.0085462
0.0053812
0.022798
0.040617
0.05681
0.071438
0.085186
0.097743
0.10823
0.11556
0.11912
0.11923
0.11519
0.10489
0.088877
0.069551
0.050774
0.037046
0.027393
0.021401
0.018956
0.02036
0.023864
0.027963
0.030993
0.032773
0.033551
0.033827
0.033689
0.033267
0.032964
0.033538
0.035637
0.039352
0.044491
0.050242
0.053944
0.05471
0.052099
0.045781
0.035998
0.025682
0.018776
0.016346
0.017583
0.021933
0.030665
0.041162
0.05089
0.058688
0.062603
0.062013
0.056034
0.045465
0.032315
0.019158
0.0068871
-0.0042811
-0.012848
-0.017031
-0.016476
-0.013088
-0.0096532
-0.0079758
-0.007935
-0.0092789
-0.011522
-0.013983
-0.015716
-0.016463
-0.01649
-0.015995
-0.015551
-0.016117
-0.018691
-0.023597
-0.030293
-0.0366
-0.040759
-0.042762
-0.043649
-0.043855
-0.04248
-0.03872
-0.033963
-0.029793
-0.026845
-0.024469
-0.022036
-0.019068
-0.015584
-0.011532
-0.0073165
-0.0036873
-0.0022638
-0.0038736
-0.0075836
-0.012194
-0.016665
-0.019299
-0.019902
-0.019317
-0.018129
-0.016186
-0.01292
-0.0080641
-0.0025983
0.0025569
0.0071681
0.010906
0.013058
0.013177
0.011152
0.007801
0.0045866
0.0027664
0.0038349
0.0084221
0.016789
0.026537
0.035524
0.042463
0.04657
0.048156
0.046212
0.040289
0.031632
0.022558
0.013305
0.0042136
-0.0029853
-0.0075608
-0.010241
-0.011963
-0.013413
-0.014725
-0.015632
-0.016156
-0.016554
-0.016431
-0.015237
-0.01266
-0.0090263
-0.0042774
0.00098962
0.0061106
0.010907
0.015447
0.019166
0.021008
0.019407
0.014411
0.007047
-0.0016138
-0.0093391
-0.014395
-0.016712
-0.017671
-0.017963
-0.015901
-0.011219
-0.0066447
-0.0040748
-0.0043118
-0.0065798
-0.0096247
-0.011267
-0.010898
-0.0083753
-0.0043938
0.00012023
0.0030919
0.0038978
0.0021558
-0.0013089
-0.0054095
-0.0090468
-0.011716
-0.01301
-0.012373
-0.0096076
-0.0055162
-0.0012182
0.0027703
0.0064622
0.0099433
0.014905
0.022537
0.032066
0.041953
0.049354
0.051394
0.048206
0.040896
0.030721
0.01991
0.010368
0.0017212
-0.0068674
-0.013366
-0.016916
-0.018359
-0.018754
-0.01812
-0.01633
-0.013562
-0.0096348
-0.0049526
-3.559e-05
0.0055053
0.011687
0.016876
0.019997
0.020092
0.017121
0.010403
3.516e-05
-0.012317
-0.024161
-0.032648
-0.037077
-0.037955
-0.034134
-0.026752
-0.017261
-0.0078228
-0.00071583
0.0025702
0.0020346
-0.0019209
-0.0075148
-0.013276
-0.017554
-0.019679
-0.019478
-0.016858
-0.012068
-0.0071723
-0.0034809
-0.0024211
-0.0036458
-0.0069576
-0.012002
-0.018048
-0.023404
-0.027127
-0.029127
-0.028291
-0.024423
-0.016631
-0.006432
0.0040369
0.013528
0.022064
0.028976
0.03248
0.032701
0.030465
0.027226
0.024914
0.024987
0.027527
0.032243
0.038418
0.044505
0.048682
0.050068
0.047864
0.04284
0.036407
0.029725
0.02435
0.021208
0.020723
0.022769
0.027868
0.034484
0.040607
0.04352
0.042985
0.038692
0.030856
0.019823
0.0069222
-0.0061886
-0.017178
-0.02243
-0.02191
-0.017741
-0.011832
-0.0047426
0.0028098
0.0093518
0.01433
0.017682
0.020389
0.023049
0.025813
0.028279
0.029761
0.029934
0.028487
0.025458
0.021288
0.016631
0.013063
0.011143
0.010744
0.010923
0.010744
0.0092809
0.0061093
0.00085093
-0.0056846
-0.011635
-0.014346
-0.013291
-0.0083548
0.00030613
0.011065
0.02013
0.026741
0.029371
0.026399
0.01806
0.0054834
-0.0070801
-0.016434
-0.022896
-0.02736
-0.028536
-0.02601
-0.0198
-0.012667
-0.0078583
-0.0056616
-0.0056066
-0.006527
-0.0072247
-0.0064703
-0.0036152
0.001961
0.0090601
0.016069
0.021242
0.024498
0.025797
0.025651
0.023988
0.019797
0.013065
0.005274
-0.003378
-0.012493
-0.020423
-0.025891
-0.029086
-0.030606
-0.030177
-0.02733
-0.022668
-0.018001
-0.015273
-0.014743
-0.016255
-0.018921
-0.021692
-0.02351
-0.02377
-0.02248
-0.01973
-0.01587
-0.011761
-0.0082346
-0.0057178
-0.0043367
-0.0043299
-0.0063022
-0.0096512
-0.013196
-0.01551
-0.015807
-0.013476
-0.010336
-0.0084627
-0.0095611
-0.013161
-0.017262
-0.019787
-0.01991
-0.01679
-0.010928
-0.001962
0.0083302
0.017934
0.026414
0.031712
0.031118
0.025121
0.016844
0.0089803
0.0054819
0.0065812
0.012224
0.020867
0.030746
0.039032
0.044642
0.048857
0.051844
0.053768
0.055273
0.057992
0.062474
0.068346
0.074821
0.081581
0.087628
0.092374
0.094387
0.093758
0.090491
0.085174
0.078752
0.072774
0.067983
0.064204
0.061318
0.059667
0.059867
0.061387
0.063309
0.065264
0.067065
0.06845
0.069703
0.070986
0.07148
0.071061
0.07014
0.068972
0.067535
0.065865
0.06385
0.06127
0.058386
0.055509
0.052671
0.049823
0.046909
0.043636
0.040151
0.036739
0.032393
0.02682
0.02116
0.016035
0.011306
0.0069999
0.0049017
0.0063119
0.0098463
0.013213
0.015187
0.015846
0.015145
0.013068
0.0099072
0.0062054
0.0031801
0.0016574
0.0017213
0.0031216
0.0059323
0.010029
0.015256
0.020592
0.02508
0.02786
0.028999
0.028466
0.026477
0.023401
0.019505
0.014905
0.0097329
0.0046113
0.00030214
-0.0026015
-0.0039476
-0.0040889
-0.0034655
-0.0026028
-0.0018522
-0.0019016
-0.0029875
-0.0048725
-0.0071824
-0.0097073
-0.012052
-0.014053
-0.015727
-0.017026
-0.018099
-0.01961
-0.021664
-0.023905
-0.026034
-0.028117
-0.030415
-0.032808
-0.034894
-0.035861
-0.035624
-0.034567
-0.033227
-0.031777
-0.030535
-0.02976
-0.029918
-0.031543
-0.034871
-0.039987
-0.046263
-0.052794
-0.058971
-0.064601
-0.069485
-0.073106
-0.075375
-0.07666
-0.077653
-0.078816
-0.080615
-0.082588
-0.083925
-0.08476
-0.085677
-0.087007
-0.088287
-0.088768
-0.087649
-0.085048
-0.081755
-0.07843
-0.075096
-0.071711
-0.06839
-0.065554
-0.063235
-0.061326
-0.059624
-0.058136
-0.057353
-0.057355
-0.057615
-0.057891
-0.058319
-0.058182
-0.057363
-0.056939
-0.057567
-0.059231
-0.061042
-0.062331
-0.062921
-0.062954
-0.06254
-0.061638
-0.060449
-0.059243
-0.05827
-0.057622
-0.057295
-0.057408
-0.058301
-0.059927
-0.06198
-0.064083
-0.065981
-0.06751
-0.068358
-0.068552
-0.068491
-0.068639
-0.069097
-0.068818
-0.067291
-0.065039
-0.06239
-0.059036
-0.055666
-0.052782
-0.049915
-0.046849
-0.044065
-0.042156
-0.041256
-0.041267
-0.041956
-0.042978
-0.044254
-0.045876
-0.04777
-0.049575
-0.050869
-0.05123
-0.050801
-0.049925
-0.048747
-0.047195
-0.045523
-0.043932
-0.042312
-0.040716
-0.039363
-0.037818
-0.035721
-0.033695
-0.032094
-0.030711
-0.029508
-0.028569
-0.027439
-0.025902
-0.024249
-0.022792
-0.021612
-0.020991
-0.021037
-0.021607
-0.022377
-0.023141
-0.023739
-0.024432
-0.025919
-0.027872
-0.029578
-0.030896
-0.031941
-0.032695
-0.033411
-0.034202
-0.034852
-0.035329
-0.035769
-0.03617
-0.0367
-0.037881
-0.039457
-0.040877
-0.042021
-0.042852
-0.043176
-0.042938
-0.042134
-0.040866
-0.039415
-0.037971
-0.035783
-0.032231
-0.027808
-0.023545
-0.020593
-0.018642
-0.016943
-0.015126
-0.013409
-0.012252
-0.011765
-0.011788
-0.011771
-0.011392
-0.010608
-0.0098751
-0.0097022
-0.010338
-0.011777
-0.013741
-0.015784
-0.017659
-0.01971
-0.022144
-0.024707
-0.027147
-0.02932
-0.03057
-0.030822
-0.030464
-0.030139
-0.030026
-0.029795
-0.029496
-0.029542
-0.029733
-0.029711
-0.029455
-0.029014
-0.028305
-0.027327
-0.02611
-0.024786
-0.02336
-0.021622
-0.019778
-0.01809
-0.016119
-0.013677
-0.011252
-0.0095067
-0.0089253
-0.009569
-0.011181
-0.01358
-0.016318
-0.019152
-0.022655
-0.026681
-0.030427
-0.033301
-0.035185
-0.035927
-0.035834
-0.035055
-0.03378
-0.032486
-0.031989
-0.031947
-0.031543
-0.030441
-0.028897
-0.02724
-0.025801
-0.024807
-0.024371
-0.024312
-0.024311
-0.023969
-0.022962
-0.021613
-0.020304
-0.019032
-0.017969
-0.017476
-0.017029
-0.016076
-0.01467
-0.013046
-0.011054
-0.0091885
-0.0080549
-0.0077336
-0.0078686
-0.0084304
-0.0089789
-0.0090703
-0.0087815
-0.008387
-0.0078317
-0.0063686
-0.0035129
0.0004051
0.0043561
0.0067859
0.0080684
0.0093217
0.010927
0.012482
0.013433
0.01352
0.012715
0.011731
0.011108
0.01115
0.011575
0.011973
0.012058
0.011893
0.012051
0.012599
0.013151
0.013518
0.013707
0.013321
0.011682
0.0082137
0.0038972
-5.5747e-05
-0.0030318
-0.0054838
-0.0079118
-0.0099598
-0.011494
-0.012794
-0.013786
-0.014152
-0.013617
-0.012262
-0.010265
-0.0084267
-0.0072985
-0.0070518
-0.0074407
-0.0085997
-0.010392
-0.012522
-0.014861
-0.017078
-0.018697
-0.01946
-0.019573
-0.019447
-0.019449
-0.01964
-0.019347
-0.018251
-0.016375
-0.014292
-0.012601
-0.01186
-0.012363
-0.014315
-0.017471
-0.021534
-0.025606
-0.029093
-0.031853
-0.033753
-0.03459
-0.034024
-0.03247
-0.030311
-0.027931
-0.025612
-0.02387
-0.022755
-0.021786
-0.01998
-0.016539
-0.012435
-0.0086285
-0.0047364
-0.00050936
0.0035696
0.0072254
0.010456
0.01314
0.015283
0.016748
0.017638
0.017962
0.017989
0.017947
0.017601
0.016946
0.016232
0.015214
0.013602
0.011838
0.010237
0.0086975
0.0071678
0.0058603
0.0052141
0.0052873
0.0058545
0.0067983
0.008081
0.0095436
0.010857
0.011707
0.011908
0.011368
0.0098668
0.0079801
0.0064149
0.005535
0.0050141
0.0044933
0.0039593
0.0036913
0.004469
0.006333
0.0091191
0.011752
0.013373
0.013921
0.013804
0.013393
0.013362
0.014092
0.015307
0.016508
0.017211
0.017425
0.017386
0.017034
0.01621
0.014879
0.013039
0.010781
0.0086361
0.0071437
0.0066404
0.0071499
0.0083521
0.010216
0.012382
0.014313
0.015924
0.017401
0.018938
0.020531
0.022044
0.023356
0.024451
0.025289
0.025858
0.026184
0.026212
0.025911
0.02544
0.024882
0.024148
0.023103
0.021749
0.020355
0.019015
0.017617
0.016297
0.015151
0.014076
0.0132
0.012882
0.013354
0.014446
0.015789
0.01672
0.016639
0.015513
0.013678
0.011376
0.0091229
0.0073403
0.0062751
0.0056372
0.0051584
0.0046733
0.004139
0.003586
0.0029625
0.0021644
0.0014694
0.0011005
0.00076877
1.23e-05
-0.0015247
-0.0042618
-0.0075389
-0.0094764
-0.0096851
-0.0091189
-0.0092017
-0.010117
-0.011081
-0.011309
-0.010677
-0.0094925
-0.0081864
-0.0068964
-0.0057926
-0.0049674
-0.0040321
-0.0027575
-0.0012681
4.3172e-05
0.00076511
8.2064e-05
-0.0020359
-0.0047598
-0.0070315
-0.0083385
-0.0081634
-0.0071275
-0.0060974
-0.0054887
-0.0051257
-0.00416
-0.002521
-0.0007742
0.00023367
0.00015819
-0.00085562
-0.0022798
-0.0032992
-0.0036627
-0.0036007
-0.0033169
-0.0029672
-0.002602
-0.0019667
-0.00078841
0.0012298
0.0039502
0.0073628
0.011299
0.015654
0.02
0.024096
0.027937
0.031478
0.034303
0.036184
0.036949
0.037005
0.036824
0.036593
0.036397
0.036313
0.036186
0.035871
0.035345
0.034584
0.033476
0.032191
0.030917
0.029686
0.028705
0.028155
0.027908
0.027805
0.027948
0.02785
0.027017
0.025683
0.02412
0.022289
0.020791
0.01991
0.019355
0.018928
0.018725
0.018437
0.017992
0.017875
0.01838
0.019575
0.021353
0.023421
0.025332
0.026761
0.027543
0.027815
0.027743
0.027863
0.028265
0.028633
0.028522
0.027839
0.027117
0.026814
0.02691
0.026255
0.024515
0.022811
0.021811
0.021331
0.02117
0.021093
0.020618
0.01939
0.017078
0.013424
0.0086551
0.0033928
-0.0012458
-0.0044735
-0.0058274
-0.0060888
-0.0058454
-0.004943
-0.0032268
-0.00058518
0.0019548
0.0030583
0.0031679
0.0032692
0.0041725
0.0056333
0.0070647
0.0081027
0.0087096
0.0087323
0.0083738
0.0078839
0.0071963
0.0061893
0.0051065
0.0042529
0.0037714
0.0038166
0.004456
0.0052443
0.0060235
0.0071965
0.0087886
0.010497
0.012107
0.013421
0.01401
0.014024
0.013788
0.013708
0.01405
0.015062
0.016346
0.017447
0.018384
0.019436
0.021004
0.022743
0.023953
0.024069
0.023002
0.021346
0.019877
0.01905
0.019057
0.019642
0.020499
0.021534
0.022782
0.023721
0.023864
0.023158
0.021838
0.019951
0.017394
0.014229
0.010702
0.0072053
0.0039882
0.0012822
-0.00073154
-0.001905
-0.002868
-0.0041344
-0.0058023
-0.0079302
-0.010688
-0.013393
-0.01527
-0.015788
-0.015107
-0.013635
-0.011619
-0.0093359
-0.0079605
-0.0072273
-0.0059265
-0.004155
-0.0027434
-0.0023847
-0.0027529
-0.0031827
-0.0032144
-0.002796
-0.0018338
-0.00058332
0.00061112
0.0018602
0.003374
0.0048312
0.0060794
0.00727
0.0080948
0.0082515
0.0082884
0.0087962
0.010081
0.011979
0.014287
0.017368
0.020728
0.022418
0.022354
0.021458
0.020279
0.018597
0.015845
0.012406
0.0091264
0.0070564
0.0065786
0.0076975
0.010286
0.014341
0.018847
0.02262
0.024598
0.024622
0.022457
0.018772
0.014654
0.011138
0.0085172
0.0073732
0.0082515
0.011213
0.015655
0.020402
0.02453
0.027395
0.028352
0.027665
0.025519
0.021671
0.017563
0.014769
0.01244
0.0098445
0.007535
0.0054039
0.0030642
0.00092717
-0.00056071
-0.0013339
-0.0018902
-0.0028063
-0.0045813
-0.006944
-0.0094374
-0.012039
-0.014566
-0.016574
-0.017726
-0.018235
-0.01851
-0.018969
-0.019924
-0.021449
-0.023363
-0.025409
-0.027333
-0.029041
-0.030508
-0.031629
-0.032124
-0.03187
-0.031064
-0.030534
-0.030407
-0.030106
-0.029051
-0.027137
-0.02456
-0.022078
-0.020681
-0.020054
-0.019498
-0.019026
-0.019127
-0.020289
-0.021882
-0.023077
-0.023523
-0.023257
-0.022172
-0.020484
-0.018526
-0.016698
-0.015164
-0.014012
-0.013046
-0.012093
-0.011035
-0.010039
-0.0095406
-0.0096238
-0.010254
-0.011502
-0.013159
-0.014649
-0.01602
-0.017679
-0.019835
-0.021866
-0.022547
-0.021291
-0.018464
-0.015427
-0.012935
-0.010977
-0.0096198
-0.008989
-0.0086313
-0.0081217
-0.0072228
-0.0058983
-0.0040865
-0.00226
-0.00083705
-0.00036268
-0.00093151
-0.002457
-0.004718
-0.0071198
-0.0085738
-0.0084773
-0.0070051
-0.004744
-0.0022225
-8.7274e-05
0.0012953
0.0016287
0.00069447
-0.0013135
-0.0039277
-0.006405
-0.0082254
-0.008775
-0.0083235
-0.0071687
-0.0057071
-0.0042062
-0.0027868
-0.0013821
0.00014552
0.0019985
0.0042373
0.0067957
0.0096056
0.012086
0.013808
0.0146
0.014604
0.013744
0.012228
0.01036
0.0083117
0.0064655
0.0051875
0.0048913
0.0054074
0.0063607
0.0074122
0.008496
0.0094171
0.010165
0.010846
0.011842
0.013297
0.014464
0.015365
0.016989
0.019139
0.020931
0.021641
0.021436
0.021003
0.020619
0.020067
0.018801
0.016955
0.015466
0.01463
0.014102
0.013631
0.013166
0.012768
0.012515
0.012397
0.012242
0.012034
0.011957
0.012128
0.012515
0.013014
0.013459
0.013654
0.013449
0.012913
0.012662
0.012546
0.011566
0.0096355
0.0074363
0.0058908
0.0049077
0.0038292
0.002314
0.00064068
-0.0006492
-0.0012813
-0.0011267
-0.00016904
0.001581
0.0042566
0.0074166
0.01062
0.013908
0.017427
0.02065
0.023303
0.025359
0.026829
0.027397
0.026512
0.024363
0.021842
0.019394
0.016934
0.014644
0.012581
0.010753
0.0099806
0.010969
0.013579
0.017094
0.02151
0.025845
0.029037
0.030695
0.031258
0.030921
0.030066
0.029166
0.028513
0.028127
0.028334
0.029236
0.030751
0.032701
0.034771
0.036127
0.036738
0.037148
0.037918
0.039057
0.039866
0.040169
0.040323
0.040807
0.04172
0.042608
0.04314
0.043195
0.042475
0.040736
0.037978
0.034607
0.030968
0.027316
0.023832
0.020778
0.017863
0.014782
0.012037
0.010488
0.010695
0.011597
0.012135
0.011492
0.0099467
0.0081273
0.0065244
0.0053243
0.0047491
0.0043818
0.0037108
0.0026291
0.0014627
0.00069475
0.00078691
0.0017901
0.0031062
0.0044343
0.005967
0.0076073
0.0089625
0.0095627
0.0095265
0.0094743
0.0093278
0.0085065
0.0074285
0.0067824
0.0068625
0.0070849
0.0067906
0.0057818
0.0042658
0.0024212
0.00046938
-0.0013798
-0.0026344
-0.0029871
-0.0023289
-0.00075299
0.0016655
0.0042577
0.0064037
0.0076204
0.007778
0.0069905
0.005264
0.0027385
-7.0075e-05
-0.0027037
-0.0049006
-0.0058069
-0.0053994
-0.0042325
-0.0031145
-0.0023929
-0.0024641
-0.0033524
-0.0049386
-0.0068742
-0.00889
-0.010838
-0.01247
-0.013607
-0.014126
-0.014043
-0.013479
-0.012776
-0.012251
-0.012536
-0.013879
-0.016154
-0.018948
-0.02198
-0.025054
-0.027935
-0.030368
-0.032356
-0.033969
-0.035078
-0.035392
-0.034789
-0.03348
-0.031911
-0.030301
-0.028828
-0.027545
-0.025976
-0.023918
-0.021662
-0.01967
-0.018197
-0.017316
-0.017022
-0.017066
-0.017035
-0.016668
-0.016312
-0.016193
-0.015897
-0.014929
-0.0131
-0.011142
-0.0097011
-0.0091337
-0.0088044
-0.0078517
-0.0061195
-0.0038553
-0.0010498
0.0021758
0.0052307
0.0077862
0.0097381
0.010708
0.010746
0.010128
0.0090558
0.0075304
0.0056714
0.0035878
0.0012856
-0.00048568
-0.0011738
-0.0015788
-0.0024259
-0.0037242
-0.0046836
-0.0047591
-0.0041422
-0.003267
-0.0020908
-0.00066438
0.00080526
0.0020178
0.0030331
0.0042667
0.0055842
0.0064687
0.0065472
0.0058083
0.0042738
0.0025081
0.00097219
-0.00053081
-0.0020574
-0.0031382
-0.0037681
-0.0042521
-0.0046317
-0.0048867
-0.0050439
-0.0047781
-0.0038158
-0.0023824
-0.00071084
0.0012307
0.0030702
0.0044929
0.0056001
0.0063754
0.0063708
0.0058114
0.0051943
0.0045393
0.0036564
0.0025396
0.0013602
0.00020418
-0.001144
-0.0028602
-0.0049216
-0.0067118
-0.0078642
-0.008054
-0.0072943
-0.0056136
-0.0029372
0.00043704
0.0037509
0.0066229
0.0088971
0.010382
0.011021
0.01121
0.011226
0.011121
0.010917
0.01066
0.01037
0.0097687
0.0081809
0.0056053
0.0025255
-0.00044615
-0.0029452
-0.0047974
-0.0058988
-0.0065605
-0.0074896
-0.0084844
-0.0088369
-0.0086848
-0.0083626
-0.0076724
-0.006336
-0.0041633
-0.0017061
0.00055059
0.0025476
0.0043865
0.0060433
0.0073982
0.0083054
0.0085901
0.0083713
0.0076767
0.0068698
0.0063928
0.0067945
0.0080295
0.010114
0.012859
0.015976
0.019011
0.021708
0.023379
0.024269
0.025179
0.026586
0.028296
0.02984
0.030938
0.031537
0.031654
0.031209
0.030092
0.028409
0.026327
0.024389
0.022839
0.021636
0.020779
0.020456
0.020708
0.021316
0.021936
0.022373
0.022582
0.022593
0.022471
0.022188
0.021781
0.021324
0.020728
0.019882
0.018737
0.017133
0.014719
0.011269
0.007464
0.004376
0.0018349
0.00032286
-0.00038711
-0.00080885
-0.00087397
-0.00032473
0.00091925
0.0030844
0.0060692
0.0093146
0.012271
0.014661
0.016141
0.016816
0.016896
0.016424
0.0153
0.014023
0.013015
0.01246
0.012436
0.013099
0.014345
0.015855
0.017274
0.018247
0.018466
0.018102
0.017462
0.016354
0.014922
0.013654
0.012915
0.012524
0.011854
0.010033
0.0063603
0.0017016
-0.0030041
-0.0077165
-0.012698
-0.017806
-0.021766
-0.023848
-0.024018
-0.022887
-0.021186
-0.019344
-0.017843
-0.017229
-0.017632
-0.018996
-0.020967
-0.023149
-0.025324
-0.02696
-0.027747
-0.027657
-0.027079
-0.026237
-0.025518
-0.02539
-0.026446
-0.028182
-0.029739
-0.029654
-0.027449
-0.023515
-0.018953
-0.014453
-0.010276
-0.0063035
-0.0027104
5.677e-05
0.0015168
0.0017759
0.0014985
0.0016357
0.0028585
0.0054799
0.0085427
0.011167
0.012847
0.013522
0.013171
0.01245
0.011787
0.011267
0.010824
0.010475
0.010236
0.010149
0.010582
0.01136
0.011902
0.011625
0.010563
0.0087438
0.0066416
0.0048638
0.0036305
0.002849
0.0025152
0.0021767
0.0014632
0.000679
5.3475e-05
-0.00065616
-0.0014906
-0.0022732
-0.0028982
-0.0033182
-0.0033313
-0.0028409
-0.0019707
-0.001222
-0.00079731
-0.0006296
-0.000449
-6.1663e-05
0.00069901
0.0017719
0.0029987
0.0037235
0.0034242
0.0017779
-0.00057749
-0.0027407
-0.0038504
-0.00392
-0.0029552
-0.001389
0.00026328
0.0017579
0.0031446
0.0043365
0.0055107
0.0070221
0.0090977
0.011518
0.013688
0.015024
0.015186
0.01462
0.013659
0.012187
0.010481
0.009101
0.0081976
0.0075686
0.0070467
0.0063729
0.0053477
0.0043289
0.0036925
0.0035566
0.003876
0.0047139
0.0056011
0.006117
0.0061546
0.0057668
0.0047117
0.002146
-0.0018877
-0.0062367
-0.0095361
-0.011381
-0.012356
-0.012826
-0.012501
-0.011406
-0.0097281
-0.0078303
-0.0064181
-0.0061283
-0.0064632
-0.0069456
-0.0080508
-0.0098905
-0.012066
-0.014262
-0.016314
-0.017529
-0.017699
-0.017017
-0.015848
-0.014538
-0.013638
-0.013293
-0.013353
-0.013396
-0.013196
-0.012775
-0.012658
-0.013432
-0.01509
-0.0171
-0.018817
-0.019791
-0.019997
-0.01969
-0.019086
-0.018364
-0.017705
-0.017169
-0.016593
-0.015809
-0.014713
-0.013714
-0.01321
-0.01326
-0.013587
-0.013763
-0.013573
-0.013138
-0.013101
-0.013835
-0.015355
-0.016857
-0.017645
-0.017524
-0.016788
-0.015372
-0.013712
-0.012283
-0.010872
-0.0092958
-0.0079035
-0.0072276
-0.0074491
-0.0085076
-0.01022
-0.012322
-0.014293
-0.01582
-0.01702
-0.017618
-0.017021
-0.015839
-0.014868
-0.014725
-0.015192
-0.015775
-0.016024
-0.015843
-0.015237
-0.014209
-0.012687
-0.010853
-0.0089276
-0.0074269
-0.0065629
-0.0065769
-0.0077163
-0.010052
-0.013443
-0.016931
-0.019498
-0.021117
-0.021856
-0.020301
-0.017106
-0.014253
-0.012517
-0.011457
-0.0106
-0.0097031
-0.0087575
-0.0081735
-0.0082414
-0.008792
-0.0094951
-0.010315
-0.01127
-0.012345
-0.013599
-0.015112
-0.017062
-0.019015
-0.020473
-0.021411
-0.02187
-0.021675
-0.020773
-0.019198
-0.017343
-0.015288
-0.01253
-0.0098152
-0.0081255
-0.0074613
-0.0074162
-0.0078855
-0.0087164
-0.0097698
-0.011206
-0.012994
-0.014663
-0.015667
-0.015808
-0.01506
-0.013816
-0.012327
-0.010905
-0.0097423
-0.0087346
-0.0077817
-0.0069516
-0.0062435
-0.0056222
-0.0053255
-0.0055218
-0.0061919
-0.0068932
-0.0072781
-0.0073382
-0.0070661
-0.0061523
-0.0045122
-0.0023258
0.00012951
0.0024482
0.003896
0.0044062
0.0040678
0.0026932
0.00026448
-0.0029782
-0.0067464
-0.010821
-0.014585
-0.018052
-0.021744
-0.02539
-0.028382
-0.030437
-0.031282
-0.03051
-0.029108
-0.027981
-0.027051
-0.026201
-0.025692
-0.025278
-0.024662
-0.023954
-0.02314
-0.021996
-0.020972
-0.020511
-0.020413
-0.020588
-0.021242
-0.021688
-0.021341
-0.019552
-0.016337
-0.011995
-0.0074452
-0.0031613
0.0010703
0.0049003
0.0068569
0.0073682
0.0077854
0.0087072
0.009743
0.010324
0.010363
0.01004
0.0091635
0.0076823
0.0054742
0.0031009
0.0012339
0.00036091
0.00060788
0.0020476
0.0040146
0.0059714
0.0080564
0.010118
0.01163
0.012629
0.013348
0.013813
0.014046
0.0141
0.01366
0.012341
0.0097638
0.0062176
0.0022006
-0.0015153
-0.0045408
-0.0067685
-0.0082995
-0.0091861
-0.009246
-0.0088271
-0.0084978
-0.0084984
-0.0087947
-0.0094978
-0.010548
-0.011906
-0.013351
-0.014677
-0.015828
-0.016551
-0.016468
-0.015794
-0.014887
-0.014291
-0.014254
-0.014816
-0.016023
-0.017715
-0.019638
-0.021564
-0.023291
-0.024294
-0.024411
-0.023914
-0.023088
-0.021889
-0.020772
-0.020075
-0.019734
-0.019595
-0.019706
-0.01982
-0.019653
-0.019027
-0.018061
-0.016879
-0.015055
-0.012336
-0.0089264
-0.0056844
-0.0033935
-0.002371
-0.0023326
-0.0028478
-0.0032647
-0.0031582
-0.0026462
-0.0019943
-0.0012808
-0.00076118
-0.00067745
-0.0012636
-0.0025031
-0.004168
-0.0056918
-0.0066713
-0.0069041
-0.0066178
-0.0058551
-0.0046162
-0.00302
-0.0015676
-0.00085404
-0.0017608
-0.0035364
-0.0050065
-0.0058917
-0.0065239
-0.0070715
-0.007457
-0.0075918
-0.007311
-0.0066303
-0.00567
-0.0046885
-0.0038326
-0.003238
-0.0030017
-0.0031905
-0.0034533
-0.0035219
-0.0034241
-0.0033036
-0.0031959
-0.0030962
-0.0030631
-0.0032677
-0.003816
-0.0046544
-0.0054854
-0.0061603
-0.0066876
-0.0066545
-0.0057258
-0.0042824
-0.0027495
-0.0010258
0.001114
0.0036053
0.0058076
0.0075197
0.008906
0.0099947
0.010704
0.011098
0.011351
0.011713
0.012229
0.012844
0.013714
0.014766
0.01574
0.016355
0.016458
0.015784
0.014613
0.013345
0.011915
0.010156
0.0084708
0.0071265
0.0060665
0.0052236
0.0045392
0.0039776
0.0036019
0.0035098
0.0035517
0.0035146
0.0032522
0.0027316
0.0020142
0.0013276
0.00086011
0.00076457
0.00065433
0.00030521
0.00076967
0.0022945
0.0043612
0.0059121
0.0064138
0.0061116
0.0053575
0.0042086
0.0027194
0.0010369
-0.00043811
-0.0015232
-0.0022709
-0.0029472
-0.0036284
-0.0040344
-0.0042735
-0.0047347
-0.0052714
-0.0055559
-0.005494
-0.0050683
-0.0041583
-0.0024541
5.3094e-05
0.0018388
0.0022723
0.0018866
0.0017054
0.0019733
0.001918
0.0010542
-0.00052225
-0.0024559
-0.0044433
-0.0061548
-0.0076172
-0.0089473
-0.009637
-0.0094388
-0.0086853
-0.0078118
-0.0068624
-0.005667
-0.0043021
-0.0031749
-0.0025235
-0.0024359
-0.002826
-0.0035074
-0.0042911
-0.0047539
-0.0043534
-0.0024873
0.00081047
0.0050743
0.009681
0.014375
0.018318
0.021193
0.022898
0.023926
0.024816
0.02558
0.025949
0.02592
0.025508
0.024591
0.023345
0.021854
0.019704
0.016902
0.0137
0.0095624
0.0043623
-0.001147
-0.0063727
-0.01109
-0.014203
-0.015241
-0.014333
-0.011765
-0.0076566
-0.0036467
-0.00083191
0.0002991
-0.00047852
-0.003109
-0.0067666
-0.0104
-0.013429
-0.015483
-0.016355
-0.016153
-0.015344
-0.014298
-0.013561
-0.013263
-0.013245
-0.012549
-0.010116
-0.0066402
-0.0031145
0.00073755
0.0045822
0.007357
0.0088217
0.0090904
0.0076231
0.0044588
2.4407e-06
-0.0050189
-0.010109
-0.014978
-0.019095
-0.022085
-0.023762
-0.024195
-0.023574
-0.022216
-0.020325
-0.017898
-0.01463
-0.010051
-0.0059806
-0.0040878
-0.003285
-0.002325
-0.0013585
-0.0009503
-0.0013836
-0.0023654
-0.003484
-0.0045176
-0.0051796
-0.0052535
-0.0043896
-0.0025877
-0.00024522
0.0022063
0.004641
0.0071545
0.0096778
0.011825
0.013511
0.014775
0.015472
0.015366
0.014116
0.011977
0.0093985
0.0065589
0.0036079
0.0010845
-0.00062952
-0.0014455
-0.0010258
8.2877e-05
0.0010048
0.0018147
0.002913
0.0038036
0.0042906
0.0047031
0.0051665
0.0055986
0.0062214
0.0071519
0.008318
0.0095417
0.010685
0.011319
0.011372
0.011031
0.010206
0.0086966
0.0068283
0.0050099
0.003433
0.0025101
0.0023137
0.002502
0.0028772
0.0035756
0.0042404
0.0045918
0.0047552
0.0048505
0.0047722
0.004449
0.0038024
0.002619
0.0012463
0.00011588
-0.00078348
-0.0015779
-0.0021745
-0.0028155
-0.0036203
-0.0035602
-0.0022457
0.0002875
0.0031366
0.0055552
0.0074582
0.009066
0.010382
0.011379
0.012069
0.012396
0.012449
0.012582
0.013142
0.014201
0.01566
0.017159
0.017992
0.018055
0.017632
0.016454
0.014406
0.011971
0.0098835
0.0085067
0.0080188
0.0075489
0.0060639
0.0044302
0.0035117
0.0028448
0.0017473
4.468e-05
-0.002086
-0.0042526
-0.0059413
-0.0067714
-0.0063891
-0.0049845
-0.0031738
-0.0016667
-0.00070052
-0.00032397
-0.0007877
-0.0017782
-0.0022256
-0.0020163
-0.0016852
-0.0012557
-0.0005223
0.00046686
0.0014583
0.0022963
0.002955
0.0034977
0.0039803
0.0040968
0.0036476
0.0032407
0.0034014
0.0042813
0.005676
0.0073734
0.0092751
0.011278
0.013056
0.014234
0.014772
0.015292
0.016115
0.017061
0.018038
0.019085
0.019833
0.020114
0.020137
0.020088
0.019978
0.019861
0.019607
0.018829
0.017721
0.016737
0.016193
0.015982
0.015997
0.016342
0.017069
0.017728
0.018061
0.018055
0.017791
0.017343
0.016933
0.016553
0.016011
0.015142
0.013899
0.012282
0.010474
0.0087623
0.0079364
0.0081456
0.0091082
0.010251
0.01114
0.011648
0.011967
0.012363
0.012856
0.013294
0.013463
0.013411
0.013509
0.013723
0.013699
0.013345
0.012765
0.011654
0.010143
0.008632
0.0068561
0.0047249
0.0028358
0.0014916
0.00058376
-0.00055551
-0.0019817
-0.002864
-0.002519
-0.00061207
0.0021589
0.0047909
0.0064522
0.0070621
0.0066662
0.0059185
0.005151
0.0040464
0.0027272
0.0016217
0.00050079
-0.00078216
-0.0017801
-0.002343
-0.0026367
-0.0030186
-0.0035467
-0.0039332
-0.0038817
-0.0033665
-0.002601
-0.0017988
-0.0011471
-0.00068692
-0.00050895
-0.0012383
-0.0031086
-0.0057717
-0.0082313
-0.0099226
-0.011172
-0.012243
-0.012788
-0.012412
-0.011042
-0.0087763
-0.0061232
-0.0035482
-0.0017731
-0.001191
-0.0015841
-0.0026989
-0.0045179
-0.0064859
-0.00796
-0.0083294
-0.0078665
-0.0069016
-0.0056882
-0.0043895
-0.0035123
-0.0035245
-0.0048927
-0.0073344
-0.010337
-0.013616
-0.016755
-0.019297
-0.021303
-0.022888
-0.023736
-0.023793
-0.023247
-0.022348
-0.021096
-0.019357
-0.017418
-0.015825
-0.014738
-0.01398
-0.013312
-0.012655
-0.012108
-0.011695
-0.011305
-0.010651
-0.0097781
-0.0089618
-0.0085145
-0.0086004
-0.009465
-0.010937
-0.01268
-0.014137
-0.014907
-0.014255
-0.0124
-0.010009
-0.007317
-0.004264
-0.0019387
-0.00047531
0.00084614
0.0019581
0.0022293
0.0010155
-0.00093578
-0.0024192
-0.0030948
-0.0032857
-0.0033785
-0.0032768
-0.0026034
-0.001494
-0.00035717
0.0003212
0.0004511
0.00014467
-0.00038096
-0.00096609
-0.0014868
-0.0018976
-0.0021846
-0.0024671
-0.0027801
-0.0028801
-0.0030352
-0.0038044
-0.0049093
-0.0059897
-0.0072331
-0.0085315
-0.0094711
-0.0097112
-0.0090918
-0.0073241
-0.0047495
-0.0018567
0.0013221
0.0045504
0.0068517
0.0080192
0.0082061
0.0074607
0.0060138
0.0044056
0.0028531
0.0012332
-0.00034005
-0.0016301
-0.0024315
-0.0027735
-0.0027784
-0.0024043
-0.0016607
-0.00077579
-5.2454e-05
0.00035115
0.0001253
-0.00080879
-0.0022603
-0.0039334
-0.0056494
-0.0071346
-0.0082855
-0.0089476
-0.0089944
-0.0084405
-0.0075351
-0.0064658
-0.0052208
-0.0037517
-0.0020679
-0.0003884
0.001266
0.0031306
0.0049646
0.006364
0.0069615
0.0072434
0.0085697
0.010689
0.012538
0.013655
0.014077
0.013574
0.012337
0.010776
0.009346
0.0080436
0.0065736
0.0047781
0.0027584
0.00083176
-0.0011618
-0.003601
-0.0057287
-0.0070293
-0.0076859
-0.0077948
-0.0071036
-0.0061074
-0.0052069
-0.0039067
-0.0025362
-0.0021132
-0.0025466
-0.0030623
-0.0028489
-0.0020272
-0.0011747
-0.00092781
-0.0012907
-0.0020148
-0.0027778
-0.0033433
-0.003335
-0.0027553
-0.0017892
-0.00049514
0.0012331
0.0031864
0.0050593
0.006399
0.007114
0.0073274
0.007359
0.0074614
0.0079958
0.0089645
0.010128
0.010873
0.011004
0.010545
0.0098811
0.009463
0.009864
0.011056
0.012768
0.014777
0.016987
0.018758
0.01989
0.02083
0.021586
0.021678
0.021178
0.020468
0.019627
0.018668
0.01769
0.01678
0.015924
0.015023
0.014026
0.012968
0.012158
0.011712
0.011457
0.011464
0.012107
0.013482
0.015201
0.016631
0.017556
0.017971
0.017679
0.01676
0.015691
0.014536
0.012978
0.01128
0.0096897
0.0079976
0.0064418
0.0053976
0.004747
0.0041705
0.0035874
0.0030523
0.0026978
0.0030897
0.0039568
0.0044372
0.0043203
0.0039094
0.0032921
0.0025818
0.0019518
0.0011494
-5.0688e-05
-0.0011791
-0.0019466
-0.0024726
-0.002756
-0.0026412
-0.0020555
-0.0011067
9.1172e-05
0.0011602
0.001868
0.0023042
0.0028019
0.0035864
0.0042357
0.0042159
0.0029186
0.0011581
0.00023561
-6.2095e-05
-0.00052701
-0.0014093
-0.002301
-0.0027634
-0.0027526
-0.0023969
-0.0017419
-0.0008309
0.00030396
0.0015494
0.002833
0.0040784
0.0051377
0.0058584
0.0063788
0.0068429
0.0072535
0.0075675
0.0077223
0.0076284
0.0072534
0.0066635
0.0059546
0.0050929
0.0041163
0.0031403
0.0023786
0.0019331
0.0018041
0.0017908
0.0017602
0.0016209
0.0012195
0.00038664
-0.0006249
-0.0015435
-0.00218
-0.0024331
-0.0021997
-0.0016149
-0.00088647
-6.2339e-05
0.00074449
0.0013547
0.0018562
0.0024067
0.003136
0.0041048
0.005344
0.0066276
0.0077595
0.0085799
0.0091599
0.0095446
0.0096085
0.0091873
0.008034
0.0065201
0.0052369
0.0043083
0.0036095
0.003346
0.0035062
0.0038741
0.0041986
0.0043501
0.0039647
0.0027423
0.00055169
-0.0017511
-0.003546
-0.0050304
-0.0065851
-0.0082067
-0.0092535
-0.0094393
-0.0085928
-0.0071148
-0.0055626
-0.0044874
-0.0038888
-0.0035171
-0.0035976
-0.004663
-0.0063271
-0.0080751
-0.0099151
-0.0117
-0.013202
-0.014432
-0.015326
-0.015493
-0.014701
-0.013144
-0.01185
-0.011278
-0.011142
-0.010941
-0.010536
-0.010242
-0.010221
-0.010271
-0.010386
-0.010662
-0.010753
-0.010493
-0.010107
-0.0095229
-0.0085955
-0.0079505
-0.0079771
-0.0084989
-0.0092982
-0.010246
-0.010676
-0.010607
-0.010589
-0.01071
-0.010716
-0.010586
-0.010278
-0.0094728
-0.0082257
-0.0068586
-0.005815
-0.0051881
-0.00501
-0.0052352
-0.0057911
-0.0065561
-0.0073649
-0.0080854
-0.0087378
-0.0093808
-0.009985
-0.010446
-0.010684
-0.010955
-0.011369
-0.011222
-0.010201
-0.008521
-0.0064196
-0.003888
-0.0011585
0.0013543
0.0033458
0.0049053
0.0061089
0.0066815
0.0067525
0.0066389
0.0066767
0.007025
0.0077634
0.0088292
0.01032
0.011872
0.013042
0.013627
0.013815
0.013626
0.012757
0.011042
0.0088704
0.0068406
0.0052632
0.0036435
0.0016234
-0.00012124
-0.0010956
-0.0013962
-0.0017303
-0.00254
-0.0042099
-0.0062062
-0.007685
-0.0085419
-0.0090659
-0.0092736
-0.0092761
-0.0091584
-0.0087546
-0.0081514
-0.0078695
-0.007955
-0.0081265
-0.0081232
-0.0078365
-0.0071449
-0.0062283
-0.0052294
-0.0038085
-0.0018404
0.00031966
0.0020482
0.0028891
0.0030797
0.0030326
0.0028803
0.0023151
0.00092998
-0.00073587
-0.0021534
-0.0033795
-0.0042456
-0.0044579
-0.0037948
-0.002308
-0.00025209
0.0015575
0.0025733
0.0028626
0.0026872
0.0021425
0.0014261
0.00066773
-0.00021512
-0.0011938
-0.0019649
-0.0022159
-0.0019218
-0.0014463
-0.0010021
-0.00055928
-0.00016382
9.5888e-05
0.00027531
0.00047716
0.00080427
0.0014819
0.0026334
0.0041454
0.0056862
0.0067111
0.0070505
0.0068974
0.0065311
0.0061731
0.0061577
0.0065405
0.0071672
0.0078863
0.0085493
0.0088596
0.0089256
0.0090075
0.0090918
0.0089573
0.0083611
0.0075411
0.0068521
0.0065105
0.0067351
0.0080218
0.0098612
0.011474
0.012511
0.013013
0.012898
0.012404
0.011833
0.011316
0.010824
0.010342
0.0098261
0.0092604
0.0087513
0.0081804
0.0071805
0.0064922
0.0068815
0.0077478
0.008523
0.0095076
0.010704
0.011797
0.012666
0.013145
0.012651
0.011552
0.010586
0.010094
0.0099846
0.010349
0.010986
0.011628
0.01224
0.012779
0.012976
0.012623
0.011758
0.010751
0.0099754
0.0096896
0.0090785
0.0074765
0.0057769
0.0045892
0.003616
0.0025509
0.0013686
-0.00018053
-0.0019946
-0.0037458
-0.0054086
-0.007062
-0.0082625
-0.0086082
-0.007973
-0.0070202
-0.006302
-0.0060093
-0.0059009
-0.0057211
-0.0053434
-0.0048243
-0.0044066
-0.0041772
-0.0040509
-0.0038792
-0.0036243
-0.0033388
-0.0030825
-0.0028929
-0.0031256
-0.0039894
-0.0049196
-0.0053675
-0.0052317
-0.0050331
-0.0051207
-0.0054709
-0.0059352
-0.006471
-0.0069036
-0.0071374
-0.0070741
-0.0069121
-0.0069124
-0.0067946
-0.0063642
-0.005901
-0.0054078
-0.0045573
-0.0033547
-0.0020612
-0.00095893
-0.00022108
6.352e-05
0.00014192
0.00015474
-0.00012147
-0.00060053
-0.00094949
-0.0012603
-0.0017195
-0.0019956
-0.0018811
-0.0014724
-0.0011217
-0.0010166
-0.0011643
-0.0012958
-0.001135
-0.0006714
-0.00010784
-0.00012242
-0.00062155
-0.00095521
-0.00043135
0.0010188
0.0023353
0.0029986
0.003322
0.0038446
0.0046806
0.0055009
0.0060454
0.0063054
0.0064248
0.0064593
0.0063577
0.00623
0.0062667
0.0063775
0.0064107
0.0063713
0.0063415
0.0063838
0.0065671
0.007079
0.0080814
0.0094323
0.010102
0.0096733
0.0080674
0.0060809
0.0044289
0.0031538
0.0021275
0.00146
0.0012825
0.0016508
0.0022917
0.0028027
0.002953
0.0029091
0.0028104
0.0024473
0.0018731
0.0013795
0.0011092
0.0011182
0.0018719
0.0031908
0.0044628
0.0051939
0.0054597
0.0054568
0.0052123
0.0046197
0.0039799
0.0035565
0.0034766
0.0036723
0.0040537
0.0043952
0.0045651
0.0043914
0.003984
0.0035868
0.0034344
0.0035851
0.0043601
0.0055993
0.0068465
0.0077591
0.0083341
0.0083751
0.007731
0.0063007
0.004201
0.0019152
0.0002299
-0.00081074
-0.0014484
-0.0015162
-0.0010274
-0.00048481
-3.6988e-05
0.00054155
0.0011676
0.0017505
0.0024837
0.0032162
0.0035805
0.0035497
0.0031954
0.0023354
0.0011059
-0.00025338
-0.0019261
-0.0039145
-0.0057094
-0.0072711
-0.0088619
-0.010347
-0.011555
-0.012329
-0.012338
-0.011494
-0.010571
-0.010144
-0.010366
-0.010779
-0.010974
-0.010882
-0.010708
-0.010578
-0.010492
-0.010394
-0.010196
-0.010316
-0.011355
-0.012994
-0.014729
-0.016282
-0.017379
-0.017658
-0.017098
-0.01597
-0.014099
-0.0115
-0.0085497
-0.0066737
-0.0062513
-0.006502
-0.0065658
-0.0061808
-0.0056606
-0.0052753
-0.0050757
-0.0051108
-0.0055053
-0.0061028
-0.0067673
-0.007573
-0.0082553
-0.0083871
-0.0083885
-0.0086357
-0.0087109
-0.008305
-0.0074776
-0.0062576
-0.0047919
-0.0035429
-0.0027969
-0.0026574
-0.0032851
-0.004525
-0.0060361
-0.0075631
-0.0089832
-0.010033
-0.010615
-0.010824
-0.010614
-0.0097024
-0.0083948
-0.0070683
-0.005754
-0.0042171
-0.0022652
-0.00028532
0.001354
0.0023471
0.0026853
0.0024157
0.0016594
0.00061434
-0.00054671
-0.0017235
-0.0028122
-0.0034278
-0.0034488
-0.0031093
-0.0026351
-0.0020059
-0.001442
-0.0012843
-0.0019009
-0.002919
-0.0038272
-0.0043636
-0.0045712
-0.0045041
-0.0042924
-0.0039992
-0.0033882
-0.0024396
-0.0015401
-0.0011434
-0.0015617
-0.0026659
-0.0041074
-0.0056163
-0.0072676
-0.0090147
-0.0096173
-0.0089288
-0.0075487
-0.0063693
-0.0058036
-0.0059029
-0.0065301
-0.0075781
-0.0087647
-0.0098133
-0.010328
-0.010449
-0.010507
-0.010545
-0.010456
-0.010388
-0.010343
-0.010106
-0.010257
-0.011407
-0.013303
-0.01524
-0.016748
-0.017084
-0.016019
-0.015137
-0.015055
-0.014947
-0.013977
-0.012124
-0.0099532
-0.0079769
-0.006407
-0.0053971
-0.0049752
-0.0047803
-0.0045035
-0.0039655
-0.0035003
-0.0034758
-0.0040969
-0.0051728
-0.0062309
-0.0066516
-0.0062843
-0.0059312
-0.0060608
-0.0065527
-0.0069975
-0.007158
-0.0068728
-0.0064014
-0.0061518
-0.0063742
-0.0069798
-0.0073401
-0.0071501
-0.0063777
-0.0056995
-0.0056667
-0.0062179
-0.0070463
-0.0079894
-0.0089966
-0.010013
-0.010713
-0.011146
-0.011602
-0.011849
-0.011481
-0.010326
-0.0088
-0.0073563
-0.0061147
-0.004983
-0.0039503
-0.0030898
-0.0024987
-0.0024816
-0.0030893
-0.0031648
-0.0023888
-0.0018205
-0.0018187
-0.0019467
-0.0020959
-0.0023653
-0.0026901
-0.003024
-0.0033766
-0.0036503
-0.0037296
-0.0035047
-0.0029692
-0.0021729
-0.0010841
-0.00012247
-0.00039511
-0.0016555
-0.0029153
-0.0031997
-0.0026459
-0.0021487
-0.0022246
-0.0027244
-0.0032528
-0.0036361
-0.0038685
-0.003966
-0.0039197
-0.0037352
-0.0034769
-0.0031961
-0.0030556
-0.0031463
-0.0032498
-0.0031514
-0.0027075
-0.0018854
-0.00073692
0.00057837
0.0019019
0.0031555
0.004201
0.00486
0.0047375
0.0042744
0.0044103
0.0048553
0.0048389
0.0042558
0.0037111
0.0039439
0.0050956
0.0067783
0.0080539
0.008738
0.009205
0.0097188
0.010282
0.011055
0.01186
0.012195
0.011892
0.011154
0.01036
0.0097491
0.0093279
0.0085165
0.0069332
0.0049843
0.0031525
0.0015945
0.00071169
0.00043753
8.0737e-06
-0.00074682
-0.0014341
-0.0020723
-0.0027478
-0.0031963
-0.0033995
-0.0035004
-0.0034401
-0.0033412
-0.0037248
-0.004694
-0.0061205
-0.0077755
-0.009309
-0.010157
-0.010337
-0.010145
-0.0093353
-0.0077529
-0.0062677
-0.0053685
-0.0048071
-0.004474
-0.0045537
-0.0051231
-0.006034
-0.0071123
-0.0079423
-0.0083572
-0.0082529
-0.0076002
-0.006359
-0.0048823
-0.0034819
-0.0022875
-0.0013996
-0.00098778
-0.00095759
-0.0010434
-0.00090199
-0.00049669
2.0237e-05
0.00025651
0.00021857
0.001243
0.0033688
0.0054785
0.0064142
0.005949
0.0047996
0.0039089
0.003745
0.0044994
0.006216
0.0085112
0.010809
0.012764
0.014129
0.01471
0.014226
0.012968
0.011182
0.0094382
0.0081706
0.0073811
0.0069979
0.0071695
0.0078848
0.008806
0.0090844
0.0082503
0.0062957
0.0042633
0.0027367
0.001371
9.7271e-05
-0.00064746
-0.00098259
-0.0010888
-0.00068831
0.00010443
0.00095119
0.0017618
0.0023674
0.0021919
0.0015234
0.00092307
0.00016139
-0.00075412
-0.00090337
-0.00015707
0.00093618
0.0019293
0.0026043
0.0025649
0.0020893
0.0016349
0.001105
0.00040237
-9.0175e-05
-6.3351e-06
0.00070134
0.0019131
0.0032404
0.0042971
0.0051338
0.0059327
0.0064634
0.0065254
0.0061917
0.0056498
0.0050209
0.0045437
0.0042186
0.0037584
0.0028562
0.0014491
-0.00030343
-0.0020978
-0.003681
-0.0046791
-0.005001
-0.0042463
-0.0028326
-0.0015737
-0.00081112
-0.00047287
-0.00076163
-0.0016436
-0.0029055
-0.0041443
-0.0050786
-0.0055187
-0.0055907
-0.0053946
-0.0051137
-0.0048989
-0.0048607
-0.0048896
-0.0048411
-0.0046649
-0.0046419
-0.005373
-0.0065393
-0.0074049
-0.007221
-0.0061104
-0.0048416
-0.0041209
-0.0042694
-0.0053944
-0.0073514
-0.0099409
-0.012784
-0.015553
-0.01775
-0.019178
-0.01984
-0.019691
-0.018611
-0.016956
-0.015334
-0.014113
-0.013181
-0.012395
-0.01192
-0.011466
-0.010271
-0.008829
-0.0080213
-0.0080763
-0.008608
-0.009153
-0.0095345
-0.0098495
-0.010327
-0.011009
-0.011745
-0.01216
-0.012072
-0.011779
-0.011696
-0.012121
-0.012794
-0.013328
-0.013466
-0.01326
-0.012696
-0.012193
-0.012083
-0.01197
-0.011447
-0.010329
-0.0089959
-0.0078869
-0.0072882
-0.0069199
-0.0063226
-0.0052859
-0.0038937
-0.0023319
-0.0006498
0.0012075
0.0032003
0.0051773
0.0064185
0.0067047
0.0061232
0.0049997
0.0035695
0.002177
0.0012237
0.0012532
0.0020993
0.0034195
0.0043588
0.0044154
0.0035134
0.0021009
0.00042383
-0.0011727
-0.0023537
-0.0027295
-0.0024734
-0.0019601
-0.0013599
-0.00072931
-0.0003205
-0.00021208
-0.0002912
-0.00036124
-0.00042065
-0.00064009
-0.0010902
-0.0017382
-0.0027566
-0.004219
-0.0059805
-0.0077224
-0.0092801
-0.010748
-0.012182
-0.013443
-0.013584
-0.011992
-0.0096016
-0.0077283
-0.0069268
-0.0066141
-0.0062664
-0.0058826
-0.0054987
-0.004871
-0.0039764
-0.0030003
-0.0022527
-0.0018552
-0.0019419
-0.0023675
-0.0028322
-0.0027494
-0.0020414
-0.00078034
0.00078487
0.002456
0.0041124
0.0060423
0.0089023
0.011532
0.012642
0.012781
0.01293
0.013426
0.013847
0.013677
0.012788
0.011432
0.0098723
0.0082012
0.0065092
0.0055294
0.0053559
0.0055425
0.0057899
0.0061937
0.0068933
0.0078331
0.0089268
0.0098373
0.010364
0.010881
0.011574
0.012227
0.012807
0.013342
0.013178
0.012285
0.011065
0.0098355
0.008723
0.0081987
0.0082221
0.0084231
0.0086825
0.0089632
0.0087221
0.0079652
0.0071331
0.0064616
0.0058679
0.0052351
0.0047231
0.0046686
0.0053658
0.0065199
0.0073291
0.0075638
0.0074218
0.0071586
0.0069205
0.0068374
0.0068212
0.006766
0.0069214
0.0073084
0.0074786
0.0074139
0.0074114
0.0074689
0.007467
0.0074444
0.0075327
0.0077987
0.0082666
0.0088699
0.0094487
0.0098323
0.0099798
0.0099961
0.0099589
0.0098533
0.0092814
0.0080251
0.0067795
0.0062002
0.0065813
0.0072204
0.0074323
0.0072739
0.0072742
0.0079315
0.0091173
0.01042
0.011391
0.012119
0.012961
0.013761
0.014183
0.014206
0.013967
0.013525
0.013058
0.012683
0.012168
0.01146
0.010902
0.01089
0.011538
0.01279
0.014119
0.014836
0.01504
0.015157
0.015154
0.014788
0.013963
0.012849
0.011704
0.011031
0.010966
0.011358
0.011889
0.012434
0.012858
0.012994
0.012681
0.01181
0.010424
0.0092794
0.008834
0.0090834
0.0099522
0.011217
0.012511
0.013642
0.014578
0.015127
0.015079
0.014462
0.013379
0.011856
0.010543
0.0097777
0.0094292
0.0093992
0.0098273
0.010505
0.011197
0.011978
0.012694
0.012987
0.012975
0.012933
0.012861
0.01262
0.012091
0.011103
0.0097798
0.0085602
0.0074495
0.0062134
0.0054256
0.0055079
0.0062788
0.0070791
0.0075224
0.0076192
0.0075438
0.0073878
0.0072081
0.0070249
0.0068163
0.0065239
0.0060609
0.0055832
0.0052701
0.0050934
0.0049763
0.0049782
0.0050114
0.0048861
0.0042671
0.0032063
0.0018787
0.0011444
0.0016218
0.0029486
0.0041678
0.0045031
0.0043588
0.00438
0.0044694
0.0044697
0.0045744
0.0047348
0.0048299
0.0052429
0.0059247
0.0063245
0.0058773
0.0044167
0.0019941
-0.0012049
-0.0051319
-0.0093545
-0.013202
-0.015792
-0.016501
-0.015441
-0.013871
-0.012546
-0.01152
-0.01023
-0.0082305
-0.006028
-0.0041
-0.0022109
1.2361e-05
0.0026453
0.0049579
0.0063218
0.0062251
0.0046283
0.001697
-0.0023695
-0.0074076
-0.012834
-0.01714
-0.019408
-0.020082
-0.019905
-0.019258
-0.018106
-0.016349
-0.014108
-0.011294
-0.007408
-0.002511
0.0032014
0.0093063
0.015432
0.019941
0.022156
0.021212
0.017531
0.011888
0.0048973
-0.0023562
-0.0082188
-0.011827
-0.013167
-0.011891
-0.0082897
-0.0023467
0.0042327
0.010028
0.014082
0.016758
0.018193
0.018926
0.019328
0.019629
0.019772
0.019116
0.017121
0.013374
0.0072798
-0.00053705
-0.0081494
-0.01448
-0.019292
-0.021498
-0.020426
-0.015998
-0.0094112
-0.0012328
0.0072204
0.01501
0.020591
0.022565
0.021711
0.018453
0.013636
0.0081973
0.0035489
0.00020124
-0.0019874
-0.0035284
-0.004584
-0.0048408
-0.0044741
-0.0038411
-0.0032746
-0.0027932
-0.0021848
-0.0010332
0.001098
0.0041464
0.0077125
0.011779
0.015637
0.018215
0.01932
0.019051
0.016918
0.013386
0.0094197
0.0058963
0.0028136
-0.0003613
-0.0031003
-0.0044728
-0.0037989
-0.0018805
0.00038702
0.0025803
0.0047055
0.0068353
0.0089171
0.010779
0.012237
0.01308
0.013303
0.012935
0.011794
0.0099563
0.0074596
0.0045137
0.0015892
-0.00058666
-0.0019321
-0.002678
-0.0024481
-0.001421
-0.00017168
0.001132
0.0026844
0.0044884
0.0064259
0.0084927
0.010492
0.012207
0.013445
0.014057
0.013796
0.012642
0.01073
0.0079501
0.0045181
0.0012866
-0.00095121
-0.0022361
-0.0024576
-0.0015076
0.00069599
0.0033865
0.0058143
0.0072244
0.0076117
0.0072922
0.0067579
0.0061558
0.0056074
0.0053793
0.0057297
0.0060616
0.0058652
0.0048363
0.0032702
0.0015835
2.0892e-05
-0.0013319
-0.0022786
-0.0025713
-0.0021014
-0.00068906
0.0014638
0.0036311
0.0049718
0.0048685
0.0034431
0.0010587
-0.0022133
-0.0048312
-0.0054396
-0.0043314
-0.0028531
-0.0017585
-0.0012464
-0.0013562
-0.0024274
-0.0043787
-0.0069073
-0.0095467
-0.011848
-0.013267
-0.013791
-0.013421
-0.012193
-0.010368
-0.0083962
-0.0067757
-0.0058353
-0.0053236
-0.0050322
-0.0051893
-0.0055845
-0.0058581
-0.0064117
-0.0075927
-0.0092202
-0.010478
-0.010851
-0.010403
-0.0095033
-0.0085144
-0.0073126
-0.0056667
-0.0037974
-0.002053
-0.00070239
1.8598e-05
-0.00021598
-0.0012285
-0.0025834
-0.0039286
-0.004922
-0.0054335
-0.0056905
-0.0059036
-0.0059854
-0.0059359
-0.0058752
-0.0059184
-0.0060283
-0.0060906
-0.0057616
-0.0047599
-0.0028781
-0.00067747
0.0011049
0.0025244
0.0038667
0.0047133
0.0049113
0.0045023
0.0035802
0.0022128
0.00050749
-0.0012845
-0.0028733
-0.0037848
-0.0038474
-0.0031436
-0.002024
-0.0006636
0.00037103
0.00087606
0.0010502
0.001163
0.0012899
0.0013526
0.0012267
0.00077816
3.2135e-05
-0.00098916
-0.0021807
-0.0033811
-0.0043817
-0.0049969
-0.0051196
-0.0045101
-0.0033998
-0.0021033
-0.00068798
0.00087699
0.0022802
0.0033993
0.0044517
0.00517
0.0051699
0.0043979
0.0031231
0.0017882
0.0013854
0.0023589
0.0034752
0.0037795
0.00312
0.001847
0.00031368
-0.00082449
-0.0015524
-0.0022861
-0.0030611
-0.0036187
-0.0038168
-0.0036274
-0.0030221
-0.0023584
-0.002028
-0.0027148
-0.0042007
-0.0058076
-0.0072009
-0.0084202
-0.0091563
-0.0087768
-0.0068579
-0.0055031
-0.0058354
-0.0066448
-0.0067832
-0.0062546
-0.0056011
-0.0050874
-0.0044544
-0.0035709
-0.0025958
-0.0017979
-0.0012308
-0.00085298
-0.00074717
-0.0010549
-0.0013021
-0.0011749
-0.00080819
-0.00028322
0.00052381
0.0011818
0.0012607
0.00070305
-0.00027741
-0.0015323
-0.0025581
-0.0031347
-0.0032634
-0.0031031
-0.0027535
-0.0023773
-0.0020796
-0.0020258
-0.0024168
-0.0034131
-0.0045494
-0.0053269
-0.0055102
-0.0051326
-0.004097
-0.0025192
-0.00070667
0.00093402
0.0019064
0.0017096
0.0003365
-0.0017569
-0.0040371
-0.0059249
-0.0069848
-0.0072353
-0.0067942
-0.0054932
-0.0040351
-0.0031685
-0.0029033
-0.0029905
-0.0034655
-0.0041638
-0.0048694
-0.0054087
-0.0056949
-0.0056132
-0.0053202
-0.0050265
-0.0048185
-0.0047947
-0.0052559
-0.0061563
-0.0071097
-0.0071263
-0.006293
-0.0053313
-0.0046615
-0.0041875
-0.0035721
-0.002999
-0.0032904
-0.0042853
-0.0053064
-0.0060759
-0.006554
-0.0064141
-0.0057447
-0.0048422
-0.0037131
-0.002448
-0.0015707
-0.0013318
-0.0015713
-0.001922
-0.0020311
-0.0014108
-5.3507e-05
0.0017067
0.0033112
0.0046715
0.00609
0.007319
0.0076485
0.006544
0.0044012
0.0022429
0.00077357
-1.0327e-05
-0.00038045
-0.0004706
-0.00028867
1.717e-05
0.0002219
-0.00010187
-0.00084705
-0.0016555
-0.0021836
-0.0023231
-0.002109
-0.0016753
-0.00097066
-2.441e-05
0.00092967
0.0010778
0.00039096
-0.00074724
-0.0017966
-0.0025186
-0.0030201
-0.0033122
-0.0031969
-0.0026898
-0.0019413
-0.001426
-0.0014501
-0.0020535
-0.0028661
-0.0036403
-0.0042323
-0.0047209
-0.0052136
-0.0055455
-0.0055796
-0.0051529
-0.0046706
-0.0047587
-0.0054757
-0.0063858
-0.0069998
-0.0070821
-0.0065146
-0.0054539
-0.0041168
-0.002609
-0.0013994
-0.001099
-0.0018522
-0.0032429
-0.0047019
-0.0059381
-0.0069084
-0.0074035
-0.0071848
-0.0060063
-0.0043849
-0.00291
-0.001902
-0.0014001
-0.0014965
-0.0017288
-0.0015936
-0.0011462
-0.00064671
-0.00014918
0.00010955
-0.00022339
-0.0010551
-0.0017758
-0.0014858
-0.00044333
0.00064989
0.0011716
0.0011714
0.0011016
0.0010619
0.00078264
0.00037445
0.00013978
0.00031488
0.0009653
0.0019428
0.0024704
0.0022969
0.0018731
0.0014588
0.00094932
0.00028822
-0.000423
-0.00096265
-0.0011304
-0.00083547
9.2242e-05
0.001133
0.0012959
0.00061834
-0.00016558
7.925e-06
0.0010466
0.0022115
0.0030158
0.003516
0.0038569
0.0041937
0.0046069
0.0050724
0.0055179
0.0057672
0.0058663
0.0059893
0.006022
0.0058675
0.0061097
0.0066867
0.0069849
0.0069951
0.0070609
0.0073591
0.0075967
0.0073892
0.0069849
0.0067012
0.0063422
0.0059883
0.0060024
0.0060158
0.0056333
0.0047208
0.0032707
0.0012073
-0.0011324
-0.0033849
-0.0053568
-0.0067749
-0.0073688
-0.0066898
-0.0052184
-0.0037006
-0.0025941
-0.0019222
-0.0015612
-0.0013841
-0.0012255
-0.00095105
-0.00049162
0.00045524
0.0017967
0.002855
0.0031821
0.0028367
0.0019452
0.0004966
-0.001594
-0.0039761
-0.0061164
-0.0070636
-0.0067834
-0.0057999
-0.0047496
-0.0037864
-0.0030228
-0.0024696
-0.002084
-0.0013936
-1.7943e-05
0.0021885
0.0041764
0.0046635
0.0041701
0.0035027
0.0022254
9.8132e-05
-0.0025109
-0.0047858
-0.0063739
-0.0068655
-0.0064186
-0.005415
-0.0043772
-0.0035163
-0.0029274
-0.0024742
-0.0019957
-0.0014774
-0.00095416
-0.00028798
0.00032636
0.00047984
9.0327e-05
-0.00066495
-0.0020425
-0.003823
-0.0054786
-0.0070735
-0.0088279
-0.010607
-0.011619
-0.011325
-0.0097446
-0.0074675
-0.0054669
-0.0039304
-0.0025826
-0.0017345
-0.0016411
-0.0021075
-0.0025866
-0.0027257
-0.0024637
-0.0020374
-0.0018068
-0.001867
-0.002166
-0.0026717
-0.0031838
-0.0032344
-0.0028192
-0.0021832
-0.0011333
0.00036591
0.0018337
0.0031513
0.0045189
0.0055641
0.0060584
0.0061193
0.0058297
0.0051324
0.0046273
0.0046792
0.0050643
0.0053043
0.005152
0.0046638
0.0040493
0.0034975
0.0031223
0.0030059
0.0031875
0.0035527
0.0038608
0.0038957
0.0035258
0.002934
0.0024127
0.0022203
0.0023094
0.0025274
0.0029319
0.0034706
0.0037591
0.0036336
0.0031923
0.0024022
0.0013547
0.00044882
-0.0003303
-0.0011928
-0.0019198
-0.0023818
-0.002621
-0.0028195
-0.0030318
-0.002889
-0.0025128
-0.0025255
-0.0033209
-0.0046533
-0.0051679
-0.0047955
-0.0045163
-0.0046399
-0.0048114
-0.0047995
-0.0046683
-0.0045623
-0.0045758
-0.004676
-0.0047698
-0.0050244
-0.0056886
-0.0062539
-0.0063384
-0.0059787
-0.0055043
-0.0051624
-0.0050632
-0.0051513
-0.0053316
-0.0055646
-0.0058388
-0.0056602
-0.0051348
-0.0053007
-0.0063078
-0.0076353
-0.008545
-0.0090154
-0.0096586
-0.01051
-0.011166
-0.011363
-0.011205
-0.010741
-0.010032
-0.0092054
-0.0086753
-0.0085909
-0.0090003
-0.0094732
-0.0096477
-0.0097223
-0.0098467
-0.009806
-0.0097858
-0.010106
-0.010726
-0.011398
-0.011976
-0.012314
-0.012362
-0.012303
-0.012225
-0.012034
-0.011668
-0.011141
-0.010285
-0.009232
-0.008282
-0.0073221
-0.0062059
-0.0054995
-0.0053581
-0.0055142
-0.0062059
-0.0074677
-0.0086671
-0.0095017
-0.010073
-0.010097
-0.0094794
-0.0085696
-0.0076423
-0.0066538
-0.005639
-0.004673
-0.0038308
-0.003206
-0.0029259
-0.0030936
-0.0035336
-0.0037013
-0.003454
-0.0030012
-0.0025971
-0.0022839
-0.0019698
-0.0016016
-0.0012132
-0.00089727
-0.00079029
-0.001101
-0.0016168
-0.0020076
-0.0020524
-0.0018582
-0.0017172
-0.0014544
-0.00061491
0.00070514
0.0019178
0.0022919
0.0020301
0.0016337
0.0014159
0.0015064
0.0021622
0.0031249
0.0040382
0.0048197
0.0055282
0.0061096
0.0065181
0.0066817
0.0064708
0.0060279
0.0058008
0.0057923
0.0057144
0.0054287
0.0051887
0.005509
0.0061852
0.0066351
0.0059243
0.0040431
0.0019063
0.00041002
-0.00036841
-0.0012672
-0.0023113
-0.0027566
-0.0026558
-0.0024197
-0.0020796
-0.0017284
-0.0015934
-0.0014003
-0.00087137
-0.00030104
0.00020355
0.0008875
0.0018841
0.0031478
0.0045013
0.0057111
0.0065078
0.0070706
0.0076242
0.0078132
0.0076088
0.007328
0.0069849
0.0064432
0.0059455
0.0056193
0.0053702
0.0053266
0.0055912
0.0056116
0.0052636
0.0049097
0.0047158
0.0046067
0.0046222
0.0048326
0.0052855
0.0059375
0.0066386
0.0070192
0.0069083
0.0063068
0.0053652
0.0043444
0.0035916
0.0029982
0.0023194
0.0018704
0.0020272
0.0029309
0.0043411
0.0060836
0.0075348
0.0084263
0.0090326
0.0095735
0.0098831
0.0095997
0.0086803
0.0073714
0.0061592
0.0053825
0.0050642
0.0051449
0.0057538
0.0065749
0.0071749
0.0070842
0.006657
0.0070876
0.0084576
0.0099803
0.010519
0.0099617
0.0090257
0.0083335
0.0081197
0.0082389
0.0083915
0.008523
0.008648
0.0087404
0.0087176
0.0082379
0.0071067
0.0057988
0.0045139
0.0030494
0.0019025
0.0013892
0.0014046
0.0018871
0.0029409
0.0038015
0.0039802
0.0034566
0.0025243
0.0013836
0.00039572
-0.00037419
-0.0012176
-0.0021505
-0.0028977
-0.0031901
-0.0030776
-0.0016445
-0.0014526
-0.0013869
-0.0012408
-0.0010185
-0.0010812
-0.001407
-0.0017419
-0.0020328
-0.0023796
-0.0028345
-0.0030191
-0.0026968
-0.0026356
-0.0031378
-0.0035264
-0.0033476
-0.0027922
-0.0025834
-0.002979
-0.003712
-0.004638
-0.0057639
-0.0065599
-0.0067709
-0.0066144
-0.0060815
-0.0050377
-0.0038017
-0.0026698
-0.0017353
-0.0010445
-0.00074818
-0.00085005
-0.0012787
-0.0020285
-0.0025296
-0.0023067
-0.0015504
-0.00066515
7.1305e-05
0.0004658
0.00035063
1.3059e-05
-0.00029882
-0.00063194
-0.00064593
2.3725e-05
0.0014277
0.0033871
0.0056887
0.0078555
0.0094768
0.010495
0.010913
0.010474
0.009432
0.0082944
0.0074616
0.0069478
0.0068429
0.0069686
0.0071268
0.0079519
0.0096283
0.011372
0.012365
0.012268
0.011545
0.010764
0.010192
0.0097831
0.0094867
0.0093102
0.0091201
0.0085529
0.0075999
0.0063975
0.0050107
0.0037599
0.0034166
0.0039463
0.0048406
0.0059117
0.0071174
0.0081211
0.0088336
0.0093172
0.0089978
0.0079318
0.007264
0.0075792
0.0085986
0.009921
0.01123
0.012028
0.01233
0.012427
0.01232
0.011969
0.011602
0.011389
0.011335
0.011434
0.011552
0.01148
0.011122
0.010505
0.0096814
0.0089237
0.0085317
0.0084694
0.0085911
0.0087674
0.0089467
0.0091259
0.0091986
0.0090264
0.0084114
0.0074737
0.006491
0.0058474
0.0055895
0.0056193
0.0059582
0.0067719
0.007983
0.0093005
0.010217
0.010607
0.010588
0.010235
0.0096367
0.0089067
0.0082554
0.0079333
0.0081579
0.0088949
0.0099697
0.011076
0.012009
0.012514
0.012419
0.011545
0.010284
0.0090782
0.0083921
0.008285
0.0085382
0.0088788
0.009212
0.0095376
0.0096515
0.0089998
0.0077601
0.0064158
0.0050408
0.0036911
0.0026845
0.0021223
0.0018469
0.0014991
0.0011212
0.001043
0.0015482
0.0025905
0.0033754
0.0036691
0.0038542
0.0042005
0.0046501
0.0050964
0.0054671
0.0055299
0.0052858
0.0050143
0.0045508
0.0036259
0.0025353
0.001569
0.00076908
0.00030977
0.00014897
8.8872e-05
-0.00018458
-0.00067114
-0.00095233
-0.00083729
-0.00053132
-0.0010848
-0.0025687
-0.0037003
-0.0038518
-0.0032448
-0.0026154
-0.0023135
-0.0022258
-0.0021498
-0.0020946
-0.0021828
-0.0023737
-0.0024205
-0.002505
-0.0030366
-0.004014
-0.0050462
-0.0056343
-0.0055408
-0.0048844
-0.0041704
-0.003759
-0.0038286
-0.0043353
-0.0050526
-0.0051735
-0.004256
-0.0018948
0.00036862
0.00096048
-0.00055969
-0.0033746
-0.0061856
-0.0078637
-0.0082046
-0.0079656
-0.0078396
-0.0078721
-0.0075624
-0.0066765
-0.0051516
-0.0034437
-0.0020968
-0.0013855
-0.001364
-0.0022226
-0.0034888
-0.0044541
-0.0049104
-0.0051228
-0.0052544
-0.0051701
-0.0046257
-0.0036489
-0.0025394
-0.0018483
-0.0015244
-0.0011542
-0.00058087
8.764e-05
0.00084163
0.0014055
0.0013886
0.00097769
0.0005734
0.00047758
0.00075688
0.0013647
0.0017452
0.0016145
0.00093756
9.9988e-05
-0.00051782
-0.0010562
-0.0015704
-0.0016259
-0.0013969
-0.0013898
-0.0018356
-0.0024001
-0.0024396
-0.0020386
-0.0016469
-0.001603
-0.0018732
-0.0022743
-0.0025509
-0.0025764
-0.0026155
-0.0028526
-0.0031853
-0.0034924
-0.0037587
-0.0038307
-0.0037606
-0.0039086
-0.004212
-0.0042924
-0.0036513
-0.0025458
-0.0019701
-0.0021507
-0.0027386
-0.0032574
-0.0036491
-0.0041966
-0.0048936
-0.0054682
-0.0055414
-0.0050819
-0.0043358
-0.0035887
-0.0029205
-0.0023363
-0.0018068
-0.001336
-0.00099957
-0.0008914
-0.00096169
-0.0011238
-0.0014811
-0.0020518
-0.0027413
-0.0033802
-0.003908
-0.0043149
-0.0046767
-0.0050691
-0.0054661
-0.0057888
-0.0058375
-0.0056198
-0.0052834
-0.0050344
-0.0049689
-0.0053332
-0.0060291
-0.0067583
-0.0072432
-0.0073949
-0.0071654
-0.0068167
-0.0066203
-0.0067552
-0.0071695
-0.0077039
-0.0081161
-0.0082429
-0.0081511
-0.0080001
-0.0079018
-0.0079821
-0.0083489
-0.008706
-0.0088301
-0.0087864
-0.0086531
-0.0083847
-0.0081855
-0.0081664
-0.0081902
-0.0081444
-0.0080421
-0.0079019
-0.0077511
-0.0076879
-0.0075975
-0.007241
-0.0065502
-0.0056814
-0.0048297
-0.0043908
-0.0047496
-0.0053598
-0.005614
-0.0050802
-0.0041466
-0.0034279
-0.0031483
-0.0031176
-0.0028391
-0.0023056
-0.0019234
-0.0018951
-0.0021546
-0.0027244
-0.0033216
-0.0035622
-0.0035254
-0.0034045
-0.0030963
-0.0026418
-0.0022666
-0.0021001
-0.0020782
-0.0019039
-0.00143
-0.00060029
3.0569e-05
-4.432e-05
-0.0010203
-0.002483
-0.0035643
-0.0037707
-0.0032322
-0.0024933
-0.0019902
-0.00192
-0.0021372
-0.0024334
-0.0025945
-0.00263
-0.0026425
-0.0026088
-0.0024349
-0.0020534
-0.0016073
-0.0013295
-0.0012727
-0.0013597
-0.0015852
-0.0019102
-0.0021595
-0.0022196
-0.0021001
-0.0017903
-0.0013163
-0.00078759
-0.00032771
2.457e-05
0.00029191
0.00046832
0.00048744
0.00046371
0.00056715
0.00085295
0.0012566
0.0017994
0.0023593
0.002742
0.002911
0.0029172
0.002803
0.0026829
0.0026804
0.0028131
0.0030088
0.003217
0.003395
0.0035075
0.0034791
0.0032553
0.0027947
0.0021903
0.0015819
0.0011904
0.00096744
0.00073146
0.00054967
0.00054235
0.00050309
0.00034728
0.00020335
6.8845e-05
-8.889e-05
-0.00010857
-2.2599e-05
1.708e-05
-1.4933e-05
-8.9822e-05
-0.00024914
-0.00046512
-0.00070491
-0.0011087
-0.0016096
-0.0018234
-0.0018723
-0.0020863
-0.002456
-0.0027897
-0.0029326
-0.0027453
-0.0023264
-0.0019506
-0.0016832
-0.0014264
-0.0012465
-0.0012087
-0.0013233
-0.0016095
-0.002114
-0.0027022
-0.0032235
-0.0036392
-0.0038942
-0.0039023
-0.0037279
-0.0035167
-0.0032717
-0.0029067
-0.0026373
-0.0025435
-0.0023822
-0.0021274
-0.0019509
-0.0018788
-0.0018463
-0.0018272
-0.0018203
-0.0018319
-0.0018506
-0.0018596
-0.0018507
-0.0018366
-0.0018272
-0.0018154
-0.0018133
-0.0018461
-0.0019217
-0.0020189
-0.0020317
-0.0019602
-0.0018818
-0.0017945
-0.0016571
-0.0015042
-0.0013932
-0.001374
-0.0014645
-0.0016603
-0.0019775
-0.0023743
-0.0027917
-0.0031779
-0.003485
-0.0036374
-0.0036421
-0.0035126
-0.0032815
-0.0029967
-0.0027169
-0.0024807
-0.0024227
-0.0025752
-0.0028086
-0.0030403
-0.0031713
-0.0031688
-0.0030497
-0.0028703
-0.0026735
-0.0025462
-0.002519
-0.0025286
-0.0025485
-0.0025877
-0.0026608
-0.0027524
-0.0028424
-0.0029203
-0.0029413
-0.0028878
-0.0027789
-0.0026479
-0.0025046
-0.0023841
-0.0022943
-0.0021973
-0.0020847
-0.0019806
-0.001899
-0.0018373
-0.0018131
-0.0018217
-0.0018373
-0.0017947
-0.001686
-0.001555
-0.0014562
-0.0014184
-0.0014168
-0.0014148
-0.0013879
-0.001332
-0.0012496
-0.0011636
-0.0010859
-0.0010098
-0.00094222
-0.00090022
-0.00086605
-0.00082379
-0.00079735
-0.00079246
-0.00079284
-0.00079921
-0.0008196
-0.00084183
-0.00084974
-0.00083792
-0.00082534
-0.00082517
-0.00082947
-0.00081629
-0.00077068
-0.00070985
-0.00065209
-0.0006067
-0.00058015
-0.00057856
-0.00059072
-0.00060759
-0.00062794
-0.00064195
-0.00063647
-0.00061882
-0.00060096
-0.00058463
-0.00056905
-0.00055611
-0.00054584
-0.00053555
-0.00051929
-0.00049188
-0.00045068
-0.00040318
-0.00035603
-0.00030526
-0.00025617
-0.00022015
-0.00019673
-0.00018136
-0.00017567
-0.00017156
-0.00015723
-0.00013206
-0.00010137
-7.2068e-05
-4.9508e-05
-3.5785e-05
-2.412e-05
-9.5035e-06
7.9347e-06
2.6701e-05
4.6673e-05
6.5118e-05
8.0732e-05
9.721e-05
0.00011545
0.00013314
0.00014978
0.0001659
0.00017956
0.0001912
0.00020289
0.00021629
0.00023135
0.00024625
0.00025973
0.00027119
0.00028258
0.00029603
0.00031344
0.00033385
0.00035542
0.00037555
0.00039324
0.00040794
0.00042001
0.00043158
0.00044445
0.00045742
0.00046906
0.00047934
0.00049193
0.00051048
0.00053315
0.00055616
0.00057818
0.00059814
0.00061472
0.00062843
0.00064002
0.00064902
0.00065436
0.00065453
0.00065024
0.00064433
0.00063968
0.00063893
0.00064521
0.00065892
0.0006784
0.00070248
0.00073122
0.00076293
0.00079644
0.00082818
0.00085584
0.0008781
0.0008919
0.00089676
0.00089887
0.0009029
0.00090973
0.00091958
0.00093295
0.00094811
0.00096385
0.00097888
0.00099288
0.0010058
0.0010177
0.0010301
0.0010436
0.0010583
0.0010736
0.0010889
0.0011036
0.0011175
0.00113
0.0011411
0.0011515
0.0011613
0.0011713
0.0011819
0.0011929
0.0012048
0.0012174
0.0012303
0.0012431
0.0012558
0.0012681
0.0012801
0.0012917
0.0013033
0.0013147
0.0013263
0.0013379
0.0013495
0.0013612
0.0013727
0.001384
0.001395
0.0014059
0.0014166
0.0014273
0.001438
0.0014486
0.0014593
0.00147
0.0014806
0.0014912
0.0015017
0.0015121
0.0015224
0.0015327
0.0015428
0.0015529
0.001563
0.0015729
0.0015828
0.0015926
0.0016023
0.001612
0.0016216
0.0016311
0.0016405
0.0016499
0.0016592
0.0016684
0.0016775
0.0016866
0.0016956
0.0017045
0.0017133
0.001722
0.0017307
0.0017393
0.0017478
0.0017562
0.0017646
0.0017728
0.001781
0.0017891
0.0017971
0.0018051
0.0018129
0.0018207
0.0018283
0.0018359
0.0018434
0.0018509
0.0018582
0.0018655
0.0018726
0.0018797
0.0018867
