0.00036541
0.00036476
0.00036408
0.00036337
0.00036262
0.00036183
0.00036099
0.00036013
0.00035924
0.00035833
0.00035743
0.00035657
0.00035572
0.00035476
0.00035361
0.00035224
0.00035062
0.00034883
0.00034717
0.0003458
0.00034474
0.00034395
0.00034328
0.00034237
0.00034099
0.00033898
0.00033699
0.00033587
0.00033654
0.00033911
0.00034371
0.00035218
0.00036137
0.00036128
0.0003531
0.00034365
0.00033289
0.00031858
0.00030094
0.00028179
0.00026548
0.00026976
0.00029324
0.00032072
0.00034044
0.00035526
0.00037238
0.00039106
0.00040181
0.00038447
0.00033845
0.00028544
0.00024786
0.00023571
0.00023266
0.0002273
0.0002292
0.00026249
0.00033527
0.00041537
0.00048488
0.00054806
0.00056311
0.00049318
0.00037146
0.000245
0.00012826
6.7129e-05
9.4198e-05
0.00017315
0.00025985
0.00034751
0.00041585
0.00043619
0.00035288
0.00020656
7.847e-05
2.7558e-05
6.4971e-05
0.00020642
0.00038515
0.00054075
0.00065344
0.00070932
0.00065048
0.00049714
0.00030613
0.00013433
5.6472e-06
-4.5048e-05
1.0996e-05
0.00016503
0.0003239
0.0004215
0.00042043
0.00034708
0.0002411
0.00014458
8.7229e-05
8.5651e-05
0.00011126
0.00012299
5.1869e-05
-8.1006e-05
-0.00021176
-0.00028681
-0.00029235
-0.00011556
0.00023524
0.00067041
0.00096396
0.00099092
0.00071416
0.00028649
-0.00013431
-0.00036503
-0.00041661
-0.00034743
-0.00017806
0.00011629
0.00040904
0.0006145
0.00068458
0.00064828
0.00054092
0.00044985
0.00039773
0.00033242
0.00018857
-4.579e-05
-0.00019024
-0.00015235
0.00011183
0.00038471
0.00040182
0.00012756
-0.00025415
-0.00053562
-0.00065908
-0.00063504
-0.00044604
-0.00010306
0.0003504
0.00081991
0.0012222
0.0013505
0.0011605
0.00052584
-0.00026054
-0.00076779
-0.0008405
-0.00063707
-0.00032557
-4.0964e-05
0.00018865
0.00035287
0.00040868
0.00025462
9.5731e-06
-0.00016743
-0.00017317
4.1082e-05
0.0005783
0.0012288
0.0017402
0.0018832
0.0016883
0.0013142
0.0010432
0.0010154
0.00097699
0.00067452
2.556e-05
-0.00073507
-0.001382
-0.0017301
-0.0017262
-0.0013024
-0.00060658
0.00016607
0.00071479
0.00082842
0.000253
-0.00084701
-0.002134
-0.003116
-0.0036038
-0.0033342
-0.0021827
-0.00031154
0.0015542
0.002847
0.0030803
0.0023863
0.0011868
0.00011987
-0.00057191
-0.00077202
-0.00062745
-0.00027098
0.00046955
0.0015131
0.0022978
0.0025182
0.0020882
0.0010206
-0.00050292
-0.0021848
-0.0031173
-0.0028872
-0.0023406
-0.0020258
-0.00153
-0.00071477
8.2468e-05
0.00072911
0.0012349
0.0011633
0.00049796
-0.00046833
-0.0014229
-0.0022824
-0.0027793
-0.0029104
-0.0026354
-0.0017678
-0.00027024
0.0014223
0.0028961
0.0039276
0.00454
0.0045909
0.0036578
0.0016799
-0.0010665
-0.0033143
-0.0043066
-0.0043332
-0.0037682
-0.0024809
-0.00099369
9.8393e-05
0.00083358
0.001514
0.002038
0.0023056
0.0022441
0.0017968
0.0010651
0.00061778
0.00051189
0.00042798
0.00019868
-0.00010331
-0.00040069
-0.00060896
-0.00059519
-0.00063992
-0.0010087
-0.0015853
-0.0020681
-0.0021638
-0.0017795
-0.00084661
0.00037681
0.0016623
0.0030958
0.0040811
0.0037566
0.00215
-0.00034586
-0.0029424
-0.0047439
-0.0051693
-0.0045358
-0.0034365
-0.0015674
0.001087
0.0042994
0.0065142
0.0066095
0.0040701
-0.00011581
-0.0038882
-0.0058934
-0.0062205
-0.0054135
-0.0039598
-0.0013196
0.0019036
0.0046795
0.0059906
0.005864
0.003668
-3.5628e-05
-0.0040652
-0.0065194
-0.0071008
-0.0067517
-0.0060212
-0.0044485
-0.0027844
-0.001685
-0.0013898
-0.0018168
-0.0029445
-0.0040885
-0.0046826
-0.0038758
-0.0023765
-0.0013882
-0.0011122
-0.00099056
-0.0002023
0.0012025
0.002799
0.0042912
0.0056585
0.0067495
0.0068906
0.0047293
0.00031873
-0.0050252
-0.0082278
-0.0087269
-0.0054069
0.0007016
0.0067434
0.01088
0.011539
0.0098207
0.0066123
0.0024499
-0.002057
-0.005699
-0.0069484
-0.0055004
-0.0027028
-8.856e-05
0.00082706
0.00029121
-0.0010598
-0.002014
-0.0021698
-0.0013227
7.3453e-05
0.0015675
0.0030099
0.0045037
0.0058238
0.0067966
0.0074021
0.0078343
0.0080029
0.0069611
0.0045092
0.0010711
-0.0022704
-0.0047649
-0.0047939
-0.0027159
0.00018264
0.0026236
0.0043081
0.0044475
0.0035736
0.0023554
0.00032762
-0.0029
-0.0059398
-0.0078103
-0.0085385
-0.0080354
-0.006112
-0.0036569
-0.0013805
0.00072046
0.002122
0.0024263
0.0023004
0.0021099
0.0015198
0.00051161
-0.00060944
-0.001075
-0.00053823
0.00096193
0.0024538
0.0031767
0.0032499
0.0032207
0.0034431
0.0034958
0.0027871
0.0016673
0.00073646
0.00051021
0.00063868
0.00051974
-0.0001048
-0.0011294
-0.0025304
-0.0044566
-0.0069463
-0.0095852
-0.011436
-0.011741
-0.010634
-0.0083797
-0.0052619
-0.0022981
-0.00042668
0.00069634
0.0015297
0.00176
0.0013828
0.00080203
0.00092683
0.0020959
0.0041546
0.0061444
0.0073349
0.0073663
0.0067074
0.0061884
0.0058209
0.0050875
0.0034262
0.001363
-0.00015482
-0.001164
-0.0020519
-0.002281
-0.0012057
0.0014259
0.0045091
0.0070141
0.007795
0.0069589
0.005026
0.0026517
0.00031074
-0.00152
-0.0029474
-0.0041074
-0.0042194
-0.0032016
-0.0015317
0.00036168
0.0024076
0.004092
0.0056369
0.007527
0.0086879
0.0085692
0.0074175
0.0060274
0.0049204
0.0042206
0.0036703
0.0029489
0.0018466
0.00034365
-0.0016423
-0.0035938
-0.0048417
-0.0051705
-0.0048549
-0.004146
-0.0034616
-0.0030174
-0.0026028
-0.0021724
-0.0020881
-0.0022451
-0.0023655
-0.0025501
-0.0029809
-0.0038541
-0.0055684
-0.0083069
-0.011897
-0.014973
-0.016063
-0.014781
-0.011371
-0.0054941
0.00069874
0.0051906
0.0070895
0.0069037
0.0052499
0.0029631
0.00052363
-0.0014699
-0.0027974
-0.0029982
-0.0026716
-0.0025849
-0.0030454
-0.0033978
-0.0028558
-0.0011101
0.0011525
0.0027813
0.0035289
0.0036641
0.003538
0.0032462
0.0026845
0.0018267
0.00086535
0.00052663
0.0010458
0.002191
0.0031095
0.0032644
0.0024603
0.00097991
-0.00073438
-0.0017175
-0.0013938
0.00030283
0.0022544
0.0036898
0.0038494
0.0025497
-0.00022272
-0.0038101
-0.0072411
-0.0093991
-0.0098303
-0.008511
-0.0045087
0.0010185
0.0060358
0.0086587
0.0092512
0.0083023
0.0060898
0.002469
-0.0022304
-0.0070066
-0.010649
-0.012234
-0.011951
-0.0084988
-0.0021416
0.005607
0.010624
0.011935
0.01009
0.0069973
0.0041177
0.0035762
0.0057887
0.0099429
0.013197
0.013729
0.010805
0.0061668
0.0014726
-0.0028776
-0.0068857
-0.0096844
-0.010205
-0.0082502
-0.0046852
-0.001605
-0.00047895
0.00024843
0.0021234
0.0052096
0.008326
0.010429
0.010361
0.0080416
0.0039029
-0.00054078
-0.0041237
-0.0056261
-0.0050222
-0.0026376
0.00045229
0.0030053
0.003683
0.0027163
0.00056862
-0.0014215
-0.0024273
-0.0022043
-0.0017223
-0.0018916
-0.0034306
-0.0060438
-0.0091356
-0.011452
-0.012657
-0.013201
-0.012888
-0.011382
-0.0093943
-0.007803
-0.0071512
-0.0072751
-0.00791
-0.0092802
-0.010253
-0.0092627
-0.0057977
-0.00058574
0.0029046
0.0033556
0.00066309
-0.002573
-0.0043933
-0.0048619
-0.0050142
-0.0051075
-0.0042772
-0.0020792
0.0020979
0.0063005
0.0079983
0.0073302
0.0056205
0.0046724
0.0045598
0.0043314
0.0034664
0.0022351
0.0010966
0.0005243
0.00058243
0.00087237
0.00085338
-9.2616e-05
-0.001594
-0.0030533
-0.0044005
-0.0058726
-0.0076043
-0.009432
-0.010927
-0.010654
-0.0085349
-0.0054261
-0.0029776
-0.0013273
0.001252
0.0053561
0.010301
0.015189
0.019484
0.021194
0.020621
0.018604
0.014789
0.0087442
0.0020279
-0.0041905
-0.0099159
-0.014793
-0.018202
-0.019464
-0.018669
-0.01668
-0.013837
-0.010556
-0.0072653
-0.0034229
0.0013882
0.006325
0.010383
0.012672
0.012875
0.011143
0.0074969
0.0030011
-0.0011975
-0.0044872
-0.0069896
-0.0088039
-0.009665
-0.0093244
-0.0074632
-0.0046535
-0.0024281
-0.0012714
-0.00060867
0.00039315
0.0018207
0.0033027
0.0041928
0.0042446
0.0034542
0.001978
-3.4959e-05
-0.0022062
-0.0043268
-0.0065478
-0.0085328
-0.0096517
-0.0093426
-0.0074958
-0.004861
-0.002471
-0.00077566
0.00088349
0.0028479
0.0039661
0.0040227
0.0035268
0.0029534
0.0022583
0.00073506
-0.001699
-0.0048954
-0.0077002
-0.0091937
-0.008959
-0.0074101
-0.0048974
-0.001877
0.0014405
0.0041036
0.0054581
0.0045625
0.00188
-0.0013709
-0.0031861
-0.0038473
-0.0047582
-0.0069371
-0.010028
-0.011919
-0.010879
-0.0063949
0.0002554
0.0078892
0.013594
0.017246
0.020137
0.022848
0.024386
0.022409
0.01681
0.0094652
0.003202
-0.00064886
-0.0011886
-0.00035883
-0.00018335
-0.00091788
-0.0017935
-0.0021343
-0.00177
-0.00052953
0.001282
0.003103
0.0036884
0.0026382
-0.0006214
-0.0055115
-0.011166
-0.017062
-0.020903
-0.017061
-0.0054039
0.0069747
0.015151
0.01746
0.015031
0.010217
0.0056337
0.0016214
-0.00058647
-0.00078332
0.00067754
0.0028584
0.0048661
0.0048315
0.0021831
-0.0027027
-0.007605
-0.010859
-0.011705
-0.011751
-0.012395
-0.014364
-0.016874
-0.018343
-0.017415
-0.014236
-0.010646
-0.0079447
-0.0067464
-0.0060761
-0.0051819
-0.004788
-0.0054478
-0.0072632
-0.0082272
-0.0059584
-0.00047427
0.0060298
0.010674
0.013399
0.015053
0.016225
0.016727
0.015645
0.013151
0.0095847
0.0052909
0.00030611
-0.0060784
-0.013041
-0.018981
-0.022193
-0.02343
-0.023451
-0.021429
-0.016834
-0.011724
-0.0074095
-0.0035892
0.00039863
0.004483
0.0077728
0.010141
0.012345
0.014461
0.015916
0.016304
0.015412
0.012489
0.0077947
0.0020629
-0.0031262
-0.0065456
-0.0071652
-0.0058422
-0.0032877
-0.0009795
0.00043132
0.0011286
0.0014558
0.0011423
-7.7651e-05
-0.0017989
-0.0031147
-0.0036326
-0.0033674
-0.0029155
-0.002855
-0.0035932
-0.0047669
-0.0058449
-0.0053895
-0.0030335
0.00054706
0.004187
0.0074277
0.0096931
0.010946
0.010569
0.0080147
0.0030689
-0.00208
-0.0055403
-0.0064696
-0.0049277
-0.0015618
0.0016251
0.0034126
0.003075
0.00082074
-0.0034824
-0.0081425
-0.011668
-0.013478
-0.013701
-0.012592
-0.010409
-0.0079739
-0.0061481
-0.0054466
-0.005846
-0.0068628
-0.0075197
-0.0066966
-0.0035761
0.0014495
0.0055076
0.0071672
0.0059631
0.0025573
-0.0021793
-0.006918
-0.010225
-0.011231
-0.010755
-0.0095622
-0.0085814
-0.0088618
-0.011101
-0.014203
-0.016913
-0.016818
-0.013745
-0.0087992
-0.0037778
0.0004978
0.0030611
0.0043627
0.0047274
0.0049376
0.0054958
0.0063295
0.0068523
0.006409
0.0045049
0.0013094
-0.0018625
-0.0037683
-0.0038599
-0.0022839
0.00037716
0.0047575
0.010647
0.017112
0.021684
0.023009
0.021134
0.017595
0.012558
0.007303
0.0032561
0.00093342
-0.00094053
-0.0032305
-0.0051951
-0.0053469
-0.0021213
0.0030343
0.0079782
0.011049
0.012582
0.012687
0.012231
0.011991
0.011123
0.0092654
0.0074213
0.006049
0.0048947
0.0039122
0.0027797
0.00064937
-0.0015276
-0.0022657
-5.0816e-05
0.0036491
0.0065738
0.0060346
0.001167
-0.0069584
-0.014306
-0.017396
-0.015928
-0.011617
-0.0053283
0.001573
0.0084281
0.01412
0.015172
0.012322
0.0066015
-9.4261e-05
-0.0052596
-0.0065323
-0.0038809
0.0026983
0.010261
0.016504
0.019431
0.020073
0.019174
0.016628
0.012243
0.006707
0.00025054
-0.0073144
-0.014115
-0.018012
-0.018005
-0.013965
-0.0058249
0.0050877
0.015855
0.021797
0.021578
0.017754
0.011163
0.0032048
-0.0037414
-0.0058931
-0.0046833
-0.0025131
0.00027217
0.0042482
0.0099494
0.016024
0.020631
0.022985
0.023442
0.023513
0.023706
0.023025
0.021121
0.01845
0.015328
0.012578
0.011869
0.012597
0.013157
0.011822
0.0084735
0.0038163
0.00082234
0.0013677
0.0052486
0.010035
0.014018
0.01732
0.020751
0.024434
0.02727
0.027326
0.023985
0.0176
0.0072842
-0.0064523
-0.020921
-0.032366
-0.039233
-0.042375
-0.042176
-0.038884
-0.033535
-0.028244
-0.024204
-0.020777
-0.017375
-0.014531
-0.012096
-0.0091893
-0.0054841
-0.0013741
0.0019408
0.0037559
0.0037154
0.0018681
-0.0022794
-0.0082552
-0.014605
-0.019838
-0.024043
-0.028348
-0.034156
-0.038713
-0.038992
-0.033674
-0.023807
-0.011085
-0.0003944
0.0034217
0.00066597
-0.0035454
-0.0076695
-0.010471
-0.010649
-0.0061534
0.0018422
0.011293
0.020295
0.024676
0.02174
0.01385
0.0051339
-0.00095511
-0.0032344
-0.0033724
-0.002432
-0.00075232
0.0011197
0.0026374
0.0045053
0.0074166
0.011555
0.016126
0.020403
0.023624
0.0256
0.02642
0.024233
0.0201
0.017958
0.018928
0.022217
0.026939
0.031099
0.031087
0.027191
0.018359
0.0072772
-0.0017498
-0.0074911
-0.0086745
-0.0066559
-0.0023506
0.0020749
0.005389
0.0060332
0.0049264
0.003204
0.0024555
0.0033311
0.0052077
0.0069044
0.0078295
0.0073205
0.0045486
-0.00061147
-0.0064796
-0.011469
-0.013719
-0.013839
-0.012473
-0.010199
-0.0075094
-0.0058706
-0.0058055
-0.0078422
-0.011575
-0.016029
-0.01905
-0.019789
-0.018474
-0.014963
-0.0089793
-0.0026097
0.0024011
0.0052709
0.0080358
0.012418
0.016594
0.019039
0.019974
0.020198
0.019915
0.019278
0.018368
0.0177
0.017273
0.016616
0.013725
0.0069979
-0.0026329
-0.013218
-0.023473
-0.029365
-0.02963
-0.026607
-0.019649
-0.011019
-0.0050422
-0.00243
-0.0021055
-0.0028894
-0.0048648
-0.0073811
-0.010031
-0.013185
-0.018822
-0.027202
-0.036711
-0.045175
-0.049539
-0.048965
-0.04341
-0.035494
-0.027562
-0.020642
-0.014307
-0.0086215
-0.0040598
0.00037415
0.0052506
0.010113
0.013559
0.015202
0.013486
0.005331
-0.0078585
-0.022051
-0.031404
-0.033339
-0.029829
-0.020961
-0.0077702
0.0052863
0.015998
0.025151
0.034138
0.041905
0.047409
0.050165
0.051165
0.048694
0.042659
0.034272
0.024011
0.012998
0.0034224
-0.0034772
-0.008847
-0.014762
-0.02146
-0.027672
-0.031203
-0.032278
-0.031584
-0.029787
-0.027571
-0.027355
-0.030365
-0.038273
-0.048782
-0.058292
-0.06524
-0.069055
-0.067234
-0.059737
-0.047352
-0.034166
-0.022708
-0.014745
-0.012162
-0.014343
-0.018491
-0.022915
-0.025874
-0.027134
-0.027124
-0.026847
-0.026588
-0.02684
-0.027339
-0.02737
-0.025612
-0.021441
-0.011569
0.0030742
0.020836
0.042296
0.060186
0.073359
0.080764
0.08226
0.080693
0.07859
0.075584
0.071654
0.067717
0.064388
0.061288
0.058097
0.054889
0.050772
0.04458
0.034172
0.019834
0.0020345
-0.019701
-0.043186
-0.063155
-0.077538
-0.086679
-0.088854
-0.087835
-0.085356
-0.080656
-0.073147
-0.063708
-0.054017
-0.04752
-0.043138
-0.037495
-0.028549
-0.015978
-0.0025056
0.0094712
0.017253
0.022777
0.028635
0.035318
0.042008
0.047292
0.050668
0.052014
0.051726
0.050332
0.047536
0.04277
0.035492
0.025942
0.014913
0.0064315
0.0025579
0.002744
0.0051052
0.011716
0.021029
0.032087
0.044464
0.052556
0.053506
0.051086
0.046118
0.040144
0.031014
0.019766
0.0098958
0.0027557
-0.0028446
-0.0081385
-0.015241
-0.026037
-0.040635
-0.055921
-0.071319
-0.082883
-0.08613
-0.080308
-0.067639
-0.048599
-0.023944
0.0054577
0.03397
0.051708
0.058818
0.061725
0.06108
0.057693
0.054288
0.052718
0.053723
0.056491
0.059587
0.061676
0.063195
0.064929
0.066245
0.066556
0.065511
0.0633
0.059955
0.054535
0.046691
0.037185
0.02527
0.011033
-0.0032525
-0.014685
-0.024146
-0.03381
-0.043086
-0.050928
-0.054983
-0.053971
-0.047186
-0.032623
-0.01177
0.011753
0.03303
0.048261
0.054257
0.051919
0.044207
0.035691
0.028245
0.023413
0.023936
0.029675
0.038939
0.04802
0.05295
0.051203
0.046072
0.040628
0.03623
0.03294
0.030017
0.026199
0.016494
0.00045557
-0.019476
-0.043224
-0.068973
-0.090106
-0.10485
-0.11574
-0.12123
-0.12219
-0.12034
-0.11641
-0.11121
-0.10375
-0.090033
-0.071102
-0.049867
-0.02912
-0.0096734
0.0075732
0.020007
0.026737
0.031361
0.036799
0.042239
0.045934
0.046834
0.043287
0.035887
0.026609
0.018403
0.012918
0.00997
0.0095633
0.010313
0.011163
0.011763
0.012141
0.01211
0.011688
0.010708
0.0089073
0.0063287
0.0036782
0.0012605
-0.00106
-0.0028929
-0.003756
-0.0018373
0.0035959
0.012644
0.024761
0.035174
0.041779
0.044648
0.04543
0.043717
0.039909
0.035006
0.029758
0.024838
0.020816
0.01745
0.014197
0.010787
0.0086004
0.0085846
0.0095856
0.0096809
0.0073247
0.0027671
-0.0027165
-0.0066918
-0.0076838
-0.0053787
-0.0016923
0.0016817
0.0039507
0.0053136
0.0060318
0.0076671
0.011035
0.015674
0.020022
0.022992
0.024129
0.023119
0.018511
0.010228
-0.00090066
-0.0098267
-0.012282
-0.007054
0.0057872
0.02165
0.03813
0.053403
0.062333
0.062041
0.055308
0.047167
0.039801
0.034061
0.030685
0.03007
0.032029
0.034456
0.035006
0.03175
0.024238
0.012878
7.5011e-05
-0.010656
-0.016339
-0.019295
-0.021995
-0.024111
-0.025521
-0.028453
-0.03535
-0.046709
-0.059792
-0.071528
-0.081372
-0.08802
-0.090124
-0.089182
-0.085956
-0.079567
-0.071084
-0.062405
-0.054154
-0.04591
-0.038339
-0.032451
-0.02962
-0.029182
-0.028891
-0.027822
-0.026418
-0.024664
-0.022019
-0.017896
-0.013495
-0.010378
-0.0085654
-0.0069747
-0.0027728
0.0053382
0.019145
0.036876
0.055373
0.069887
0.079261
0.084215
0.08727
0.091239
0.093887
0.093274
0.090714
0.0877
0.084231
0.079153
0.071064
0.058865
0.043974
0.030826
0.022188
0.018811
0.017409
0.015429
0.01214
0.0075863
5.5421e-05
-0.010036
-0.020561
-0.029758
-0.036716
-0.040543
-0.040025
-0.035917
-0.028194
-0.018084
-0.006913
0.0055305
0.016456
0.025068
0.033302
0.041057
0.045142
0.044852
0.038391
0.027274
0.014142
-0.00033782
-0.014995
-0.02896
-0.043757
-0.057584
-0.067649
-0.072774
-0.072421
-0.068274
-0.062162
-0.054763
-0.046477
-0.03721
-0.026396
-0.01627
-0.0088103
-0.0050146
-0.0052332
-0.0088652
-0.012498
-0.013028
-0.0093761
-0.0017953
0.0089962
0.020399
0.030189
0.036878
0.038044
0.031934
0.016908
-0.0028512
-0.020757
-0.034552
-0.04492
-0.048055
-0.043436
-0.035596
-0.02791
-0.020563
-0.014016
-0.0087839
-0.0056827
-0.0048709
-0.0066031
-0.011623
-0.01945
-0.029377
-0.040184
-0.051677
-0.063948
-0.072769
-0.077577
-0.079915
-0.080473
-0.079069
-0.076432
-0.073552
-0.070833
-0.068037
-0.065053
-0.06265
-0.061221
-0.061107
-0.061477
-0.061089
-0.058417
-0.05349
-0.04558
-0.034757
-0.021488
-0.0078134
0.0051533
0.01693
0.026243
0.03058
0.028334
0.021001
0.01169
0.0019075
-0.0064578
-0.013696
-0.021077
-0.029223
-0.03561
-0.038413
-0.039464
-0.040891
-0.043567
-0.04758
-0.052391
-0.055858
-0.056815
-0.055292
-0.052402
-0.048977
-0.043691
-0.035107
-0.022582
-0.0068797
0.01026
0.022294
0.028179
0.032319
0.035498
0.036027
0.032506
0.025163
0.015102
0.0042623
-0.0052302
-0.013459
-0.021497
-0.029663
-0.037352
-0.043669
-0.047689
-0.049286
-0.049234
-0.048865
-0.048914
-0.049778
-0.051287
-0.052038
-0.051905
-0.051987
-0.054152
-0.05854
-0.063901
-0.068043
-0.069908
-0.069157
-0.066834
-0.062983
-0.057805
-0.051897
-0.046644
-0.042658
-0.040455
-0.038284
-0.034197
-0.027387
-0.018697
-0.0077029
0.0035057
0.012133
0.01884
0.021862
0.018571
0.011297
0.002505
-0.0047235
-0.0091503
-0.011058
-0.010576
-0.0048274
0.0080714
0.025094
0.044055
0.061984
0.078234
0.092432
0.10019
0.10334
0.10378
0.10205
0.096537
0.08841
0.079882
0.071451
0.065428
0.06221
0.060237
0.059054
0.059611
0.061422
0.063173
0.062812
0.059349
0.052424
0.042551
0.031435
0.021475
0.013767
0.007314
0.0013397
-0.00334
-0.0067012
-0.010826
-0.017689
-0.027482
-0.039882
-0.051885
-0.059259
-0.058684
-0.053965
-0.047894
-0.041556
-0.034673
-0.025563
-0.014476
-0.0046132
0.0031914
0.0090172
0.013586
0.016592
0.018931
0.021562
0.023963
0.024961
0.023417
0.019541
0.01413
0.0076817
-0.00031391
-0.010957
-0.024101
-0.036612
-0.046067
-0.052345
-0.057045
-0.05992
-0.05949
-0.054866
-0.045152
-0.033322
-0.022837
-0.014718
-0.0086272
-0.0027053
0.0037437
0.012425
0.02344
0.035265
0.046634
0.05759
0.067915
0.07616
0.078387
0.071404
0.053742
0.031108
0.012272
0.00027373
-0.0070228
-0.011111
-0.010162
-0.0051769
0.0026783
0.01183
0.021516
0.029107
0.033152
0.035162
0.036605
0.037734
0.038323
0.03811
0.035791
0.030947
0.020707
0.0050944
-0.0095201
-0.020638
-0.026511
-0.026729
-0.022685
-0.015868
-0.0063858
0.0031341
0.011294
0.018129
0.024536
0.031544
0.039054
0.046627
0.053949
0.060992
0.06762
0.073581
0.079425
0.085582
0.092025
0.098021
0.10241
0.1049
0.10598
0.10585
0.10357
0.096899
0.085408
0.070555
0.053113
0.037466
0.026223
0.01889
0.014227
0.010974
0.0085421
0.0073296
0.0077854
0.0085568
0.0085644
0.0074386
0.0055304
0.0031768
0.0012297
-0.00038761
-0.0027669
-0.0058464
-0.0090352
-0.012851
-0.016028
-0.016376
-0.012765
-0.0015943
0.013767
0.027939
0.039452
0.048987
0.057083
0.062129
0.064602
0.065469
0.065254
0.064737
0.064758
0.065796
0.067102
0.067684
0.066802
0.065246
0.063919
0.062621
0.060752
0.058013
0.054201
0.049219
0.042812
0.036153
0.030488
0.025731
0.021955
0.019859
0.019456
0.020576
0.022842
0.025486
0.02804
0.031652
0.037363
0.045221
0.053242
0.059575
0.06404
0.067097
0.067899
0.065672
0.060189
0.051604
0.040479
0.029114
0.018825
0.009092
-0.0014702
-0.012127
-0.02162
-0.030735
-0.03946
-0.046502
-0.050747
-0.053073
-0.055484
-0.058612
-0.061884
-0.065021
-0.067425
-0.068433
-0.067934
-0.065853
-0.06153
-0.056295
-0.051996
-0.04885
-0.046321
-0.044713
-0.044161
-0.045046
-0.046343
-0.046571
-0.04254
-0.030793
-0.01329
0.0025249
0.015101
0.027672
0.040379
0.049141
0.052712
0.050911
0.045378
0.03703
0.028356
0.021122
0.015493
0.011017
0.0073006
0.0042376
0.0032152
0.0062624
0.013257
0.022254
0.031399
0.039223
0.045095
0.049904
0.053536
0.054997
0.054519
0.053031
0.051838
0.051937
0.053812
0.056309
0.057159
0.054584
0.047376
0.037462
0.026787
0.015365
0.0052402
-0.0024191
-0.0079046
-0.01259
-0.016707
-0.01934
-0.020574
-0.021211
-0.022049
-0.023135
-0.024034
-0.025239
-0.027704
-0.031095
-0.035352
-0.041698
-0.0488
-0.05468
-0.058344
-0.060554
-0.062162
-0.063961
-0.066139
-0.068652
-0.071088
-0.073244
-0.07541
-0.077547
-0.078986
-0.079827
-0.080471
-0.080596
-0.080071
-0.078847
-0.07728
-0.07566
-0.073841
-0.07147
-0.068001
-0.064085
-0.060783
-0.060102
-0.0628
-0.068882
-0.077772
-0.088393
-0.097844
-0.10402
-0.10695
-0.10719
-0.10587
-0.10257
-0.09743
-0.090985
-0.082351
-0.071601
-0.060499
-0.049979
-0.039931
-0.030348
-0.022524
-0.018142
-0.016229
-0.015548
-0.015589
-0.016223
-0.016724
-0.015829
-0.012937
-0.0074608
0.00036815
0.0096209
0.017734
0.022705
0.023924
0.021281
0.014544
0.0046598
-0.0073769
-0.018798
-0.028769
-0.038157
-0.04641
-0.052628
-0.056371
-0.058717
-0.060682
-0.062355
-0.063351
-0.063082
-0.061511
-0.059057
-0.056205
-0.053584
-0.052324
-0.052331
-0.052838
-0.053253
-0.053413
-0.053024
-0.051886
-0.049792
-0.047611
-0.046498
-0.047526
-0.049894
-0.052792
-0.056098
-0.05915
-0.060048
-0.058294
-0.054633
-0.049182
-0.042258
-0.035168
-0.028347
-0.021403
-0.01487
-0.0099479
-0.0073178
-0.0070947
-0.0088546
-0.0119
-0.016255
-0.020898
-0.023859
-0.023462
-0.018713
-0.0062199
0.011137
0.02853
0.044275
0.06025
0.079369
0.098633
0.11475
0.12685
0.13672
0.14337
0.14492
0.14145
0.13333
0.12141
0.10822
0.097084
0.088075
0.079679
0.071705
0.06423
0.056351
0.0473
0.03696
0.025197
0.015022
0.0088284
0.0057499
0.0040772
0.0031135
0.0022203
0.00094213
-0.0017147
-0.0057282
-0.01004
-0.013361
-0.015235
-0.015329
-0.013622
-0.0099688
-0.0043771
0.0031193
0.011196
0.019095
0.02717
0.035663
0.044421
0.053311
0.062273
0.071638
0.081071
0.089673
0.096211
0.099592
0.10034
0.098742
0.093758
0.085499
0.074786
0.064276
0.054972
0.046052
0.037108
0.028748
0.022015
0.015901
0.0087818
-0.0010756
-0.013414
-0.026765
-0.040198
-0.052418
-0.059005
-0.059133
-0.055216
-0.046956
-0.03698
-0.027657
-0.020215
-0.014293
-0.010524
-0.0088393
-0.0095002
-0.012862
-0.018326
-0.024692
-0.031403
-0.038539
-0.045841
-0.05187
-0.055116
-0.055493
-0.05331
-0.048998
-0.044118
-0.040056
-0.037538
-0.036431
-0.035497
-0.032694
-0.026453
-0.017099
-0.0065295
0.0033068
0.011006
0.014306
0.014378
0.012427
0.0083336
0.0020133
-0.0058678
-0.013592
-0.020158
-0.025635
-0.029242
-0.02946
-0.025438
-0.017417
-0.0087945
-0.0013496
0.0056167
0.012901
0.017374
0.015308
0.0094417
0.0028602
-0.0050116
-0.016132
-0.030562
-0.044104
-0.050964
-0.052935
-0.055142
-0.058557
-0.0608
-0.0611
-0.060538
-0.059975
-0.05933
-0.05813
-0.055491
-0.05048
-0.043578
-0.036333
-0.031191
-0.027887
-0.026499
-0.026999
-0.030501
-0.035842
-0.040982
-0.04375
-0.044203
-0.043215
-0.040808
-0.03673
-0.033674
-0.032408
-0.031921
-0.030435
-0.027303
-0.022526
-0.016936
-0.011815
-0.0073703
-0.0032466
4.7249e-05
0.0025841
0.0058099
0.010722
0.017446
0.025303
0.034201
0.044902
0.055714
0.060988
0.058017
0.051522
0.04363
0.032396
0.013854
-0.0079308
-0.026104
-0.038158
-0.048732
-0.061244
-0.072347
-0.076829
-0.076582
-0.074904
-0.07289
-0.06956
-0.06484
-0.059807
-0.055594
-0.052131
-0.048744
-0.044341
-0.037383
-0.025267
-0.0094095
0.0073808
0.022137
0.031874
0.036309
0.038902
0.0398
0.038409
0.034217
0.027979
0.021275
0.015516
0.010599
0.0059736
0.0027379
0.0015101
0.002188
0.0042558
0.0072932
0.012262
0.019477
0.028468
0.036394
0.041197
0.043998
0.046293
0.049131
0.052475
0.056856
0.062181
0.067975
0.072855
0.076204
0.078545
0.081068
0.084529
0.08818
0.091161
0.0933
0.094121
0.092071
0.08552
0.071973
0.05542
0.038759
0.020917
0.0067916
-0.0011168
-0.0030779
-0.0014982
0.002183
0.0052627
0.0065362
0.0051501
0.0011277
-0.0049776
-0.010032
-0.012522
-0.012481
-0.0099763
-0.0043484
0.0018921
0.0030647
-0.0011608
-0.0053345
-0.0067284
-0.0066859
-0.007531
-0.0095108
-0.011234
-0.011668
-0.010506
-0.007462
-0.0025757
0.0040978
0.011828
0.020288
0.028776
0.036991
0.045107
0.051001
0.053319
0.05369
0.053235
0.052615
0.052017
0.051433
0.050745
0.049876
0.048564
0.047497
0.047827
0.050667
0.055499
0.060854
0.066595
0.073616
0.080321
0.085518
0.088927
0.091187
0.092089
0.091925
0.091324
0.091098
0.091124
0.090619
0.089662
0.08869
0.087263
0.085016
0.081558
0.077348
0.073139
0.069932
0.067343
0.064392
0.060531
0.055055
0.046213
0.03524
0.024147
0.013173
0.0041843
-0.0024142
-0.0077241
-0.01158
-0.012617
-0.011702
-0.010794
-0.01254
-0.017914
-0.027099
-0.038778
-0.049464
-0.057077
-0.061725
-0.065393
-0.068648
-0.070482
-0.070156
-0.067975
-0.065231
-0.062762
-0.061222
-0.060772
-0.061152
-0.061923
-0.06248
-0.061881
-0.059655
-0.055664
-0.05013
-0.042082
-0.032193
-0.021982
-0.013532
-0.0070799
-0.0031877
-0.0011247
-0.00071289
-0.0019117
-0.0044585
-0.0077109
-0.011485
-0.015888
-0.019092
-0.019545
-0.017214
-0.013601
-0.0096853
-0.0053331
5.6292e-06
0.0061874
0.011928
0.01544
0.017922
0.021331
0.026549
0.033022
0.041171
0.048527
0.051817
0.051324
0.048465
0.043289
0.035598
0.02672
0.017726
0.00929
0.0026266
-0.002635
-0.0074934
-0.012516
-0.017527
-0.022051
-0.025024
-0.025973
-0.024815
-0.021892
-0.01698
-0.011564
-0.0070192
-0.004974
-0.004628
-0.0063177
-0.01005
-0.015254
-0.019692
-0.022187
-0.022832
-0.022623
-0.021587
-0.018845
-0.014316
-0.0088133
-0.0024122
0.0056963
0.014885
0.023997
0.031853
0.03822
0.042485
0.045339
0.047347
0.048206
0.047308
0.044661
0.041
0.03681
0.032302
0.028188
0.026096
0.027098
0.030975
0.036564
0.041986
0.045786
0.047984
0.046214
0.04065
0.031183
0.017671
0.0021177
-0.012456
-0.0231
-0.030474
-0.035468
-0.037371
-0.036371
-0.03125
-0.021502
-0.011042
-0.002125
0.0060529
0.014507
0.022567
0.028962
0.032737
0.034409
0.034586
0.033626
0.031708
0.029271
0.026698
0.024267
0.022921
0.02249
0.022404
0.022086
0.021192
0.018799
0.015781
0.013566
0.01096
0.006465
0.00043214
-0.004902
-0.0082389
-0.01025
-0.011786
-0.012794
-0.013283
-0.013452
-0.013564
-0.013327
-0.01189
-0.0089274
-0.0047204
0.00070679
0.0072036
0.014182
0.020649
0.02601
0.031126
0.036586
0.04146
0.045022
0.047421
0.049571
0.051922
0.054218
0.056145
0.057439
0.058404
0.059465
0.060565
0.061152
0.059545
0.054044
0.043615
0.031401
0.019046
0.0049863
-0.009242
-0.018597
-0.022909
-0.024004
-0.02353
-0.022335
-0.021162
-0.020461
-0.021174
-0.023065
-0.02536
-0.027311
-0.028762
-0.029593
-0.029728
-0.029192
-0.028045
-0.025862
-0.021684
-0.015847
-0.0092331
-0.0021557
0.0052393
0.011792
0.017125
0.021009
0.023481
0.024939
0.026865
0.029843
0.033591
0.036911
0.038782
0.037857
0.034235
0.028917
0.023122
0.017617
0.014323
0.013875
0.015931
0.019118
0.02279
0.025651
0.027228
0.026968
0.024454
0.019761
0.01362
0.0074128
0.0020424
-0.0021424
-0.0046485
-0.0061804
-0.0073868
-0.0080798
-0.007605
-0.0056606
-0.0017141
0.0035189
0.0080295
0.011842
0.016234
0.021759
0.027704
0.03257
0.036167
0.03872
0.039478
0.037792
0.033326
0.026825
0.020201
0.014476
0.0095482
0.0055624
0.0028894
0.0015694
0.00089098
0.00049529
0.00044766
0.00032245
-0.00035192
-0.0019685
-0.0045373
-0.0079128
-0.011565
-0.014959
-0.017039
-0.017666
-0.017109
-0.01538
-0.012623
-0.0084751
-0.0034269
0.0017505
0.0079024
0.015671
0.022981
0.028506
0.031949
0.03352
0.032586
0.028827
0.023368
0.017887
0.012365
0.0057747
-0.0015484
-0.0087045
-0.015618
-0.022242
-0.028248
-0.03368
-0.038585
-0.042592
-0.045584
-0.047792
-0.049696
-0.051419
-0.052772
-0.053912
-0.055066
-0.056345
-0.057239
-0.057148
-0.056558
-0.056073
-0.055646
-0.054966
-0.053786
-0.051463
-0.047763
-0.041346
-0.031837
-0.019453
-0.0051933
0.0097765
0.023873
0.036475
0.046899
0.054796
0.059648
0.060932
0.060607
0.060037
0.058687
0.057311
0.057713
0.059945
0.062866
0.065638
0.067818
0.069175
0.069643
0.069452
0.068332
0.066412
0.063888
0.059668
0.052823
0.043844
0.034493
0.025384
0.016091
0.0086879
0.0036894
-0.00099022
-0.0062114
-0.011111
-0.015068
-0.018395
-0.021726
-0.025303
-0.029093
-0.033526
-0.038099
-0.041793
-0.043705
-0.044344
-0.045043
-0.046398
-0.048165
-0.050281
-0.052542
-0.054826
-0.057458
-0.06062
-0.063698
-0.066131
-0.067814
-0.069372
-0.071344
-0.073905
-0.076213
-0.077446
-0.076896
-0.074535
-0.069366
-0.061729
-0.052576
-0.041609
-0.029176
-0.017316
-0.0080052
-0.0021808
0.0020231
0.0050596
0.0056988
0.0037788
-0.00062795
-0.0058911
-0.010366
-0.014072
-0.017269
-0.019593
-0.020935
-0.021204
-0.020116
-0.017422
-0.012923
-0.007526
-0.0019723
0.0027705
0.0073077
0.013117
0.019493
0.024574
0.027856
0.029549
0.029886
0.029309
0.02793
0.025615
0.022112
0.017107
0.011148
0.0054389
-2.5875e-05
-0.0056504
-0.010306
-0.013791
-0.016803
-0.019909
-0.023029
-0.02582
-0.028394
-0.030991
-0.033378
-0.03559
-0.037893
-0.039263
-0.038777
-0.036584
-0.034141
-0.032602
-0.032337
-0.033195
-0.034924
-0.037159
-0.03976
-0.042608
-0.044986
-0.045443
-0.043879
-0.040517
-0.036202
-0.031834
-0.028725
-0.027291
-0.027426
-0.028805
-0.031423
-0.0346
-0.037344
-0.039016
-0.039617
-0.03941
-0.038379
-0.036948
-0.035471
-0.034245
-0.033256
-0.032331
-0.032239
-0.034098
-0.037315
-0.041286
-0.046615
-0.052222
-0.056703
-0.059548
-0.061265
-0.062204
-0.062751
-0.063187
-0.063921
-0.065285
-0.067467
-0.069782
-0.071744
-0.073354
-0.073653
-0.071936
-0.06846
-0.063845
-0.058591
-0.052565
-0.045235
-0.037541
-0.030455
-0.024792
-0.019868
-0.01609
-0.014206
-0.013376
-0.013438
-0.014464
-0.016159
-0.017918
-0.019578
-0.021345
-0.023381
-0.02555
-0.027548
-0.029177
-0.030443
-0.031379
-0.031889
-0.031426
-0.02956
-0.026375
-0.022426
-0.018651
-0.01588
-0.013591
-0.011039
-0.0082329
-0.0057165
-0.0039951
-0.0028213
-0.0018417
-0.00088702
-0.00028382
-0.00072876
-0.0022462
-0.0046926
-0.0075498
-0.010359
-0.012413
-0.013371
-0.012979
-0.01161
-0.0098013
-0.0083672
-0.0076258
-0.0077091
-0.0083229
-0.0092633
-0.011079
-0.014027
-0.017742
-0.021544
-0.024852
-0.026163
-0.025217
-0.022513
-0.019136
-0.015546
-0.010947
-0.0056954
-0.0009753
0.0026543
0.0053516
0.0073296
0.008701
0.0096195
0.010252
0.010689
0.01107
0.011297
0.011012
0.01008
0.0086081
0.0066695
0.0043023
0.001428
-0.0026301
-0.0081173
-0.013608
-0.018351
-0.022669
-0.026685
-0.030399
-0.033506
-0.0357
-0.036951
-0.037366
-0.037022
-0.035833
-0.034092
-0.0319
-0.028876
-0.025028
-0.020319
-0.015685
-0.011795
-0.0078837
-0.0036212
0.00018638
0.0033481
0.0061441
0.0084449
0.010418
0.013224
0.01708
0.021377
0.024976
0.027726
0.03012
0.03237
0.034239
0.035655
0.036668
0.037408
0.038142
0.039127
0.040357
0.041551
0.041793
0.041081
0.039665
0.037366
0.034016
0.030078
0.026397
0.023419
0.020312
0.016543
0.012443
0.0082505
0.0041419
0.0014835
0.00068333
0.0021286
0.005267
0.0092632
0.01315
0.01619
0.017348
0.016811
0.015339
0.013364
0.01127
0.010084
0.010014
0.010891
0.013791
0.018399
0.024037
0.028955
0.03213
0.03356
0.034118
0.034655
0.034576
0.032663
0.028626
0.023158
0.016931
0.011175
0.0064933
0.0023794
-0.0012911
-0.0038317
-0.0046139
-0.0039439
-0.0016331
0.0015387
0.004488
0.0065894
0.0079016
0.008748
0.0092742
0.0093463
0.0092213
0.0090761
0.0086665
0.0081676
0.0080062
0.0079235
0.0075023
0.0064717
0.0050254
0.003527
0.0029753
0.00342
0.0040711
0.0041293
0.003236
0.0013279
-0.0013272
-0.0051842
-0.0098087
-0.014171
-0.016843
-0.01776
-0.017753
-0.017326
-0.016393
-0.014869
-0.013005
-0.011454
-0.011006
-0.011889
-0.014127
-0.017846
-0.022908
-0.029567
-0.037388
-0.045112
-0.052573
-0.059825
-0.066056
-0.07118
-0.075515
-0.078574
-0.080364
-0.080746
-0.080143
-0.079077
-0.07765
-0.075888
-0.074282
-0.073422
-0.073639
-0.074362
-0.075221
-0.076426
-0.078323
-0.081434
-0.085037
-0.088025
-0.089056
-0.088708
-0.087874
-0.086992
-0.085866
-0.08444
-0.082841
-0.081114
-0.07936
-0.077727
-0.07627
-0.074959
-0.073864
-0.072866
-0.071315
-0.069108
-0.066498
-0.062788
-0.057287
-0.049913
-0.041276
-0.0323
-0.023463
-0.014654
-0.0065014
-2.7469e-05
0.0047384
0.0082215
0.011378
0.014626
0.018155
0.021693
0.024892
0.027177
0.028421
0.029373
0.030505
0.031768
0.032605
0.03261
0.032642
0.033426
0.034934
0.036884
0.039259
0.041823
0.044408
0.047397
0.051078
0.055046
0.058867
0.06245
0.06544
0.0673
0.068148
0.068238
0.067762
0.066679
0.064883
0.062794
0.060814
0.058965
0.057271
0.056064
0.055381
0.055204
0.0555
0.056129
0.05707
0.058024
0.058481
0.058579
0.058578
0.057704
0.055965
0.053632
0.048715
0.042017
0.035612
0.030236
0.025298
0.020578
0.017366
0.016527
0.017354
0.018907
0.021308
0.024174
0.026701
0.028669
0.03018
0.03067
0.030078
0.028769
0.027638
0.027348
0.027051
0.025947
0.024117
0.022173
0.020455
0.01896
0.01746
0.015379
0.012577
0.0089333
0.004526
-0.0003616
-0.0049324
-0.0092712
-0.014113
-0.01878
-0.022418
-0.025515
-0.028398
-0.030465
-0.030772
-0.028588
-0.025266
-0.020959
-0.015923
-0.01046
-0.0053015
-0.00078261
0.0033894
0.0074758
0.01118
0.014547
0.017922
0.021207
0.02404
0.026133
0.027302
0.026518
0.023884
0.020849
0.018071
0.015214
0.013044
0.012096
0.013195
0.016049
0.020745
0.026288
0.031655
0.035812
0.038465
0.039407
0.038748
0.03687
0.034331
0.031279
0.028859
0.027395
0.026215
0.024641
0.022422
0.019807
0.017089
0.014489
0.012463
0.011973
0.012612
0.013699
0.014607
0.015184
0.014662
0.013107
0.011561
0.010142
0.0082485
0.0065908
0.005682
0.005297
0.0049473
0.0044566
0.0034894
0.0018983
0.00013479
-0.0010523
-0.00071795
0.00065977
0.0023629
0.0034634
0.0036831
0.0028194
0.00059891
-0.0034686
-0.0078304
-0.010857
-0.01173
-0.011502
-0.010946
-0.010343
-0.0096385
-0.0088046
-0.0078344
-0.0066282
-0.0051497
-0.0034234
-0.0016875
-2.3439e-05
0.0022374
0.0054928
0.0090596
0.011953
0.013225
0.013321
0.012735
0.011485
0.0094809
0.006093
0.0017426
-0.0026659
-0.0066922
-0.010485
-0.014235
-0.018317
-0.022936
-0.027233
-0.030185
-0.030945
-0.030176
-0.028313
-0.025075
-0.020336
-0.013056
-0.0043639
0.003734
0.010185
0.015283
0.019007
0.02068
0.02003
0.017906
0.014443
0.010114
0.0054393
0.00048589
-0.0050743
-0.011452
-0.017722
-0.02355
-0.029678
-0.035275
-0.039365
-0.042706
-0.045862
-0.048299
-0.049911
-0.051149
-0.052792
-0.05485
-0.056712
-0.058105
-0.059166
-0.059668
-0.059631
-0.059522
-0.059618
-0.059875
-0.060237
-0.060693
-0.061385
-0.062023
-0.062137
-0.061267
-0.059293
-0.056633
-0.053474
-0.049095
-0.043559
-0.037519
-0.031035
-0.023444
-0.015919
-0.0095956
-0.0046627
-0.00047287
0.0033754
0.0068582
0.0094914
0.011008
0.011651
0.01213
0.012673
0.013088
0.013892
0.015648
0.0184
0.021674
0.025459
0.029969
0.034917
0.038313
0.039586
0.038573
0.035368
0.030261
0.024632
0.019083
0.013366
0.0078307
0.0029594
-0.00096075
-0.0041267
-0.0070231
-0.010139
-0.01347
-0.016895
-0.020522
-0.024215
-0.027784
-0.031166
-0.033897
-0.035359
-0.035914
-0.03629
-0.036897
-0.037198
-0.036704
-0.035677
-0.034591
-0.03377
-0.03382
-0.034976
-0.03662
-0.038273
-0.03984
-0.040054
-0.038468
-0.035715
-0.032274
-0.028114
-0.023122
-0.017659
-0.012732
-0.0095979
-0.0084375
-0.0078555
-0.007324
-0.0075276
-0.0078861
-0.0073343
-0.0051826
-0.0019646
0.0016644
0.0057514
0.010837
0.017504
0.024895
0.031849
0.038377
0.044658
0.048933
0.051269
0.052521
0.052624
0.051255
0.049185
0.047313
0.045983
0.045367
0.045327
0.045564
0.045342
0.044196
0.041914
0.038728
0.034854
0.031121
0.028037
0.025705
0.023995
0.0229
0.022815
0.02347
0.024335
0.025169
0.025894
0.025775
0.025159
0.024894
0.024778
0.02442
0.023993
0.023469
0.02253
0.020459
0.018518
0.01816
0.018971
0.019687
0.019783
0.019824
0.020263
0.020903
0.021254
0.021009
0.019704
0.017691
0.015622
0.014057
0.013002
0.01225
0.011556
0.011106
0.011514
0.012819
0.014677
0.016885
0.019494
0.022719
0.026798
0.031231
0.034841
0.037072
0.038245
0.039139
0.039761
0.039481
0.038175
0.036233
0.03399
0.031351
0.028189
0.02489
0.021765
0.018871
0.016499
0.014419
0.012122
0.0090395
0.005689
0.0032103
0.0016877
0.00047959
-0.00082702
-0.0022304
-0.0035584
-0.0047056
-0.0060364
-0.0078558
-0.0099565
-0.012373
-0.015467
-0.019139
-0.022921
-0.026347
-0.029148
-0.031418
-0.033275
-0.034444
-0.034821
-0.035308
-0.03642
-0.038025
-0.039745
-0.041411
-0.043125
-0.044827
-0.045957
-0.045429
-0.043003
-0.03899
-0.033028
-0.025496
-0.01699
-0.0079006
0.00064292
0.0063716
0.0097254
0.011783
0.013049
0.013545
0.013353
0.012971
0.012944
0.014197
0.016629
0.019734
0.023377
0.027114
0.029775
0.031031
0.031281
0.030747
0.029847
0.028943
0.028168
0.027415
0.026551
0.024906
0.021887
0.01899
0.017141
0.015926
0.014896
0.01415
0.013922
0.014633
0.016689
0.01946
0.022361
0.025426
0.027903
0.029184
0.029596
0.02963
0.029462
0.028926
0.027833
0.026001
0.02392
0.022159
0.02042
0.01851
0.016901
0.015713
0.014672
0.013401
0.012266
0.011944
0.012574
0.013547
0.014005
0.013692
0.012936
0.012384
0.012226
0.012346
0.012607
0.013173
0.015008
0.017984
0.021279
0.023936
0.025853
0.02694
0.027014
0.025818
0.024048
0.022216
0.020149
0.017919
0.01583
0.0142
0.012883
0.011617
0.010385
0.0092275
0.008029
0.0065983
0.0049688
0.0037526
0.0028517
0.0012642
-0.00096266
-0.0030224
-0.0047998
-0.0067257
-0.0088813
-0.01108
-0.013178
-0.014715
-0.015341
-0.014478
-0.012059
-0.0084045
-0.0039349
0.0011098
0.0062523
0.01076
0.014074
0.01646
0.018259
0.019954
0.021386
0.022054
0.022129
0.021493
0.019106
0.015475
0.011657
0.0079041
0.0041472
0.00090897
-0.0017339
-0.0037925
-0.0050579
-0.0054154
-0.0051265
-0.004319
-0.0024334
6.024e-05
0.0023539
0.0039954
0.0047062
0.0037853
0.0017655
-0.0005118
-0.0029255
-0.0055038
-0.0076987
-0.0091496
-0.0099483
-0.010434
-0.01097
-0.011756
-0.012831
-0.014107
-0.015231
-0.016337
-0.01802
-0.020312
-0.022718
-0.02424
-0.025196
-0.026584
-0.027895
-0.028095
-0.02656
-0.023667
-0.019189
-0.013429
-0.0069905
-0.00054453
0.0057316
0.011858
0.017235
0.021516
0.025613
0.029048
0.031039
0.032564
0.033978
0.035055
0.035806
0.036454
0.037095
0.037497
0.037576
0.037396
0.037121
0.036829
0.03639
0.035776
0.035171
0.034911
0.035205
0.035455
0.035308
0.034993
0.035021
0.035669
0.036493
0.037173
0.038081
0.039464
0.041202
0.042744
0.043873
0.044587
0.045157
0.045796
0.046381
0.0467
0.046627
0.04625
0.045676
0.045003
0.044189
0.043015
0.041185
0.038462
0.035157
0.031651
0.02778
0.023238
0.018002
0.013341
0.0099013
0.0072992
0.0047017
0.0018773
-0.00078797
-0.0032505
-0.0060618
-0.0088272
-0.011058
-0.013648
-0.016733
-0.018995
-0.019622
-0.019059
-0.018891
-0.01935
-0.019449
-0.018941
-0.018258
-0.017534
-0.016694
-0.015602
-0.014652
-0.01427
-0.014709
-0.015474
-0.016026
-0.016539
-0.017236
-0.017354
-0.016739
-0.015638
-0.013925
-0.011439
-0.0085972
-0.0057298
-0.0027431
-0.0002458
0.0013116
0.0026994
0.004375
0.0059742
0.0068919
0.0069758
0.0062761
0.0050479
0.003669
0.0022782
0.00073363
-0.0013419
-0.0035749
-0.005117
-0.006188
-0.0073493
-0.0083764
-0.0090673
-0.0095214
-0.0097428
-0.009585
-0.0087559
-0.007112
-0.0046001
-0.0014056
0.0022216
0.0051665
0.0073015
0.009043
0.010044
0.0098979
0.0092113
0.0085776
0.0079512
0.0073293
0.0067776
0.0059746
0.0049196
0.0038547
0.0024506
0.0004334
-0.0015488
-0.0030332
-0.004059
-0.0043287
-0.0035385
-0.0019973
-5.1601e-05
0.0023024
0.0045787
0.0064429
0.0080452
0.0093193
0.0099407
0.010331
0.010865
0.011399
0.011912
0.012608
0.01338
0.014061
0.014633
0.014832
0.014273
0.012804
0.010478
0.0078114
0.0054481
0.0036987
0.0021649
0.00052436
-0.0011008
-0.0024502
-0.0032844
-0.0031134
-0.0022203
-0.0016108
-0.0012107
-0.00026497
0.0013367
0.0032042
0.005066
0.0069411
0.0089162
0.010478
0.011318
0.01153
0.011342
0.010695
0.0098963
0.0091988
0.0086053
0.0082264
0.0082914
0.0085156
0.0089416
0.010293
0.012376
0.014471
0.015667
0.015886
0.015538
0.015163
0.014866
0.014134
0.012861
0.011595
0.010804
0.010545
0.010905
0.011702
0.012945
0.014618
0.0166
0.018931
0.021897
0.02502
0.027664
0.029433
0.030678
0.03167
0.032308
0.032522
0.032458
0.032459
0.032724
0.032981
0.032997
0.032787
0.032404
0.031783
0.030313
0.028013
0.025658
0.023451
0.021146
0.018953
0.01702
0.015398
0.014067
0.01293
0.01161
0.010052
0.0084197
0.0064226
0.0037531
0.00060101
-0.002587
-0.0055281
-0.0078616
-0.0096834
-0.011265
-0.012838
-0.014436
-0.015738
-0.016589
-0.017097
-0.017505
-0.017819
-0.017575
-0.016708
-0.015662
-0.014457
-0.012738
-0.010909
-0.0092506
-0.0074519
-0.0055098
-0.0037025
-0.0020525
-0.00050583
0.00082458
0.0016311
0.0016525
0.0018099
0.0026319
0.0038619
0.0047829
0.0049491
0.0046477
0.0043522
0.0042695
0.0043352
0.0044577
0.004336
0.0038371
0.0031323
0.0023636
0.0015063
0.00072092
0.00010137
-0.00028945
-0.0005449
-0.00077405
-0.0010207
-0.0013342
-0.0021147
-0.0031689
-0.0040321
-0.0050539
-0.0066736
-0.0086141
-0.01017
-0.010925
-0.011372
-0.011965
-0.012746
-0.013262
-0.013066
-0.011861
-0.0097203
-0.0076062
-0.0059088
-0.0043038
-0.002478
-0.000397
0.0021284
0.004813
0.0067944
0.008117
0.0099038
0.012305
0.014614
0.016256
0.01735
0.018011
0.018206
0.0178
0.016854
0.015518
0.014425
0.013545
0.012465
0.01166
0.011356
0.010904
0.010112
0.0093216
0.0087049
0.0081439
0.0074121
0.0064461
0.0051489
0.003355
0.0010117
-0.0019908
-0.0052178
-0.0081128
-0.010209
-0.01159
-0.01254
-0.013046
-0.013082
-0.012894
-0.012824
-0.012987
-0.013341
-0.013817
-0.014381
-0.014847
-0.015109
-0.015822
-0.017295
-0.019226
-0.021449
-0.02422
-0.027388
-0.030387
-0.032512
-0.033862
-0.03434
-0.034391
-0.03429
-0.033469
-0.031719
-0.029146
-0.026772
-0.02558
-0.025035
-0.024457
-0.023961
-0.023797
-0.024083
-0.024548
-0.024895
-0.024906
-0.024617
-0.024151
-0.023476
-0.0224
-0.021045
-0.019646
-0.018329
-0.016872
-0.015027
-0.013361
-0.011998
-0.0088592
-0.0046517
-0.001761
-0.00026173
0.00098677
0.002486
0.0038176
0.004395
0.004271
0.003692
0.0030847
0.002583
0.001967
0.0013052
0.00090889
0.00081832
0.0009801
0.0015295
0.0024735
0.0036799
0.0049302
0.0061065
0.0071142
0.007693
0.0074844
0.0065837
0.0053925
0.0041497
0.0028256
0.0010639
-0.00095264
-0.0023963
-0.0034049
-0.0046302
-0.0058189
-0.0066766
-0.0075772
-0.0084398
-0.0088002
-0.0088149
-0.0087451
-0.0083616
-0.0080694
-0.0089621
-0.011062
-0.013746
-0.016647
-0.019654
-0.02279
-0.025538
-0.027518
-0.02903
-0.030311
-0.031224
-0.032159
-0.033479
-0.034849
-0.035731
-0.035679
-0.035081
-0.034263
-0.032767
-0.030482
-0.027807
-0.025193
-0.02278
-0.020046
-0.01677
-0.013951
-0.01174
-0.009438
-0.006791
-0.0041109
-0.0020849
-0.00088717
-0.00087994
-0.0016177
-0.0026123
-0.0032009
-0.0032381
-0.0038829
-0.0054941
-0.0072489
-0.0084401
-0.0090255
-0.0094808
-0.010024
-0.010453
-0.010707
-0.01092
-0.010873
-0.010405
-0.010007
-0.0098812
-0.00957
-0.0089664
-0.0083594
-0.0078801
-0.0075119
-0.0075051
-0.0075082
-0.0067132
-0.005334
-0.0040088
-0.0034912
-0.0036302
-0.00362
-0.0032446
-0.0028483
-0.0027379
-0.0029299
-0.003469
-0.0042356
-0.004927
-0.0055276
-0.0062326
-0.0074176
-0.0091703
-0.010952
-0.012448
-0.013728
-0.014933
-0.016064
-0.016886
-0.017298
-0.0174
-0.017403
-0.017363
-0.017301
-0.017176
-0.016775
-0.015928
-0.014326
-0.012436
-0.010734
-0.0087688
-0.0062877
-0.0037956
-0.0016858
4.6519e-05
0.0015483
0.0027957
0.0033598
0.0031691
0.002617
0.0018727
0.00075192
-0.00029506
-0.0010358
-0.0018734
-0.0029903
-0.0042234
-0.0053823
-0.0064759
-0.0078131
-0.0093971
-0.010842
-0.012061
-0.013178
-0.014021
-0.014513
-0.014604
-0.014532
-0.014562
-0.014579
-0.014442
-0.014498
-0.015017
-0.016001
-0.017187
-0.018457
-0.019632
-0.020604
-0.021249
-0.021816
-0.022679
-0.023504
-0.023707
-0.02313
-0.022246
-0.021918
-0.022342
-0.023255
-0.024242
-0.025164
-0.025512
-0.025507
-0.025913
-0.026234
-0.025841
-0.02428
-0.022239
-0.020637
-0.019296
-0.01749
-0.014475
-0.010644
-0.0073651
-0.005327
-0.0049245
-0.0049093
-0.0041677
-0.0027857
-0.001264
0.00036451
0.001999
0.0035241
0.0051739
0.0071082
0.0089961
0.010516
0.01154
0.012346
0.013144
0.01402
0.014889
0.01546
0.015682
0.015565
0.015166
0.014418
0.013312
0.011994
0.01062
0.0095911
0.0092775
0.0091509
0.008846
0.0089419
0.0095797
0.010435
0.011302
0.012263
0.013329
0.014432
0.015489
0.016448
0.017203
0.017651
0.017831
0.018143
0.018647
0.018829
0.018581
0.018188
0.018002
0.018056
0.018074
0.01795
0.01781
0.017653
0.017324
0.016614
0.015625
0.014686
0.013577
0.011527
0.0091096
0.0071324
0.0051234
0.0027165
0.00039763
-0.0016403
-0.003549
-0.0051192
-0.0062926
-0.0072464
-0.0082766
-0.0096172
-0.01078
-0.011407
-0.012104
-0.013328
-0.01515
-0.016885
-0.018057
-0.01893
-0.019897
-0.021087
-0.022585
-0.024499
-0.026348
-0.027754
-0.02869
-0.029329
-0.029664
-0.029877
-0.030055
-0.029895
-0.029304
-0.028421
-0.027492
-0.026536
-0.025098
-0.023064
-0.020616
-0.017809
-0.014542
-0.010938
-0.0071978
-0.0033713
-0.00040637
0.0010971
0.0018299
0.0026042
0.0039969
0.0055867
0.0067544
0.0076984
0.0088527
0.010489
0.012416
0.014336
0.015896
0.017044
0.018176
0.019319
0.019956
0.019881
0.019283
0.018267
0.016902
0.015377
0.013884
0.0126
0.011386
0.010099
0.0092522
0.0090154
0.0090754
0.0089403
0.0083394
0.0072121
0.0057077
0.00466
0.003928
0.0025726
0.00078893
-0.00072364
-0.0018391
-0.0027066
-0.003152
-0.0031806
-0.0028906
-0.0018895
-0.00011557
0.0019474
0.003867
0.0055454
0.0066914
0.0073942
0.0081353
0.0087698
0.0087369
0.0079161
0.0067591
0.0059043
0.0052741
0.0044407
0.0033152
0.002129
0.0013284
0.001075
0.0015418
0.0021797
0.0026021
0.0035541
0.0050792
0.0065088
0.0078004
0.0092718
0.010785
0.01218
0.013558
0.014589
0.014863
0.01552
0.017089
0.018768
0.01984
0.020248
0.020334
0.020304
0.020074
0.019578
0.018839
0.018378
0.018221
0.017718
0.016745
0.015541
0.014011
0.012015
0.0095621
0.0070282
0.0047005
0.002719
0.00094008
-0.00087771
-0.0023313
-0.0031084
-0.0039511
-0.0053787
-0.0072976
-0.0089811
-0.010025
-0.010561
-0.010618
-0.0097507
-0.0081599
-0.0063251
-0.0044941
-0.0025256
-0.0002291
0.0018501
0.0032706
0.0044925
0.0058175
0.0069732
0.0079899
0.0090202
0.0095106
0.0093447
0.0091131
0.0088464
0.0080869
0.0071143
0.0063319
0.0057758
0.0053769
0.0051848
0.0050319
0.0048289
0.0046829
0.0045599
0.0043419
0.0042009
0.0040422
0.0033252
0.002269
0.0013109
0.0001194
-0.0015292
-0.0033085
-0.0048372
-0.0060589
-0.0070473
-0.0077493
-0.0079228
-0.0077438
-0.0075166
-0.0074066
-0.007341
-0.0072011
-0.0069455
-0.0066232
-0.0063385
-0.006126
-0.0059669
-0.0058842
-0.0058623
-0.0055707
-0.0049112
-0.0040827
-0.0032816
-0.0025499
-0.0020248
-0.001828
-0.0020758
-0.0025126
-0.0029485
-0.0036303
-0.0046181
-0.0055782
-0.0064465
-0.0073178
-0.0077866
-0.0074481
-0.0060436
-0.004102
-0.0020346
3.914e-05
0.0020971
0.0039697
0.0057603
0.0075581
0.0087937
0.0093765
0.0099542
0.010879
0.012011
0.012858
0.013188
0.013025
0.012303
0.010811
0.0088775
0.0066841
0.0038591
0.0010429
-0.0007617
-0.0025064
-0.0052535
-0.0088865
-0.012409
-0.015172
-0.017569
-0.019939
-0.021265
-0.02149
-0.021319
-0.020861
-0.019992
-0.018706
-0.017329
-0.016216
-0.015468
-0.01488
-0.014198
-0.013582
-0.013329
-0.013055
-0.012401
-0.01161
-0.010864
-0.010066
-0.0093964
-0.0090115
-0.0086807
-0.0085016
-0.0088383
-0.0096477
-0.010753
-0.012035
-0.013466
-0.015088
-0.01711
-0.019568
-0.021828
-0.023716
-0.025533
-0.027348
-0.028988
-0.030312
-0.031263
-0.031806
-0.032262
-0.032793
-0.033172
-0.033595
-0.034488
-0.035235
-0.035384
-0.035853
-0.036737
-0.037299
-0.037597
-0.038046
-0.038637
-0.039109
-0.039315
-0.039455
-0.039701
-0.039997
-0.040287
-0.040642
-0.041206
-0.04208
-0.04346
-0.045001
-0.046212
-0.047073
-0.047807
-0.048668
-0.049742
-0.050976
-0.051786
-0.051725
-0.050466
-0.048573
-0.046552
-0.044582
-0.042601
-0.040525
-0.038378
-0.036261
-0.034032
-0.031683
-0.030055
-0.028968
-0.027522
-0.025972
-0.024989
-0.024625
-0.024519
-0.024364
-0.024078
-0.023719
-0.02324
-0.022379
-0.020716
-0.019148
-0.018549
-0.018862
-0.019425
-0.019575
-0.01926
-0.018804
-0.018599
-0.018693
-0.018976
-0.01922
-0.019347
-0.019552
-0.019784
-0.019584
-0.018826
-0.017693
-0.016185
-0.01435
-0.012473
-0.010476
-0.0080786
-0.00559
-0.00335
-0.0013802
0.0005726
0.0026413
0.0046156
0.0064303
0.0084616
0.010337
0.011359
0.012281
0.01386
0.015743
0.017313
0.018398
0.019142
0.019667
0.020097
0.020457
0.020674
0.020478
0.019853
0.019671
0.01981
0.019482
0.019127
0.019404
0.020043
0.020733
0.021563
0.022313
0.022813
0.023334
0.024003
0.024662
0.025203
0.025648
0.025996
0.026317
0.026701
0.027233
0.027878
0.028317
0.028478
0.02842
0.028267
0.028235
0.028332
0.028096
0.027433
0.026478
0.025176
0.023526
0.022173
0.021436
0.021156
0.020408
0.018776
0.016843
0.015143
0.013652
0.01212
0.010447
0.0087217
0.0071448
0.005874
0.0048867
0.0041031
0.0035314
0.0029144
0.0020905
0.0014363
0.0011407
0.00099905
0.00080597
0.00061295
0.00080196
0.0011918
0.0012211
0.00021447
-0.0015827
-0.0032585
-0.0045412
-0.0057488
-0.0070876
-0.0083817
-0.0092012
-0.0096029
-0.0098545
-0.009935
-0.009655
-0.0088869
-0.0079613
-0.0070927
-0.0060905
-0.0049441
-0.0038641
-0.0029859
-0.0022036
-0.0012212
-0.00011946
0.00081255
0.0015028
0.0020238
0.0023817
0.0029868
0.0041067
0.0054033
0.0069164
0.0090254
0.011066
0.012784
0.015464
0.01897
0.022098
0.024553
0.02679
0.02893
0.030695
0.031741
0.032039
0.031891
0.031352
0.030352
0.028853
0.027276
0.025893
0.024639
0.023412
0.022301
0.021598
0.021053
0.020105
0.019352
0.019164
0.019011
0.018821
0.018971
0.019075
0.018859
0.018621
0.018415
0.018029
0.017162
0.015964
0.014986
0.014301
0.013654
0.012987
0.012428
0.012048
0.011359
0.009979
0.0086589
0.0083632
0.0084425
0.0078334
0.0062033
0.0043108
0.0027258
0.001354
-2.352e-05
-0.0014684
-0.0030781
-0.0043728
-0.004793
-0.0051684
-0.006111
-0.0072867
-0.0083516
-0.0093987
-0.010871
-0.012537
-0.013791
-0.014279
-0.014077
-0.013268
-0.012634
-0.012698
-0.013155
-0.013357
-0.013039
-0.012665
-0.01243
-0.011895
-0.011125
-0.010457
-0.0099212
-0.0094124
-0.0089272
-0.0085711
-0.0083707
-0.0082631
-0.008311
-0.0085944
-0.0090768
-0.0095828
-0.0099884
-0.010388
-0.010844
-0.011266
-0.011661
-0.012053
-0.012217
-0.012251
-0.012486
-0.01279
-0.012929
-0.013152
-0.01329
-0.012902
-0.012314
-0.011715
-0.010631
-0.0090559
-0.0073333
-0.0056602
-0.0040554
-0.0025108
-0.0010717
0.00024147
0.0014425
0.0025679
0.0036125
0.0044498
0.0053158
0.0065598
0.0079684
0.0092697
0.010482
0.011589
0.012581
0.013735
0.015031
0.016205
0.017036
0.017648
0.018381
0.019224
0.019972
0.020867
0.021956
0.022832
0.02353
0.024242
0.024544
0.024457
0.024379
0.024459
0.024348
0.023452
0.022414
0.022099
0.022482
0.0232
0.024049
0.02466
0.024875
0.024736
0.02456
0.024532
0.024632
0.024549
0.024104
0.023459
0.022789
0.02208
0.021211
0.020139
0.018899
0.017769
0.016876
0.015949
0.014974
0.014093
0.013163
0.012088
0.010912
0.0096883
0.0084335
0.0071795
0.0065131
0.0066702
0.0065201
0.0052675
0.0029588
0.0004367
-0.001594
-0.0029746
-0.0042564
-0.0058842
-0.0079049
-0.0098891
-0.011535
-0.012882
-0.014021
-0.014882
-0.015456
-0.015862
-0.016267
-0.016654
-0.016907
-0.016851
-0.016792
-0.01709
-0.017729
-0.018446
-0.019096
-0.019665
-0.020237
-0.020886
-0.021265
-0.021138
-0.020872
-0.020703
-0.02046
-0.019648
-0.018329
-0.017119
-0.016187
-0.015233
-0.01377
-0.012117
-0.010935
-0.010357
-0.0098881
-0.0089264
-0.0079709
-0.0074045
-0.0067609
-0.0059588
-0.0052409
-0.0045154
-0.0037004
-0.0029106
-0.0025975
-0.0027019
-0.0026221
-0.0024564
-0.0026274
-0.003158
-0.0036344
-0.00372
-0.0035917
-0.0034867
-0.0033663
-0.0028746
-0.0018502
-0.00063038
0.00048379
0.001493
0.0025856
0.0037987
0.004901
0.0057351
0.0063917
0.0077588
0.0099114
0.011886
0.013117
0.013775
0.014098
0.014232
0.014008
0.013761
0.013859
0.014185
0.014493
0.014765
0.01524
0.016101
0.017423
0.018804
0.019905
0.021003
0.02224
0.023252
0.023908
0.024427
0.025307
0.026128
0.025735
0.02452
0.023531
0.023451
0.023945
0.024458
0.024589
0.024484
0.02455
0.024894
0.02537
0.025717
0.025859
0.025861
0.025795
0.02565
0.025303
0.024845
0.024444
0.023951
0.023288
0.02265
0.022119
0.021624
0.021222
0.020819
0.020091
0.019373
0.019008
0.018481
0.017702
0.017074
0.016588
0.016004
0.015199
0.014344
0.01367
0.01333
0.013235
0.013192
0.013061
0.012871
0.012828
0.012961
0.013175
0.013204
0.012943
0.012644
0.012286
0.011626
0.010985
0.010406
0.0093154
0.0079477
0.0068188
0.0058349
0.004936
0.0045403
0.004392
0.0040529
0.0036185
0.0034116
0.0035724
0.0038449
0.0039976
0.0039565
0.0040047
0.004387
0.0044978
0.0039891
0.0028985
0.0014758
-7.6145e-05
-0.00091507
-0.00097713
-0.0011252
-0.0017229
-0.002463
-0.0028329
-0.0027324
-0.0023553
-0.0020457
-0.0019475
-0.0019307
-0.0019367
-0.002135
-0.0024684
-0.0027994
-0.0031818
-0.0035844
-0.0037555
-0.0037571
-0.0037774
-0.0038446
-0.003881
-0.0038381
-0.0035724
-0.0029704
-0.0026174
-0.0026613
-0.0025057
-0.0016111
0.00023182
0.0026703
0.0050197
0.0065346
0.0077163
0.0093038
0.011066
0.012622
0.014216
0.015576
0.016159
0.016853
0.018178
0.019323
0.01994
0.020412
0.020957
0.021541
0.02218
0.022658
0.022718
0.022629
0.022648
0.02262
0.022615
0.02292
0.023459
0.024014
0.024511
0.024841
0.024832
0.024445
0.023837
0.023109
0.022338
0.021593
0.020946
0.020468
0.020268
0.02004
0.019418
0.018339
0.01705
0.015834
0.014589
0.013078
0.011612
0.010433
0.0094125
0.0083349
0.0071764
0.006214
0.0055277
0.0049186
0.0043603
0.0039716
0.0039155
0.0040983
0.004201
0.0041684
0.0041426
0.0041987
0.0041897
0.0038319
0.0033749
0.0031493
0.0031084
0.0030053
0.002635
0.0021144
0.0017988
0.0026369
0.0044126
0.0064555
0.0075832
0.0074484
0.0074605
0.00813
0.0084774
0.008091
0.007363
0.0067187
0.0062283
0.0057662
0.0050948
0.0042515
0.0039999
0.0041635
0.0039815
0.0033761
0.0026304
0.0016441
0.00068844
0.00022298
0.00020752
0.00030459
-0.00026065
-0.001336
-0.0022339
-0.0024726
-0.0022977
-0.0022805
-0.0025563
-0.0029039
-0.0030918
-0.0031342
-0.0031904
-0.0033449
-0.0035356
-0.003407
-0.0031152
-0.0034158
-0.0041044
-0.0045946
-0.0051424
-0.0059186
-0.0064479
-0.0067568
-0.0071591
-0.0075755
-0.0079281
-0.0084232
-0.0089943
-0.0094901
-0.010145
-0.011017
-0.011806
-0.012545
-0.013429
-0.014378
-0.015318
-0.016331
-0.017383
-0.018375
-0.01925
-0.020031
-0.020757
-0.021694
-0.022966
-0.024318
-0.025346
-0.025852
-0.026157
-0.02644
-0.026291
-0.025787
-0.025364
-0.02516
-0.024973
-0.024456
-0.023841
-0.023576
-0.023482
-0.023205
-0.022442
-0.02144
-0.020586
-0.019964
-0.019298
-0.018206
-0.016744
-0.0151
-0.013454
-0.011856
-0.010301
-0.0086244
-0.0066803
-0.0046847
-0.002966
-0.0017926
-0.00048551
0.0017118
0.0043068
0.0064935
0.0078859
0.0086916
0.0090257
0.0090406
0.0088434
0.0084709
0.0078548
0.0069117
0.0060339
0.0054072
0.0048024
0.0042441
0.0039335
0.0040827
0.0045521
0.0049126
0.0049568
0.0048214
0.0049423
0.0055274
0.0065572
0.0071049
0.0065833
0.0054575
0.0044348
0.0039963
0.0040308
0.0042329
0.0044327
0.0044828
0.0041449
0.0036874
0.0034279
0.0033262
0.0030931
0.0024591
0.0019065
0.0018206
0.0015836
0.00090956
7.266e-05
-0.00075518
-0.0016541
-0.002712
-0.0037094
-0.0043589
-0.004697
-0.0048426
-0.0048071
-0.0046054
-0.0043031
-0.0043046
-0.0047018
-0.0053106
-0.0057936
-0.0059397
-0.0058712
-0.0058255
-0.0060161
-0.0063558
-0.0066607
-0.0068419
-0.0069335
-0.0069728
-0.0070415
-0.0071695
-0.0071449
-0.0068806
-0.0064971
-0.0060536
-0.0054491
-0.004579
-0.0036011
-0.0028799
-0.0022402
-0.0013016
-0.0001063
0.00096731
0.0015092
0.0018773
0.0025279
0.0030293
0.0032297
0.0037549
0.0044161
0.0047453
0.0051757
0.0059756
0.0067783
0.0075715
0.0086045
0.0099866
0.011487
0.012667
0.013565
0.014478
0.015656
0.017247
0.019325
0.021489
0.023422
0.024853
0.025778
0.026271
0.026687
0.027154
0.027515
0.027599
0.02738
0.027147
0.026907
0.026242
0.025434
0.02496
0.024275
0.023091
0.021947
0.021211
0.0208
0.020581
0.020482
0.020598
0.020489
0.019801
0.018876
0.018239
0.01809
0.018184
0.018241
0.018159
0.017985
0.017754
0.017549
0.017326
0.016892
0.016244
0.015526
0.014946
0.014475
0.013967
0.013382
0.012753
0.011987
0.011149
0.010367
0.0094803
0.0083738
0.0070211
0.0056466
0.0044804
0.0034428
0.0022876
0.00080791
-0.00058067
-0.0014982
-0.002282
-0.0031811
-0.0037192
-0.0038914
-0.0040929
-0.0042602
-0.0042565
-0.0042087
-0.00407
-0.0037559
-0.0035389
-0.00352
-0.0034815
-0.0031661
-0.0025732
-0.0020229
-0.001635
-0.0012891
-0.00084976
-0.00039686
-0.00048151
-0.0010886
-0.0018404
-0.0025854
-0.0034054
-0.0044774
-0.0059449
-0.0078434
-0.0096718
-0.011208
-0.012708
-0.014161
-0.01539
-0.01643
-0.017412
-0.018441
-0.019498
-0.020523
-0.021467
-0.022147
-0.022293
-0.021637
-0.020546
-0.019891
-0.019782
-0.019788
-0.019558
-0.019401
-0.019832
-0.020774
-0.02184
-0.022776
-0.023528
-0.02416
-0.024763
-0.025343
-0.025784
-0.026023
-0.026056
-0.02573
-0.025289
-0.024976
-0.02375
-0.021762
-0.020938
-0.02133
-0.021786
-0.021815
-0.021445
-0.020727
-0.020078
-0.019691
-0.019422
-0.019254
-0.019294
-0.019576
-0.019901
-0.020011
-0.019871
-0.01969
-0.020156
-0.020953
-0.021288
-0.02128
-0.021407
-0.02182
-0.022156
-0.022184
-0.022343
-0.022803
-0.023294
-0.023205
-0.022647
-0.022432
-0.022776
-0.023241
-0.023024
-0.022318
-0.021797
-0.02152
-0.021158
-0.020556
-0.019806
-0.019039
-0.018417
-0.017819
-0.016852
-0.01545
-0.013843
-0.012376
-0.011168
-0.010147
-0.009052
-0.0079258
-0.0071598
-0.0064676
-0.0053654
-0.0043664
-0.0039332
-0.00394
-0.0038819
-0.0035752
-0.0034433
-0.0036705
-0.0041014
-0.0046421
-0.0050927
-0.0050297
-0.0047776
-0.004813
-0.0051318
-0.0053085
-0.0050498
-0.0047363
-0.0046365
-0.0045541
-0.0043633
-0.0041472
-0.0040634
-0.0040821
-0.0040384
-0.0044149
-0.0054891
-0.0062275
-0.0062004
-0.0056837
-0.0053725
-0.0055563
-0.0059582
-0.0063988
-0.0070059
-0.0076939
-0.0082843
-0.0086489
-0.0089579
-0.0093799
-0.009779
-0.0099619
-0.0098405
-0.0096815
-0.0096989
-0.0097636
-0.009846
-0.010186
-0.010531
-0.010505
-0.009901
-0.009183
-0.0089687
-0.0098105
-0.011216
-0.011942
-0.011825
-0.011362
-0.011007
-0.010711
-0.01016
-0.0094624
-0.0088852
-0.0084395
-0.0080325
-0.0076933
-0.007527
-0.0075382
-0.0074809
-0.007396
-0.0074881
-0.0074358
-0.0071718
-0.0071757
-0.0073466
-0.0072505
-0.006911
-0.006644
-0.0067033
-0.0069634
-0.0072038
-0.0073321
-0.0075073
-0.007998
-0.0086692
-0.0092844
-0.0098796
-0.01049
-0.01102
-0.011215
-0.011129
-0.011113
-0.011279
-0.011483
-0.01141
-0.011125
-0.011051
-0.011046
-0.010836
-0.010798
-0.011028
-0.011241
-0.011187
-0.010884
-0.010562
-0.010258
-0.0098409
-0.009439
-0.009075
-0.0084964
-0.0076414
-0.0065981
-0.0056408
-0.0047507
-0.0035934
-0.0025143
-0.0019313
-0.0016103
-0.0013309
-0.0012588
-0.0014778
-0.0018798
-0.002231
-0.0025936
-0.0032864
-0.0041467
-0.0046768
-0.0038519
-0.0022292
-0.0010365
-0.00030679
0.00050126
0.0011837
0.0016176
0.0019195
0.0020785
0.0020217
0.0018122
0.0015623
0.0013
0.0011
0.0010609
0.0013695
0.0016712
0.0012956
0.0007903
0.00078774
0.00057189
-5.8028e-05
-0.00046928
-0.00054198
-0.00074505
-0.0020516
-0.0039613
-0.0053471
-0.0060254
-0.0064446
-0.006989
-0.0076986
-0.0084422
-0.0091066
-0.009689
-0.010183
-0.01063
-0.011077
-0.011621
-0.012229
-0.012467
-0.012489
-0.012737
-0.012882
-0.012683
-0.012553
-0.012659
-0.012781
-0.012837
-0.012945
-0.013071
-0.013089
-0.012787
-0.012446
-0.012469
-0.012471
-0.012032
-0.01133
-0.010733
-0.010364
-0.010099
-0.0097893
-0.009212
-0.0085274
-0.0080449
-0.0079018
-0.0079283
-0.0073711
-0.0065848
-0.0064682
-0.0065842
-0.0061828
-0.0051079
-0.0039872
-0.0033906
-0.0031737
-0.002916
-0.0023434
-0.0016879
-0.0012882
-0.0011248
-0.0010421
-0.0010458
-0.0011958
-0.0015162
-0.0018362
-0.0019727
-0.0015817
-0.00087246
-0.00025393
0.00025066
0.00080538
0.0014321
0.0019751
0.0023023
0.0026585
0.0030688
0.0027461
0.0022362
0.0027544
0.0040489
0.0051807
0.0055917
0.0054538
0.005007
0.0046213
0.0042684
0.0035349
0.0024633
0.0013284
0.0002222
-0.0009054
-0.0020723
-0.0032759
-0.0044944
-0.005625
-0.0067111
-0.0079447
-0.0088942
-0.009219
-0.0094762
-0.0097269
-0.0092036
-0.0086175
-0.0089711
-0.010186
-0.011302
-0.011674
-0.011581
-0.011467
-0.01154
-0.011567
-0.011262
-0.010899
-0.010705
-0.010211
-0.0094581
-0.0089053
-0.0084444
-0.0078113
-0.0069295
-0.005949
-0.0050273
-0.0043377
-0.0038567
-0.0035308
-0.0032792
-0.0030499
-0.0027713
-0.0024501
-0.0021654
-0.0017277
-0.00091458
-0.00036671
-0.00030019
-0.00010742
0.00035425
0.00076983
0.0011566
0.0015882
0.0019143
0.0021953
0.0025917
0.0029699
0.0032177
0.0034099
0.0034586
0.0032915
0.0032443
0.0034322
0.0036145
0.0037205
0.0038126
0.0036831
0.0034649
0.0035609
0.003779
0.0037758
0.0036565
0.0035675
0.003428
0.0031203
0.002643
0.0021235
0.001679
0.0013319
0.00091225
0.00035098
-8.496e-05
-0.00024218
-0.0001603
3.2482e-05
0.00025137
0.00049868
0.00088534
0.0014337
0.0014291
0.0007287
1.2256e-05
7.7294e-05
0.0012217
0.0023262
0.0026539
0.0024325
0.0022727
0.0023732
0.0025874
0.0026819
0.0024986
0.0021607
0.0018452
0.0016222
0.0014599
0.0013416
0.0011699
0.00090542
0.00071385
0.00062995
0.00055837
0.00062936
0.0010281
0.0018938
0.0029004
0.0036294
0.0035889
0.0026941
0.0016418
0.0009476
0.00061668
0.00053701
0.00055961
0.00055878
0.00057459
0.00071738
0.0010733
0.0016637
0.0025291
0.0034312
0.0041537
0.0048268
0.0055647
0.0062502
0.0067843
0.0071636
0.0072729
0.0071682
0.0071212
0.0070852
0.0069133
0.0068144
0.0068148
0.0067053
0.0066086
0.0067215
0.006922
0.0071848
0.007651
0.0082843
0.008987
0.0096584
0.010278
0.010859
0.01136
0.011769
0.012056
0.012368
0.01288
0.013471
0.014027
0.014627
0.015195
0.015575
0.015914
0.016294
0.016548
0.01665
0.016699
0.016877
0.017085
0.016949
0.016683
0.016618
0.016519
0.016193
0.01566
0.01513
0.014741
0.0145
0.014303
0.014093
0.01379
0.013337
0.012676
0.011938
0.011275
0.010581
0.009609
0.0078263
0.0059708
0.0052147
0.005435
0.0057752
0.0056399
0.0052293
0.0049327
0.0048529
0.0049196
0.0051617
0.0053009
0.0051642
0.0052161
0.0055772
0.0057656
0.0057568
0.0058326
0.0060145
0.0061594
0.006159
0.0059336
0.0055622
0.0055767
0.0061031
0.006905
0.0076228
0.0080358
0.0074533
0.0064109
0.005934
0.0061629
0.0066468
0.0068464
0.0067739
0.0067285
0.0068095
0.0069156
0.0069081
0.0067696
0.0065355
0.0061445
0.0056663
0.0053493
0.0052127
0.005181
0.0054093
0.0059353
0.0065878
0.0073124
0.0081578
0.0090735
0.01
0.010901
0.011516
0.011684
0.011514
0.011154
0.010678
0.010303
0.010135
0.0099267
0.0096499
0.0096131
0.010146
0.011215
0.012233
0.013021
0.01385
0.014974
0.016228
0.016524
0.015999
0.015539
0.01518
0.014506
0.01368
0.012806
0.011768
0.010911
0.010393
0.009987
0.0095543
0.0091936
0.0091296
0.009345
0.0096106
0.0097044
0.009574
0.0095247
0.0095465
0.0091609
0.0085164
0.0079323
0.0068263
0.0050985
0.0035671
0.0025179
0.0016057
0.00038968
-0.0010106
-0.0022099
-0.0028227
-0.0027812
-0.0023712
-0.0021988
-0.0026676
-0.0033683
-0.0038825
-0.0042705
-0.0046653
-0.0050526
-0.0055737
-0.0061806
-0.0065555
-0.0067706
-0.0070537
-0.0071791
-0.0069312
-0.0063398
-0.0056815
-0.0051398
-0.0048105
-0.0044906
-0.0037624
-0.0027671
-0.0019239
-0.0018684
-0.0025113
-0.0031592
-0.0031674
-0.0025
-0.001599
-0.00081628
-0.00014761
0.00063268
0.0016094
0.0025323
0.0032116
0.0036507
0.0040539
0.0044903
0.0047521
0.0048605
0.004994
0.0050419
0.004917
0.0047066
0.0045961
0.0047322
0.0052292
0.0060573
0.0071409
0.0081851
0.0090185
0.010094
0.011563
0.013004
0.014165
0.015137
0.016316
0.017787
0.019263
0.020274
0.020695
0.020821
0.020928
0.021138
0.021176
0.020851
0.020496
0.020345
0.020311
0.020178
0.019889
0.019617
0.019577
0.019843
0.020037
0.019998
0.020366
0.021137
0.021782
0.022325
0.023003
0.023529
0.02392
0.02445
0.024845
0.024924
0.024899
0.024879
0.024751
0.024481
0.024095
0.023568
0.022925
0.022173
0.021303
0.020196
0.018614
0.017194
0.01662
0.017197
0.018041
0.018078
0.017574
0.017242
0.017194
0.017148
0.01692
0.016653
0.016498
0.016324
0.015999
0.015523
0.01518
0.015119
0.015149
0.014851
0.014017
0.013523
0.013707
0.013815
0.013683
0.013768
0.0138
0.013343
0.012253
0.010866
0.0094566
0.0085465
0.0082181
0.0081559
0.0080451
0.0078335
0.0074677
0.0071822
0.0075065
0.0081549
0.0086197
0.008907
0.0091138
0.0090414
0.00866
0.0080504
0.0070831
0.0060898
0.0055435
0.0051737
0.0045989
0.0037224
0.0026884
0.0016354
0.00089981
0.00049459
0.00010246
-0.00043642
-0.0010185
-0.0013741
-0.0014631
-0.0014483
-0.0012231
-0.00073547
-0.00083477
-0.0016097
-0.0021181
-0.00224
-0.0024759
-0.0030203
-0.0036982
-0.0042983
-0.0047529
-0.0051318
-0.0055883
-0.0061185
-0.0066096
-0.0071186
-0.0076621
-0.0077458
-0.0073654
-0.0068876
-0.0065794
-0.0063673
-0.0059892
-0.0055368
-0.0052969
-0.0052344
-0.0051768
-0.0050739
-0.0048658
-0.0044254
-0.0035625
-0.002324
-0.00092935
0.00023444
0.00096845
0.0018852
0.0030252
0.0034691
0.003176
0.0026966
0.0028838
0.0038278
0.0050312
0.0057766
0.0057737
0.0057746
0.0061582
0.0064514
0.0064961
0.0065331
0.0066347
0.0066113
0.0061765
0.0057863
0.0059742
0.006026
0.0055635
0.0052181
0.0053729
0.0058194
0.0060519
0.0059991
0.0059993
0.006623
0.0078964
0.0084601
0.0078815
0.0070046
0.0066186
0.0067397
0.0071351
0.0075698
0.0078415
0.0081741
0.008785
0.0093622
0.0097229
0.010052
0.010366
0.010566
0.010795
0.010948
0.010529
0.0097242
0.0089442
0.0080261
0.0068635
0.0057847
0.0048644
0.0039885
0.0033216
0.0027926
0.0021473
0.0015164
0.0011441
0.0010801
0.00088953
0.00015451
-0.00057835
-0.00087602
-0.0013372
-0.0021055
-0.0027533
-0.0033328
-0.0041171
-0.005137
-0.0060602
-0.0066085
-0.0072956
-0.0084542
-0.0093267
-0.0097176
-0.010062
-0.010343
-0.010465
-0.010741
-0.010947
-0.01059
-0.010081
-0.0098375
-0.0097045
-0.0096427
-0.0098436
-0.010017
-0.0099456
-0.0096854
-0.0095532
-0.0097712
-0.010034
-0.010146
-0.010299
-0.010588
-0.010915
-0.011044
-0.010974
-0.010956
-0.011108
-0.011416
-0.012111
-0.013091
-0.013612
-0.013285
-0.012214
-0.011539
-0.011773
-0.012023
-0.01169
-0.01099
-0.010449
-0.010188
-0.0097956
-0.0091949
-0.0087087
-0.0084728
-0.0083944
-0.0084217
-0.0084946
-0.0085867
-0.0087795
-0.0091131
-0.0094301
-0.0096
-0.0095648
-0.0092417
-0.0087116
-0.0088355
-0.0098393
-0.011165
-0.012104
-0.012422
-0.012496
-0.012635
-0.012785
-0.012824
-0.012728
-0.012656
-0.012754
-0.013096
-0.013519
-0.01388
-0.014167
-0.014447
-0.014758
-0.015022
-0.015153
-0.015403
-0.0159
-0.016173
-0.016148
-0.016139
-0.016201
-0.016168
-0.015861
-0.015452
-0.015201
-0.014915
-0.014415
-0.01411
-0.014001
-0.013637
-0.012971
-0.012302
-0.012156
-0.012378
-0.012202
-0.011488
-0.010648
-0.010292
-0.010396
-0.010463
-0.010309
-0.010115
-0.010085
-0.010164
-0.010122
-0.0099118
-0.0096092
-0.0092917
-0.0089435
-0.008364
-0.0076544
-0.0070619
-0.0064651
-0.0057099
-0.0050721
-0.0044792
-0.0036131
-0.0029357
-0.0028303
-0.0027193
-0.0022519
-0.0016031
-0.0012262
-0.0012259
-0.0010314
-0.00059793
-0.00046937
-0.00077157
-0.0012905
-0.0021612
-0.0031476
-0.0033784
-0.0031672
-0.0032838
-0.0040587
-0.0051218
-0.0058966
-0.0063912
-0.0069008
-0.0073675
-0.0076608
-0.0078209
-0.0078809
-0.0077765
-0.0075355
-0.0072254
-0.0067957
-0.0062209
-0.0055197
-0.004731
-0.0038585
-0.0027204
-0.0013915
-6.6737e-05
0.0015497
0.0035266
0.0044666
0.0042785
0.0037882
0.0036428
0.0038247
0.0039772
0.0038984
0.0036243
0.0033736
0.0032804
0.0033613
0.0034717
0.0034759
0.0034384
0.0034819
0.0037198
0.0040169
0.0040323
0.003685
0.0030563
0.0025099
0.0021687
0.0018495
0.0013024
0.0004368
-0.00045275
-0.0010902
-0.0013732
-0.0015846
-0.0019926
-0.0027271
-0.0036279
-0.0043807
-0.0052548
-0.0066672
-0.0077018
-0.0079584
-0.0083159
-0.0091418
-0.010032
-0.010375
-0.010085
-0.009838
-0.009821
-0.0096713
-0.0092204
-0.0086023
-0.0081728
-0.0079202
-0.007577
-0.0070658
-0.0065074
-0.0060748
-0.0057071
-0.005216
-0.004834
-0.0047718
-0.0045984
-0.004149
-0.0037961
-0.0036882
-0.003647
-0.0033196
-0.002729
-0.0022327
-0.0022254
-0.0028442
-0.0031289
-0.0027644
-0.0025201
-0.002909
-0.0038085
-0.0042459
-0.0038655
-0.0031021
-0.0022892
-0.0014127
-0.00060486
1.7465e-05
0.00038578
0.00082736
0.0016042
0.0026407
0.0037131
0.004765
0.0056502
0.0063012
0.0069902
0.0078069
0.0085385
0.0090314
0.0093006
0.0093414
0.0092569
0.0091056
0.0088049
0.0084045
0.0085866
0.0089731
0.008643
0.007655
0.0064661
0.0052217
0.0042591
0.0039688
0.0039149
0.0036836
0.0033164
0.0030721
0.0030737
0.0031579
0.0031799
0.0031838
0.0033494
0.0037976
0.0042859
0.0045597
0.0045181
0.0045615
0.0050874
0.0059031
0.006559
0.0067095
0.0067409
0.0071156
0.0076121
0.0078734
0.0078191
0.0075539
0.0071894
0.0068814
0.0065873
0.006113
0.0056015
0.0052201
0.0045877
0.0035845
0.0025809
0.0017531
0.00097708
8.5423e-05
-0.00097202
-0.0022183
-0.0033264
-0.0040783
-0.0047443
-0.0054284
-0.005953
-0.0063418
-0.0067129
-0.0071593
-0.0076057
-0.0079342
-0.0081814
-0.0084065
-0.0084853
-0.0084258
-0.0083656
-0.0085352
-0.0088501
-0.008743
-0.0083122
-0.0080333
-0.0077489
-0.007361
-0.0072878
-0.0074148
-0.0073462
-0.0069982
-0.0067039
-0.0069457
-0.0076601
-0.0085286
-0.0094311
-0.010181
-0.01025
-0.0099233
-0.0097571
-0.010026
-0.010534
-0.011041
-0.01135
-0.011462
-0.011479
-0.011521
-0.011613
-0.011588
-0.011423
-0.011383
-0.011344
-0.010968
-0.010481
-0.010185
-0.010094
-0.010112
-0.010186
-0.0098916
-0.0091755
-0.0084981
-0.0085416
-0.009431
-0.010482
-0.011237
-0.011663
-0.01198
-0.012336
-0.012819
-0.013247
-0.013283
-0.013199
-0.013318
-0.013298
-0.013076
-0.012937
-0.012789
-0.012482
-0.012376
-0.012485
-0.012525
-0.012579
-0.012742
-0.012733
-0.012446
-0.01201
-0.01169
-0.011628
-0.011884
-0.012178
-0.012276
-0.012278
-0.012414
-0.01285
-0.01343
-0.013906
-0.013967
-0.013846
-0.014005
-0.014319
-0.014463
-0.014411
-0.014337
-0.014337
-0.014325
-0.014231
-0.014221
-0.014569
-0.015373
-0.015768
-0.015505
-0.015481
-0.015826
-0.015935
-0.015802
-0.015707
-0.015695
-0.015868
-0.01638
-0.01695
-0.017318
-0.017483
-0.017704
-0.018095
-0.018299
-0.018143
-0.01781
-0.017534
-0.017342
-0.017057
-0.01661
-0.016038
-0.015643
-0.015669
-0.016289
-0.01665
-0.015768
-0.014204
-0.012762
-0.011789
-0.011159
-0.01071
-0.010038
-0.0090621
-0.008348
-0.0081159
-0.0081538
-0.0082131
-0.0082399
-0.0080663
-0.0077903
-0.0076343
-0.0076537
-0.0077514
-0.0079104
-0.0080575
-0.0081126
-0.0082321
-0.0083129
-0.0078503
-0.0073739
-0.0077155
-0.0098556
-0.010625
-0.01118
-0.011414
-0.011303
-0.011185
-0.011166
-0.011038
-0.01094
-0.011031
-0.010761
-0.0099498
-0.0090496
-0.0083252
-0.00771
-0.0072633
-0.0067962
-0.0059367
-0.0048519
-0.0038698
-0.0030274
-0.0021763
-0.0012234
-0.00029471
0.00047277
0.0010651
0.001593
0.0021343
0.0026188
0.0029427
0.0030195
0.0030409
0.003247
0.003644
0.0040738
0.0041541
0.0039694
0.0038659
0.0040398
0.0043372
0.0043688
0.0042786
0.0044795
0.0049491
0.0054877
0.0060724
0.0066887
0.0073018
0.0078482
0.0082895
0.0085951
0.0087715
0.0088124
0.0088925
0.0089267
0.0084836
0.0079115
0.0076723
0.0074121
0.0068317
0.0061174
0.005409
0.0047145
0.0042758
0.0040183
0.0036785
0.0033198
0.0031362
0.0031615
0.0031792
0.0029139
0.0023142
0.0014977
0.00063162
0.00011536
0.00030098
0.0008717
0.0014549
0.0016787
0.0015835
0.0012727
0.0011515
0.0014236
0.0017548
0.0020488
0.0026883
0.0035648
0.0043207
0.0047532
0.0050175
0.0052658
0.0054829
0.0055874
0.0055381
0.0054841
0.0056537
0.0058979
0.0060936
0.0067894
0.0077595
0.0081208
0.0076692
0.0068821
0.0066599
0.0070006
0.0073714
0.0076357
0.0079634
0.0081482
0.0081927
0.0083125
0.0084442
0.0083907
0.0080204
0.007553
0.0072897
0.0070196
0.0064979
0.0060323
0.0058209
0.0058208
0.0057287
0.0054013
0.0050983
0.0051288
0.0055834
0.0060413
0.0062385
0.0063343
0.0065147
0.00678
0.0071318
0.0075789
0.0080575
0.0084808
0.0088097
0.0090934
0.0093438
0.0094206
0.0093205
0.0091389
0.0089272
0.0087031
0.0086868
0.0088127
0.0088543
0.0088158
0.008769
0.008482
0.0081628
0.0082101
0.0081131
0.0074732
0.0070848
0.0071138
0.00701
0.0066471
0.0063343
0.0066503
0.0073224
0.0077177
0.007726
0.0076106
0.0076668
0.0077263
0.0074496
0.006973
0.0065125
0.0059659
0.0053917
0.004973
0.004308
0.0030994
0.0017918
0.00091338
0.00081285
0.0010143
0.00097879
0.00053946
-0.00011207
-0.0009295
-0.0016331
-0.0019796
-0.0018458
-0.0015606
-0.001477
-0.0014819
-0.0013351
-0.001018
-0.00062283
-0.00018147
0.00012361
0.00021338
0.0004525
0.0010157
0.0017492
0.0024334
0.0030606
0.0039684
0.0050124
0.0054446
0.0054222
0.0055437
0.006255
0.0074032
0.0087582
0.0099632
0.010766
0.011434
0.012217
0.012993
0.013604
0.014046
0.01449
0.015011
0.015455
0.015806
0.016209
0.016705
0.01721
0.017549
0.017819
0.018277
0.018768
0.019076
0.019398
0.019768
0.019909
0.019751
0.019437
0.019123
0.01882
0.018476
0.018083
0.017676
0.017309
0.016953
0.016497
0.016023
0.015658
0.015228
0.014646
0.014067
0.013599
0.01324
0.013015
0.01287
0.012632
0.0123
0.011993
0.011804
0.011714
0.01172
0.011716
0.01158
0.011396
0.01127
0.011252
0.011309
0.011406
0.011417
0.011292
0.011122
0.010926
0.010623
0.010161
0.0095551
0.0089547
0.0084894
0.0081845
0.0077974
0.0071625
0.0062754
0.0054237
0.0049643
0.0049788
0.0052682
0.0053188
0.005049
0.0046571
0.0043729
0.0042396
0.0041804
0.0040737
0.003835
0.0033781
0.0027518
0.0023887
0.0022119
0.001728
0.0009135
8.1997e-05
-0.00038
-0.00057578
-0.00095916
-0.0015192
-0.0019566
-0.0019629
-0.0017097
-0.0017358
-0.0023657
-0.0034457
-0.0043093
-0.0046692
-0.0046131
-0.0044882
-0.0044725
-0.0045229
-0.0045807
-0.0047244
-0.0048451
-0.0048131
-0.0046259
-0.0043714
-0.0041333
-0.0039419
-0.0037602
-0.0033467
-0.0027544
-0.0023799
-0.0021884
-0.0019053
-0.0015146
-0.0011474
-0.00089366
-0.0008158
-0.0009432
-0.0010012
-0.0008619
-0.00063139
-0.00041792
-0.00022154
-0.00012309
-0.00013054
7.9183e-05
0.00047444
0.00077354
0.00091768
0.0010289
0.001244
0.0015366
0.0018106
0.0020184
0.0021776
0.0023086
0.0024408
0.0025983
0.0027797
0.0029307
0.0028196
0.0025678
0.0025014
0.0025848
0.0026128
0.0025232
0.002445
0.0025424
0.002637
0.002537
0.002372
0.0022901
0.002284
0.0021425
0.0017518
0.0012246
0.00072705
0.00038371
9.7648e-05
-0.00027076
-0.00083084
-0.0014486
-0.0018315
-0.0023178
-0.0031977
-0.0036802
-0.0034051
-0.0028441
-0.0025625
-0.0026435
-0.0029237
-0.0032155
-0.0033769
-0.0034004
-0.0033695
-0.0034463
-0.0036564
-0.0039189
-0.0040869
-0.0041172
-0.0041228
-0.0041581
-0.0041595
-0.0040698
-0.0039065
-0.0037736
-0.003707
-0.0036547
-0.0033619
-0.0027546
-0.0023593
-0.0023748
-0.0025028
-0.0024608
-0.0022396
-0.0018713
-0.0014655
-0.0012114
-0.0010722
-0.00093656
-0.00092584
-0.0010891
-0.0012829
-0.001422
-0.0015252
-0.0015564
-0.0015088
-0.0014318
-0.0013212
-0.0011347
-0.00077604
-0.00030129
8.341e-05
0.00037731
0.00071415
0.0012061
0.0017561
0.0021321
0.0023536
0.002556
0.0027975
0.0029932
0.0029962
0.0028959
0.0028485
0.0029376
0.0030863
0.0031517
0.003152
0.0031743
0.003165
0.0030763
0.0029464
0.0027902
0.0025727
0.0023105
0.0020524
0.0018401
0.0016443
0.0014171
0.0011159
0.0007943
0.00057803
0.0004583
0.00036543
0.00024619
9.3804e-05
-8.8974e-05
-0.00022422
-0.00026009
-0.00040817
-0.00071158
-0.00094286
-0.0010674
-0.0012084
-0.0013855
-0.0015813
-0.0018386
-0.0020817
-0.0022183
-0.0023607
-0.0025728
-0.0027679
-0.0029833
-0.0032637
-0.0033418
-0.0031487
-0.0029065
-0.0027908
-0.0027904
-0.0028663
-0.002959
-0.0029795
-0.0029568
-0.0029564
-0.0029701
-0.0029683
-0.0029513
-0.002904
-0.0028185
-0.0027277
-0.0026369
-0.0025099
-0.0023698
-0.0022522
-0.0021323
-0.0019854
-0.0018151
-0.0016029
-0.0013528
-0.0012047
-0.0012366
-0.0014401
-0.0016
-0.0015863
-0.001511
-0.0014982
-0.0015584
-0.0016275
-0.001665
-0.0016708
-0.0016637
-0.0016466
-0.0016524
-0.0016944
-0.0017078
-0.0016839
-0.0016711
-0.0017017
-0.0017552
-0.0017425
-0.0016717
-0.00161
-0.0015934
-0.0016015
-0.0015697
-0.0015053
-0.0014633
-0.0014401
-0.0013982
-0.0013088
-0.0011974
-0.0011003
-0.0010266
-0.00096233
-0.00088612
-0.00080287
-0.00073262
-0.00068168
-0.00064182
-0.00060043
-0.00056659
-0.00056818
-0.0005967
-0.00062319
-0.00060904
-0.00057475
-0.00056191
-0.00058908
-0.00064053
-0.00066299
-0.00067168
-0.00071592
-0.00076035
-0.00076543
-0.00076572
-0.00078065
-0.00079417
-0.00080668
-0.00082588
-0.00084124
-0.00084697
-0.00084705
-0.00084558
-0.00084464
-0.0008557
-0.00086723
-0.00085988
-0.00084167
-0.00082714
-0.00082329
-0.00082453
-0.00082718
-0.0008522
-0.00089424
-0.00089722
-0.00085702
-0.000808
-0.0007817
-0.0007756
-0.00077751
-0.00077776
-0.00077532
-0.00077444
-0.00077655
-0.00077759
-0.00078068
-0.00078971
-0.00078147
-0.00075361
-0.00073969
-0.00074027
-0.00073158
-0.00070959
-0.00068763
-0.00068471
-0.00068425
-0.00065956
-0.0006207
-0.00058936
-0.00058174
-0.00059138
-0.00060526
-0.00060629
-0.00059476
-0.0005808
-0.00056903
-0.00055698
-0.0005463
-0.0005374
-0.0005253
-0.00051192
-0.0005029
-0.00049832
-0.00049509
-0.00049241
-0.00049015
-0.00048806
-0.00048694
-0.00048703
-0.00048829
-0.00048657
-0.00047799
-0.0004686
-0.00046284
-0.00045833
-0.00045138
-0.00044134
-0.00043325
-0.00042846
-0.00042122
-0.00041166
-0.00040418
-0.00039982
-0.00039663
-0.0003929
-0.00038923
-0.0003872
-0.00038873
-0.00039237
-0.00039321
-0.00039242
-0.00039419
-0.0003992
-0.00040535
-0.00041203
-0.0004185
-0.00042382
-0.00042714
-0.00042881
-0.00042967
-0.00043056
-0.00043172
-0.00043318
-0.00043468
-0.0004359
-0.00043664
-0.00043694
-0.00043742
-0.00043818
-0.00043873
-0.00043893
-0.00043907
-0.00043958
-0.00044035
-0.00044078
-0.00044065
-0.00044009
-0.00044
-0.00044027
-0.00043969
-0.00043874
-0.00043856
-0.00043971
-0.00044117
-0.00044134
-0.0004401
-0.00043812
-0.000437
-0.00043696
-0.00043713
-0.00043679
-0.00043601
-0.00043531
-0.00043479
-0.00043414
-0.00043321
-0.00043209
-0.00043105
-0.00043009
-0.00042898
-0.00042771
-0.00042645
-0.00042528
-0.0004241
-0.00042278
-0.0004214
-0.00042012
-0.00041861
-0.00041684
-0.00041517
-0.00041376
-0.00041254
-0.00041114
-0.00040946
-0.00040767
-0.00040589
-0.00040409
-0.00040225
-0.00040037
-0.00039849
-0.00039659
-0.00039468
-0.00039274
-0.00039077
-0.00038879
-0.00038682
-0.00038487
-0.00038289
-0.00038088
-0.00037886
-0.00037686
-0.00037486
-0.00037287
-0.00037087
-0.00036886
-0.00036684
-0.00036483
-0.00036282
-0.0003608
-0.00035878
-0.00035677
-0.00035476
-0.00035275
-0.00035073
-0.00034872
-0.00034671
-0.0003447
-0.00034269
-0.00034068
-0.00033867
-0.00033666
-0.00033464
-0.00033263
-0.00033061
-0.0003286
-0.00032659
-0.00032457
-0.00032255
-0.00032054
-0.00031852
-0.0003165
-0.00031448
-0.00031246
-0.00031043
-0.00030841
-0.00030638
-0.00030436
-0.00030233
-0.0003003
-0.00029827
-0.00029624
-0.0002942
-0.00029217
-0.00029013
-0.00028809
-0.00028605
-0.00028401
-0.00028197
-0.00027993
-0.00027789
-0.00027584
-0.00027379
-0.00027175
-0.0002697
-0.00026765
-0.00026559
-0.00026354
-0.00026149
-0.00025943
-0.00025738
-0.00025532
