1.5411e-05
1.5446e-05
1.5478e-05
1.5505e-05
1.5532e-05
1.556e-05
1.5576e-05
1.5597e-05
1.5613e-05
1.5628e-05
1.5636e-05
1.565e-05
1.5659e-05
1.5643e-05
1.566e-05
1.5645e-05
1.5628e-05
1.5634e-05
1.5625e-05
1.5648e-05
1.5627e-05
1.5586e-05
1.5539e-05
1.5512e-05
1.5526e-05
1.5504e-05
1.5453e-05
1.5422e-05
1.541e-05
1.535e-05
1.5323e-05
1.532e-05
1.5221e-05
1.5218e-05
1.5118e-05
1.5085e-05
1.5215e-05
1.5056e-05
1.4996e-05
1.4936e-05
1.477e-05
1.4765e-05
1.458e-05
1.4607e-05
1.4536e-05
1.4321e-05
1.4476e-05
1.4244e-05
1.4005e-05
1.4237e-05
1.403e-05
1.4042e-05
1.3918e-05
1.3556e-05
1.3481e-05
1.322e-05
1.35e-05
1.3575e-05
1.3073e-05
1.3039e-05
1.2999e-05
1.3026e-05
1.2604e-05
1.2486e-05
1.2631e-05
1.23e-05
1.2394e-05
1.2163e-05
1.2033e-05
1.2028e-05
1.192e-05
1.2042e-05
1.1586e-05
1.1582e-05
1.1599e-05
1.1488e-05
1.1406e-05
1.0662e-05
1.0732e-05
1.0684e-05
1.0714e-05
1.0551e-05
9.7125e-06
9.8898e-06
9.9465e-06
9.9737e-06
9.6261e-06
8.9733e-06
8.9993e-06
9.0567e-06
8.8852e-06
8.1782e-06
8.0045e-06
8.3846e-06
8.4658e-06
8.5193e-06
8.0134e-06
7.2096e-06
6.6672e-06
7.2275e-06
7.7054e-06
7.1309e-06
6.9703e-06
7.5846e-06
7.0295e-06
6.7004e-06
6.5183e-06
6.0678e-06
6.0087e-06
4.9319e-06
4.901e-06
5.1263e-06
3.8928e-06
4.754e-06
4.5819e-06
4.2425e-06
4.8393e-06
3.3413e-06
3.1003e-06
2.7109e-06
2.7324e-06
4.4409e-06
2.6781e-06
1.3124e-06
1.8575e-06
3.206e-06
2.9505e-06
4.7749e-07
2.1917e-06
2.3876e-06
1.2569e-06
2.7857e-06
1.9921e-07
1.3646e-07
1.1936e-06
6.4073e-07
1.8722e-06
2.2238e-07
-7.2328e-07
-2.2675e-07
4.9295e-07
2.8335e-07
-2.0191e-06
-2.7271e-06
-1.255e-06
-9.8067e-07
-2.4049e-06
-2.8739e-06
-3.3608e-06
-3.5316e-06
-2.5436e-06
-2.6487e-06
-2.1679e-06
-3.882e-06
-3.319e-06
-2.4727e-06
-4.2358e-06
-3.6929e-06
-3.8367e-06
-4.348e-06
-4.8301e-06
-6.1899e-06
-6.3898e-06
-5.1707e-06
-5.3628e-06
-5.2542e-06
-4.8947e-06
-6.5528e-06
-6.4888e-06
-6.3847e-06
-6.863e-06
-6.8095e-06
-7.571e-06
-7.8514e-06
-8.946e-06
-8.2339e-06
-7.7572e-06
-8.6217e-06
-8.4752e-06
-8.3569e-06
-1.0218e-05
-1.0756e-05
-9.6149e-06
-1.119e-05
-1.0987e-05
-8.869e-06
-1.0293e-05
-9.9293e-06
-1.1787e-05
-1.1296e-05
-1.0102e-05
-1.1249e-05
-9.0127e-06
-1.0565e-05
-1.1126e-05
-9.873e-06
-1.1819e-05
-1.2473e-05
-1.4108e-05
-1.4327e-05
-1.1798e-05
-1.2007e-05
-1.4839e-05
-1.4304e-05
-1.2849e-05
-1.3068e-05
-1.4776e-05
-1.4981e-05
-1.5569e-05
-1.4461e-05
-1.105e-05
-1.4824e-05
-1.741e-05
-1.5636e-05
-1.7305e-05
-1.4663e-05
-1.266e-05
-1.4894e-05
-1.7197e-05
-1.7279e-05
-1.5373e-05
-1.7595e-05
-1.8621e-05
-1.7507e-05
-1.802e-05
-1.735e-05
-1.7893e-05
-1.8026e-05
-1.7323e-05
-1.7376e-05
-1.6707e-05
-1.8084e-05
-1.782e-05
-1.7465e-05
-1.712e-05
-1.5894e-05
-1.7348e-05
-1.9295e-05
-1.8933e-05
-1.9539e-05
-2.1917e-05
-2.0178e-05
-2.036e-05
-2.3117e-05
-1.965e-05
-1.9619e-05
-1.9286e-05
-1.8011e-05
-1.7957e-05
-1.7274e-05
-2.0978e-05
-1.928e-05
-1.8352e-05
-2.1285e-05
-2.0929e-05
-1.9519e-05
-1.7655e-05
-1.726e-05
-1.9223e-05
-1.9322e-05
-1.9368e-05
-1.8914e-05
-1.7524e-05
-2.0032e-05
-2.1501e-05
-1.9679e-05
-2.1604e-05
-2.0687e-05
-2.0806e-05
-2.2143e-05
-1.8459e-05
-2.0217e-05
-1.9951e-05
-2.1887e-05
-2.087e-05
-1.7038e-05
-1.9847e-05
-1.9051e-05
-2.1482e-05
-2.248e-05
-2.0108e-05
-2.0905e-05
-2.0654e-05
-2.3989e-05
-1.7492e-05
-1.1974e-05
-1.8392e-05
-2.0586e-05
-2.1475e-05
-2.0997e-05
-1.9974e-05
-2.0929e-05
-2.045e-05
-1.9884e-05
-1.8327e-05
-1.8335e-05
-2.1308e-05
-2.0796e-05
-1.9745e-05
-2.0693e-05
-1.9133e-05
-1.9138e-05
-1.9488e-05
-1.6551e-05
-1.7884e-05
-1.6393e-05
-1.7401e-05
-2.1836e-05
-1.8853e-05
-1.9283e-05
-2.0699e-05
-1.8261e-05
-2.112e-05
-2.169e-05
-2.1633e-05
-2.1006e-05
-1.8046e-05
-1.8867e-05
-1.7413e-05
-1.9892e-05
-2.232e-05
-1.9382e-05
-1.9671e-05
-1.7729e-05
-1.8125e-05
-2.0111e-05
-2.2208e-05
-2.25e-05
-1.7067e-05
-1.7853e-05
-1.7919e-05
-1.8907e-05
-2.0788e-05
-1.9397e-05
-2.2254e-05
-1.8191e-05
-1.5189e-05
-1.9013e-05
-1.6661e-05
-1.9516e-05
-2.0511e-05
-1.8556e-05
-1.8808e-05
-1.2862e-05
-1.5757e-05
-2.2345e-05
-2.2906e-05
-2.1206e-05
-1.5154e-05
-1.4544e-05
-1.961e-05
-2.2633e-05
-2.311e-05
-2.1007e-05
-1.6388e-05
-1.6376e-05
-1.9822e-05
-2.0415e-05
-1.9718e-05
-1.6256e-05
-1.5588e-05
-1.4574e-05
-1.7131e-05
-2.103e-05
-1.7574e-05
-1.8981e-05
-1.7332e-05
-1.3453e-05
-1.7661e-05
-1.5382e-05
-1.9253e-05
-1.9178e-05
-1.2718e-05
-1.6468e-05
-1.7697e-05
-2.1099e-05
-1.8971e-05
-1.4028e-05
-1.8818e-05
-1.7463e-05
-1.8342e-05
-2.0838e-05
-1.625e-05
-1.6215e-05
-1.967e-05
-1.7161e-05
-1.7099e-05
-1.6455e-05
-1.4561e-05
-1.9919e-05
-1.798e-05
-1.4863e-05
-1.4205e-05
-1.2801e-05
-1.9759e-05
-2.1294e-05
-1.6202e-05
-1.6064e-05
-1.7649e-05
-1.9572e-05
-1.8044e-05
-1.5442e-05
-1.5907e-05
-1.741e-05
-1.683e-05
-1.5298e-05
-1.5729e-05
-1.4161e-05
-1.3134e-05
-1.5077e-05
-1.3029e-05
-1.0435e-05
-1.2926e-05
-1.5954e-05
-1.5384e-05
-1.436e-05
-1.5794e-05
-1.5809e-05
-1.472e-05
-1.1587e-05
-1.2171e-05
-1.6525e-05
-1.4653e-05
-1.6505e-05
-1.4955e-05
-1.1956e-05
-1.6344e-05
-1.5407e-05
-1.4314e-05
-1.42e-05
-1.2757e-05
-1.8202e-05
-2.0249e-05
-1.8196e-05
-1.8071e-05
-1.6584e-05
-1.6482e-05
-1.4926e-05
-1.1846e-05
-1.1259e-05
-1.225e-05
-1.5296e-05
-1.4647e-05
-1.0149e-05
-1.3041e-05
-1.4065e-05
-1.2541e-05
-1.2372e-05
-1.0456e-05
-1.2824e-05
-1.2338e-05
-1.2853e-05
-1.4196e-05
-1.0257e-05
-1.4177e-05
-1.5148e-05
-1.0135e-05
-1.1436e-05
-1.3111e-05
-1.5978e-05
-1.7072e-05
-1.8502e-05
-1.6914e-05
-1.4938e-05
-1.6775e-05
-1.5402e-05
-1.5187e-05
-1.2708e-05
-1.4186e-05
-1.6593e-05
-1.4184e-05
-1.4438e-05
-1.2002e-05
-1.5483e-05
-1.6343e-05
-9.3945e-06
-1.0628e-05
-8.6994e-06
-1.0181e-05
-1.5119e-05
-1.1146e-05
-1.1024e-05
-1.1979e-05
-1.0527e-05
-1.2894e-05
-1.1943e-05
-1.2891e-05
-1.4837e-05
-1.4396e-05
-1.731e-05
-1.5785e-05
-1.2189e-05
-1.2599e-05
-1.2612e-05
-1.2528e-05
-1.1471e-05
-9.8992e-06
-1.1411e-05
-1.18e-05
-9.8384e-06
-1.326e-05
-1.3765e-05
-1.2245e-05
-1.2095e-05
-7.5648e-06
-8.5111e-06
-1.1961e-05
-1.2579e-05
-1.6459e-05
-1.3955e-05
-1.1905e-05
-1.2749e-05
-8.2991e-06
-8.0908e-06
-9.1641e-06
-1.269e-05
-1.4594e-05
-1.1132e-05
-1.2492e-05
-1.0448e-05
-8.9541e-06
-1.2837e-05
-1.0914e-05
-1.0253e-05
-1.1275e-05
-1.2246e-05
-1.4249e-05
-1.2119e-05
-1.0144e-05
-1.4041e-05
-1.4124e-05
-1.2475e-05
-1.0409e-05
-9.9029e-06
-1.0778e-05
-8.8277e-06
-9.1776e-06
-7.1384e-06
-8.6939e-06
-1.1516e-05
-8.1956e-06
-9.3817e-06
-5.484e-06
-6.3725e-06
-1.0362e-05
-9.4511e-06
-9.2065e-06
-6.2982e-06
-8.6767e-06
-9.1811e-06
-7.1475e-06
-9.0631e-06
-8.0732e-06
-6.4397e-06
-1.0056e-05
-1.2427e-05
-6.9119e-06
-8.8392e-06
-1.1796e-05
-8.3374e-06
-9.6407e-06
-1.0244e-05
-1.2694e-05
-1.3647e-05
-1.0638e-05
-9.4573e-06
-8.0139e-06
-8.8853e-06
-8.9273e-06
-8.3197e-06
-7.2856e-06
-7.7642e-06
-8.1775e-06
-6.6825e-06
-8.0913e-06
-9.1238e-06
-9.041e-06
-9.0343e-06
-7.9245e-06
-5.8884e-06
-8.3807e-06
-9.8269e-06
-6.3e-06
-5.1437e-06
-5.6848e-06
-8.6653e-06
-9.6322e-06
-7.6098e-06
-7.4812e-06
-8.5521e-06
-1.0977e-05
-8.441e-06
-4.3177e-06
-4.2519e-06
-6.2876e-06
-8.2543e-06
-7.7239e-06
-7.6804e-06
-9.1559e-06
-8.6113e-06
-7.5603e-06
-7.4977e-06
-6.4491e-06
-6.9253e-06
-8.3838e-06
-6.3209e-06
-4.7491e-06
-6.7421e-06
-6.665e-06
-6.1965e-06
-8.5852e-06
-6.6042e-06
-6.5245e-06
-7.4709e-06
-4.9562e-06
-4.8452e-06
-5.3613e-06
-6.3136e-06
-8.3381e-06
-7.2165e-06
-5.2335e-06
-8.6557e-06
-8.6669e-06
-7.116e-06
-8.0303e-06
-7.0229e-06
-1.0063e-05
-1.1428e-05
-7.5226e-06
-8.7737e-06
-6.3636e-06
-6.7569e-06
-8.2027e-06
-6.2397e-06
-7.5828e-06
-6.6319e-06
-7.0437e-06
-6.4675e-06
-3.9693e-06
-3.7939e-06
-2.3533e-06
-4.7703e-06
-5.782e-06
-2.686e-06
-2.1255e-06
-5.1671e-06
-6.6099e-06
-5.1084e-06
-6.0198e-06
-6.5401e-06
-5.9546e-06
-4.9105e-06
-4.8786e-06
-4.7901e-06
-4.8259e-06
-7.2448e-06
-5.7157e-06
-5.7071e-06
-8.6212e-06
-7.18e-06
-7.5468e-06
-7.0413e-06
-5.4741e-06
-5.3968e-06
-5.9216e-06
-6.8244e-06
-5.3294e-06
-5.2214e-06
-6.7538e-06
-8.2106e-06
-6.6507e-06
-4.0725e-06
-3.9956e-06
-5.5409e-06
-4.891e-06
-9.0331e-07
-7.2387e-07
-1.2911e-06
-6.347e-06
-7.7175e-06
-1.2515e-06
-1.4965e-06
-1.6357e-06
-4.0706e-06
-4.4935e-06
-2.5683e-06
-5.3646e-06
-6.0682e-06
-9.4149e-06
-5.8518e-06
-4.4125e-06
-9.7036e-06
-6.9288e-06
-9.1696e-06
-7.7269e-06
-5.6792e-06
-5.4744e-06
9.8417e-07
1.2258e-06
-1.4116e-06
-6.4108e-06
-9.93e-06
-8.414e-06
-6.2601e-06
-3.752e-06
-2.6019e-06
-2.6777e-06
-3.5087e-06
-2.5956e-06
-6.5437e-06
-4.9427e-06
3.2566e-08
-1.7224e-06
6.1359e-07
3.3954e-07
7.8158e-07
-1.8293e-07
-2.1098e-06
-2.2167e-06
-4.543e-06
-3.6716e-06
-4.5054e-06
-2.503e-06
-9.3826e-07
-2.8632e-06
-3.9498e-06
-5.8451e-06
-3.3147e-06
-2.7714e-06
-6.2299e-06
-5.25e-06
-2.5724e-06
-2.1173e-06
-3.9845e-06
-5.6255e-06
-9.5391e-06
-5.4415e-06
-2.4716e-06
-5.7611e-06
1.4686e-07
3.3944e-07
-2.1906e-06
-1.7288e-06
-3.6012e-06
-1.1218e-06
1.547e-06
5.0723e-07
-1.9515e-06
-4.0032e-07
1.1404e-06
7.5786e-07
1.1832e-06
-6.6015e-07
-1.811e-06
-3.1362e-06
-1.4445e-07
-2.6619e-06
-5.5403e-06
-6.1706e-07
-2.9316e-06
-2.9858e-06
-1.4335e-06
-3.3392e-06
-1.3513e-06
-1.2604e-06
-2.7535e-06
-1.1874e-06
-1.1808e-06
-1.0473e-06
1.3943e-06
5.6138e-08
9.9724e-07
5.4754e-08
-8.807e-07
2.1193e-06
2.2722e-06
1.7041e-06
-7.457e-07
-7.0602e-07
1.3155e-06
1.4641e-06
8.5179e-07
-1.51e-06
2.017e-06
5.0064e-07
-6.4846e-06
-2.9907e-06
6.5876e-07
1.2628e-06
2.2014e-06
-1.6736e-07
7.8722e-07
8.7429e-07
-1.1014e-07
1.9693e-06
1.4654e-06
-1.4925e-06
2.8242e-08
-4.5227e-07
-2.3675e-06
1.0281e-07
2.5453e-07
7.3712e-07
2.7522e-07
-1.1744e-06
-1.2088e-06
-1.5966e-06
9.3328e-07
1.4924e-06
5.6314e-07
1.5389e-06
1.4052e-07
-9.1003e-07
-1.8499e-06
-7.9334e-07
1.7723e-06
1.8404e-06
8.3884e-07
-1.3273e-07
4.2139e-07
2.4891e-06
2.5317e-06
1.0398e-06
2.1067e-06
4.1563e-06
3.7244e-06
2.7115e-06
1.2405e-06
2.4404e-07
1.3258e-06
1.8428e-06
-1.1574e-06
-1.1008e-06
2.9609e-06
4.084e-06
4.0853e-06
2.0814e-06
6.5192e-07
2.1313e-06
7.1214e-07
1.7673e-06
2.7435e-06
3.5724e-07
3.8685e-06
2.8663e-06
-5.2696e-07
2.8853e-06
5.2366e-07
2.0596e-06
6.0833e-06
2.1841e-06
3.158e-06
3.6878e-06
2.5516e-07
2.74e-06
3.3364e-06
2.3739e-06
5.4186e-06
6.518e-06
5.0128e-06
2.4915e-06
1.0285e-06
2.5745e-06
2.6113e-06
1.6725e-06
2.1472e-06
1.2286e-06
3.2904e-06
3.7868e-06
3.4818e-07
1.3008e-06
3.4623e-06
4.9705e-06
5.044e-06
5.5761e-06
7.164e-06
5.6221e-06
3.2118e-06
4.1606e-06
1.7364e-06
7.1446e-07
3.2971e-06
3.8564e-06
3.3878e-06
3.3941e-06
3.9972e-06
4.4578e-06
3.5936e-06
4.0229e-06
1.5812e-06
3.6852e-06
7.6851e-06
4.8235e-06
6.2591e-06
7.8935e-06
7.4284e-06
5.3634e-06
1.4298e-06
8.2249e-07
2.0408e-06
3.9543e-06
5.3708e-07
2.5962e-06
7.1266e-06
5.2839e-06
6.7048e-06
4.7674e-06
2.7955e-06
5.2725e-06
5.4428e-06
5.8684e-06
3.4357e-06
2.4278e-06
4.4807e-06
5.0667e-06
5.0711e-06
3.0665e-06
3.1565e-06
6.6834e-06
6.2945e-06
4.733e-06
4.8279e-06
5.8398e-06
5.3946e-06
6.4713e-06
6.9572e-06
2.9761e-06
5.0474e-06
8.5706e-06
5.6775e-06
6.1004e-06
6.7236e-06
5.1767e-06
5.781e-06
8.8079e-06
8.3902e-06
6.8718e-06
6.3983e-06
6.4397e-06
8.0204e-06
5.9374e-06
3.5821e-06
7.5099e-06
5.1554e-06
2.5726e-06
3.6246e-06
6.2821e-06
8.772e-06
3.2699e-06
1.2759e-06
6.3309e-06
6.9681e-06
5.9194e-06
4.9652e-06
5.5208e-06
8.095e-06
7.6278e-06
5.1245e-06
5.6712e-06
7.7218e-06
8.8251e-06
8.8021e-06
4.2653e-06
2.8182e-06
5.2822e-06
3.4116e-06
5.9068e-06
8.4958e-06
7.0442e-06
9.0671e-06
1.2201e-05
1.066e-05
5.1316e-06
4.123e-06
7.7185e-06
9.294e-06
7.2729e-06
5.2692e-06
7.8852e-06
8.3274e-06
4.4415e-06
6.8681e-06
8.0246e-06
8.0328e-06
8.5462e-06
8.1387e-06
1.067e-05
1.1247e-05
8.7229e-06
7.2263e-06
7.8011e-06
5.7188e-06
3.8496e-06
9.8532e-06
1.3056e-05
1.3043e-05
1.0493e-05
7.5593e-06
8.4886e-06
6.0519e-06
7.64e-06
9.0524e-06
3.7062e-06
6.0846e-06
7.7477e-06
1.2435e-05
1.738e-05
8.4508e-06
4.7919e-06
5.8404e-06
7.013e-06
1.302e-05
1.1098e-05
8.1003e-06
9.5338e-06
9.2216e-06
1.3203e-05
1.1235e-05
4.7046e-06
3.6105e-06
3.2119e-06
9.3867e-06
1.4382e-05
7.4634e-06
5.3059e-06
6.933e-06
8.5012e-06
9.4839e-06
8.6055e-06
9.5609e-06
6.0546e-06
6.1689e-06
1.2673e-05
1.2892e-05
1.2789e-05
8.7697e-06
5.8263e-06
8.2437e-06
5.8971e-06
7.3321e-06
1.0491e-05
1.1014e-05
1.0524e-05
1.1631e-05
1.1571e-05
6.6078e-06
7.6064e-06
1.067e-05
1.0791e-05
1.277e-05
1.0285e-05
1.0377e-05
1.5895e-05
1.4007e-05
1.1955e-05
1.0412e-05
6.4661e-06
7.9121e-06
1.1082e-05
1.5172e-05
1.4124e-05
8.685e-06
8.0194e-06
7.7323e-06
1.0161e-05
8.2292e-06
7.2598e-06
1.0773e-05
1.0928e-05
1.1365e-05
1.0944e-05
1.3022e-05
1.4515e-05
1.0054e-05
9.5016e-06
1.2107e-05
1.4205e-05
1.3655e-05
1.0729e-05
1.1165e-05
9.7381e-06
8.7209e-06
1.0796e-05
1.1348e-05
8.2917e-06
7.3625e-06
1.1402e-05
1.0446e-05
7.4521e-06
7.379e-06
9.0889e-06
1.4066e-05
1.2152e-05
1.1167e-05
1.4156e-05
1.3831e-05
1.4214e-05
1.0768e-05
1.1829e-05
1.5312e-05
1.1921e-05
1.3898e-05
1.3906e-05
8.4247e-06
1.09e-05
1.3508e-05
1.3583e-05
1.5067e-05
1.2077e-05
1.2155e-05
1.5117e-05
1.0701e-05
1.0152e-05
1.0129e-05
9.8234e-06
1.5237e-05
1.2393e-05
1.031e-05
1.0285e-05
9.9576e-06
1.3369e-05
8.4388e-06
5.3705e-06
8.9087e-06
1.2111e-05
1.5576e-05
1.4702e-05
1.3615e-05
1.2692e-05
1.1653e-05
1.0683e-05
1.2776e-05
1.4261e-05
1.0819e-05
1.18e-05
1.3865e-05
1.3961e-05
1.3881e-05
1.1474e-05
1.3462e-05
1.5032e-05
1.4094e-05
1.402e-05
1.2639e-05
1.2039e-05
9.0744e-06
1.2205e-05
1.6148e-05
1.1822e-05
1.3183e-05
1.0732e-05
9.3094e-06
1.4253e-05
1.0898e-05
1.0312e-05
1.2376e-05
1.2502e-05
1.1861e-05
8.5095e-06
1.0399e-05
1.0538e-05
1.1568e-05
1.3054e-05
1.1165e-05
1.26e-05
1.1163e-05
1.0183e-05
1.2696e-05
1.2791e-05
1.3784e-05
1.5367e-05
1.5891e-05
1.5924e-05
1.5426e-05
1.5476e-05
1.7008e-05
1.7051e-05
1.555e-05
1.4536e-05
1.5629e-05
1.7121e-05
1.4146e-05
1.3135e-05
1.5191e-05
1.4221e-05
1.1165e-05
1.0205e-05
1.0673e-05
1.0287e-05
1.0186e-05
8.8165e-06
1.0247e-05
1.0861e-05
1.342e-05
1.5432e-05
1.2489e-05
1.1918e-05
1.1981e-05
1.4602e-05
1.6018e-05
1.3214e-05
1.4512e-05
1.3242e-05
1.6693e-05
1.7748e-05
1.6882e-05
1.8726e-05
1.3361e-05
1.3759e-05
1.4816e-05
1.3925e-05
1.7353e-05
1.704e-05
1.6431e-05
1.2419e-05
1.0967e-05
1.494e-05
1.4089e-05
1.3996e-05
1.3569e-05
1.2566e-05
1.1023e-05
9.5941e-06
1.2074e-05
1.3706e-05
1.4708e-05
1.2671e-05
1.075e-05
1.2157e-05
1.0784e-05
1.5337e-05
1.8883e-05
1.5465e-05
1.4809e-05
1.5506e-05
1.8449e-05
1.704e-05
1.4465e-05
1.3972e-05
1.5587e-05
1.6526e-05
1.3097e-05
1.4581e-05
1.5096e-05
1.3181e-05
1.5618e-05
1.4733e-05
1.3164e-05
1.2173e-05
1.2226e-05
1.4237e-05
1.3263e-05
1.3809e-05
1.736e-05
1.5864e-05
1.3371e-05
1.4346e-05
1.2891e-05
1.3421e-05
1.5948e-05
1.5012e-05
1.4992e-05
1.6042e-05
1.7111e-05
1.7086e-05
1.3585e-05
1.3071e-05
1.6162e-05
1.6168e-05
1.3653e-05
1.6255e-05
1.7679e-05
1.4852e-05
1.7185e-05
1.5355e-05
1.6317e-05
1.7307e-05
1.4926e-05
1.6291e-05
1.3911e-05
1.6444e-05
2.0452e-05
1.9643e-05
1.9428e-05
1.2498e-05
1.2965e-05
1.6453e-05
1.4133e-05
1.6472e-05
1.4108e-05
1.3554e-05
1.6098e-05
1.4148e-05
1.154e-05
1.112e-05
1.5167e-05
1.6733e-05
1.4218e-05
1.3684e-05
1.7351e-05
1.9795e-05
1.6916e-05
1.8841e-05
2.0452e-05
2.1524e-05
2.0395e-05
1.447e-05
1.5862e-05
1.6452e-05
1.754e-05
2.0478e-05
1.6584e-05
1.4943e-05
1.3995e-05
1.5577e-05
1.8545e-05
1.6141e-05
1.7079e-05
1.7644e-05
1.6148e-05
1.6628e-05
1.722e-05
1.6638e-05
1.6257e-05
1.9227e-05
1.7783e-05
1.628e-05
1.7753e-05
1.7875e-05
1.9333e-05
1.683e-05
1.6397e-05
1.9844e-05
1.7469e-05
1.7354e-05
1.9511e-05
2.0466e-05
1.9026e-05
1.9006e-05
1.7469e-05
1.7073e-05
2.1015e-05
2.0154e-05
1.9575e-05
1.756e-05
1.5074e-05
1.7575e-05
1.7626e-05
1.6643e-05
1.7621e-05
1.6675e-05
1.7681e-05
1.9218e-05
1.7199e-05
1.7756e-05
2.0748e-05
2.0369e-05
1.9223e-05
1.7849e-05
1.9777e-05
1.9357e-05
1.8346e-05
1.6749e-05
1.5394e-05
1.8785e-05
1.7427e-05
1.9427e-05
1.9349e-05
1.5501e-05
1.8811e-05
1.7013e-05
1.7414e-05
1.7938e-05
1.6514e-05
1.999e-05
1.8007e-05
1.5527e-05
1.7445e-05
1.6596e-05
1.9039e-05
2.0128e-05
1.9125e-05
2.0126e-05
1.9642e-05
1.9689e-05
1.8569e-05
1.6728e-05
1.9593e-05
1.5675e-05
1.5667e-05
2.0683e-05
1.9844e-05
2.0187e-05
1.9845e-05
1.9734e-05
1.6232e-05
1.5767e-05
1.8197e-05
1.7377e-05
1.9752e-05
1.8356e-05
1.9887e-05
2.2342e-05
1.8449e-05
1.8287e-05
1.7399e-05
1.8918e-05
1.8327e-05
1.4458e-05
1.6785e-05
1.5472e-05
1.6384e-05
1.7448e-05
1.5961e-05
1.5904e-05
1.4967e-05
1.4394e-05
1.4485e-05
1.5428e-05
1.449e-05
1.5477e-05
1.5991e-05
1.5027e-05
1.5973e-05
1.8137e-05
2.0038e-05
1.7646e-05
1.8569e-05
1.7572e-05
1.6645e-05
2.1107e-05
2.0739e-05
1.9649e-05
1.8653e-05
1.8717e-05
1.9644e-05
1.6721e-05
1.6103e-05
1.6719e-05
1.768e-05
1.617e-05
1.7772e-05
2.1726e-05
1.8828e-05
1.8726e-05
1.8786e-05
1.47e-05
1.2673e-05
1.6275e-05
1.7738e-05
1.4797e-05
1.7775e-05
1.7266e-05
1.3295e-05
1.6224e-05
1.7883e-05
1.884e-05
1.8874e-05
1.7876e-05
1.7863e-05
1.6862e-05
1.6363e-05
1.7903e-05
1.7365e-05
1.6435e-05
2.0435e-05
2.2543e-05
2.2547e-05
2.0471e-05
1.6991e-05
1.7934e-05
1.7996e-05
1.6959e-05
1.644e-05
1.5966e-05
1.6419e-05
1.9591e-05
2.2513e-05
1.7039e-05
1.4438e-05
1.3875e-05
1.3523e-05
1.7914e-05
1.6042e-05
1.8028e-05
2.2042e-05
2.0163e-05
1.8949e-05
1.6582e-05
1.8484e-05
1.8556e-05
1.7027e-05
1.8006e-05
1.91e-05
1.9521e-05
1.9122e-05
2.1594e-05
1.9085e-05
1.5048e-05
1.7029e-05
1.8624e-05
1.9103e-05
1.9125e-05
1.9121e-05
2.0167e-05
1.9616e-05
1.661e-05
1.6577e-05
1.7597e-05
1.8137e-05
1.9624e-05
1.9143e-05
1.9146e-05
2.0128e-05
1.9687e-05
1.8591e-05
1.6638e-05
1.8642e-05
1.913e-05
1.7708e-05
1.9089e-05
1.8231e-05
2.0663e-05
2.1731e-05
2.0747e-05
1.7053e-05
1.2131e-05
1.861e-05
2.2234e-05
2.0252e-05
2.1171e-05
1.9229e-05
1.8166e-05
1.8682e-05
1.8183e-05
1.9217e-05
1.9156e-05
1.8239e-05
2.2236e-05
2.0182e-05
1.675e-05
2.0606e-05
1.9297e-05
1.9652e-05
1.9194e-05
1.9251e-05
2.0119e-05
1.676e-05
1.758e-05
1.6193e-05
1.7663e-05
2.2244e-05
2.1768e-05
1.8161e-05
1.5143e-05
1.5093e-05
1.7692e-05
2.3279e-05
2.3751e-05
2.0288e-05
2.0664e-05
1.9253e-05
2.0206e-05
2.3809e-05
2.4784e-05
2.4362e-05
2.1141e-05
1.521e-05
2.0162e-05
2.3761e-05
2.1799e-05
2.2173e-05
1.8732e-05
1.6089e-05
1.5101e-05
1.6654e-05
1.8081e-05
1.8744e-05
2.4184e-05
2.174e-05
1.6105e-05
1.6062e-05
1.9214e-05
2.1623e-05
2.0774e-05
2.3684e-05
2.0694e-05
1.6136e-05
1.6004e-05
1.5664e-05
1.8019e-05
1.6647e-05
1.6526e-05
1.7601e-05
1.9113e-05
2.01e-05
2.068e-05
2.2105e-05
2.0681e-05
2.1106e-05
2.114e-05
2.218e-05
2.4658e-05
2.3726e-05
2.2104e-05
2.0134e-05
2.1127e-05
2.0037e-05
1.9162e-05
2.4071e-05
2.063e-05
1.7533e-05
1.8994e-05
1.7557e-05
1.8502e-05
1.7475e-05
1.5492e-05
1.7421e-05
1.6989e-05
1.6416e-05
1.6439e-05
1.5386e-05
1.541e-05
1.7402e-05
1.6909e-05
1.6394e-05
1.9433e-05
2.1479e-05
1.9932e-05
1.7898e-05
1.8906e-05
1.99e-05
1.9944e-05
2.1912e-05
2.4026e-05
2.4945e-05
2.2993e-05
2.0873e-05
1.475e-05
1.3281e-05
2.3346e-05
3.1101e-05
3.4584e-05
3.4107e-05
3.1042e-05
2.6409e-05
2.3428e-05
2.4831e-05
2.6482e-05
2.9943e-05
2.4862e-05
1.2652e-05
7.4416e-06
1.8804e-05
4.6132e-05
6.9253e-05
7.778e-05
5.486e-05
9.5204e-06
-2.3707e-05
-3.0236e-05
-1.6183e-05
1.6822e-05
5.7122e-05
6.1563e-05
5.8489e-05
4.8773e-05
4.1103e-05
6.4409e-05
3.3564e-05
-4.6763e-06
-4.2216e-05
-9.9639e-05
-6.7525e-05
7.7753e-06
9.5818e-05
0.00016291
0.00010918
3.8864e-05
-2.691e-05
-0.0002236
-0.00028348
-8.4289e-05
6.7458e-05
0.00032636
0.00040874
5.5368e-05
2.0234e-05
5.8247e-06
-0.00019255
2.0603e-05
-5.1315e-05
-0.00038384
-9.0208e-05
0.00028224
0.00035046
0.00051507
0.00051187
0.00017002
-3.2481e-05
-0.00019694
-0.00056439
-0.00052069
6.2023e-05
0.00034768
0.00030361
0.00042797
0.00033788
-0.00020295
-0.00045898
-0.00035277
-0.00034032
0.0001445
0.00069582
0.00034063
-4.8911e-05
-0.00016437
-0.00022283
0.0003858
0.00083769
0.00048109
0.00018885
-0.00027258
-0.00042631
0.00032423
0.00027575
-2.1556e-05
0.00042373
5.8218e-05
-0.00012354
0.00043167
-7.4672e-05
-0.00019624
0.0001192
-0.00070056
-0.00063576
-0.0003872
-0.00073261
0.00025644
0.00063922
0.00013279
0.00021083
1.6735e-05
9.943e-05
-8.0939e-05
-0.0010029
-0.0010246
-0.0004454
0.00035234
0.0017412
0.0019293
0.0010807
0.00063694
-0.00098227
-0.0016588
-0.00019379
0.00012838
0.000411
0.00050587
-0.00010869
0.00022188
0.00012528
0.00011377
0.00038551
-0.0001668
-0.00039564
-0.00068247
-0.0015423
-0.0012307
0.00071848
0.0017452
0.0013106
0.0011558
0.00070754
-0.0003992
-0.0011728
-0.00082036
3.682e-05
0.00047483
0.0014383
0.0018793
0.00075259
-0.00022808
-0.00074652
-0.0010147
-0.0013844
-0.0015818
-0.00071858
-0.00022134
-5.9494e-05
0.00073358
0.00087775
0.000553
0.00079101
0.00045611
-7.2819e-05
0.00053284
0.0010841
0.0023616
0.0030876
0.00064409
-0.0013421
-0.002621
-0.0036562
-0.0016325
0.00081465
0.0015286
0.00079902
-0.00041293
-0.00076114
-0.0012869
-0.00079869
0.00041619
0.00010359
-0.00028133
-0.00075447
-0.0017333
-0.0016016
-0.00030937
0.0014642
0.0032752
0.003351
0.001636
0.00044629
-0.000482
-0.0007399
0.00025011
0.0011609
0.001612
0.0014888
0.0011758
-0.00066458
-0.002324
-0.0024387
-0.00362
-0.0027613
-0.0010491
-0.0015826
-0.00117
-0.00058241
-0.0012959
-0.0017874
-2.2996e-05
0.0021803
0.0025085
0.0030927
0.0027572
0.0016333
0.0019323
0.0016899
0.00062285
6.7703e-05
-5.5102e-05
-0.00088081
-0.0016704
-0.0012255
-0.001126
-0.00068674
7.3199e-05
0.00070456
0.0025492
0.002069
-0.0015219
-0.0024056
-0.00097155
-0.0016215
-0.0012142
0.00087277
0.00038021
-0.0005155
-0.001236
-0.0023644
-0.002033
-0.00037514
0.0022852
0.0036301
0.0034989
0.0020009
-0.0017251
-0.0024097
-0.0012435
-0.0022617
-0.0008945
0.00025846
-0.0013929
-0.0016728
-0.00063178
0.002088
0.0035775
0.0027801
0.0026765
0.0027518
0.0034121
0.0023251
-0.00036129
-0.0025947
-0.0036102
-0.0027139
-0.0031267
-0.0042216
-0.0065085
-0.0081364
-0.0038028
0.0012465
0.0028631
0.0035735
0.0034744
0.0013314
0.00024247
0.00026867
-0.00051084
0.0015201
0.0028255
0.00065095
-0.00065344
-0.00084355
9.11e-05
0.0018043
0.0028416
0.0017892
0.00015915
0.00046028
0.0012309
0.0029533
0.0038211
0.0025001
0.0013408
0.00046969
0.00057117
-0.00065095
-0.0017193
-8.3971e-05
-0.00042331
-0.00028945
0.0027565
0.0045728
0.0048926
0.0043302
0.0028096
0.00049217
-0.0012587
0.00050941
0.0030705
0.0042867
0.0061625
0.0033539
-0.0039521
-0.0066909
-0.0057789
-0.0048148
-0.00207
0.0010974
0.002466
0.0039678
0.0035131
0.00049582
0.0011942
0.0034178
0.0026183
0.001144
0.0013352
0.0028431
0.0037431
0.0044479
0.0037172
0.00082366
-0.00070182
-0.001139
-0.00079587
0.001556
0.0031925
0.0021878
0.001417
0.0031509
0.0035251
0.001903
0.0018285
0.0015708
0.0010286
0.00086299
0.00014452
-0.00053601
-0.0017263
-0.00057746
0.0030627
0.0042635
0.0015668
-0.0025963
-0.0025022
8.1467e-05
0.0010007
0.0028267
0.0013174
-0.0027088
-0.0025674
-0.0021482
0.0004086
0.0059999
0.007935
0.0080912
0.0067509
0.004794
0.0039734
0.00034437
-0.0023274
-0.0041008
-0.008532
-0.0087592
-0.0050814
-0.00078229
0.0050818
0.0081978
0.0086035
0.0061585
0.00059038
-0.0026723
-0.0048222
-0.0050619
-0.0025244
-0.0011197
0.0015652
0.0035425
0.0015864
0.00090985
0.00091769
-0.0017366
-0.001553
0.0011308
0.0021575
0.0045196
0.0043259
0.0001358
-0.0014043
-0.0018766
-0.0030329
-0.0019515
-0.00013129
-0.00016175
-0.00075491
-0.0012808
-0.0019299
-0.0012645
0.0017299
0.0055073
0.006674
0.0047443
0.00086933
-0.0041119
-0.0060923
-0.0031966
-0.00046266
0.0015329
0.0044735
0.0046633
0.0032797
0.0016003
-0.001253
-0.0031243
-0.0019741
0.0030015
0.0053739
0.0049425
0.005642
0.0027933
6.184e-05
-0.0017713
-0.0052649
-0.004942
-0.0038097
-0.0028835
-7.8808e-05
-0.00024716
-0.0012087
0.00087912
0.0002988
-0.004216
-0.0047315
-0.0027536
-0.0027735
0.0003755
0.0056931
0.0063261
0.004571
0.0056974
0.0065793
0.0047586
0.002897
0.0024445
0.0021576
0.00066718
-5.9382e-05
-0.0029045
-0.0083218
-0.0097524
-0.0070852
-0.0029701
-0.00016724
0.00033861
-0.00077971
-0.0035949
-0.0054025
-0.0023523
0.0036865
0.0062529
0.0061781
0.0021466
-0.0048095
-0.0051581
-0.0027313
-0.00035746
0.0042121
0.0054412
0.0028454
-0.0016492
-0.0057302
-0.0045814
-0.001782
-0.002501
-0.0048264
-0.0077679
-0.0048268
0.003628
0.0045454
0.0024815
0.0022138
0.0011448
0.0015083
-0.0016525
-0.0041895
-0.00096224
0.001895
0.0044166
0.0068133
0.0054085
0.0019067
0.0025589
0.0025468
-0.0026705
-0.0035064
-0.0018098
-0.0032989
-0.0035134
-0.001991
-0.00021747
0.00060533
0.0019126
0.0022161
-0.0030877
-0.0062206
-0.0035506
-0.0012105
-0.00033126
-0.0016162
-0.0025421
-0.00049183
0.0013761
0.00172
0.0025841
0.0036819
0.0016586
0.0019005
0.0057427
0.0029048
-0.0014202
-0.00064787
-0.0037861
-0.0096636
-0.0087047
-0.0049214
-0.0031111
0.00071063
0.0045384
0.0076824
0.0089168
0.004864
0.004382
0.0061074
0.0032515
0.0012675
-0.00050354
-0.0036597
-0.0076728
-0.010247
-0.0072377
-0.0039758
-0.0023819
-0.00042402
-0.0028487
-0.0075839
-0.0059853
-0.0018099
0.00056002
0.0032272
-7.9888e-06
-0.0040606
-0.0015672
-0.0014154
-0.00067134
0.0033546
0.001625
-0.0005498
0.0039256
0.0070564
0.0054808
0.0048182
0.004992
0.0028958
0.0015648
0.00077425
-0.0043533
-0.007539
-0.0064607
-0.0056447
-0.0032072
-0.0022983
-0.0036936
-0.004303
-0.002936
-2.9491e-05
0.0027765
0.005988
0.0032884
-0.00081278
0.00043205
-0.0016272
-0.0028644
0.00039019
0.00090619
-0.0030999
-0.0072789
-0.0077309
-0.0076816
-0.0053936
-0.0012488
-0.00085667
-0.0027504
-0.004899
-0.0027648
0.0017606
0.0022371
0.0035558
0.0057513
0.0030084
-6.5301e-05
0.00093303
0.002631
0.0027538
0.0017342
0.0011912
0.001385
0.0030675
0.0061946
0.0064557
0.0039835
-7.0754e-05
-0.0030098
-0.0025203
-0.0050491
-0.0096067
-0.011586
-0.011931
-0.0097355
-0.0065882
-0.0049432
-0.0040025
-0.0021362
-0.0013134
-0.0022834
-0.00071238
0.002292
0.0026812
0.0008551
-0.0021193
-0.0060187
-0.0063833
-0.00014368
0.0056022
0.0065385
0.0068254
0.0061668
0.0014958
-0.003686
-0.0059457
-0.0066885
-0.0066379
-0.004463
-0.0024179
-0.0035661
-0.0020944
0.0021032
0.0012674
-0.00093174
-0.0014755
-0.0048255
-0.0072858
-0.0066949
-0.0071331
-0.0047197
-0.0021782
-0.0053931
-0.0061653
-0.0033478
-0.0023238
0.00070262
0.0041505
0.0022313
0.0020374
0.0024814
-0.002504
-0.0026556
-0.00039842
-0.0011317
0.00015068
0.00030213
0.00025218
-0.00025086
-0.0039265
-0.0042752
-0.00065615
0.00025061
0.00025644
0.0018956
0.00025864
-0.001979
-0.00019777
8.7698e-05
-0.0033917
-0.0040515
-0.0036918
-0.0076926
-0.0096261
-0.0085546
-0.0073319
-0.0061941
-0.005376
-0.0014622
-0.001901
-0.005387
0.00065158
0.0069343
0.0053068
0.0022241
-8.3021e-05
-0.0015038
-0.0010606
8.4775e-05
0.00017531
0.0015932
0.0066142
0.012513
0.01549
0.014766
0.01418
0.011772
0.0063016
0.0034007
0.00023394
-0.00092023
0.0012622
-0.0016306
-0.0035074
-0.0017307
-0.0025697
-0.0017482
0.00057696
-0.0019258
-0.0060911
-0.0054602
-0.0023218
-0.00062133
0.0015447
0.0046934
0.0069546
0.0063345
0.00056926
-0.0046649
-0.0062837
-0.008928
-0.0090387
-0.0052657
-0.00037822
0.002723
0.0022255
0.0043099
0.0061596
0.0056673
0.0075663
0.0085445
0.0083652
0.0075092
0.0074157
0.0086011
0.0058108
0.002498
0.0013702
0.0011581
0.0034589
0.0058495
0.0062667
0.0042305
0.0014708
0.00094718
0.00026461
-0.0027702
-0.0045874
-0.0035791
-0.0027956
-0.00038559
0.002584
0.0030736
0.0060207
0.0086148
0.0075129
0.0082721
0.0091838
0.009839
0.014592
0.016425
0.014478
0.017904
0.020183
0.018235
0.017451
0.013218
0.0083099
0.0077121
0.0057546
0.0016541
0.0021014
0.003925
0.00068976
0.00034521
0.0045049
0.0068048
0.0083797
0.010336
0.010557
0.0061985
0.0034423
0.0060904
0.0076078
0.0054677
-0.00020243
-0.0058398
-0.0089573
-0.0092875
-0.0073948
-0.0068227
-0.0063704
-0.0071733
-0.0097584
-0.011735
-0.013578
-0.012879
-0.011512
-0.010917
-0.0095159
-0.011691
-0.019257
-0.026683
-0.030485
-0.03538
-0.041869
-0.04783
-0.053969
-0.057612
-0.059698
-0.060705
-0.060433
-0.058392
-0.055346
-0.054786
-0.050413
-0.045431
-0.045731
-0.044934
-0.045077
-0.044799
-0.043969
-0.048451
-0.05357
-0.058365
-0.066262
-0.074608
-0.079842
-0.083561
-0.087584
-0.091356
-0.09531
-0.094745
-0.087662
-0.075214
-0.056787
-0.035701
-0.012659
0.0099872
0.029571
0.046625
0.061846
0.077977
0.091312
0.10179
0.11224
0.12041
0.13028
0.13858
0.1403
0.14458
0.15224
0.1565
0.15985
0.1617
0.15846
0.14799
0.12386
0.088963
0.05187
0.0096848
-0.042013
-0.092597
-0.12581
-0.13548
-0.12303
-0.1025
-0.080798
-0.048624
-0.015418
0.012545
0.046781
0.080271
0.10186
0.11394
0.11327
0.097784
0.079198
0.064482
0.05124
0.037429
0.016974
-0.0068786
-0.025024
-0.040255
-0.049408
-0.049642
-0.045195
-0.036049
-0.027458
-0.021357
-0.018758
-0.022275
-0.023863
-0.023795
-0.025325
-0.020244
-0.010309
-0.0038153
0.0011683
0.0028128
-0.00318
-0.0077444
-0.0051927
-0.00232
-0.0040776
-0.008319
-0.011169
-0.013231
-0.013571
-0.011315
-0.01183
-0.016453
-0.019841
-0.01884
-0.016574
-0.012706
-0.0063807
-0.0087125
-0.019402
-0.024422
-0.023909
-0.022047
-0.017845
-0.014404
-0.015508
-0.017195
-0.013027
-0.0069573
-0.0020557
0.0039163
0.0083888
0.011737
0.013697
0.010227
0.0037937
-0.00063461
-0.0035927
-0.0060456
-0.0063521
-0.0089046
-0.019075
-0.033347
-0.04678
-0.063011
-0.085016
-0.1045
-0.11609
-0.11964
-0.11289
-0.097723
-0.076989
-0.051862
-0.026226
-0.0023043
0.014773
0.017802
0.016648
0.018394
0.014991
0.008064
0.0023135
-0.0014388
-0.0028653
-0.002635
-0.0031003
-0.0060288
-0.0056172
-0.0030884
-0.0032685
-0.003556
-0.0033519
-0.0021633
-6.0295e-05
0.0019731
0.0024781
0.0019462
0.003448
0.0056642
0.0098641
0.017765
0.028129
0.039476
0.047914
0.053179
0.052842
0.04789
0.044253
0.037203
0.028209
0.023975
0.022089
0.019238
0.012961
0.0040175
-0.0052318
-0.012828
-0.017752
-0.019732
-0.020848
-0.023012
-0.020192
-0.014963
-0.010536
-0.0037874
0.00078148
0.006768
0.013805
0.020114
0.034222
0.04785
0.056351
0.067238
0.075406
0.077782
0.078402
0.077563
0.072558
0.061465
0.047701
0.03124
0.0092734
-0.010125
-0.023922
-0.035769
-0.040644
-0.040119
-0.036236
-0.026581
-0.017246
-0.0056733
0.01144
0.026087
0.038247
0.0498
0.055652
0.055134
0.053422
0.047939
0.035536
0.025511
0.015731
-0.001601
-0.016554
-0.025841
-0.033625
-0.034874
-0.028525
-0.018508
-0.0089561
-0.0055203
-0.008137
-0.011741
-0.017232
-0.026133
-0.031816
-0.032111
-0.03286
-0.036502
-0.041104
-0.044944
-0.044296
-0.03899
-0.033812
-0.024936
-0.011439
0.0015944
0.011402
0.015011
0.017244
0.020032
0.027352
0.044566
0.057248
0.059464
0.058752
0.055398
0.051334
0.048294
0.043032
0.033164
0.022356
0.012658
0.0029295
-0.0032208
-0.010586
-0.022638
-0.030317
-0.032566
-0.030936
-0.023402
-0.01299
-0.0049122
-0.002474
-0.0050234
-0.0084662
-0.011662
-0.017129
-0.019565
-0.017052
-0.013251
-0.0030964
0.010542
0.020241
0.024239
0.020378
0.014643
0.015724
0.019867
0.020427
0.018997
0.01397
0.0049221
-0.0032079
-0.0090148
-0.011751
-0.013181
-0.010681
-0.0053664
-0.0054609
-0.0085302
-0.012518
-0.015607
-0.014836
-0.011514
-0.0045308
0.0043603
0.012573
0.018007
0.017718
0.015257
0.015473
0.014108
0.010007
0.0078969
0.0041088
0.0010227
0.0043001
0.008859
0.011871
0.013339
0.013733
0.016716
0.023269
0.025892
0.021442
0.016455
0.011136
0.0066487
0.0058632
0.0054508
0.005794
0.0057203
0.0056321
0.011472
0.018219
0.021499
0.030651
0.044267
0.050506
0.051358
0.048288
0.037658
0.028303
0.025094
0.021102
0.014475
0.0087244
0.0038589
-0.0023004
-0.0065358
-0.0080123
-0.014494
-0.023138
-0.023882
-0.021357
-0.019285
-0.014277
-0.012805
-0.016198
-0.017094
-0.014297
-0.0053966
0.0063718
0.010334
0.0076639
0.0071369
0.0090795
0.0076314
0.0051008
0.0031651
-0.0005146
0.0005377
0.0056243
0.0078262
0.0072262
0.0032192
-0.0038989
-0.0097479
-0.010635
-0.0083501
-0.0043586
0.0021857
0.007012
0.0065096
0.0041973
0.001562
-0.0018551
-0.0016269
-0.0033662
-0.0093943
-0.0066237
0.0035634
0.011888
0.017987
0.022744
0.024864
0.028386
0.035442
0.03783
0.039169
0.040748
0.035125
0.025214
0.012152
-0.00082879
-0.010619
-0.014996
-0.012726
-0.0088944
0.0017252
0.018367
0.031811
0.041289
0.043317
0.036982
0.02553
0.01115
-0.00040915
-0.0090308
-0.018472
-0.026274
-0.032429
-0.034765
-0.029408
-0.020346
-0.0084577
0.00051254
0.0014661
0.00021175
-0.0054307
-0.013275
-0.014346
-0.011191
-0.0060083
0.0011656
0.0052922
0.008575
0.01404
0.015544
0.013256
0.0096248
0.0056291
0.005168
0.0035376
-0.0041368
-0.013434
-0.019504
-0.0223
-0.021635
-0.017812
-0.01785
-0.021638
-0.024043
-0.028807
-0.036478
-0.042315
-0.045459
-0.046781
-0.046472
-0.046689
-0.049035
-0.051169
-0.052677
-0.052406
-0.045933
-0.036629
-0.029363
-0.02308
-0.017749
-0.0091249
0.0033969
0.012314
0.016853
0.0178
0.016789
0.018323
0.023248
0.028013
0.027208
0.022313
0.016603
0.010529
0.0025606
-0.0083018
-0.016615
-0.023838
-0.031811
-0.035316
-0.035262
-0.032818
-0.030589
-0.02958
-0.023834
-0.014029
-0.0029135
0.0089097
0.018301
0.026786
0.035587
0.041082
0.041459
0.038018
0.034697
0.030135
0.023499
0.019374
0.01516
0.0082437
0.00034773
-0.0066703
-0.012733
-0.019197
-0.023044
-0.022265
-0.019185
-0.016387
-0.012306
-0.0058276
0.0029251
0.012794
0.018375
0.021471
0.020985
0.012757
0.0041339
-4.5886e-05
-0.00052114
0.0017901
0.0070856
0.016472
0.026685
0.033849
0.041108
0.048692
0.049867
0.045894
0.040063
0.034942
0.031716
0.027847
0.025918
0.020717
0.011312
0.0071908
0.0039691
-0.0029578
-0.012165
-0.021202
-0.025084
-0.023515
-0.015645
-0.0018336
0.010375
0.015582
0.014675
0.010122
0.004907
-0.0019909
-0.013029
-0.022646
-0.025588
-0.023923
-0.023569
-0.024589
-0.021782
-0.01696
-0.011122
-0.0042408
-0.0015566
-0.0039386
-0.007124
-0.0090903
-0.011173
-0.014523
-0.018502
-0.020622
-0.023773
-0.032116
-0.039179
-0.039478
-0.032511
-0.020501
-0.0075193
0.0072697
0.019799
0.024597
0.025244
0.025527
0.025874
0.025713
0.026065
0.028224
0.029609
0.027627
0.024391
0.018878
0.0059409
-0.0092121
-0.021123
-0.032848
-0.041134
-0.042184
-0.035164
-0.018888
-0.001865
0.0070561
0.0088465
0.0051023
-0.0035093
-0.014647
-0.023853
-0.027336
-0.029955
-0.0339
-0.032589
-0.028138
-0.02344
-0.017584
-0.013551
-0.010109
-0.0093239
-0.013245
-0.014904
-0.011383
-0.0062761
-0.00081355
0.0044719
0.0035314
-0.0026418
-0.0078933
-0.011637
-0.013703
-0.018309
-0.025685
-0.03237
-0.037646
-0.039066
-0.03964
-0.038804
-0.033933
-0.028649
-0.025245
-0.025579
-0.025981
-0.024309
-0.02141
-0.014716
-0.008966
-0.0061482
-0.0053072
-0.0086107
-0.010563
-0.0089584
-0.0069686
-0.0031236
0.0012039
0.0010749
0.00025981
0.0037555
0.0061981
0.0076432
0.011275
0.01487
0.019426
0.023703
0.027212
0.03024
0.030714
0.032441
0.035586
0.03695
0.037299
0.035546
0.030585
0.023658
0.016717
0.0093892
0.0027602
-0.00077852
-0.0052326
-0.011181
-0.013805
-0.012702
-0.010335
-0.0087283
-0.0067888
-0.0041779
-0.0020475
0.0014873
0.0037776
0.002048
0.0020487
0.0051929
0.0096952
0.016621
0.02174
0.022224
0.020437
0.018267
0.015616
0.01264
0.013061
0.016075
0.01938
0.021399
0.018362
0.013048
0.0071483
0.0021766
-7.9912e-09
-0.00065125
0.0022867
0.0029122
0.0009359
0.0016322
-0.00088965
-0.0036723
-0.0029603
-0.0011192
0.0013151
0.0017118
0.0018609
0.0010645
-0.0042079
-0.012121
-0.018014
-0.017846
-0.014889
-0.013116
-0.011794
-0.011816
-0.011788
-0.0096516
-0.0086559
-0.0086276
-0.0062618
-0.0024284
0.0012125
0.0039971
0.0055689
0.0033156
-0.0043636
-0.012256
-0.017469
-0.022585
-0.025718
-0.024376
-0.022276
-0.022238
-0.022851
-0.022999
-0.025272
-0.027179
-0.021041
-0.011261
-0.003257
0.0053483
0.012162
0.015596
0.017393
0.019036
0.019021
0.01556
0.011753
0.004284
-0.0062898
-0.013379
-0.02201
-0.0315
-0.036042
-0.037561
-0.037751
-0.03651
-0.03248
-0.029182
-0.026127
-0.019845
-0.016476
-0.015421
-0.014386
-0.017093
-0.021251
-0.022676
-0.019722
-0.013222
-0.0062959
-0.0036744
-0.0068134
-0.012463
-0.018748
-0.024783
-0.029135
-0.029846
-0.02765
-0.023374
-0.018718
-0.019372
-0.022694
-0.02512
-0.027613
-0.025929
-0.019482
-0.011032
-0.0026608
0.0025044
0.0047189
0.0056216
0.0062393
0.0079997
0.010883
0.012063
0.011846
0.014029
0.01772
0.020301
0.019881
0.016369
0.014331
0.014912
0.014286
0.01033
0.004554
0.00015997
-0.0028745
-0.0048005
-0.0047282
-0.0041128
-0.0033729
-0.001918
0.00062479
0.0014757
-0.0023459
-0.0068941
-0.0095768
-0.01154
-0.012942
-0.013707
-0.013995
-0.012644
-0.008197
-0.0036496
-0.00058599
0.0024645
0.0054004
0.0067657
0.0048113
0.00032635
-0.0050618
-0.0081007
-0.008108
-0.0065649
-0.0025259
0.0014711
0.0057837
0.011759
0.01611
0.017078
0.014108
0.010258
0.0092584
0.0094908
0.0086694
0.0093037
0.011794
0.012091
0.011164
0.0081679
0.0016033
-0.0040841
-0.0089009
-0.011411
-0.0071775
0.00085923
0.0090839
0.016463
0.022545
0.026536
0.02641
0.024145
0.021571
0.017993
0.016259
0.018317
0.021663
0.021794
0.018221
0.014999
0.012836
0.011047
0.0092211
0.0070362
0.0053461
0.0017435
-0.005315
-0.011805
-0.016314
-0.020454
-0.020856
-0.016616
-0.012571
-0.0098487
-0.0081793
-0.0098092
-0.014391
-0.01781
-0.018384
-0.015292
-0.009358
-0.004997
0.00018721
0.0073099
0.010588
0.01163
0.014338
0.015037
0.011814
0.0093705
0.0084717
0.0077841
0.0098024
0.012768
0.014262
0.016605
0.019196
0.020595
0.022644
0.024669
0.025729
0.02798
0.030657
0.029854
0.024493
0.018919
0.017858
0.020372
0.024733
0.030701
0.035377
0.038755
0.041566
0.039639
0.034173
0.028289
0.021324
0.016564
0.013858
0.0096952
0.0055111
0.0022935
0.0017269
0.0042586
0.0078218
0.012208
0.014404
0.013454
0.012092
0.010979
0.0095813
0.0070979
0.0060852
0.0076204
0.010345
0.01498
0.020945
0.027168
0.030256
0.028964
0.025825
0.02074
0.016936
0.016304
0.015153
0.012933
0.0099203
0.0042189
-0.0042109
-0.012591
-0.018302
-0.020241
-0.018361
-0.012969
-0.0049893
0.0033862
0.010394
0.015653
0.020401
0.02517
0.029262
0.032953
0.036195
0.038313
0.037937
0.035361
0.032886
0.0318
0.031896
0.030298
0.025965
0.019366
0.011978
0.007833
0.0029012
-0.004531
-0.0078249
-0.0087671
-0.0083132
-0.0050521
-0.0038801
-0.0054564
-0.0073109
-0.0082679
-0.0093022
-0.013399
-0.018446
-0.021303
-0.022951
-0.022749
-0.019343
-0.014897
-0.010374
-0.0056207
-0.0036534
-0.0065096
-0.012172
-0.018461
-0.024048
-0.026182
-0.025832
-0.024453
-0.020742
-0.01839
-0.018018
-0.017456
-0.018833
-0.020362
-0.019445
-0.017282
-0.01433
-0.0096262
-0.0032532
0.0023471
0.003881
0.0015126
-0.00062323
-0.002306
-0.0044022
-0.0040835
-0.0012951
0.0025278
0.0043433
0.0032056
0.0037952
0.0055185
0.0065271
0.0069259
0.0066838
0.0084179
0.010337
0.012358
0.016925
0.021347
0.024439
0.025563
0.024694
0.02267
0.019177
0.015917
0.012881
0.0090644
0.0052531
0.0027725
0.0022938
0.00097054
-0.0011625
-0.0011979
-0.000441
0.00013359
-0.00024788
-0.0014179
-0.0014023
-0.00033264
0.0011341
-0.00026457
-0.004452
-0.0068809
-0.0073501
-0.0054851
-0.0010882
0.004698
0.011662
0.018559
0.023489
0.023863
0.021082
0.017506
0.011726
0.0049952
-0.0014991
-0.008702
-0.015355
-0.019441
-0.020974
-0.020843
-0.018367
-0.013994
-0.0086006
-0.00085776
0.0084754
0.01581
0.020761
0.024467
0.024692
0.022124
0.018175
0.012303
0.0078898
0.0046709
0.0009748
-0.00033578
-0.0002287
-0.0010174
-0.0018121
-0.0024561
-0.0036683
-0.0050324
-0.0073032
-0.01145
-0.015954
-0.020245
-0.024025
-0.025504
-0.023504
-0.017886
-0.010006
-0.0022987
0.0027763
0.0043046
0.0041016
0.0028588
6.3936e-05
-0.0015344
-0.0011004
-0.00051486
0.0017053
0.0057468
0.010576
0.016237
0.019692
0.019802
0.018169
0.014443
0.0098167
0.0054736
0.00069798
-0.0031359
-0.0036809
-0.00193
-0.0016085
-0.0023387
-0.0021929
-0.0025325
-0.0032518
-0.0047373
-0.0090817
-0.017626
-0.02856
-0.037582
-0.045336
-0.052047
-0.054945
-0.055041
-0.053469
-0.049439
-0.043421
-0.038073
-0.033611
-0.02733
-0.019044
-0.010344
-0.0029791
0.0022113
0.0045889
0.0044526
0.0060037
0.011171
0.015909
0.01757
0.016778
0.014477
0.014515
0.018574
0.022107
0.021479
0.016514
0.010314
0.0055074
0.0032199
0.0048254
0.0064778
0.0029905
-0.0040264
-0.0099617
-0.013317
-0.012808
-0.0074895
-0.001057
0.0043519
0.0078117
0.0070033
0.002837
-0.0042955
-0.014109
-0.023986
-0.033114
-0.038908
-0.037601
-0.031784
-0.0247
-0.016655
-0.0093572
-0.0036412
-0.00031349
0.0018342
0.0062182
0.011503
0.016349
0.019835
0.019401
0.015924
0.010685
0.0039876
-0.0026393
-0.007594
-0.011489
-0.014837
-0.016323
-0.018434
-0.022305
-0.025479
-0.02968
-0.034778
-0.037817
-0.038247
-0.035073
-0.029212
-0.024079
-0.022619
-0.025349
-0.028752
-0.031456
-0.033857
-0.033836
-0.032416
-0.031563
-0.029353
-0.025402
-0.0212
-0.01652
-0.011859
-0.0090535
-0.0085982
-0.0094951
-0.0099562
-0.008477
-0.0069987
-0.0084418
-0.011734
-0.016698
-0.022905
-0.026611
-0.027306
-0.025774
-0.023146
-0.020447
-0.016264
-0.012627
-0.010544
-0.0073973
-0.0051953
-0.0067021
-0.0097902
-0.012558
-0.014734
-0.015384
-0.014788
-0.013062
-0.010008
-0.0067825
-0.0040325
-0.003042
-0.0043871
-0.0053231
-0.0041898
-0.0020427
0.00028805
0.0017408
0.0022315
0.0032519
0.0047667
0.0060309
0.0071233
0.0081963
0.0085388
0.0090634
0.011127
0.012417
0.011927
0.011026
0.010813
0.012505
0.016257
0.020681
0.023052
0.023202
0.022715
0.020585
0.016511
0.012904
0.011552
0.011721
0.011574
0.0099461
0.0079004
0.0060006
0.0042583
0.0051198
0.0080494
0.01042
0.011709
0.011818
0.011458
0.010653
0.0084635
0.0060782
0.0051487
0.0032267
-0.00032281
-0.0018438
-0.0015452
-0.00056917
0.00074046
0.00077586
-0.00026794
-0.0013195
-0.0020604
-0.002439
-0.0013958
0.00036858
0.00076059
0.0012256
0.002894
0.003981
0.0038498
0.0026263
0.00010781
-0.0011713
0.00093595
0.005168
0.0097368
0.012975
0.014857
0.014679
0.012124
0.0098442
0.0075247
0.0058772
0.0065398
0.0064763
0.0061496
0.0072994
0.0072489
0.005647
0.0040152
0.0022415
0.00098238
0.0012279
0.0022416
0.0034588
0.0046467
0.0050955
0.0050664
0.0052454
0.0058317
0.0067152
0.0084639
0.0098675
0.008902
0.0063401
0.0018795
-0.0037551
-0.0093552
-0.015738
-0.020756
-0.023148
-0.023994
-0.023448
-0.022423
-0.022508
-0.023445
-0.023071
-0.021267
-0.0189
-0.01589
-0.013504
-0.012138
-0.01025
-0.006725
-0.0013467
0.0035714
0.0072132
0.013227
0.020994
0.027145
0.031129
0.032161
0.030893
0.027489
0.021621
0.015762
0.010208
0.0047055
7.4035e-05
-0.0044785
-0.0089234
-0.013498
-0.017717
-0.020442
-0.022201
-0.021805
-0.018841
-0.014628
-0.0098461
-0.0056389
-0.0029604
-0.0022627
-0.0018493
-2.1122e-05
0.002145
0.0035957
0.0049249
0.0061437
0.0057409
0.0051645
0.0060875
0.008039
0.010819
0.013065
0.01507
0.016385
0.015433
0.01437
0.013976
0.012882
0.011577
0.010717
0.0094447
0.0072381
0.0050492
0.0034043
0.0019221
0.00090005
0.00090065
0.00033487
-0.0017802
-0.0031646
-0.0040951
-0.0070512
-0.01049
-0.012504
-0.012862
-0.010932
-0.0081209
-0.0050576
-0.0014449
0.00052748
0.00075903
0.0016663
0.0035064
0.0048701
0.0066584
0.0093857
0.010666
0.010853
0.010731
0.0093106
0.0075524
0.0060935
0.0047903
0.0036735
0.0018494
-0.0010771
-0.0041752
-0.0069428
-0.0086425
-0.0083973
-0.0073534
-0.0054889
-0.0028198
-0.0010603
0.00081457
0.0033238
0.0048389
0.005455
0.0065335
0.0084335
0.010685
0.013389
0.016148
0.019437
0.0232
0.025729
0.028168
0.030454
0.030681
0.02937
0.027647
0.026199
0.024145
0.0221
0.021151
0.019854
0.018024
0.015055
0.01231
0.011896
0.011246
0.010143
0.0090791
0.0067543
0.0047171
0.0031184
0.0007101
-0.0022481
-0.005326
-0.0073588
-0.0086311
-0.0099472
-0.0095029
-0.0077345
-0.0069658
-0.0065591
-0.0054105
-0.0039018
-0.0024185
0.0002727
0.0044427
0.0081645
0.01148
0.014038
0.014716
0.015297
0.016331
0.016983
0.017809
0.018849
0.020108
0.020609
0.019345
0.017441
0.013788
0.0079747
0.0030866
6.318e-05
-0.001455
-0.0020499
-0.0012253
0.0024796
0.0065349
0.0096655
0.012705
0.013858
0.013862
0.014194
0.014089
0.013936
0.013688
0.013036
0.012976
0.013721
0.01397
0.014409
0.016764
0.018784
0.019626
0.021243
0.022667
0.023696
0.0246
0.023959
0.022516
0.021
0.018136
0.014207
0.011318
0.0095917
0.0078031
0.0058374
0.0036633
0.0020712
0.00071679
-0.00097956
-0.0010694
-0.00093379
-0.001363
0.00030857
0.0024478
0.0031768
0.0035398
0.0039249
0.0031293
-0.00014458
-0.0040421
-0.0067681
-0.0084527
-0.0089642
-0.0085766
-0.0074299
-0.0060977
-0.0050836
-0.0037967
-0.0025468
-0.0016532
-0.00079772
-0.00042967
-0.00025393
0.0011793
0.0041665
0.0073723
0.009232
0.0095694
0.008739
0.0063289
0.0028169
-0.00030866
-0.0023638
-0.0038028
-0.0051909
-0.0071723
-0.0098843
-0.011628
-0.012472
-0.013781
-0.013869
-0.013291
-0.014285
-0.015062
-0.015502
-0.016774
-0.017471
-0.01774
-0.018139
-0.018337
-0.018929
-0.019868
-0.019827
-0.01849
-0.016462
-0.01294
-0.0081799
-0.0034998
0.00074634
0.0032344
0.0039905
0.0048459
0.0060923
0.0071992
0.0079479
0.0076209
0.0058954
0.004199
0.0030453
0.0022
0.0022003
0.0027839
0.0035282
0.0039733
0.0046518
0.0064497
0.0088615
0.012061
0.015754
0.018855
0.020332
0.01976
0.018918
0.018158
0.015967
0.012709
0.0096037
0.0070166
0.004713
0.0030571
0.0031173
0.0049041
0.0071433
0.0086729
0.0090868
0.008948
0.0089815
0.0089668
0.0092844
0.010111
0.0098185
0.0085802
0.0073818
0.0053871
0.0033805
0.0022429
0.00081326
-0.00095746
-0.0026446
-0.0042519
-0.0052285
-0.0053476
-0.0048364
-0.0039467
-0.0025942
-0.00077869
0.0014279
0.0037544
0.0051027
0.0059848
0.0067533
0.0064046
0.0056954
0.0047564
0.003871
0.0038995
0.0033064
0.0013725
-0.00072232
-0.0019851
-0.0029016
-0.0042752
-0.0053738
-0.0059085
-0.0059253
-0.0061151
-0.0078505
-0.010274
-0.011732
-0.011451
-0.0096279
-0.0076421
-0.0071228
-0.0086999
-0.011255
-0.014048
-0.017108
-0.020119
-0.022582
-0.024053
-0.025134
-0.025874
-0.025817
-0.024937
-0.023311
-0.022113
-0.021322
-0.019972
-0.018679
-0.017871
-0.017304
-0.017516
-0.018546
-0.019846
-0.021597
-0.022516
-0.021772
-0.020948
-0.020612
-0.020639
-0.021049
-0.021328
-0.021031
-0.02
-0.018296
-0.016833
-0.016178
-0.015245
-0.014741
-0.015657
-0.016102
-0.015732
-0.015955
-0.01639
-0.016734
-0.017762
-0.018943
-0.020008
-0.021972
-0.024264
-0.025576
-0.025928
-0.026049
-0.026264
-0.026664
-0.02709
-0.027234
-0.027643
-0.028666
-0.03027
-0.031665
-0.031692
-0.031135
-0.030398
-0.029069
-0.027532
-0.026063
-0.025172
-0.02442
-0.023081
-0.021771
-0.020308
-0.018499
-0.017386
-0.016607
-0.015463
-0.014919
-0.014989
-0.014786
-0.014287
-0.014066
-0.014547
-0.015285
-0.015745
-0.015099
-0.013454
-0.012226
-0.011542
-0.011234
-0.011364
-0.011452
-0.01109
-0.010668
-0.010577
-0.0097214
-0.0076424
-0.0053124
-0.0033841
-0.0022771
-0.0021561
-0.0024731
-0.0026059
-0.0028701
-0.0035052
-0.0042004
-0.0050841
-0.0057164
-0.0056944
-0.0059293
-0.0065918
-0.0066464
-0.0057965
-0.0049393
-0.0047131
-0.0049816
-0.0058456
-0.0066817
-0.0064465
-0.0054979
-0.0043131
-0.0026613
-0.0007514
0.00058453
0.0015264
0.002665
0.00356
0.0045467
0.0057577
0.0067101
0.0079046
0.0092724
0.010472
0.01136
0.011792
0.011962
0.011891
0.011064
0.0084639
0.0054758
0.0041175
0.003476
0.0033258
0.0038597
0.0043037
0.0046358
0.0042317
0.0028179
0.0017543
0.0013501
0.00067283
0.00027817
0.001122
0.0022393
0.0025369
0.0025009
0.00295
0.0034713
0.0039374
0.0048375
0.0052151
0.0049289
0.0047866
0.0043855
0.0040485
0.0043845
0.0051297
0.0058495
0.0062052
0.0062556
0.0060112
0.0061313
0.0068146
0.0066563
0.0056156
0.0047392
0.0041668
0.0041051
0.0048881
0.0058921
0.0066685
0.0078515
0.0096234
0.012032
0.014979
0.017533
0.01944
0.02061
0.021063
0.021437
0.02147
0.021261
0.021156
0.020116
0.01824
0.01672
0.015328
0.013514
0.011784
0.010796
0.010639
0.010949
0.011595
0.012808
0.013984
0.014564
0.014706
0.01467
0.015263
0.016312
0.01738
0.018908
0.020553
0.02192
0.023049
0.024372
0.02607
0.027732
0.029442
0.030582
0.030355
0.029319
0.028402
0.027684
0.026503
0.02461
0.022161
0.019423
0.016507
0.013053
0.0090521
0.0055288
0.0034449
0.0021274
0.0010335
0.00064706
0.0006855
0.0011408
0.0024935
0.004246
0.0054368
0.0058763
0.0065361
0.0076249
0.0081743
0.0082337
0.0085926
0.0093038
0.0099817
0.010381
0.010205
0.0096376
0.0093851
0.0097299
0.010411
0.010899
0.011349
0.011976
0.012145
0.011707
0.010808
0.0096791
0.0086938
0.0076822
0.0067178
0.0057473
0.0040918
0.001907
0.00049138
0.00032424
0.00084101
0.0019082
0.0026906
0.0027029
0.0029182
0.0032127
0.003317
0.0032855
0.0029774
0.0028974
0.0026707
0.0017591
0.00052125
-0.00088373
-0.0023875
-0.0037456
-0.0045478
-0.0048238
-0.0046143
-0.0034168
-0.0014258
0.00047522
0.0016366
0.0023069
0.0028088
0.0027255
0.0022973
0.0018075
0.0012615
0.00088102
0.00010647
-0.0011131
-0.0024683
-0.004013
-0.0052796
-0.0061784
-0.0064905
-0.0057755
-0.0042156
-0.0019551
0.00076779
0.0035338
0.0057613
0.0072693
0.0084786
0.0090923
0.0086748
0.0078289
0.0074504
0.0075302
0.0076387
0.0079568
0.008429
0.0089251
0.0096625
0.010346
0.011058
0.012125
0.013027
0.013394
0.013691
0.01424
0.014983
0.016403
0.018396
0.020015
0.020821
0.020645
0.019625
0.017859
0.01577
0.013895
0.012443
0.012244
0.012929
0.013661
0.014491
0.015008
0.015438
0.016008
0.016463
0.016717
0.016598
0.016682
0.016876
0.016484
0.015516
0.013596
0.010875
0.0080759
0.0052917
0.0027
0.00022661
-0.0020678
-0.003478
-0.0042176
-0.0046926
-0.0044904
-0.0037989
-0.0029888
-0.0018146
-0.00051709
0.00012575
-0.00020881
-0.0010835
-0.0019606
-0.002895
-0.0039315
-0.0048485
-0.0054735
-0.0057507
-0.0060227
-0.0061784
-0.0058536
-0.0055865
-0.0058658
-0.0068085
-0.0081864
-0.0092157
-0.0097916
-0.010333
-0.01036
-0.0096774
-0.0091439
-0.0088214
-0.0086458
-0.008698
-0.0082231
-0.0072629
-0.0062773
-0.0058735
-0.0068505
-0.0086821
-0.010715
-0.012625
-0.014151
-0.015402
-0.0164
-0.017108
-0.01712
-0.016624
-0.016266
-0.015945
-0.015917
-0.016188
-0.016033
-0.015765
-0.015875
-0.016015
-0.016023
-0.015545
-0.014455
-0.013423
-0.012754
-0.012974
-0.014175
-0.015322
-0.01615
-0.016696
-0.01703
-0.017625
-0.018351
-0.019149
-0.019788
-0.019452
-0.018325
-0.017044
-0.015803
-0.014834
-0.014218
-0.013776
-0.013435
-0.013441
-0.013731
-0.014345
-0.015457
-0.016493
-0.017711
-0.018967
-0.01911
-0.018627
-0.017654
-0.016038
-0.014737
-0.014177
-0.014028
-0.013408
-0.012298
-0.011317
-0.010729
-0.011027
-0.01185
-0.012616
-0.013331
-0.013673
-0.013333
-0.012632
-0.012008
-0.011404
-0.01092
-0.010949
-0.011453
-0.012061
-0.012567
-0.01273
-0.012266
-0.011289
-0.0097307
-0.0076086
-0.0057635
-0.0048252
-0.0045353
-0.0044199
-0.004232
-0.0037524
-0.0029569
-0.0019687
-0.00075088
0.00075918
0.0023413
0.0037492
0.0054595
0.0077132
0.0098378
0.011197
0.011655
0.011568
0.011006
0.010084
0.0092828
0.0082507
0.0066254
0.0047798
0.002946
0.0011993
-0.00022317
-0.0010782
-0.0014689
-0.001751
-0.0021957
-0.0026655
-0.0029804
-0.0033388
-0.0036307
-0.0037137
-0.003438
-0.0026132
-0.0016834
-0.00056437
0.0010038
0.0028492
0.005181
0.007729
0.010176
0.012334
0.013454
0.013484
0.012798
0.011495
0.010198
0.0094428
0.0091651
0.0093587
0.0096402
0.0096716
0.0096594
0.0091994
0.0083383
0.0075352
0.006655
0.0063831
0.0067849
0.0069377
0.0070151
0.0072178
0.0073852
0.0078213
0.0087917
0.010214
0.011919
0.013412
0.014184
0.014608
0.014837
0.014755
0.014907
0.015189
0.014978
0.014264
0.013265
0.012126
0.0109
0.0098556
0.0093957
0.0090651
0.0081228
0.006978
0.0063815
0.0061392
0.005771
0.0053112
0.0047679
0.0041459
0.003858
0.0040996
0.0047595
0.0056993
0.0068531
0.0083252
0.0098015
0.01069
0.011293
0.011936
0.01196
0.011469
0.011003
0.010341
0.0094202
0.0082711
0.0071949
0.0063892
0.0056428
0.0050974
0.0045359
0.0037329
0.0027867
0.0016475
0.00073482
0.00034614
0.00026176
0.00040396
0.00051786
6.6454e-05
-0.00075514
-0.0014787
-0.0023897
-0.0032907
-0.0039124
-0.0046238
-0.0049151
-0.0046783
-0.0046496
-0.0043846
-0.0036072
-0.0030758
-0.0028805
-0.0028855
-0.003377
-0.004043
-0.0045649
-0.0050163
-0.005195
-0.0054115
-0.0061289
-0.007224
-0.0084602
-0.0094475
-0.0099274
-0.010116
-0.010296
-0.010062
-0.0092442
-0.0084202
-0.0075581
-0.0067184
-0.0057937
-0.0041691
-0.0025002
-0.0014799
-0.00095251
-0.0010385
-0.0013803
-0.001483
-0.0015997
-0.0013671
-0.00083952
-0.0010891
-0.0016294
-0.0020319
-0.0031191
-0.0046903
-0.0063965
-0.0083348
-0.010008
-0.011074
-0.011827
-0.012322
-0.012433
-0.012325
-0.012003
-0.011681
-0.01163
-0.01157
-0.011749
-0.012639
-0.013891
-0.01507
-0.015892
-0.016124
-0.016162
-0.016462
-0.017025
-0.017773
-0.018733
-0.019658
-0.019891
-0.019781
-0.019985
-0.020335
-0.020876
-0.021053
-0.020281
-0.018982
-0.017675
-0.016735
-0.0159
-0.015283
-0.015144
-0.014848
-0.014757
-0.015071
-0.015051
-0.014975
-0.01509
-0.015296
-0.015569
-0.015385
-0.014831
-0.014417
-0.01375
-0.012336
-0.010644
-0.0092089
-0.0078454
-0.0066174
-0.0058457
-0.0050827
-0.0036007
-0.0014393
0.0011143
0.0038637
0.0062519
0.0080679
0.0093908
0.010145
0.010276
0.0099502
0.0096492
0.0094902
0.0095124
0.009499
0.0092502
0.0093253
0.0097665
0.010714
0.012132
0.01288
0.012697
0.011971
0.010874
0.0098516
0.0091902
0.0088869
0.0086481
0.0079182
0.0067118
0.005513
0.0046145
0.0043409
0.0048336
0.0055335
0.0057835
0.0056073
0.0051073
0.004496
0.004223
0.0039771
0.0036628
0.0034308
0.0029967
0.0028931
0.0034623
0.004236
0.0051073
0.0058388
0.0061264
0.0061882
0.006202
0.0060419
0.0057711
0.0057529
0.0061449
0.0068582
0.0073517
0.0070798
0.0067215
0.0068475
0.007081
0.007668
0.0087158
0.0094598
0.0096429
0.0091793
0.0078887
0.0061933
0.0045562
0.0030863
0.0017551
0.00066534
-0.00018799
-0.00090575
-0.0013281
-0.0014854
-0.0014114
-0.0010842
-0.00056421
-0.0001188
-1.3873e-05
0.00011667
-1.5474e-05
-0.00094946
-0.0023844
-0.0040755
-0.0057827
-0.0072698
-0.0082507
-0.0086193
-0.0084537
-0.0077013
-0.006758
-0.0058606
-0.0048994
-0.0040749
-0.0038391
-0.0043051
-0.0050546
-0.0060613
-0.0073146
-0.0082594
-0.0086986
-0.0090575
-0.0095461
-0.0096331
-0.0091356
-0.0083739
-0.0074284
-0.0067086
-0.0064669
-0.0063647
-0.0064326
-0.0068729
-0.0074414
-0.0080631
-0.0087586
-0.0090751
-0.0090221
-0.0088314
-0.0084436
-0.0080522
-0.007564
-0.0069916
-0.0064038
-0.005276
-0.0035291
-0.0017679
-0.00040164
0.00074196
0.0017517
0.0025422
0.0031539
0.003658
0.0044197
0.0053059
0.0058555
0.0061767
0.0063176
0.0063033
0.0063495
0.0066037
0.0072237
0.0082457
0.0093827
0.010432
0.011605
0.012873
0.013929
0.014658
0.014995
0.01508
0.01513
0.015187
0.015434
0.015894
0.016241
0.016413
0.016619
0.016744
0.016509
0.016025
0.015671
0.015518
0.015454
0.01554
0.015711
0.015745
0.0154
0.014605
0.013592
0.012628
0.011992
0.011674
0.011649
0.012116
0.013058
0.01454
0.016431
0.018246
0.019702
0.020778
0.021597
0.021904
0.021693
0.021374
0.020807
0.02022
0.019644
0.018637
0.017759
0.017131
0.016207
0.015025
0.0138
0.012885
0.012292
0.011975
0.011971
0.011975
0.012263
0.012718
0.012763
0.01287
0.013303
0.013707
0.014148
0.014727
0.015258
0.015821
0.016653
0.017868
0.019294
0.020277
0.020746
0.020982
0.02073
0.020027
0.019346
0.019088
0.01918
0.019218
0.01903
0.018437
0.017314
0.016112
0.015383
0.015116
0.014967
0.014691
0.014122
0.01311
0.011819
0.010462
0.0090583
0.0078144
0.0069352
0.0064405
0.0061871
0.0057896
0.0051055
0.0045583
0.0041972
0.0036972
0.0033018
0.0030872
0.0029989
0.0031004
0.0032067
0.003397
0.0036048
0.0036151
0.0033202
0.0028187
0.0027877
0.0031448
0.0033088
0.0034802
0.0036924
0.0037499
0.0037624
0.0036491
0.0032309
0.0027811
0.0026439
0.0028295
0.0032228
0.0036297
0.0039999
0.0042182
0.0041219
0.0040344
0.0041077
0.0042045
0.0043547
0.0043473
0.0039981
0.0036501
0.0035414
0.0033362
0.0028862
0.0023721
0.0018954
0.0016084
0.0016362
0.00198
0.0023323
0.0023264
0.0017536
0.00055495
-0.00090764
-0.0023221
-0.0035338
-0.0044621
-0.0052112
-0.0060533
-0.0072343
-0.0082762
-0.0089013
-0.0094882
-0.01007
-0.010661
-0.011282
-0.011785
-0.012143
-0.012432
-0.012783
-0.013026
-0.013174
-0.013496
-0.013822
-0.014268
-0.015068
-0.01608
-0.01729
-0.018628
-0.019894
-0.020872
-0.02156
-0.022224
-0.02282
-0.023306
-0.023853
-0.024312
-0.024548
-0.024742
-0.024678
-0.024207
-0.023622
-0.022896
-0.022461
-0.022729
-0.023005
-0.022971
-0.022893
-0.022761
-0.022468
-0.021949
-0.021476
-0.021354
-0.021345
-0.021266
-0.021294
-0.021568
-0.022078
-0.022746
-0.023825
-0.02528
-0.026609
-0.027886
-0.029123
-0.029999
-0.030551
-0.030865
-0.031043
-0.03119
-0.031295
-0.031354
-0.031471
-0.031758
-0.032144
-0.03264
-0.033217
-0.0338
-0.034271
-0.034322
-0.034066
-0.033612
-0.032948
-0.032341
-0.031495
-0.030112
-0.028371
-0.026315
-0.023975
-0.021471
-0.019276
-0.017649
-0.016534
-0.016137
-0.016373
-0.017014
-0.017862
-0.018813
-0.01982
-0.020679
-0.021442
-0.021993
-0.022229
-0.022223
-0.021831
-0.021237
-0.020635
-0.020115
-0.019751
-0.019452
-0.019201
-0.018911
-0.018811
-0.018912
-0.018949
-0.019154
-0.019274
-0.019213
-0.019183
-0.01868
-0.017687
-0.01631
-0.014484
-0.012694
-0.011184
-0.0099623
-0.0090041
-0.0080774
-0.0069923
-0.0057582
-0.0045667
-0.0035001
-0.002611
-0.0019454
-0.0014579
-0.0012938
-0.00161
-0.0021982
-0.0026938
-0.0029916
-0.0030554
-0.0026645
-0.0019142
-0.0012124
-0.00058449
5.7772e-05
0.00064978
0.0012627
0.0018312
0.0022573
0.0026271
0.0029645
0.0032709
0.0034815
0.0035336
0.0034663
0.0031994
0.0026282
0.0019158
0.0013509
0.00088515
0.00055792
0.0006698
0.0012382
0.0022097
0.0033274
0.004285
0.0051691
0.0059328
0.0065056
0.0070911
0.0077468
0.0082767
0.0087325
0.0091452
0.0092039
0.0089892
0.0086827
0.0084188
0.0084637
0.0086941
0.0089634
0.0091686
0.0092888
0.0095165
0.0099312
0.010618
0.011345
0.012662
0.013749
0.014773
0.015369
0.015675
0.015964
0.016371
0.017006
0.018065
0.019133
0.019805
0.02019
0.020449
0.020718
0.020763
0.020537
0.020344
0.020299
0.020433
0.020694
0.021123
0.021548
0.021652
0.02155
0.021303
0.020856
0.020383
0.020136
0.02021
0.020522
0.020956
0.021413
0.021942
0.022615
0.02339
0.024211
0.024982
0.025615
0.025996
0.026154
0.026212
0.026146
0.026072
0.026012
0.025864
0.025693
0.025548
0.025463
0.025228
0.024627
0.023876
0.023169
0.022685
0.022544
0.022692
0.023097
0.023607
0.024034
0.024276
0.024206
0.023698
0.02294
0.022187
0.02146
0.020936
0.020703
0.020631
0.02061
0.020638
0.020822
0.021011
0.021257
0.021621
0.021844
0.021995
0.022066
0.021943
0.021634
0.020965
0.020047
0.019248
0.018696
0.018388
0.018338
0.018481
0.018604
0.018532
0.018277
0.017956
0.017565
0.017015
0.016374
0.015707
0.015095
0.01449
0.013614
0.012546
0.011451
0.010333
0.0093488
0.008616
0.0080971
0.0077566
0.0076012
0.0074431
0.0071457
0.0068853
0.0067981
0.006842
0.006832
0.0067496
0.0065659
0.0061706
0.0058239
0.0055989
0.0052726
0.0048286
0.0044221
0.0040981
0.0037705
0.0035582
0.0034139
0.0032554
0.0032481
0.0031439
0.0027219
0.0022227
0.0018167
0.0014853
0.0012234
0.0011923
0.0013875
0.0015246
0.0014896
0.0012742
0.00093151
0.00070147
0.00066291
0.00064503
0.00057154
0.00050694
0.00050764
0.00050872
0.00037561
0.00029356
0.00047954
0.00078283
0.0011715
0.00163
0.0019172
0.0019878
0.0020315
0.0021288
0.0020999
0.0017545
0.0011707
0.00048211
-0.00024232
-0.00088871
-0.0013771
-0.0015987
-0.0016544
-0.0017312
-0.0017471
-0.001886
-0.0023284
-0.0029062
-0.0034414
-0.0038099
-0.0041668
-0.0047088
-0.0054957
-0.0064377
-0.0074098
-0.0084302
-0.0093025
-0.01003
-0.010791
-0.011487
-0.012186
-0.012929
-0.013638
-0.014481
-0.015606
-0.016816
-0.017945
-0.019055
-0.020046
-0.020909
-0.021768
-0.022528
-0.023123
-0.023592
-0.023903
-0.024078
-0.024311
-0.024593
-0.024723
-0.024835
-0.025071
-0.025367
-0.025749
-0.026024
-0.025961
-0.025601
-0.024928
-0.024077
-0.023237
-0.022428
-0.021831
-0.021496
-0.021292
-0.021025
-0.020497
-0.019892
-0.019493
-0.019377
-0.019447
-0.019656
-0.020033
-0.020251
-0.020234
-0.020274
-0.020278
-0.020133
-0.019879
-0.019545
-0.01911
-0.018457
-0.017678
-0.016916
-0.016302
-0.015967
-0.015837
-0.015907
-0.016182
-0.016474
-0.016718
-0.017028
-0.017298
-0.017336
-0.017282
-0.017205
-0.017019
-0.016755
-0.016365
-0.015877
-0.015369
-0.014843
-0.014349
-0.013864
-0.013369
-0.012816
-0.012128
-0.011348
-0.010547
-0.0097754
-0.0090434
-0.0084105
-0.0079603
-0.0076383
-0.0074239
-0.0073306
-0.0072509
-0.0070699
-0.0067254
-0.0062164
-0.0056198
-0.0049971
-0.0043864
-0.0037405
-0.0030477
-0.0023576
-0.001475
-0.00040422
0.00061776
0.0016278
0.0024985
0.0030719
0.0034784
0.0038062
0.0040959
0.0043629
0.004563
0.0046478
0.0047206
0.0049128
0.0051782
0.0055483
0.0059749
0.0063053
0.006599
0.0068816
0.0071709
0.0075265
0.0078485
0.008069
0.0081575
0.0080686
0.0078706
0.0076429
0.0074256
0.0072081
0.0069031
0.0065092
0.0061999
0.0061117
0.0061493
0.0061883
0.0062905
0.0064859
0.0066091
0.0065556
0.0063334
0.00597
0.0055967
0.0052701
0.0049691
0.0047809
0.0047022
0.0046566
0.0046975
0.0048394
0.0050267
0.0052474
0.0054346
0.0055778
0.0057324
0.0058425
0.0059427
0.0061293
0.0063628
0.0065319
0.0065516
0.0064782
0.0063664
0.0062027
0.0059807
0.0056741
0.0053474
0.0050419
0.0047569
0.0045462
0.0043274
0.0040437
0.0037767
0.0035674
0.003423
0.0033218
0.0032789
0.0033396
0.0034412
0.003526
0.0036374
0.0037694
0.003836
0.0038265
0.0038262
0.0038993
0.0039877
0.0040051
0.0039669
0.0038875
0.0037731
0.0036577
0.0035278
0.0033831
0.003274
0.0032434
0.0032835
0.0033387
0.003363
0.0033375
0.0032563
0.0030843
0.0028008
0.0024893
0.0022555
0.0021493
0.0021892
0.0023333
0.0025085
0.0027057
0.0029646
0.003263
0.0035323
0.0037628
0.0039495
0.0040663
0.0041008
0.0040569
0.0039904
0.0039039
0.0037508
0.0035777
0.0034281
0.0032975
0.0032108
0.0031857
0.0031799
0.0031447
0.0030879
0.0030013
0.002872
0.002747
0.0026195
0.0024634
0.0023303
0.0022319
0.0021548
0.0021224
0.0021052
0.0020712
0.0020292
0.0019634
0.0018843
0.0018173
0.0017596
0.0017183
0.0016888
0.0016461
0.0015667
0.0014495
0.0013147
0.0011704
0.0010136
0.00085263
0.00071236
0.00060033
0.00050715
0.0004324
0.00036644
0.00028973
0.00019845
0.000121
8.2294e-05
7.3824e-05
8.1251e-05
8.9928e-05
8.8269e-05
8.2119e-05
9.0523e-05
0.00012515
0.00016448
0.00017791
0.0001652
0.00014041
0.00011615
0.00010232
9.8417e-05
9.5247e-05
9.0781e-05
8.5562e-05
6.5631e-05
2.8694e-05
-5.7223e-06
-2.3845e-05
-3.1389e-05
-3.038e-05
-8.0778e-06
2.1391e-05
3.7943e-05
4.3882e-05
2.8059e-05
-1.9824e-05
-8.3311e-05
-0.00014361
-0.00019908
-0.00025352
-0.0003104
-0.00036695
-0.00040782
-0.00042795
-0.00043192
-0.00042351
-0.00041142
-0.00039808
-0.00038584
-0.00037856
-0.00037402
-0.00037383
-0.0003745
-0.00036785
-0.0003546
-0.00033911
-0.00032512
-0.0003137
-0.00030675
-0.00030589
-0.00030562
-0.00030089
-0.00028943
-0.0002727
-0.00025655
-0.00024278
-0.00023413
-0.00023361
-0.0002356
-0.00023533
-0.00023248
-0.0002296
-0.00022777
-0.00022382
-0.00022095
-0.00022292
-0.00022711
-0.00023103
-0.00023293
-0.00023208
-0.00022912
-0.00022636
-0.00022511
-0.00022439
-0.00022321
-0.00022038
-0.00021574
-0.00021086
-0.0002087
-0.00020985
-0.00021283
-0.00021726
-0.00022152
-0.00022511
-0.00022768
-0.00022842
-0.00022905
-0.00022997
-0.00023168
-0.0002344
-0.00023633
-0.00023732
-0.00023698
-0.00023452
-0.00023081
-0.00022685
-0.00022339
-0.00022109
-0.00022001
-0.00021922
-0.00021812
-0.00021702
-0.00021582
-0.00021451
-0.0002135
-0.00021291
-0.00021267
-0.00021272
-0.00021281
-0.00021259
-0.00021218
-0.00021186
-0.00021179
-0.00021194
-0.00021215
-0.0002123
-0.00021231
-0.00021211
-0.00021173
-0.00021119
-0.00021057
-0.0002099
-0.00020917
-0.00020831
-0.00020725
-0.00020599
-0.00020456
-0.00020302
-0.00020145
-0.00019988
-0.00019832
-0.00019678
-0.00019523
-0.00019366
-0.00019208
-0.00019049
-0.00018891
-0.00018735
-0.00018581
-0.00018424
-0.00018265
-0.00018104
-0.00017939
-0.00017773
-0.00017605
-0.00017436
-0.00017266
-0.00017096
-0.00016924
-0.00016752
-0.0001658
-0.00016407
-0.00016233
-0.00016059
-0.00015885
-0.0001571
-0.00015535
-0.00015358
-0.00015182
-0.00015004
-0.00014826
