   0.0000000e+00   5.0893040e-04
   1.0000000e-02   5.0963720e-04
   2.0000000e-02   5.0997630e-04
   3.0000000e-02   5.0794180e-04
   4.0000000e-02   5.0549310e-04
   5.0000000e-02   5.0478950e-04
   6.0000000e-02   5.0297970e-04
   7.0000000e-02   5.0318830e-04
   8.0000000e-02   5.0554450e-04
   9.0000000e-02   5.0505840e-04
   1.0000000e-01   5.0599170e-04
   1.1000000e-01   5.0775030e-04
   1.2000000e-01   5.0486240e-04
   1.3000000e-01   4.9753480e-04
   1.4000000e-01   5.1358510e-04
   1.5000000e-01   5.0674640e-04
   1.6000000e-01   4.5397530e-04
   1.7000000e-01   4.3937980e-04
   1.8000000e-01   4.5007440e-04
   1.9000000e-01   4.0504580e-04
   2.0000000e-01   3.4054580e-04
   2.1000000e-01   3.5639170e-04
   2.2000000e-01   4.2467440e-04
   2.3000000e-01   4.7333770e-04
   2.4000000e-01   5.5252130e-04
   2.5000000e-01   5.6486980e-04
   2.6000000e-01   6.2048040e-04
   2.7000000e-01   8.7218090e-04
   2.8000000e-01   9.5005560e-04
   2.9000000e-01   6.2708080e-04
   3.0000000e-01   1.3604410e-04
   3.1000000e-01  -2.1014180e-04
   3.2000000e-01  -1.3898590e-04
   3.3000000e-01  -6.2456340e-05
   3.4000000e-01  -1.3477440e-04
   3.5000000e-01   3.1206680e-04
   3.6000000e-01   6.3210020e-04
   3.7000000e-01   3.9988710e-04
   3.8000000e-01   7.6246490e-04
   3.9000000e-01   1.1585910e-03
   4.0000000e-01   9.0125810e-04
   4.1000000e-01   9.0750970e-04
   4.2000000e-01   7.9903750e-04
   4.3000000e-01   3.4296760e-04
   4.4000000e-01   1.1694760e-03
   4.5000000e-01   1.4232120e-03
   4.6000000e-01  -6.0518990e-04
   4.7000000e-01  -1.3120520e-03
   4.8000000e-01   3.9235670e-04
   4.9000000e-01   8.3480140e-04
   5.0000000e-01  -9.4840410e-04
   5.1000000e-01  -1.3049970e-03
   5.2000000e-01   6.0344890e-04
   5.3000000e-01   1.9900730e-03
   5.4000000e-01   1.4651550e-03
   5.5000000e-01   1.0148750e-03
   5.6000000e-01   2.2459290e-03
   5.7000000e-01   2.9972040e-03
   5.8000000e-01   1.7727910e-03
   5.9000000e-01   2.1913080e-05
   6.0000000e-01  -7.7204030e-04
   6.1000000e-01  -1.2779770e-03
   6.2000000e-01  -1.1528720e-03
   6.3000000e-01  -1.0402620e-03
   6.4000000e-01  -1.4961900e-03
   6.5000000e-01  -3.8205150e-04
   6.6000000e-01   1.5732340e-03
   6.7000000e-01   1.0522070e-03
   6.8000000e-01   2.9784050e-03
   6.9000000e-01   6.4126340e-03
   7.0000000e-01   2.8386050e-03
   7.1000000e-01  -4.0481420e-03
   7.2000000e-01  -2.2952910e-03
   7.3000000e-01   2.6735860e-03
   7.4000000e-01   4.2974980e-04
   7.5000000e-01  -3.7798290e-03
   7.6000000e-01  -2.7240340e-03
   7.7000000e-01   1.4312090e-03
   7.8000000e-01   4.5511410e-03
   7.9000000e-01   3.9897680e-03
   8.0000000e-01  -1.4680390e-03
   8.1000000e-01  -8.5425720e-03
   8.2000000e-01  -7.9162820e-03
   8.3000000e-01  -2.1136300e-03
   8.4000000e-01  -2.0898680e-03
   8.5000000e-01  -3.6565140e-03
   8.6000000e-01  -8.9936560e-04
   8.7000000e-01   3.6798010e-03
   8.8000000e-01   7.3166560e-03
   8.9000000e-01   5.9353730e-03
   9.0000000e-01  -1.7272170e-04
   9.1000000e-01  -2.9959910e-03
   9.2000000e-01  -1.3546000e-03
   9.3000000e-01   4.9602880e-04
   9.4000000e-01   1.6927320e-03
   9.5000000e-01  -3.8762540e-03
   9.6000000e-01  -1.1733880e-02
   9.7000000e-01  -8.9464810e-03
   9.8000000e-01   3.6092880e-03
   9.9000000e-01   1.4280640e-02
   1.0000000e+00   1.9211560e-02
   1.0100000e+00   1.4659830e-02
   1.0200000e+00   5.0349070e-03
   1.0300000e+00  -4.8001290e-04
   1.0400000e+00  -1.4221680e-03
   1.0500000e+00  -6.2544850e-03
   1.0600000e+00  -1.1964170e-02
   1.0700000e+00  -2.7476480e-03
   1.0800000e+00   1.3845220e-02
   1.0900000e+00   1.5170940e-02
   1.1000000e+00   4.3196280e-03
   1.1100000e+00   4.4951480e-03
   1.1200000e+00   8.0397660e-03
   1.1300000e+00   5.9324170e-03
   1.1400000e+00   4.5329590e-03
   1.1500000e+00  -1.3755740e-03
   1.1600000e+00  -1.0543760e-02
   1.1700000e+00  -7.2857020e-03
   1.1800000e+00   1.4571510e-03
   1.1900000e+00  -2.4935010e-03
   1.2000000e+00  -8.7268160e-04
   1.2100000e+00   1.7366600e-02
   1.2200000e+00   2.6281140e-02
   1.2300000e+00   1.7548870e-02
   1.2400000e+00   1.2879010e-02
   1.2500000e+00   8.9166180e-03
   1.2600000e+00  -2.3402100e-03
   1.2700000e+00  -7.7476510e-03
   1.2800000e+00  -1.2337770e-03
   1.2900000e+00  -3.8680310e-04
   1.3000000e+00  -1.0746980e-02
   1.3100000e+00  -1.4308880e-02
   1.3200000e+00  -4.6185830e-03
   1.3300000e+00   1.0853830e-04
   1.3400000e+00  -3.4317390e-03
   1.3500000e+00   3.5622980e-03
   1.3600000e+00   1.3668950e-02
   1.3700000e+00   1.3147960e-02
   1.3800000e+00   1.5823830e-02
   1.3900000e+00   2.6507460e-02
   1.4000000e+00   3.0490510e-02
   1.4100000e+00   2.7764920e-02
   1.4200000e+00   2.4799440e-02
   1.4300000e+00   1.5272700e-02
   1.4400000e+00   2.6073250e-03
   1.4500000e+00  -8.1137340e-03
   1.4600000e+00  -2.4530050e-02
   1.4700000e+00  -4.2669240e-02
   1.4800000e+00  -3.2179860e-02
   1.4900000e+00   6.4258700e-03
   1.5000000e+00   4.5694300e-02
   1.5100000e+00   6.6984400e-02
   1.5200000e+00   5.8180500e-02
   1.5300000e+00   3.2307490e-02
   1.5400000e+00   1.6207680e-02
   1.5500000e+00   9.1485780e-03
   1.5600000e+00  -1.1969800e-04
   1.5700000e+00  -1.6826240e-02
   1.5800000e+00  -3.9186430e-02
   1.5900000e+00  -4.9422380e-02
   1.6000000e+00  -3.0850440e-02
   1.6100000e+00  -1.4121700e-04
   1.6200000e+00   1.5042650e-02
   1.6300000e+00   1.9871750e-02
   1.6400000e+00   2.1429630e-02
   1.6500000e+00   1.4178020e-02
   1.6600000e+00   1.0001930e-02
   1.6700000e+00   8.6038180e-03
   1.6800000e+00  -8.5867080e-03
   1.6900000e+00  -3.3839610e-02
   1.7000000e+00  -3.1558060e-02
   1.7100000e+00   3.3694140e-03
   1.7200000e+00   4.5492810e-02
   1.7300000e+00   6.8161390e-02
   1.7400000e+00   5.6471040e-02
   1.7500000e+00   2.0028530e-02
   1.7600000e+00  -1.2221790e-02
   1.7700000e+00  -2.1448570e-02
   1.7800000e+00  -3.3124570e-02
   1.7900000e+00  -5.6998570e-02
   1.8000000e+00  -5.2856370e-02
   1.8100000e+00  -2.1402250e-02
   1.8200000e+00   1.6066040e-02
   1.8300000e+00   4.9013580e-02
   1.8400000e+00   6.7240620e-02
   1.8500000e+00   6.0311190e-02
   1.8600000e+00   3.4235960e-02
   1.8700000e+00   6.4895740e-05
   1.8800000e+00  -2.9492260e-02
   1.8900000e+00  -4.6050660e-02
   1.9000000e+00  -3.7600620e-02
   1.9100000e+00  -2.3005980e-02
   1.9200000e+00  -1.5551510e-02
   1.9300000e+00  -7.4751160e-03
   1.9400000e+00  -6.3680650e-03
   1.9500000e+00  -1.9394710e-02
   1.9600000e+00  -2.8115770e-02
   1.9700000e+00  -1.6442790e-02
   1.9800000e+00  -2.3931760e-03
   1.9900000e+00  -2.8598360e-03
   2.0000000e+00  -1.1995350e-02
   2.0100000e+00  -1.8107770e-02
   2.0200000e+00  -1.6489630e-02
   2.0300000e+00  -1.0059880e-02
   2.0400000e+00  -1.1468550e-02
   2.0500000e+00  -2.1153700e-02
   2.0600000e+00  -1.5628260e-02
   2.0700000e+00   1.9768880e-03
   2.0800000e+00   1.2484880e-02
   2.0900000e+00   5.3672050e-03
   2.1000000e+00  -4.2785170e-03
   2.1100000e+00  -1.4954370e-03
   2.1200000e+00  -1.0399380e-03
   2.1300000e+00  -1.4889790e-02
   2.1400000e+00  -2.9770970e-02
   2.1500000e+00  -2.3368690e-02
   2.1600000e+00   1.1179210e-02
   2.1700000e+00   4.7427080e-02
   2.1800000e+00   4.9454740e-02
   2.1900000e+00   2.0737790e-02
   2.2000000e+00  -2.5694980e-03
   2.2100000e+00  -1.0037620e-03
   2.2200000e+00   3.9729860e-03
   2.2300000e+00  -8.2082580e-03
   2.2400000e+00  -2.2297790e-02
   2.2500000e+00  -1.3987490e-02
   2.2600000e+00  -1.2727020e-04
   2.2700000e+00  -2.0674740e-03
   2.2800000e+00  -1.5752640e-02
   2.2900000e+00  -3.2162280e-02
   2.3000000e+00  -3.9197410e-02
   2.3100000e+00  -3.5229710e-02
   2.3200000e+00  -4.1428850e-02
   2.3300000e+00  -4.8688330e-02
   2.3400000e+00  -3.3518900e-02
   2.3500000e+00   1.3374520e-04
   2.3600000e+00   3.4030820e-02
   2.3700000e+00   4.7971760e-02
   2.3800000e+00   4.5493810e-02
   2.3900000e+00   3.7414370e-02
   2.4000000e+00   1.9009890e-02
   2.4100000e+00  -1.8588890e-02
   2.4200000e+00  -6.6769900e-02
   2.4300000e+00  -7.7681870e-02
   2.4400000e+00  -4.4056150e-02
   2.4500000e+00  -1.6554470e-02
   2.4600000e+00  -2.1852770e-02
   2.4700000e+00  -2.4630990e-02
   2.4800000e+00  -4.2785680e-04
   2.4900000e+00   2.2979630e-02
   2.5000000e+00   3.1577870e-02
   2.5100000e+00   3.6287940e-02
   2.5200000e+00   4.7246660e-02
   2.5300000e+00   4.4510430e-02
   2.5400000e+00   3.0559090e-02
   2.5500000e+00   3.3138400e-02
   2.5600000e+00   3.4868910e-02
   2.5700000e+00   1.6901500e-02
   2.5800000e+00  -2.5193610e-03
   2.5900000e+00  -3.3319060e-03
   2.6000000e+00   5.1538940e-03
   2.6100000e+00  -6.4400120e-03
   2.6200000e+00  -4.4948520e-02
   2.6300000e+00  -6.3755960e-02
   2.6400000e+00  -4.7616930e-02
   2.6500000e+00  -2.5591930e-02
   2.6600000e+00  -1.0074230e-02
   2.6700000e+00  -1.0626060e-05
   2.6800000e+00  -5.4182770e-03
   2.6900000e+00  -1.6921150e-02
   2.7000000e+00  -3.0588850e-03
   2.7100000e+00   2.5901610e-02
   2.7200000e+00   3.5800700e-02
   2.7300000e+00   1.7340460e-02
   2.7400000e+00  -1.4732670e-02
   2.7500000e+00  -4.6082580e-02
   2.7600000e+00  -6.8048120e-02
   2.7700000e+00  -6.9160110e-02
   2.7800000e+00  -5.2697060e-02
   2.7900000e+00  -1.6640830e-02
   2.8000000e+00   2.2175830e-02
   2.8100000e+00   3.3385340e-02
   2.8200000e+00   1.7429650e-02
   2.8300000e+00   7.1523570e-04
   2.8400000e+00  -6.3619560e-03
   2.8500000e+00  -1.1173700e-02
   2.8600000e+00  -1.3064220e-02
   2.8700000e+00  -1.2633030e-02
   2.8800000e+00  -1.7657910e-02
   2.8900000e+00  -3.2658460e-02
   2.9000000e+00  -3.7508260e-02
   2.9100000e+00  -1.6859400e-02
   2.9200000e+00   5.7297530e-03
   2.9300000e+00   6.2471400e-03
   2.9400000e+00   3.1575900e-03
   2.9500000e+00   1.5302230e-02
   2.9600000e+00   2.7131870e-02
   2.9700000e+00   2.8191140e-02
   2.9800000e+00   1.6477720e-02
   2.9900000e+00  -1.5815090e-02
   3.0000000e+00  -4.1525570e-02
   3.0100000e+00  -2.1421960e-02
   3.0200000e+00   1.9677030e-02
   3.0300000e+00   3.3606980e-02
   3.0400000e+00   4.7957290e-03
   3.0500000e+00  -3.1838020e-02
   3.0600000e+00  -4.0165330e-02
   3.0700000e+00  -3.1474210e-02
   3.0800000e+00  -2.4987980e-02
   3.0900000e+00  -2.7099260e-02
   3.1000000e+00  -3.5971150e-02
   3.1100000e+00  -3.6596660e-02
   3.1200000e+00  -1.6606440e-02
   3.1300000e+00   1.3534180e-02
   3.1400000e+00   2.7664810e-02
   3.1500000e+00   1.6889370e-02
   3.1600000e+00   1.1758390e-02
   3.1700000e+00   3.6641590e-02
   3.1800000e+00   6.3356420e-02
   3.1900000e+00   5.8896520e-02
   3.2000000e+00   3.6845840e-02
   3.2100000e+00   1.9331250e-02
   3.2200000e+00   6.8112210e-03
   3.2300000e+00   1.6744800e-03
   3.2400000e+00   2.9954700e-03
   3.2500000e+00  -5.8164570e-03
   3.2600000e+00  -2.2506900e-02
   3.2700000e+00  -2.6880160e-02
   3.2800000e+00  -2.7083240e-02
   3.2900000e+00  -4.1728340e-02
   3.3000000e+00  -5.7312520e-02
   3.3100000e+00  -6.7782120e-02
   3.3200000e+00  -8.6316540e-02
   3.3300000e+00  -1.1392770e-01
   3.3400000e+00  -1.3241980e-01
   3.3500000e+00  -1.2779410e-01
   3.3600000e+00  -1.1165960e-01
   3.3700000e+00  -1.0093390e-01
   3.3800000e+00  -1.0228520e-01
   3.3900000e+00  -1.1009230e-01
   3.4000000e+00  -1.1174730e-01
   3.4100000e+00  -9.8811120e-02
   3.4200000e+00  -7.7250550e-02
   3.4300000e+00  -4.9664050e-02
   3.4400000e+00  -1.6769380e-02
   3.4500000e+00   1.5012450e-02
   3.4600000e+00   3.7427550e-02
   3.4700000e+00   4.1134990e-02
   3.4800000e+00   4.2799780e-02
   3.4900000e+00   6.5661900e-02
   3.5000000e+00   9.5060630e-02
   3.5100000e+00   9.9193520e-02
   3.5200000e+00   8.5300880e-02
   3.5300000e+00   8.5180970e-02
   3.5400000e+00   1.0205690e-01
   3.5500000e+00   1.0837820e-01
   3.5600000e+00   8.0394740e-02
   3.5700000e+00   1.0588960e-02
   3.5800000e+00  -7.8327810e-02
   3.5900000e+00  -1.3148740e-01
   3.6000000e+00  -1.4580000e-01
   3.6100000e+00  -1.5867730e-01
   3.6200000e+00  -1.8356290e-01
   3.6300000e+00  -2.0335690e-01
   3.6400000e+00  -2.1150380e-01
   3.6500000e+00  -2.1151450e-01
   3.6600000e+00  -2.0108180e-01
   3.6700000e+00  -1.7826400e-01
   3.6800000e+00  -1.5582950e-01
   3.6900000e+00  -1.4368250e-01
   3.7000000e+00  -1.3641560e-01
   3.7100000e+00  -1.2417540e-01
   3.7200000e+00  -9.6239440e-02
   3.7300000e+00  -4.4788390e-02
   3.7400000e+00   1.3025130e-02
   3.7500000e+00   6.1436870e-02
   3.7600000e+00   1.0952340e-01
   3.7700000e+00   1.5748930e-01
   3.7800000e+00   1.9195690e-01
   3.7900000e+00   2.0653400e-01
   3.8000000e+00   2.0445110e-01
   3.8100000e+00   2.0348670e-01
   3.8200000e+00   2.1208120e-01
   3.8300000e+00   2.2233450e-01
   3.8400000e+00   2.2522830e-01
   3.8500000e+00   2.2323070e-01
   3.8600000e+00   2.2334720e-01
   3.8700000e+00   2.2000850e-01
   3.8800000e+00   2.0423240e-01
   3.8900000e+00   1.8086340e-01
   3.9000000e+00   1.6463840e-01
   3.9100000e+00   1.5944960e-01
   3.9200000e+00   1.5912620e-01
   3.9300000e+00   1.4810210e-01
   3.9400000e+00   1.2867920e-01
   3.9500000e+00   1.2103500e-01
   3.9600000e+00   1.2447500e-01
   3.9700000e+00   1.1507070e-01
   3.9800000e+00   8.4685990e-02
   3.9900000e+00   5.1644540e-02
   4.0000000e+00   3.8955740e-02
   4.0100000e+00   3.8119960e-02
   4.0200000e+00   3.6136360e-02
   4.0300000e+00   2.8876660e-02
   4.0400000e+00   7.2960450e-03
   4.0500000e+00  -2.0840940e-02
   4.0600000e+00  -4.6139170e-02
   4.0700000e+00  -6.9609050e-02
   4.0800000e+00  -9.4193420e-02
   4.0900000e+00  -1.2988900e-01
   4.1000000e+00  -1.8614360e-01
   4.1100000e+00  -2.2763460e-01
   4.1200000e+00  -2.2485920e-01
   4.1300000e+00  -1.9670210e-01
   4.1400000e+00  -1.6949590e-01
   4.1500000e+00  -1.3853320e-01
   4.1600000e+00  -1.1049410e-01
   4.1700000e+00  -1.0334180e-01
   4.1800000e+00  -1.0703450e-01
   4.1900000e+00  -8.6572730e-02
   4.2000000e+00  -5.5542710e-02
   4.2100000e+00  -4.0205510e-02
   4.2200000e+00  -2.6902310e-02
   4.2300000e+00   7.5272570e-03
   4.2400000e+00   6.3774830e-02
   4.2500000e+00   1.0815970e-01
   4.2600000e+00   1.0963340e-01
   4.2700000e+00   9.7462960e-02
   4.2800000e+00   9.9753740e-02
   4.2900000e+00   1.0774510e-01
   4.3000000e+00   1.0785150e-01
   4.3100000e+00   1.0602540e-01
   4.3200000e+00   1.0772200e-01
   4.3300000e+00   1.0693540e-01
   4.3400000e+00   1.0520590e-01
   4.3500000e+00   1.1152820e-01
   4.3600000e+00   1.3520390e-01
   4.3700000e+00   1.6269040e-01
   4.3800000e+00   1.5020020e-01
   4.3900000e+00   7.9006720e-02
   4.4000000e+00  -1.2767070e-02
   4.4100000e+00  -7.6763870e-02
   4.4200000e+00  -1.1030400e-01
   4.4300000e+00  -1.3408370e-01
   4.4400000e+00  -1.5391630e-01
   4.4500000e+00  -1.5110240e-01
   4.4600000e+00  -1.0235690e-01
   4.4700000e+00  -2.6176230e-02
   4.4800000e+00   2.3942040e-02
   4.4900000e+00   6.5389540e-02
   4.5000000e+00   1.3114980e-01
   4.5100000e+00   1.8792640e-01
   4.5200000e+00   2.0973510e-01
   4.5300000e+00   2.1574900e-01
   4.5400000e+00   2.2304770e-01
   4.5500000e+00   2.2974910e-01
   4.5600000e+00   2.2809800e-01
   4.5700000e+00   2.1022850e-01
   4.5800000e+00   1.1746820e-01
   4.5900000e+00  -3.1338420e-02
   4.6000000e+00  -1.6236700e-01
   4.6100000e+00  -2.6288870e-01
   4.6200000e+00  -3.3500790e-01
   4.6300000e+00  -3.4148040e-01
   4.6400000e+00  -2.7174690e-01
   4.6500000e+00  -1.8684260e-01
   4.6600000e+00  -1.2730120e-01
   4.6700000e+00  -6.7319740e-02
   4.6800000e+00  -2.2909490e-02
   4.6900000e+00  -5.0152890e-03
   4.7000000e+00   5.7194120e-03
   4.7100000e+00   1.2291460e-02
   4.7200000e+00   9.8339410e-03
   4.7300000e+00   1.4420380e-02
   4.7400000e+00   3.6862510e-02
   4.7500000e+00   6.9246160e-02
   4.7600000e+00   9.6908580e-02
   4.7700000e+00   1.0178090e-01
   4.7800000e+00   8.4752590e-02
   4.7900000e+00   6.6215710e-02
   4.8000000e+00   5.4420520e-02
   4.8100000e+00   4.4784920e-02
   4.8200000e+00   3.2345890e-02
   4.8300000e+00   2.7700680e-02
   4.8400000e+00   4.6684470e-02
   4.8500000e+00   8.9918640e-02
   4.8600000e+00   1.3009540e-01
   4.8700000e+00   1.3915760e-01
   4.8800000e+00   1.2335470e-01
   4.8900000e+00   1.0852830e-01
   4.9000000e+00   1.2441500e-01
   4.9100000e+00   1.6683820e-01
   4.9200000e+00   1.9063340e-01
   4.9300000e+00   1.8814430e-01
   4.9400000e+00   1.8664950e-01
   4.9500000e+00   1.8770180e-01
   4.9600000e+00   1.6756210e-01
   4.9700000e+00   7.6915660e-02
   4.9800000e+00  -5.0440130e-02
   4.9900000e+00  -1.4965600e-01
   5.0000000e+00  -2.1453960e-01
   5.0100000e+00  -2.4529390e-01
   5.0200000e+00  -2.4621510e-01
   5.0300000e+00  -2.1838440e-01
   5.0400000e+00  -1.7457500e-01
   5.0500000e+00  -1.4250770e-01
   5.0600000e+00  -1.3249380e-01
   5.0700000e+00  -1.3685590e-01
   5.0800000e+00  -1.3206350e-01
   5.0900000e+00  -1.1711110e-01
   5.1000000e+00  -1.0085610e-01
   5.1100000e+00  -7.9611280e-02
   5.1200000e+00  -5.1533690e-02
   5.1300000e+00  -1.9906860e-02
   5.1400000e+00   6.3889330e-04
   5.1500000e+00   2.3804160e-02
   5.1600000e+00   7.9024570e-02
   5.1700000e+00   1.5893730e-01
   5.1800000e+00   2.0367910e-01
   5.1900000e+00   2.0464950e-01
   5.2000000e+00   1.8243820e-01
   5.2100000e+00   1.4853720e-01
   5.2200000e+00   1.3553560e-01
   5.2300000e+00   1.6104030e-01
   5.2400000e+00   1.9687050e-01
   5.2500000e+00   2.0873180e-01
   5.2600000e+00   1.8555960e-01
   5.2700000e+00   1.2210870e-01
   5.2800000e+00   2.6067570e-02
   5.2900000e+00  -9.0829490e-02
   5.3000000e+00  -2.1983260e-01
   5.3100000e+00  -2.8148000e-01
   5.3200000e+00  -2.5759440e-01
   5.3300000e+00  -2.5100600e-01
   5.3400000e+00  -2.5691650e-01
   5.3500000e+00  -2.2373770e-01
   5.3600000e+00  -1.7826740e-01
   5.3700000e+00  -1.6232700e-01
   5.3800000e+00  -1.7117280e-01
   5.3900000e+00  -1.8764380e-01
   5.4000000e+00  -2.0557680e-01
   5.4100000e+00  -2.0956490e-01
   5.4200000e+00  -1.9035930e-01
   5.4300000e+00  -1.5661810e-01
   5.4400000e+00  -1.1265750e-01
   5.4500000e+00  -6.9329800e-02
   5.4600000e+00  -3.4926210e-02
   5.4700000e+00  -4.1260910e-03
   5.4800000e+00   2.8867230e-02
   5.4900000e+00   6.7417240e-02
   5.5000000e+00   1.0522150e-01
   5.5100000e+00   1.3633040e-01
   5.5200000e+00   1.6178400e-01
   5.5300000e+00   1.8424230e-01
   5.5400000e+00   1.9653260e-01
   5.5500000e+00   1.9301020e-01
   5.5600000e+00   1.7467060e-01
   5.5700000e+00   1.5551570e-01
   5.5800000e+00   1.4664650e-01
   5.5900000e+00   1.3831240e-01
   5.6000000e+00   1.1816580e-01
   5.6100000e+00   8.5669980e-02
   5.6200000e+00   5.0463280e-02
   5.6300000e+00   2.4651230e-02
   5.6400000e+00   1.5392560e-02
   5.6500000e+00   2.3284390e-02
   5.6600000e+00   2.5377340e-02
   5.6700000e+00   3.8204580e-03
   5.6800000e+00  -4.1967190e-02
   5.6900000e+00  -9.8502550e-02
   5.7000000e+00  -1.5027750e-01
   5.7100000e+00  -1.7892590e-01
   5.7200000e+00  -1.8746690e-01
   5.7300000e+00  -1.7910310e-01
   5.7400000e+00  -1.5531800e-01
   5.7500000e+00  -1.1348170e-01
   5.7600000e+00  -6.0457450e-02
   5.7700000e+00  -2.2214350e-02
   5.7800000e+00  -1.0180490e-03
   5.7900000e+00   4.4674110e-03
   5.8000000e+00  -5.9877360e-03
   5.8100000e+00  -3.7467720e-02
   5.8200000e+00  -6.6289230e-02
   5.8300000e+00  -5.4357930e-02
   5.8400000e+00  -4.1363580e-03
   5.8500000e+00   5.1456600e-02
   5.8600000e+00   9.4581290e-02
   5.8700000e+00   1.2329220e-01
   5.8800000e+00   1.4281930e-01
   5.8900000e+00   1.3578690e-01
   5.9000000e+00   7.1264320e-02
   5.9100000e+00  -4.0434670e-02
   5.9200000e+00  -1.0244950e-01
   5.9300000e+00  -8.9031750e-02
   5.9400000e+00  -5.7548980e-02
   5.9500000e+00  -3.8376300e-02
   5.9600000e+00  -1.7783300e-02
   5.9700000e+00   7.6081630e-03
   5.9800000e+00   1.5021180e-02
   5.9900000e+00  -1.4934000e-03
   6.0000000e+00  -2.1666010e-02
   6.0100000e+00  -3.0558790e-02
   6.0200000e+00  -3.3840490e-02
   6.0300000e+00  -3.0494420e-02
   6.0400000e+00  -1.4757330e-02
   6.0500000e+00   6.2410540e-04
   6.0600000e+00   1.0288240e-02
   6.0700000e+00   1.4733950e-02
   6.0800000e+00   2.3467510e-02
   6.0900000e+00   4.1875570e-02
   6.1000000e+00   6.3867910e-02
   6.1100000e+00   7.3311310e-02
   6.1200000e+00   6.3100500e-02
   6.1300000e+00   5.3241420e-02
   6.1400000e+00   5.3050050e-02
   6.1500000e+00   3.9873230e-02
   6.1600000e+00  -1.0536340e-02
   6.1700000e+00  -6.6021940e-02
   6.1800000e+00  -8.2229570e-02
   6.1900000e+00  -7.2953070e-02
   6.2000000e+00  -7.5860440e-02
   6.2100000e+00  -9.2389010e-02
   6.2200000e+00  -9.7525770e-02
   6.2300000e+00  -7.7703320e-02
   6.2400000e+00  -5.5701680e-02
   6.2500000e+00  -5.8363140e-02
   6.2600000e+00  -8.3927140e-02
   6.2700000e+00  -1.0706460e-01
   6.2800000e+00  -1.2033660e-01
   6.2900000e+00  -1.3320670e-01
   6.3000000e+00  -1.3558930e-01
   6.3100000e+00  -1.1923620e-01
   6.3200000e+00  -1.0059420e-01
   6.3300000e+00  -1.0493380e-01
   6.3400000e+00  -1.3475180e-01
   6.3500000e+00  -1.5657610e-01
   6.3600000e+00  -1.4907320e-01
   6.3700000e+00  -1.3904420e-01
   6.3800000e+00  -1.3964770e-01
   6.3900000e+00  -1.3264680e-01
   6.4000000e+00  -1.0924350e-01
   6.4100000e+00  -6.2866420e-02
   6.4200000e+00   6.6903050e-03
   6.4300000e+00   7.8588900e-02
   6.4400000e+00   1.2650810e-01
   6.4500000e+00   1.3906790e-01
   6.4600000e+00   1.4050540e-01
   6.4700000e+00   1.4917650e-01
   6.4800000e+00   1.6168270e-01
   6.4900000e+00   1.7327820e-01
   6.5000000e+00   1.8311030e-01
   6.5100000e+00   2.0138100e-01
   6.5200000e+00   2.1981290e-01
   6.5300000e+00   2.1640680e-01
   6.5400000e+00   1.8406770e-01
   6.5500000e+00   1.2719720e-01
   6.5600000e+00   5.1146860e-02
   6.5700000e+00  -1.5415220e-02
   6.5800000e+00  -5.6390190e-02
   6.5900000e+00  -8.9173640e-02
   6.6000000e+00  -1.2045100e-01
   6.6100000e+00  -1.4437750e-01
   6.6200000e+00  -1.5229300e-01
   6.6300000e+00  -1.3622920e-01
   6.6400000e+00  -7.8868110e-02
   6.6500000e+00  -2.9942200e-03
   6.6600000e+00   5.1303700e-02
   6.6700000e+00   8.3277960e-02
   6.6800000e+00   1.0392050e-01
   6.6900000e+00   1.0639560e-01
   6.7000000e+00   8.8002660e-02
   6.7100000e+00   6.6897700e-02
   6.7200000e+00   7.2293640e-02
   6.7300000e+00   8.7476770e-02
   6.7400000e+00   7.9486930e-02
   6.7500000e+00   6.2333120e-02
   6.7600000e+00   5.4498870e-02
   6.7700000e+00   4.1698230e-02
   6.7800000e+00   1.5122860e-02
   6.7900000e+00  -9.0647100e-03
   6.8000000e+00  -2.3549730e-02
   6.8100000e+00  -3.2032880e-02
   6.8200000e+00  -3.8022050e-02
   6.8300000e+00  -4.2255080e-02
   6.8400000e+00  -3.8811060e-02
   6.8500000e+00  -2.4393440e-02
   6.8600000e+00  -2.5345410e-03
   6.8700000e+00   1.4259540e-02
   6.8800000e+00   2.2000090e-02
   6.8900000e+00   2.7614040e-02
   6.9000000e+00   2.6517090e-02
   6.9100000e+00   1.7175250e-02
   6.9200000e+00   2.1640630e-02
   6.9300000e+00   5.1685470e-02
   6.9400000e+00   7.4328610e-02
   6.9500000e+00   6.2032310e-02
   6.9600000e+00   2.1766310e-02
   6.9700000e+00  -1.4177510e-02
   6.9800000e+00  -3.0465810e-02
   6.9900000e+00  -2.3983260e-02
   7.0000000e+00  -7.5795140e-03
   7.0100000e+00   8.5763340e-03
   7.0200000e+00   2.9394160e-02
   7.0300000e+00   5.8906420e-02
   7.0400000e+00   9.0392490e-02
   7.0500000e+00   1.2062020e-01
   7.0600000e+00   1.4805090e-01
   7.0700000e+00   1.7140010e-01
   7.0800000e+00   1.8835130e-01
   7.0900000e+00   1.7751970e-01
   7.1000000e+00   1.3707190e-01
   7.1100000e+00   9.9904030e-02
   7.1200000e+00   7.9174710e-02
   7.1300000e+00   6.4164550e-02
   7.1400000e+00   4.5571870e-02
   7.1500000e+00   2.0639830e-02
   7.1600000e+00  -2.5994650e-02
   7.1700000e+00  -8.9112640e-02
   7.1800000e+00  -1.1649300e-01
   7.1900000e+00  -1.2050330e-01
   7.2000000e+00  -1.3455500e-01
   7.2100000e+00  -1.3980200e-01
   7.2200000e+00  -1.1204140e-01
   7.2300000e+00  -5.8545360e-02
   7.2400000e+00  -7.1033120e-03
   7.2500000e+00   2.8304140e-02
   7.2600000e+00   3.9291120e-02
   7.2700000e+00   3.4118180e-02
   7.2800000e+00   2.2819400e-02
   7.2900000e+00   5.6866370e-03
   7.3000000e+00  -1.5191510e-02
   7.3100000e+00  -4.6424790e-02
   7.3200000e+00  -8.9771860e-02
   7.3300000e+00  -1.2181290e-01
   7.3400000e+00  -1.3349380e-01
   7.3500000e+00  -1.2890380e-01
   7.3600000e+00  -1.1894280e-01
   7.3700000e+00  -1.1709550e-01
   7.3800000e+00  -1.2820920e-01
   7.3900000e+00  -1.6361900e-01
   7.4000000e+00  -2.1378030e-01
   7.4100000e+00  -2.2301330e-01
   7.4200000e+00  -1.9696440e-01
   7.4300000e+00  -1.7241860e-01
   7.4400000e+00  -1.5512740e-01
   7.4500000e+00  -1.2920460e-01
   7.4600000e+00  -9.2481630e-02
   7.4700000e+00  -5.7142800e-02
   7.4800000e+00  -3.3803670e-02
   7.4900000e+00  -1.6489870e-02
   7.5000000e+00   4.6475420e-05
   7.5100000e+00   1.2663370e-02
   7.5200000e+00   1.7792330e-02
   7.5300000e+00   1.4972920e-02
   7.5400000e+00   1.5245320e-02
   7.5500000e+00   2.0610160e-02
   7.5600000e+00   1.6542850e-02
   7.5700000e+00  -3.0464100e-03
   7.5800000e+00  -2.3226700e-02
   7.5900000e+00  -2.9958340e-02
   7.6000000e+00  -2.1781620e-02
   7.6100000e+00   1.5555120e-03
   7.6200000e+00   3.4354750e-02
   7.6300000e+00   6.4403140e-02
   7.6400000e+00   9.5239070e-02
   7.6500000e+00   1.2364970e-01
   7.6600000e+00   1.3292000e-01
   7.6700000e+00   1.1967960e-01
   7.6800000e+00   1.1160070e-01
   7.6900000e+00   1.1092880e-01
   7.7000000e+00   9.7402290e-02
   7.7100000e+00   7.4512190e-02
   7.7200000e+00   5.7578370e-02
   7.7300000e+00   5.3367110e-02
   7.7400000e+00   6.1213670e-02
   7.7500000e+00   6.9859870e-02
   7.7600000e+00   6.9403640e-02
   7.7700000e+00   7.1356740e-02
   7.7800000e+00   9.4741140e-02
   7.7900000e+00   1.1307690e-01
   7.8000000e+00   8.7410180e-02
   7.8100000e+00   2.1319800e-02
   7.8200000e+00  -4.8071200e-02
   7.8300000e+00  -1.0439880e-01
   7.8400000e+00  -1.5872500e-01
   7.8500000e+00  -2.0651140e-01
   7.8600000e+00  -2.1631610e-01
   7.8700000e+00  -1.6183160e-01
   7.8800000e+00  -8.4824740e-02
   7.8900000e+00  -5.0355060e-02
   7.9000000e+00  -5.1124020e-02
   7.9100000e+00  -5.7054820e-02
   7.9200000e+00  -5.3230810e-02
   7.9300000e+00  -3.9436510e-02
   7.9400000e+00  -2.2868220e-02
   7.9500000e+00  -1.0317010e-02
   7.9600000e+00  -6.9722530e-03
   7.9700000e+00  -1.2467700e-02
   7.9800000e+00  -1.1223510e-02
   7.9900000e+00  -1.1547670e-03
   8.0000000e+00   8.7037650e-03
   8.0100000e+00   1.6716920e-02
   8.0200000e+00   2.4396780e-02
   8.0300000e+00   3.1001320e-02
   8.0400000e+00   2.2071200e-02
   8.0500000e+00  -5.8280630e-03
   8.0600000e+00  -2.8361170e-02
   8.0700000e+00  -7.5853260e-03
   8.0800000e+00   4.4168240e-02
   8.0900000e+00   8.2905400e-02
   8.1000000e+00   9.7966540e-02
   8.1100000e+00   1.1753760e-01
   8.1200000e+00   1.5461360e-01
   8.1300000e+00   2.0415360e-01
   8.1400000e+00   2.4343580e-01
   8.1500000e+00   2.5426600e-01
   8.1600000e+00   2.4236530e-01
   8.1700000e+00   2.1192760e-01
   8.1800000e+00   1.6193870e-01
   8.1900000e+00   9.9091300e-02
   8.2000000e+00   4.0501310e-02
   8.2100000e+00   4.2996910e-03
   8.2200000e+00  -6.7138710e-03
   8.2300000e+00   7.7030210e-03
   8.2400000e+00   1.5587810e-02
   8.2500000e+00   6.3518080e-03
   8.2600000e+00   4.1269830e-03
   8.2700000e+00   1.9860170e-02
   8.2800000e+00   3.9404330e-02
   8.2900000e+00   5.4038300e-02
   8.3000000e+00   7.0520510e-02
   8.3100000e+00   9.4489270e-02
   8.3200000e+00   1.1960710e-01
   8.3300000e+00   1.3268270e-01
   8.3400000e+00   1.3201140e-01
   8.3500000e+00   1.3370510e-01
   8.3600000e+00   1.4771600e-01
   8.3700000e+00   1.5859690e-01
   8.3800000e+00   1.5317250e-01
   8.3900000e+00   1.2658270e-01
   8.4000000e+00   9.3092940e-02
   8.4100000e+00   7.0951320e-02
   8.4200000e+00   5.8387840e-02
   8.4300000e+00   4.4782260e-02
   8.4400000e+00   2.9792170e-02
   8.4500000e+00   1.7562950e-02
   8.4600000e+00   6.0755240e-03
   8.4700000e+00  -2.0957860e-02
   8.4800000e+00  -6.2507770e-02
   8.4900000e+00  -9.1457140e-02
   8.5000000e+00  -1.0597680e-01
   8.5100000e+00  -1.1560580e-01
   8.5200000e+00  -1.1643410e-01
   8.5300000e+00  -1.0541460e-01
   8.5400000e+00  -8.6037650e-02
   8.5500000e+00  -6.2730920e-02
   8.5600000e+00  -4.8107820e-02
   8.5700000e+00  -5.0716800e-02
   8.5800000e+00  -6.5745350e-02
   8.5900000e+00  -7.9506810e-02
   8.6000000e+00  -9.3703190e-02
   8.6100000e+00  -1.1520740e-01
   8.6200000e+00  -1.3589540e-01
   8.6300000e+00  -1.5252590e-01
   8.6400000e+00  -1.6598340e-01
   8.6500000e+00  -1.7760560e-01
   8.6600000e+00  -1.8411240e-01
   8.6700000e+00  -1.9087450e-01
   8.6800000e+00  -2.0176950e-01
   8.6900000e+00  -2.1280080e-01
   8.7000000e+00  -2.1860260e-01
   8.7100000e+00  -2.1186990e-01
   8.7200000e+00  -1.9121840e-01
   8.7300000e+00  -1.6661710e-01
   8.7400000e+00  -1.5280250e-01
   8.7500000e+00  -1.5371790e-01
   8.7600000e+00  -1.6471880e-01
   8.7700000e+00  -1.8216130e-01
   8.7800000e+00  -1.9795930e-01
   8.7900000e+00  -2.0211210e-01
   8.8000000e+00  -1.9091630e-01
   8.8100000e+00  -1.6886810e-01
   8.8200000e+00  -1.4598600e-01
   8.8300000e+00  -1.2873050e-01
   8.8400000e+00  -1.1542710e-01
   8.8500000e+00  -9.8312740e-02
   8.8600000e+00  -6.9342380e-02
   8.8700000e+00  -3.2128260e-02
   8.8800000e+00   2.6030850e-03
   8.8900000e+00   2.4043120e-02
   8.9000000e+00   3.3644540e-02
   8.9100000e+00   4.1690060e-02
   8.9200000e+00   5.0716240e-02
   8.9300000e+00   5.4940400e-02
   8.9400000e+00   5.5144290e-02
   8.9500000e+00   6.2658310e-02
   8.9600000e+00   7.5437510e-02
   8.9700000e+00   8.3921930e-02
   8.9800000e+00   8.2859630e-02
   8.9900000e+00   7.4447680e-02
   9.0000000e+00   5.8537510e-02
   9.0100000e+00   3.3577950e-02
   9.0200000e+00   1.1947900e-03
   9.0300000e+00  -3.6391150e-02
   9.0400000e+00  -7.8757800e-02
   9.0500000e+00  -1.2177260e-01
   9.0600000e+00  -1.6229610e-01
   9.0700000e+00  -1.8517340e-01
   9.0800000e+00  -1.6987450e-01
   9.0900000e+00  -1.2444080e-01
   9.1000000e+00  -6.2886080e-02
   9.1100000e+00  -4.7637420e-03
   9.1200000e+00   3.5807620e-02
   9.1300000e+00   7.0645400e-02
   9.1400000e+00   1.0968310e-01
   9.1500000e+00   1.4531390e-01
   9.1600000e+00   1.6887350e-01
   9.1700000e+00   1.7995120e-01
   9.1800000e+00   1.8421180e-01
   9.1900000e+00   1.8261840e-01
   9.2000000e+00   1.6261820e-01
   9.2100000e+00   1.1677920e-01
   9.2200000e+00   6.7834880e-02
   9.2300000e+00   2.0524340e-02
   9.2400000e+00  -1.6623500e-02
   9.2500000e+00  -4.3865120e-02
   9.2600000e+00  -6.8255510e-02
   9.2700000e+00  -9.5372300e-02
   9.2800000e+00  -1.2095490e-01
   9.2900000e+00  -1.3591970e-01
   9.3000000e+00  -1.3977990e-01
   9.3100000e+00  -1.2846390e-01
   9.3200000e+00  -8.8377970e-02
   9.3300000e+00  -2.5574840e-02
   9.3400000e+00   4.0284680e-02
   9.3500000e+00   9.4595590e-02
   9.3600000e+00   1.2488580e-01
   9.3700000e+00   1.3600690e-01
   9.3800000e+00   1.4341020e-01
   9.3900000e+00   1.5217130e-01
   9.4000000e+00   1.5636320e-01
   9.4100000e+00   1.5277930e-01
   9.4200000e+00   1.4169120e-01
   9.4300000e+00   1.2940370e-01
   9.4400000e+00   1.3444790e-01
   9.4500000e+00   1.4722390e-01
   9.4600000e+00   1.5109740e-01
   9.4700000e+00   1.4614090e-01
   9.4800000e+00   1.3818410e-01
   9.4900000e+00   1.3076410e-01
   9.5000000e+00   1.1818600e-01
   9.5100000e+00   8.5897410e-02
   9.5200000e+00   4.2901980e-02
   9.5300000e+00   1.7876670e-02
   9.5400000e+00   1.7475880e-02
   9.5500000e+00   2.9684310e-02
   9.5600000e+00   4.6856060e-02
   9.5700000e+00   6.7564220e-02
   9.5800000e+00   8.9446770e-02
   9.5900000e+00   1.0563810e-01
   9.6000000e+00   1.1999600e-01
   9.6100000e+00   1.3373820e-01
   9.6200000e+00   1.3924550e-01
   9.6300000e+00   1.3508920e-01
   9.6400000e+00   1.1666380e-01
   9.6500000e+00   7.8913110e-02
   9.6600000e+00   5.2838520e-02
   9.6700000e+00   4.6317450e-02
   9.6800000e+00   4.7363140e-02
   9.6900000e+00   5.0424370e-02
   9.7000000e+00   5.7869330e-02
   9.7100000e+00   7.0702720e-02
   9.7200000e+00   8.5815970e-02
   9.7300000e+00   9.6138430e-02
   9.7400000e+00   9.8135280e-02
   9.7500000e+00   9.1265360e-02
   9.7600000e+00   6.6016150e-02
   9.7700000e+00   5.0061700e-03
   9.7800000e+00  -4.7838530e-02
   9.7900000e+00  -6.1877160e-02
   9.8000000e+00  -6.6771460e-02
   9.8100000e+00  -6.5389360e-02
   9.8200000e+00  -5.4874670e-02
   9.8300000e+00  -4.0908670e-02
   9.8400000e+00  -3.0170760e-02
   9.8500000e+00  -2.9334030e-02
   9.8600000e+00  -3.9867230e-02
   9.8700000e+00  -5.5417900e-02
   9.8800000e+00  -7.1694820e-02
   9.8900000e+00  -8.8582990e-02
   9.9000000e+00  -1.0172090e-01
   9.9100000e+00  -1.0402630e-01
   9.9200000e+00  -9.4147280e-02
   9.9300000e+00  -8.0474010e-02
   9.9400000e+00  -6.9270090e-02
   9.9500000e+00  -5.3064460e-02
   9.9600000e+00  -2.3211150e-02
   9.9700000e+00   6.8505360e-03
   9.9800000e+00   1.9098420e-02
   9.9900000e+00   1.6772070e-02
   1.0000000e+01   1.7927070e-02
   1.0010000e+01   3.1731650e-02
   1.0020000e+01   4.2027190e-02
   1.0030000e+01   3.9534100e-02
   1.0040000e+01   3.0162940e-02
   1.0050000e+01   2.2373130e-02
   1.0060000e+01   1.8338430e-02
   1.0070000e+01   1.5492820e-02
   1.0080000e+01   1.4041050e-02
   1.0090000e+01   1.5628970e-02
   1.0100000e+01   1.7720790e-02
   1.0110000e+01   1.7223220e-02
   1.0120000e+01   1.3309710e-02
   1.0130000e+01   6.4329370e-03
   1.0140000e+01  -4.3131110e-03
   1.0150000e+01  -2.0516640e-02
   1.0160000e+01  -4.1836450e-02
   1.0170000e+01  -6.2388670e-02
   1.0180000e+01  -8.2409720e-02
   1.0190000e+01  -1.0151330e-01
   1.0200000e+01  -1.1880970e-01
   1.0210000e+01  -1.2786850e-01
   1.0220000e+01  -1.2372040e-01
   1.0230000e+01  -1.1859420e-01
   1.0240000e+01  -1.2132520e-01
   1.0250000e+01  -1.1887500e-01
   1.0260000e+01  -1.0819690e-01
   1.0270000e+01  -9.9678240e-02
   1.0280000e+01  -9.9012580e-02
   1.0290000e+01  -9.4435460e-02
   1.0300000e+01  -8.1587210e-02
   1.0310000e+01  -6.5330120e-02
   1.0320000e+01  -4.4901030e-02
   1.0330000e+01  -2.1360730e-02
   1.0340000e+01  -3.3442880e-03
   1.0350000e+01  -6.6569260e-04
   1.0360000e+01  -7.4991150e-03
   1.0370000e+01  -1.0505240e-02
   1.0380000e+01  -4.9585650e-03
   1.0390000e+01  -2.1001330e-03
   1.0400000e+01  -1.1245980e-02
   1.0410000e+01  -3.3666480e-02
   1.0420000e+01  -5.6559090e-02
   1.0430000e+01  -6.8598620e-02
   1.0440000e+01  -7.5289740e-02
   1.0450000e+01  -7.9217200e-02
   1.0460000e+01  -7.0695420e-02
   1.0470000e+01  -3.3154360e-02
   1.0480000e+01   2.5250410e-02
   1.0490000e+01   7.0870700e-02
   1.0500000e+01   9.6428750e-02
   1.0510000e+01   1.1181950e-01
   1.0520000e+01   1.2093350e-01
   1.0530000e+01   1.2244000e-01
   1.0540000e+01   1.1145750e-01
   1.0550000e+01   8.6658110e-02
   1.0560000e+01   5.6787550e-02
   1.0570000e+01   3.8100420e-02
   1.0580000e+01   3.4674450e-02
   1.0590000e+01   4.3032530e-02
   1.0600000e+01   5.4332480e-02
   1.0610000e+01   5.6596080e-02
   1.0620000e+01   4.3481800e-02
   1.0630000e+01   1.5188700e-02
   1.0640000e+01  -1.6626240e-02
   1.0650000e+01  -4.7531620e-02
   1.0660000e+01  -7.5843290e-02
   1.0670000e+01  -9.3841500e-02
   1.0680000e+01  -9.4421070e-02
   1.0690000e+01  -7.6842190e-02
   1.0700000e+01  -3.9940310e-02
   1.0710000e+01  -2.0576660e-03
   1.0720000e+01   2.1311210e-02
   1.0730000e+01   3.7852810e-02
   1.0740000e+01   5.7011170e-02
   1.0750000e+01   7.8007700e-02
   1.0760000e+01   9.5048010e-02
   1.0770000e+01   1.0160150e-01
   1.0780000e+01   9.8234410e-02
   1.0790000e+01   8.6180650e-02
   1.0800000e+01   6.5630800e-02
   1.0810000e+01   4.2888430e-02
   1.0820000e+01   2.4275630e-02
   1.0830000e+01   1.0701460e-02
   1.0840000e+01  -1.0474130e-03
   1.0850000e+01  -1.3091420e-02
   1.0860000e+01  -2.0743570e-02
   1.0870000e+01  -1.9475810e-02
   1.0880000e+01  -1.4122180e-02
   1.0890000e+01  -8.8279490e-03
   1.0900000e+01  -7.1733840e-03
   1.0910000e+01  -8.6318530e-03
   1.0920000e+01  -1.3292510e-02
   1.0930000e+01  -2.1822530e-02
   1.0940000e+01  -3.3169700e-02
   1.0950000e+01  -4.4412940e-02
   1.0960000e+01  -5.3861060e-02
   1.0970000e+01  -6.5641390e-02
   1.0980000e+01  -8.3687420e-02
   1.0990000e+01  -9.7419600e-02
   1.1000000e+01  -9.0183460e-02
   1.1010000e+01  -6.3052370e-02
   1.1020000e+01  -3.7928600e-02
   1.1030000e+01  -2.5552660e-02
   1.1040000e+01  -2.0363810e-02
   1.1050000e+01  -1.6056370e-02
   1.1060000e+01  -1.1571090e-02
   1.1070000e+01  -1.0248440e-02
   1.1080000e+01  -1.0253130e-02
   1.1090000e+01  -6.6065250e-03
   1.1100000e+01   3.6438580e-03
   1.1110000e+01   1.5016890e-02
   1.1120000e+01   2.8014610e-02
   1.1130000e+01   4.3095000e-02
   1.1140000e+01   6.0173540e-02
   1.1150000e+01   7.9677920e-02
   1.1160000e+01   9.9872560e-02
   1.1170000e+01   1.1667450e-01
   1.1180000e+01   1.2730850e-01
   1.1190000e+01   1.3317200e-01
   1.1200000e+01   1.3635240e-01
   1.1210000e+01   1.3783510e-01
   1.1220000e+01   1.3741470e-01
   1.1230000e+01   1.3364760e-01
   1.1240000e+01   1.2463940e-01
   1.1250000e+01   1.0777680e-01
   1.1260000e+01   8.4550250e-02
   1.1270000e+01   6.1242010e-02
   1.1280000e+01   3.6954770e-02
   1.1290000e+01   1.5564210e-02
   1.1300000e+01   3.4951860e-03
   1.1310000e+01  -2.4133190e-03
   1.1320000e+01  -4.5985540e-03
   1.1330000e+01  -4.3045650e-03
   1.1340000e+01  -9.1021980e-03
   1.1350000e+01  -1.9844020e-02
   1.1360000e+01  -3.3051450e-02
   1.1370000e+01  -4.5383890e-02
   1.1380000e+01  -5.5523100e-02
   1.1390000e+01  -5.9818620e-02
   1.1400000e+01  -5.6115870e-02
   1.1410000e+01  -5.2937640e-02
   1.1420000e+01  -5.9871960e-02
   1.1430000e+01  -7.2219070e-02
   1.1440000e+01  -7.3197420e-02
   1.1450000e+01  -5.1177410e-02
   1.1460000e+01  -1.1258030e-02
   1.1470000e+01   3.2909990e-02
   1.1480000e+01   6.6870170e-02
   1.1490000e+01   8.6959670e-02
   1.1500000e+01   1.0192970e-01
   1.1510000e+01   1.1155290e-01
   1.1520000e+01   1.1173550e-01
   1.1530000e+01   1.0586520e-01
   1.1540000e+01   1.0350310e-01
   1.1550000e+01   1.0768410e-01
   1.1560000e+01   1.1106330e-01
   1.1570000e+01   1.0781270e-01
   1.1580000e+01   9.6719550e-02
   1.1590000e+01   7.2504410e-02
   1.1600000e+01   4.2879440e-02
   1.1610000e+01   1.3965700e-02
   1.1620000e+01  -1.3722150e-02
   1.1630000e+01  -4.1747040e-02
   1.1640000e+01  -6.3380980e-02
   1.1650000e+01  -7.4464890e-02
   1.1660000e+01  -7.8432600e-02
   1.1670000e+01  -8.0966860e-02
   1.1680000e+01  -8.4359320e-02
   1.1690000e+01  -8.6645350e-02
   1.1700000e+01  -8.8548750e-02
   1.1710000e+01  -9.0612210e-02
   1.1720000e+01  -9.3832570e-02
   1.1730000e+01  -1.0001060e-01
   1.1740000e+01  -1.0980540e-01
   1.1750000e+01  -1.2502380e-01
   1.1760000e+01  -1.4162630e-01
   1.1770000e+01  -1.5004640e-01
   1.1780000e+01  -1.4577860e-01
   1.1790000e+01  -1.3464420e-01
   1.1800000e+01  -1.2093430e-01
   1.1810000e+01  -1.0501270e-01
   1.1820000e+01  -8.7430280e-02
   1.1830000e+01  -7.3224980e-02
   1.1840000e+01  -6.4816560e-02
   1.1850000e+01  -5.9119650e-02
   1.1860000e+01  -5.3167770e-02
   1.1870000e+01  -4.5450120e-02
   1.1880000e+01  -3.6732050e-02
   1.1890000e+01  -2.7551040e-02
   1.1900000e+01  -1.7090070e-02
   1.1910000e+01  -6.8605380e-03
   1.1920000e+01   6.0136920e-03
   1.1930000e+01   2.6751430e-02
   1.1940000e+01   5.0407200e-02
   1.1950000e+01   7.3436460e-02
   1.1960000e+01   9.4517870e-02
   1.1970000e+01   1.0715850e-01
   1.1980000e+01   1.1110450e-01
   1.1990000e+01   1.0975180e-01
   1.2000000e+01   1.0119460e-01
   1.2010000e+01   7.7519830e-02
   1.2020000e+01   4.3835810e-02
   1.2030000e+01   1.0020190e-02
   1.2040000e+01  -2.0651160e-02
   1.2050000e+01  -4.4423440e-02
   1.2060000e+01  -5.1868370e-02
   1.2070000e+01  -4.7681290e-02
   1.2080000e+01  -4.1775420e-02
   1.2090000e+01  -3.8372220e-02
   1.2100000e+01  -3.9265740e-02
   1.2110000e+01  -4.2921910e-02
   1.2120000e+01  -4.6114160e-02
   1.2130000e+01  -4.4471810e-02
   1.2140000e+01  -3.2866550e-02
   1.2150000e+01  -1.0028820e-02
   1.2160000e+01   1.5316690e-02
   1.2170000e+01   3.9649540e-02
   1.2180000e+01   6.0218490e-02
   1.2190000e+01   6.9106980e-02
   1.2200000e+01   6.6012910e-02
   1.2210000e+01   5.4163220e-02
   1.2220000e+01   3.7162790e-02
   1.2230000e+01   2.2808070e-02
   1.2240000e+01   1.8054750e-02
   1.2250000e+01   2.1178980e-02
   1.2260000e+01   2.5113670e-02
   1.2270000e+01   2.6513620e-02
   1.2280000e+01   2.7401430e-02
   1.2290000e+01   2.8945490e-02
   1.2300000e+01   2.8974570e-02
   1.2310000e+01   2.7202770e-02
   1.2320000e+01   2.3057860e-02
   1.2330000e+01   1.4354310e-02
   1.2340000e+01  -3.1189650e-04
   1.2350000e+01  -1.8364390e-02
   1.2360000e+01  -3.4906650e-02
   1.2370000e+01  -4.5441200e-02
   1.2380000e+01  -4.7829620e-02
   1.2390000e+01  -3.9186880e-02
   1.2400000e+01  -2.0112480e-02
   1.2410000e+01   4.1887050e-04
   1.2420000e+01   1.8943410e-02
   1.2430000e+01   3.5867300e-02
   1.2440000e+01   4.8215300e-02
   1.2450000e+01   5.6386260e-02
   1.2460000e+01   6.2758830e-02
   1.2470000e+01   6.6894530e-02
   1.2480000e+01   6.3344160e-02
   1.2490000e+01   4.8936830e-02
   1.2500000e+01   2.5256600e-02
   1.2510000e+01   8.1031350e-04
   1.2520000e+01  -9.8084570e-03
   1.2530000e+01  -7.5890090e-03
   1.2540000e+01   1.4296470e-04
   1.2550000e+01   1.3401020e-02
   1.2560000e+01   2.6543560e-02
   1.2570000e+01   3.2144290e-02
   1.2580000e+01   2.9075260e-02
   1.2590000e+01   2.1811280e-02
   1.2600000e+01   1.4536290e-02
   1.2610000e+01   6.8175460e-03
   1.2620000e+01  -1.9709020e-03
   1.2630000e+01  -1.0552040e-02
   1.2640000e+01  -2.1330940e-02
   1.2650000e+01  -3.2891460e-02
   1.2660000e+01  -3.9750250e-02
   1.2670000e+01  -4.1770650e-02
   1.2680000e+01  -4.1157520e-02
   1.2690000e+01  -3.8455810e-02
   1.2700000e+01  -3.4359750e-02
   1.2710000e+01  -2.8962280e-02
   1.2720000e+01  -2.2637220e-02
   1.2730000e+01  -1.4888180e-02
   1.2740000e+01  -8.4198030e-03
   1.2750000e+01  -6.8227540e-03
   1.2760000e+01  -9.3474560e-03
   1.2770000e+01  -1.3950150e-02
   1.2780000e+01  -1.8624960e-02
   1.2790000e+01  -2.0064810e-02
   1.2800000e+01  -1.8091030e-02
   1.2810000e+01  -1.7184370e-02
   1.2820000e+01  -1.9904380e-02
   1.2830000e+01  -2.3733290e-02
   1.2840000e+01  -2.7270430e-02
   1.2850000e+01  -3.3893050e-02
   1.2860000e+01  -4.2746710e-02
   1.2870000e+01  -5.1866920e-02
   1.2880000e+01  -5.8615510e-02
   1.2890000e+01  -6.2386990e-02
   1.2900000e+01  -6.5167580e-02
   1.2910000e+01  -6.2900320e-02
   1.2920000e+01  -5.7084370e-02
   1.2930000e+01  -5.1278280e-02
   1.2940000e+01  -4.7469440e-02
   1.2950000e+01  -4.4946970e-02
   1.2960000e+01  -3.9218050e-02
   1.2970000e+01  -3.2394150e-02
   1.2980000e+01  -2.5772790e-02
   1.2990000e+01  -2.0199260e-02
   1.3000000e+01  -1.6598530e-02
   1.3010000e+01  -1.4823630e-02
   1.3020000e+01  -1.5263380e-02
   1.3030000e+01  -1.7057100e-02
   1.3040000e+01  -2.1862430e-02
   1.3050000e+01  -2.8463910e-02
   1.3060000e+01  -3.4820630e-02
   1.3070000e+01  -4.1860250e-02
   1.3080000e+01  -4.6988080e-02
   1.3090000e+01  -4.8962980e-02
   1.3100000e+01  -4.8865930e-02
   1.3110000e+01  -5.0071490e-02
   1.3120000e+01  -5.2796970e-02
   1.3130000e+01  -5.4945050e-02
   1.3140000e+01  -5.4519190e-02
   1.3150000e+01  -5.3923640e-02
   1.3160000e+01  -5.5805070e-02
   1.3170000e+01  -5.8148980e-02
   1.3180000e+01  -5.8649040e-02
   1.3190000e+01  -5.9163160e-02
   1.3200000e+01  -6.2009620e-02
   1.3210000e+01  -6.5191780e-02
   1.3220000e+01  -6.5883290e-02
   1.3230000e+01  -6.1968940e-02
   1.3240000e+01  -5.6429410e-02
   1.3250000e+01  -5.1609920e-02
   1.3260000e+01  -5.0310430e-02
   1.3270000e+01  -5.2450900e-02
   1.3280000e+01  -5.6902790e-02
   1.3290000e+01  -6.0648400e-02
   1.3300000e+01  -6.1818510e-02
   1.3310000e+01  -6.1476710e-02
   1.3320000e+01  -6.0112000e-02
   1.3330000e+01  -5.7086150e-02
   1.3340000e+01  -5.2400770e-02
   1.3350000e+01  -4.7090730e-02
   1.3360000e+01  -4.1599320e-02
   1.3370000e+01  -3.3900900e-02
   1.3380000e+01  -2.1763830e-02
   1.3390000e+01  -3.9950170e-03
   1.3400000e+01   1.6952920e-02
   1.3410000e+01   3.8200060e-02
   1.3420000e+01   5.7820710e-02
   1.3430000e+01   7.4417860e-02
   1.3440000e+01   9.2311670e-02
   1.3450000e+01   1.0531820e-01
   1.3460000e+01   1.1179440e-01
   1.3470000e+01   1.1457180e-01
   1.3480000e+01   1.1599630e-01
   1.3490000e+01   1.1752890e-01
   1.3500000e+01   1.1966590e-01
   1.3510000e+01   1.2211530e-01
   1.3520000e+01   1.2333970e-01
   1.3530000e+01   1.2260560e-01
   1.3540000e+01   1.2030640e-01
   1.3550000e+01   1.1679360e-01
   1.3560000e+01   1.1079260e-01
   1.3570000e+01   1.0485810e-01
   1.3580000e+01   9.8901640e-02
   1.3590000e+01   9.3608450e-02
   1.3600000e+01   8.9300240e-02
   1.3610000e+01   8.2588040e-02
   1.3620000e+01   6.7892720e-02
   1.3630000e+01   4.6145740e-02
   1.3640000e+01   2.2048800e-02
   1.3650000e+01  -9.6597410e-04
   1.3660000e+01  -2.4136630e-02
   1.3670000e+01  -4.7333190e-02
   1.3680000e+01  -6.3517260e-02
   1.3690000e+01  -7.1456470e-02
   1.3700000e+01  -7.3610430e-02
   1.3710000e+01  -7.2558310e-02
   1.3720000e+01  -6.8325280e-02
   1.3730000e+01  -6.1346050e-02
   1.3740000e+01  -5.2688680e-02
   1.3750000e+01  -4.4592980e-02
   1.3760000e+01  -3.7488880e-02
   1.3770000e+01  -3.0441330e-02
   1.3780000e+01  -2.0467660e-02
   1.3790000e+01  -6.6583240e-03
   1.3800000e+01   7.3988710e-03
   1.3810000e+01   2.1646280e-02
   1.3820000e+01   3.3571540e-02
   1.3830000e+01   4.0445110e-02
   1.3840000e+01   4.4359270e-02
   1.3850000e+01   4.2920600e-02
   1.3860000e+01   3.5753230e-02
   1.3870000e+01   2.8374430e-02
   1.3880000e+01   2.3638140e-02
   1.3890000e+01   2.3750980e-02
   1.3900000e+01   2.7780590e-02
   1.3910000e+01   2.8753000e-02
   1.3920000e+01   2.5426250e-02
   1.3930000e+01   2.1657220e-02
   1.3940000e+01   1.8266530e-02
   1.3950000e+01   1.5074780e-02
   1.3960000e+01   1.2640030e-02
   1.3970000e+01   1.1688230e-02
   1.3980000e+01   1.3243720e-02
   1.3990000e+01   1.8147960e-02
   1.4000000e+01   2.4626690e-02
   1.4010000e+01   3.0653170e-02
   1.4020000e+01   3.1907010e-02
   1.4030000e+01   2.9752790e-02
   1.4040000e+01   3.1672030e-02
   1.4050000e+01   3.6968780e-02
   1.4060000e+01   3.8289600e-02
   1.4070000e+01   3.1765000e-02
   1.4080000e+01   2.1512620e-02
   1.4090000e+01   8.3759820e-03
   1.4100000e+01  -6.7533360e-03
   1.4110000e+01  -2.2032610e-02
   1.4120000e+01  -3.5680770e-02
   1.4130000e+01  -4.4983060e-02
   1.4140000e+01  -4.9822320e-02
   1.4150000e+01  -5.0266680e-02
   1.4160000e+01  -4.6569700e-02
   1.4170000e+01  -3.9615930e-02
   1.4180000e+01  -3.1858690e-02
   1.4190000e+01  -2.4276320e-02
   1.4200000e+01  -1.8197560e-02
   1.4210000e+01  -1.0951230e-02
   1.4220000e+01   6.9749180e-04
   1.4230000e+01   1.4441990e-02
   1.4240000e+01   2.7037350e-02
   1.4250000e+01   3.7420240e-02
   1.4260000e+01   4.6137040e-02
   1.4270000e+01   5.2213830e-02
   1.4280000e+01   5.5866850e-02
   1.4290000e+01   5.8358020e-02
   1.4300000e+01   5.7187050e-02
   1.4310000e+01   5.4817230e-02
   1.4320000e+01   5.4663030e-02
   1.4330000e+01   5.5015330e-02
   1.4340000e+01   5.4512300e-02
   1.4350000e+01   5.4181840e-02
   1.4360000e+01   5.5007440e-02
   1.4370000e+01   5.6077180e-02
   1.4380000e+01   5.5997660e-02
   1.4390000e+01   5.5722250e-02
   1.4400000e+01   5.6194370e-02
   1.4410000e+01   5.6881230e-02
   1.4420000e+01   5.9731250e-02
   1.4430000e+01   6.2620200e-02
   1.4440000e+01   6.2340290e-02
   1.4450000e+01   6.0070410e-02
   1.4460000e+01   5.4706300e-02
   1.4470000e+01   4.5669840e-02
   1.4480000e+01   3.5821500e-02
   1.4490000e+01   2.8024360e-02
   1.4500000e+01   2.3692310e-02
   1.4510000e+01   2.0781500e-02
   1.4520000e+01   1.7528080e-02
   1.4530000e+01   1.4319940e-02
   1.4540000e+01   9.8055460e-03
   1.4550000e+01   3.7771200e-03
   1.4560000e+01  -1.4548830e-03
   1.4570000e+01  -8.5275390e-03
   1.4580000e+01  -1.4173930e-02
   1.4590000e+01  -1.6672560e-02
   1.4600000e+01  -1.7880440e-02
   1.4610000e+01  -1.6130830e-02
   1.4620000e+01  -1.0234390e-02
   1.4630000e+01  -3.7825780e-03
   1.4640000e+01  -9.7561900e-04
   1.4650000e+01  -2.2392020e-03
   1.4660000e+01  -3.5642540e-03
   1.4670000e+01  -2.6923510e-03
   1.4680000e+01  -2.4643710e-03
   1.4690000e+01  -3.2228710e-03
   1.4700000e+01  -2.8534030e-03
   1.4710000e+01  -7.2259220e-04
   1.4720000e+01   3.7353830e-04
   1.4730000e+01   3.4156350e-04
   1.4740000e+01   1.8035780e-03
   1.4750000e+01   4.3712670e-03
   1.4760000e+01   7.5807700e-03
   1.4770000e+01   1.4709040e-02
   1.4780000e+01   2.6523240e-02
   1.4790000e+01   4.0755670e-02
   1.4800000e+01   5.1387410e-02
   1.4810000e+01   5.5332990e-02
   1.4820000e+01   5.5179000e-02
   1.4830000e+01   5.0842030e-02
   1.4840000e+01   4.0405190e-02
   1.4850000e+01   2.5138070e-02
   1.4860000e+01   9.4771860e-03
   1.4870000e+01  -4.6661630e-03
   1.4880000e+01  -1.9494650e-02
   1.4890000e+01  -3.5135560e-02
   1.4900000e+01  -5.0316990e-02
   1.4910000e+01  -6.4273120e-02
   1.4920000e+01  -7.6104690e-02
   1.4930000e+01  -8.5302090e-02
   1.4940000e+01  -9.1787740e-02
   1.4950000e+01  -9.4911970e-02
   1.4960000e+01  -9.5217260e-02
   1.4970000e+01  -9.3950310e-02
   1.4980000e+01  -9.0539420e-02
   1.4990000e+01  -8.6864150e-02
   1.5000000e+01  -8.2929420e-02
   1.5010000e+01  -7.7396390e-02
   1.5020000e+01  -7.0580420e-02
   1.5030000e+01  -6.5512540e-02
   1.5040000e+01  -6.3878970e-02
   1.5050000e+01  -6.4188850e-02
   1.5060000e+01  -6.5984010e-02
   1.5070000e+01  -7.0217250e-02
   1.5080000e+01  -7.5640080e-02
   1.5090000e+01  -8.1512100e-02
   1.5100000e+01  -8.6280690e-02
   1.5110000e+01  -8.9119510e-02
   1.5120000e+01  -8.9389120e-02
   1.5130000e+01  -8.7055010e-02
   1.5140000e+01  -8.2664650e-02
   1.5150000e+01  -7.6657260e-02
   1.5160000e+01  -6.8878210e-02
   1.5170000e+01  -6.1672910e-02
   1.5180000e+01  -5.4671510e-02
   1.5190000e+01  -4.9635490e-02
   1.5200000e+01  -4.4961550e-02
   1.5210000e+01  -4.0651470e-02
   1.5220000e+01  -3.9375870e-02
   1.5230000e+01  -3.6668130e-02
   1.5240000e+01  -2.9238330e-02
   1.5250000e+01  -2.0810750e-02
   1.5260000e+01  -1.3635600e-02
   1.5270000e+01  -8.4999790e-03
   1.5280000e+01  -5.4949530e-03
   1.5290000e+01  -5.2767320e-03
   1.5300000e+01  -8.0083240e-03
   1.5310000e+01  -1.4523270e-02
   1.5320000e+01  -2.3240600e-02
   1.5330000e+01  -3.0673880e-02
   1.5340000e+01  -3.3161750e-02
   1.5350000e+01  -3.2702240e-02
   1.5360000e+01  -3.2243830e-02
   1.5370000e+01  -3.2553130e-02
   1.5380000e+01  -3.2986610e-02
   1.5390000e+01  -3.2645300e-02
   1.5400000e+01  -3.0795360e-02
   1.5410000e+01  -2.6759180e-02
   1.5420000e+01  -2.0823840e-02
   1.5430000e+01  -1.4618770e-02
   1.5440000e+01  -9.2530660e-03
   1.5450000e+01  -5.9445500e-03
   1.5460000e+01  -3.1532930e-03
   1.5470000e+01   7.6301390e-04
   1.5480000e+01   6.3786880e-03
   1.5490000e+01   1.4843590e-02
   1.5500000e+01   2.6120300e-02
   1.5510000e+01   3.8211750e-02
   1.5520000e+01   4.8728610e-02
   1.5530000e+01   5.6026450e-02
   1.5540000e+01   5.8670860e-02
   1.5550000e+01   5.8048800e-02
   1.5560000e+01   5.5740420e-02
   1.5570000e+01   5.0459640e-02
   1.5580000e+01   4.1990570e-02
   1.5590000e+01   3.1414340e-02
   1.5600000e+01   2.0584980e-02
   1.5610000e+01   1.1019640e-02
   1.5620000e+01   6.7670980e-03
   1.5630000e+01   7.0949260e-03
   1.5640000e+01   8.5016370e-03
   1.5650000e+01   1.1521700e-02
   1.5660000e+01   1.5660120e-02
   1.5670000e+01   2.0755800e-02
   1.5680000e+01   2.7804460e-02
   1.5690000e+01   3.3097580e-02
   1.5700000e+01   3.7381580e-02
   1.5710000e+01   4.2371550e-02
   1.5720000e+01   4.8160680e-02
   1.5730000e+01   5.4998140e-02
   1.5740000e+01   6.1577780e-02
   1.5750000e+01   6.6802560e-02
   1.5760000e+01   7.1049860e-02
   1.5770000e+01   7.4775040e-02
   1.5780000e+01   7.8520210e-02
   1.5790000e+01   8.4320450e-02
   1.5800000e+01   9.1765330e-02
   1.5810000e+01   1.0169760e-01
   1.5820000e+01   1.1329890e-01
   1.5830000e+01   1.2388310e-01
   1.5840000e+01   1.3202630e-01
   1.5850000e+01   1.3809840e-01
   1.5860000e+01   1.4275250e-01
   1.5870000e+01   1.4477300e-01
   1.5880000e+01   1.4381960e-01
   1.5890000e+01   1.4057840e-01
   1.5900000e+01   1.3521030e-01
   1.5910000e+01   1.2675030e-01
   1.5920000e+01   1.1440500e-01
   1.5930000e+01   9.9753830e-02
   1.5940000e+01   8.5830710e-02
   1.5950000e+01   7.3835850e-02
   1.5960000e+01   6.3113760e-02
   1.5970000e+01   5.3540130e-02
   1.5980000e+01   4.3986980e-02
   1.5990000e+01   3.3225090e-02
   1.6000000e+01   1.8634450e-02
   1.6010000e+01   2.2815740e-03
   1.6020000e+01  -1.5353640e-02
   1.6030000e+01  -3.0492010e-02
   1.6040000e+01  -3.9063160e-02
   1.6050000e+01  -4.2232710e-02
   1.6060000e+01  -4.2930850e-02
   1.6070000e+01  -4.0977530e-02
   1.6080000e+01  -3.8031700e-02
   1.6090000e+01  -3.7592810e-02
   1.6100000e+01  -3.7704010e-02
   1.6110000e+01  -3.5827220e-02
   1.6120000e+01  -3.5756310e-02
   1.6130000e+01  -3.7692530e-02
   1.6140000e+01  -4.2166260e-02
   1.6150000e+01  -4.7614630e-02
   1.6160000e+01  -5.3252360e-02
   1.6170000e+01  -6.0383470e-02
   1.6180000e+01  -6.7531360e-02
   1.6190000e+01  -7.4022590e-02
   1.6200000e+01  -8.0102530e-02
   1.6210000e+01  -8.2927870e-02
   1.6220000e+01  -8.6041580e-02
   1.6230000e+01  -8.4919920e-02
   1.6240000e+01  -7.5296780e-02
   1.6250000e+01  -6.3882580e-02
   1.6260000e+01  -5.3734040e-02
   1.6270000e+01  -4.3797570e-02
   1.6280000e+01  -3.4533210e-02
   1.6290000e+01  -2.9536040e-02
   1.6300000e+01  -2.8870210e-02
   1.6310000e+01  -2.8603640e-02
   1.6320000e+01  -2.6987380e-02
   1.6330000e+01  -2.3091800e-02
   1.6340000e+01  -1.8564880e-02
   1.6350000e+01  -1.0455280e-02
   1.6360000e+01  -4.7935860e-04
   1.6370000e+01   6.5810540e-03
   1.6380000e+01   8.5872470e-03
   1.6390000e+01   6.9468870e-03
   1.6400000e+01   2.5333550e-03
   1.6410000e+01  -5.8363900e-03
   1.6420000e+01  -1.7715620e-02
   1.6430000e+01  -2.9606170e-02
   1.6440000e+01  -3.8054340e-02
   1.6450000e+01  -4.0752510e-02
   1.6460000e+01  -4.1805300e-02
   1.6470000e+01  -4.3041660e-02
   1.6480000e+01  -4.4020600e-02
   1.6490000e+01  -4.3596350e-02
   1.6500000e+01  -4.2684240e-02
   1.6510000e+01  -4.2667540e-02
   1.6520000e+01  -4.3372380e-02
   1.6530000e+01  -4.4660580e-02
   1.6540000e+01  -4.4345000e-02
   1.6550000e+01  -4.4651240e-02
   1.6560000e+01  -4.3282050e-02
   1.6570000e+01  -4.0366590e-02
   1.6580000e+01  -3.7346540e-02
   1.6590000e+01  -3.3967460e-02
   1.6600000e+01  -3.0189300e-02
   1.6610000e+01  -2.3790300e-02
   1.6620000e+01  -1.8528840e-02
   1.6630000e+01  -1.8216630e-02
   1.6640000e+01  -2.0492820e-02
   1.6650000e+01  -2.1562760e-02
   1.6660000e+01  -2.3221090e-02
   1.6670000e+01  -2.9585660e-02
   1.6680000e+01  -3.7864470e-02
   1.6690000e+01  -4.1990560e-02
   1.6700000e+01  -4.4598800e-02
   1.6710000e+01  -4.7951050e-02
   1.6720000e+01  -4.9246430e-02
   1.6730000e+01  -4.7836490e-02
   1.6740000e+01  -4.1387290e-02
   1.6750000e+01  -2.9906420e-02
   1.6760000e+01  -1.5373510e-02
   1.6770000e+01  -1.0115240e-03
   1.6780000e+01   1.2942760e-02
   1.6790000e+01   2.8601870e-02
   1.6800000e+01   4.3598060e-02
   1.6810000e+01   5.6104240e-02
   1.6820000e+01   6.6884720e-02
   1.6830000e+01   7.5482970e-02
   1.6840000e+01   8.2131510e-02
   1.6850000e+01   8.6985450e-02
   1.6860000e+01   8.9076650e-02
   1.6870000e+01   8.8758070e-02
   1.6880000e+01   8.6570460e-02
   1.6890000e+01   8.3319070e-02
   1.6900000e+01   7.9343270e-02
   1.6910000e+01   7.5710440e-02
   1.6920000e+01   7.2948380e-02
   1.6930000e+01   6.7831890e-02
   1.6940000e+01   6.0593290e-02
   1.6950000e+01   5.4216730e-02
   1.6960000e+01   4.6321430e-02
   1.6970000e+01   4.0564180e-02
   1.6980000e+01   3.8534270e-02
   1.6990000e+01   3.7767540e-02
   1.7000000e+01   3.7624560e-02
   1.7010000e+01   3.9303990e-02
   1.7020000e+01   4.1165240e-02
   1.7030000e+01   4.2467330e-02
   1.7040000e+01   4.4046390e-02
   1.7050000e+01   4.5365690e-02
   1.7060000e+01   4.5094470e-02
   1.7070000e+01   4.4168670e-02
   1.7080000e+01   4.2047870e-02
   1.7090000e+01   3.9781490e-02
   1.7100000e+01   3.8814500e-02
   1.7110000e+01   3.9071390e-02
   1.7120000e+01   3.8883070e-02
   1.7130000e+01   3.9836610e-02
   1.7140000e+01   4.0637050e-02
   1.7150000e+01   4.0732850e-02
   1.7160000e+01   4.1288060e-02
   1.7170000e+01   4.3118190e-02
   1.7180000e+01   4.5173640e-02
   1.7190000e+01   4.4285130e-02
   1.7200000e+01   4.0595670e-02
   1.7210000e+01   3.5278660e-02
   1.7220000e+01   2.6930580e-02
   1.7230000e+01   1.4291180e-02
   1.7240000e+01  -1.9546530e-03
   1.7250000e+01  -1.9503220e-02
   1.7260000e+01  -3.7463380e-02
   1.7270000e+01  -5.3031290e-02
   1.7280000e+01  -6.4349680e-02
   1.7290000e+01  -7.2444510e-02
   1.7300000e+01  -7.4985510e-02
   1.7310000e+01  -7.3627250e-02
   1.7320000e+01  -7.0845090e-02
   1.7330000e+01  -6.7561450e-02
   1.7340000e+01  -6.4597790e-02
   1.7350000e+01  -6.0807700e-02
   1.7360000e+01  -5.6159820e-02
   1.7370000e+01  -4.9678290e-02
   1.7380000e+01  -4.1495780e-02
   1.7390000e+01  -3.3214300e-02
   1.7400000e+01  -2.5597070e-02
   1.7410000e+01  -1.9703890e-02
   1.7420000e+01  -1.5030410e-02
   1.7430000e+01  -1.3209170e-02
   1.7440000e+01  -1.2994540e-02
   1.7450000e+01  -1.3297100e-02
   1.7460000e+01  -1.4926710e-02
   1.7470000e+01  -1.5603410e-02
   1.7480000e+01  -1.5265120e-02
   1.7490000e+01  -1.4387040e-02
   1.7500000e+01  -1.1560090e-02
   1.7510000e+01  -8.0248970e-03
   1.7520000e+01  -3.8707250e-03
   1.7530000e+01   2.0516610e-03
   1.7540000e+01   7.4761010e-03
   1.7550000e+01   1.0687130e-02
   1.7560000e+01   1.2469190e-02
   1.7570000e+01   1.1895580e-02
   1.7580000e+01   9.5098450e-03
   1.7590000e+01   6.5792890e-03
   1.7600000e+01   3.6928910e-03
   1.7610000e+01  -1.2895060e-03
   1.7620000e+01  -9.1267600e-03
   1.7630000e+01  -1.8523550e-02
   1.7640000e+01  -2.9407990e-02
   1.7650000e+01  -3.7623660e-02
   1.7660000e+01  -4.4126970e-02
   1.7670000e+01  -5.3085880e-02
   1.7680000e+01  -6.3160850e-02
   1.7690000e+01  -7.1043010e-02
   1.7700000e+01  -7.5786600e-02
   1.7710000e+01  -7.9324440e-02
   1.7720000e+01  -8.0898370e-02
   1.7730000e+01  -7.9825670e-02
   1.7740000e+01  -7.6057180e-02
   1.7750000e+01  -7.0478100e-02
   1.7760000e+01  -6.3726260e-02
   1.7770000e+01  -5.6734250e-02
   1.7780000e+01  -4.9627930e-02
   1.7790000e+01  -4.2742600e-02
   1.7800000e+01  -3.4762440e-02
   1.7810000e+01  -2.4489340e-02
   1.7820000e+01  -1.3452920e-02
   1.7830000e+01  -2.3022810e-03
   1.7840000e+01   8.3631030e-03
   1.7850000e+01   1.7403100e-02
   1.7860000e+01   2.4511410e-02
   1.7870000e+01   3.2080230e-02
   1.7880000e+01   3.9304350e-02
   1.7890000e+01   4.4142780e-02
   1.7900000e+01   4.6901330e-02
   1.7910000e+01   4.7892340e-02
   1.7920000e+01   4.7225980e-02
   1.7930000e+01   4.5874660e-02
   1.7940000e+01   4.2624010e-02
   1.7950000e+01   3.7453040e-02
   1.7960000e+01   3.0093070e-02
   1.7970000e+01   2.1012680e-02
   1.7980000e+01   1.0826250e-02
   1.7990000e+01   2.4440760e-03
   1.8000000e+01  -3.6413200e-03
   1.8010000e+01  -9.4687080e-03
   1.8020000e+01  -1.5620070e-02
   1.8030000e+01  -2.2880760e-02
   1.8040000e+01  -3.0352690e-02
   1.8050000e+01  -3.6392480e-02
   1.8060000e+01  -4.0709380e-02
   1.8070000e+01  -4.3086180e-02
   1.8080000e+01  -4.3193030e-02
   1.8090000e+01  -4.1464230e-02
   1.8100000e+01  -3.7536180e-02
   1.8110000e+01  -3.1837780e-02
   1.8120000e+01  -2.5902900e-02
   1.8130000e+01  -2.0786390e-02
   1.8140000e+01  -1.5380930e-02
   1.8150000e+01  -8.8701290e-03
   1.8160000e+01  -1.0351000e-03
   1.8170000e+01   7.4769820e-03
   1.8180000e+01   1.5178970e-02
   1.8190000e+01   2.1566350e-02
   1.8200000e+01   2.7236380e-02
   1.8210000e+01   3.2471000e-02
   1.8220000e+01   3.8017140e-02
   1.8230000e+01   4.3368010e-02
   1.8240000e+01   4.7258620e-02
   1.8250000e+01   4.8831930e-02
   1.8260000e+01   4.6913850e-02
   1.8270000e+01   4.0987330e-02
   1.8280000e+01   3.1978700e-02
   1.8290000e+01   2.1790080e-02
   1.8300000e+01   1.1317130e-02
   1.8310000e+01   2.3647060e-03
   1.8320000e+01  -4.0810310e-03
   1.8330000e+01  -7.5033060e-03
   1.8340000e+01  -8.9754720e-03
   1.8350000e+01  -9.2992310e-03
   1.8360000e+01  -9.1966420e-03
   1.8370000e+01  -8.6686940e-03
   1.8380000e+01  -7.5311570e-03
   1.8390000e+01  -5.1466530e-03
   1.8400000e+01  -3.8206880e-03
   1.8410000e+01  -4.4191680e-03
   1.8420000e+01  -5.7402850e-03
   1.8430000e+01  -9.7845600e-03
   1.8440000e+01  -1.3612880e-02
   1.8450000e+01  -1.4559860e-02
   1.8460000e+01  -1.2787070e-02
   1.8470000e+01  -9.8453620e-03
   1.8480000e+01  -3.8274500e-03
   1.8490000e+01   3.5868730e-03
   1.8500000e+01   8.3469770e-03
   1.8510000e+01   1.1352400e-02
   1.8520000e+01   1.4432490e-02
   1.8530000e+01   1.5742310e-02
   1.8540000e+01   1.5656550e-02
   1.8550000e+01   1.5386860e-02
   1.8560000e+01   1.4194550e-02
   1.8570000e+01   9.6809160e-03
   1.8580000e+01   3.0690330e-03
   1.8590000e+01  -4.4187390e-03
   1.8600000e+01  -1.1575900e-02
   1.8610000e+01  -1.9027190e-02
   1.8620000e+01  -2.6541250e-02
   1.8630000e+01  -3.1924450e-02
   1.8640000e+01  -3.5954160e-02
   1.8650000e+01  -3.9525590e-02
   1.8660000e+01  -4.1224980e-02
   1.8670000e+01  -4.1078870e-02
   1.8680000e+01  -3.9213380e-02
   1.8690000e+01  -3.4117520e-02
   1.8700000e+01  -2.8769160e-02
   1.8710000e+01  -2.2002260e-02
   1.8720000e+01  -1.5480010e-02
   1.8730000e+01  -8.0989270e-03
   1.8740000e+01  -2.0969620e-03
   1.8750000e+01   4.7892660e-04
   1.8760000e+01   1.0686130e-03
   1.8770000e+01  -2.3917990e-03
   1.8780000e+01  -7.6396830e-03
   1.8790000e+01  -1.4020150e-02
   1.8800000e+01  -2.2146510e-02
   1.8810000e+01  -2.9821430e-02
   1.8820000e+01  -3.4521770e-02
   1.8830000e+01  -3.8590530e-02
   1.8840000e+01  -4.5074870e-02
   1.8850000e+01  -5.1394330e-02
   1.8860000e+01  -5.6441680e-02
   1.8870000e+01  -6.2512000e-02
   1.8880000e+01  -6.7645150e-02
   1.8890000e+01  -6.8765240e-02
   1.8900000e+01  -6.8125060e-02
   1.8910000e+01  -6.6582220e-02
   1.8920000e+01  -6.4042860e-02
   1.8930000e+01  -6.1330420e-02
   1.8940000e+01  -5.7971810e-02
   1.8950000e+01  -5.4492770e-02
   1.8960000e+01  -5.0808440e-02
   1.8970000e+01  -4.7399150e-02
   1.8980000e+01  -4.1213600e-02
   1.8990000e+01  -3.3157150e-02
   1.9000000e+01  -2.6772360e-02
   1.9010000e+01  -2.1934100e-02
   1.9020000e+01  -1.9237170e-02
   1.9030000e+01  -1.7814100e-02
   1.9040000e+01  -1.6084000e-02
   1.9050000e+01  -1.6091850e-02
   1.9060000e+01  -1.8423620e-02
   1.9070000e+01  -2.1855000e-02
   1.9080000e+01  -2.3789340e-02
   1.9090000e+01  -2.3509430e-02
   1.9100000e+01  -2.2719170e-02
   1.9110000e+01  -2.1806160e-02
   1.9120000e+01  -2.0276540e-02
   1.9130000e+01  -2.1382410e-02
   1.9140000e+01  -2.3347650e-02
   1.9150000e+01  -2.3546000e-02
   1.9160000e+01  -2.1566020e-02
   1.9170000e+01  -1.6145490e-02
   1.9180000e+01  -6.3325040e-03
   1.9190000e+01   2.8347250e-03
   1.9200000e+01   9.0193920e-03
   1.9210000e+01   1.3044580e-02
   1.9220000e+01   1.5791760e-02
   1.9230000e+01   1.8264680e-02
   1.9240000e+01   1.7966290e-02
   1.9250000e+01   1.5471360e-02
   1.9260000e+01   1.4840620e-02
   1.9270000e+01   1.6331170e-02
   1.9280000e+01   1.9554570e-02
   1.9290000e+01   2.3997750e-02
   1.9300000e+01   2.8960000e-02
   1.9310000e+01   3.6530200e-02
   1.9320000e+01   4.6484200e-02
   1.9330000e+01   5.6105070e-02
   1.9340000e+01   6.1569230e-02
   1.9350000e+01   6.4468690e-02
   1.9360000e+01   6.6334800e-02
   1.9370000e+01   6.6660930e-02
   1.9380000e+01   6.5109200e-02
   1.9390000e+01   6.5145320e-02
   1.9400000e+01   6.5744700e-02
   1.9410000e+01   6.7652430e-02
   1.9420000e+01   6.9603370e-02
   1.9430000e+01   6.9838170e-02
   1.9440000e+01   6.9984660e-02
   1.9450000e+01   6.9114430e-02
   1.9460000e+01   6.8951580e-02
   1.9470000e+01   6.9284000e-02
   1.9480000e+01   6.9786670e-02
   1.9490000e+01   6.9847380e-02
   1.9500000e+01   6.9275960e-02
   1.9510000e+01   6.9225320e-02
   1.9520000e+01   6.9693690e-02
   1.9530000e+01   7.0515650e-02
   1.9540000e+01   7.0984740e-02
   1.9550000e+01   7.1675850e-02
   1.9560000e+01   7.3265250e-02
   1.9570000e+01   7.4551990e-02
   1.9580000e+01   7.4993970e-02
   1.9590000e+01   7.5035800e-02
   1.9600000e+01   7.4987700e-02
   1.9610000e+01   7.5266070e-02
   1.9620000e+01   7.6119110e-02
   1.9630000e+01   7.7376060e-02
   1.9640000e+01   7.8829210e-02
   1.9650000e+01   7.9695080e-02
   1.9660000e+01   8.0044990e-02
   1.9670000e+01   8.0314400e-02
   1.9680000e+01   8.0383260e-02
   1.9690000e+01   8.0586640e-02
   1.9700000e+01   8.0614150e-02
   1.9710000e+01   7.9905990e-02
   1.9720000e+01   7.9640190e-02
   1.9730000e+01   7.9139540e-02
   1.9740000e+01   7.6980560e-02
   1.9750000e+01   7.5760640e-02
   1.9760000e+01   7.5757020e-02
   1.9770000e+01   7.5239920e-02
   1.9780000e+01   7.3431250e-02
   1.9790000e+01   7.0269900e-02
   1.9800000e+01   6.6837380e-02
   1.9810000e+01   6.2681900e-02
   1.9820000e+01   5.6927600e-02
   1.9830000e+01   5.0586780e-02
   1.9840000e+01   4.3230040e-02
   1.9850000e+01   3.4130070e-02
   1.9860000e+01   2.4704150e-02
   1.9870000e+01   1.5520080e-02
   1.9880000e+01   6.2533610e-03
   1.9890000e+01  -2.7771890e-03
   1.9900000e+01  -9.0296420e-03
   1.9910000e+01  -1.3922760e-02
   1.9920000e+01  -1.9719660e-02
   1.9930000e+01  -2.4399890e-02
   1.9940000e+01  -2.6192370e-02
   1.9950000e+01  -2.7186790e-02
   1.9960000e+01  -2.8740350e-02
   1.9970000e+01  -2.9677000e-02
   1.9980000e+01  -3.0264070e-02
   1.9990000e+01  -3.0406990e-02
   2.0000000e+01  -3.0910400e-02
   2.0010000e+01  -3.1654270e-02
   2.0020000e+01  -3.2903580e-02
   2.0030000e+01  -3.4418640e-02
   2.0040000e+01  -3.4824030e-02
   2.0050000e+01  -3.4335600e-02
   2.0060000e+01  -3.3768580e-02
   2.0070000e+01  -3.2666860e-02
   2.0080000e+01  -3.0731560e-02
   2.0090000e+01  -2.9605600e-02
   2.0100000e+01  -2.9528210e-02
   2.0110000e+01  -2.9672650e-02
   2.0120000e+01  -3.0743280e-02
   2.0130000e+01  -3.2870690e-02
   2.0140000e+01  -3.3605620e-02
   2.0150000e+01  -3.4437780e-02
   2.0160000e+01  -3.5952680e-02
   2.0170000e+01  -3.8219920e-02
   2.0180000e+01  -4.1135040e-02
   2.0190000e+01  -4.3076490e-02
   2.0200000e+01  -4.2020300e-02
   2.0210000e+01  -3.8787510e-02
   2.0220000e+01  -3.3867650e-02
   2.0230000e+01  -2.7895600e-02
   2.0240000e+01  -1.9371620e-02
   2.0250000e+01  -1.2410060e-02
   2.0260000e+01  -9.3931360e-03
   2.0270000e+01  -7.5706650e-03
   2.0280000e+01  -7.3128510e-03
   2.0290000e+01  -6.5381290e-03
   2.0300000e+01  -5.8411640e-03
   2.0310000e+01  -6.7845810e-03
   2.0320000e+01  -8.4542950e-03
   2.0330000e+01  -1.0152450e-02
   2.0340000e+01  -1.3167170e-02
   2.0350000e+01  -1.7118560e-02
   2.0360000e+01  -2.2097170e-02
   2.0370000e+01  -2.9364590e-02
   2.0380000e+01  -3.7031940e-02
   2.0390000e+01  -4.2045570e-02
   2.0400000e+01  -4.5100190e-02
   2.0410000e+01  -4.6859190e-02
   2.0420000e+01  -4.8051500e-02
   2.0430000e+01  -4.8427000e-02
   2.0440000e+01  -4.7895780e-02
   2.0450000e+01  -4.6194690e-02
   2.0460000e+01  -4.3361550e-02
   2.0470000e+01  -3.9970940e-02
   2.0480000e+01  -3.5645100e-02
   2.0490000e+01  -3.1086070e-02
   2.0500000e+01  -2.6087230e-02
   2.0510000e+01  -2.1155560e-02
   2.0520000e+01  -1.5610170e-02
   2.0530000e+01  -9.3454220e-03
   2.0540000e+01  -3.3038820e-03
   2.0550000e+01  -1.5683610e-03
   2.0560000e+01  -2.0183530e-03
   2.0570000e+01  -8.5211550e-04
   2.0580000e+01  -1.5114390e-03
   2.0590000e+01  -4.6633760e-03
   2.0600000e+01  -8.3603570e-03
   2.0610000e+01  -1.0364240e-02
   2.0620000e+01  -1.1395460e-02
   2.0630000e+01  -1.4392640e-02
   2.0640000e+01  -1.6165740e-02
   2.0650000e+01  -1.7719030e-02
   2.0660000e+01  -2.0964400e-02
   2.0670000e+01  -2.5357950e-02
   2.0680000e+01  -2.8878560e-02
   2.0690000e+01  -3.1634220e-02
   2.0700000e+01  -3.4882230e-02
   2.0710000e+01  -3.6716870e-02
   2.0720000e+01  -3.7362850e-02
   2.0730000e+01  -3.7275800e-02
   2.0740000e+01  -3.6013530e-02
   2.0750000e+01  -3.3295930e-02
   2.0760000e+01  -3.0584280e-02
   2.0770000e+01  -2.9726730e-02
   2.0780000e+01  -2.8115390e-02
   2.0790000e+01  -2.6940310e-02
   2.0800000e+01  -2.5989240e-02
   2.0810000e+01  -2.4638190e-02
   2.0820000e+01  -2.2442490e-02
   2.0830000e+01  -1.6805460e-02
   2.0840000e+01  -1.0770580e-02
   2.0850000e+01  -6.4736140e-03
   2.0860000e+01  -3.1325400e-03
   2.0870000e+01  -1.6097050e-03
   2.0880000e+01  -1.1683000e-03
   2.0890000e+01  -1.1615340e-03
   2.0900000e+01  -1.7288930e-03
   2.0910000e+01  -2.1071130e-03
   2.0920000e+01  -2.4257740e-03
   2.0930000e+01  -1.8456110e-03
   2.0940000e+01  -1.7891520e-03
   2.0950000e+01  -9.9884700e-04
   2.0960000e+01   1.2352060e-03
   2.0970000e+01   1.6980570e-03
   2.0980000e+01  -7.6026850e-05
   2.0990000e+01  -4.1035460e-03
   2.1000000e+01  -8.5271690e-03
   2.1010000e+01  -1.2810470e-02
   2.1020000e+01  -1.6203960e-02
   2.1030000e+01  -1.8437610e-02
   2.1040000e+01  -1.9777400e-02
   2.1050000e+01  -2.0313310e-02
   2.1060000e+01  -1.9552120e-02
   2.1070000e+01  -1.7510190e-02
   2.1080000e+01  -1.6514150e-02
   2.1090000e+01  -1.5129080e-02
   2.1100000e+01  -1.2108740e-02
   2.1110000e+01  -1.0409400e-02
   2.1120000e+01  -9.9413860e-03
   2.1130000e+01  -9.6694110e-03
   2.1140000e+01  -1.0494110e-02
   2.1150000e+01  -1.2029910e-02
   2.1160000e+01  -1.3179550e-02
   2.1170000e+01  -1.3094020e-02
   2.1180000e+01  -1.2591060e-02
   2.1190000e+01  -1.1261420e-02
   2.1200000e+01  -8.3289150e-03
   2.1210000e+01  -5.2651510e-03
   2.1220000e+01  -3.6090460e-03
   2.1230000e+01  -2.1674030e-03
   2.1240000e+01  -1.5232650e-03
   2.1250000e+01  -1.6078430e-03
   2.1260000e+01  -4.2759910e-04
   2.1270000e+01   2.5429350e-03
   2.1280000e+01   5.3529780e-03
   2.1290000e+01   8.6363950e-03
   2.1300000e+01   1.3445620e-02
   2.1310000e+01   1.8528300e-02
   2.1320000e+01   2.1632140e-02
   2.1330000e+01   2.2787740e-02
   2.1340000e+01   2.2902970e-02
   2.1350000e+01   2.2672070e-02
   2.1360000e+01   2.2006900e-02
   2.1370000e+01   2.0536400e-02
   2.1380000e+01   1.9810680e-02
   2.1390000e+01   2.1188170e-02
   2.1400000e+01   2.2465380e-02
   2.1410000e+01   2.2231070e-02
   2.1420000e+01   2.1974590e-02
   2.1430000e+01   1.9851960e-02
   2.1440000e+01   1.6190950e-02
   2.1450000e+01   1.2030560e-02
   2.1460000e+01   1.0693590e-02
   2.1470000e+01   9.9076340e-03
   2.1480000e+01   1.0925570e-02
   2.1490000e+01   1.2823660e-02
   2.1500000e+01   1.5476540e-02
   2.1510000e+01   1.9699820e-02
   2.1520000e+01   2.2417580e-02
   2.1530000e+01   2.3931680e-02
   2.1540000e+01   2.4832100e-02
   2.1550000e+01   2.4751520e-02
   2.1560000e+01   2.5445290e-02
   2.1570000e+01   2.7397980e-02
   2.1580000e+01   2.7840460e-02
   2.1590000e+01   2.7470300e-02
   2.1600000e+01   2.7653350e-02
   2.1610000e+01   2.7137840e-02
   2.1620000e+01   2.6901930e-02
   2.1630000e+01   2.6531530e-02
   2.1640000e+01   2.4638680e-02
   2.1650000e+01   2.2575980e-02
   2.1660000e+01   2.1924390e-02
   2.1670000e+01   2.2442710e-02
   2.1680000e+01   2.2256450e-02
   2.1690000e+01   2.2332780e-02
   2.1700000e+01   2.1964380e-02
   2.1710000e+01   2.0613740e-02
   2.1720000e+01   1.9507570e-02
   2.1730000e+01   1.8249190e-02
   2.1740000e+01   1.6741150e-02
   2.1750000e+01   1.4017350e-02
   2.1760000e+01   9.9783540e-03
   2.1770000e+01   5.5436410e-03
   2.1780000e+01   3.1599270e-03
   2.1790000e+01   2.2998730e-03
   2.1800000e+01   1.6751760e-03
   2.1810000e+01   2.6803150e-03
   2.1820000e+01   4.2290920e-03
   2.1830000e+01   7.4573540e-03
   2.1840000e+01   1.2803330e-02
   2.1850000e+01   1.6240260e-02
   2.1860000e+01   1.7596520e-02
   2.1870000e+01   1.8864200e-02
   2.1880000e+01   2.0133390e-02
   2.1890000e+01   2.0030340e-02
   2.1900000e+01   1.7793770e-02
   2.1910000e+01   1.6728640e-02
   2.1920000e+01   1.5712210e-02
   2.1930000e+01   1.2711480e-02
   2.1940000e+01   1.0026410e-02
   2.1950000e+01   7.2647240e-03
   2.1960000e+01   4.7253560e-03
   2.1970000e+01   2.0119230e-03
   2.1980000e+01  -7.6179670e-04
   2.1990000e+01  -3.1354060e-03
   2.2000000e+01  -4.9171610e-03
   2.2010000e+01  -6.1612590e-03
   2.2020000e+01  -6.8137480e-03
   2.2030000e+01  -7.0037340e-03
   2.2040000e+01  -5.5176160e-03
   2.2050000e+01  -1.9678410e-03
   2.2060000e+01   2.2815080e-03
   2.2070000e+01   5.4649910e-03
   2.2080000e+01   7.5974900e-03
   2.2090000e+01   9.3481640e-03
   2.2100000e+01   1.1631530e-02
   2.2110000e+01   1.3956320e-02
   2.2120000e+01   1.6713140e-02
   2.2130000e+01   1.9115900e-02
   2.2140000e+01   2.2232570e-02
   2.2150000e+01   2.5526200e-02
   2.2160000e+01   2.7160370e-02
   2.2170000e+01   2.6228080e-02
   2.2180000e+01   2.5966980e-02
   2.2190000e+01   2.4836490e-02
   2.2200000e+01   2.2669540e-02
   2.2210000e+01   2.1031010e-02
   2.2220000e+01   1.9228040e-02
   2.2230000e+01   1.7562870e-02
   2.2240000e+01   1.6594270e-02
   2.2250000e+01   1.5986000e-02
   2.2260000e+01   1.5989220e-02
   2.2270000e+01   1.6244490e-02
   2.2280000e+01   1.5352900e-02
   2.2290000e+01   1.2356080e-02
   2.2300000e+01   9.1190300e-03
   2.2310000e+01   6.5776790e-03
   2.2320000e+01   4.6636620e-03
   2.2330000e+01   3.1402400e-03
   2.2340000e+01   1.7960940e-03
   2.2350000e+01   1.0090440e-03
   2.2360000e+01   1.7614710e-03
   2.2370000e+01   2.7234840e-03
   2.2380000e+01   2.9102310e-03
   2.2390000e+01   2.4374060e-03
   2.2400000e+01   1.6999280e-03
   2.2410000e+01   1.6506850e-03
   2.2420000e+01   2.0486180e-03
   2.2430000e+01   2.7705350e-03
   2.2440000e+01   4.1686690e-03
   2.2450000e+01   4.3370380e-03
   2.2460000e+01   3.4830440e-03
   2.2470000e+01   2.2773890e-03
   2.2480000e+01   1.8622630e-03
   2.2490000e+01   1.6506210e-03
   2.2500000e+01  -5.0573270e-04
   2.2510000e+01  -3.4984860e-03
   2.2520000e+01  -5.8077320e-03
   2.2530000e+01  -7.7863220e-03
   2.2540000e+01  -8.4303600e-03
   2.2550000e+01  -8.8827540e-03
   2.2560000e+01  -9.7413000e-03
   2.2570000e+01  -1.0046060e-02
   2.2580000e+01  -1.1312630e-02
   2.2590000e+01  -1.3002080e-02
   2.2600000e+01  -1.3335330e-02
   2.2610000e+01  -1.3652610e-02
   2.2620000e+01  -1.3792270e-02
   2.2630000e+01  -1.3150720e-02
   2.2640000e+01  -1.1073460e-02
   2.2650000e+01  -9.2885190e-03
   2.2660000e+01  -8.1987100e-03
   2.2670000e+01  -6.9894930e-03
   2.2680000e+01  -7.1596860e-03
   2.2690000e+01  -8.0475270e-03
   2.2700000e+01  -8.0442890e-03
   2.2710000e+01  -6.6063010e-03
   2.2720000e+01  -6.5016880e-03
   2.2730000e+01  -5.7696020e-03
   2.2740000e+01  -3.5195490e-03
   2.2750000e+01  -4.5438280e-04
   2.2760000e+01   2.3507160e-03
   2.2770000e+01   5.2100410e-03
   2.2780000e+01   6.4736050e-03
   2.2790000e+01   5.1528070e-03
   2.2800000e+01   3.3593100e-03
   2.2810000e+01   2.0474230e-03
   2.2820000e+01   8.7705140e-04
   2.2830000e+01  -2.0821650e-03
   2.2840000e+01  -6.7666340e-03
   2.2850000e+01  -1.0459640e-02
   2.2860000e+01  -1.4408290e-02
   2.2870000e+01  -1.9997960e-02
   2.2880000e+01  -2.5406040e-02
   2.2890000e+01  -2.9496400e-02
   2.2900000e+01  -3.1991760e-02
   2.2910000e+01  -3.3305710e-02
   2.2920000e+01  -3.3680370e-02
   2.2930000e+01  -3.3343800e-02
   2.2940000e+01  -3.3566570e-02
   2.2950000e+01  -3.4080680e-02
   2.2960000e+01  -3.4437580e-02
   2.2970000e+01  -3.5380440e-02
   2.2980000e+01  -3.6503990e-02
   2.2990000e+01  -3.7987560e-02
   2.3000000e+01  -3.9048900e-02
   2.3010000e+01  -4.0311670e-02
   2.3020000e+01  -4.2737690e-02
   2.3030000e+01  -4.3895370e-02
   2.3040000e+01  -4.4040570e-02
   2.3050000e+01  -4.4668000e-02
   2.3060000e+01  -4.4273930e-02
   2.3070000e+01  -4.3668190e-02
   2.3080000e+01  -4.3350540e-02
   2.3090000e+01  -4.1731180e-02
   2.3100000e+01  -4.0862030e-02
   2.3110000e+01  -4.1124380e-02
   2.3120000e+01  -4.0962450e-02
   2.3130000e+01  -4.0186260e-02
   2.3140000e+01  -3.9263780e-02
   2.3150000e+01  -3.9004460e-02
   2.3160000e+01  -3.8147470e-02
   2.3170000e+01  -3.6543970e-02
   2.3180000e+01  -3.5668710e-02
   2.3190000e+01  -3.5490850e-02
   2.3200000e+01  -3.4612420e-02
   2.3210000e+01  -3.5418680e-02
   2.3220000e+01  -3.7925720e-02
   2.3230000e+01  -3.8932340e-02
   2.3240000e+01  -3.8520130e-02
   2.3250000e+01  -3.8272110e-02
   2.3260000e+01  -3.7909430e-02
   2.3270000e+01  -3.8041510e-02
   2.3280000e+01  -3.9062940e-02
   2.3290000e+01  -4.1224390e-02
   2.3300000e+01  -4.3827250e-02
   2.3310000e+01  -4.5618810e-02
   2.3320000e+01  -4.6724920e-02
   2.3330000e+01  -4.5594840e-02
   2.3340000e+01  -4.3878350e-02
   2.3350000e+01  -4.2249610e-02
   2.3360000e+01  -4.1445630e-02
   2.3370000e+01  -4.1798650e-02
   2.3380000e+01  -4.1867450e-02
   2.3390000e+01  -4.0379970e-02
   2.3400000e+01  -3.8714460e-02
   2.3410000e+01  -3.6975980e-02
   2.3420000e+01  -3.5208310e-02
   2.3430000e+01  -3.3185920e-02
   2.3440000e+01  -2.9523500e-02
   2.3450000e+01  -2.6940420e-02
   2.3460000e+01  -2.4992780e-02
   2.3470000e+01  -2.2310640e-02
   2.3480000e+01  -1.8796390e-02
   2.3490000e+01  -1.7144770e-02
   2.3500000e+01  -1.5854020e-02
   2.3510000e+01  -1.3494720e-02
   2.3520000e+01  -9.9698420e-03
   2.3530000e+01  -6.7810500e-03
   2.3540000e+01  -3.9112560e-03
   2.3550000e+01  -2.7154400e-03
   2.3560000e+01  -2.5380980e-03
   2.3570000e+01  -2.5551080e-03
   2.3580000e+01  -2.5408740e-03
   2.3590000e+01  -2.9223480e-03
   2.3600000e+01  -3.6111990e-03
   2.3610000e+01  -3.3095580e-03
   2.3620000e+01  -1.0488960e-03
   2.3630000e+01   2.2500250e-03
   2.3640000e+01   4.6748830e-03
   2.3650000e+01   7.4677960e-03
   2.3660000e+01   1.2114850e-02
   2.3670000e+01   1.6729800e-02
   2.3680000e+01   2.1061930e-02
   2.3690000e+01   2.4999120e-02
   2.3700000e+01   2.8178180e-02
   2.3710000e+01   3.1182400e-02
   2.3720000e+01   3.2834060e-02
   2.3730000e+01   3.2798880e-02
   2.3740000e+01   3.2586170e-02
   2.3750000e+01   3.1990750e-02
   2.3760000e+01   2.9951950e-02
   2.3770000e+01   2.7079530e-02
   2.3780000e+01   2.4702360e-02
   2.3790000e+01   2.4333080e-02
   2.3800000e+01   2.5396930e-02
   2.3810000e+01   2.6525590e-02
   2.3820000e+01   2.7333080e-02
   2.3830000e+01   2.8043920e-02
   2.3840000e+01   2.8553470e-02
   2.3850000e+01   2.8015540e-02
   2.3860000e+01   2.5583190e-02
   2.3870000e+01   2.1439960e-02
   2.3880000e+01   1.9317100e-02
   2.3890000e+01   1.8487290e-02
   2.3900000e+01   1.5138210e-02
   2.3910000e+01   1.1451520e-02
   2.3920000e+01   8.1122430e-03
   2.3930000e+01   5.2633800e-03
   2.3940000e+01   4.5329320e-03
   2.3950000e+01   4.9887420e-03
   2.3960000e+01   6.4634450e-03
   2.3970000e+01   9.6186440e-03
   2.3980000e+01   1.3281400e-02
   2.3990000e+01   1.7230880e-02
   2.4000000e+01   1.9869680e-02
   2.4010000e+01   2.1626740e-02
   2.4020000e+01   2.3526780e-02
   2.4030000e+01   2.4863620e-02
   2.4040000e+01   2.5815370e-02
   2.4050000e+01   2.6670720e-02
   2.4060000e+01   2.7963560e-02
   2.4070000e+01   2.8931300e-02
   2.4080000e+01   2.8809740e-02
   2.4090000e+01   2.7426270e-02
   2.4100000e+01   2.3961090e-02
   2.4110000e+01   2.0030680e-02
   2.4120000e+01   1.8437050e-02
   2.4130000e+01   1.8988500e-02
   2.4140000e+01   2.0138040e-02
   2.4150000e+01   1.9480620e-02
   2.4160000e+01   1.7153360e-02
   2.4170000e+01   1.5958950e-02
   2.4180000e+01   1.6444200e-02
   2.4190000e+01   1.7684090e-02
   2.4200000e+01   1.8056150e-02
   2.4210000e+01   1.7909910e-02
   2.4220000e+01   1.8441970e-02
   2.4230000e+01   1.8890740e-02
   2.4240000e+01   2.0538960e-02
   2.4250000e+01   2.2183770e-02
   2.4260000e+01   2.2981280e-02
   2.4270000e+01   2.3973930e-02
   2.4280000e+01   2.5472830e-02
   2.4290000e+01   2.8445210e-02
   2.4300000e+01   3.0695430e-02
   2.4310000e+01   3.1539400e-02
   2.4320000e+01   3.1565440e-02
   2.4330000e+01   3.1810110e-02
   2.4340000e+01   3.1678730e-02
   2.4350000e+01   3.1261130e-02
   2.4360000e+01   3.1424840e-02
   2.4370000e+01   3.1317440e-02
   2.4380000e+01   3.2443690e-02
   2.4390000e+01   3.4315130e-02
   2.4400000e+01   3.6048040e-02
   2.4410000e+01   3.7450960e-02
   2.4420000e+01   3.8872610e-02
   2.4430000e+01   4.0391300e-02
   2.4440000e+01   4.1933070e-02
   2.4450000e+01   4.3375670e-02
   2.4460000e+01   4.3363750e-02
   2.4470000e+01   4.2003480e-02
   2.4480000e+01   4.0248810e-02
   2.4490000e+01   3.7656750e-02
   2.4500000e+01   3.3938050e-02
   2.4510000e+01   3.1306340e-02
   2.4520000e+01   2.9311390e-02
   2.4530000e+01   2.5567990e-02
   2.4540000e+01   2.2880850e-02
   2.4550000e+01   2.1719490e-02
   2.4560000e+01   2.0560360e-02
   2.4570000e+01   1.9601020e-02
   2.4580000e+01   1.8947670e-02
   2.4590000e+01   1.7807710e-02
   2.4600000e+01   1.7713530e-02
   2.4610000e+01   1.8161540e-02
   2.4620000e+01   1.7014470e-02
   2.4630000e+01   1.4724370e-02
   2.4640000e+01   1.2392580e-02
   2.4650000e+01   1.0047200e-02
   2.4660000e+01   9.2544940e-03
   2.4670000e+01   9.7109830e-03
   2.4680000e+01   1.1133040e-02
   2.4690000e+01   1.1003350e-02
   2.4700000e+01   7.2438890e-03
   2.4710000e+01  -9.4929990e-04
   2.4720000e+01  -1.2288900e-02
   2.4730000e+01  -2.2342850e-02
   2.4740000e+01  -2.8162490e-02
   2.4750000e+01  -3.1507120e-02
   2.4760000e+01  -3.4411570e-02
   2.4770000e+01  -3.5379050e-02
   2.4780000e+01  -3.3039400e-02
   2.4790000e+01  -2.9656140e-02
   2.4800000e+01  -2.8549540e-02
   2.4810000e+01  -2.7248350e-02
   2.4820000e+01  -2.4869470e-02
   2.4830000e+01  -2.2499520e-02
   2.4840000e+01  -2.0642340e-02
   2.4850000e+01  -1.9456650e-02
   2.4860000e+01  -1.9660240e-02
   2.4870000e+01  -2.0559790e-02
   2.4880000e+01  -2.1955040e-02
   2.4890000e+01  -2.3662560e-02
   2.4900000e+01  -2.6171420e-02
   2.4910000e+01  -2.6604380e-02
   2.4920000e+01  -2.5537690e-02
   2.4930000e+01  -2.4722610e-02
   2.4940000e+01  -2.1637930e-02
   2.4950000e+01  -1.5202260e-02
   2.4960000e+01  -9.3859060e-03
   2.4970000e+01  -4.5211440e-03
   2.4980000e+01  -1.2549990e-03
   2.4990000e+01  -4.6555280e-04
   2.5000000e+01  -9.3139380e-04
   2.5010000e+01   3.0701980e-04
   2.5020000e+01   1.9833480e-03
   2.5030000e+01   4.8846560e-03
   2.5040000e+01   8.3846870e-03
   2.5050000e+01   1.3016970e-02
   2.5060000e+01   1.6912040e-02
   2.5070000e+01   1.9090620e-02
   2.5080000e+01   1.9756990e-02
   2.5090000e+01   1.9482620e-02
   2.5100000e+01   1.8995640e-02
   2.5110000e+01   1.7749230e-02
   2.5120000e+01   1.6272290e-02
   2.5130000e+01   1.4878460e-02
   2.5140000e+01   1.4023250e-02
   2.5150000e+01   1.4195570e-02
   2.5160000e+01   1.5756830e-02
   2.5170000e+01   1.8784530e-02
   2.5180000e+01   1.9896200e-02
   2.5190000e+01   1.8479560e-02
   2.5200000e+01   1.4343590e-02
   2.5210000e+01   8.7810580e-03
   2.5220000e+01   3.5699450e-03
   2.5230000e+01   1.5041860e-03
   2.5240000e+01   8.1585270e-04
   2.5250000e+01   2.7711350e-03
   2.5260000e+01   6.9072100e-03
   2.5270000e+01   1.2166400e-02
   2.5280000e+01   1.7134590e-02
   2.5290000e+01   2.0832600e-02
   2.5300000e+01   2.2074930e-02
   2.5310000e+01   2.0801650e-02
   2.5320000e+01   1.9287130e-02
   2.5330000e+01   1.6585150e-02
   2.5340000e+01   1.1497240e-02
   2.5350000e+01   5.3564280e-03
   2.5360000e+01   8.6517940e-04
   2.5370000e+01  -2.5768140e-03
   2.5380000e+01  -4.9427260e-03
   2.5390000e+01  -5.0285190e-03
   2.5400000e+01  -3.4872770e-03
   2.5410000e+01  -1.4364080e-03
   2.5420000e+01   7.8800720e-04
   2.5430000e+01   1.6121080e-03
   2.5440000e+01   1.1781330e-03
   2.5450000e+01   7.4894130e-05
   2.5460000e+01  -5.3352500e-04
   2.5470000e+01  -1.5698370e-04
   2.5480000e+01  -3.9643430e-04
   2.5490000e+01  -1.5738730e-04
   2.5500000e+01   6.1196950e-07
   2.5510000e+01   5.8027690e-04
   2.5520000e+01   8.8139770e-04
   2.5530000e+01   3.2339720e-04
   2.5540000e+01  -2.9681050e-04
   2.5550000e+01  -1.7672880e-03
   2.5560000e+01  -3.2102110e-03
   2.5570000e+01  -4.0909310e-03
   2.5580000e+01  -2.8185310e-03
   2.5590000e+01  -1.0194000e-03
   2.5600000e+01  -1.2336890e-04
   2.5610000e+01  -3.2065990e-04
   2.5620000e+01  -4.4284130e-04
   2.5630000e+01  -1.6654320e-04
   2.5640000e+01  -5.0899970e-05
   2.5650000e+01  -1.1287560e-03
   2.5660000e+01  -2.9048580e-03
   2.5670000e+01  -3.4889910e-03
   2.5680000e+01  -4.3380500e-03
   2.5690000e+01  -5.4967950e-03
   2.5700000e+01  -5.0865720e-03
   2.5710000e+01  -3.0620170e-03
   2.5720000e+01  -1.4248030e-03
   2.5730000e+01  -4.6590570e-04
   2.5740000e+01   1.5280580e-04
   2.5750000e+01  -2.2946010e-04
   2.5760000e+01  -1.0301350e-03
   2.5770000e+01  -2.7207470e-03
   2.5780000e+01  -4.2251230e-03
   2.5790000e+01  -6.4817260e-03
   2.5800000e+01  -7.8715790e-03
   2.5810000e+01  -6.8564900e-03
   2.5820000e+01  -5.5181270e-03
   2.5830000e+01  -5.6177350e-03
   2.5840000e+01  -5.6392550e-03
   2.5850000e+01  -5.6348250e-03
   2.5860000e+01  -5.4123570e-03
   2.5870000e+01  -4.2736340e-03
   2.5880000e+01  -3.9239320e-03
   2.5890000e+01  -3.2168160e-03
   2.5900000e+01  -2.5111020e-04
   2.5910000e+01   8.5035620e-04
   2.5920000e+01   9.0810280e-04
   2.5930000e+01   2.6482020e-03
   2.5940000e+01   3.6131660e-03
   2.5950000e+01   4.1991460e-03
   2.5960000e+01   4.5362560e-03
   2.5970000e+01   2.8897230e-03
   2.5980000e+01  -4.4454710e-04
   2.5990000e+01  -4.4707060e-03
   2.6000000e+01  -9.3065630e-03
   2.6010000e+01  -1.2409920e-02
   2.6020000e+01  -1.2824880e-02
   2.6030000e+01  -1.3847530e-02
   2.6040000e+01  -1.5122960e-02
   2.6050000e+01  -1.5448760e-02
   2.6060000e+01  -1.4918890e-02
   2.6070000e+01  -1.4904800e-02
   2.6080000e+01  -1.5489750e-02
   2.6090000e+01  -1.6994820e-02
   2.6100000e+01  -1.7511910e-02
   2.6110000e+01  -1.6318800e-02
   2.6120000e+01  -1.5021950e-02
   2.6130000e+01  -1.4591150e-02
   2.6140000e+01  -1.4068030e-02
   2.6150000e+01  -1.4455550e-02
   2.6160000e+01  -1.4617790e-02
   2.6170000e+01  -1.5649840e-02
   2.6180000e+01  -1.8616440e-02
   2.6190000e+01  -2.0097890e-02
   2.6200000e+01  -1.9895710e-02
   2.6210000e+01  -2.0138620e-02
   2.6220000e+01  -2.1488890e-02
   2.6230000e+01  -2.2417050e-02
   2.6240000e+01  -2.2835540e-02
   2.6250000e+01  -2.3458560e-02
   2.6260000e+01  -2.2659400e-02
   2.6270000e+01  -2.0230290e-02
   2.6280000e+01  -1.8369050e-02
   2.6290000e+01  -1.6835070e-02
   2.6300000e+01  -1.5755510e-02
   2.6310000e+01  -1.4435850e-02
   2.6320000e+01  -1.2751490e-02
   2.6330000e+01  -1.1962670e-02
   2.6340000e+01  -1.0742200e-02
   2.6350000e+01  -8.6741830e-03
   2.6360000e+01  -6.7915090e-03
   2.6370000e+01  -3.8145730e-03
   2.6380000e+01  -6.4830260e-04
   2.6390000e+01   2.2829280e-03
   2.6400000e+01   4.6115100e-03
   2.6410000e+01   5.7811810e-03
   2.6420000e+01   5.3313060e-03
   2.6430000e+01   5.0904630e-03
   2.6440000e+01   6.1944660e-03
   2.6450000e+01   7.9217580e-03
   2.6460000e+01   9.9666430e-03
   2.6470000e+01   1.2638330e-02
   2.6480000e+01   1.3769640e-02
   2.6490000e+01   1.5974490e-02
   2.6500000e+01   1.7871510e-02
   2.6510000e+01   1.8780230e-02
   2.6520000e+01   1.8491640e-02
   2.6530000e+01   1.3848860e-02
   2.6540000e+01   8.8803310e-03
   2.6550000e+01   7.0976720e-03
   2.6560000e+01   6.5430910e-03
   2.6570000e+01   5.6138840e-03
   2.6580000e+01   6.0818160e-03
   2.6590000e+01   6.6372820e-03
   2.6600000e+01   6.9050080e-03
   2.6610000e+01   6.7380970e-03
   2.6620000e+01   8.1400150e-03
   2.6630000e+01   9.2792600e-03
   2.6640000e+01   8.1289890e-03
   2.6650000e+01   8.8443590e-03
   2.6660000e+01   1.0993050e-02
   2.6670000e+01   1.3238770e-02
   2.6680000e+01   1.5306520e-02
   2.6690000e+01   1.5813790e-02
   2.6700000e+01   1.6325790e-02
   2.6710000e+01   1.5782720e-02
   2.6720000e+01   1.3951760e-02
   2.6730000e+01   1.1897650e-02
   2.6740000e+01   1.1662280e-02
   2.6750000e+01   1.2616440e-02
   2.6760000e+01   1.4172240e-02
   2.6770000e+01   1.6198880e-02
   2.6780000e+01   1.6172960e-02
   2.6790000e+01   1.4648090e-02
   2.6800000e+01   1.2932910e-02
   2.6810000e+01   1.2161620e-02
   2.6820000e+01   1.1990740e-02
   2.6830000e+01   1.1410290e-02
   2.6840000e+01   1.0425080e-02
   2.6850000e+01   7.6536970e-03
   2.6860000e+01   6.0558200e-03
   2.6870000e+01   5.8707830e-03
   2.6880000e+01   5.0720300e-03
   2.6890000e+01   4.6637840e-03
   2.6900000e+01   4.5946070e-03
   2.6910000e+01   3.7606120e-03
   2.6920000e+01   3.1481000e-03
   2.6930000e+01   4.2171700e-03
   2.6940000e+01   5.4122010e-03
   2.6950000e+01   5.7923260e-03
   2.6960000e+01   6.6205250e-03
   2.6970000e+01   6.3681280e-03
   2.6980000e+01   4.6774530e-03
   2.6990000e+01   4.6112370e-03
   2.7000000e+01   2.1252190e-03
   2.7010000e+01  -4.9268550e-04
   2.7020000e+01  -4.4472560e-03
   2.7030000e+01  -9.9371990e-03
   2.7040000e+01  -1.6618140e-02
   2.7050000e+01  -2.2812340e-02
   2.7060000e+01  -2.8479050e-02
   2.7070000e+01  -3.3493370e-02
   2.7080000e+01  -3.8243650e-02
   2.7090000e+01  -4.1898780e-02
   2.7100000e+01  -4.4430040e-02
   2.7110000e+01  -4.5055530e-02
   2.7120000e+01  -4.4940390e-02
   2.7130000e+01  -4.4418420e-02
   2.7140000e+01  -4.4176690e-02
   2.7150000e+01  -4.5229420e-02
   2.7160000e+01  -4.8412930e-02
   2.7170000e+01  -5.0702140e-02
   2.7180000e+01  -5.2360450e-02
   2.7190000e+01  -5.3744230e-02
   2.7200000e+01  -5.3315080e-02
   2.7210000e+01  -5.1313030e-02
   2.7220000e+01  -4.9780220e-02
   2.7230000e+01  -4.5975700e-02
   2.7240000e+01  -4.1502160e-02
   2.7250000e+01  -3.9393310e-02
   2.7260000e+01  -3.8137830e-02
   2.7270000e+01  -3.6309590e-02
   2.7280000e+01  -3.4248740e-02
   2.7290000e+01  -3.2433890e-02
   2.7300000e+01  -3.1214010e-02
   2.7310000e+01  -2.9449660e-02
   2.7320000e+01  -2.5879540e-02
   2.7330000e+01  -2.3078950e-02
   2.7340000e+01  -2.0894320e-02
   2.7350000e+01  -1.8032940e-02
   2.7360000e+01  -1.5973380e-02
   2.7370000e+01  -1.5938650e-02
   2.7380000e+01  -1.5666560e-02
   2.7390000e+01  -1.5652920e-02
   2.7400000e+01  -1.8182910e-02
   2.7410000e+01  -2.0434930e-02
   2.7420000e+01  -2.0576870e-02
   2.7430000e+01  -1.7930970e-02
   2.7440000e+01  -1.4495680e-02
   2.7450000e+01  -1.1610710e-02
   2.7460000e+01  -8.1966700e-03
   2.7470000e+01  -4.1115820e-03
   2.7480000e+01  -4.1859570e-05
   2.7490000e+01   3.3802550e-03
   2.7500000e+01   6.7588740e-03
   2.7510000e+01   1.1361070e-02
   2.7520000e+01   1.4800990e-02
   2.7530000e+01   1.7460880e-02
   2.7540000e+01   1.8967740e-02
   2.7550000e+01   1.8847660e-02
   2.7560000e+01   1.7668210e-02
   2.7570000e+01   1.7691810e-02
   2.7580000e+01   1.8883350e-02
   2.7590000e+01   1.9384840e-02
   2.7600000e+01   1.8924530e-02
   2.7610000e+01   1.8924490e-02
   2.7620000e+01   1.8958930e-02
   2.7630000e+01   1.8214240e-02
   2.7640000e+01   1.6407220e-02
   2.7650000e+01   1.4642110e-02
   2.7660000e+01   1.3368880e-02
   2.7670000e+01   1.2383090e-02
   2.7680000e+01   1.1362250e-02
   2.7690000e+01   9.9693850e-03
   2.7700000e+01   9.0353320e-03
   2.7710000e+01   8.0600270e-03
   2.7720000e+01   5.9187130e-03
   2.7730000e+01   5.2715540e-03
   2.7740000e+01   6.2051770e-03
   2.7750000e+01   6.8608490e-03
   2.7760000e+01   6.7662060e-03
   2.7770000e+01   6.2835390e-03
   2.7780000e+01   6.3194800e-03
   2.7790000e+01   6.1614950e-03
   2.7800000e+01   6.5230540e-03
   2.7810000e+01   8.2194340e-03
   2.7820000e+01   9.9775710e-03
   2.7830000e+01   1.2087380e-02
   2.7840000e+01   1.5638790e-02
   2.7850000e+01   1.8876230e-02
   2.7860000e+01   2.0856150e-02
   2.7870000e+01   2.2523290e-02
   2.7880000e+01   2.4455130e-02
   2.7890000e+01   2.5635850e-02
   2.7900000e+01   2.5124350e-02
   2.7910000e+01   2.4115760e-02
   2.7920000e+01   2.2742030e-02
   2.7930000e+01   2.0262600e-02
   2.7940000e+01   1.7188390e-02
   2.7950000e+01   1.4091250e-02
   2.7960000e+01   1.0512140e-02
   2.7970000e+01   6.2424100e-03
   2.7980000e+01   3.1156130e-03
   2.7990000e+01   6.1773380e-04
   2.8000000e+01  -8.6178160e-04
   2.8010000e+01  -1.2400240e-03
   2.8020000e+01  -1.1651970e-03
   2.8030000e+01  -1.3937340e-03
   2.8040000e+01  -9.8807230e-05
   2.8050000e+01   1.9309670e-03
   2.8060000e+01   4.3074300e-03
   2.8070000e+01   6.6640550e-03
   2.8080000e+01   1.0527500e-02
   2.8090000e+01   1.5150910e-02
   2.8100000e+01   1.8075240e-02
   2.8110000e+01   1.9607700e-02
   2.8120000e+01   2.0383260e-02
   2.8130000e+01   2.0383150e-02
   2.8140000e+01   1.9887770e-02
   2.8150000e+01   1.9292430e-02
   2.8160000e+01   1.8393880e-02
   2.8170000e+01   1.6825760e-02
   2.8180000e+01   1.4897450e-02
   2.8190000e+01   1.3224430e-02
   2.8200000e+01   1.1475940e-02
   2.8210000e+01   1.0445890e-02
   2.8220000e+01   9.9810380e-03
   2.8230000e+01   9.7766980e-03
   2.8240000e+01   1.0068410e-02
   2.8250000e+01   1.0722930e-02
   2.8260000e+01   1.1573660e-02
   2.8270000e+01   1.2037630e-02
   2.8280000e+01   1.2405450e-02
   2.8290000e+01   1.3732740e-02
   2.8300000e+01   1.3768100e-02
   2.8310000e+01   1.3116380e-02
   2.8320000e+01   1.2964160e-02
   2.8330000e+01   1.2620640e-02
   2.8340000e+01   1.1745400e-02
   2.8350000e+01   1.0168940e-02
   2.8360000e+01   8.4767960e-03
   2.8370000e+01   7.0594180e-03
   2.8380000e+01   5.3465440e-03
   2.8390000e+01   3.3243270e-03
   2.8400000e+01   1.1697190e-03
   2.8410000e+01  -1.0794510e-03
   2.8420000e+01  -2.7558730e-03
   2.8430000e+01  -3.6798910e-03
   2.8440000e+01  -4.9839900e-03
   2.8450000e+01  -6.3960040e-03
   2.8460000e+01  -7.9135070e-03
   2.8470000e+01  -1.0121970e-02
   2.8480000e+01  -1.2056750e-02
   2.8490000e+01  -1.2740860e-02
   2.8500000e+01  -1.3889050e-02
   2.8510000e+01  -1.4585980e-02
   2.8520000e+01  -1.3856310e-02
   2.8530000e+01  -1.2218340e-02
   2.8540000e+01  -1.1124990e-02
   2.8550000e+01  -1.0208300e-02
   2.8560000e+01  -8.6152080e-03
   2.8570000e+01  -7.3409730e-03
   2.8580000e+01  -6.5744120e-03
   2.8590000e+01  -5.8277820e-03
   2.8600000e+01  -5.6844700e-03
   2.8610000e+01  -5.5513200e-03
   2.8620000e+01  -5.0055270e-03
   2.8630000e+01  -4.3633970e-03
   2.8640000e+01  -3.9988810e-03
   2.8650000e+01  -3.4527440e-03
   2.8660000e+01  -3.1282150e-03
   2.8670000e+01  -3.4036500e-03
   2.8680000e+01  -3.6158410e-03
   2.8690000e+01  -3.4304340e-03
   2.8700000e+01  -3.2031470e-03
   2.8710000e+01  -3.0500260e-03
   2.8720000e+01  -2.7501730e-03
   2.8730000e+01  -1.9375300e-03
   2.8740000e+01  -1.1195710e-03
   2.8750000e+01  -7.9013160e-04
   2.8760000e+01  -6.3225980e-04
   2.8770000e+01  -5.8014370e-04
   2.8780000e+01  -5.7536650e-04
   2.8790000e+01  -1.9249790e-04
   2.8800000e+01   1.7332130e-04
   2.8810000e+01   3.9827670e-04
   2.8820000e+01   6.7208340e-04
   2.8830000e+01   1.1506270e-03
   2.8840000e+01   1.9740450e-03
   2.8850000e+01   2.4043370e-03
   2.8860000e+01   2.6708800e-03
   2.8870000e+01   2.8529070e-03
   2.8880000e+01   2.8479550e-03
   2.8890000e+01   2.6830700e-03
   2.8900000e+01   2.5511740e-03
   2.8910000e+01   2.2175200e-03
   2.8920000e+01   1.7893350e-03
   2.8930000e+01   1.4923390e-03
   2.8940000e+01   1.1152600e-03
   2.8950000e+01   6.2347710e-04
   2.8960000e+01   2.0701020e-04
   2.8970000e+01   3.7018850e-04
   2.8980000e+01   6.1025550e-04
   2.8990000e+01   5.7578250e-04
   2.9000000e+01   5.9052300e-04
   2.9010000e+01   7.6003540e-04
   2.9020000e+01   9.7371630e-04
   2.9030000e+01   1.0437260e-03
   2.9040000e+01   1.0373110e-03
   2.9050000e+01   1.1329520e-03
   2.9060000e+01   1.4932760e-03
   2.9070000e+01   1.8209680e-03
   2.9080000e+01   1.7146850e-03
   2.9090000e+01   1.4737570e-03
   2.9100000e+01   1.4142360e-03
   2.9110000e+01   1.4671400e-03
   2.9120000e+01   1.3095210e-03
   2.9130000e+01   1.1975190e-03
   2.9140000e+01   1.2638240e-03
   2.9150000e+01   1.3298740e-03
   2.9160000e+01   1.2889170e-03
   2.9170000e+01   1.2324950e-03
   2.9180000e+01   1.2826180e-03
   2.9190000e+01   1.2403150e-03
   2.9200000e+01   1.1211920e-03
   2.9210000e+01   9.9988530e-04
   2.9220000e+01   8.3078960e-04
   2.9230000e+01   6.2733030e-04
   2.9240000e+01   4.2664180e-04
   2.9250000e+01   2.3420950e-04
   2.9260000e+01   2.4553760e-05
   2.9270000e+01  -1.6072270e-04
   2.9280000e+01  -3.2227450e-04
   2.9290000e+01  -4.5328590e-04
   2.9300000e+01  -4.9386060e-04
   2.9310000e+01  -5.3237460e-04
   2.9320000e+01  -5.8386940e-04
   2.9330000e+01  -6.5618400e-04
   2.9340000e+01  -7.2304080e-04
   2.9350000e+01  -8.0308200e-04
   2.9360000e+01  -8.5677830e-04
   2.9370000e+01  -8.7573990e-04
   2.9380000e+01  -8.8939200e-04
   2.9390000e+01  -8.9917770e-04
   2.9400000e+01  -9.0574700e-04
   2.9410000e+01  -9.2908260e-04
   2.9420000e+01  -9.5726900e-04
   2.9430000e+01  -9.6271320e-04
   2.9440000e+01  -9.8235030e-04
   2.9450000e+01  -1.0026780e-03
   2.9460000e+01  -1.0252670e-03
   2.9470000e+01  -1.0448180e-03
   2.9480000e+01  -1.0351980e-03
   2.9490000e+01  -1.0129970e-03
   2.9500000e+01  -9.9837890e-04
   2.9510000e+01  -9.7390230e-04
   2.9520000e+01  -9.4543030e-04
   2.9530000e+01  -9.0398580e-04
   2.9540000e+01  -8.7120670e-04
   2.9550000e+01  -8.5690280e-04
   2.9560000e+01  -8.3691860e-04
   2.9570000e+01  -8.1023500e-04
   2.9580000e+01  -7.8819990e-04
   2.9590000e+01  -7.6666660e-04
   2.9600000e+01  -7.4212780e-04
   2.9610000e+01  -7.1757710e-04
   2.9620000e+01  -6.9547360e-04
   2.9630000e+01  -6.7558840e-04
   2.9640000e+01  -6.5890570e-04
   2.9650000e+01  -6.4368210e-04
   2.9660000e+01  -6.2705330e-04
   2.9670000e+01  -6.1114500e-04
   2.9680000e+01  -5.9626930e-04
   2.9690000e+01  -5.8097390e-04
   2.9700000e+01  -5.6373390e-04
   2.9710000e+01  -5.4541130e-04
   2.9720000e+01  -5.2818860e-04
   2.9730000e+01  -5.1166130e-04
   2.9740000e+01  -4.9635280e-04
   2.9750000e+01  -4.8253740e-04
   2.9760000e+01  -4.7051410e-04
   2.9770000e+01  -4.5959120e-04
   2.9780000e+01  -4.4957340e-04
   2.9790000e+01  -4.4048990e-04
   2.9800000e+01  -4.3195410e-04
   2.9810000e+01  -4.2352620e-04
   2.9820000e+01  -4.1511870e-04
   2.9830000e+01  -4.0704020e-04
   2.9840000e+01  -3.9927880e-04
   2.9850000e+01  -3.9171870e-04
   2.9860000e+01  -3.8430600e-04
   2.9870000e+01  -3.7701830e-04
   2.9880000e+01  -3.6982410e-04
   2.9890000e+01  -3.6266720e-04
   2.9900000e+01  -3.5553670e-04
   2.9910000e+01  -3.4841630e-04
   2.9920000e+01  -3.4129890e-04
   2.9930000e+01  -3.3416830e-04
   2.9940000e+01  -3.2702270e-04
   2.9950000e+01  -3.1986090e-04
   2.9960000e+01  -3.1267930e-04
   2.9970000e+01  -3.0547450e-04
   2.9980000e+01  -2.9824550e-04
