0.0001624
0.00016236
0.00016231
0.00016226
0.00016221
0.00016217
0.00016213
0.00016209
0.00016205
0.00016201
0.00016198
0.00016195
0.00016192
0.00016188
0.00016185
0.00016182
0.0001618
0.00016178
0.00016177
0.00016175
0.00016174
0.00016173
0.00016172
0.00016172
0.00016169
0.00016164
0.00016151
0.00016134
0.00016119
0.00016124
0.00016147
0.00016183
0.00016218
0.00016239
0.00016239
0.00016212
0.00016168
0.00016143
0.00016138
0.00016148
0.00016166
0.00016231
0.00016345
0.00016484
0.00016601
0.00016694
0.00016734
0.00016718
0.0001662
0.00016478
0.00016283
0.00016035
0.00015777
0.00015579
0.00015474
0.00015436
0.00015445
0.00015622
0.00016
0.00016553
0.00017143
0.00017557
0.00017664
0.00017332
0.0001658
0.000158
0.00015112
0.00014616
0.00014464
0.00014819
0.00015476
0.00016285
0.00017079
0.00017841
0.00018272
0.00018026
0.00017515
0.00017204
0.0001724
0.00017586
0.00018349
0.00019405
0.00020457
0.00021396
0.00021932
0.00021419
0.00019306
0.00015415
0.00010402
5.772e-05
3.1985e-05
3.2139e-05
5.2071e-05
8.3894e-05
0.00011755
0.00014349
0.00016361
0.00017768
0.00018479
0.00019353
0.0002147
0.00024734
0.00028912
0.00032723
0.00033539
0.00029637
0.0002078
7.8035e-05
-7.7234e-05
-0.00023925
-0.00038441
-0.00047678
-0.00047367
-0.00035932
-0.00016244
8.0847e-05
0.00034054
0.00059557
0.00082675
0.0010088
0.0011288
0.0011806
0.001153
0.001034
0.00082984
0.00059577
0.00039873
0.00025442
0.00015772
8.3388e-05
8.0321e-06
-7.9868e-05
-0.00014979
-0.0001463
-5.715e-05
8.117e-05
0.00020151
0.00025752
0.0002547
0.00019981
8.0424e-05
-9.89e-05
-0.00031589
-0.00054734
-0.00074717
-0.0008638
-0.00086261
-0.00069974
-0.00037686
6.7354e-05
0.00061079
0.0011707
0.0016554
0.0020267
0.0022413
0.0022549
0.0020414
0.0015934
0.00097459
0.00025231
-0.00052085
-0.001249
-0.0017918
-0.0020644
-0.0020786
-0.0019474
-0.0017899
-0.0016675
-0.0016224
-0.0016156
-0.0015583
-0.0013468
-0.00089083
-0.00021719
0.00059828
0.0014697
0.0022537
0.002868
0.0033197
0.0035842
0.0035466
0.0030747
0.0021168
0.00077518
-0.00071744
-0.0020297
-0.0028167
-0.0029728
-0.0026805
-0.0021881
-0.0015856
-0.00080026
0.00020653
0.0013804
0.0024906
0.0032777
0.0036261
0.0035184
0.0030013
0.0020913
0.00085004
-0.00042763
-0.0012304
-0.0011721
-0.00027829
0.0011268
0.0026753
0.0041037
0.0051492
0.0056561
0.0056295
0.0049892
0.0036669
0.0018254
-0.00031294
-0.002501
-0.0044343
-0.0057815
-0.0061974
-0.0056124
-0.0042408
-0.002343
-0.00018887
0.0018928
0.0035079
0.0044007
0.0044352
0.0036266
0.0021927
0.00048091
-0.0010992
-0.0021781
-0.0026209
-0.0026447
-0.0025809
-0.002788
-0.0033375
-0.0040739
-0.0047948
-0.0053298
-0.0055691
-0.0053282
-0.0045526
-0.003327
-0.0016766
0.00039332
0.0027615
0.0051685
0.0072783
0.0089227
0.0099376
0.010165
0.0096631
0.0085645
0.0069996
0.0050552
0.0029716
0.0011081
-0.00053695
-0.0022487
-0.003988
-0.0054254
-0.0063204
-0.0064429
-0.0058024
-0.0045828
-0.0027585
-0.00041831
0.0022095
0.0047866
0.0068112
0.0077038
0.0070897
0.0050875
0.0023408
-4.5988e-06
-0.00073341
0.00029779
0.0021471
0.0036984
0.0040572
0.0030178
0.0011262
-0.00088323
-0.0023719
-0.0032777
-0.0042011
-0.0055965
-0.0073232
-0.0088901
-0.0094803
-0.0082733
-0.0056109
-0.0024067
0.00075154
0.0034794
0.0055069
0.006853
0.0076719
0.0081044
0.0083081
0.0084318
0.0085605
0.0090018
0.0098201
0.010249
0.0095224
0.007541
0.0046949
0.0015383
-0.0012455
-0.0032944
-0.0047859
-0.0059707
-0.0068924
-0.0071113
-0.0060333
-0.0034148
0.0002487
0.0039034
0.0066265
0.0082273
0.0093581
0.011029
0.01358
0.016337
0.017933
0.016932
0.012963
0.0067617
-0.00048882
-0.0071606
-0.011947
-0.014613
-0.015551
-0.015272
-0.014406
-0.013246
-0.011881
-0.010305
-0.0084068
-0.0063905
-0.0052265
-0.0058014
-0.0081082
-0.010743
-0.011896
-0.01058
-0.0068683
-0.0020096
0.0021834
0.0046215
0.0054471
0.0058275
0.0072519
0.010104
0.013371
0.015874
0.016911
0.015807
0.012366
0.0071987
0.0013513
-0.0042437
-0.0090911
-0.012775
-0.014929
-0.015468
-0.014342
-0.011467
-0.0071591
-0.0022891
0.0020458
0.0053104
0.0078108
0.010375
0.013645
0.017611
0.021648
0.024886
0.026707
0.026342
0.023305
0.017906
0.010876
0.003336
-0.0033826
-0.0085113
-0.01201
-0.014182
-0.015639
-0.016336
-0.015876
-0.014111
-0.011091
-0.0070211
-0.0023861
0.0021449
0.0062491
0.0094264
0.011078
0.010973
0.0090696
0.0055627
0.0011189
-0.0031294
-0.0058133
-0.0059812
-0.0039625
-0.00073967
0.0028991
0.00657
0.0095814
0.011165
0.010761
0.0078491
0.002374
-0.0047193
-0.01203
-0.018168
-0.022356
-0.02481
-0.025628
-0.02405
-0.019037
-0.010385
-1.3635e-06
0.0093686
0.016026
0.019641
0.020988
0.021221
0.020866
0.019718
0.017492
0.013755
0.0085576
0.0027314
-0.0025088
-0.0059338
-0.0069697
-0.005899
-0.003126
0.001016
0.0061756
0.01187
0.017092
0.02059
0.0215
0.019759
0.015607
0.0099953
0.0047818
0.00092648
-0.0012996
-0.0018867
-0.00098011
0.0012081
0.0041951
0.0069822
0.0076591
0.0049948
-0.0010751
-0.0097046
-0.018715
-0.025828
-0.029633
-0.029431
-0.025783
-0.019934
-0.012292
-0.0033319
0.0054755
0.012469
0.01672
0.018904
0.020183
0.02105
0.021163
0.019586
0.015651
0.0099312
0.0039694
-0.0008109
-0.0040273
-0.0058677
-0.006631
-0.0061774
-0.0045404
-0.0023407
-0.00061674
-0.0003411
-0.0018868
-0.0050119
-0.0087571
-0.011898
-0.013408
-0.012642
-0.0099353
-0.0058998
-0.00051295
0.0058132
0.012058
0.017037
0.020051
0.02154
0.022272
0.022685
0.022718
0.021295
0.016863
0.0087619
-0.0024367
-0.014347
-0.024369
-0.030682
-0.031959
-0.028501
-0.022241
-0.015557
-0.010271
-0.0069194
-0.004546
-0.0024096
-0.00079629
-0.00039636
-0.0016259
-0.0042931
-0.0072205
-0.007905
-0.0042402
0.0031424
0.011356
0.017464
0.01927
0.016196
0.0096124
0.0020473
-0.004202
-0.007877
-0.0092437
-0.0099688
-0.011771
-0.014765
-0.016691
-0.014821
-0.0084757
0.00079668
0.0099721
0.016373
0.019
0.018241
0.015547
0.012527
0.009692
0.0064488
0.0024928
-0.0012288
-0.002943
-0.00080095
0.0053184
0.013609
0.021289
0.02581
0.026277
0.023526
0.019345
0.01489
0.010105
0.0043008
-0.0025675
-0.010383
-0.018517
-0.025176
-0.028296
-0.026896
-0.021306
-0.012879
-0.0037708
0.0040295
0.0087303
0.010116
0.0091234
0.0069393
0.0045042
0.0021694
-0.00068835
-0.0044726
-0.0088098
-0.012868
-0.015523
-0.015592
-0.013221
-0.009615
-0.0065189
-0.0048732
-0.0038284
-0.0017119
0.0026613
0.0084417
0.013963
0.017549
0.017788
0.014318
0.0084942
0.0022972
-0.003168
-0.0073708
-0.01012
-0.011792
-0.012751
-0.012348
-0.00975
-0.0052268
-0.00059371
0.0024449
0.0032548
0.0019725
-0.00023523
-0.0018813
-0.0020164
-0.00050978
0.0021192
0.005313
0.0088497
0.01229
0.015273
0.017287
0.018092
0.017563
0.016295
0.014786
0.012775
0.010625
0.0088603
0.0081658
0.0084785
0.0089547
0.0087669
0.0066031
0.0028376
-0.0016821
-0.0059361
-0.0091152
-0.011188
-0.012097
-0.011501
-0.0084062
-0.0028745
0.0036025
0.0092138
0.012358
0.011558
0.0079122
0.0038832
0.000835
-0.00057425
-0.00058103
-0.00013829
5.6519e-05
-0.00050765
-0.0018363
-0.0038497
-0.006357
-0.009709
-0.01351
-0.016863
-0.01889
-0.018686
-0.016499
-0.013108
-0.0092492
-0.0057252
-0.0025445
0.0001315
0.0023386
0.003945
0.0046499
0.0051082
0.0055881
0.0060196
0.0066087
0.0079705
0.0099187
0.01249
0.015107
0.016351
0.015429
0.012798
0.008918
0.0044696
0.00017402
-0.0044607
-0.0093798
-0.014017
-0.018207
-0.021024
-0.021643
-0.019829
-0.01624
-0.01239
-0.0096132
-0.0081773
-0.0081159
-0.0098714
-0.013572
-0.018241
-0.022743
-0.026732
-0.030736
-0.034663
-0.037658
-0.039178
-0.039117
-0.038332
-0.037794
-0.037824
-0.038819
-0.040269
-0.041867
-0.04389
-0.045421
-0.045229
-0.043145
-0.040307
-0.038403
-0.038656
-0.040307
-0.04249
-0.044768
-0.046528
-0.047023
-0.046327
-0.044363
-0.041286
-0.036942
-0.031407
-0.024963
-0.018309
-0.011893
-0.0056001
0.00038456
0.0058168
0.0102
0.01344
0.015889
0.01743
0.017871
0.016861
0.014062
0.0095664
0.0047971
0.001372
0.00043724
0.0019408
0.004464
0.0067005
0.0077704
0.0077375
0.0073005
0.007343
0.008342
0.0099472
0.011654
0.013129
0.014407
0.015765
0.017763
0.020651
0.024074
0.027152
0.028841
0.028702
0.026696
0.023662
0.020761
0.018883
0.018242
0.018078
0.017134
0.015222
0.013273
0.01226
0.012973
0.015762
0.020399
0.026214
0.032101
0.037108
0.040688
0.042416
0.042067
0.039906
0.036316
0.031721
0.0266
0.02156
0.017049
0.013288
0.01086
0.010526
0.012192
0.01495
0.017832
0.019993
0.020919
0.020707
0.020162
0.020554
0.022419
0.025302
0.028375
0.031157
0.0332
0.034369
0.034721
0.03379
0.030506
0.024185
0.015457
0.0057893
-0.0031795
-0.010313
-0.015273
-0.018806
-0.022796
-0.028394
-0.035612
-0.042899
-0.048636
-0.051611
-0.051393
-0.048718
-0.045421
-0.043352
-0.042407
-0.0413
-0.039144
-0.036046
-0.032397
-0.028434
-0.024416
-0.020138
-0.016422
-0.014407
-0.01474
-0.016983
-0.019554
-0.0202
-0.018137
-0.014326
-0.010325
-0.0071152
-0.0042809
-0.0010241
0.0033088
0.0086733
0.013409
0.016051
0.016241
0.014563
0.012477
0.010853
0.010117
0.010457
0.011956
0.014339
0.017203
0.020632
0.024888
0.029767
0.034609
0.039073
0.043084
0.046719
0.050541
0.054887
0.059225
0.062434
0.063413
0.061365
0.05615
0.048079
0.037445
0.024517
0.010566
-0.0021862
-0.012721
-0.020602
-0.026305
-0.030933
-0.035262
-0.039337
-0.042881
-0.045588
-0.047683
-0.049497
-0.051105
-0.052277
-0.052427
-0.050759
-0.046603
-0.039708
-0.031133
-0.022085
-0.013383
-0.0057295
0.0002651
0.0043346
0.0062732
0.0057822
0.0030951
-0.0012168
-0.0063728
-0.011868
-0.017883
-0.024109
-0.029717
-0.03335
-0.033324
-0.029294
-0.022612
-0.015301
-0.0092381
-0.0054201
-0.0038919
-0.0041552
-0.0057867
-0.0087511
-0.012918
-0.017762
-0.02201
-0.024106
-0.023234
-0.020121
-0.016113
-0.011976
-0.0084329
-0.0064708
-0.0065041
-0.0085036
-0.012345
-0.018233
-0.026064
-0.034668
-0.041712
-0.044583
-0.041784
-0.034419
-0.024878
-0.015066
-0.0060756
0.0014649
0.0069026
0.009588
0.0094558
0.0073207
0.0045003
0.0021222
0.00089145
0.00042014
0.00015252
-0.00011963
-0.0006575
-0.0017191
-0.0037127
-0.0071645
-0.011653
-0.016544
-0.021001
-0.024447
-0.026783
-0.028354
-0.029885
-0.031394
-0.031321
-0.028802
-0.02359
-0.016866
-0.01011
-0.0040202
0.0012256
0.0057516
0.0087058
0.0090882
0.006395
0.0003785
-0.0085423
-0.018305
-0.026101
-0.030588
-0.031697
-0.0292
-0.024112
-0.018175
-0.013437
-0.011267
-0.011236
-0.012174
-0.013991
-0.016873
-0.02052
-0.024523
-0.028564
-0.032428
-0.03552
-0.03658
-0.035472
-0.033094
-0.03027
-0.027167
-0.023126
-0.017557
-0.010418
-0.0022006
0.0063736
0.014346
0.021072
0.026158
0.029397
0.030588
0.029721
0.027435
0.024661
0.022007
0.019898
0.0194
0.02132
0.025284
0.029959
0.034129
0.03791
0.041846
0.046236
0.050767
0.054702
0.057116
0.057273
0.055177
0.051139
0.045532
0.038412
0.029339
0.017756
0.0038246
-0.010832
-0.024472
-0.036058
-0.045647
-0.054154
-0.062387
-0.070656
-0.078559
-0.085447
-0.091683
-0.097876
-0.10397
-0.10975
-0.11502
-0.11939
-0.12231
-0.12354
-0.12298
-0.12036
-0.11562
-0.10699
-0.091552
-0.06807
-0.038832
-0.010205
0.011917
0.026086
0.03456
0.041288
0.049349
0.059125
0.068754
0.075576
0.07789
0.076281
0.07289
0.069396
0.066214
0.063269
0.060508
0.057839
0.055346
0.053293
0.051952
0.05184
0.053501
0.057195
0.062507
0.068382
0.073769
0.077796
0.080347
0.081478
0.081344
0.081188
0.081661
0.081975
0.08056
0.075396
0.064145
0.044624
0.017343
-0.014603
-0.046436
-0.073335
-0.093365
-0.10759
-0.11848
-0.12771
-0.13559
-0.14161
-0.14465
-0.1441
-0.14057
-0.13521
-0.12857
-0.12072
-0.11197
-0.10315
-0.094792
-0.08711
-0.080897
-0.076854
-0.075181
-0.075642
-0.077384
-0.079492
-0.08186
-0.084595
-0.087496
-0.090117
-0.09189
-0.092359
-0.091159
-0.087608
-0.080845
-0.070629
-0.057322
-0.041777
-0.024959
-0.0070771
0.01188
0.031427
0.05041
0.068159
0.084476
0.099086
0.11231
0.12458
0.13551
0.14485
0.1528
0.15957
0.16517
0.1698
0.17333
0.17539
0.17578
0.17427
0.17022
0.16334
0.15334
0.14072
0.12699
0.11336
0.10106
0.090341
0.081478
0.075224
0.072472
0.073175
0.076386
0.081089
0.086823
0.093603
0.1006
0.10691
0.11179
0.11459
0.1146
0.11201
0.108
0.10403
0.10033
0.095987
0.090029
0.081898
0.071844
0.060909
0.049945
0.039276
0.02824
0.016639
0.0045053
-0.0077354
-0.019363
-0.029711
-0.03857
-0.046249
-0.052951
-0.058875
-0.064098
-0.068402
-0.071735
-0.073891
-0.074802
-0.074916
-0.074776
-0.074149
-0.072297
-0.069035
-0.064591
-0.058559
-0.050617
-0.040792
-0.028908
-0.01548
-0.0010663
0.013844
0.0279
0.040429
0.051743
0.062171
0.07143
0.079331
0.086317
0.093203
0.099845
0.10571
0.11073
0.11475
0.1179
0.12027
0.12175
0.12208
0.12163
0.12114
0.12096
0.12048
0.11867
0.11509
0.1106
0.10548
0.09943
0.092488
0.084544
0.076281
0.068294
0.060555
0.052813
0.045189
0.037914
0.030474
0.022698
0.015138
0.0080464
0.0016197
-0.0046953
-0.011146
-0.0179
-0.025001
-0.032093
-0.038778
-0.044769
-0.050205
-0.055199
-0.059737
-0.063711
-0.066818
-0.068921
-0.070369
-0.072061
-0.074856
-0.078976
-0.0845
-0.091217
-0.09858
-0.10643
-0.1145
-0.12235
-0.12961
-0.13571
-0.14033
-0.14344
-0.14516
-0.14559
-0.14431
-0.1407
-0.13431
-0.12442
-0.11072
-0.093579
-0.074486
-0.055748
-0.038688
-0.023416
-0.0096732
0.0027856
0.014069
0.024128
0.032874
0.040629
0.047732
0.05412
0.059876
0.065063
0.069662
0.073181
0.075009
0.074707
0.071581
0.064699
0.054378
0.041557
0.026816
0.01146
-0.0028821
-0.014527
-0.022407
-0.026614
-0.02809
-0.027837
-0.026476
-0.024914
-0.024481
-0.026064
-0.029649
-0.034417
-0.040057
-0.047085
-0.055319
-0.0637
-0.071111
-0.077171
-0.081716
-0.084823
-0.086803
-0.087859
-0.088682
-0.089798
-0.091238
-0.092711
-0.093012
-0.091115
-0.086925
-0.080985
-0.073784
-0.065341
-0.055745
-0.044887
-0.032625
-0.019261
-0.0052538
0.0087124
0.02184
0.033163
0.042446
0.050462
0.058226
0.066264
0.074442
0.08204
0.08822
0.092519
0.095399
0.09776
0.099976
0.10173
0.10274
0.10286
0.10218
0.10078
0.099091
0.097676
0.096808
0.096283
0.095813
0.095349
0.095371
0.096321
0.098271
0.10089
0.10338
0.10439
0.10254
0.096678
0.08562
0.069409
0.049625
0.028332
0.008256
-0.010053
-0.027184
-0.042475
-0.055489
-0.065733
-0.0733
-0.078396
-0.081068
-0.081349
-0.079857
-0.077223
-0.073741
-0.069677
-0.064466
-0.05844
-0.052512
-0.047346
-0.042768
-0.038558
-0.035047
-0.032854
-0.031685
-0.030678
-0.029108
-0.02685
-0.023573
-0.019413
-0.015055
-0.010983
-0.007672
-0.0055789
-0.0052084
-0.0066926
-0.0096313
-0.013213
-0.017216
-0.021691
-0.025914
-0.029439
-0.031457
-0.031127
-0.028458
-0.024099
-0.018003
-0.010482
-0.0014126
0.0091359
0.019959
0.031146
0.043216
0.055458
0.067205
0.077733
0.087071
0.094754
0.10068
0.1058
0.11059
0.11511
0.11918
0.12247
0.12455
0.12476
0.12309
0.12038
0.11816
0.1163
0.11399
0.10988
0.10348
0.094645
0.083143
0.070343
0.056958
0.044127
0.032273
0.021145
0.010792
0.0014138
-0.0067125
-0.013798
-0.020092
-0.02616
-0.032582
-0.03938
-0.046689
-0.054521
-0.062588
-0.070266
-0.076219
-0.080278
-0.08291
-0.084184
-0.084206
-0.082537
-0.078978
-0.074732
-0.071514
-0.069761
-0.069613
-0.071049
-0.073894
-0.077961
-0.082901
-0.088183
-0.09389
-0.10084
-0.10972
-0.11945
-0.12926
-0.13764
-0.14372
-0.14792
-0.15061
-0.15154
-0.15049
-0.14787
-0.14455
-0.14171
-0.13958
-0.13817
-0.13697
-0.13572
-0.13393
-0.13072
-0.12592
-0.11881
-0.10833
-0.094216
-0.076088
-0.054804
-0.032254
-0.010237
0.0092518
0.025588
0.039432
0.051314
0.061478
0.069503
0.074666
0.076392
0.075105
0.071735
0.06679
0.060525
0.052944
0.044279
0.035568
0.028136
0.0231
0.021131
0.021346
0.022645
0.023934
0.024711
0.02504
0.024751
0.023259
0.019973
0.014305
0.0062477
-0.0034077
-0.01326
-0.021874
-0.028968
-0.034372
-0.038118
-0.039728
-0.038336
-0.033371
-0.025047
-0.013583
6.6688e-05
0.014142
0.027388
0.038668
0.04748
0.053637
0.057522
0.059129
0.058411
0.056176
0.05344
0.051387
0.050634
0.050819
0.051203
0.051324
0.051166
0.051193
0.051256
0.050244
0.04719
0.041429
0.032642
0.021514
0.0099456
-0.00021612
-0.0079912
-0.012845
-0.014641
-0.013581
-0.009928
-0.0037337
0.0047893
0.015153
0.026017
0.036451
0.045783
0.052974
0.056869
0.057105
0.054612
0.050204
0.044512
0.037545
0.029554
0.021375
0.013633
0.0065405
0.0001363
-0.0054562
-0.010179
-0.014093
-0.016914
-0.01855
-0.019573
-0.020444
-0.021543
-0.02332
-0.025371
-0.026983
-0.028098
-0.028871
-0.029294
-0.02942
-0.028964
-0.027269
-0.023733
-0.018528
-0.012647
-0.0069511
-0.0019205
0.0019446
0.0041546
0.004416
0.0026867
-0.00058814
-0.0049948
-0.0098017
-0.014089
-0.017122
-0.018083
-0.016617
-0.013266
-0.0089045
-0.0040748
0.00091843
0.0056817
0.01017
0.015183
0.021087
0.027437
0.033758
0.039542
0.044081
0.046496
0.046058
0.042553
0.035994
0.026985
0.016422
0.0052552
-0.0054998
-0.014491
-0.020913
-0.024941
-0.026998
-0.027184
-0.025932
-0.023869
-0.021437
-0.018933
-0.016402
-0.013668
-0.010568
-0.0076578
-0.0055778
-0.004182
-0.0033357
-0.0027246
-0.0017904
-0.0007827
-0.00032429
-0.00076201
-0.0018389
-0.0030565
-0.0040048
-0.0040256
-0.0033571
-0.00292
-0.0036259
-0.0055369
-0.0083883
-0.011638
-0.014518
-0.016646
-0.018202
-0.02021
-0.022995
-0.026217
-0.02965
-0.032988
-0.035921
-0.038372
-0.039913
-0.040296
-0.039455
-0.038319
-0.038146
-0.039121
-0.040501
-0.041962
-0.043069
-0.043459
-0.043189
-0.041985
-0.039483
-0.03474
-0.027281
-0.017792
-0.0069222
0.0037073
0.012718
0.019823
0.024768
0.02783
0.029221
0.028716
0.0262
0.021734
0.015158
0.0070911
-0.0012322
-0.0088945
-0.0156
-0.021503
-0.026786
-0.031388
-0.03507
-0.037984
-0.039149
-0.038281
-0.035404
-0.030234
-0.022721
-0.012836
-0.0011328
0.011839
0.025007
0.037438
0.04879
0.058926
0.067856
0.07555
0.081964
0.087031
0.090675
0.092643
0.093034
0.091885
0.089276
0.08597
0.082617
0.079762
0.077335
0.075375
0.07382
0.072644
0.0728
0.073864
0.07546
0.076914
0.07824
0.079322
0.079787
0.079155
0.077855
0.076271
0.074204
0.07249
0.071756
0.071833
0.072132
0.072279
0.072205
0.07235
0.072426
0.071841
0.070241
0.066691
0.061319
0.054641
0.047371
0.039995
0.032441
0.025061
0.018118
0.012503
0.0080129
0.0038754
0.00047984
-0.0021671
-0.004244
-0.0062019
-0.007847
-0.0093565
-0.010707
-0.012079
-0.014051
-0.016208
-0.018071
-0.019144
-0.019371
-0.018427
-0.0163
-0.013216
-0.0098406
-0.0064571
-0.0028995
0.00053449
0.0035646
0.0058811
0.0071319
0.0074392
0.0072895
0.0064742
0.0053226
0.0039326
0.001939
0.0001293
-0.0014495
-0.0026632
-0.0032159
-0.0036315
-0.0044557
-0.005413
-0.0059984
-0.0061386
-0.0059887
-0.0058353
-0.006158
-0.0071979
-0.0083376
-0.0096375
-0.010874
-0.012207
-0.014186
-0.017075
-0.020512
-0.02373
-0.026878
-0.029978
-0.032897
-0.035641
-0.038293
-0.040938
-0.043676
-0.046791
-0.050135
-0.053912
-0.057883
-0.061636
-0.065013
-0.067126
-0.067838
-0.067306
-0.06606
-0.064312
-0.062798
-0.061471
-0.06035
-0.059781
-0.059655
-0.059706
-0.059383
-0.058366
-0.056186
-0.052677
-0.047765
-0.041244
-0.033913
-0.026391
-0.019814
-0.014526
-0.010464
-0.007749
-0.00568
-0.003412
-0.0010251
0.0015443
0.0044966
0.0081166
0.012013
0.015736
0.019086
0.02195
0.024372
0.025946
0.026528
0.026438
0.02575
0.024058
0.020753
0.01596
0.010432
0.0048713
-0.00028865
-0.0046162
-0.008584
-0.012622
-0.01613
-0.01786
-0.017298
-0.014809
-0.011292
-0.0074024
-0.0038134
-0.001249
0.0003999
0.0006202
-0.00069495
-0.0033408
-0.0070261
-0.011482
-0.016515
-0.021806
-0.02716
-0.032466
-0.037699
-0.042473
-0.046335
-0.049306
-0.051693
-0.053086
-0.052663
-0.050222
-0.046625
-0.042535
-0.038568
-0.034661
-0.030586
-0.026535
-0.022816
-0.019464
-0.016649
-0.014266
-0.011862
-0.00937
-0.0071893
-0.0059164
-0.0055599
-0.0056889
-0.0058798
-0.0060786
-0.0067467
-0.0076788
-0.0082709
-0.0084188
-0.0082671
-0.0080997
-0.0080345
-0.0079296
-0.0072283
-0.0061165
-0.0048541
-0.0032111
-0.0013177
0.00082882
0.0032025
0.0053679
0.0070979
0.0087073
0.010128
0.011527
0.012704
0.013118
0.012413
0.011012
0.0092484
0.0070443
0.0045703
0.001942
-0.00071005
-0.0033759
-0.0060088
-0.0085031
-0.010203
-0.010905
-0.011138
-0.011071
-0.010807
-0.010504
-0.0096055
-0.0080095
-0.0059321
-0.0038065
-0.001834
-0.00039173
0.00055653
0.0012699
0.0011827
0.00032361
-0.0010578
-0.0025106
-0.0040447
-0.0061067
-0.0087044
-0.011865
-0.015233
-0.018673
-0.021931
-0.024814
-0.027343
-0.029504
-0.031506
-0.033514
-0.035638
-0.037939
-0.03981
-0.041304
-0.042331
-0.042932
-0.043787
-0.044842
-0.045503
-0.045434
-0.043901
-0.040949
-0.036874
-0.032272
-0.027449
-0.022451
-0.017359
-0.012479
-0.007887
-0.0042021
-0.0016427
-9.8278e-05
0.0011
0.0023235
0.0037809
0.0053051
0.0068274
0.0082089
0.0095882
0.011187
0.012819
0.014598
0.016161
0.01758
0.018693
0.01936
0.020221
0.021211
0.021762
0.021474
0.02044
0.019414
0.018787
0.018034
0.017002
0.015508
0.013287
0.010595
0.0077494
0.0049261
0.0018171
-0.0017707
-0.0056622
-0.009282
-0.012255
-0.014487
-0.016303
-0.017606
-0.018199
-0.018306
-0.018241
-0.018222
-0.018286
-0.018369
-0.01825
-0.017433
-0.016123
-0.014603
-0.013334
-0.012664
-0.011894
-0.011022
-0.010425
-0.010229
-0.010252
-0.010173
-0.0093645
-0.0080274
-0.0063564
-0.0044128
-0.0018821
0.0014184
0.0049062
0.0080282
0.010648
0.012644
0.013981
0.014455
0.014505
0.014412
0.014437
0.014269
0.013152
0.011183
0.0084485
0.0054998
0.0033616
0.001964
0.0011262
0.00097966
0.0018173
0.0034783
0.0056204
0.008096
0.010618
0.012868
0.014938
0.017046
0.01865
0.019516
0.020353
0.021276
0.02188
0.022094
0.021874
0.020804
0.018762
0.016348
0.013548
0.010222
0.006661
0.0027228
-0.0015563
-0.0058141
-0.009932
-0.013833
-0.017388
-0.020727
-0.02376
-0.025812
-0.02691
-0.027298
-0.026994
-0.026247
-0.024955
-0.02311
-0.021024
-0.018933
-0.016802
-0.014559
-0.012408
-0.010331
-0.0083415
-0.0065019
-0.0049738
-0.0036285
-0.0026351
-0.0019006
-0.00096316
-2.0119e-05
0.00051541
0.00063389
0.00052746
0.0004452
0.00074162
0.0017259
0.0031152
0.0046015
0.0059656
0.0075341
0.0096727
0.012159
0.014563
0.016855
0.019103
0.021203
0.023078
0.024616
0.025974
0.027273
0.028599
0.029643
0.030071
0.029775
0.028716
0.027314
0.025584
0.023238
0.020214
0.016831
0.013376
0.010154
0.0073247
0.0048921
0.0029445
0.001556
0.00052568
-0.00057591
-0.0015795
-0.002124
-0.0022392
-0.0021554
-0.0023766
-0.0032854
-0.0045369
-0.0057502
-0.006787
-0.0076651
-0.0087151
-0.0099621
-0.011378
-0.012813
-0.014512
-0.016754
-0.019402
-0.022049
-0.024329
-0.026309
-0.028183
-0.029973
-0.031259
-0.031774
-0.031775
-0.03161
-0.031254
-0.030408
-0.029173
-0.027436
-0.024954
-0.021641
-0.017576
-0.012862
-0.007698
-0.0023622
0.0028384
0.0076867
0.012152
0.015834
0.018464
0.020302
0.021391
0.021814
0.021892
0.02191
0.021947
0.021721
0.020892
0.019893
0.019323
0.019239
0.019111
0.018362
0.017338
0.016381
0.01519
0.013712
0.012044
0.01018
0.0083739
0.0069966
0.0062924
0.0061703
0.0062807
0.0063538
0.0063023
0.0062018
0.0061375
0.0061268
0.0060114
0.0055947
0.0049434
0.0042155
0.0036704
0.0034813
0.0035088
0.003302
0.002414
0.0010395
-0.00049856
-0.0016272
-0.0020154
-0.001907
-0.0016774
-0.0012972
-0.00047112
0.0005912
0.0016942
0.0027398
0.0036972
0.0048164
0.0060913
0.0074933
0.0088901
0.010247
0.011277
0.011994
0.01289
0.013786
0.014326
0.014759
0.015579
0.016502
0.016755
0.01597
0.014819
0.014127
0.014054
0.014336
0.014599
0.014669
0.014581
0.014623
0.015174
0.016165
0.01705
0.017745
0.018613
0.019468
0.019932
0.020049
0.020297
0.021165
0.02222
0.022852
0.022808
0.022047
0.020915
0.020079
0.019824
0.019692
0.018883
0.017354
0.015459
0.013292
0.011143
0.0094448
0.0081042
0.006936
0.0060024
0.0058781
0.0064187
0.0069239
0.006962
0.0065749
0.0063708
0.0065547
0.0071543
0.0082638
0.0094934
0.010755
0.012315
0.014033
0.015626
0.016879
0.01757
0.017738
0.017664
0.017598
0.01763
0.017749
0.018168
0.01915
0.020494
0.022093
0.023757
0.025378
0.026984
0.028174
0.028953
0.029856
0.030765
0.031317
0.031468
0.031101
0.030119
0.028924
0.027645
0.026073
0.024372
0.022797
0.021404
0.020121
0.018969
0.017932
0.016801
0.015835
0.015365
0.015327
0.015754
0.016739
0.017909
0.01915
0.020715
0.022586
0.024794
0.02717
0.029415
0.031459
0.033104
0.034311
0.035444
0.036372
0.036835
0.036624
0.035628
0.034089
0.032501
0.031065
0.029417
0.027666
0.026018
0.024171
0.02228
0.020603
0.019207
0.018331
0.0176
0.016639
0.015342
0.013879
0.012401
0.010802
0.0089627
0.0067555
0.004218
0.001508
-0.0012121
-0.003685
-0.005819
-0.0075128
-0.0084889
-0.0089995
-0.0096505
-0.010553
-0.011299
-0.011615
-0.011163
-0.01004
-0.0090064
-0.0085693
-0.0086485
-0.0088945
-0.0090323
-0.0090103
-0.0091324
-0.0097661
-0.010727
-0.011693
-0.012677
-0.01359
-0.014581
-0.015963
-0.017609
-0.01941
-0.021091
-0.022132
-0.022826
-0.02367
-0.024668
-0.0254
-0.025483
-0.025162
-0.02485
-0.024735
-0.024367
-0.023493
-0.022599
-0.022112
-0.02163
-0.020777
-0.019713
-0.018551
-0.017308
-0.016016
-0.014906
-0.013865
-0.012745
-0.011885
-0.01151
-0.011502
-0.011608
-0.01167
-0.011871
-0.012526
-0.013446
-0.014144
-0.014602
-0.015234
-0.016063
-0.01672
-0.017017
-0.017428
-0.018281
-0.019168
-0.020077
-0.021144
-0.022416
-0.023995
-0.025662
-0.026968
-0.027592
-0.027696
-0.028012
-0.028904
-0.029457
-0.02903
-0.027731
-0.026109
-0.024574
-0.023289
-0.022522
-0.021882
-0.020953
-0.020068
-0.019995
-0.020889
-0.021941
-0.022473
-0.02202
-0.020765
-0.019398
-0.01822
-0.016942
-0.015328
-0.013577
-0.011757
-0.009841
-0.0078414
-0.0056124
-0.0031019
-0.00040879
0.002122
0.0043315
0.0062771
0.0079528
0.0091971
0.010264
0.011407
0.012528
0.013675
0.015113
0.016706
0.018053
0.019163
0.020056
0.020582
0.020729
0.020265
0.019212
0.017809
0.015959
0.013848
0.011918
0.01015
0.0081416
0.005716
0.0032098
0.001114
-0.00064811
-0.0021514
-0.0031301
-0.003916
-0.0048957
-0.0057658
-0.0062237
-0.0063001
-0.0064015
-0.0065917
-0.00678
-0.0068491
-0.0066254
-0.0062849
-0.0060614
-0.0060207
-0.0060813
-0.0061483
-0.0061636
-0.0061405
-0.0061048
-0.0060652
-0.0056204
-0.0046532
-0.0037192
-0.0030436
-0.002341
-0.0015716
-0.0009918
-0.00072965
-0.00072702
-0.001255
-0.0025403
-0.0042332
-0.0060811
-0.0081709
-0.010578
-0.013216
-0.015936
-0.018414
-0.020329
-0.021516
-0.022
-0.022053
-0.02198
-0.021556
-0.020646
-0.019572
-0.018458
-0.017273
-0.015775
-0.013934
-0.011895
-0.010042
-0.0085224
-0.007059
-0.005565
-0.0043197
-0.0036313
-0.0034738
-0.0035642
-0.0036508
-0.0036538
-0.0040152
-0.0049324
-0.0058589
-0.006351
-0.006814
-0.0076229
-0.0084159
-0.0088395
-0.0088926
-0.0087825
-0.0086928
-0.008696
-0.0087566
-0.0088165
-0.0088371
-0.0088246
-0.0088003
-0.0087619
-0.0083156
-0.0073264
-0.00636
-0.0054642
-0.0044592
-0.0032375
-0.0016739
0.00022925
0.0024963
0.0048451
0.0070309
0.0090233
0.010747
0.012406
0.014012
0.015525
0.016912
0.017822
0.018143
0.018118
0.01844
0.019189
0.019506
0.019052
0.017928
0.016497
0.015263
0.014224
0.012963
0.011481
0.010352
0.0094626
0.0085078
0.0077204
0.0073385
0.0073123
0.0078411
0.0088884
0.0098415
0.010677
0.011636
0.01283
0.014174
0.01517
0.015987
0.016947
0.018192
0.019602
0.021053
0.022411
0.023308
0.023648
0.024055
0.024944
0.025882
0.026429
0.026523
0.025971
0.024861
0.023895
0.023518
0.023622
0.023452
0.022606
0.021177
0.019172
0.016713
0.014075
0.011669
0.0098001
0.0082114
0.0067688
0.00559
0.0045313
0.0036076
0.0032611
0.0038122
0.004856
0.005679
0.0063776
0.0072568
0.008025
0.0084285
0.0085131
0.0084553
0.0081894
0.0075038
0.0065983
0.0059715
0.0057898
0.0058746
0.005582
0.0046406
0.0032172
0.0016941
0.00048168
-0.0004936
-0.0013082
-0.0018187
-0.0020074
-0.0019945
-0.0019086
-0.0014384
-0.00044867
0.00090632
0.002342
0.0035088
0.0044831
0.0053096
0.0060598
0.0069677
0.0079609
0.0090635
0.010282
0.011194
0.011984
0.01293
0.013728
0.01409
0.014078
0.013517
0.012449
0.011296
0.010182
0.008817
0.0070852
0.0052921
0.0035143
0.0018841
0.00044194
-0.00085614
-0.00174
-0.0025105
-0.0035111
-0.0048228
-0.006257
-0.0072616
-0.0076033
-0.007496
-0.0070911
-0.0063118
-0.0051875
-0.0038783
-0.0027217
-0.0016522
-0.00032255
0.0012217
0.0025587
0.0032808
0.0034142
0.003274
0.0031371
0.0027094
0.0018046
0.00070516
-0.00044592
-0.0014486
-0.0024358
-0.0035646
-0.0048581
-0.0061975
-0.0071194
-0.0074433
-0.0073954
-0.0076984
-0.0086522
-0.0096771
-0.010228
-0.010271
-0.010078
-0.0099104
-0.0096697
-0.0090717
-0.0084497
-0.0085228
-0.0092707
-0.010057
-0.010633
-0.011273
-0.012331
-0.013838
-0.01513
-0.015714
-0.015855
-0.016231
-0.01707
-0.017935
-0.018683
-0.019597
-0.020441
-0.020872
-0.02091
-0.020502
-0.019556
-0.018576
-0.017944
-0.017348
-0.01658
-0.015884
-0.015235
-0.014286
-0.013349
-0.012868
-0.01283
-0.012968
-0.012767
-0.011856
-0.01073
-0.0097806
-0.008772
-0.0076374
-0.0063451
-0.0052778
-0.0046472
-0.0040366
-0.003207
-0.0024415
-0.0020353
-0.0019724
-0.0020671
-0.002144
-0.0021412
-0.0020767
-0.0018626
-0.0013662
-0.00068372
5.7376e-05
0.00061118
0.00082013
0.0008175
0.00075877
0.00076005
0.00098051
0.0018801
0.0030574
0.0037788
0.004026
0.004347
0.0051431
0.0060411
0.0065927
0.0067117
0.0066273
0.0065377
0.0064054
0.0057196
0.0045704
0.0029598
0.00074328
-0.0018504
-0.0045638
-0.0071284
-0.0092378
-0.010849
-0.012405
-0.013752
-0.014868
-0.015928
-0.016709
-0.017034
-0.016931
-0.016321
-0.015302
-0.014337
-0.013481
-0.012484
-0.011272
-0.0099572
-0.0089252
-0.0080945
-0.0072271
-0.0064959
-0.0059493
-0.0050483
-0.0039956
-0.0034344
-0.0037531
-0.0048026
-0.0058019
-0.0062271
-0.0061469
-0.0059156
-0.0057862
-0.0058274
-0.0059679
-0.006078
-0.0061125
-0.0060712
-0.0058545
-0.0050168
-0.0039161
-0.0032456
-0.003138
-0.0037094
-0.0048679
-0.0059475
-0.0067551
-0.0076148
-0.0087137
-0.010078
-0.011531
-0.012922
-0.013864
-0.01419
-0.014124
-0.013971
-0.013574
-0.012714
-0.011817
-0.011315
-0.010561
-0.0095577
-0.0088714
-0.0079545
-0.0068676
-0.0061904
-0.0060403
-0.0068468
-0.0081394
-0.00898
-0.0091903
-0.0096838
-0.010987
-0.012669
-0.014693
-0.016402
-0.01784
-0.019335
-0.020822
-0.022564
-0.024131
-0.02528
-0.026325
-0.027103
-0.027498
-0.027557
-0.02749
-0.027434
-0.027427
-0.026742
-0.025203
-0.023058
-0.020846
-0.018752
-0.016513
-0.014361
-0.012249
-0.010283
-0.0089749
-0.007834
-0.0067327
-0.0060322
-0.0050972
-0.003971
-0.0028735
-0.0016866
-0.00076901
-0.00037574
-0.00038839
-0.00051398
-0.00054939
-0.00045297
-0.00033707
-0.00023501
-0.00019452
-0.00023128
-0.00097844
-0.0021715
-0.0029926
-0.0035596
-0.0042635
-0.0050089
-0.0054782
-0.0056156
-0.005563
-0.0054995
-0.0060522
-0.0071708
-0.0080988
-0.0084617
-0.0083678
-0.0081487
-0.0080153
-0.0080136
-0.0080898
-0.0081553
-0.008155
-0.0081189
-0.0086365
-0.0096918
-0.010543
-0.010316
-0.0091478
-0.0080448
-0.0070007
-0.0060056
-0.0053825
-0.0046676
-0.0036736
-0.0028559
-0.0019005
-0.00080319
-3.2027e-05
0.00025424
0.00020764
8.8812e-05
4.7675e-05
0.00010219
0.0001829
0.00023336
0.00024934
0.00054097
0.0013814
0.0023921
0.0030249
0.003194
0.0036288
0.0045707
0.0054125
0.0058511
0.0059095
0.0063607
0.0073577
0.0088212
0.010315
0.011738
0.012987
0.013983
0.015012
0.016498
0.018171
0.019802
0.02122
0.022495
0.023684
0.024383
0.024617
0.024582
0.025101
0.025907
0.026018
0.025138
0.023652
0.022054
0.020644
0.019156
0.017753
0.016911
0.016677
0.016768
0.016877
0.01687
0.016799
0.01715
0.01811
0.019078
0.019571
0.019597
0.01941
0.018842
0.017854
0.016972
0.016597
0.016648
0.016823
0.016708
0.015981
0.014921
0.014137
0.013869
0.013548
0.01276
0.01192
0.011424
0.010909
0.01002
0.00916
0.0087186
0.0086698
0.0083629
0.0074544
0.0064599
0.0056947
0.0049172
0.003905
0.0026249
0.00099319
-0.00093555
-0.0027756
-0.0040882
-0.0046475
-0.0046671
-0.0045423
-0.0049381
-0.0060133
-0.0071047
-0.0078617
-0.0085763
-0.0095467
-0.010807
-0.012009
-0.012709
-0.012866
-0.012975
-0.013551
-0.014275
-0.014347
-0.013707
-0.012965
-0.012588
-0.012589
-0.012531
-0.011967
-0.011018
-0.010064
-0.0091264
-0.008056
-0.0068405
-0.0056404
-0.0045603
-0.0034035
-0.0022888
-0.0012372
-0.00022808
0.0004676
0.00072766
0.00070418
0.0006168
0.00059484
0.00064468
0.00071335
0.00075157
0.00075052
0.00072699
0.00070669
0.00069971
0.00070555
0.00072078
0.00088352
0.0014778
0.0024545
0.0035564
0.0047521
0.0056948
0.0062441
0.0068393
0.007675
0.0085776
0.0095567
0.010566
0.01142
0.012273
0.013187
0.01387
0.014149
0.014141
0.014051
0.014027
0.014097
0.014201
0.014262
0.014257
0.014196
0.014133
0.014101
0.014108
0.014125
0.01414
0.014137
0.014135
0.014116
0.013945
0.013124
0.011853
0.01035
0.0089245
0.0074323
0.0053986
0.002886
0.00024543
-0.0017966
-0.0032879
-0.0042394
-0.0046073
-0.0046406
-0.0045862
-0.004424
-0.0038769
-0.0029639
-0.0020304
-0.0011008
-0.00016786
0.00049403
0.00074071
0.00071707
0.00062908
0.00060903
0.00064851
0.00056568
0.00028558
6.8973e-05
-2.5234e-05
0.00015314
0.00051177
0.00076987
0.00099059
0.0015298
0.0025756
0.0039477
0.005395
0.0067709
0.0080674
0.009341
0.010648
0.012002
0.013244
0.014031
0.014275
0.014207
0.014087
0.014042
0.014078
0.014143
0.014167
0.013856
0.012926
0.011873
0.011296
0.011237
0.011432
0.011587
0.011616
0.011833
0.012644
0.013631
0.014218
0.014317
0.014161
0.014013
0.013969
0.013598
0.01269
0.011795
0.011369
0.011386
0.011569
0.011687
0.011673
0.011573
0.011254
0.0105
0.0095093
0.0083566
0.0069089
0.0053281
0.0036369
0.0020145
0.00074419
-0.00030454
-0.0011808
-0.0017292
-0.0019234
-0.0019187
-0.0018992
-0.0023498
-0.0033911
-0.0043903
-0.0048622
-0.004863
-0.0050983
-0.0059534
-0.0071243
-0.0083858
-0.0096574
-0.010934
-0.012216
-0.013533
-0.014872
-0.016239
-0.017404
-0.018568
-0.019745
-0.020551
-0.021127
-0.021912
-0.02279
-0.023376
-0.023559
-0.023496
-0.02339
-0.023348
-0.023095
-0.022336
-0.021384
-0.020739
-0.020024
-0.019101
-0.018396
-0.018107
-0.018108
-0.018176
-0.018189
-0.018141
-0.018073
-0.018007
-0.017422
-0.016376
-0.015557
-0.015262
-0.01536
-0.015549
-0.01563
-0.015584
-0.015484
-0.01538
-0.014652
-0.013482
-0.012325
-0.01114
-0.0099336
-0.0086464
-0.007326
-0.005629
-0.0036869
-0.0019196
-0.00047432
0.0004282
0.00070956
0.00066226
0.00056649
0.00058172
0.0006713
0.00076975
0.00080581
0.00079515
0.0007519
0.0006363
0.00012495
-0.00082477
-0.0017028
-0.0020972
-0.0020782
-0.0019019
-0.0018019
-0.0018214
-0.0019149
-0.001985
-0.0020093
-0.0019812
-0.0019599
-0.0021108
-0.0029273
-0.0040404
-0.0047378
-0.0048799
-0.0047012
-0.0045208
-0.004566
-0.0051202
-0.006146
-0.0070607
-0.0074508
-0.007396
-0.0071946
-0.0070813
-0.0071108
-0.0072116
-0.0072926
-0.0073126
-0.0072862
-0.0072436
-0.0070789
-0.00652
-0.0055912
-0.0045074
-0.0032672
-0.0019756
-0.00064487
0.00067546
0.0020039
0.0031875
0.0042074
0.0051539
0.0058054
0.0060927
0.0061206
0.006078
0.0060462
0.0057779
0.0049237
0.00393
0.0033601
0.0032752
0.0032729
0.0028023
0.0018465
0.00097713
0.00057959
0.00062304
0.0011108
0.0021299
0.0031416
0.0036256
0.0036197
0.0035714
0.0040244
0.0049845
0.0060269
0.0070416
0.0079866
0.0087595
0.0095767
0.010529
0.011286
0.011802
0.01242
0.013263
0.013988
0.014316
0.014306
0.014175
0.0141
0.014132
0.014427
0.015193
0.016165
0.016837
0.017025
0.016911
0.016757
0.016715
0.016777
0.016868
0.016918
0.0169
0.016832
0.016787
0.01678
0.016787
0.016798
0.017024
0.017533
0.018034
0.018498
0.019009
0.019405
0.019577
0.019577
0.019528
0.019506
0.01953
0.019565
0.019575
0.01954
0.019472
0.018997
0.018004
0.01686
0.015516
0.013864
0.012353
0.011299
0.010436
0.0096245
0.0090491
0.008791
0.0085561
0.0081358
0.0079254
0.0081947
0.008652
0.0089519
0.0090031
0.0089108
0.0088158
0.0087669
0.0083559
0.0074088
0.0064778
0.005614
0.0046512
0.0038908
0.0035573
0.003553
0.0036669
0.0037484
0.0037445
0.0036904
0.0036407
0.0036279
0.0036555
0.0039235
0.0046847
0.0056844
0.0061731
0.0058776
0.0052634
0.0046715
0.0041831
0.0038921
0.003299
0.0022878
0.0014131
0.0007343
-4.7118e-05
-0.00083766
-0.0013441
-0.0017828
-0.0025308
-0.0034028
-0.0039764
-0.0041741
-0.0046679
-0.0056082
-0.0061453
-0.0062279
-0.0057108
-0.0047269
-0.0039647
-0.0037034
-0.0037967
-0.0033857
-0.0023425
-0.0013626
-0.00059819
0.00022202
0.0010029
0.0014914
0.0016576
0.0016373
0.0015719
0.0012777
0.00049455
-0.0004402
-0.0010356
-0.0011969
-0.0016344
-0.0025458
-0.0033668
-0.003757
-0.0037519
-0.0036016
-0.0035023
-0.0035139
-0.0035911
-0.0036387
-0.003344
-0.002487
-0.0020301
-0.0022242
-0.0027252
-0.0032884
-0.0033063
-0.002514
-0.0014057
-0.00069717
-0.00052455
-0.00014403
0.00074161
0.0015597
0.0019826
0.0019962
0.0018652
0.0017579
0.0017561
0.0015232
0.00076954
-0.00017997
-0.0007654
-0.00089619
-0.00075076
-0.00061205
-0.00057574
-0.00065012
-0.00072771
-0.00077717
-0.0007626
-0.00073879
-0.00070647
-0.00070792
-0.00070834
-0.00072592
-0.00069663
-0.00066072
-0.00061686
-0.00063517
-0.0010192
-0.0019994
-0.0029744
-0.0034486
-0.0027308
-0.0013327
0.0003312
0.0017372
0.0026706
0.0035514
0.0042863
0.0050387
0.0060756
0.0070481
0.0075452
0.0075604
0.0067032
0.0053938
0.0042419
0.0031518
0.0023694
0.0013496
0.00019948
-0.00053018
-0.00074496
-0.00099825
-0.00145
-0.0021258
-0.0021438
-0.0013529
-0.00060001
-0.00026575
3.8308e-06
0.00073437
0.0015777
0.0020993
0.0022259
0.0025109
0.0033531
0.0043194
0.0048746
0.0049612
0.0048054
0.0046636
0.0046438
0.0047137
0.0047784
0.0049419
0.005626
0.0062109
0.0059257
0.0051686
0.0045854
0.0044587
0.0046367
0.0048522
0.0049355
0.00489
0.0047974
0.004738
0.0047343
0.0047636
0.0048016
0.0049864
0.0057914
0.0068852
0.0075608
0.0077068
0.0076184
0.0079281
0.0088385
0.0098259
0.010343
0.010395
0.010377
0.011046
0.012285
0.013857
0.015205
0.015769
0.01573
0.015477
0.015354
0.0154
0.015454
0.015051
0.014116
0.013177
0.012557
0.01174
0.010819
0.010167
0.0095408
0.0086723
0.0078718
0.0074503
0.0072319
0.0065274
0.0055057
0.0048058
0.0045083
0.0041214
0.0033183
0.0024761
0.0018104
0.00091327
-4.757e-05
-0.0005961
-0.00071226
-0.00059566
-0.00048082
-0.00044001
-0.00047468
-0.00053631
-0.00059224
-0.00045546
0.00016297
0.0011509
0.0019652
0.0022918
0.0019475
0.00089062
-0.00021862
-0.00075214
-0.0007286
-0.00047733
-0.00031333
-0.00032438
-0.00044369
-0.00055025
-0.00058
-0.0003845
0.00027722
0.0012745
0.0020643
0.0023573
0.002278
0.0021188
0.0020761
0.0021609
0.0022752
0.002343
0.0023449
0.0023231
0.0023245
0.0023527
0.0023819
0.0023913
0.0022356
0.0016346
0.00066601
-0.00015654
-0.00077773
-0.0015899
-0.0024114
-0.0028822
-0.0031376
-0.0036463
-0.004532
-0.0053281
-0.0056798
-0.0056427
-0.0054773
-0.0053782
-0.0054057
-0.0056409
-0.0062914
-0.0072377
-0.0079858
-0.0082482
-0.0081488
-0.0081067
-0.0086028
-0.0095757
-0.010442
-0.010811
-0.010761
-0.010554
-0.010424
-0.010718
-0.011696
-0.012798
-0.013384
-0.013394
-0.013138
-0.012955
-0.013165
-0.013965
-0.015012
-0.015732
-0.015932
-0.016014
-0.016527
-0.017433
-0.018606
-0.019877
-0.020736
-0.020983
-0.020847
-0.02067
-0.020649
-0.02118
-0.022286
-0.023298
-0.023727
-0.023653
-0.023413
-0.023262
-0.02327
-0.023371
-0.023449
-0.02325
-0.022513
-0.021497
-0.020762
-0.020524
-0.020411
-0.019871
-0.018955
-0.018185
-0.017863
-0.017905
-0.018066
-0.017948
-0.01721
-0.016138
-0.015346
-0.015098
-0.015221
-0.015403
-0.01525
-0.014499
-0.013442
-0.012669
-0.012212
-0.011621
-0.010605
-0.0092532
-0.0080046
-0.0072845
-0.0065829
-0.0056495
-0.0049058
-0.0045649
-0.0045286
-0.0040476
-0.0030177
-0.0020861
-0.0011247
-9.9472e-05
0.0005766
0.00080005
0.00075367
0.00067261
0.00064881
0.00039879
-0.00037382
-0.0013452
-0.0025301
-0.0037584
-0.0045385
-0.0053171
-0.0062834
-0.0070283
-0.0073515
-0.0073466
-0.0072458
-0.0071938
-0.0071972
-0.0066811
-0.0056385
-0.0047701
-0.0044122
-0.0044712
-0.0043602
-0.0036074
-0.001998
-0.00019972
0.0008841
0.0010883
0.00082293
0.00055966
0.00052335
0.00065732
0.00082078
0.00090857
0.0011801
0.0013943
0.0015209
0.00177
0.0023007
0.0030021
0.0034669
0.0036098
0.0035273
0.0034297
0.0033931
0.0034397
0.0035128
0.0038984
0.0044433
0.0044674
0.0039806
0.0035128
0.0033061
0.0033253
0.0030489
0.0021356
0.00040554
-0.0017058
-0.0039055
-0.0059185
-0.0078265
-0.0096728
-0.011298
-0.01307
-0.014618
-0.015431
-0.016255
-0.017277
-0.018317
-0.019486
-0.020407
-0.02119
-0.022147
-0.023391
-0.024803
-0.025897
-0.026357
-0.027034
-0.028006
-0.028718
-0.029008
-0.028974
-0.028857
-0.028798
-0.028805
-0.028811
-0.028486
-0.027913
-0.027497
-0.027
-0.026464
-0.026146
-0.026055
-0.025745
-0.024859
-0.023863
-0.023286
-0.022848
-0.022077
-0.021225
-0.020702
-0.020228
-0.019393
-0.018151
-0.016696
-0.015267
-0.013941
-0.013009
-0.012292
-0.011373
-0.010486
-0.0096165
-0.0085904
-0.0077161
-0.0072859
-0.0072475
-0.0073614
-0.0074371
-0.0074137
-0.0073182
-0.0068314
-0.0058341
-0.0048869
-0.0044441
-0.00446
-0.00465
-0.0047664
-0.0047518
-0.0047397
-0.0049894
-0.0051166
-0.0049231
-0.0046742
-0.0044411
-0.0039606
-0.0030652
-0.0022138
-0.0017076
-0.00122
-0.00041444
0.00038836
0.00092401
0.0014919
0.0023599
0.0033261
0.0045462
0.0057722
0.0068222
0.0078317
0.0085691
0.0088811
0.0088887
0.0088114
0.008785
0.0088303
0.008897
0.0089378
0.0089327
0.0088811
0.008819
0.0087859
0.0087916
0.0088299
0.0088537
0.0088358
0.0087272
0.0083145
0.007689
0.0069558
0.0064301
0.0065158
0.0067791
0.007172
0.0079068
0.0086227
0.0089772
0.0089878
0.008863
0.0087819
0.0087984
0.008869
0.0089293
0.0089472
0.0089299
0.0089039
0.0088889
0.0088897
0.0088984
0.0089066
0.0089088
0.0089071
0.0089031
0.008905
0.0089981
0.0095036
0.010468
0.011356
0.011765
0.011771
0.011634
0.011553
0.011581
0.011666
0.011735
0.011755
0.011735
0.011705
0.011689
0.01169
0.0117
0.011709
0.011711
0.011709
0.011705
0.011699
0.01161
0.011187
0.010531
0.0097874
0.0091755
0.0088476
0.0083623
0.0075178
0.0068347
0.0070351
0.0072522
0.0069345
0.0064937
0.0062097
0.0061702
0.0062533
0.0063456
0.0063637
0.0063084
0.0062237
0.0061766
0.006171
0.0061938
0.0062118
0.0062186
0.0062107
0.0062028
0.0061962
0.0061888
0.0060795
0.0055928
0.0046513
0.0036764
0.0027517
0.0016255
9.456e-05
-0.0013387
-0.0021998
-0.0030542
-0.0040213
-0.0050621
-0.0061696
-0.0070077
-0.0075278
-0.0083274
-0.0093146
-0.0099463
-0.010132
-0.010033
-0.0099121
-0.009873
-0.0098388
-0.0094068
-0.0084864
-0.0075924
-0.0071651
-0.0071636
-0.0073371
-0.0074482
-0.0074348
-0.0072591
-0.006705
-0.0057252
-0.0048456
-0.0044519
-0.0044861
-0.0046601
-0.0047577
-0.004703
-0.0046011
-0.0045414
-0.0046333
-0.0051397
-0.0061005
-0.0069699
-0.0073733
-0.007512
-0.0081488
-0.0091442
-0.009857
-0.010086
-0.0099948
-0.010008
-0.010757
-0.011909
-0.012677
-0.012873
-0.012698
-0.012492
-0.012335
-0.011928
-0.011081
-0.01016
-0.0091918
-0.0081968
-0.0075013
-0.0070921
-0.0065193
-0.0056506
-0.0048836
-0.0045138
-0.0043475
-0.0038779
-0.0029951
-0.0021736
-0.0017806
-0.0017719
-0.0017661
-0.0012713
-0.00029594
0.00058704
0.0009801
0.00094548
0.00076017
0.00065893
0.00071183
0.00084021
0.00093749
0.00096139
0.00093192
0.00089328
0.00089237
0.0010871
0.0017362
0.0027446
0.0035899
0.0039429
0.0039161
0.0039487
0.0045179
0.0055557
0.0064741
0.0068826
0.0068584
0.0067017
0.0066247
0.0066757
0.0069402
0.0076426
0.0086716
0.0095179
0.010005
0.010275
0.010361
0.010677
0.011454
0.012272
0.012882
0.013543
0.014382
0.015088
0.015425
0.015448
0.015367
0.015355
0.015449
0.01557
0.015642
0.01565
0.015637
0.01563
0.015636
0.015663
0.015694
0.015711
0.015712
0.015716
0.015936
0.01663
0.017571
0.01825
0.018463
0.018363
0.018211
0.018158
0.018213
0.018298
0.018352
0.018363
0.018549
0.019013
0.019693
0.020434
0.020932
0.021082
0.021025
0.021146
0.021615
0.022352
0.023132
0.023616
0.02372
0.023615
0.023506
0.023489
0.023548
0.023617
0.02365
0.023643
0.023617
0.023597
0.023593
0.0236
0.023609
0.023614
0.023588
0.023094
0.022091
0.021711
0.022364
0.023288
0.023551
0.022766
0.021557
0.020739
0.020568
0.020789
0.021042
0.02112
0.021026
0.020602
0.019703
0.018715
0.018144
0.018052
0.018182
0.017758
0.016723
0.015794
0.015383
0.015417
0.015305
0.014588
0.013574
0.012568
0.011526
0.010672
0.010243
0.010189
0.01028
0.010337
0.010289
0.0098984
0.008994
0.008002
0.0074243
0.0073377
0.0074975
0.0076417
0.0076546
0.0075725
0.0074818
0.0074424
0.0074559
0.0074751
0.0071844
0.0063436
0.0053412
0.0044364
0.003492
0.0026536
0.0021571
0.0014717
0.00045022
-0.000365
-0.00071839
-0.00071595
-0.001138
-0.0021273
-0.0030247
-0.0034399
-0.0034324
-0.0032693
-0.0031775
-0.0034739
-0.0040668
-0.004282
-0.003957
-0.003736
-0.0036934
-0.0035691
-0.0034292
-0.0033252
-0.0033017
-0.0033358
-0.0039372
-0.0050233
-0.0058945
-0.0062167
-0.006122
-0.0059232
-0.005833
-0.0058797
-0.0059839
-0.0060703
-0.0063769
-0.0071496
-0.0080622
-0.0086292
-0.0087531
-0.0086248
-0.008495
-0.0084698
-0.0085397
-0.0086176
-0.0086606
-0.0086488
-0.0086234
-0.008595
-0.0085947
-0.0086126
-0.0089306
-0.0095102
-0.010272
-0.011001
-0.011395
-0.011159
-0.010488
-0.0096862
-0.00926
-0.0091905
-0.0090884
-0.008946
-0.0087967
-0.008696
-0.0086256
-0.0086074
-0.0086063
-0.0086201
-0.0086197
-0.0086197
-0.0086098
-0.0086094
-0.0086057
-0.0086111
-0.0086097
-0.008614
-0.00861
-0.0086131
-0.0086085
-0.0086129
-0.0086101
-0.008621
-0.0083569
-0.0078344
-0.0071276
-0.00642
-0.0060173
-0.0059256
-0.0057219
-0.0049751
-0.0039904
-0.0032996
-0.0027973
-0.0020699
-0.001253
-0.00068949
-0.00020573
0.00058148
0.0014939
0.0026505
0.0039119
0.0049986
0.0060482
0.0069302
0.0076981
0.0086407
0.0098632
0.011253
0.012407
0.013239
0.014101
0.01493
0.015457
0.015623
0.015585
0.015516
0.015509
0.015554
0.015607
0.015631
0.015641
0.0159
0.016425
0.017121
0.017817
0.018196
0.018272
0.018192
0.01845
0.018687
0.01891
0.019254
0.019503
0.019605
0.019223
0.018575
0.018133
0.018036
0.018147
0.018258
0.017949
0.017337
0.016884
0.016722
0.016462
0.015973
0.014928
0.013642
0.013573
0.014193
0.014246
0.013637
0.012627
0.011334
0.010336
0.0092553
0.0081518
0.0068234
0.0054755
0.0040515
0.0027245
0.001737
0.0010534
0.0004462
-0.00051788
-0.0014583
-0.0023465
-0.003026
-0.0033401
-0.0036855
-0.0041696
-0.0045307
-0.0050209
-0.0055875
-0.0062859
-0.007304
-0.0082371
-0.0086903
-0.00873
-0.0089257
-0.0094193
-0.010195
-0.011003
-0.011422
-0.011809
-0.01223
-0.012519
-0.012618
-0.012613
-0.012594
-0.012965
-0.013594
-0.014039
-0.014163
-0.014075
-0.013976
-0.014325
-0.015318
-0.016363
-0.016899
-0.016918
-0.01671
-0.016557
-0.016555
-0.016651
-0.016746
-0.016783
-0.016743
-0.016333
-0.015694
-0.015279
-0.015174
-0.015279
-0.015386
-0.015406
-0.01503
-0.014751
-0.014897
-0.01518
-0.015389
-0.015425
-0.015374
-0.01499
-0.014754
-0.014977
-0.015303
-0.015501
-0.015142
-0.014455
-0.013956
-0.013825
-0.013935
-0.014082
-0.014135
-0.014098
-0.014044
-0.014392
-0.015345
-0.016354
-0.016875
-0.016903
-0.016708
-0.016567
-0.016563
-0.016658
-0.016745
-0.016783
-0.016742
-0.016346
-0.015374
-0.01438
-0.013884
-0.014223
-0.01465
-0.014594
-0.014286
-0.013973
-0.013501
-0.012597
-0.011677
-0.010865
-0.010245
-0.0096419
-0.0090287
-0.0086911
-0.0085861
-0.0086041
-0.0079491
-0.0068022
-0.0056129
-0.0047406
-0.0041224
-0.003648
-0.0034293
-0.0033708
-0.0033832
-0.0033762
-0.0033494
-0.0032933
-0.0029045
-0.0022903
-0.0018897
-0.0017832
-0.00186
-0.0016149
-0.0010799
-0.00065169
-0.00049021
-0.00053826
-0.00065783
-0.0010558
-0.0016081
-0.0019446
-0.0020161
-0.0019245
-0.001842
-0.0018423
-0.002261
-0.0029224
-0.0033649
-0.0034723
-0.0033656
-0.0032443
-0.0032048
-0.0032492
-0.0033115
-0.0033508
-0.003348
-0.0033119
-0.0029766
-0.0023991
-0.0019547
-0.0018002
-0.0018587
-0.0019624
-0.0020211
-0.0022729
-0.002743
-0.0031271
-0.0032861
-0.0032569
-0.0031818
-0.0031408
-0.0031615
-0.0032172
-0.0035519
-0.0041204
-0.0045636
-0.0047229
-0.0046681
-0.0045671
-0.004538
-0.0048675
-0.0054864
-0.0059777
-0.0061566
-0.006106
-0.006266
-0.0067321
-0.0071955
-0.0076973
-0.0082213
-0.0085538
-0.0086681
-0.0089403
-0.0097535
-0.010763
-0.011414
-0.011277
-0.0106
-0.010288
-0.010638
-0.011197
-0.011826
-0.012408
-0.012722
-0.012763
-0.012682
-0.01262
-0.012633
-0.012687
-0.012723
-0.012437
-0.011862
-0.011386
-0.011185
-0.010952
-0.010522
-0.0098553
-0.009106
-0.0086294
-0.0082265
-0.0077767
-0.0071685
-0.0065042
-0.0060603
-0.0056539
-0.0051873
-0.0048601
-0.0049954
-0.0055274
-0.0059907
-0.0061752
-0.0061239
-0.0062876
-0.00648
-0.0063939
-0.0061547
-0.0056652
-0.0047735
-0.0038331
-0.0032713
-0.0028771
-0.0024449
-0.0020988
-0.0016489
-0.0010991
-0.00069637
-0.00055308
-0.00058399
-0.00066056
-0.00068701
-0.00066585
-0.00061877
-0.00059523
-0.0005887
-0.00059196
-0.00029955
0.00026897
0.0010115
0.0017109
0.002093
0.0021638
0.0023726
0.0028749
0.003618
0.004388
0.0050559
0.0056305
0.0059697
0.0060749
0.006046
0.006014
0.0060208
0.0060521
0.0059008
0.0056984
0.0059614
0.0066838
0.0073575
0.0076514
0.0076128
0.0074687
0.007582
0.0078618
0.0079151
0.0077343
0.007516
0.0071924
0.0069011
0.0067568
0.0067693
0.0070385
0.0073682
0.007556
0.0075642
0.007494
0.0074445
0.0076561
0.0081665
0.0086501
0.0086668
0.0081757
0.0075992
0.0070822
0.0065783
0.006227
0.0060959
0.0060991
0.0059363
0.0056764
0.0056552
0.0056596
0.0054221
0.0050859
0.0048665
0.0048152
0.0048495
0.0048695
0.0048381
0.004563
0.0040388
0.0035665
0.0030721
0.0025359
0.0021818
0.00206
0.0020939
0.002159
0.0024732
0.0030171
0.0037144
0.0043901
0.0047836
0.0051354
0.0055788
0.0059459
0.0064146
0.0069881
0.0074018
0.0075632
0.007808
0.0082568
0.0086516
0.0088407
0.008842
0.0087748
0.0087316
0.00876
0.0088201
0.0085808
0.0080377
0.0075706
0.0073761
0.0074133
0.0075033
0.0072821
0.0067392
0.0062829
0.0063686
0.0069203
0.0071151
0.0071116
0.0072304
0.0073645
0.0074474
0.0071308
0.0065611
0.0061407
0.0056888
0.0052228
0.005275
0.0054277
0.0052922
0.0050541
0.0048657
0.0048142
0.0048246
0.0045097
0.0039182
0.0034801
0.0029664
0.0024302
0.0021146
0.0020291
0.0017197
0.00086103
-9.5871e-05
-0.00062397
-0.00071036
-0.00093319
-0.001738
-0.0023592
-0.0023705
-0.0020827
-0.001827
-0.00176
-0.0018133
-0.0015247
-0.00061451
0.00038183
0.00092235
0.00096996
0.00079157
0.00073625
0.0011429
0.0017166
0.0018285
0.0017868
0.0018959
0.0020441
0.0021342
0.0021322
0.0020996
0.002069
0.0020673
0.0020761
0.0020913
0.0020932
0.0020942
0.0020883
0.0020284
0.001642
0.0010151
0.00027425
-0.00033583
-0.00057824
-0.00047202
2.6419e-05
0.00060696
0.00090456
0.00090848
0.00077486
0.00068905
0.00077151
0.0011704
0.0014581
0.0015758
0.0015224
0.0015287
0.0016965
0.0016361
0.0016375
0.001826
0.0020237
0.0019683
0.0013744
0.00035678
-0.00063012
-0.0013937
-0.0018204
-0.0020695
-0.0024762
-0.0029625
-0.0032883
-0.0035376
-0.0039315
-0.0043667
-0.0046175
-0.0046799
-0.0047842
-0.0052028
-0.0057283
-0.0060559
-0.0061203
-0.006042
-0.005957
-0.0059398
-0.0059742
-0.0060222
-0.006044
-0.0060493
-0.0061792
-0.0066098
-0.0072488
-0.0079638
-0.0085024
-0.008845
-0.0091093
-0.0090799
-0.0088216
-0.0086351
-0.0086035
-0.0086679
-0.0085098
-0.0080371
-0.0075552
-0.0073123
-0.0070819
-0.006667
-0.0062391
-0.0059939
-0.0057502
-0.0055331
-0.0053859
-0.0051346
-0.0048472
-0.0046728
-0.0044326
-0.0041952
-0.0042588
-0.0045217
-0.0047531
-0.0050343
-0.0054708
-0.0058595
-0.0060374
-0.0058261
-0.0052874
-0.0048001
-0.0047994
-0.0051184
-0.0054506
-0.0057767
-0.006008
-0.0061111
-0.0063106
-0.0065504
-0.0065082
-0.0062701
-0.0060827
-0.006249
-0.0067758
-0.0073024
-0.007556
-0.007741
-0.0078944
-0.0080111
-0.0082713
-0.0085971
-0.0087982
-0.0088201
-0.008747
-0.0086805
-0.0086663
-0.0086918
-0.0087239
-0.0087388
-0.0087348
-0.0087229
-0.0086984
-0.0084174
-0.0078953
-0.007465
-0.0070227
-0.006545
-0.0062142
-0.0060845
-0.0058034
-0.0052721
-0.0045474
-0.0038214
-0.0034129
-0.0033332
-0.0034313
-0.0035129
-0.0035196
-0.0034589
-0.0034039
-0.0033749
-0.0033893
-0.0034073
-0.003429
-0.003425
-0.0034245
-0.0034257
-0.0037151
-0.0039889
-0.0041735
-0.0041536
-0.0038251
-0.0034864
-0.0033178
-0.0033363
-0.0034255
-0.0032233
-0.0026874
-0.002226
-0.0023124
-0.0029089
-0.0034667
-0.0037109
-0.0036621
-0.0037944
-0.004221
-0.00466
-0.0049188
-0.0052711
-0.0060261
-0.0069467
-0.0075547
-0.0079971
-0.0084472
-0.0090803
-0.010086
-0.011101
-0.011668
-0.011762
-0.011336
-0.010394
-0.0096977
-0.0099996
-0.010663
-0.010911
-0.01072
-0.010378
-0.0098618
-0.0092741
-0.0089423
-0.0088946
-0.0086887
-0.0078504
-0.0065174
-0.005309
-0.0044041
-0.0038113
-0.0032815
-0.0023904
-0.0014799
-0.00059315
9.4585e-05
0.00072922
0.0013129
0.0016277
0.0017185
0.0020379
0.0029575
0.0043297
0.0058044
0.0068285
0.0071612
0.0074098
0.0078167
0.0085128
0.0092991
0.009745
0.0098476
0.010092
0.010924
0.011876
0.012457
0.012936
0.01341
0.014017
0.014696
0.015075
0.015176
0.015108
0.015389
0.015957
0.016769
0.017528
0.017893
0.017893
0.01776
0.017687
0.01808
0.018781
0.019589
0.019937
0.019975
0.02013
0.019964
0.019889
0.020091
0.02035
0.020195
0.019927
0.01975
0.01982
0.020092
0.020067
0.020056
0.020193
0.020288
0.019993
0.019572
0.019706
0.02056
0.021598
0.022516
0.023099
0.023251
0.023164
0.023126
0.023496
0.02403
0.024125
0.024085
0.024178
0.024241
0.023955
0.023436
0.023074
0.022944
0.022983
0.02305
0.02308
0.023048
0.022914
0.022372
0.021378
0.020457
0.019955
0.019556
0.019174
0.018945
0.018775
0.018358
0.017791
0.017408
0.017297
0.017365
0.017447
0.017339
0.016859
0.016372
0.016459
0.016966
0.017382
0.017514
0.017557
0.017705
0.017698
0.017481
0.017113
0.016557
0.015903
0.015208
0.014678
0.01447
0.014487
0.014555
0.014549
0.014478
0.014401
0.014364
0.014368
0.014391
0.014398
0.014373
0.0142
0.013741
0.013202
0.012736
0.012231
0.011801
0.011438
0.010945
0.010311
0.0096082
0.0090429
0.0086458
0.0081724
0.0075551
0.0066452
0.0055848
0.0048308
0.0045797
0.0046576
0.0047887
0.004613
0.0042663
0.0043952
0.0050722
0.0055601
0.0053994
0.0048861
0.0042624
0.0036419
0.0032468
0.0031345
0.0029697
0.0025162
0.0018139
0.0010494
0.00054433
0.00038666
0.00023567
-0.00016345
-0.00061999
-0.0011213
-0.0016742
-0.0020888
-0.0022547
-0.0024482
-0.0028589
-0.0033224
-0.0038165
-0.0043718
-0.0047805
-0.0049435
-0.0049194
-0.0048583
-0.004843
-0.0051172
-0.0054584
-0.0054399
-0.0048779
-0.0040871
-0.0035697
-0.0037247
-0.0043721
-0.0049378
-0.0051573
-0.00536
-0.0057527
-0.0061294
-0.0066097
-0.0071599
-0.0075426
-0.0076871
-0.0076867
-0.0076271
-0.007602
-0.0076347
-0.0076777
-0.0074122
-0.0068391
-0.0060889
-0.0053728
-0.0049719
-0.0048738
-0.0049449
-0.0050062
-0.0049916
-0.0046524
-0.0040917
-0.003923
-0.0042991
-0.0047816
-0.0050584
-0.0050747
-0.0053019
-0.0057829
-0.0065274
-0.0072878
-0.0076767
-0.0076953
-0.0071968
-0.0064918
-0.0060624
-0.0056676
-0.0052509
-0.0049927
-0.0049105
-0.0049263
-0.0049541
-0.0049478
-0.0048972
-0.0048445
-0.0051796
-0.0057862
-0.0062199
-0.0063648
-0.0066267
-0.0070831
-0.0074251
-0.0075663
-0.0075402
-0.0074804
-0.0074464
-0.007464
-0.0074704
-0.0074804
-0.0074953
-0.0075084
-0.0075024
-0.0074705
-0.0074309
-0.0074361
-0.0074658
-0.0074806
-0.0075689
-0.0080507
-0.0088984
-0.0093769
-0.0092417
-0.0088964
-0.0086534
-0.0086379
-0.0087422
-0.0087974
-0.0085325
-0.0083578
-0.0085195
-0.0087848
-0.0089607
-0.0089892
-0.0089335
-0.0088796
-0.0089519
-0.0093914
-0.0099919
-0.010355
-0.010398
-0.010255
-0.010009
-0.0097039
-0.009556
-0.0094027
-0.0091901
-0.0090387
-0.0088256
-0.0083705
-0.0077224
-0.0068549
-0.0058638
-0.0051518
-0.0047696
-0.0044353
-0.0040944
-0.00374
-0.0033677
-0.0033175
-0.0037089
-0.0042796
-0.0044761
-0.0040966
-0.0033437
-0.002676
-0.0024156
-0.0024828
-0.0026619
-0.0027819
-0.0027873
-0.0025776
-0.0020828
-0.0015653
-0.001309
-0.0013049
-0.0014129
-0.0014849
-0.0014716
-0.0011989
-0.00086662
-0.00088267
-0.0013848
-0.0021749
-0.0030036
-0.0037213
-0.0041277
-0.0042068
-0.0039227
-0.0033858
-0.0029386
-0.0027711
-0.0026004
-0.0021965
-0.0017483
-0.0014845
-0.0014304
-0.0014893
-0.0015577
-0.0017829
-0.0022323
-0.0026465
-0.0026317
-0.0021332
-0.0015581
-0.001256
-0.0012557
-0.001391
-0.0014923
-0.0014992
-0.0014522
-0.0016074
-0.0020459
-0.0024791
-0.0026841
-0.0026768
-0.0026001
-0.0028047
-0.0033225
-0.0037958
-0.0040099
-0.0039859
-0.0038961
-0.004087
-0.0045818
-0.0050327
-0.0055286
-0.0060762
-0.0067136
-0.0073492
-0.0077341
-0.0078543
-0.0081001
-0.0085687
-0.0086967
-0.0083589
-0.0079205
-0.0076825
-0.0076755
-0.0077833
-0.0078496
-0.0075477
-0.0066585
-0.0056225
-0.0047365
-0.0043881
-0.0046524
-0.0050741
-0.0053238
-0.005315
-0.005162
-0.0050312
-0.0049961
-0.0050277
-0.0048103
-0.0045728
-0.0043302
-0.0040082
-0.0038396
-0.0037905
-0.0038202
-0.0038492
-0.0041435
-0.0046466
-0.005047
-0.0052045
-0.0055526
-0.0064181
-0.0073685
-0.0078885
-0.0079384
-0.0074077
-0.0066943
-0.0063087
-0.0062769
-0.0064075
-0.0065136
-0.0065176
-0.0064536
-0.0063824
-0.0063532
-0.0063334
-0.0063191
-0.0063045
-0.0062833
-0.0059253
-0.0056403
-0.005446
-0.0051178
-0.004886
-0.0047888
-0.0051596
-0.0054269
-0.0052558
-0.0049343
-0.0046954
-0.0042642
-0.0033798
-0.0024721
-0.0019849
-0.0015716
-0.0010954
-0.00041709
0.00031153
0.0006955
0.00077739
0.0010131
0.0014952
0.0022236
0.0029658
0.0033059
0.0033255
0.0032
0.0034922
0.0040774
0.0045262
0.0046621
0.004594
0.0044697
0.0044246
0.0044397
0.0044777
0.0045077
0.0048826
0.0054444
0.00581
0.0058735
0.0061417
0.0066306
0.0073146
0.0076523
0.0077635
0.0079886
0.0081505
0.0082284
0.0082208
0.0081787
0.0081478
0.0081444
0.008134
0.0081273
0.0081207
0.0081359
0.0084615
0.0086837
0.0084721
0.0081512
0.0079307
0.0079099
0.0079772
0.0080586
0.0080732
0.0080551
0.0080127
0.0079994
0.007994
0.0080138
0.0080195
0.0080369
0.0076985
0.0071173
0.0067029
0.0066153
0.0067357
0.0068765
0.0069181
0.006865
0.0064515
0.0058324
0.0050998
0.0044302
0.0037755
0.0031848
0.0028471
0.0024041
0.0019071
0.0012245
0.00019825
-0.00074246
-0.0011851
-0.0012018
-0.0011216
-0.0014186
-0.0020578
-0.0028995
-0.0036123
-0.0039057
-0.0038693
-0.0037305
-0.0037411
-0.0041546
-0.0047416
-0.0051176
-0.0052182
-0.0052135
-0.0055044
-0.0060058
-0.0064669
-0.0070982
-0.0080397
-0.0088744
-0.0092426
-0.0092345
-0.0091096
-0.0090453
-0.0090817
-0.0091616
-0.0092257
-0.0093277
-0.0097261
-0.010276
-0.010707
-0.011205
-0.011692
-0.011879
-0.011547
-0.011047
-0.011009
-0.011185
-0.011425
-0.011453
-0.011225
-0.01126
-0.011341
-0.011485
-0.011519
-0.011619
-0.011908
-0.01215
-0.012279
-0.012266
-0.012207
-0.012304
-0.012751
-0.013303
-0.013651
-0.013869
-0.014247
-0.014695
-0.015115
-0.015467
-0.015325
-0.014573
-0.013637
-0.012802
-0.012302
-0.012195
-0.012156
-0.011812
-0.011295
-0.010932
-0.010811
-0.01085
-0.010923
-0.010936
-0.010744
-0.010254
-0.0097069
-0.0092619
-0.0087884
-0.0082233
-0.0073995
-0.0063728
-0.0055781
-0.0051244
-0.0047247
-0.0043355
-0.0040637
-0.0037851
-0.0033129
-0.002808
-0.0025032
-0.0024255
-0.002471
-0.0023917
-0.002139
-0.0018723
-0.0015546
-0.0014671
-0.0017957
-0.0020108
-0.0015479
-0.00056976
0.00046062
0.0012826
0.001904
0.0024392
0.0028144
0.0031901
0.0036915
0.0041537
0.004408
0.0044466
0.0043603
0.0042805
0.0042604
0.0042939
0.0043438
0.0045939
0.0050883
0.0055355
0.0055157
0.0047892
0.0039314
0.0036688
0.0039434
0.0043286
0.0045161
0.0046802
0.005028
0.0054059
0.0056065
0.0056127
0.0055307
0.0054725
0.0054519
0.0054516
0.0054683
0.0054692
0.0051719
0.0046025
0.0041394
0.0039598
0.0040036
0.0043907
0.0049959
0.0054416
0.0058465
0.0062864
0.0066001
0.006709
0.0064204
0.0061212
0.0062091
0.0062212
0.0062138
0.0063915
0.0066065
0.0064557
0.0062116
0.0062796
0.0065426
0.0067951
0.0071623
0.0076787
0.0080514
0.0081925
0.0081504
0.0080837
0.0080519
0.0080859
0.0081458
0.0082201
0.0082473
0.0082526
0.0082281
0.0082083
0.0079082
0.007353
0.0065778
0.0058776
0.0055527
0.0055428
0.0053833
0.0049179
0.0041707
0.0033777
0.0029159
0.0025488
0.0018309
0.00067254
-0.0004602
-0.0010516
-0.0011227
-0.00096078
-0.0011881
-0.0015
-0.0017219
-0.0019719
-0.0021353
-0.0021922
-0.0021732
-0.002143
-0.0021164
-0.0017741
-0.0014589
-0.0013064
-0.0010612
-0.00085479
-0.00074126
-0.0010078
-0.0015671
-0.0020468
-0.0024928
-0.002976
-0.0035602
-0.0041962
-0.0046098
-0.0050671
-0.0058645
-0.0067756
-0.0073192
-0.0074126
-0.0069259
-0.0062337
-0.005821
-0.0057713
-0.0056263
-0.0054939
-0.0056454
-0.0061641
-0.0068485
-0.0072985
-0.0076854
-0.0081106
-0.0084289
-0.0085647
-0.0085858
-0.0088314
-0.0093448
-0.0097821
-0.009955
-0.0095795
-0.008918
-0.0084757
-0.0083841
-0.0085111
-0.0086481
-0.0086901
-0.0086425
-0.0085727
-0.0085321
-0.0085336
-0.0085591
-0.0086057
-0.0086345
-0.0086176
-0.0086068
-0.0086369
-0.0089471
-0.0094914
-0.0099054
-0.0097682
-0.0089127
-0.0078837
-0.0075345
-0.0079887
-0.0086554
-0.0093203
-0.0098464
-0.010052
-0.010003
-0.0098925
-0.0098498
-0.0098904
-0.0099597
-0.010005
-0.010009
-0.01001
-0.010013
-0.0097291
-0.0089125
-0.0079369
-0.0073144
-0.006908
-0.0065102
-0.0059352
-0.0052338
-0.0047542
-0.004584
-0.0046079
-0.0041114
-0.0030584
-0.002145
-0.0017582
-0.0018158
-0.0020143
-0.002127
-0.0020993
-0.0020024
-0.0019247
-0.0018911
-0.0016212
-0.00083005
0.00013712
0.00078621
0.0014892
0.0024508
0.0032404
0.0038824
0.0044057
0.0047226
0.0048309
0.0050873
0.0053165
0.0055065
0.0057993
0.0060473
0.0061828
0.006484
0.0070089
0.0074365
0.0076341
0.0078877
0.0083317
0.0087056
0.0088889
0.0088844
0.0088287
0.0087831
0.0087986
0.0088404
0.0091406
0.0094009
0.0095755
0.0098225
0.010035
0.010159
0.010472
0.011012
0.011449
0.011646
0.011909
0.01265
0.013588
0.014225
0.014415
0.014611
0.015032
0.015446
0.015677
0.01571
0.015654
0.015602
0.015584
0.01533
0.014816
0.014388
0.014244
0.014576
0.015204
0.015675
0.015816
0.01572
0.015575
0.015243
0.014741
0.014083
0.0134
0.012996
0.012916
0.013015
0.012817
0.012293
0.011801
0.011546
0.011265
0.010838
0.010471
0.010006
0.0094627
0.0091003
0.0089889
0.0090379
0.0091045
0.009124
0.0090918
0.0090566
0.0087705
0.0082414
0.0078138
0.0076501
0.0076796
0.0074956
0.0070167
0.0065585
0.0060652
0.0055505
0.0052165
0.0051175
0.0051563
0.0051971
0.0049226
0.0043451
0.0038639
0.0036752
0.0034436
0.0030095
0.0023576
0.0016256
0.0011623
0.00076065
0.00034464
3.0797e-05
-0.00010938
-0.0003983
-0.0008849
-0.0012779
-0.0014323
-0.0014193
-0.0016172
-0.0020888
-0.0022428
-0.0019028
-0.0014388
-0.0014591
-0.001958
-0.0022014
-0.0019257
-0.0017458
-0.0019804
-0.0026374
-0.0034186
-0.003901
-0.0039969
-0.0038766
-0.0037524
-0.0037283
-0.003763
-0.0037971
-0.0037985
-0.0037671
-0.00344
-0.0028497
-0.0021109
-0.0014202
-0.0010338
-0.00066171
0.00011431
0.0010612
0.0017013
0.0018999
0.0020733
0.0021827
0.0020651
0.001876
0.0017475
0.0014738
0.0012597
0.0011184
0.00083611
0.00059918
0.00075184
0.0013077
0.00179
0.0020027
0.001944
0.001831
0.0017514
0.0017591
0.0014337
0.00087785
0.00048385
0.00073614
0.001408
0.0019257
0.0020855
0.0022643
0.0026552
0.0030635
0.0035713
0.0041439
0.0045197
0.0049139
0.0054148
0.006081
0.0064979
0.0063903
0.0057685
0.0049741
0.0045155
0.0047316
0.0050823
0.0050851
0.0048841
0.0046454
0.0042595
0.0037389
0.0033499
0.0029057
0.0024042
0.0020516
0.0019447
0.0022677
0.0029031
0.0036602
0.0043449
0.0046713
0.0046923
0.004306
0.0037133
0.0030039
0.0023707
0.0020419
0.0022772
0.0029095
0.0036899
0.0043704
0.0047135
0.0047449
0.0046295
0.0045692
0.0046004
0.0046846
0.0047477
0.004759
0.0047577
0.0047634
0.005046
0.0052576
0.0054032
0.0054399
0.0051746
0.0051601
0.0052584
0.0054598
0.0058072
0.0061046
0.0062356
0.0064816
0.0066739
0.0068219
0.0070986
0.0073489
0.0074859
0.007494
0.0074591
0.0074277
0.0074595
0.007484
0.0071967
0.0062811
0.0052343
0.0044044
0.0038429
0.0035846
0.0032554
0.0027514
0.0023197
0.0021156
0.0021077
0.0021755
0.0022376
0.002518
0.0027684
0.0026439
0.0023319
0.0017485
0.001127
0.00079386
0.0007533
0.00054812
6.1899e-05
-0.00039169
-0.00061029
-0.00057436
-0.00010325
0.00055572
0.00095238
0.001015
0.00087322
0.00047324
0.00018578
0.00035398
0.00069571
0.00093924
0.00069665
0.00034552
5.7955e-05
-0.0002577
-0.0004709
-0.00053384
-0.00023267
0.00032294
0.00075266
0.00089195
0.00082237
0.0007129
0.00065405
0.00040517
-6.2707e-05
-0.00044528
-0.00060537
-0.00057616
-0.00050195
-0.00047475
-0.00077622
-0.0013396
-0.0017953
-0.0019614
-0.0019124
-0.0015396
-0.00095502
-0.00053606
-0.00041279
-0.00049413
-0.00059849
-0.00063486
-0.00060985
-0.00086851
-0.0016755
-0.0026565
-0.0032705
-0.0033909
-0.0029675
-0.0022957
-0.0018414
-0.0017356
-0.0015654
-0.0011411
-0.0007254
-0.00049654
-0.0004701
-0.00052947
-0.00056864
-0.00028891
0.00028604
0.00079581
0.0012821
0.0017699
0.0020799
0.0021662
0.0018579
0.0012942
0.00086906
0.00073913
0.00083333
0.0012238
0.0017926
0.0021766
0.0022831
0.002212
0.0024051
0.0026522
0.0028888
0.0032267
0.0034938
0.0036102
0.003581
0.0032319
0.0026569
0.0025327
0.0032307
0.0042787
0.0049588
0.0050759
0.004847
0.0043536
0.0037707
0.003416
0.0030819
0.0026634
0.0023288
0.0021754
0.0021642
0.0022013
0.002222
0.0022086
0.0021683
0.0018674
0.0013414
0.00092635
0.00075981
0.00050561
3.6474e-05
-0.00037558
-0.0006036
-0.0011863
-0.002224
-0.0033181
-0.0039117
-0.0037467
-0.0033274
-0.0030387
-0.0033137
-0.0039806
-0.0048506
-0.0056059
-0.0059882
-0.0060089
-0.006171
-0.0066044
-0.007043
-0.0070062
-0.0067928
-0.0068236
-0.0072935
-0.0077437
-0.0080126
-0.0082726
-0.00872
-0.0093338
-0.010063
-0.010782
-0.011192
-0.011287
-0.011206
-0.011134
-0.011131
-0.011186
-0.011239
-0.011263
-0.011253
-0.011232
-0.011216
-0.011215
-0.01122
-0.011228
-0.01123
-0.011229
-0.011243
-0.011553
-0.012128
-0.012573
-0.012742
-0.012698
-0.012861
-0.013005
-0.013233
-0.01363
-0.013904
-0.014002
-0.013954
-0.013895
-0.013864
-0.013889
-0.013918
-0.013946
-0.01396
-0.014299
-0.014871
-0.015629
-0.016347
-0.016686
-0.016703
-0.016582
-0.01651
-0.016524
-0.016596
-0.01665
-0.016669
-0.016649
-0.016627
-0.01661
-0.016614
-0.016619
-0.01663
-0.016628
-0.01663
-0.016623
-0.016608
-0.016237
-0.015303
-0.014299
-0.013768
-0.013382
-0.012988
-0.012363
-0.011632
-0.010877
-0.01056
-0.010483
-0.0098953
-0.0090852
-0.0085162
-0.0083494
-0.0080944
-0.0076642
-0.0072979
-0.006808
-0.0062458
-0.005885
-0.0050897
-0.0039828
-0.0032271
-0.0026286
-0.0017978
-0.00097606
-0.00052438
-0.00042039
-0.00012537
0.00075251
0.0017375
0.0022979
0.0023719
0.0022274
0.0024507
0.0030475
0.0035542
0.0041037
0.0046186
0.0048931
0.0050135
0.0054307
0.0063327
0.0072543
0.0078019
0.0082288
0.0086764
0.0092228
0.0095305
0.0097322
0.010013
0.010215
0.010308
0.010312
0.010461
0.011255
0.012372
0.01307
0.013229
0.013049
0.012875
0.012906
0.013384
0.014103
0.014913
0.015543
0.01578
0.015734
0.015618
0.015571
0.015615
0.015687
0.015737
0.015739
0.015723
0.01578
0.016163
0.016698
0.017039
0.017112
0.017029
0.016939
0.016918
0.016954
0.017006
0.017027
0.016942
0.016532
0.015987
0.015652
0.01559
0.01568
0.015771
0.015785
0.015656
0.015179
0.014499
0.013757
0.013171
0.012945
0.012882
0.012564
0.012023
0.01155
0.011018
0.010539
0.010295
0.01027
0.010332
0.010377
0.010363
0.010322
0.010285
0.010277
0.010286
0.010303
0.01031
0.010312
0.010304
0.010302
0.010298
0.010303
0.010295
0.010125
0.0093133
0.0082016
0.0073483
0.0064223
0.0054446
0.0045451
0.0038735
0.0036155
0.0036877
0.0040809
0.0043243
0.0044838
0.0047119
0.0048666
0.0049108
0.0048111
0.0043988
0.0038656
0.0035515
0.0034999
0.0035929
0.0036718
0.0035951
0.0031283
0.0024177
0.001561
0.00053558
-0.00034054
-0.0011483
-0.0022352
-0.0038248
-0.0053845
-0.0065819
-0.0075554
-0.0082803
-0.0090258
-0.010002
-0.010936
-0.011772
-0.012459
-0.013083
-0.013611
-0.013957
-0.014508
-0.015421
-0.016196
-0.016133
-0.015198
-0.014146
-0.013621
-0.013549
-0.013306
-0.01261
-0.012153
-0.012296
-0.012959
-0.013701
-0.014067
-0.014065
-0.013893
-0.013782
-0.013867
-0.01437
-0.015095
-0.015874
-0.016555
-0.017269
-0.018195
-0.019142
-0.020294
-0.021463
-0.022401
-0.023015
-0.023275
-0.023496
-0.023172
-0.022262
-0.020884
-0.019444
-0.018048
-0.01678
-0.015514
-0.014311
-0.013288
-0.012234
-0.011366
-0.010617
-0.010075
-0.0098327
-0.0098982
-0.010331
-0.010894
-0.011363
-0.012202
-0.013189
-0.013794
-0.014019
-0.014396
-0.01521
-0.01607
-0.016555
-0.016693
-0.016942
-0.017376
-0.017706
-0.017763
-0.017324
-0.016695
-0.016299
-0.016152
-0.01578
-0.014967
-0.014128
-0.013489
-0.012607
-0.011495
-0.010326
-0.0092367
-0.0085551
-0.0083445
-0.0082667
-0.0079259
-0.007565
-0.0076508
-0.0080542
-0.0083984
-0.00852
-0.008465
-0.0083672
-0.0083179
-0.0083331
-0.0083765
-0.0084165
-0.0085797
-0.0091627
-0.010112
-0.010904
-0.011063
-0.010395
-0.0092636
-0.0083821
-0.007931
-0.0074322
-0.0066589
-0.0059236
-0.0052402
-0.0042862
-0.003351
-0.0028468
-0.0026289
-0.0023235
-0.0019281
-0.0016491
-0.0015417
-0.0015598
-0.0015866
-0.0014272
-0.00093967
-0.00039136
7.1855e-05
0.00071386
0.0015824
0.0023004
0.0026253
0.0026218
0.0025375
0.002807
0.0037561
0.004858
0.0054773
0.0055462
0.0053503
0.0053365
0.0057842
0.0064168
0.0069736
0.0075201
0.0079439
0.0081219
0.008133
0.0081032
0.0079709
0.00771
0.0076923
0.0079502
0.00821
0.0083232
0.0082967
0.0082216
0.0081765
0.0081748
0.0079233
0.0069265
0.0053421
0.0039555
0.0033843
0.0034464
0.0037354
0.0037504
0.0032771
0.0024841
0.0016451
0.00091474
0.00031391
-0.00024741
-0.00070902
-0.00092137
-0.00080313
-0.00029828
0.00025877
0.00070652
0.0013318
0.0022047
0.0029425
0.0035801
0.0044948
0.0054231
0.0059422
0.0062009
0.0067112
0.0076144
0.0084481
0.0090045
0.0096057
0.010425
0.011133
0.011479
0.011646
0.011985
0.012301
0.012198
0.011815
0.011498
0.011233
0.010677
0.0098
0.0090526
0.0087194
0.008586
0.0081263
0.0072374
0.006403
0.0060061
0.0058761
0.0056019
0.0051864
0.0047355
0.0041726
0.0036701
0.0032896
0.0027097
0.0018412
0.000916
-6.2567e-05
-0.001015
-0.001779
-0.0022774
-0.0022849
-0.0019574
-0.0016702
-0.0012912
-0.00047543
0.00046417
0.0012956
0.0022875
0.0031966
0.0040135
0.0049829
0.0058286
0.0062332
0.0060642
0.0054782
0.0049565
0.0045631
0.0041602
0.0038306
0.0036726
0.0036455
0.0036703
0.0036904
0.0038793
0.0041176
0.0040796
0.0038363
0.0036307
0.0037579
0.0040596
0.0041045
0.0038995
0.0036552
0.0033172
0.0026147
0.0017036
0.0010359
0.00080356
0.00067501
0.00054525
0.00061144
0.000803
0.00094768
0.00098398
0.00095029
0.00090873
0.00089687
0.00091119
0.00093408
0.00095721
0.0011719
0.0016554
0.0023389
0.0030717
0.0035486
0.0034637
0.0028811
0.0022865
0.0018172
0.0013942
0.001095
0.00097472
0.00096871
0.00099075
0.00097684
0.00070832
-6.851e-05
-0.0010532
-0.0012974
-0.00048061
0.00060161
0.0012315
0.001486
0.0019426
0.0027087
0.0035913
0.0041905
0.0044027
0.0045464
0.0049266
0.0055493
0.006091
0.0063332
0.0063194
0.006216
0.0061532
0.0061662
0.006219
0.0062525
0.0060389
0.0053317
0.0043733
0.0036869
0.003476
0.003582
0.00376
0.0042429
0.005146
0.005975
0.0063796
0.0068101
0.0076524
0.0085237
0.0092303
0.0099999
0.010629
0.010533
0.010025
0.010007
0.010664
0.011427
0.011828
0.011609
0.010938
0.010327
0.0098797
0.009452
0.0091352
0.0089885
0.0089631
0.008762
0.0084709
0.0082653
0.0082341
0.0084687
0.0085733
0.0082706
0.0078081
0.007286
0.0067328
0.0063435
0.0062128
0.0062473
0.0063127
0.0063282
0.006312
0.0062874
0.0062774
0.0062807
0.0060205
0.0052385
0.0043003
0.00371
0.0035727
0.0034132
0.0027519
0.0018115
0.0011406
0.00095936
0.0013731
0.0023633
0.0034109
0.0039776
0.0040459
0.0038901
0.0037583
0.0034537
0.0027068
0.001818
0.0012589
0.0011474
0.0013008
0.0014532
0.0014886
0.0014192
0.001338
0.0012952
0.0013281
0.0013767
0.0014192
0.0014418
0.0014391
0.0011524
0.0006265
0.00020038
2.9927e-05
-0.0002032
-0.00060743
-0.00096482
-0.0011346
-0.0011211
-0.0010448
-0.00099582
-0.0010019
-0.0010374
-0.001087
-0.0011137
-0.0010955
-0.0010636
-0.0010243
-0.00071212
0.00018566
0.0012033
0.0017699
0.0018334
0.0016563
0.0014864
0.001088
0.00021329
-0.00069573
-0.0015318
-0.0021934
-0.0028026
-0.0033767
-0.003681
-0.0037452
-0.0033277
-0.0026646
-0.0019073
-0.0012634
-0.00099912
-0.0010097
-0.0011219
-0.0011625
-0.0011082
-0.0010072
-0.0012632
-0.0014649
-0.0013129
-0.0010592
-0.00088755
-0.00081658
-0.00046443
0.00045131
0.0014373
0.0019548
0.0016307
0.00082945
-5.3525e-05
-0.00039459
-3.8167e-05
0.00043229
0.00071273
0.0010427
0.001505
0.0017862
0.0018907
0.0018424
0.00181
0.0018068
0.002197
0.0028057
0.003574
0.0039239
0.0040144
0.0042095
0.0043736
0.0041326
0.0035611
0.0031487
0.0030602
0.0035359
0.0042428
0.0046842
0.0047488
0.0046043
0.0044645
0.0044329
0.0044903
0.0045646
0.0046036
0.0045977
0.0045717
0.0045488
0.0045447
0.0045467
0.0044681
0.0040511
0.0034824
0.0032131
0.0035577
0.0042223
0.0046697
0.004767
0.0046318
0.0044899
0.0044352
0.0043908
0.0039549
0.0030379
0.0021467
0.0017239
0.0017202
0.0018992
0.0020924
0.0024188
0.002571
0.0027016
0.0029657
0.0031819
0.0033759
0.0037955
0.0043398
0.0046721
0.0047551
0.0046807
0.0045502
0.0042407
0.0041489
0.0043269
0.0042028
0.0037003
0.0029376
0.0022493
0.0019502
0.0019657
0.0020205
0.0017094
0.0012423
0.0012296
0.0016379
0.0020362
0.0022108
0.0021685
0.0020601
0.0019881
0.0019959
0.0020445
0.0021189
0.002169
0.0021878
0.0021681
0.0020726
0.001668
0.001061
0.00034511
-0.00024562
-0.00049763
-0.00058683
-0.00092326
-0.0015224
-0.002283
-0.0029408
-0.0032248
-0.0033062
-0.0036841
-0.0044779
-0.0048233
-0.004303
-0.0034874
-0.0031299
-0.0035264
-0.0042299
-0.0045372
-0.0041461
-0.0034521
-0.0029922
-0.0028984
-0.0028887
-0.0024492
-0.0015388
-0.00068403
-0.00027773
-0.00013804
0.00012045
0.00036646
0.0003658
0.00041258
0.00046799
0.00022718
-0.00017538
-0.00045278
-0.00052481
-0.00046416
-0.00039163
-0.00036688
-0.00039978
-0.00059403
-0.001213
-0.0021758
-0.0029709
-0.0032835
-0.0032247
-0.0030588
-0.0029807
-0.0030191
-0.00311
-0.003174
-0.0031859
-0.0031587
-0.0031289
-0.0031137
-0.0031184
-0.0031289
-0.0031384
-0.0031389
-0.0031368
-0.0031243
-0.0029557
-0.002337
-0.0013781
-0.00073694
-0.00086634
-0.0014328
-0.0020339
-0.00261
-0.003325
-0.0034328
-0.0033693
-0.0032969
-0.0031715
-0.0027921
-0.002199
-0.0015062
-0.00097508
-0.000778
-0.00081913
-0.0009224
-0.00096876
-0.0009445
-0.00089479
-0.00086555
-0.00087153
-0.00089924
-0.00092778
-0.00094445
-0.00096124
-0.001176
-0.0016711
-0.0023664
-0.0031117
-0.0036054
-0.0037577
-0.0037172
-0.0040789
-0.0050568
-0.0060629
-0.0065776
-0.0066026
-0.0064094
-0.0062709
-0.0062804
-0.0065788
-0.0069412
-0.0071715
-0.0074004
-0.0078026
-0.0081727
-0.0081653
-0.0077098
-0.0072031
-0.0069332
-0.0067429
-0.0065905
-0.0064973
-0.0064631
-0.0064512
-0.0064473
-0.0064351
-0.0064269
-0.0064169
-0.0064164
-0.0064355
-0.0068493
-0.0075898
-0.0082284
-0.0086704
-0.0088855
-0.0089319
-0.0091803
-0.0099324
-0.010886
-0.011542
-0.011713
-0.011608
-0.011489
-0.01172
-0.012008
-0.011954
-0.011684
-0.011427
-0.01132
-0.011328
-0.011363
-0.011106
-0.010584
-0.010398
-0.010709
-0.011134
-0.01137
-0.011357
-0.011226
-0.011108
-0.011067
-0.01108
-0.011104
-0.011099
-0.011069
-0.011022
-0.010983
-0.010965
-0.011234
-0.011754
-0.012148
-0.011992
-0.011382
-0.011089
-0.011093
-0.011024
-0.010872
-0.010711
-0.01061
-0.010559
-0.010542
-0.010519
-0.01049
-0.010445
-0.010404
-0.01036
-0.010311
-0.0099618
-0.0097183
-0.0098538
-0.010081
-0.010218
-0.010193
-0.010092
-0.0099852
-0.009931
-0.0099074
-0.0098813
-0.0095287
-0.0089539
-0.0085223
-0.0080269
-0.0074885
-0.0071589
-0.0070495
-0.0070651
-0.0070759
-0.0070427
-0.0069491
-0.006556
-0.0059885
-0.0059265
-0.0063121
-0.0063854
-0.0056874
-0.0047273
-0.0041075
-0.0039601
-0.0037515
-0.003335
-0.0029647
-0.0027698
-0.0027287
-0.0027536
-0.0027589
-0.0027145
-0.0023414
-0.0017771
-0.0013906
-0.0012447
-0.0006526
0.00034249
0.0010534
0.0013053
0.0012109
0.0010033
0.00067612
0.00061992
0.00089457
0.0011276
0.00093466
0.00052668
0.00051136
0.00088187
0.0012634
0.001448
0.0014364
0.0013544
0.0013022
0.0013176
0.0013697
0.001423
0.0014498
0.0014582
0.0014619
0.0014952
0.0015432
0.0015869
0.0016081
0.0016213
0.0016225
0.0015589
0.0012038
0.00065931
0.00015901
0.00032923
0.0010987
0.0017467
0.0019824
0.0020018
0.0025049
0.0033518
0.0039768
0.0041845
0.0041041
0.0039644
0.003909
0.0039478
0.0040226
0.004071
0.0040781
0.0040559
0.0040373
0.0041008
0.0045023
0.0052781
0.0059964
0.0063171
0.0062892
0.0061323
0.0060336
0.0060413
0.0061785
0.0065713
0.0070486
0.0073694
0.0077043
0.0080238
0.0081966
0.0082208
0.0081894
0.0081444
0.0081198
0.0081927
0.0086
0.0093592
0.010057
0.01041
0.010614
0.010544
0.010249
0.010021
0.0099606
0.010066
0.010436
0.010934
0.01147
0.011883
0.011944
0.011566
0.011023
0.010708
0.010657
0.010682
0.010449
0.010032
0.0097025
0.0095762
0.0095993
0.0096595
0.009673
0.009627
0.0095706
0.0096372
0.0099529
0.010426
0.010837
0.010873
0.010593
0.010306
0.010052
0.0097062
0.0093621
0.0091701
0.0091213
0.0091306
0.0091059
0.0089254
0.0084048
0.0077374
0.0074267
0.0074277
0.0073265
0.0070628
0.006704
0.0063363
0.0061317
0.0059701
0.0057766
0.0056218
0.005418
0.005052
0.0046693
0.0044573
0.0044074
0.0044331
0.0044406
0.0044053
0.0043383
0.0042749
0.0042222
0.0040847
0.0036492
0.0029625
0.0023816
0.0021334
0.0021456
0.0022375
0.0022716
0.0022262
0.0021426
0.0020758
0.002036
0.0020263
0.0022191
0.0027959
0.0034333
0.0037599
0.0037551
0.0035961
0.0034628
0.0034215
0.0034426
0.0034641
0.0034505
0.0033964
0.0032322
0.0028734
0.0024004
0.0019106
0.0015558
0.0014295
0.0014567
0.0015149
0.0015189
0.0014702
0.0014032
0.0013557
0.0013226
0.0011234
0.00055613
-8.4581e-05
-0.00035218
-4.0046e-05
0.00064559
0.0012107
0.0013938
0.0012834
0.0011028
0.0010055
0.0010139
0.0010661
0.0010979
0.0010834
0.0010431
0.001088
0.0013315
0.0017064
0.0021108
0.0023893
0.0024556
0.0023859
0.0022889
0.0022334
0.0022191
0.0022174
0.0021995
0.0021607
0.0021052
0.0019673
0.0015979
0.0010468
0.00059435
0.000404
0.00041308
0.00047705
0.00049423
0.00044913
0.0003778
0.00032038
0.00029129
0.00028154
0.00027391
0.00025763
0.00023212
0.00020273
0.00017511
0.0001507
0.00013307
0.00018943
0.00039306
0.0006228
0.00073804
0.0007986
0.00094431
0.0011263
0.001227
0.0012182
0.0010062
0.0005865
0.00027564
0.00015292
-5.4394e-07
-0.00037058
-0.00097558
-0.0015106
-0.0017547
-0.0018276
-0.0020321
-0.0024423
-0.002832
-0.0030203
-0.0030236
-0.0030152
-0.003089
-0.0031118
-0.0030388
-0.0029482
-0.0029037
-0.0030032
-0.0033375
-0.0037709
-0.0040593
-0.0041246
-0.0040425
-0.0039307
-0.0038667
-0.0038642
-0.0038834
-0.0038792
-0.0038429
-0.0037924
-0.0037462
-0.0037125
-0.0036937
-0.0036787
-0.003651
-0.0036191
-0.0035873
-0.0035629
-0.0036307
-0.0038719
-0.0040294
-0.003865
-0.0035407
-0.0032968
-0.0032158
-0.0032402
-0.0032806
-0.0033475
-0.0035407
-0.0037748
-0.0038251
-0.0037579
-0.0037679
-0.0038506
-0.0039687
-0.0041776
-0.0044596
-0.0046598
-0.0046949
-0.0046105
-0.0044972
-0.0044124
-0.0043636
-0.0043272
-0.0042818
-0.0042192
-0.0041467
-0.0040734
-0.0040064
-0.0039475
-0.0038949
-0.0038386
-0.003781
-0.0037225
-0.0036621
-0.0035963
-0.0035242
-0.0034465
-0.0032913
-0.0029758
-0.0026386
-0.0024812
-0.0025888
-0.0028534
-0.0030517
-0.0030768
-0.0029784
-0.0028596
-0.0027809
-0.0027435
-0.002719
-0.0026823
-0.0026265
-0.0025595
-0.0024927
-0.0024325
-0.0023784
-0.0023249
-0.0022341
-0.0020413
-0.0017742
-0.0015542
-0.0014468
-0.0014231
-0.0014212
-0.0013995
-0.0013522
-0.001295
-0.001244
-0.001205
-0.0011738
-0.0011417
-0.0010994
-0.0010001
-0.00080054
-0.00061669
-0.00059923
-0.00073153
-0.00085174
-0.00085473
-0.00080647
-0.0007693
-0.00074886
-0.00073605
-0.00071894
-0.0006931
-0.00066027
-0.00062546
-0.00059229
-0.00056192
-0.00053224
-0.00048142
-0.000369
-0.00020823
-7.6119e-05
-3.5234e-05
-8.9205e-05
-0.00018228
-0.0002657
-0.00030323
-0.00028744
-0.00024659
-0.00020777
-0.00018305
-0.00016747
-0.00015244
-0.00013186
-0.00010648
-7.8089e-05
-4.9156e-05
-2.2155e-05
-2.6496e-07
1.886e-05
6.5785e-05
0.00017166
0.00028735
0.00035591
0.00037386
0.00036789
0.00036482
0.00037484
0.00039365
0.00041266
0.00042633
0.00043573
0.00045344
0.00048276
0.00049527
0.00048883
0.00050245
0.00056656
0.00064412
0.0006695
0.00061811
0.00054178
0.00049983
0.00050155
0.0005264
0.00054914
0.00055985
0.00056904
0.00060078
0.0006546
0.00070141
0.00072228
0.00072976
0.00075188
0.00079303
0.00082864
0.00084199
0.00083692
0.00083797
0.0008667
0.00090363
0.00092129
0.00091618
0.00089956
0.00089652
0.00091893
0.0009449
0.00094643
0.00091926
0.00088349
0.00086258
0.00086412
0.00087379
0.00087493
0.00086427
0.00084695
0.00082997
0.0008164
0.00080589
0.00079612
0.00078594
0.00078
0.00077985
0.00077369
0.00076048
0.00075361
0.00075554
0.00075654
0.00075049
0.00073819
0.00072351
0.00070949
0.00069723
0.00068606
0.00067505
0.00066361
0.00065186
0.00064013
0.00062873
0.00061767
0.00060987
0.00060865
0.00061025
0.00060758
0.00059842
0.00058538
0.00057205
0.0005603
0.00055009
0.0005404
0.00053047
0.00052012
0.00050968
0.00049946
0.00048966
0.00048022
0.00047101
0.00046194
0.00045299
0.00044419
0.00043556
0.00042714
0.00041889
0.00041083
0.00040293
0.00039521
0.00038653
0.00037659
0.00036713
0.00036039
0.00035527
0.00035011
0.00034359
0.0003344
0.00032444
0.00031613
0.00030998
0.00030319
0.00029507
0.00028759
0.00028179
0.0002774
0.00027351
0.0002695
0.00026522
0.00026084
0.00025655
0.00025244
0.00024848
0.00024459
0.00024071
0.00023684
0.00023298
0.0002287
0.00022373
0.00021876
0.00021453
0.00021109
0.00020801
0.00020458
0.00020041
0.0001961
0.00019239
0.00018938
0.0001867
0.00018402
0.00018118
0.00017823
0.00017527
0.00017238
0.00016954
0.00016674
0.00016393
0.0001611
0.0001581
0.00015517
0.00015217
0.0001492
0.00014649
0.00014399
0.00014156
0.00013907
0.00013659
0.00013391
0.00013103
0.00012806
0.00012527
0.00012262
0.00011986
0.00011708
0.0001143
0.00011152
0.00010878
0.00010614
0.00010354
0.00010095
9.8343e-05
9.568e-05
9.2997e-05
9.0315e-05
8.7652e-05
8.5004e-05
8.2368e-05
7.9737e-05
7.7112e-05
7.4492e-05
7.1855e-05
6.9217e-05
6.6636e-05
6.4097e-05
6.156e-05
5.8999e-05
5.642e-05
5.385e-05
5.1308e-05
4.8788e-05
4.6282e-05
4.378e-05
4.1282e-05
3.8789e-05
3.6307e-05
3.3835e-05
3.1371e-05
2.8913e-05
2.646e-05
2.4011e-05
2.1571e-05
1.9139e-05
1.6715e-05
1.4298e-05
1.1891e-05
9.4931e-06
7.1052e-06
4.7254e-06
2.3524e-06
-1.3068e-08
-2.3703e-06
-4.7192e-06
-7.0595e-06
-9.3912e-06
-1.1715e-05
-1.4029e-05
-1.6336e-05
-1.8634e-05
-2.0923e-05
-2.3204e-05
-2.5475e-05
-2.7739e-05
-2.9993e-05
-3.2238e-05
-3.4475e-05
-3.6703e-05
-3.8922e-05
-4.1131e-05
-4.3332e-05
-4.5524e-05
-4.7706e-05
-4.9879e-05
-5.2043e-05
-5.4198e-05
-5.6344e-05
-5.848e-05
-6.0606e-05
-6.2723e-05
-6.4831e-05
-6.6929e-05
-6.9018e-05
