-0.0014925
-0.001477
-0.0013522
-0.00099843
-0.00087001
-0.0012813
-0.0018211
-0.0015838
-0.0006887
-0.00094541
-0.0025055
-0.0030966
-0.0015249
0.0005517
-0.00043774
-0.0050314
-0.0084515
-0.0088515
-0.0074753
-0.0026803
0.0011429
-0.0043045
-0.011191
-0.0034026
0.004051
0.00035095
-0.0035636
-0.0009543
0.00061006
0.0033559
0.0091785
0.0019838
-0.010117
-0.0099698
-0.0095643
-0.01895
-0.018442
0.0051143
0.025479
-0.0074471
-0.051119
-0.05033
-0.039445
-0.045184
-0.037427
-0.025394
-0.024067
-0.020782
-0.0033148
0.027287
0.051449
0.057471
0.04172
-0.0034864
-0.031647
0.015552
0.077009
0.069404
0.036233
0.033067
0.04161
0.053001
0.083259
0.088129
0.0032763
-0.097795
-0.10583
-0.056276
-0.047986
-0.084477
-0.095134
-0.054067
0.0046122
0.044681
0.070863
0.092895
0.1027
0.094182
0.065268
0.029012
-0.024405
-0.087053
-0.10804
-0.085208
-0.079259
-0.10542
-0.11694
-0.083445
-0.07562
-0.10293
-0.064775
-0.011358
-0.0063862
0.02991
0.096692
0.094647
0.040312
0.021275
0.056095
0.10076
0.12349
0.073827
-0.056855
-0.14997
-0.059998
0.056005
0.025706
-0.022318
-0.04925
-0.12364
-0.16964
-0.093579
0.01382
0.05155
0.055005
0.07707
0.16746
0.26433
0.027547
-0.30921
-0.17474
0.10883
0.1819
0.076203
-0.023763
-0.014628
0.015495
0.0054232
0.052074
0.14254
0.11486
0.012498
0.0006854
0.019359
-0.058453
-0.15557
-0.16308
-0.14336
-0.17187
-0.20255
-0.17964
-0.12201
-0.055225
0.025503
0.053875
-0.017588
-0.061263
0.022686
0.10856
0.11848
0.08833
0.06226
0.057402
0.070682
0.067902
0.033645
-0.0063848
-0.025145
-0.024834
-0.012978
-0.0035863
-0.050187
-0.13418
-0.135
-0.05893
-0.0056025
0.0068888
0.032285
0.072154
0.10087
0.11781
0.11759
0.07415
-0.018024
-0.098214
-0.12181
-0.10228
-0.046662
0.03721
0.10254
0.12489
0.14167
0.17078
0.17435
0.13591
0.07143
-0.019136
-0.10252
-0.11385
-0.056688
0.01368
0.073931
0.11222
0.088569
0.014389
-0.014103
0.02989
0.084808
0.12898
0.17962
0.23421
0.2694
0.27731
0.26478
0.23404
0.19197
0.12899
0.027241
-0.083732
-0.15514
-0.16424
-0.13556
-0.12633
-0.17855
-0.26541
-0.317
-0.32343
-0.32822
-0.33156
-0.31914
-0.30265
-0.29974
-0.30524
-0.30104
-0.28456
-0.26462
-0.23852
-0.20681
-0.18814
-0.18441
-0.18494
-0.18348
-0.18019
-0.17394
-0.16361
-0.1459
-0.11743
-0.086858
-0.03723
0.042304
0.12609
0.20343
0.27939
0.35323
0.3921
0.38852
0.37911
0.37326
0.36821
0.36415
0.36353
0.36671
0.35453
0.30518
0.23381
0.17403
0.12016
0.064758
0.026115
0.011071
0.0090945
0.022486
0.061606
0.12327
0.18106
0.2295
0.28504
0.33264
0.34775
0.34516
0.33891
0.32645
0.2994
0.25809
0.20935
0.18627
0.22759
0.29184
0.34643
0.39471
0.41146
0.3935
0.34755
0.28336
0.21322
0.14635
0.097595
0.038085
-0.066805
-0.1844
-0.2906
-0.35891
-0.35163
-0.29094
-0.24542
-0.29085
-0.39764
-0.42695
-0.37928
-0.32387
-0.26742
-0.19482
-0.11918
-0.048016
0.021667
0.091042
0.1583
0.20042
0.18787
0.14786
0.13606
0.16863
0.21458
0.22314
0.18921
0.13661
0.073324
-0.044085
-0.1917
-0.31645
-0.36119
-0.31163
-0.23354
-0.17641
-0.15058
-0.14319
-0.14686
-0.1954
-0.33043
-0.42246
-0.4269
-0.41661
-0.40336
-0.36132
-0.30589
-0.26457
-0.22844
-0.18558
-0.16129
-0.16021
-0.16234
-0.14425
-0.054813
0.04974
0.076812
0.076785
0.096186
0.10834
0.062854
-0.056874
-0.16398
-0.18755
-0.14295
-0.090697
-0.07496
-0.07346
-0.056243
0.0037537
0.077148
0.10348
0.095127
0.054734
-0.029713
-0.07581
-0.051085
-0.013169
-0.01146
-0.0256
-0.021452
-0.0096759
-0.030122
-0.12124
-0.18633
-0.17471
-0.15025
-0.15927
-0.18863
-0.20205
-0.19305
-0.18622
-0.20398
-0.25095
-0.2817
-0.29232
-0.31829
-0.34746
-0.34819
-0.31137
-0.25345
-0.19264
-0.11111
-0.0089274
0.096038
0.24304
0.36331
0.34108
0.21575
0.1335
0.1358
0.19196
0.25501
0.27029
0.23898
0.17214
0.11157
0.079105
0.053463
0.026063
0.0020958
-0.064651
-0.19292
-0.27999
-0.29301
-0.30098
-0.3413
-0.371
-0.34552
-0.26288
-0.12965
0.049978
0.23982
0.39645
0.47235
0.46728
0.38753
0.31694
0.3135
0.36317
0.38635
0.35929
0.31965
0.29741
0.2788
0.24914
0.20632
0.18505
0.23574
0.32092
0.2752
0.11707
-0.034656
-0.15748
-0.22021
-0.22213
-0.20969
-0.18436
-0.14706
-0.13642
-0.16814
-0.20134
-0.17518
-0.12265
-0.098146
-0.066892
0.026324
0.16197
0.27925
0.34669
0.35494
0.30099
0.21615
0.12034
-0.013978
-0.16182
-0.21255
-0.1584
-0.039442
0.074708
0.15343
0.18415
0.12321
0.021252
-0.022294
-0.015335
-0.036815
-0.069883
-0.045136
0.010682
0.04943
0.059521
0.047419
0.013333
-0.026598
-0.016754
0.058791
0.14101
0.15814
0.11808
0.055793
-0.0034105
-0.055858
-0.10126
-0.12657
-0.13024
-0.096043
-0.01843
0.046184
0.068504
0.069961
0.071268
0.051735
-0.05532
-0.18348
-0.25693
-0.28032
-0.22667
-0.13717
-0.055528
-0.013226
0.002694
0.061424
0.15081
0.24047
0.32412
0.3355
0.2689
0.20031
0.17548
0.18104
0.18985
0.19592
0.19604
0.19211
0.19092
0.18963
0.18155
0.16715
0.15697
0.156
0.1511
0.1315
0.11311
0.11743
0.13219
0.12262
0.077864
0.0060972
-0.056121
-0.09317
-0.098709
-0.061367
0.0046145
0.062194
0.10268
0.12844
0.13928
0.11271
0.0054086
-0.12867
-0.15584
-0.050875
0.036831
0.046917
0.037417
0.037387
0.039234
0.041236
0.047327
0.045432
0.016722
-0.014556
-0.028521
-0.031424
-0.035139
-0.043754
-0.057358
-0.065556
-0.056683
-0.00089317
0.12224
0.20074
0.13546
-0.0066124
-0.076519
-0.055101
0.0081715
0.057919
0.070705
0.051106
0.0045463
-0.056911
-0.11783
-0.16913
-0.202
-0.22712
-0.26549
-0.31167
-0.35245
-0.39151
-0.4251
-0.44363
-0.44547
-0.42103
-0.37558
-0.32476
-0.29261
-0.28473
-0.28124
-0.2726
-0.26519
-0.26384
-0.26436
-0.26204
-0.25551
-0.24183
-0.22116
-0.19517
-0.16698
-0.15096
-0.14387
-0.13479
-0.1235
-0.11152
-0.086524
-0.049912
-0.027545
-0.026425
-0.040246
-0.061144
-0.087142
-0.10906
-0.12865
-0.16354
-0.19451
-0.14138
-0.0021808
0.11834
0.14714
0.13136
0.11397
0.068859
-0.011627
-0.070694
-0.081221
-0.076011
-0.074241
-0.072885
-0.071352
-0.073197
-0.076775
-0.066304
-0.022491
0.020901
0.027324
0.015852
0.014327
0.040751
0.083741
0.12518
0.14572
0.14669
0.13991
0.12952
0.12233
0.13558
0.15835
0.16739
0.1617
0.11619
0.017467
-0.056944
-0.06235
-0.039114
-0.027097
-0.032472
-0.031731
0.0098306
0.056873
0.070158
0.065217
0.055752
0.043046
0.027488
0.018206
0.030729
0.071949
0.10573
0.11414
0.12051
0.14383
0.20073
0.2612
0.26401
0.21021
0.12664
0.076671
0.073022
0.089975
0.053197
-0.066375
-0.1796
-0.19024
-0.098107
0.021172
0.097264
0.10708
0.093467
0.080311
0.078773
0.10495
0.16451
0.24344
0.29662
0.28807
0.20552
0.10991
0.043873
-0.011969
-0.081106
-0.18365
-0.26587
-0.26369
-0.19865
-0.13726
-0.11856
-0.11559
-0.10113
-0.069542
-0.015058
0.091175
0.22972
0.32408
0.33158
0.3076
0.29249
0.2833
0.25591
0.20973
0.1579
0.078739
-0.020256
-0.12732
-0.18177
-0.17382
-0.1531
-0.13625
-0.12677
-0.11504
-0.065416
0.02193
0.11146
0.16298
0.16725
0.14088
0.064239
-0.066387
-0.11866
-0.080929
-0.04037
-0.026162
-0.020308
-0.010649
0.00084741
0.0082149
0.011758
0.01083
0.0039424
-0.0058911
-0.011034
-0.0033061
0.01658
0.04975
0.082418
0.11174
0.13907
0.1519
0.12441
0.0021686
-0.16804
-0.24339
-0.1956
-0.059606
0.094293
0.20127
0.2204
0.16819
0.11035
0.086058
0.079402
0.060803
-0.00045374
-0.056166
-0.068762
-0.060777
-0.044597
-0.027289
-0.014457
-0.0096223
-0.0093254
0.0062405
0.067602
0.11098
0.1083
0.095214
0.08845
0.082199
0.070212
0.052352
0.025012
-0.026783
-0.0725
-0.086597
-0.08709
-0.08904
-0.097552
-0.12296
-0.16697
-0.19342
-0.19397
-0.18075
-0.15203
-0.076984
0.040008
0.093312
0.075881
0.027454
-0.031082
-0.070675
-0.087226
-0.08943
-0.090223
-0.10128
-0.11556
-0.11607
-0.081201
0.0055715
0.082209
0.092243
0.076858
0.066711
0.054013
0.031561
-0.0053004
-0.053219
-0.096731
-0.14083
-0.17619
-0.18443
-0.17541
-0.15487
-0.12522
-0.090655
-0.024308
0.079112
0.1681
0.20148
0.19138
0.1708
0.15169
0.13782
0.13044
0.12345
0.11111
0.087436
0.037218
-0.026272
-0.053377
-0.037517
-0.0017255
0.018852
0.016931
0.0062197
-0.0055943
-0.015907
-0.024436
-0.033001
-0.038608
-0.041941
-0.049553
-0.064818
-0.098839
-0.16691
-0.22428
-0.23422
-0.21511
-0.18474
-0.15961
-0.14143
-0.122
-0.093396
-0.035576
0.047946
0.12204
0.17845
0.20139
0.19779
0.19219
0.19279
0.19522
0.19689
0.19996
0.20211
0.19957
0.19022
0.17383
0.1532
0.1299
0.10417
0.065073
-0.005396
-0.051432
-0.045255
-0.023146
-0.007063
0.0039091
0.025579
0.054784
0.068411
0.067766
0.061737
0.041097
0.00085321
-0.050981
-0.097974
-0.11743
-0.11069
-0.10093
-0.09685
-0.094901
-0.087444
-0.065172
-0.0077078
0.094435
0.17779
0.18935
0.14391
0.065282
0.018145
0.015528
0.025906
0.030807
0.02855
0.016213
-0.0086903
-0.048834
-0.095314
-0.14797
-0.21395
-0.24651
-0.23464
-0.21569
-0.20105
-0.17898
-0.12331
-0.035591
0.022015
0.03123
0.015144
-0.018156
-0.046723
-0.055753
-0.050387
-0.038
-0.016181
0.011834
0.035029
0.056491
0.076546
0.089193
0.093498
0.084519
0.054805
0.012883
-0.027265
-0.052393
-0.062124
-0.064396
-0.056521
-0.035662
-0.0069476
0.011963
0.017591
0.019721
0.019708
0.017948
0.019921
0.034376
0.062314
0.094161
0.11448
0.11938
0.11836
0.11804
0.11844
0.11835
0.11665
0.10765
0.086663
0.053363
0.020658
0.0010325
-0.016847
-0.053948
-0.093093
-0.10618
-0.10341
-0.095098
-0.074031
-0.028084
0.020241
0.037889
0.036148
0.033314
0.032672
0.032189
0.028058
0.013683
-0.0068869
-0.023726
-0.029537
-0.030923
-0.03839
-0.05832
-0.082496
-0.097087
-0.099656
-0.096089
-0.090543
-0.078875
-0.054924
-0.009647
0.050593
0.08824
0.091806
0.078599
0.056891
0.030946
0.0042971
-0.018206
-0.033608
-0.044965
-0.052211
-0.051091
-0.032778
0.0074799
0.045706
0.067358
0.076943
0.080042
0.079457
0.072212
0.057131
0.036978
0.019089
0.0094289
0.0023554
-0.0068412
-0.015942
-0.023123
-0.030029
-0.038863
-0.048458
-0.05937
-0.072068
-0.079634
-0.078396
-0.066703
-0.045991
-0.016886
0.00074894
-0.0050921
-0.021982
-0.036064
-0.038727
-0.035019
-0.022238
-0.00021896
0.014447
0.01263
0.0036951
-0.00014355
0.0008876
-0.0012963
-0.0068644
-0.008783
-0.0059544
-0.0042427
-0.0073973
-0.015822
-0.032493
-0.055282
-0.070651
-0.063224
-0.030146
0.0048716
0.01922
0.015599
0.0067497
-0.0020415
-0.0073181
-0.0018096
0.017599
0.039102
0.049454
0.052864
0.053468
0.051156
0.051167
0.060701
0.079887
0.10369
0.12202
0.12987
0.13288
0.1367
0.13838
0.13701
0.13464
0.13115
0.1254
0.11716
0.10094
0.070529
0.035055
0.0078201
-0.0081146
-0.017219
-0.027265
-0.04184
-0.058594
-0.073857
-0.084506
-0.088194
-0.083734
-0.06985
-0.052739
-0.039339
-0.03105
-0.026282
-0.023112
-0.019837
-0.017547
-0.017402
-0.018623
-0.020351
-0.019732
-0.0094051
0.018881
0.048961
0.062524
0.065268
0.062234
0.048787
0.019991
-0.014439
-0.042752
-0.069156
-0.092939
-0.11596
-0.14324
-0.16085
-0.16297
-0.15603
-0.14305
-0.12183
-0.081646
-0.037853
-0.019269
-0.017247
-0.015345
-0.0093707
0.0074324
0.047057
0.084203
0.094413
0.088981
0.078826
0.065039
0.042933
0.012985
-0.021515
-0.057559
-0.082516
-0.093105
-0.098925
-0.10022
-0.08696
-0.043823
0.0096625
0.028318
0.021757
0.010593
-0.00061268
-0.010634
-0.016292
-0.013825
-0.0069335
-0.00070281
0.0016688
8.4977e-05
0.0015754
0.013853
0.030671
0.039146
0.028905
-0.0047011
-0.05176
-0.09288
-0.11137
-0.11339
-0.11321
-0.11473
-0.11685
-0.11882
-0.11704
-0.10604
-0.072991
-0.0085715
0.056883
0.088362
0.093122
0.089307
0.083663
0.08002
0.081936
0.085913
0.08649
0.081209
0.069905
0.044091
0.0093023
-0.0097031
-0.013332
-0.01241
-0.013101
-0.014805
-0.012166
-0.0042957
0.0035061
0.0071486
0.0037235
-0.0060097
-0.01638
-0.024852
-0.025284
-0.017119
-0.006076
0.003476
0.010469
0.016127
0.019422
0.019486
0.016608
0.01233
0.0086227
0.0063158
0.0055609
0.0037056
-0.0049817
-0.020367
-0.035173
-0.042677
-0.040808
-0.031738
-0.021476
-0.011814
-0.0043564
-0.0018451
-0.0050227
-0.011624
-0.01516
-0.013253
-0.010518
-0.011146
-0.01244
-0.010762
-0.0085779
-0.010574
-0.018897
-0.030622
-0.04004
-0.044582
-0.042252
-0.03632
-0.029679
-0.019447
-0.0078181
0.0015935
0.010735
0.016049
0.015341
0.017107
0.02704
0.037194
0.042558
0.041762
0.035144
0.026046
0.019024
0.016689
0.016374
0.014942
0.013756
0.015555
0.020763
0.02643
0.029584
0.026813
0.018834
0.013082
0.017709
0.032687
0.049703
0.064274
0.075628
0.085447
0.095073
0.10212
0.10441
0.10294
0.098658
0.093338
0.087877
0.082996
0.078244
0.072849
0.064348
0.046462
0.014918
-0.011805
-0.022495
-0.024444
-0.025548
-0.028378
-0.034687
-0.047833
-0.067957
-0.085511
-0.092848
-0.09495
-0.097344
-0.098757
-0.097701
-0.093773
-0.086447
-0.067653
-0.026388
0.016685
0.037182
0.044664
0.049993
0.051285
0.047084
0.037887
0.023433
-0.0046629
-0.050132
-0.088796
-0.10076
-0.085024
-0.046769
-0.0082155
0.015309
0.026456
0.029277
0.025649
0.019152
0.013041
0.0089269
0.0067473
0.0052735
0.0031725
-0.0008787
-0.0061979
-0.009942
-0.011175
-0.011005
-0.011719
-0.015113
-0.020906
-0.02644
-0.033611
-0.042634
-0.05143
-0.059397
-0.068606
-0.077178
-0.084197
-0.090848
-0.093245
-0.089176
-0.077998
-0.060387
-0.041871
-0.026393
-0.017754
-0.017671
-0.02314
-0.030815
-0.038144
-0.042915
-0.044283
-0.042822
-0.039342
-0.035761
-0.03158
-0.025465
-0.012128
0.012566
0.035359
0.051182
0.071069
0.092266
0.104
0.10481
0.09622
0.075295
0.034661
-0.012854
-0.037714
-0.038857
-0.028914
-0.019376
-0.013398
-0.013197
-0.017192
-0.020101
-0.015906
-0.0019567
0.016036
0.029898
0.032024
0.025317
0.011695
-0.011956
-0.041551
-0.062705
-0.070331
-0.073105
-0.075006
-0.071313
-0.057168
-0.033086
-0.00050301
0.036535
0.060009
0.066875
0.065143
0.057536
0.04759
0.037333
0.028759
0.02247
0.01451
0.0021253
-0.016392
-0.039088
-0.05436
-0.060202
-0.060744
-0.055979
-0.046094
-0.030093
-0.011602
-0.00011762
0.0033337
0.0011021
-0.0041474
-0.0089827
-0.0092052
-0.0028936
0.01056
0.038136
0.063831
0.072363
0.072954
0.072586
0.070434
0.064645
0.056025
0.048564
0.043917
0.033592
0.0047985
-0.028934
-0.04305
-0.039817
-0.030947
-0.012188
0.020061
0.045506
0.053701
0.050851
0.042881
0.033019
0.024758
0.023645
0.029131
0.036165
0.041621
0.047019
0.053957
0.056572
0.043449
0.010841
-0.014905
-0.019897
-0.01794
-0.018578
-0.020851
-0.02171
-0.02075
-0.021466
-0.02793
-0.037395
-0.043696
-0.041536
-0.024191
0.0025879
0.022495
0.03406
0.042599
0.047283
0.045229
0.036077
0.024053
0.017526
0.020945
0.029354
0.035982
0.034451
0.023214
0.0031115
-0.021689
-0.041552
-0.049155
-0.042775
-0.028125
-0.013177
-0.00080375
0.0085266
0.012959
0.01404
0.013253
0.010137
0.0076607
0.010978
0.018391
0.0215
0.014447
-0.0020642
-0.014306
-0.033109
-0.049186
-0.04868
-0.044362
-0.045035
-0.043487
-0.0356
-0.027145
-0.022787
-0.019632
-0.012231
-0.00035417
0.011385
0.023446
0.031088
0.032747
0.033714
0.036205
0.037568
0.037822
0.041012
0.046365
0.044515
0.031688
0.001685
-0.031392
-0.045375
-0.044476
-0.038172
-0.028122
-0.011221
0.0064536
0.016361
0.019641
0.020138
0.019737
0.018671
0.017076
0.015353
0.012618
0.0082601
0.0033055
-0.0011303
-0.0049952
-0.0076332
-0.0087787
-0.0073422
-0.0034181
-0.00082453
-0.0018409
-0.0040117
-0.0044333
0.00067622
0.0095308
0.015992
0.019204
0.017587
0.012906
0.01226
0.016128
0.020715
0.023585
0.024345
0.020847
0.014121
0.0066304
-0.0017953
-0.0096233
-0.013728
-0.011589
-0.0053594
0.0043941
0.014958
0.027251
0.034009
0.031127
0.024341
0.013011
-0.0033335
-0.015969
-0.030104
-0.046263
-0.050835
-0.046802
-0.04089
-0.030736
-0.013128
0.0035189
0.023445
0.045948
0.052078
0.047267
0.038126
0.028374
0.022806
0.021656
0.020572
0.020996
0.025568
0.03061
0.033909
0.033788
0.029713
0.023845
0.02084
0.023645
0.024964
0.01692
0.0037515
-0.008384
-0.015058
-0.010406
-8.3982e-05
0.0078672
0.016014
0.022396
0.025345
0.031621
0.04011
0.051125
0.064076
0.079208
0.080294
0.065652
0.044387
0.025675
0.014674
0.0058491
-0.0036163
-0.013106
-0.022446
-0.031658
-0.038048
-0.041735
-0.043849
-0.045142
-0.045702
-0.044443
-0.037856
-0.023278
-0.0044448
0.008889
0.013267
0.012847
0.012238
0.013635
0.015058
0.013145
0.0063836
-0.0019241
-0.010163
-0.015501
-0.016998
-0.018139
-0.022341
-0.028615
-0.033031
-0.033598
-0.028824
-0.020842
-0.01248
-0.0059687
-0.0041472
-0.0076263
-0.012778
-0.014894
-0.012025
-0.0063
-0.0013326
0.0032127
0.0077042
0.010056
0.009949
0.010696
0.013211
0.016461
0.021414
0.026726
0.029721
0.029142
0.022948
0.012974
-0.0027529
-0.024218
-0.040539
-0.048149
-0.049576
-0.047249
-0.043074
-0.03599
-0.028344
-0.021983
-0.014548
-0.0072594
-0.0034823
-0.0037667
-0.0059407
-0.0074171
-0.0077935
-0.0074558
-0.0070759
-0.0076656
-0.0096306
-0.011343
-0.0098253
-0.0047687
7.5805e-05
0.0022883
0.0017765
0.0002735
0.0013401
0.0051877
0.0085138
0.0080705
0.0046867
0.00027401
-0.003668
-0.0064824
-0.0081052
-0.0094017
-0.011195
-0.014431
-0.017829
-0.021224
-0.022495
-0.020015
-0.015036
-0.011402
-0.0093849
-0.0077995
-0.006882
-0.0069638
-0.0043887
0.0011171
0.0058241
0.0088003
0.0099002
0.0087272
0.0066315
0.0050194
0.0041673
0.003862
0.0044035
0.0056389
0.0091873
0.015127
0.02052
0.024705
0.029262
0.03266
0.033645
0.031034
0.026644
0.018496
0.0011921
-0.02438
-0.044188
-0.052723
-0.051413
-0.044574
-0.034506
-0.020777
-0.0050669
0.012595
0.028686
0.038159
0.043131
0.045404
0.043254
0.037333
0.031018
0.024687
0.017418
0.0092564
8.7777e-06
-0.010875
-0.026617
-0.044198
-0.054769
-0.057563
-0.056849
-0.056187
-0.055175
-0.052123
-0.047793
-0.043876
-0.039404
-0.03245
-0.023824
-0.014135
-0.0011584
0.01211
0.021741
0.02939
0.033639
0.03411
0.031628
0.026608
0.019824
0.012243
0.0059289
0.0013488
-0.0028829
-0.007697
-0.01154
-0.01424
-0.01597
-0.016806
-0.016701
-0.015772
-0.013853
-0.010591
-0.0064249
-0.0015004
0.0024309
0.0033022
0.0018077
-0.00030875
-0.001358
-0.0020143
-0.0023736
-0.00066403
0.0041861
0.010178
0.014887
0.018038
0.020561
0.021568
0.020063
0.01686
0.013678
0.010676
0.0075249
0.0047147
0.00234
-0.00060868
-0.0027776
-0.0025647
-0.0015448
-0.00092879
0.00056255
0.0055066
0.013111
0.02127
0.029067
0.034933
0.037518
0.037883
0.035332
0.029034
0.021509
0.014696
0.0087531
0.00389
-0.0016258
-0.0077078
-0.012853
-0.016439
-0.018099
-0.017743
-0.016011
-0.014631
-0.014763
-0.016365
-0.017741
-0.017648
-0.016643
-0.014908
-0.010763
-0.0028472
0.0051871
0.0083128
0.0068604
0.0040487
0.0013828
-0.0011951
-0.0045869
-0.010744
-0.017103
-0.019072
-0.018018
-0.016234
-0.01412
-0.011705
-0.0090933
-0.0067786
-0.0048222
-0.0030564
-0.0012243
0.00027087
0.0010731
0.00077729
-0.00032782
-0.001267
-0.0020115
-0.003072
-0.0044119
-0.0055869
-0.0061366
-0.0060986
-0.0057116
-0.0051551
-0.0046143
-0.0041432
-0.0036748
-0.0032593
-0.002892
-0.0025671
-0.0023211
-0.0021715
-0.0021108
-0.0020496
-0.0019168
-0.0016705
-0.0012723
-0.00081634
-0.00036672
5.0342e-05
0.00043944
0.00081222
0.0011529
0.0014406
0.0016912
0.0019405
0.002198
0.0024466
0.002674
0.0028828
0.0030741
0.003254
0.0034296
0.0036022
0.0037706
0.0039357
0.0040968
0.0042524
0.0043998
0.0045378
0.004667
0.0047888
0.0049045
0.0050144
0.0051184
0.0052162
0.0053077
0.0053927
0.0054712
0.005543
0.0056082
